210 1721 486 269
210 1722 475 266
210 1723 456 264
210 1724 441 263
210 1725 417 261
210 1726 393 259
210 1727 376 257
210 1728 354 256
210 1729 340 255
210 1730 318 253
210 1731 312 255
350 3114 431 262
350 3115 417 261
350 3116 406 260
350 3117 387 260
350 3118 378 258
350 3119 364 257
350 3120 351 256
350 3121 341 255
350 3122 328 255
350 3123 316 254
350 3124 303 252
350 3125 296 251
521 3877 247 305
521 3878 248 306
521 3879 251 305
521 3880 253 306
521 3881 254 306
521 3882 257 307
521 3883 258 304
521 3884 260 306
521 3885 262 307
521 3886 264 308
521 3887 265 307
521 3888 267 308
521 3889 270 308
521 3890 271 309
521 3891 274 308
521 3892 275 308
521 3893 278 311
521 3894 279 311
521 3895 280 310
521 3896 282 310
521 3897 285 312
521 3898 286 312
521 3899 287 312
521 3900 291 311
521 3901 293 313
521 3902 294 314
521 3903 297 313
521 3904 299 312
521 3905 303 314
521 3906 303 315
521 3907 306 315
521 3908 307 316
521 3909 311 316
521 3910 312 317
521 3911 314 318
521 3912 315 316
521 3913 317 317
521 3914 320 319
521 3915 323 319
521 3916 324 317
521 3917 327 319
521 3918 330 321
521 3919 330 321
521 3920 332 319
521 3921 336 320
521 3922 338 322
521 3923 340 321
521 3924 341 320
521 3925 344 322
521 3926 347 324
521 3927 348 325
521 3928 350 321
521 3929 352 325
521 3930 355 324
521 3931 355 326
521 3932 357 323
521 3933 361 326
521 3934 363 327
521 3935 365 326
521 3936 365 332
521 3937 370 326
521 3938 371 328
521 3939 374 327
521 3940 375 329
521 3941 379 329
521 3942 381 329
521 3943 382 329
521 3944 385 329
521 3945 389 330
521 3946 390 331
521 3947 390 330
521 3948 394 330
521 3949 399 331
521 3950 399 333
521 3951 400 332
521 3952 402 333
521 3953 405 333
521 3954 408 335
521 3955 409 335
521 3956 413 335
521 3957 415 341
521 3958 419 335
521 3959 421 337
521 3960 421 334
521 3961 424 337
521 3962 428 337
521 3963 430 338
521 3964 431 338
521 3965 434 339
521 3966 436 339
521 3967 440 340
521 3968 441 339
1440 8377 370 379
1440 8378 371 378
1440 8379 366 377
1440 8380 367 377
1440 8381 365 373
1440 8382 362 374
1440 8383 359 372
1440 8384 356 371
1440 8385 357 370
1440 8386 355 369
1440 8387 351 368
1440 8388 348 368
1440 8389 348 365
1440 8390 345 365
1440 8391 345 364
1440 8392 343 362
1440 8393 342 360
1440 8394 339 361
1440 8395 337 359
1440 8396 334 359
1440 8397 334 357
1440 8398 329 357
1440 8399 328 356
1440 8400 328 356
1440 8401 325 354
1440 8402 324 353
1440 8403 320 353
1440 8404 318 352
1440 8405 314 351
1440 8406 316 351
1621 10140 461 262
1621 10141 450 262
1621 10142 434 261
1621 10143 420 259
1621 10144 408 259
1621 10145 394 258
1621 10146 377 256
1621 10147 364 255
1621 10148 353 254
1621 10149 342 253
1621 10150 325 252
1621 10151 315 251
1621 10152 302 250
1621 10153 288 249
1621 10154 279 248
1621 10155 265 248
1621 10156 253 246
1621 10157 241 246
1621 10158 246 246
1754 10411 434 262
1754 10412 417 260
1754 10413 400 259
1754 10414 383 259
1754 10415 372 257
1754 10416 358 256
1754 10417 342 255
1754 10418 332 254
1754 10419 317 253
1754 10420 304 252
1754 10421 291 250
1754 10422 288 250
1954 11244 327 260
1954 11245 330 259
1954 11246 342 260
1954 11247 355 261
1954 11248 363 262
1954 11249 375 262
1954 11250 388 264
1954 11251 403 265
1954 11252 411 266
1954 11253 425 266
1954 11254 438 268
1954 11255 452 269
1954 11256 461 270
1954 11257 472 270
1954 11258 477 270
1954 11259 482 269
1979 11973 486 268
1979 11974 481 268
1979 11975 474 266
1979 11976 459 265
1979 11977 442 264
1979 11978 431 263
1979 11979 415 262
1979 11980 397 261
1979 11981 386 260
1979 11982 370 258
1979 11983 354 257
1979 11984 340 256
1979 11985 328 255
1979 11986 313 254
1979 11987 299 253
1979 11988 284 252
1979 11989 288 248
2075 12958 458 332
2075 12959 460 332
2075 12960 463 333
2075 12961 463 334
2075 12962 463 344
2075 12963 465 347
2075 12964 467 348
2075 12965 470 348
2075 12966 471 352
2075 12967 475 353
2075 12968 476 351
2075 12969 479 351
2075 12970 481 349
2075 12971 481 356
2075 12972 483 351
2075 12973 486 356
2075 12974 487 357
2075 12975 490 357
2075 12976 493 355
2075 12977 496 357
2075 12978 495 359
2075 12979 497 361
2075 12980 500 360
2075 12981 503 361
2075 12982 504 363
2075 12983 506 366
2075 12984 510 365
2075 12985 512 365
2075 12986 513 368
2075 12987 514 369
2075 12988 517 369
2075 12989 519 369
2075 12990 521 373
2075 12991 523 368
2075 12992 526 373
2075 12993 529 372
2075 12994 529 369
2079 13010 571 389
2079 13011 572 396
2079 13012 575 394
2079 13013 576 393
2079 13014 578 398
2079 13015 581 400
2079 13016 583 400
2079 13017 586 399
2079 13018 588 399
2079 13019 591 405
2079 13020 593 404
2079 13021 596 405
2079 13022 597 407
2079 13023 600 409
2079 13024 603 411
2079 13025 606 409
2079 13026 609 409
2079 13027 610 414
2079 13028 614 416
2079 13029 616 415
2079 13030 619 412
2079 13031 620 418
2079 13032 624 420
2079 13033 627 419
2079 13034 630 417
2079 13035 633 424
2079 13036 635 426
2079 13037 636 425