922 389 488 267
922 390 479 266
922 391 474 266
922 392 470 265
922 393 463 263
922 394 456 264
922 395 439 263
922 396 428 262
922 397 425 260
922 398 420 260
922 399 411 259
922 400 402 259
922 401 389 257
922 402 380 257
922 403 377 258
922 404 361 260
922 405 361 259
922 406 358 255
1776 623 155 267
1776 624 150 266
1776 625 147 268
1776 626 143 270
1776 627 142 271
1776 628 139 271
1776 629 137 273
1776 630 136 275
1776 631 134 276
1776 632 132 278
1776 633 129 278
1776 634 128 278
1776 635 126 281
1776 636 123 282
1776 637 122 284
1776 638 119 285
1776 639 117 286
1776 640 115 287
1776 641 113 289
1776 642 109 291
1776 643 107 292
1776 644 105 293
1776 645 102 294
1776 646 98 296
1776 647 97 297
1776 648 95 299
1776 649 92 300
1776 650 90 301
1776 651 86 302
1776 652 84 302
1776 653 82 305
1776 654 78 307
1776 655 71 308
1776 656 70 310
1776 657 71 309
1776 658 67 311
1776 659 64 312
1776 660 60 316
1776 661 57 316
1776 662 50 319
1776 663 52 317
1776 664 48 321
1776 665 42 321
1776 666 40 324
1776 667 33 327
1776 668 35 326
1776 669 32 328
1776 670 28 330
1776 671 24 337
1776 672 18 336
1776 673 20 337
1776 674 17 336
1776 675 18 330
2029 687 280 347
2029 688 285 341
2029 689 285 342
2029 690 289 347
2029 691 293 345
2029 692 294 345
2029 693 298 345
2029 694 301 345
2029 695 302 344
2029 696 306 345
2029 697 310 346
2029 698 310 346
2029 699 314 347
2029 700 319 347
2029 701 321 348
2029 702 323 347
2029 703 326 347
2029 704 329 347
2029 705 333 348
2029 706 336 347
2029 707 339 346
2029 708 342 350
2029 709 345 349
2029 710 348 348
2029 711 349 349
2029 712 353 350
2029 713 355 356
2029 714 359 351
2029 715 362 357
2029 716 367 352
2029 717 369 353
2029 718 372 351
2029 719 374 352
2029 720 377 353
2029 721 379 359
2029 722 385 353
2029 723 386 355
2029 724 388 361
2029 725 391 367
2029 726 395 371
2154 728 403 357
2154 729 405 356
2154 730 407 356
2154 731 412 356
2154 732 416 357
2154 733 417 358
2154 734 421 359
2154 735 422 359
2154 736 426 359
2154 737 430 359
2154 738 432 360
2154 739 436 360
2154 740 439 360
2154 741 442 360
2154 742 446 360
2154 743 449 361
2154 744 450 360
2154 745 454 361
2154 746 457 361
2154 747 460 361
2154 748 463 361
2154 749 465 361
2154 750 468 361
2154 751 469 362
2154 752 472 363
2154 753 477 363
2154 754 484 364
2154 755 485 364
2154 756 487 365
2154 757 490 366
2154 758 493 367
2154 759 495 366
2154 760 499 365
2154 761 502 366
2154 762 502 366
2154 763 506 368
2154 764 509 369
2154 765 512 369
2154 766 514 368
2154 767 517 366
2154 768 521 370
2154 769 525 369
2154 770 528 370
2154 771 530 370
2154 772 533 371
2154 773 536 371
2154 774 540 372
2154 775 542 372
2154 776 543 378
2154 777 546 374
2154 778 550 374
2154 779 554 375
2154 780 555 381
2154 781 561 377
2154 782 564 377
2154 783 566 378
2154 784 569 379
2154 785 572 379
2154 786 575 378
2154 787 578 377
2154 788 580 380
2154 789 576 381
2850 927 94 373
2850 928 85 370
2850 929 85 369
2850 930 85 368
2850 931 98 361
2850 932 113 355
2850 933 95 364
2850 934 113 352
2850 935 107 355
2850 936 124 360
2850 937 135 338
3296 1004 216 265
3296 1005 238 277
3296 1006 251 261
3296 1007 266 252
3296 1008 269 254
3296 1009 249 264
3296 1010 256 249
3296 1011 248 265
3296 1012 261 247
3296 1013 249 264
3296 1014 253 264
3296 1015 253 264
3726 1108 151 402
3726 1109 145 401
3726 1110 144 394
3726 1111 142 394
3726 1112 141 396
3726 1113 140 398
3726 1114 138 398
3726 1115 138 400
3726 1116 136 402
3726 1117 135 402
3726 1118 133 402
3726 1119 133 406
3726 1120 131 408
3726 1121 130 407
3726 1122 129 410
3726 1123 128 412
3726 1124 126 415
3726 1125 125 414
3726 1126 123 416
3726 1127 122 417
3726 1128 121 419
3726 1129 121 423
3726 1130 120 419
3726 1131 118 424
3726 1132 118 425
3726 1133 117 427
3726 1134 115 428
3726 1135 116 429
3726 1136 113 429
3726 1137 112 430
3726 1138 110 433
3726 1139 108 435
3726 1140 105 438
3726 1141 102 438
3726 1142 100 439
3726 1143 97 442
3726 1144 92 441
3726 1145 89 445
3726 1146 87 444
3726 1147 84 446
3726 1148 80 449
3726 1149 76 450
3726 1150 72 453
3726 1151 69 454
3726 1152 66 454
3726 1153 61 456
3726 1154 59 459
3726 1155 56 460
3726 1156 52 460
3726 1157 50 468
3726 1158 46 468
3726 1159 44 469
3726 1160 41 468
3726 1161 39 471
3726 1162 34 472
3726 1163 31 472
3726 1164 29 473
3726 1165 28 474
3726 1166 24 475
7889 2104 455 457
7889 2105 455 456
7889 2106 451 456
7889 2107 447 455
7889 2108 445 453
7889 2109 443 455
7889 2110 440 454
7889 2111 437 450
7889 2112 432 457
7889 2113 428 457
7889 2114 427 457
7889 2115 424 454
7889 2116 420 455
7889 2117 416 455
7889 2118 414 455
7889 2119 410 452
7889 2120 405 455
7889 2121 401 453
7889 2122 400 454
7889 2123 395 454
7889 2124 388 454
7889 2125 389 452
7889 2126 385 453
7889 2127 382 453
7889 2128 376 453
7889 2129 374 452
7889 2130 374 452
7889 2131 369 452
7889 2132 363 450
7889 2133 362 448
7889 2134 361 449
7889 2135 355 450
7889 2136 350 449
7889 2137 349 450
7889 2138 348 449
7889 2139 343 442
7889 2140 338 448
7889 2141 335 449
7889 2142 335 449
7889 2143 333 449
7889 2144 331 455
7889 2145 327 456
8025 2144 4 463
8025 2145 6 459
8025 2146 5 455
8025 2147 6 454
8025 2148 9 457
8025 2149 13 457
8025 2150 15 457
8025 2151 16 457
8025 2152 21 456
8025 2153 26 456
8025 2154 26 455
8025 2155 29 451
8025 2156 30 457
8025 2157 36 457
8025 2158 37 456
8025 2159 43 452
8025 2160 45 452
8025 2161 47 456
8025 2162 52 455
8025 2163 55 448
8025 2164 58 454
8025 2165 60 449
8025 2166 64 450
8025 2167 64 451
8025 2168 68 450
8025 2169 70 454
8025 2170 76 449
8025 2171 78 448
8025 2172 81 447
8025 2173 83 449
8025 2174 86 449
8025 2175 87 448
8025 2176 89 452
8025 2177 93 447
8025 2178 95 447
8025 2179 99 449
8025 2180 101 443
8025 2181 99 445
8025 2182 95 443
8025 2183 94 445
8025 2184 91 446
8025 2185 90 446
8025 2186 89 445
8025 2187 88 444
8458 2232 95 457
8458 2233 93 448
8458 2234 89 448
8458 2235 86 444
8458 2236 84 444
8458 2237 81 445
8458 2238 79 448
8458 2239 78 446
8458 2240 76 451
8458 2241 70 447
8458 2242 69 451
8458 2243 67 453
8458 2244 61 447
8458 2245 58 449
8458 2246 56 449
8458 2247 55 449
8458 2248 53 452
8458 2249 49 450
8458 2250 46 457
8458 2251 44 453
8458 2252 44 457
8458 2253 36 453
8458 2254 34 456
8458 2255 33 457
8458 2256 31 458
8458 2257 29 460
8458 2258 24 459
8458 2259 22 462
8458 2260 19 462
8458 2261 13 458
8458 2262 10 462
8458 2263 8 457
8458 2264 9 463
8458 2265 9 464
8458 2266 7 464
9147 2370 379 390
9147 2371 380 390
9147 2372 382 389
9147 2373 380 395
9147 2374 381 392
9147 2375 382 393
9147 2376 383 390
9147 2377 384 390
9147 2378 384 389
9147 2379 386 389
9147 2380 387 389
9147 2381 388 388
9147 2382 392 386
9147 2383 395 386
9147 2384 394 389
9147 2385 399 387
9147 2386 402 388
9147 2387 404 387
9147 2388 407 388
9147 2389 409 387
9147 2390 414 388
9147 2391 416 390
9147 2392 417 390
9147 2393 419 390
9147 2394 424 390
9147 2395 426 390
9147 2396 428 391
9147 2397 430 391
9147 2398 434 388
9147 2399 437 388
9147 2400 441 389
9147 2401 443 389
9147 2402 445 390
9147 2403 447 387
9147 2404 450 395
9147 2405 454 393
9147 2406 456 395
9147 2407 459 395
9147 2408 460 395
9147 2409 461 394
9147 2410 463 396
9147 2411 468 396
9147 2412 470 397
9147 2413 472 396
9147 2414 474 397
9147 2415 478 397
9147 2416 480 396
9147 2417 482 393
9147 2418 484 397
9147 2419 487 402
9147 2420 487 397
9147 2421 490 397
9147 2422 494 395
9147 2423 497 394
10074 2594 102 426
10074 2595 103 430
10074 2596 101 431
10074 2597 101 430
10074 2598 108 428
10074 2599 107 426
10074 2600 108 425
10074 2601 112 422
10074 2602 112 422
10074 2603 116 421
10074 2604 118 417
10074 2605 119 416
10074 2606 120 416
10074 2607 122 415
10074 2608 125 412
10074 2609 127 414
10074 2610 126 410
10074 2611 127 411
10074 2612 130 408
10074 2613 133 407
10074 2614 133 406
10074 2615 136 405
10074 2616 136 404
10074 2617 138 404
10074 2618 140 402
10074 2619 141 402
10074 2620 142 399
10074 2621 144 398
10074 2622 146 398
10074 2623 147 397
10074 2624 148 397
10074 2625 151 397
10399 2695 6 449
10399 2696 9 456
10399 2697 9 448
10399 2698 11 450
10399 2699 14 450
10399 2700 15 451
10399 2701 19 450
10399 2702 23 451
10399 2703 27 451
10399 2704 31 451
10399 2705 33 451
10399 2706 33 447
10399 2707 38 450
10399 2708 42 450
10399 2709 45 454
10399 2710 47 451
10399 2711 48 450
10399 2712 50 451
10399 2713 53 449
10399 2714 55 448
10399 2715 56 449
10399 2716 59 445
10399 2717 62 447
10399 2718 66 445
10399 2719 66 446
10399 2720 70 442
10399 2721 69 444
10399 2722 71 443
10399 2723 72 442
10399 2724 74 440
10399 2725 74 439
10399 2726 76 436
10399 2727 77 437
10399 2728 81 441
10399 2729 80 434
10399 2730 84 432
10399 2731 83 433
10399 2732 85 430
10399 2733 84 431
10399 2734 85 422
10399 2735 87 428
10399 2736 88 424
10399 2737 89 424
10399 2738 91 425
10399 2739 93 422
10399 2740 94 426
10399 2741 97 420
10399 2742 95 423
10399 2743 96 422
10399 2744 98 418
10399 2745 97 419
10399 2746 93 418
10531 2721 121 347
10531 2722 122 348
10531 2723 115 351
10531 2724 121 347
10531 2725 131 341
10531 2726 152 327
10531 2727 171 316
11530 2944 497 355
11530 2945 495 357
11530 2946 494 356
11530 2947 491 356
11530 2948 489 356
11530 2949 488 354
11530 2950 486 356
11530 2951 482 358
11530 2952 481 359
11530 2953 479 354
11530 2954 477 354
11530 2955 474 355
11530 2956 472 355
11530 2957 470 352
11530 2958 467 352
11530 2959 465 352
11530 2960 463 356
11530 2961 462 353
11530 2962 460 352
11530 2963 457 352
11530 2964 456 352
11530 2965 457 354
11530 2966 454 356
11530 2967 450 351
11530 2968 448 350
11530 2969 446 352
11530 2970 444 350
11530 2971 443 350
11530 2972 441 349
11530 2973 439 351
11530 2974 436 354
11530 2975 433 347
11530 2976 432 347
11530 2977 429 348
11530 2978 427 348
11530 2979 426 352
11530 2980 422 349
11530 2981 420 347
11530 2982 418 347
11530 2983 417 346
11530 2984 414 348
11530 2985 411 348
11530 2986 409 348
11530 2987 408 352
11530 2988 404 348
11530 2989 403 346
11530 2990 399 351
11530 2991 396 346
11530 2992 394 344
11530 2993 391 347
11530 2994 389 348
11530 2995 387 349
11530 2996 383 345
11530 2997 381 347
11530 2998 378 343
11530 2999 376 344
11530 3000 373 343
11530 3001 370 346
11530 3002 369 347
11530 3003 368 348
11530 3004 363 343
11530 3005 362 346
11530 3006 359 343
11530 3007 357 343
11530 3008 354 341
11530 3009 351 345
11530 3010 350 345
11530 3011 348 347
11530 3012 345 343
11530 3013 343 342
11530 3014 340 345
11530 3015 338 343
11530 3016 336 341
11530 3017 333 340
11530 3018 331 341
11530 3019 329 343
11530 3020 328 342
11530 3021 325 341
11530 3022 322 341
11530 3023 320 340
11530 3024 318 338
11530 3025 315 338
11530 3026 313 341
11530 3027 310 341
11530 3028 308 336
11530 3029 306 337
11530 3030 303 341
11530 3031 301 337
11530 3032 301 341
11530 3033 300 337
12639 3171 470 373
12639 3172 467 376
12639 3173 464 366
12639 3174 463 364
12639 3175 460 368
12639 3176 459 368
12639 3177 455 369
12639 3178 449 372
12639 3179 451 363
12639 3180 446 364
12639 3181 446 359
12639 3182 449 363
12639 3183 440 362
12639 3184 437 362
12639 3185 433 362
12639 3186 432 362
12639 3187 430 362
12639 3188 428 361
12639 3189 424 361
12639 3190 421 362
12639 3191 421 362
12639 3192 418 361
12639 3193 415 359
12639 3194 414 359
12639 3195 414 361
12639 3196 406 360
12639 3197 405 356
12639 3198 401 360
12639 3199 400 357
12639 3200 399 359
12639 3201 393 358
12639 3202 390 359
12639 3203 389 353
12639 3204 386 358
12639 3205 383 358
12639 3206 381 357
12639 3207 380 359
12639 3208 378 357
12639 3209 376 357
12639 3210 373 356
12639 3211 371 355
12639 3212 369 354
12639 3213 365 356
12639 3214 364 353
12639 3215 362 355
12639 3216 360 352
12639 3217 357 354
12639 3218 354 353
12639 3219 352 354
12639 3220 349 353
12639 3221 348 348
12639 3222 347 349
12639 3223 344 354
12639 3224 342 347
12639 3225 340 351
12639 3226 336 349
12639 3227 334 350
12639 3228 332 344
12639 3229 331 346
12639 3230 329 347
12639 3231 326 348
12639 3232 325 350
12639 3233 322 347
12639 3234 319 345
12639 3235 317 348
12639 3236 314 346
12639 3237 313 343
12639 3238 309 343
12639 3239 307 345
12639 3240 305 343
12855 3214 437 273
12855 3215 451 274
12855 3216 460 263
12855 3217 449 266
12855 3218 448 267
12855 3219 421 261
12855 3220 407 259
12855 3221 397 258
12855 3222 389 257
12855 3223 377 256
12855 3224 363 255
12855 3225 354 255
12855 3226 336 254
12855 3227 328 251
12855 3228 334 252
13523 3425 121 273
13523 3426 117 274
13523 3427 95 275
13523 3428 107 277
13523 3429 107 276
13523 3430 105 279
13523 3431 101 279
13523 3432 99 281
13523 3433 103 283
13523 3434 83 283
13523 3435 91 284
13523 3436 87 285
13523 3437 84 286
13523 3438 90 288
13523 3439 82 289
13523 3440 77 289
13523 3441 74 290
13523 3442 71 290
13523 3443 77 295
13523 3444 65 292
13523 3445 60 294
13523 3446 53 295
13523 3447 57 295
13523 3448 54 296
13523 3449 46 296
13523 3450 49 297
13523 3451 42 298
13523 3452 46 299
13523 3453 39 288
13523 3454 36 299
13523 3455 35 291
13523 3456 28 294
13523 3457 27 294
13523 3458 23 294
13523 3459 21 294
13523 3460 20 293
13523 3461 14 295
13523 3462 13 296
14050 3548 180 433
14050 3549 186 429
14050 3550 186 432
14050 3551 183 428
14050 3552 189 422
14050 3553 191 431
14050 3554 190 441
14050 3555 198 432
14050 3556 198 422
14050 3557 200 433
14050 3558 204 419
14050 3559 204 433
14050 3560 211 431
14050 3561 212 426
14050 3562 212 429
14050 3563 214 434
14050 3564 220 428
14050 3565 222 435
14050 3566 225 435
14050 3567 222 433
14050 3568 228 434
14050 3569 234 432
14050 3570 236 436
14050 3571 242 434
14050 3572 237 437
14050 3573 240 436
14050 3574 249 437
14050 3575 246 437
15859 3944 445 274
15859 3945 440 266
15859 3946 426 261
15859 3947 416 259
15859 3948 405 259
15859 3949 394 259
15859 3950 386 258
15859 3951 377 256
15859 3952 367 255
15859 3953 356 254
15859 3954 348 254
15859 3955 351 254
15859 3956 344 260
16686 4141 473 454
16686 4142 468 455
16686 4143 465 454
16686 4144 460 458
16686 4145 458 463
16686 4146 463 457
16686 4147 459 452
16686 4148 458 453
16686 4149 455 452
16686 4150 451 452
16686 4151 448 459
16686 4152 447 451
16686 4153 444 452
16686 4154 442 452
16686 4155 438 452
16686 4156 435 458
16686 4157 426 457
16686 4158 427 457
16686 4159 426 455
16686 4160 428 453
16686 4161 427 456
16686 4162 425 452
16686 4163 420 448
16686 4164 416 448
16686 4165 414 448
16686 4166 410 448
16686 4167 407 448
16686 4168 404 448
16686 4169 404 448
16686 4170 401 444
16686 4171 398 440
16855 4191 349 444
16855 4192 346 439
16855 4193 346 441
16855 4194 342 439
16855 4195 341 444
16855 4196 337 444
16855 4197 335 443
16855 4198 330 439
16855 4199 331 443
16855 4200 328 443
16855 4201 324 443
16855 4202 321 443
16855 4203 322 444
16855 4204 317 444
16855 4205 314 443
16855 4206 310 442
16855 4207 309 442
16855 4208 309 442
16855 4209 305 442
16855 4210 304 442
16855 4211 299 441
16855 4212 297 441
16855 4213 296 441
16855 4214 295 441
16855 4215 291 441
16855 4216 291 441
16855 4217 286 439
16855 4218 284 439
16855 4219 283 438
16855 4220 281 438
16855 4221 279 437
16855 4222 275 441
16855 4223 273 441
16855 4224 272 438
16855 4225 270 438
16855 4226 268 438
16855 4227 267 437
16855 4228 260 438
16855 4229 260 436
16855 4230 260 436
16855 4231 258 437
16855 4232 255 436
16855 4233 255 436
16855 4234 251 435
16855 4235 248 434
16855 4236 246 434
16855 4237 243 430
16855 4238 244 434
16855 4239 242 434
16855 4240 239 433
16855 4241 237 432
16855 4242 236 426
16855 4243 234 431
16855 4244 229 432
16855 4245 224 429
16855 4246 222 427
16855 4247 219 429
16855 4248 215 434
16855 4249 217 434
16977 4233 272 335
16977 4234 273 335
16977 4235 273 333
16977 4236 275 334
16977 4237 276 334
16977 4238 278 334
16977 4239 280 340
16977 4240 284 340
16977 4241 284 337
16977 4242 284 335
16977 4243 284 340
16977 4244 290 342
16977 4245 295 342
16977 4246 299 339
16977 4247 300 341
16977 4248 302 339
16977 4249 303 340
16977 4250 307 340
16977 4251 309 343
16977 4252 311 340
16977 4253 313 341
16977 4254 316 341
16977 4255 318 342
16977 4256 319 341
16977 4257 321 341
16977 4258 324 342
16977 4259 326 345
16977 4260 329 344
16977 4261 331 343
16977 4262 335 343
16977 4263 337 344
16977 4264 338 346
16977 4265 340 343
16977 4266 343 346
16977 4267 345 344
16977 4268 346 345
16977 4269 349 346
16977 4270 352 345
16977 4271 354 345
16977 4272 357 345
16977 4273 358 346
16977 4274 361 345
16977 4275 363 348
16977 4276 367 349
16977 4277 369 346
16977 4278 372 348
16977 4279 375 347
16977 4280 377 348
16977 4281 379 348
16977 4282 381 349
16977 4283 383 349
16977 4284 386 349
16977 4285 387 354
16977 4286 390 349
16977 4287 389 349
17597 4400 197 419
17597 4401 200 424
17597 4402 205 429
17597 4403 209 428
17597 4404 215 424
17597 4405 219 427
17597 4406 221 428
17597 4407 226 427
17597 4408 232 425
17597 4409 235 426
17597 4410 237 428
17597 4411 243 425
17597 4412 247 425
17597 4413 251 426
17597 4414 255 423
17597 4415 255 426
17597 4416 262 426
17597 4417 268 426
17597 4418 269 426
17597 4419 276 422
17597 4420 278 418
17597 4421 283 424
17597 4422 287 420
17597 4423 292 421
17597 4424 296 422
17597 4425 298 421
17597 4426 304 416
17597 4427 307 418
17597 4428 310 417
17597 4429 312 414
17597 4430 315 414
17597 4431 320 411
17597 4432 323 412
17597 4433 327 409
17597 4434 328 407
17597 4435 331 406
17597 4436 332 408
17597 4437 337 404
17597 4438 340 404
17597 4439 340 401
17597 4440 344 400
17597 4441 345 398
18737 4703 275 332
18737 4704 279 331
18737 4705 282 333
18737 4706 289 339
18737 4707 288 334
18737 4708 292 339
18737 4709 292 347
18737 4710 292 345
18737 4711 297 347
18737 4712 298 347
18737 4713 303 344
18737 4714 305 342
18737 4715 309 345
18737 4716 310 345
18737 4717 313 346
18737 4718 315 346
18737 4719 318 347
18737 4720 321 347
18737 4721 325 351
18737 4722 328 349
18737 4723 333 351
18737 4724 335 351
18737 4725 337 356
18737 4726 340 361
18737 4727 340 362
19470 4827 327 259
19470 4828 326 258
19470 4829 342 259
19470 4830 352 260
19470 4831 362 261
19470 4832 369 262
19470 4833 382 263
19470 4834 400 264
19470 4835 414 266
19470 4836 428 266
19470 4837 440 267
19470 4838 451 269
19470 4839 463 268
19470 4840 471 269
19470 4841 481 271
19470 4842 488 271
19572 4849 18 458
19572 4850 21 461
19572 4851 25 464
19572 4852 27 461
19572 4853 33 457
19572 4854 42 446
19572 4855 43 448
19572 4856 46 448
19572 4857 50 448
19572 4858 52 447
19572 4859 53 448
19572 4860 55 447
19572 4861 57 447
19572 4862 61 442
19572 4863 70 448
19572 4864 66 445
19572 4865 68 445
19572 4866 71 443
19572 4867 74 444
19572 4868 77 443
19572 4869 79 442
19572 4870 83 440
19572 4871 87 440
19572 4872 87 443
19572 4873 87 441
19572 4874 89 441
19789 4892 92 304
19789 4893 92 305
19789 4894 86 308
19789 4895 82 311
19789 4896 77 312
19789 4897 72 315
19789 4898 66 319
19789 4899 60 320
19789 4900 55 324
19789 4901 51 326
19789 4902 44 329
19789 4903 37 332
19789 4904 46 325
19934 4922 412 418
19934 4923 414 420
19934 4924 417 423
19934 4925 417 427
19934 4926 423 428
19934 4927 427 426
19934 4928 429 430
19934 4929 436 426
19934 4930 439 428
19934 4931 441 431
19934 4932 445 428
19934 4933 449 429
19934 4934 455 431
19934 4935 456 435
19934 4936 459 435
19934 4937 461 438
19934 4938 468 437
19934 4939 470 438
19934 4940 472 442
19934 4941 477 442
19934 4942 483 437
19934 4943 486 440
19934 4944 487 444
19934 4945 493 444
19934 4946 495 444
19934 4947 500 443
19934 4948 501 449
20157 4962 254 327
20157 4963 255 332
20157 4964 256 329
20157 4965 256 333
20157 4966 257 333
20157 4967 258 334
20157 4968 260 335
20157 4969 261 337
20157 4970 261 336
20157 4971 261 336
20157 4972 262 337
20157 4973 263 338
20157 4974 265 339
20157 4975 265 342
20157 4976 265 343
20157 4977 267 341
20157 4978 266 341
20157 4979 269 355
20157 4980 270 351
20157 4981 270 345
20157 4982 271 352
20157 4983 271 347
20157 4984 273 349
20157 4985 275 348
20157 4986 275 357
20157 4987 279 347
20157 4988 279 351
20157 4989 282 351
20157 4990 282 349
20157 4991 286 349
20157 4992 286 349
20157 4993 288 350
20157 4994 291 344
20157 4995 293 347
20157 4996 295 347
20157 4997 297 347
20157 4998 301 346
20157 4999 302 346
20157 5000 306 347
20157 5001 307 347
20157 5002 308 347
20776 5061 464 375
20776 5062 468 376
20776 5063 471 376
20776 5064 472 376
20776 5065 474 376
20776 5066 479 376
20776 5067 482 377
20776 5068 486 379
20776 5069 486 380
20776 5070 489 379
20776 5071 491 379
20776 5072 496 380
20776 5073 499 383
20776 5074 500 380
20776 5075 502 379
20776 5076 507 380
20776 5077 510 382
20776 5078 512 382
20776 5079 515 384
20776 5080 518 384
20776 5081 521 385
20776 5082 523 385
20776 5083 527 386
20776 5084 531 387
20776 5085 534 388
20776 5086 534 389
20776 5087 538 389
20776 5088 543 389
20776 5089 545 391
20776 5090 546 391
20776 5091 549 391
20776 5092 553 391
20776 5093 558 393
20776 5094 559 392
20776 5095 563 392
20776 5096 565 393
20776 5097 567 389
20776 5098 579 390
20776 5099 573 394
20776 5100 575 393
20776 5101 581 395
20776 5102 583 395
20776 5103 585 395
20776 5104 587 396
20776 5105 592 396
20776 5106 596 395
20776 5107 600 393
20776 5108 604 393
20776 5109 604 393
21294 5149 87 304
21294 5150 81 307
21294 5151 77 309
21294 5152 75 310
21294 5153 71 311
21294 5154 66 314
21294 5155 69 309
21294 5156 65 315
21294 5157 62 313
21294 5158 59 318
21294 5159 50 321
21294 5160 47 320
21294 5161 49 321
21294 5162 46 325
21294 5163 42 321
21294 5164 40 328
21294 5165 31 331
21294 5166 31 330
21294 5167 24 334
21294 5168 26 334
21294 5169 17 331
21867 5248 91 363
21867 5249 107 356
21867 5250 122 347
21867 5251 127 342
21867 5252 125 345
21867 5253 117 348
21867 5254 108 355
21867 5255 121 347
21867 5256 112 352
21867 5257 120 347
21867 5258 120 359
21867 5259 124 360
21867 5260 125 361
21867 5261 135 339
21867 5262 149 331
21877 5251 340 420
21877 5252 340 426
21877 5253 342 429
21877 5254 343 424
21877 5255 337 434
21877 5256 333 434
21877 5257 329 435
21877 5258 326 432
21877 5259 327 439
21877 5260 322 438
21877 5261 320 436
21877 5262 316 439
21877 5263 313 437
21877 5264 310 443
21877 5265 306 438
21877 5266 303 437
21877 5267 301 443
21877 5268 299 447
21877 5269 293 442
21877 5270 290 441
21877 5271 289 442
21877 5272 284 448
21877 5273 281 443
21877 5274 281 439
21877 5275 275 444
21877 5276 269 444
21877 5277 265 445
21877 5278 263 447
21877 5279 258 445
21877 5280 255 447
21877 5281 248 442
21877 5282 245 445
21877 5283 242 445
21877 5284 238 443
21877 5285 236 443
21877 5286 233 443
21877 5287 228 442
21877 5288 222 441
21877 5289 219 441
21877 5290 215 440
21877 5291 211 443
21877 5292 214 442
22163 5306 149 267
22163 5307 153 267
22163 5308 153 268
22163 5309 155 269
22163 5310 156 267
22163 5311 158 267
22163 5312 159 267
22163 5313 160 267
22163 5314 160 270
22163 5315 164 268
22163 5316 165 264
22163 5317 184 246
22163 5318 191 247
22163 5319 197 247
22163 5320 205 248
22163 5321 206 247
22163 5322 207 247
22163 5323 213 250
22163 5324 219 252
22370 5340 66 445
22370 5341 67 448
22370 5342 69 450
22370 5343 62 458
22370 5344 63 454
22370 5345 57 459
22370 5346 56 461
22370 5347 53 458
22370 5348 51 460
22370 5349 46 465
22370 5350 38 464
22370 5351 35 465
22370 5352 32 466
22370 5353 28 470
22370 5354 25 467
22370 5355 21 469
22370 5356 19 470
22370 5357 16 469
22370 5358 14 471
22370 5359 8 471
22370 5360 6 472
22370 5361 7 473
22370 5362 5 474
23727 5631 355 471
23727 5632 355 469
23727 5633 352 469
23727 5634 350 469
23727 5635 350 467
23727 5636 350 468
23727 5637 349 468
23727 5638 348 469
23727 5639 346 468
23727 5640 344 468
23727 5641 342 467
23727 5642 341 465
23727 5643 340 464
23727 5644 340 463
23727 5645 338 463
23727 5646 338 465
23727 5647 337 462
23727 5648 336 462
23727 5649 334 461
23727 5650 330 463
23727 5651 328 463
23727 5652 328 462
23727 5653 325 460
23727 5654 323 459
23727 5655 325 453
23727 5656 324 454
23727 5657 322 456
23727 5658 321 458
23727 5659 322 452
23727 5660 320 455
23727 5661 318 457
23727 5662 316 458
23727 5663 313 457
23727 5664 313 458
23727 5665 310 454
23727 5666 308 449
23727 5667 308 450
23727 5668 307 452
23727 5669 305 451
23727 5670 300 453
23727 5671 298 453
23727 5672 298 452
23727 5673 295 451
23727 5674 292 453
23727 5675 289 453
23727 5676 286 455
23727 5677 283 453
23727 5678 283 450
23727 5679 285 448
23822 5645 290 284
23822 5646 290 284
23822 5647 292 283
23822 5648 292 284
23822 5649 293 284
23822 5650 293 285
23822 5651 274 264
23822 5652 273 263
23822 5653 277 265
23822 5654 277 264
23822 5655 278 266
23822 5656 278 267
23822 5657 280 270
23822 5658 280 266
23822 5659 284 268
23822 5660 283 268
23822 5661 285 267
23822 5662 286 267
23822 5663 287 267
23822 5664 289 265
23822 5665 291 266
23822 5666 295 267
23822 5667 296 266
23822 5668 297 268
23822 5669 299 270
23822 5670 300 271
23822 5671 303 268
23822 5672 305 270
23822 5673 305 270
23822 5674 306 269
23822 5675 307 270
23822 5676 310 270
23822 5677 312 270
23822 5678 313 270
23822 5679 316 269
23822 5680 316 269
23822 5681 317 270
23822 5682 321 271
23822 5683 324 270
23822 5684 324 270
23822 5685 326 271
23822 5686 328 271
23822 5687 329 270
23822 5688 331 270
23822 5689 332 271
23822 5690 336 271
23822 5691 336 271
23822 5692 339 271
23822 5693 340 271
23822 5694 342 272
23822 5695 344 271
23822 5696 344 273
24029 5679 634 398
24029 5680 630 406
24029 5681 632 398
24029 5682 626 397
24029 5683 623 396
24029 5684 621 397
24029 5685 619 395
24029 5686 611 398
24029 5687 611 396
24029 5688 612 388
24029 5689 602 395
24029 5690 604 394
24029 5691 600 393
24029 5692 595 394
24029 5693 589 391
24029 5694 590 385
24029 5695 585 391
24029 5696 582 390
24029 5697 580 391
24029 5698 575 390
24029 5699 570 389
24029 5700 568 389
24029 5701 566 389
24029 5702 560 387
24029 5703 558 388
24029 5704 556 389
24029 5705 550 387
24029 5706 547 387
24029 5707 545 386
24029 5708 541 386
24029 5709 537 384
24029 5710 534 385
24029 5711 531 384
24029 5712 526 382
24029 5713 524 382
24029 5714 522 381
24029 5715 518 380
24029 5716 514 381
24029 5717 513 381
24029 5718 509 378
24029 5719 505 381
24029 5720 504 379
24029 5721 500 379
24029 5722 497 376
24029 5723 495 375
24029 5724 492 374
24029 5725 489 375
24029 5726 491 378
24125 5693 553 371
24125 5694 549 364
24125 5695 546 368
24125 5696 544 367
24125 5697 542 364
24125 5698 539 359
24125 5699 536 365
24125 5700 533 368
24125 5701 530 367
24125 5702 528 366
24125 5703 524 367
24125 5704 522 367
24125 5705 521 365
24125 5706 516 362
24125 5707 513 364
24125 5708 511 365
24125 5709 509 360
24125 5710 506 359
24125 5711 503 364
24125 5712 500 364
24125 5713 498 364
24125 5714 496 362
24125 5715 492 361
24125 5716 488 362
24125 5717 488 362
24125 5718 485 363
24125 5719 480 355
24125 5720 480 361
24125 5721 477 355
24125 5722 476 361
24125 5723 472 353
24125 5724 470 357
24125 5725 467 357
24125 5726 465 357
24125 5727 464 353
24125 5728 462 353
24125 5729 460 354
24125 5730 461 352
24125 5731 459 351
24125 5732 457 347
24178 5699 216 302
24178 5700 237 290
24178 5701 235 290
24178 5702 234 291
24178 5703 239 277
24178 5704 248 260
24178 5705 252 261
24178 5706 256 260
24466 5737 407 265
24466 5738 406 265
24466 5739 414 266
24466 5740 423 266
24466 5741 431 267
24466 5742 441 268
24466 5743 450 268
24466 5744 461 269
24466 5745 463 270
24466 5746 468 270
24466 5747 472 270
24466 5748 479 270
24466 5749 480 269
24466 5750 472 264
24466 5751 470 263
24466 5752 460 264
24466 5753 441 264
24466 5754 431 264
24466 5755 429 261
24466 5756 429 263
24466 5757 411 262
24466 5758 395 258
24466 5759 396 250
24941 5821 394 361
24941 5822 393 359
24941 5823 390 359
24941 5824 386 362
24941 5825 384 358
24941 5826 382 359
24941 5827 378 357
24941 5828 374 356
24941 5829 372 356
24941 5830 368 356
24941 5831 362 353
24941 5832 361 355
24941 5833 360 355
24941 5834 357 353
24941 5835 351 354
24941 5836 348 353
24941 5837 344 354
24941 5838 341 353
24941 5839 339 355
24941 5840 339 354
24941 5841 332 349
24941 5842 330 349
24941 5843 327 349
24941 5844 324 347
24941 5845 325 347
24941 5846 320 347
24941 5847 318 351
24941 5848 315 347
24941 5849 311 345
24941 5850 308 346
24941 5851 308 343
25014 5835 461 351
25014 5836 458 355
25014 5837 460 352
25014 5838 458 352
25014 5839 457 349
25014 5840 455 352
25014 5841 455 354
25014 5842 452 354
25014 5843 450 355
25014 5844 448 353
25014 5845 447 353
25014 5846 445 354
25014 5847 445 354
25014 5848 442 357
25014 5849 439 359
25014 5850 437 353
25014 5851 435 358
25014 5852 432 360
25014 5853 430 359
25014 5854 428 360
25014 5855 426 361
25014 5856 423 360
25014 5857 421 362
25014 5858 420 361
25014 5859 417 361
25014 5860 414 360
25014 5861 411 360
25014 5862 411 360
25014 5863 409 361
25014 5864 405 355
25014 5865 402 361
25014 5866 398 356
25014 5867 397 362
25014 5868 394 357
25014 5869 390 359
25014 5870 387 360
25014 5871 387 361
25014 5872 382 361
25014 5873 380 356
25014 5874 377 357
25014 5875 375 353
25014 5876 371 354
25014 5877 368 359
25014 5878 364 360
25014 5879 362 359
25014 5880 360 359
25014 5881 358 360
25014 5882 353 360
25014 5883 352 361
25014 5884 350 359
25014 5885 346 359
25014 5886 344 358
25014 5887 341 358
25014 5888 339 359
25014 5889 336 354
25014 5890 334 352
25014 5891 332 352
25014 5892 329 353
25014 5893 325 353
25014 5894 323 352
25014 5895 321 351
25014 5896 317 353
25014 5897 316 353
25927 5994 301 416
25927 5995 298 414
25927 5996 296 415
25927 5997 291 413
25927 5998 289 413
25927 5999 285 413
25927 6000 283 413
25927 6001 279 413
25927 6002 275 410
25927 6003 272 410
25927 6004 269 411
25927 6005 265 409
25927 6006 260 410
25927 6007 259 407
25927 6008 255 408
25927 6009 252 407
25927 6010 248 408
25927 6011 245 408
25927 6012 242 405
25927 6013 239 403
25927 6014 235 402
25927 6015 234 402
25927 6016 232 401
25927 6017 229 398
25927 6018 228 393
25927 6019 228 390
25927 6020 231 388
26738 6103 483 266
26738 6104 484 265
26738 6105 477 264
26738 6106 473 264
26738 6107 465 265
26738 6108 454 264
26738 6109 442 262
26738 6110 428 261
26738 6111 416 259
26738 6112 404 257
26738 6113 395 259
26738 6114 382 257
26738 6115 371 256
26738 6116 360 257
26738 6117 348 255
26738 6118 341 254
26891 6136 383 391
26891 6137 382 390
26891 6138 378 389
26891 6139 376 389
26891 6140 375 394
26891 6141 372 394
26891 6142 369 394
26891 6143 366 395
26891 6144 363 396
26891 6145 361 399
26891 6146 357 397
26891 6147 356 401
26891 6148 355 400
26891 6149 351 402
26891 6150 346 401
26891 6151 343 403
26891 6152 341 403
26891 6153 337 404
26891 6154 333 404
26891 6155 329 406
26891 6156 327 407
26891 6157 324 407
26891 6158 320 405
26891 6159 316 406
26891 6160 312 409
26891 6161 308 408
26891 6162 304 410
26891 6163 301 411
26891 6164 299 412
26891 6165 297 414
26891 6166 292 412
26891 6167 288 413
26891 6168 285 408
27287 6206 465 265
27287 6207 458 267
27287 6208 451 263
27287 6209 444 265
27287 6210 439 266
27287 6211 429 260
27287 6212 416 259
27287 6213 402 258
27287 6214 390 258
27287 6215 385 257
27287 6216 380 255
27287 6217 376 256
27287 6218 372 256
27287 6219 368 256
27287 6220 366 256
27287 6221 364 256
27287 6222 362 256
27287 6223 358 255
27287 6224 365 255
27287 6225 368 255
27287 6226 363 255
27287 6227 355 253
27287 6228 363 254
27287 6229 365 254
27740 6281 387 407
27740 6282 387 404
27740 6283 389 411
27740 6284 389 409
27740 6285 389 411
27740 6286 389 407
27740 6287 388 412
27740 6288 390 410
27740 6289 389 412
27740 6290 391 414
27740 6291 392 417
27740 6292 398 415
27740 6293 398 414
27740 6294 396 419
27740 6295 399 421
27740 6296 402 425
27740 6297 407 420
27740 6298 407 426
27740 6299 410 427
27740 6300 413 429
27740 6301 417 427
27740 6302 419 430
27740 6303 421 431
27740 6304 425 434
27740 6305 429 434
27740 6306 431 434
27740 6307 435 434
27740 6308 437 436
27740 6309 439 438
27740 6310 443 437
27740 6311 449 434
27740 6312 449 440
27740 6313 453 440
27740 6314 454 440
27740 6315 457 440
27740 6316 460 442
27740 6317 464 441
27740 6318 466 442
27740 6319 470 444
27740 6320 471 442
27740 6321 471 444
27989 6325 253 445
27989 6326 251 446
27989 6327 249 445
27989 6328 253 446
27989 6329 258 458
27989 6330 260 459
27989 6331 262 459
27989 6332 268 460
27989 6333 270 460
27989 6334 274 461
27989 6335 278 462
27989 6336 282 462
27989 6337 285 463
27989 6338 288 463
27989 6339 292 464
27989 6340 296 465
27989 6341 299 465
27989 6342 301 466
27989 6343 305 466
27989 6344 310 466
27989 6345 314 467
27989 6346 317 467
27989 6347 321 468
27989 6348 324 468
27989 6349 324 469
31748 7107 98 271
31748 7108 100 271
31748 7109 102 271
31748 7110 103 270
31748 7111 105 271
31748 7112 108 271
31748 7113 110 270
31748 7114 111 270
31748 7115 113 270
31748 7116 115 269
31748 7117 116 269
31748 7118 119 269
31748 7119 121 270
31748 7120 123 269
31748 7121 125 269
31748 7122 126 269
31748 7123 130 269
31748 7124 131 269
31748 7125 133 269
31748 7126 135 269
31748 7127 137 269
31748 7128 139 268
31748 7129 141 269
31748 7130 143 268
31748 7131 145 267
31748 7132 148 268
31748 7133 149 267
31748 7134 151 268
31748 7135 151 268
31748 7136 154 268
31748 7137 157 268
31748 7138 159 269
31748 7139 160 269
31748 7140 161 267
31748 7141 164 267
31748 7142 166 266
31748 7143 168 265
31748 7144 169 265
31748 7145 171 265
31748 7146 174 264
31748 7147 175 264
31748 7148 178 264
31748 7149 178 264
31748 7150 180 263
31748 7151 183 263
31748 7152 184 264
31748 7153 187 263
31748 7154 204 248
31748 7155 188 264
31748 7156 189 263
31748 7157 192 263
31748 7158 193 262
31748 7159 195 262
31748 7160 196 263
31980 7186 48 449
31980 7187 50 450
31980 7188 56 454
31980 7189 58 450
31980 7190 60 448
31980 7191 62 451
31980 7192 64 444
31980 7193 67 443
31980 7194 71 440
31980 7195 73 440
31980 7196 78 441
31980 7197 80 442
31980 7198 86 442
31980 7199 88 438
31980 7200 90 437
31980 7201 92 435
31980 7202 95 430
31980 7203 97 429
31980 7204 100 429
31980 7205 102 428
31980 7206 106 425
31980 7207 108 427
31980 7208 112 425
31980 7209 114 425
31980 7210 117 426
31980 7211 118 423
31980 7212 121 422
31980 7213 126 422
31980 7214 129 419
31980 7215 134 421
31980 7216 135 425
31980 7217 136 422
31980 7218 136 423
31980 7219 144 425
31980 7220 146 424
31980 7221 151 424
31980 7222 155 426
31980 7223 158 427
31980 7224 158 427
31980 7225 162 427
31980 7226 166 425
31980 7227 169 425
31980 7228 174 420
31980 7229 175 427
31980 7230 181 427
31980 7231 183 432
31980 7232 186 428
31980 7233 187 430
31980 7234 193 434
31980 7235 196 429
31980 7236 200 430
31980 7237 201 430
31980 7238 206 428
31980 7239 211 430
31980 7240 216 431
32001 7190 354 354
32001 7191 358 349
32001 7192 362 346
32001 7193 366 347
32001 7194 365 355
32001 7195 368 353
32001 7196 372 356
32001 7197 374 356
32001 7198 375 356
32001 7199 378 354
32001 7200 377 356
32001 7201 380 358
32001 7202 383 357
32001 7203 386 355
32001 7204 386 357
32001 7205 390 365
32001 7206 387 369
32001 7207 394 371
32001 7208 401 378
32001 7209 398 370
32001 7210 403 358
32001 7211 403 358
32001 7212 405 360
32748 7388 261 413
32748 7389 263 403
32748 7390 264 409
32748 7391 267 403
32748 7392 268 404
32748 7393 270 404
32748 7394 272 404
32748 7395 273 404
32748 7396 275 404
32748 7397 276 403
32748 7398 276 404
32748 7399 279 405
32748 7400 281 405
32748 7401 283 404
32748 7402 284 405
32748 7403 285 405
32748 7404 287 406
32748 7405 288 405
32748 7406 290 406
32748 7407 291 407
32748 7408 292 407
32748 7409 296 406
32748 7410 299 406
32748 7411 300 408
32748 7412 304 406
32748 7413 310 407
32748 7414 314 407
32748 7415 320 409
32748 7416 326 409
32748 7417 329 409
32748 7418 330 410
32748 7419 331 410
32748 7420 332 410
32748 7421 335 424
32748 7422 336 425
34398 7877 469 364
34398 7878 466 364
34398 7879 463 365
34398 7880 461 365
34398 7881 459 364
34398 7882 457 362
34398 7883 454 362
34398 7884 451 361
34398 7885 448 360
34398 7886 446 359
34398 7887 442 358
34398 7888 440 358
34398 7889 439 359
34398 7890 435 358
34398 7891 432 358
34398 7892 428 358
34398 7893 426 357
34398 7894 424 357
34398 7895 423 352
34398 7896 419 355
34398 7897 415 355
34398 7898 412 356
34398 7899 410 354
34398 7900 406 355
34398 7901 404 354
34398 7902 401 353
34398 7903 398 352
34398 7904 392 357
34398 7905 393 352
34398 7906 391 352
34398 7907 387 357
34398 7908 383 350
34398 7909 381 350
34398 7910 380 350
34398 7911 377 349
34398 7912 373 349
34398 7913 370 349
34398 7914 367 348
34398 7915 364 348
34398 7916 360 348
34398 7917 359 347
34398 7918 356 347
34398 7919 354 347
34398 7920 349 353
34398 7921 349 357
35886 8347 203 297
35886 8348 191 319
35886 8349 186 317
35886 8350 183 309
35886 8351 166 321
35886 8352 156 326
35886 8353 147 331
35886 8354 153 327
35886 8355 146 333
37032 8630 151 327
37032 8631 134 340
37032 8632 116 351
37032 8633 111 353
37032 8634 109 355
37032 8635 109 355
37032 8636 91 366
37356 8725 355 377
37356 8726 352 382
37356 8727 357 381
37356 8728 360 387
37356 8729 363 383
37356 8730 367 384
37356 8731 370 384
37356 8732 375 384
37356 8733 378 384
37356 8734 379 385
37356 8735 383 384
37356 8736 387 385
37356 8737 389 385
37356 8738 394 385
37356 8739 397 385
37356 8740 401 386
37356 8741 402 386
37356 8742 407 386
37356 8743 411 386
37356 8744 414 386
37356 8745 418 386
37356 8746 422 385
37356 8747 425 386
37356 8748 426 387
37356 8749 432 385
37356 8750 434 385
37356 8751 437 385
37356 8752 442 386
37356 8753 446 386
37356 8754 448 386
37356 8755 452 387
37356 8756 457 387
37356 8757 458 388
37356 8758 462 388
37356 8759 465 390
37356 8760 469 388
37356 8761 471 389
37356 8762 479 391
37356 8763 481 391
37356 8764 483 392
37356 8765 488 392
37356 8766 494 392
37356 8767 495 393
37356 8768 500 392
37356 8769 504 395
37356 8770 502 393
37357 8725 374 362
37357 8726 373 357
37357 8727 377 359
37357 8728 387 360
37357 8729 385 358
37357 8730 392 359
37357 8731 394 360
37357 8732 398 360
37357 8733 404 362
37357 8734 407 362
37357 8735 409 362
37357 8736 415 363
37357 8737 419 362
37357 8738 421 364
37357 8739 426 360
37357 8740 430 366
37357 8741 432 366
37357 8742 437 367
37357 8743 442 369
37357 8744 444 369
37357 8745 448 370
37357 8746 453 371
37357 8747 455 371
37357 8748 459 372
37357 8749 464 371
37357 8750 466 373
37357 8751 469 373
37357 8752 474 369
37357 8753 479 372
37357 8754 483 372
37357 8755 487 372
37357 8756 490 374
37357 8757 493 373
37357 8758 495 374
37357 8759 500 373
37357 8760 501 372
37357 8761 507 372
37424 8743 107 437
37424 8744 105 437
37424 8745 102 437
37424 8746 101 437
37424 8747 98 441
37424 8748 96 441
37424 8749 92 443
37424 8750 93 440
37424 8751 88 446
37424 8752 86 450
37424 8753 82 450
37424 8754 81 450
37424 8755 78 450
37424 8756 76 452
37424 8757 74 453
37424 8758 72 454
37424 8759 70 451
37424 8760 68 455
37424 8761 65 458
37424 8762 60 463
37424 8763 58 459
37424 8764 56 460
37424 8765 53 463
37424 8766 51 464
37424 8767 48 462
37424 8768 46 466
37424 8769 44 466
37424 8770 41 468
37424 8771 38 471
37424 8772 35 470
37424 8773 35 472
37424 8774 32 474
37424 8775 31 474
37424 8776 28 475
37486 8760 62 308
37486 8761 64 316
37486 8762 57 320
37486 8763 53 322
37486 8764 49 324
37486 8765 43 326
37486 8766 36 330
37486 8767 30 331
37486 8768 22 333
37486 8769 14 335
37486 8770 8 336
38244 8922 77 322
38244 8923 75 321
38244 8924 80 321
38244 8925 81 320
38244 8926 82 320
38244 8927 80 319
38244 8928 84 316
38244 8929 85 316
38244 8930 87 317
38244 8931 88 315
38244 8932 91 315
38244 8933 93 314
38244 8934 91 314
38244 8935 95 310
38244 8936 96 312
38244 8937 97 311
38244 8938 99 311
38244 8939 101 310
38244 8940 100 308
38244 8941 104 310
38244 8942 105 309
38244 8943 105 307
38244 8944 107 308
38244 8945 109 304
38244 8946 111 303
38244 8947 113 302
38244 8948 114 302
38244 8949 114 302
38244 8950 116 301
38244 8951 116 300
38244 8952 116 301
38244 8953 121 298
38244 8954 121 298
38244 8955 123 298
38244 8956 125 298
38244 8957 126 297
38244 8958 126 297
38244 8959 126 296
38244 8960 129 295
38244 8961 130 295
38244 8962 132 295
38244 8963 131 293
38244 8964 133 294
38244 8965 134 291
38244 8966 136 289
38244 8967 138 291
38244 8968 137 290
38244 8969 138 290
38244 8970 138 290
38244 8971 136 292
38244 8972 140 288
38244 8973 141 287
38244 8974 142 288
38244 8975 142 287
38244 8976 146 287
38244 8977 145 287
38244 8978 146 286
38244 8979 147 283
38244 8980 148 285
38244 8981 148 283
38244 8982 149 284
38244 8983 150 284
38244 8984 152 282
38244 8985 155 282
38675 9029 288 346
38675 9030 289 346
38675 9031 291 346
38675 9032 292 346
38675 9033 296 346
38675 9034 298 346
38675 9035 298 345
38675 9036 302 346
38675 9037 305 346
38675 9038 305 346
38675 9039 308 346
38675 9040 310 345
38675 9041 312 348
38675 9042 315 348
38675 9043 316 348
38675 9044 318 349
38675 9045 320 350
38675 9046 321 351
38675 9047 324 351
38675 9048 325 351
38675 9049 327 352
38675 9050 328 354
38675 9051 329 353
38675 9052 333 354
38675 9053 333 354
38675 9054 335 357
38675 9055 338 357
38675 9056 339 361
38675 9057 342 362
38675 9058 343 361
38675 9059 345 362
38675 9060 346 364
38675 9061 348 364
38675 9062 350 365
38675 9063 350 368
38675 9064 353 365
38675 9065 357 367
38675 9066 360 365
38675 9067 360 368
38675 9068 364 366
38675 9069 366 369
38675 9070 368 368
38675 9071 369 369
38675 9072 371 369
38675 9073 373 372
38675 9074 376 369
38675 9075 378 371
38675 9076 381 370
38675 9077 383 369
38675 9078 384 371
38675 9079 387 374
38675 9080 391 374
38675 9081 393 369
38675 9082 396 371
38675 9083 398 375
38675 9084 400 377
38675 9085 401 376
38675 9086 404 377
38675 9087 408 377
38675 9088 412 379
38675 9089 414 380
38675 9090 415 376
38675 9091 416 380
38675 9092 419 379
38675 9093 423 380
38675 9094 426 380
38675 9095 427 380
38675 9096 430 382
38675 9097 434 382
38675 9098 438 383
38675 9099 439 380
38675 9100 441 382
38675 9101 444 383
38675 9102 448 383
38675 9103 451 384
38675 9104 452 384
38675 9105 454 383
38675 9106 458 381
39034 9134 539 398
39034 9135 541 395
39034 9136 543 396
39034 9137 548 390
39034 9138 549 395
39034 9139 552 394
39034 9140 553 393
39034 9141 556 395
39034 9142 558 395
39034 9143 560 394
39034 9144 562 395
39034 9145 567 391
39034 9146 568 394
39034 9147 570 396
39034 9148 575 396
39034 9149 578 396
39034 9150 580 397
39034 9151 581 397
39034 9152 583 398
39034 9153 589 394
39034 9154 590 397
39034 9155 592 396
39034 9156 594 397
39034 9157 600 397
39034 9158 601 396
39034 9159 602 398
39034 9160 603 403
39034 9161 610 398
39034 9162 611 399
39034 9163 611 399
39034 9164 615 399
39034 9165 620 396
39034 9166 622 400
39034 9167 625 399
39034 9168 630 397
39034 9169 631 398
39034 9170 630 399
39034 9171 632 399
39034 9172 635 399
39034 9173 635 406
39225 9178 347 367
39225 9179 349 368
39225 9180 348 367
39225 9181 349 367
39225 9182 352 367
39225 9183 356 376
39225 9184 360 369
39225 9185 359 369
39225 9186 361 369
39225 9187 366 372
39225 9188 369 371
39225 9189 370 372
39225 9190 371 372
39225 9191 372 376
39225 9192 379 372
39225 9193 382 372
39225 9194 382 373
39225 9195 384 378
39225 9196 388 374
39225 9197 391 375
39225 9198 393 375
39225 9199 395 375
39225 9200 400 375
39225 9201 403 376
39225 9202 404 376
39225 9203 404 384
39225 9204 406 377
39225 9205 410 376
39225 9206 415 376
39225 9207 417 377
39225 9208 416 387
39225 9209 423 377
39225 9210 430 378
39225 9211 427 377
39225 9212 430 377
39225 9213 435 378
39225 9214 439 379
39225 9215 439 378
39225 9216 441 379
39225 9217 444 380
39225 9218 451 381
39225 9219 450 382
39225 9220 452 382
39225 9221 455 382
39225 9222 461 383
39225 9223 462 383
39225 9224 464 383
39225 9225 464 392
39225 9226 469 388
39225 9227 472 390
39225 9228 474 389
39225 9229 474 389
42174 9953 458 435
42174 9954 458 447
42174 9955 461 449
42174 9956 462 450
42174 9957 463 453
42174 9958 467 458
42174 9959 470 449
42174 9960 474 443
42174 9961 476 445
42174 9962 479 443
42174 9963 477 441
42174 9964 484 445
42174 9965 485 445
42174 9966 486 444
42174 9967 487 445
42174 9968 488 450
42174 9969 491 452
42174 9970 495 451
42174 9971 497 452
42174 9972 502 448
42174 9973 503 449
42174 9974 502 454
42174 9975 509 446
42174 9976 512 447
42174 9977 516 446
42174 9978 516 450
42174 9979 516 452
42174 9980 522 447
42174 9981 522 444
42174 9982 527 449
42174 9983 530 450
42174 9984 530 454
42174 9985 535 449
42174 9986 537 447
42174 9987 538 450
42174 9988 543 446
42174 9989 547 445
42174 9990 546 446
42280 9979 5 347
42280 9980 7 343
42280 9981 10 342
42280 9982 14 339
42280 9983 22 330
42280 9984 28 327
42280 9985 36 327
42280 9986 42 324
42280 9987 47 322
42280 9988 54 320
42280 9989 60 316
42280 9990 67 317
42280 9991 70 317
42280 9992 77 322
42280 9993 83 319
43541 10302 89 428
43541 10303 91 422
43541 10304 93 421
43541 10305 92 420
43541 10306 94 419
43541 10307 95 420
43541 10308 100 419
43541 10309 101 414
43541 10310 102 413
43541 10311 105 411
43541 10312 106 414
43541 10313 108 412
43541 10314 106 413
43541 10315 110 409
43541 10316 114 409
43541 10317 116 409
43541 10318 117 406
43541 10319 119 407
43541 10320 121 405
43541 10321 122 403
43541 10322 123 402
43541 10323 125 403
43541 10324 129 403
43541 10325 130 399
43541 10326 132 401
43541 10327 135 399
43541 10328 137 399
43541 10329 138 395
43541 10330 142 396
43541 10331 143 393
43541 10332 145 395
43541 10333 150 402
43541 10334 150 390
43541 10335 152 390
43541 10336 154 390
43541 10337 158 398
43541 10338 161 393
43541 10339 166 393
44338 10513 132 272
44338 10514 130 274
44338 10515 127 276
44338 10516 121 277
44338 10517 120 276
44338 10518 114 281
44338 10519 110 282
44338 10520 106 285
44338 10521 102 285
44338 10522 100 287
44338 10523 96 289
44338 10524 83 291
44338 10525 79 295
44338 10526 76 298
44338 10527 71 300
44338 10528 67 300
44338 10529 63 300
44338 10530 54 304
44338 10531 43 303
44338 10532 39 302
44684 10588 161 323
44684 10589 161 323
44684 10590 158 325
44684 10591 149 330
44684 10592 126 343
44684 10593 128 362
44684 10594 128 363
44684 10595 121 359
45714 10924 221 429
45714 10925 224 424
45714 10926 225 421
45714 10927 227 419
45714 10928 228 423
45714 10929 237 425
45714 10930 241 427
45714 10931 243 425
45714 10932 245 421
45714 10933 247 425
45714 10934 249 424
45714 10935 255 430
45714 10936 257 426
45714 10937 259 425
45714 10938 263 424
45714 10939 270 433
45714 10940 271 431
45714 10941 273 431
45714 10942 273 426
45714 10943 280 434
45714 10944 284 429
45714 10945 287 432
45714 10946 290 429
45714 10947 290 428
45714 10948 295 435
45714 10949 302 436
45714 10950 303 434
45714 10951 306 431
45714 10952 310 433
45714 10953 313 432
45714 10954 317 438
45714 10955 318 438
45714 10956 324 436
45714 10957 328 440
45714 10958 334 440
45714 10959 332 435
45714 10960 336 435
45714 10961 337 440
45714 10962 346 434
48173 11919 438 378
48173 11920 441 373
48173 11921 444 372
48173 11922 447 372
48173 11923 446 372
48173 11924 450 371
48173 11925 453 371
48173 11926 457 373
48173 11927 457 369
48173 11928 460 372
48173 11929 463 374
48173 11930 465 372
48173 11931 467 370
48173 11932 470 366
48173 11933 474 368
48173 11934 477 370
48173 11935 479 370
48173 11936 482 370
48173 11937 486 368
48173 11938 485 371
48173 11939 487 371
48173 11940 491 370
48173 11941 496 370
48173 11942 497 372
48173 11943 499 370
48173 11944 502 369
48173 11945 505 372
48173 11946 507 373
48173 11947 510 374
48173 11948 513 372
48173 11949 516 368
48173 11950 518 372
48173 11951 522 373
48173 11952 525 370
48173 11953 526 372
48173 11954 528 371
48173 11955 532 371
48173 11956 536 375
48173 11957 537 372
48173 11958 540 375
48173 11959 541 376
48173 11960 546 374
48173 11961 548 377
48173 11962 553 374
48173 11963 551 375
48173 11964 556 375
48173 11965 560 377
48173 11966 560 377
48173 11967 564 380
48173 11968 568 377
48173 11969 568 381
48173 11970 572 382
48173 11971 574 383
48173 11972 576 383
48173 11973 575 385
50948 12679 176 253
50948 12680 172 255
50948 12681 169 259
50948 12682 165 259
50948 12683 162 261
50948 12684 159 262
50948 12685 155 263
50948 12686 151 265
50948 12687 147 268
50948 12688 140 269
50948 12689 137 270
50948 12690 131 272
50948 12691 126 273
50948 12692 122 274
50948 12693 121 275
50948 12694 117 279
50948 12695 113 280
50948 12696 113 279
50948 12697 110 280
50948 12698 108 281
51029 12706 632 449
51029 12707 628 446
51029 12708 629 443
51029 12709 626 437
51029 12710 628 435
51029 12711 622 434
51029 12712 618 430
51029 12713 614 434
51029 12714 611 428
51029 12715 610 426
51029 12716 606 426
51029 12717 605 427
51029 12718 601 425
51029 12719 597 422
51029 12720 591 427
51029 12721 590 420
51029 12722 587 418
51029 12723 586 416
51029 12724 583 414
51029 12725 581 413
51029 12726 581 411
51029 12727 577 413
51029 12728 574 415
51109 12732 308 268
51109 12733 321 256
51109 12734 325 258
51109 12735 323 258
51109 12736 321 249
51109 12737 308 250
51109 12738 318 246
51109 12739 315 248
51109 12740 313 260
51109 12741 304 266
51109 12742 301 266
51109 12743 299 267
51109 12744 299 266
51109 12745 298 259
51109 12746 322 275
51109 12747 346 282
51109 12748 346 283
51109 12749 347 283
51109 12750 346 284