24 86 136 278
24 87 135 282
24 88 125 279
24 89 125 286
24 90 122 289
24 91 119 290
24 92 117 291
24 93 114 290
24 94 110 296
24 95 86 306
24 96 73 306
24 97 67 309
24 98 63 314
24 99 56 315
24 100 52 314
24 101 47 318
24 102 44 320
24 103 40 321
24 104 39 318
24 105 33 322
24 106 19 326
24 107 11 322
24 108 5 328
24 109 10 324
24 110 7 320
106 245 359 340
106 246 380 342
106 247 405 331
106 248 391 318
106 249 390 313
106 250 395 314
106 251 400 306
139 310 155 389
139 311 175 377
139 312 188 373
139 313 205 367
139 314 218 362
139 315 224 360
139 316 230 357
139 317 234 355
139 318 243 357
211 398 87 475
211 399 112 471
211 400 121 469
211 401 149 463
211 402 166 460
211 403 175 458
211 404 184 453
211 405 191 452
211 406 195 452
211 407 198 453
279 465 211 315
279 466 207 314
279 467 203 316
279 468 198 316
279 469 192 320
279 470 180 329
279 471 172 332
279 472 163 333
279 473 156 334
279 474 148 335
279 475 142 335
279 476 130 339
279 477 120 339
279 478 109 344
279 479 100 346
279 480 90 347
279 481 83 351
279 482 76 354
279 483 71 356
279 484 69 355
279 485 64 356
279 486 59 354
279 487 56 357
279 488 54 355
279 489 50 361
279 490 47 357
279 491 44 361
279 492 40 362
279 493 32 363
279 494 25 363
279 495 17 363
279 496 11 366
279 497 5 365
478 697 131 328
478 698 128 333
478 699 112 331
478 700 94 327
478 701 75 321
478 702 80 293
478 703 77 293
478 704 70 295
478 705 68 295
652 918 198 342
652 919 198 346
652 920 202 345
652 921 208 345
652 922 207 346
652 923 211 347
652 924 215 346
652 925 219 348
652 926 223 348
652 927 229 349
652 928 233 350
652 929 237 348
652 930 244 350
652 931 243 348
652 932 250 351
652 933 253 347
652 934 259 352
652 935 261 352
652 936 275 354
652 937 302 356
652 938 311 355
652 939 318 357
652 940 323 354
652 941 328 355
652 942 332 353
652 943 335 357
652 944 338 355
652 945 343 356
652 946 343 356
652 947 346 355
652 948 349 357
652 949 363 357
652 950 382 356
652 951 388 355
652 952 398 355
652 953 401 356
652 954 408 355
672 937 332 459
672 938 321 457
672 939 309 454
672 940 298 452
672 941 291 448
672 942 286 449
672 943 282 446
672 944 274 447
672 945 272 445
672 946 268 441
672 947 262 444
672 948 259 441
672 949 242 441
672 950 216 440
672 951 205 435
672 952 197 433
672 953 191 428
672 954 187 427
672 955 176 423
672 956 172 423
672 957 165 422
672 958 157 417
672 959 148 409
672 960 137 406
672 961 128 405
672 962 116 403
672 963 107 400
672 964 102 397
672 965 99 397
672 966 91 399
672 967 90 394
672 968 84 385
672 969 82 392
672 970 76 399
672 971 69 398
672 972 63 389
672 973 57 387
672 974 54 379
672 975 50 381
672 976 47 379
672 977 43 379
672 978 41 377
672 979 38 380
672 980 37 379
672 981 32 372
676 952 372 362
676 953 363 365
676 954 354 367
676 955 339 373
676 956 328 371
676 957 318 375
676 958 306 377
676 959 291 381
676 960 275 384
676 961 259 386
676 962 238 390
676 963 226 393
676 964 218 399
676 965 210 397
676 966 202 403
676 967 196 403
676 968 197 408
677 955 7 461
677 956 12 455
677 957 19 455
677 958 26 453
677 959 33 444
677 960 41 437
677 961 51 433
677 962 62 429
677 963 70 436
682 968 190 400
682 969 182 405
682 970 169 406
682 971 157 415
682 972 146 409
682 973 136 412
682 974 132 412
682 975 124 411
682 976 118 414
682 977 119 421
682 978 105 423
682 979 104 417
682 980 96 420
682 981 91 415
682 982 85 418
682 983 81 416
682 984 78 422
682 985 74 422
682 986 70 418
682 987 65 426
682 988 63 424
682 989 58 422
682 990 53 427
682 991 47 430
682 992 39 431
682 993 28 431
682 994 14 435
732 1036 630 381
732 1037 630 377
732 1038 628 377
732 1039 626 381
732 1040 624 385
732 1041 619 393
732 1042 604 406
732 1043 602 411
732 1044 594 421
744 1045 563 445
744 1046 550 453
744 1047 542 455
744 1048 534 463
744 1049 527 465
744 1050 514 466
744 1051 504 467
744 1052 494 472
744 1053 489 474
744 1054 481 473
755 1052 314 335
755 1053 310 327
755 1054 302 327
755 1055 299 328
755 1056 293 328
755 1057 290 331
755 1058 281 332
755 1059 276 334
755 1060 271 333
755 1061 265 334
755 1062 261 336
755 1063 255 339
755 1064 247 336
755 1065 243 342
755 1066 236 342
755 1067 233 345
755 1068 227 348
755 1069 223 350
755 1070 216 350
755 1071 210 355
755 1072 204 355
755 1073 188 360
755 1074 177 366
755 1075 169 366
755 1076 163 367
755 1077 156 369
755 1078 151 373
755 1079 144 372
755 1080 132 379
755 1081 115 373
755 1082 106 380
819 1169 3 349
819 1170 3 348
819 1171 6 348
819 1172 9 345
819 1173 17 344
819 1174 22 344
819 1175 26 347
819 1176 31 345
819 1177 35 344
819 1178 45 344
819 1179 59 353
819 1180 64 345
819 1181 72 346
819 1182 78 347
819 1183 86 347
819 1184 90 347
819 1185 94 346
819 1186 97 341
819 1187 97 333
819 1188 102 343
819 1189 107 345
819 1190 110 339
819 1191 113 339
819 1192 117 339
819 1193 117 338
819 1194 120 336
819 1195 122 338
819 1196 123 339
819 1197 123 339
857 1201 290 324
857 1202 294 323
857 1203 296 327
857 1204 303 330
857 1205 300 338
857 1206 290 332
857 1207 292 327
857 1208 297 325
857 1209 302 323
857 1210 307 320
857 1211 314 318
857 1212 321 310
857 1213 328 309
857 1214 334 309
857 1215 340 308
857 1216 347 307
940 1271 206 475
940 1272 188 469
940 1273 181 468
940 1274 176 466
940 1275 169 463
940 1276 146 456
940 1277 136 454
940 1278 127 449
940 1279 121 441
940 1280 115 441
940 1281 112 433
940 1282 111 433
964 1282 103 423
964 1283 105 429
964 1284 104 434
964 1285 99 427
964 1286 89 429
964 1287 83 419
964 1288 79 418
964 1289 73 414
964 1290 71 409
964 1291 65 414
964 1292 58 411
964 1293 53 409
964 1294 29 394
964 1295 23 386
964 1296 19 379
964 1297 12 377
964 1298 14 381
964 1299 11 379
1002 1316 581 310
1002 1317 582 312
1002 1318 590 319
1002 1319 593 321
1002 1320 596 326
1002 1321 601 334
1002 1322 605 334
1002 1323 608 340
1002 1324 610 337
1002 1325 612 340
1002 1326 616 340
1002 1327 619 348
1002 1328 625 350
1002 1329 629 350
1002 1330 633 352
1002 1331 635 354
1008 1351 614 410
1008 1352 615 411
1008 1353 613 412
1008 1354 609 416
1008 1355 604 418
1008 1356 602 420
1008 1357 594 424
1008 1358 591 427
1008 1359 587 428
1008 1360 584 431
1008 1361 581 434
1008 1362 572 443
1008 1363 558 438
1102 1440 520 459
1102 1441 530 459
1102 1442 542 455
1102 1443 551 451
1102 1444 560 446
1102 1445 566 445
1102 1446 571 441
1102 1447 572 442
1102 1448 578 437
1102 1449 582 436
1102 1450 591 430
1102 1451 599 426
1102 1452 605 422
1102 1453 606 423
1102 1454 614 417
1102 1455 612 417
1115 1453 4 434
1115 1454 7 444
1115 1455 15 440
1115 1456 25 436
1115 1457 38 434
1115 1458 44 429
1115 1459 61 425
1115 1460 71 420
1115 1461 78 412
1115 1462 84 412
1115 1463 88 406
1115 1464 95 408
1115 1465 97 404
1115 1466 110 404
1115 1467 128 395
1115 1468 136 393
1115 1469 142 386
1115 1470 145 384
1115 1471 149 381
1115 1472 152 382
1115 1473 155 378
1115 1474 158 378
1115 1475 161 374
1115 1476 163 377
1115 1477 166 376
1115 1478 169 373
1115 1479 173 373
1115 1480 176 371
1115 1481 183 368
1115 1482 187 366
1115 1483 192 364
1115 1484 197 362
1115 1485 198 361
1115 1486 202 360
1115 1487 206 356
1115 1488 206 357
1115 1489 209 355
1115 1490 214 354
1115 1491 228 349
1115 1492 233 354
1195 1527 308 340
1195 1528 302 336
1195 1529 296 339
1195 1530 288 340
1195 1531 283 339
1195 1532 278 342
1195 1533 272 343
1195 1534 267 344
1195 1535 259 345
1195 1536 239 348
1195 1537 233 350
1195 1538 228 351
1195 1539 218 354
1195 1540 209 359
1195 1541 199 359
1195 1542 195 360
1195 1543 189 361
1195 1544 183 364
1195 1545 177 366
1195 1546 167 370
1195 1547 154 373
1195 1548 143 374
1195 1549 133 378
1195 1550 123 383
1195 1551 115 377
1195 1552 109 387
1218 1556 80 371
1218 1557 75 373
1218 1558 68 376
1218 1559 63 388
1218 1560 57 393
1218 1561 53 386
1218 1562 48 388
1218 1563 43 389
1218 1564 39 391
1218 1565 38 391
1218 1566 31 388
1218 1567 27 392
1218 1568 24 395
1218 1569 19 399
1218 1570 11 399
1218 1571 4 400
1218 1572 4 400
1368 1722 21 417
1368 1723 38 416
1368 1724 49 413
1368 1725 61 415
1368 1726 72 412
1368 1727 80 405
1368 1728 90 408
1368 1729 96 402
1368 1730 105 405
1368 1731 113 404
1368 1732 117 399
1368 1733 125 401
1368 1734 133 402
1368 1735 140 400
1368 1736 146 399
1368 1737 153 398
1368 1738 161 395
1368 1739 165 398
1368 1740 177 397
1368 1741 189 398
1368 1742 202 389
1368 1743 212 390
1368 1744 222 386
1368 1745 232 384
1368 1746 241 384
1368 1747 252 381
1368 1748 259 381
1368 1749 268 379
1368 1750 278 379
1368 1751 290 377
1368 1752 319 374
1368 1753 338 369
1368 1754 347 368
1422 1764 413 355
1422 1765 405 356
1422 1766 396 360
1422 1767 390 360
1422 1768 381 362
1422 1769 368 366
1422 1770 347 371
1422 1771 318 377
1422 1772 301 383
1422 1773 297 382
1422 1774 276 385
1422 1775 255 392
1422 1776 241 394
1422 1777 233 399
1422 1778 221 405
1422 1779 212 403
1422 1780 206 408
1422 1781 198 415
1422 1782 194 407
1422 1783 194 416
1486 1783 187 414
1486 1784 183 406
1486 1785 174 419
1486 1786 166 422
1486 1787 155 424
1486 1788 142 427
1486 1789 127 430
1486 1790 118 424
1486 1791 101 433
1486 1792 88 434
1486 1793 77 436
1486 1794 71 428
1486 1795 64 434
1486 1796 56 440
1486 1797 49 433
1486 1798 43 438
1486 1799 43 440
1548 1799 4 353
1548 1800 13 353
1548 1801 26 352
1548 1802 34 350
1548 1803 40 350
1548 1804 46 347
1548 1805 54 356
1548 1806 71 349
1548 1807 83 348
1548 1808 93 348
1548 1809 96 349
1548 1810 103 347
1548 1811 107 348
1548 1812 116 349
1548 1813 121 347
1548 1814 127 349
1548 1815 134 329
1548 1816 136 349
1548 1817 140 349
1559 1803 556 459
1559 1804 551 453
1559 1805 547 460
1559 1806 536 460
1559 1807 530 463
1559 1808 524 465
1559 1809 523 466
1559 1810 518 468
1559 1811 515 469
1559 1812 504 471
1559 1813 500 472
1559 1814 495 473
1559 1815 490 474
1559 1816 484 475
1559 1817 479 475
1830 1922 155 353
1830 1923 150 352
1830 1924 148 354
1830 1925 142 358
1830 1926 138 351
1830 1927 135 354
1830 1928 135 354
1830 1929 131 354
1830 1930 127 358
1830 1931 122 355
1830 1932 118 355
1830 1933 114 358
1830 1934 110 358
1830 1935 108 356
1830 1936 103 355
1830 1937 95 356
1830 1938 87 358
1830 1939 83 359
1830 1940 76 361
1830 1941 59 364
1830 1942 47 365
1830 1943 38 363
1859 1935 163 380
1859 1936 159 378
1859 1937 154 377
1859 1938 150 381
1859 1939 147 383
1859 1940 144 384
1859 1941 135 399
1859 1942 131 401
1859 1943 128 404
1859 1944 123 407
1859 1945 119 419
1859 1946 117 424
1859 1947 109 420
1859 1948 93 437
1859 1949 85 438
1859 1950 81 443
1859 1951 75 451
1859 1952 64 455
1859 1953 57 457
1859 1954 39 463
1952 2031 158 297
1952 2032 153 302
1952 2033 149 305
1952 2034 143 306
1952 2035 135 308
1952 2036 129 305
1952 2037 125 309
1952 2038 119 310
1952 2039 113 308
1952 2040 110 309
1952 2041 103 312
1952 2042 96 313
1952 2043 92 314
1952 2044 81 315
1952 2045 59 327
1952 2046 31 334
1952 2047 6 342
2048 2201 79 395
2048 2202 97 394
2048 2203 107 397
2048 2204 115 388
2048 2205 125 390
2048 2206 138 382
2048 2207 149 382
2048 2208 162 379
2048 2209 166 377
2048 2210 173 376
2048 2211 183 376
2048 2212 195 373
2048 2213 207 370
2048 2214 213 366
2048 2215 216 367
2048 2216 224 363
2048 2217 231 363
2048 2218 240 361
2048 2219 251 356
2048 2220 258 355
2048 2221 260 355
2048 2222 262 351
2048 2223 265 353
2048 2224 266 351
2066 2224 267 339
2066 2225 269 344
2066 2226 272 345
2066 2227 275 344
2066 2228 280 342
2066 2229 289 343
2066 2230 293 344
2066 2231 302 345
2066 2232 309 345
2066 2233 318 346
2066 2234 331 346
2066 2235 343 347
2066 2236 354 347
2066 2237 361 346
2066 2238 368 347
2066 2239 377 347
2066 2240 385 347
2066 2241 391 347
2066 2242 397 350
2066 2243 401 347
2066 2244 408 349
2066 2245 414 348
2131 2298 123 329
2131 2299 142 340
2131 2300 146 336
2131 2301 149 337
2131 2302 166 331
2131 2303 177 327
2131 2304 183 325
2131 2305 191 322
2131 2306 197 320
2131 2307 208 319
2131 2308 215 318
2131 2309 216 324
2133 2301 634 367
2133 2302 629 388
2133 2303 625 392
2133 2304 622 397
2133 2305 618 400
2133 2306 615 405
2133 2307 609 413
2133 2308 603 417
2133 2309 601 418
2133 2310 596 424
2133 2311 589 428
2133 2312 589 428
2133 2313 579 440
2133 2314 571 442
2133 2315 570 449
2342 2473 83 455
2342 2474 98 455
2342 2475 109 455
2342 2476 113 456
2342 2477 122 456
2342 2478 134 456
2342 2479 145 458
2342 2480 165 459
2342 2481 181 459
2342 2482 200 459
2342 2483 215 459
2342 2484 227 460
2342 2485 237 461
2342 2486 249 461
2342 2487 261 461
2342 2488 269 461
2342 2489 278 463
2342 2490 291 462
2342 2491 302 461
2342 2492 311 462
2342 2493 319 462
2342 2494 332 462
2342 2495 340 463
2342 2496 352 463
2342 2497 363 463
2342 2498 371 464
2342 2499 376 470
2684 2737 360 288
2684 2738 344 289
2684 2739 328 290
2684 2740 336 297
2684 2741 334 302
2684 2742 328 301
2684 2743 324 306
2684 2744 320 306
2684 2745 317 307
2684 2746 315 315
2684 2747 310 316
2684 2748 307 316
2684 2749 301 317
2691 2748 117 476
2691 2749 111 473
2691 2750 103 471
2691 2751 100 469
2691 2752 88 463
2691 2753 81 461
2691 2754 71 458
2691 2755 66 443
2691 2756 55 436
2691 2757 51 438
2691 2758 47 430
2691 2759 45 427
2691 2760 42 424
2691 2761 39 422
2691 2762 28 426
2691 2763 23 422
2691 2764 23 426
2693 2753 300 331
2693 2754 288 328
2693 2755 279 329
2693 2756 261 334
2693 2757 255 339
2693 2758 247 340
2693 2759 241 338
2693 2760 236 340
2693 2761 230 341
2693 2762 213 347
2693 2763 205 350
2693 2764 196 352
2693 2765 190 355
2693 2766 181 359
2693 2767 174 363
2693 2768 171 360
2693 2769 165 367
2693 2770 160 366
2693 2771 155 368
2693 2772 152 369
2693 2773 146 370
2693 2774 142 370
2693 2775 138 372
2693 2776 132 375
2693 2777 128 374
2693 2778 121 381
2693 2779 115 380
2693 2780 96 398
2791 2827 593 440
2791 2828 602 433
2791 2829 607 422
2791 2830 613 417
2791 2831 616 413
2791 2832 621 400
2791 2833 627 402
2791 2834 628 393
2791 2835 631 387
2791 2836 635 377
2795 2831 4 342
2795 2832 12 344
2795 2833 19 343
2795 2834 27 346
2795 2835 39 348
2795 2836 61 348
2795 2837 75 347
2795 2838 85 350
2795 2839 94 348
2795 2840 101 348
2795 2841 125 354
2795 2842 136 352
2795 2843 147 352
2795 2844 160 353
2795 2845 170 352
2795 2846 182 353
2795 2847 201 354
2795 2848 212 354
2795 2849 223 354
2795 2850 244 355
2795 2851 264 358
2797 2833 206 473
2797 2834 196 470
2797 2835 180 466
2797 2836 158 458
2797 2837 146 454
2797 2838 137 449
2797 2839 128 444
2797 2840 120 438
2797 2841 96 431
2797 2842 85 423
2797 2843 77 423
2797 2844 63 412
2797 2845 54 407
2797 2846 50 416
2835 2883 401 357
2835 2884 388 359
2835 2885 375 353
2835 2886 355 367
2835 2887 341 367
2835 2888 331 367
2835 2889 320 369
2835 2890 309 370
2835 2891 293 370
2835 2892 284 372
2835 2893 274 374
2835 2894 266 372
2835 2895 262 374
2835 2896 251 374
2835 2897 238 376
2846 2898 203 380
2846 2899 190 381
2846 2900 180 382
2846 2901 169 381
2846 2902 164 379
2846 2903 150 382
2846 2904 142 383
2846 2905 125 382
2846 2906 111 389
2846 2907 101 395
3025 2948 242 313
3025 2949 232 313
3025 2950 227 312
3025 2951 217 314
3025 2952 208 313
3025 2953 200 314
3025 2954 195 315
3025 2955 187 316
3025 2956 179 316
3025 2957 167 318
3025 2958 158 323
3025 2959 147 326
3025 2960 135 325
3025 2961 126 323
3025 2962 121 330
3025 2963 114 328
3025 2964 108 329
3025 2965 99 330
3025 2966 93 330
3025 2967 86 338
3025 2968 79 328
3072 2980 305 263
3072 2981 310 264
3072 2982 313 265
3072 2983 312 292
3072 2984 295 295
3072 2985 293 295
3072 2986 265 286
3072 2987 265 284
3111 3009 599 314
3111 3010 590 317
3111 3011 585 318
3111 3012 581 321
3111 3013 576 323
3111 3014 571 324
3111 3015 563 326
3111 3016 554 326
3111 3017 546 329
3111 3018 539 331
3111 3019 543 341
3113 3011 96 391
3113 3012 101 400
3113 3013 103 390
3113 3014 108 382
3113 3015 117 385
3113 3016 128 379
3113 3017 138 379
3113 3018 146 380
3113 3019 158 378
3113 3020 175 377
3113 3021 188 377
3113 3022 205 375
3113 3023 219 373
3113 3024 236 372
3113 3025 261 371
3113 3026 274 370
3113 3027 288 369
3113 3028 297 368
3113 3029 304 367
3113 3030 316 366
3113 3031 322 367
3113 3032 332 366
3113 3033 336 363
3113 3034 344 365
3113 3035 346 362
3113 3036 352 363
3113 3037 355 363
3113 3038 361 363
3113 3039 362 363
3113 3040 360 366
3113 3041 351 369
3113 3042 345 371
3113 3043 343 373
3113 3044 334 374
3113 3045 324 376
3113 3046 313 386
3174 3053 235 389
3174 3054 226 391
3174 3055 216 393
3174 3056 207 400
3174 3057 197 402
3174 3058 189 394
3174 3059 183 402
3174 3060 175 403
3174 3061 172 403
3174 3062 159 412
3174 3063 146 413
3174 3064 126 418
3174 3065 111 418
3174 3066 102 424
3174 3067 92 424
3174 3068 81 428
3174 3069 71 430
3174 3070 64 430
3174 3071 57 422
3174 3072 42 433
3174 3073 33 427
3174 3074 18 436
3174 3075 9 436
3195 3075 6 425
3195 3076 5 399
3195 3077 10 392
3195 3078 13 392
3195 3079 19 394
3195 3080 22 390
3195 3081 28 386
3195 3082 35 385
3195 3083 38 382
3195 3084 47 381
3195 3085 55 372
3195 3086 63 372
3195 3087 68 366
3195 3088 74 364
3195 3089 80 362
3195 3090 87 358
3195 3091 93 356
3195 3092 99 354
3195 3093 106 355
3195 3094 114 353
3195 3095 122 351
3195 3096 144 347
3195 3097 150 342
3195 3098 134 334
3195 3099 163 338
3195 3100 170 333
3195 3101 178 333
3195 3102 194 324
3195 3103 203 322
3195 3104 210 320
3195 3105 215 319
3195 3106 218 317
3195 3107 224 317
3195 3108 233 316
3195 3109 247 313
3236 3110 369 466
3236 3111 342 466
3236 3112 329 466
3236 3113 318 466
3236 3114 306 465
3236 3115 300 465
3236 3116 289 465
3236 3117 274 465
3236 3118 257 464
3236 3119 232 464
3236 3120 217 464
3236 3121 203 464
3236 3122 189 463
3236 3123 184 464
3236 3124 169 463
3236 3125 159 462
3236 3126 149 463
3236 3127 130 461
3236 3128 110 461
3236 3129 88 461
3236 3130 68 459
3236 3131 61 460
3236 3132 51 459
3236 3133 44 459
3236 3134 35 459
3236 3135 32 458
3236 3136 22 458
3236 3137 17 458
3236 3138 8 460
3311 3143 190 311
3311 3144 187 311
3311 3145 184 313
3311 3146 180 315
3311 3147 179 315
3311 3148 176 316
3311 3149 169 318
3311 3150 162 323
3311 3151 156 324
3311 3152 151 325
3311 3153 148 328
3311 3154 144 328
3311 3155 141 328
3311 3156 136 332
3311 3157 130 333
3311 3158 126 335
3311 3159 122 335
3311 3160 118 338
3311 3161 108 347
3311 3162 100 349
3311 3163 94 351
3311 3164 78 359
3311 3165 72 363
3311 3166 61 366
3311 3167 48 375
3311 3168 36 380
3311 3169 24 387
3311 3170 20 407
3311 3171 22 411
3311 3172 16 407
3311 3173 11 399
3311 3174 4 401
3400 3181 117 279
3400 3182 103 279
3400 3183 93 279
3400 3184 71 278
3400 3185 56 279
3400 3186 41 261
3400 3187 32 263
3400 3188 22 263
3400 3189 13 262
3400 3190 6 263
3410 3185 43 397
3410 3186 46 387
3410 3187 50 385
3410 3188 54 376
3410 3189 61 374
3410 3190 66 367
3410 3191 70 365
3410 3192 75 362
3410 3193 84 356
3410 3194 90 354
3410 3195 92 350
3410 3196 97 347
3410 3197 100 344
3410 3198 105 341
3410 3199 115 338
3410 3200 121 333
3410 3201 124 334
3410 3202 127 332
3468 3224 222 363
3468 3225 201 354
3468 3226 190 353
3468 3227 185 353
3468 3228 177 352
3468 3229 174 355
3468 3230 171 355
3468 3231 163 355
3468 3232 151 354
3468 3233 146 351
3468 3234 141 352
3468 3235 126 352
3468 3236 114 352
3468 3237 107 352
3468 3238 102 351
3468 3239 96 348
3468 3240 82 348
3529 3263 621 308
3529 3264 611 308
3529 3265 599 310
3529 3266 593 313
3529 3267 585 318
3529 3268 577 319
3529 3269 569 320
3529 3270 560 321
3529 3271 549 320
3529 3272 539 319
3529 3273 517 319
3529 3274 525 296
3529 3275 518 304
3529 3276 522 305
3529 3277 523 305
3562 3287 635 372
3562 3288 633 373
3562 3289 629 383
3562 3290 624 387
3562 3291 622 393
3562 3292 608 412
3562 3293 592 413
3562 3294 576 421
3562 3295 565 430
3565 3289 307 360
3565 3290 297 349
3565 3291 291 345
3565 3292 271 348
3565 3293 256 350
3565 3294 249 359
3565 3295 245 362
3565 3296 241 364
3565 3297 229 372
3565 3298 226 375
3565 3299 226 369
3591 3300 222 396
3591 3301 219 395
3591 3302 205 414
3591 3303 202 413
3591 3304 196 423
3591 3305 195 416
3591 3306 188 426
3591 3307 185 431
3591 3308 183 426
3591 3309 179 429
3614 3309 185 445
3614 3310 170 446
3614 3311 161 450
3614 3312 151 456
3614 3313 128 464
3614 3314 121 469
3614 3315 115 471
3614 3316 110 474
3730 3388 4 463
3730 3389 12 455
3730 3390 29 453
3730 3391 40 453
3730 3392 53 452
3730 3393 63 450
3730 3394 74 450
3730 3395 91 439
3738 3399 212 441
3738 3400 214 419
3738 3401 237 408
3738 3402 251 404
3738 3403 269 401
3738 3404 280 396
3738 3405 288 395
3738 3406 313 389
3738 3407 338 378
3738 3408 352 375
3738 3409 365 370
3738 3410 384 361
3738 3411 398 358
3738 3412 413 355
3742 3402 426 291
3742 3403 415 297
3742 3404 410 300
3742 3405 408 300
3742 3406 392 303
3742 3407 376 309
3742 3408 369 312
3742 3409 361 316
3742 3410 344 320
3742 3411 333 322
3773 3422 199 367
3773 3423 192 361
3773 3424 187 360
3773 3425 181 357
3773 3426 177 363
3773 3427 172 364
3773 3428 165 362
3773 3429 162 363
3773 3430 154 363
3773 3431 149 371
3773 3432 140 373
3773 3433 135 379
3773 3434 127 382
3773 3435 122 386
3773 3436 117 400
3828 3458 611 420
3828 3459 610 427
3828 3460 604 434
3828 3461 602 430
3828 3462 610 426
3828 3463 608 427
3828 3464 603 429
3828 3465 600 432
3828 3466 594 435
3828 3467 589 438
3828 3468 585 441
3828 3469 581 442
3828 3470 577 444
3828 3471 573 446
3828 3472 571 447
3828 3473 569 450
3828 3474 567 452
3828 3475 564 453
3828 3476 562 454
3828 3477 555 457
3828 3478 554 459
3828 3479 549 462
3828 3480 545 464
3828 3481 539 467
3828 3482 532 471
3828 3483 527 474
3828 3484 522 475
3864 3485 3 277
3864 3486 12 280
3864 3487 30 279
3864 3488 39 281
3864 3489 49 280
3864 3490 54 280
3864 3491 62 280
3864 3492 72 281
3864 3493 81 279
3864 3494 88 280
3864 3495 95 281
3864 3496 104 281
3864 3497 121 278
3864 3498 133 277
3864 3499 143 275
3864 3500 148 274
3864 3501 154 274
3864 3502 162 273
3864 3503 165 273
3864 3504 172 272
3864 3505 177 272
3864 3506 188 270
3864 3507 201 269
3864 3508 210 265
3912 3583 5 351
3912 3584 9 353
3912 3585 11 351
3912 3586 19 351
3912 3587 28 352
3912 3588 35 351
3912 3589 49 351
3912 3590 64 353
3912 3591 78 353
3912 3592 87 351
3912 3593 113 342
3912 3594 126 358
3912 3595 140 358
3912 3596 145 360
3912 3597 158 361
3912 3598 187 359
3912 3599 195 359
3912 3600 207 362
3912 3601 213 360
3912 3602 223 359
3949 3618 327 299
3949 3619 326 301
3949 3620 321 305
3949 3621 317 306
3949 3622 315 308
3949 3623 313 309
3949 3624 311 312
3949 3625 307 314
3949 3626 299 317
3949 3627 284 324
3949 3628 279 326
3949 3629 274 328
3949 3630 264 330
3949 3631 256 331
3949 3632 249 332
3949 3633 228 339
3949 3634 217 341
3949 3635 198 347
3949 3636 179 353
3949 3637 151 359
3949 3638 133 364
3969 3639 7 408
3969 3640 15 417
3969 3641 25 423
3969 3642 27 426
3969 3643 33 423
3969 3644 39 429
3969 3645 47 434
3969 3646 56 441
3969 3647 60 444
3969 3648 75 456
3969 3649 82 455
3969 3650 89 457
3969 3651 95 459
3969 3652 101 462
3969 3653 106 464
3969 3654 111 466
3969 3655 113 468
3969 3656 116 470
3969 3657 118 472
3983 3645 636 405
3983 3646 628 414
3983 3647 620 418
3983 3648 601 434
3983 3649 588 438
3983 3650 575 447
3983 3651 562 456
3983 3652 547 462
3983 3653 533 463
3983 3654 523 467
3983 3655 512 467
3983 3656 495 469
3983 3657 477 474
3995 3651 407 331
3995 3652 402 343
3995 3653 395 343
3995 3654 389 345
3995 3655 382 342
3995 3656 374 346
3995 3657 364 344
3995 3658 356 345
3995 3659 353 347
3995 3660 347 347
3995 3661 345 351
3995 3662 342 349
3995 3663 336 358
3995 3664 332 359
3995 3665 329 361
3995 3666 341 355
3995 3667 336 353
4011 3663 292 299
4011 3664 284 300
4011 3665 278 301
4011 3666 262 299
4011 3667 260 300
4011 3668 240 303
4011 3669 232 303
4011 3670 227 303
4011 3671 223 303
4011 3672 211 305
4011 3673 209 305
4011 3674 199 309
4011 3675 196 309
4011 3676 191 309
4011 3677 188 299
4011 3678 185 298
4011 3679 178 298
4011 3680 174 301
4011 3681 168 301
4011 3682 164 300
4011 3683 161 300
4011 3684 155 299
4011 3685 150 298
4011 3686 147 298
4011 3687 145 297
4011 3688 142 295
4011 3689 140 296
4011 3690 140 295
4011 3691 136 295
4011 3692 124 299
4013 3666 318 370
4013 3667 313 370
4013 3668 298 376
4013 3669 287 369
4013 3670 283 370
4013 3671 281 384
4013 3672 268 390
4013 3673 261 393
4013 3674 253 396
4013 3675 248 398
4013 3676 243 400
4013 3677 239 403
4013 3678 232 407
4013 3679 224 409
4013 3680 214 419
4013 3681 209 422
4013 3682 204 424
4013 3683 200 414
4013 3684 196 425
4013 3685 191 427
4013 3686 186 422
4013 3687 185 428
4013 3688 183 420
4013 3689 183 416
4013 3690 180 416
4021 3671 276 352
4021 3672 256 348
4021 3673 244 348
4021 3674 233 351
4021 3675 226 351
4021 3676 217 351
4021 3677 211 350
4021 3678 202 350
4021 3679 192 349
4021 3680 181 351
4021 3681 174 349
4021 3682 167 349
4021 3683 162 348
4021 3684 158 346
4021 3685 154 347
4021 3686 150 346
4021 3687 147 347
4021 3688 143 342
4021 3689 139 352
4021 3690 140 351
4021 3691 131 346
4021 3692 120 347