48 23 313 394
48 24 318 388
48 25 310 387
48 26 303 387
48 27 297 383
48 28 290 385
48 29 282 382
48 30 275 382
48 31 269 381
48 32 263 379
48 33 259 380
48 34 250 378
48 35 245 376
48 36 238 375
48 37 233 375
48 38 227 374
48 39 221 371
48 40 217 372
48 41 210 370
48 42 212 364
232 140 388 361
232 141 387 358
232 142 386 359
232 143 380 358
232 144 375 358
232 145 374 358
232 146 370 357
232 147 362 357
232 148 360 358
232 149 359 358
232 150 351 357
232 151 347 357
232 152 348 357
232 153 343 357
232 154 336 356
232 155 334 358
232 156 330 360
232 157 325 357
232 158 321 356
232 159 319 356
232 160 318 356
232 161 309 356
232 162 306 356
232 163 307 356
232 164 300 356
232 165 295 356
232 166 294 356
232 167 289 355
232 168 282 355
232 169 280 356
232 170 280 356
232 171 272 356
232 172 269 356
232 173 266 356
232 174 265 356
232 175 256 355
232 176 257 349
633 500 277 290
633 501 275 286
633 502 273 288
633 503 273 287
633 504 271 288
633 505 270 289
633 506 268 289
633 507 266 288
633 508 265 290
633 509 263 291
633 510 263 292
633 511 261 291
633 512 260 292
633 513 258 292
633 514 257 293
633 515 255 292
633 516 253 294
633 517 252 295
633 518 251 293
633 519 250 295
633 520 247 295
633 521 245 296
633 522 244 294
633 523 243 297
633 524 240 297
633 525 238 297
633 526 237 298
633 527 235 299
633 528 234 299
633 529 233 299
633 530 231 300
633 531 230 301
633 532 230 302
633 533 228 301
633 534 227 302
633 535 225 302
633 536 224 304
633 537 224 304
633 538 223 306
633 539 222 307
633 540 220 303
633 541 218 303
633 542 218 307
633 543 216 309
633 544 216 309
633 545 214 310
633 546 214 307
633 547 215 312
633 548 213 312
633 549 213 307
633 550 213 309
633 551 212 317
633 552 212 318
633 553 212 320
633 554 211 313
633 555 211 317
679 525 174 257
679 526 176 260
679 527 174 260
679 528 170 261
679 529 166 261
679 530 162 262
679 531 161 264
679 532 158 266
679 533 153 267
679 534 151 268
679 535 149 270
679 536 145 270
679 537 144 271
679 538 140 272
679 539 139 273
679 540 130 272
679 541 131 273
679 542 126 278
679 543 124 277
679 544 121 278
679 545 118 278
679 546 113 281
679 547 110 283
679 548 112 284
679 549 110 287
679 550 107 288
679 551 104 288
679 552 101 290
679 553 99 290
679 554 96 292
679 555 94 294
679 556 91 295
679 557 88 296
679 558 85 297
679 559 82 298
679 560 79 300
679 561 77 302
679 562 73 302
679 563 71 306
679 564 68 307
679 565 64 309
679 566 61 310
679 567 58 310
679 568 56 312
988 789 488 269
988 790 485 267
988 791 480 266
988 792 474 265
988 793 467 266
988 794 459 264
988 795 455 263
988 796 448 263
988 797 438 263
988 798 431 262
988 799 424 261
988 800 415 261
988 801 408 260
988 802 399 260
988 803 393 261
988 804 383 260
988 805 376 259
988 806 370 259
988 807 360 258
988 808 353 257
988 809 347 256
988 810 341 257
988 811 333 256
988 812 327 255
988 813 322 255
988 814 314 254
988 815 307 253
988 816 307 253
1453 1265 3 394
1453 1266 5 395
1453 1267 5 398
1453 1268 7 398
1453 1269 9 396
1453 1270 12 395
1453 1271 13 397
1453 1272 16 398
1453 1273 19 393
1453 1274 21 394
1453 1275 25 392
1453 1276 27 394
1453 1277 30 393
1453 1278 31 393
1453 1279 34 392
1453 1280 39 394
1453 1281 38 393
1453 1282 40 393
1453 1283 43 388
1453 1284 48 393
1453 1285 48 392
1453 1286 51 392
1453 1287 54 391
1453 1288 57 390
1453 1289 59 390
1453 1290 61 390
1453 1291 64 385
1453 1292 65 386
1453 1293 70 390
1453 1294 71 389
1453 1295 73 388
1453 1296 78 389
1453 1297 80 388
1453 1298 81 389
1453 1299 82 387
1453 1300 86 389
1453 1301 89 389
1453 1302 92 388
1453 1303 93 383
1453 1304 95 387
1453 1305 98 388
1453 1306 101 387
1453 1307 104 387
1453 1308 105 387
1453 1309 107 383
1453 1310 108 384
1453 1311 113 382
1453 1312 113 380
1453 1313 115 379
1621 1422 351 268
1621 1423 350 260
1621 1424 362 262
1621 1425 372 263
1621 1426 382 264
1621 1427 392 265
1621 1428 402 266
1621 1429 411 266
1621 1430 421 267
1621 1431 432 267
1621 1432 441 268
1621 1433 449 268
1621 1434 458 270
1621 1435 465 271
1621 1436 470 269
1621 1437 474 271
1621 1438 477 270
1621 1439 482 269
1621 1440 485 270
1837 1541 235 371
1837 1542 236 372
1837 1543 238 375
1837 1544 243 377
1837 1545 245 377
1837 1546 251 374
1837 1547 247 380
1837 1548 248 379
1837 1549 250 379
1837 1550 255 380
1837 1551 253 379
1837 1552 256 380
1837 1553 258 380
1837 1554 262 381
1837 1555 263 383
1837 1556 271 383
1837 1557 274 384
1837 1558 276 384
1837 1559 280 386
1837 1560 281 381
1837 1561 283 382
1837 1562 279 385
1837 1563 282 385
1837 1564 280 388
1837 1565 284 384
1837 1566 286 386
1837 1567 290 386
1837 1568 293 390
1837 1569 298 391
1837 1570 301 393
1837 1571 306 393
1837 1572 306 397
1837 1573 304 398
1837 1574 303 393
1837 1575 306 392
1837 1576 310 400
1837 1577 314 399
1837 1578 316 400
1837 1579 318 401
1837 1580 322 396
1837 1581 323 404
1837 1582 325 401
1837 1583 328 403
1837 1584 330 401
1837 1585 327 399
1838 1541 157 278
1838 1542 156 273
1838 1543 150 275
1838 1544 148 275
1838 1545 146 276
1838 1546 151 273
1838 1547 147 276
1838 1548 150 277
1838 1549 146 279
1838 1550 143 280
1838 1551 140 282
1838 1552 136 285
1838 1553 133 287
1838 1554 129 288
1838 1555 126 289
1838 1556 122 289
1838 1557 119 291
1838 1558 116 290
1838 1559 112 294
1838 1560 108 297
1838 1561 106 299
1838 1562 103 299
1838 1563 98 301
1838 1564 95 304
1838 1565 91 303
1838 1566 89 305
1951 1609 385 408
1951 1610 386 406
1951 1611 386 408
1951 1612 390 409
1951 1613 392 411
1951 1614 394 409
1951 1615 397 410
1951 1616 398 411
1951 1617 400 407
1951 1618 400 413
1951 1619 403 413
1951 1620 405 415
1951 1621 405 413
1951 1622 407 414
1951 1623 409 414
1951 1624 412 417
1951 1625 413 416
1951 1626 416 416
1951 1627 417 417
1951 1628 418 418
1951 1629 420 420
1951 1630 422 421
1951 1631 424 422
1951 1632 425 421
1951 1633 427 423
1951 1634 429 424
1951 1635 431 425
1951 1636 433 426
1951 1637 435 425
1951 1638 436 430
1951 1639 436 430
1951 1640 439 429
1951 1641 441 431
1951 1642 443 431
1951 1643 442 433
1951 1644 445 437
1951 1645 448 438
1951 1646 451 435
1951 1647 451 436
1951 1648 452 437
1951 1649 454 440
1951 1650 455 441
1951 1651 456 444
1951 1652 457 443
1964 1614 321 405
1964 1615 319 402
1964 1616 317 399
1964 1617 322 401
1964 1618 321 401
1964 1619 324 398
1964 1620 319 399
1964 1621 317 395
1964 1622 315 395
1964 1623 312 398
1964 1624 310 396
1964 1625 309 396
1964 1626 307 393
1964 1627 305 390
1964 1628 306 393
1964 1629 302 391
1964 1630 300 388
1964 1631 297 387
1964 1632 295 386
1964 1633 293 387
1964 1634 291 384
1964 1635 289 384
1964 1636 288 384
1964 1637 286 383
1964 1638 285 383
1964 1639 283 382
1964 1640 280 382
1964 1641 277 379
1964 1642 275 381
1964 1643 273 380
1964 1644 272 379
1964 1645 270 379
1964 1646 272 376
1964 1647 267 378
1964 1648 268 376
1989 1624 125 248
1989 1625 138 246
1989 1626 141 246
1989 1627 144 248
1989 1628 149 248
1989 1629 151 249
1989 1630 154 250
1989 1631 158 251
1989 1632 160 253
1989 1633 163 254
1989 1634 163 254
1989 1635 165 256
1989 1636 166 260
1989 1637 167 262
1989 1638 166 260
1989 1639 166 261
1989 1640 166 262
1989 1641 165 263
1989 1642 163 265
1989 1643 163 264
1989 1644 159 268
1989 1645 157 268
1989 1646 155 270
1989 1647 153 272
1989 1648 149 274
1989 1649 146 275
1989 1650 143 276
1989 1651 140 278
1989 1652 136 280
1989 1653 131 282
1989 1654 128 284
1989 1655 124 285
1989 1656 118 287
1989 1657 115 289
1989 1658 110 290
1989 1659 102 294
1989 1660 108 292
2058 1660 92 299
2058 1661 95 297
2058 1662 90 299
2058 1663 85 302
2058 1664 79 303
2058 1665 74 305
2058 1666 70 308
2058 1667 64 311
2058 1668 58 312
2058 1669 54 314
2058 1670 48 317
2058 1671 42 319
2058 1672 38 321
2058 1673 32 323
2058 1674 26 326
2058 1675 23 328
2058 1676 21 330
2058 1677 23 326
2098 1692 182 354
2098 1693 186 354
2098 1694 188 352
2098 1695 187 347
2098 1696 183 352
2098 1697 183 351
2098 1698 179 353
2098 1699 180 349
2098 1700 177 351
2098 1701 175 352
2098 1702 174 351
2098 1703 175 348
2098 1704 172 347
2098 1705 170 346
2098 1706 167 350
2098 1707 168 345
2098 1708 166 345
2098 1709 165 345
2098 1710 163 344
2098 1711 160 347
2098 1712 160 344
2098 1713 157 347
2098 1714 156 347
2098 1715 154 345
2098 1716 152 345
2098 1717 155 340
2098 1718 154 340
2098 1719 154 339
2098 1720 153 340
2098 1721 151 338
2098 1722 149 336
2098 1723 146 338
2098 1724 144 337
2098 1725 143 337
2098 1726 141 335
2098 1727 143 331
2098 1728 142 330
2098 1729 140 329
2098 1730 138 333
2098 1731 137 332
2098 1732 137 335
2098 1733 134 332
2098 1734 133 332
2098 1735 132 329
2098 1736 131 334
2098 1737 129 332
2098 1738 129 330
2098 1739 126 331
2098 1740 126 331
2098 1741 124 332
2098 1742 122 328
2098 1743 122 325
2098 1744 121 325
2098 1745 120 325
2098 1746 118 326
2098 1747 118 325
2098 1748 116 325
2098 1749 114 324
2098 1750 113 325
2098 1751 111 324
2098 1752 113 322
2098 1753 110 323
2098 1754 112 324
2098 1755 108 324
2098 1756 111 324
2098 1757 108 322
2098 1758 108 323
2098 1759 107 320
2098 1760 104 318
2098 1761 105 322
2098 1762 104 322
2098 1763 103 320
2131 1726 112 382
2131 1727 109 383
2131 1728 110 388
2131 1729 103 388
2131 1730 99 388
2131 1731 96 389
2131 1732 93 391
2131 1733 88 393
2131 1734 85 393
2131 1735 83 394
2131 1736 78 395
2131 1737 72 394
2131 1738 69 395
2131 1739 65 395
2131 1740 60 395
2131 1741 57 395
2131 1742 55 396
2131 1743 48 397
2131 1744 44 397
2131 1745 42 398
2131 1746 39 398
2131 1747 34 396
2131 1748 31 398
2131 1749 28 397
2131 1750 22 395
2131 1751 17 395
2131 1752 13 399
2131 1753 9 395
2131 1754 7 396
2131 1755 8 402
2131 1756 5 403
2231 1818 155 276
2231 1819 154 275
2231 1820 153 277
2231 1821 151 275
2231 1822 151 274
2231 1823 147 274
2231 1824 145 277
2231 1825 141 277
2231 1826 140 280
2231 1827 134 281
2231 1828 133 284
2231 1829 126 286
2231 1830 122 287
2231 1831 117 290
2231 1832 113 292
2231 1833 108 295
2231 1834 102 297
2231 1835 98 299
2231 1836 92 301
2231 1837 86 303
2231 1838 80 305
2231 1839 74 308
2231 1840 76 308
2336 1961 19 389
2336 1962 22 395
2336 1963 23 388
2336 1964 26 388
2336 1965 29 387
2336 1966 33 388
2336 1967 36 393
2336 1968 39 394
2336 1969 46 395
2336 1970 48 397
2336 1971 49 397
2336 1972 53 395
2336 1973 59 397
2336 1974 62 394
2336 1975 64 397
2336 1976 66 395
2336 1977 74 392
2336 1978 75 391
2336 1979 75 391
2336 1980 79 390
2336 1981 84 388
2336 1982 87 389
2336 1983 88 389
2336 1984 93 385
2336 1985 96 384
2336 1986 99 385
2336 1987 103 385
2336 1988 106 386
2336 1989 107 379
2535 2110 81 309
2535 2111 83 309
2535 2112 72 314
2535 2113 68 316
2535 2114 61 319
2535 2115 58 321
2535 2116 52 323
2535 2117 48 326
2535 2118 42 328
2535 2119 38 330
2535 2120 35 333
2535 2121 28 335
2535 2122 25 339
2535 2123 24 334
2535 2124 31 334
2535 2125 35 333
2535 2126 31 333
2535 2127 29 338
2535 2128 24 339
2794 2355 95 292
2794 2356 99 291
2794 2357 99 293
2794 2358 95 294
2794 2359 91 295
2794 2360 89 298
2794 2361 84 300
2794 2362 80 302
2794 2363 74 303
2794 2364 74 305
2794 2365 70 307
2794 2366 64 308
2794 2367 62 311
2794 2368 58 313
2794 2369 52 314
2794 2370 51 316
2794 2371 46 319
2794 2372 42 320
2794 2373 37 322
2794 2374 32 325
2794 2375 29 327
2795 2359 111 276
2795 2360 111 284
2795 2361 106 288
2795 2362 104 289
2795 2363 102 289
2795 2364 99 291
2795 2365 97 292
2795 2366 95 294
2795 2367 89 296
2795 2368 90 296
2795 2369 85 302
2795 2370 81 302
2795 2371 78 302
2795 2372 72 305
2795 2373 70 309
2795 2374 66 309
2795 2375 59 311
2795 2376 59 313
2795 2377 52 314
2795 2378 46 315
2795 2379 45 318
2795 2380 40 321
2795 2381 36 322
2795 2382 31 324
2795 2383 25 326
2795 2384 16 328
2795 2385 13 331
2795 2386 9 332
2795 2387 7 335
2795 2388 4 340
2964 2561 105 293
2964 2562 104 292
2964 2563 100 295
2964 2564 93 299
2964 2565 91 301
2964 2566 83 302
2964 2567 78 304
2964 2568 71 309
2964 2569 66 309
2964 2570 61 313
2964 2571 55 316
2964 2572 51 317
2964 2573 44 321
2964 2574 36 322
2964 2575 31 327
2964 2576 25 329
2964 2577 21 329
2964 2578 19 331
2964 2579 14 332
2964 2580 11 333
2964 2581 10 336
2964 2582 7 340
2964 2583 4 349
3073 2687 156 267
3073 2688 153 268
3073 2689 155 269
3073 2690 145 272
3073 2691 140 273
3073 2692 138 273
3073 2693 133 275
3073 2694 131 275
3073 2695 125 277
3073 2696 124 278
3073 2697 117 280
3073 2698 115 281
3073 2699 111 283
3073 2700 114 284
3073 2701 105 284
3073 2702 102 286
3073 2703 98 288
3073 2704 93 290
3073 2705 92 291
3073 2706 87 293
3073 2707 85 294
3073 2708 82 295
3073 2709 79 297
3073 2710 77 301
3073 2711 76 300
3073 2712 73 302
3073 2713 74 303
3073 2714 69 305
3073 2715 68 307
3073 2716 66 307
3073 2717 62 312
3073 2718 61 309
3073 2719 58 312
3073 2720 56 313
3073 2721 54 313
3073 2722 49 315
3073 2723 46 316
3073 2724 43 317
3073 2725 43 319
3073 2726 37 319
3073 2727 37 325
3073 2728 41 326
3161 2838 488 265
3161 2839 485 267
3161 2840 482 267
3161 2841 478 265
3161 2842 476 264
3161 2843 474 263
3161 2844 471 263
3161 2845 465 263
3161 2846 460 263
3161 2847 455 263
3161 2848 449 262
3161 2849 442 261
3161 2850 438 261
3161 2851 432 259
3161 2852 425 259
3161 2853 421 258
3161 2854 415 259
3161 2855 409 258
3161 2856 403 258
3161 2857 404 257
3161 2858 394 258
3161 2859 388 257
3161 2860 382 255
3161 2861 377 256
3161 2862 374 256
3161 2863 375 255
3161 2864 369 255
3161 2865 358 255
3161 2866 353 254
3161 2867 349 253
3161 2868 344 253
3161 2869 339 253
3161 2870 335 251
3161 2871 341 253
3191 2884 116 292
3191 2885 121 289
3191 2886 122 289
3191 2887 117 288
3191 2888 119 290
3191 2889 116 291
3191 2890 113 292
3191 2891 112 292
3191 2892 110 293
3191 2893 107 294
3191 2894 105 296
3191 2895 99 297
3191 2896 100 297
3191 2897 97 298
3191 2898 94 299
3191 2899 91 300
3191 2900 90 301
3191 2901 86 302
3191 2902 84 302
3191 2903 81 303
3191 2904 77 305
3191 2905 74 306
3191 2906 67 308
3191 2907 69 308
3191 2908 65 310
3191 2909 62 311
3191 2910 58 312
3191 2911 54 314
3191 2912 51 315
3191 2913 47 317
3191 2914 39 319
3191 2915 40 319
3191 2916 36 321
3191 2917 32 323
3191 2918 29 325
3191 2919 25 326
3191 2920 23 328
3191 2921 25 326
3451 3309 486 269
3451 3310 482 267
3451 3311 471 266
3451 3312 463 266
3451 3313 451 265
3451 3314 437 264
3451 3315 422 262
3451 3316 408 260
3451 3317 396 260
3451 3318 380 259
3451 3319 364 258
3451 3320 352 256
3451 3321 340 256
3451 3322 325 254
3451 3323 311 253
3451 3324 299 253
3451 3325 289 251
3451 3326 274 250
3451 3327 264 249
3451 3328 255 248
3451 3329 243 247
3451 3330 229 246
3593 3514 3 323
3593 3515 5 322
3593 3516 6 323
3593 3517 7 323
3593 3518 9 319
3593 3519 12 321
3593 3520 14 322
3593 3521 16 322
3593 3522 19 319
3593 3523 21 319
3593 3524 23 320
3593 3525 26 319
3593 3526 28 318
3593 3527 30 317
3593 3528 33 316
3593 3529 36 315
3593 3530 38 316
3593 3531 39 314
3593 3532 42 313
3593 3533 44 314
3593 3534 46 314
3593 3535 50 312
3593 3536 52 311
3593 3537 53 312
3593 3538 56 307
3593 3539 58 309
3593 3540 60 308
3593 3541 62 308
3593 3542 65 305
3593 3543 67 306
3593 3544 69 307
3593 3545 70 303
3593 3546 73 305
3593 3547 75 305
3593 3548 77 304
3593 3549 79 303
3593 3550 81 303
3593 3551 82 303
3593 3552 85 301
3593 3553 86 301
3593 3554 88 301
3593 3555 91 300
3593 3556 93 299
3593 3557 94 299
3593 3558 96 299
3593 3559 98 297
3593 3560 100 297
3593 3561 102 297
3593 3562 106 296
3593 3563 109 294
3593 3564 111 291
3593 3565 115 293
3593 3566 117 292
3593 3567 120 291
3593 3568 122 292
3593 3569 125 291
3593 3570 126 290
3593 3571 129 290
3593 3572 131 289
3593 3573 135 287
3593 3574 137 288
3593 3575 139 288
3593 3576 142 287
3593 3577 144 287
3593 3578 148 285
3593 3579 149 285
3593 3580 151 286
3593 3581 155 284
3593 3582 156 284
3593 3583 156 284
3617 3586 283 254
3617 3587 292 255
3617 3588 306 256
3617 3589 318 257
3617 3590 329 257
3617 3591 340 259
3617 3592 354 266
3617 3593 368 267
3617 3594 380 266
3617 3595 382 276
3617 3596 383 276
3625 3602 200 273
3625 3603 202 273
3625 3604 204 272
3625 3605 206 275
3625 3606 207 273
3625 3607 209 274
3625 3608 211 272
3625 3609 213 273
3625 3610 215 273
3625 3611 216 273
3625 3612 219 271
3625 3613 220 272
3625 3614 221 271
3625 3615 225 268
3625 3616 226 272
3625 3617 229 272
3625 3618 231 270
3625 3619 233 270
3625 3620 234 270
3625 3621 237 269
3625 3622 240 268
3625 3623 241 269
3625 3624 242 268
3625 3625 244 268
3625 3626 246 265
3625 3627 248 267
3625 3628 249 265
3625 3629 252 266
3625 3630 254 266
3625 3631 255 266
3625 3632 257 265
3625 3633 260 263
3625 3634 261 265
3625 3635 263 264
3625 3636 266 263
3625 3637 267 263
3625 3638 268 263
3625 3639 270 263
3625 3640 272 261
3625 3641 273 263
3625 3642 275 262
3625 3643 277 261
3625 3644 279 261
3625 3645 280 260
3625 3646 282 260
3625 3647 285 261
3625 3648 285 260
3625 3649 287 259
3625 3650 290 260
3625 3651 291 260
3625 3652 292 259
3625 3653 295 260
3625 3654 298 259
3625 3655 298 260
3625 3656 300 260
3625 3657 303 257
3625 3658 306 259
3625 3659 307 257
3625 3660 309 258
3625 3661 311 257
3625 3662 313 257
3625 3663 314 258
3625 3664 316 255
3625 3665 317 257
3625 3666 321 257
3625 3667 323 256
3625 3668 325 255
3625 3669 325 255
3625 3670 328 255
3625 3671 331 256
3625 3672 331 255
3625 3673 333 255
3625 3674 337 254
3625 3675 336 254
3625 3676 338 254
3625 3677 339 254
3625 3678 342 254
3625 3679 342 254
3625 3680 344 254
3625 3681 347 253
3625 3682 348 253
3625 3683 348 252
3625 3684 351 252
3625 3685 353 252
3625 3686 353 253
3625 3687 357 251
3625 3688 359 252
3625 3689 358 250
3625 3690 361 250
3625 3691 363 249
3625 3692 365 249
3625 3693 366 249
3625 3694 369 248
3625 3695 371 250
3625 3696 371 250
3625 3697 372 250
3625 3698 373 247
3625 3699 377 248
3625 3700 379 248
3625 3701 379 248
3625 3702 380 247
3625 3703 383 247
3625 3704 384 247
3625 3705 387 247
3625 3706 387 247
3625 3707 388 247
3625 3708 389 246
3625 3709 391 247
4221 4204 393 263
4221 4205 379 265
4221 4206 394 263
4221 4207 396 263
4221 4208 396 264
4221 4209 370 258
4221 4210 358 256
4221 4211 347 256
4221 4212 337 256
4221 4213 327 255
4221 4214 317 255
4221 4215 308 254
4221 4216 297 253
4221 4217 288 252
4221 4218 277 251
4221 4219 286 256
4276 4250 295 303
4276 4251 295 303
4276 4252 296 304
4276 4253 297 305
4276 4254 298 305
4276 4255 300 306
4276 4256 299 308
4276 4257 301 306
4276 4258 301 306
4276 4259 302 307
4276 4260 304 307
4276 4261 304 308
4276 4262 306 308
4276 4263 307 309
4276 4264 309 305
4276 4265 310 310
4276 4266 312 311
4276 4267 314 310
4276 4268 315 313
4276 4269 317 313
4276 4270 318 312
4276 4271 319 314
4276 4272 322 315
4276 4273 324 315
4276 4274 325 315
4276 4275 326 316
4276 4276 329 317
4276 4277 330 318
4276 4278 331 317
4276 4279 333 318
4276 4280 336 320
4276 4281 337 320
4276 4282 338 320
4276 4283 339 316
4276 4284 342 322
4276 4285 344 323
4276 4286 344 322
4276 4287 347 324
4276 4288 349 325
4276 4289 349 325
4276 4290 351 325
4276 4291 354 326
4276 4292 356 327
4276 4293 357 327
4276 4294 358 327
4276 4295 361 329
4276 4296 363 330
4276 4297 364 330
4276 4298 368 331
4276 4299 369 331
4276 4300 370 333
4276 4301 371 332
4276 4302 374 334
4276 4303 377 335
4276 4304 378 336
4276 4305 379 335
4276 4306 382 336
4276 4307 385 337
4276 4308 385 337
4276 4309 386 338
4276 4310 390 339
4276 4311 391 341
4276 4312 393 340
4276 4313 395 342
4276 4314 398 342
4276 4315 399 344
4276 4316 400 343
4276 4317 402 344
4276 4318 404 345
4276 4319 406 347
4276 4320 407 347
4276 4321 410 348
4276 4322 413 349
4276 4323 413 350
4276 4324 418 350
4276 4325 418 351
4276 4326 421 352
4276 4327 423 353
4276 4328 423 352
4276 4329 427 353
4276 4330 430 355
4276 4331 430 355
4276 4332 432 355
4276 4333 435 357
4276 4334 437 359
4276 4335 438 359
4276 4336 440 359
4276 4337 444 361
4276 4338 445 362
4276 4339 447 363
4276 4340 448 363
4276 4341 452 364
4276 4342 454 366
4276 4343 456 366
4276 4344 457 366
4276 4345 461 368
4276 4346 463 369
4276 4347 463 369
4276 4348 466 369
4276 4349 470 372
4276 4350 473 375
4276 4351 472 374
4276 4352 474 372
4276 4353 478 375
4276 4354 480 376
4276 4355 480 376
4276 4356 482 377
4276 4357 486 379
4276 4358 490 381
4276 4359 490 380
4276 4360 492 380
4276 4361 496 383
4276 4362 497 384
4276 4363 499 384
4276 4364 503 384
4276 4365 506 387
4276 4366 508 389
4276 4367 509 388
4276 4368 514 391
4276 4369 515 391
4276 4370 515 393
4276 4371 518 392
4276 4372 523 396
4276 4373 529 399
4276 4374 536 400
4276 4375 538 400
4276 4376 544 404
4276 4377 545 403
4276 4378 548 404
4276 4379 553 406
4276 4380 556 407
4276 4381 556 407
4276 4382 559 408
4276 4383 565 410
4276 4384 567 412
4276 4385 568 412
4276 4386 570 412
4276 4387 575 415
4276 4388 578 416
4276 4389 579 416
4276 4390 582 417
4276 4391 587 419
4276 4392 589 421
4276 4393 590 420
4276 4394 596 422
4276 4395 598 424
4276 4396 599 425
4276 4397 601 425
4276 4398 605 427
4276 4399 609 429
4276 4400 608 430
4414 4463 4 350
4414 4464 5 348
4414 4465 4 342
4414 4466 5 342
4414 4467 9 340
4414 4468 11 341
4414 4469 12 341
4414 4470 13 340
4414 4471 14 335
4414 4472 16 338
4414 4473 18 339
4414 4474 21 335
4414 4475 25 335
4414 4476 27 334
4414 4477 27 334
4414 4478 30 333
4414 4479 30 327
4414 4480 35 332
4414 4481 33 332
4414 4482 38 331
4414 4483 41 329
4414 4484 42 328
4414 4485 43 330
4414 4486 44 328
4414 4487 47 324
4414 4488 50 327
4414 4489 51 327
4414 4490 53 326
4414 4491 56 324
4414 4492 57 325
4414 4493 59 324
4414 4494 60 320
4414 4495 65 322
4414 4496 64 323
4414 4497 68 319
4414 4498 70 321
4414 4499 71 318
4414 4500 74 320
4414 4501 75 317
4414 4502 77 319
4414 4503 82 317
4414 4504 81 318
4414 4505 83 314
4414 4506 85 316
4414 4507 87 313
4414 4508 89 315
4414 4509 91 313
4414 4510 93 312
4414 4511 94 312
4414 4512 96 311
4414 4513 98 310
4414 4514 99 307
4414 4515 101 308
4414 4516 102 306
4414 4517 102 306
4414 4518 103 306
4414 4519 105 306
4414 4520 107 305
4414 4521 107 305
4414 4522 109 305
4414 4523 111 305
4414 4524 111 303
4414 4525 113 304
4414 4526 115 302
4414 4527 116 301
4414 4528 116 300
4414 4529 117 301
4414 4530 118 301
4414 4531 120 299
4414 4532 121 298
4414 4533 122 298
4414 4534 125 304
4414 4535 124 296
4414 4536 126 298
4414 4537 126 298
5057 4999 342 258
5057 5000 339 260
5057 5001 344 260
5057 5002 350 261
5057 5003 355 262
5057 5004 360 261
5057 5005 367 263
5057 5006 370 263
5057 5007 375 265
5057 5008 383 264
5057 5009 389 264
5057 5010 395 265
5057 5011 400 266
5057 5012 405 268
5057 5013 416 267
5057 5014 423 268
5057 5015 430 267
5057 5016 436 269
5057 5017 443 269
5057 5018 450 272
5057 5019 457 270
5057 5020 464 271
5057 5021 471 272
5057 5022 476 274
5057 5023 481 273
5057 5024 488 277
5308 5266 489 267
5308 5267 481 268
5308 5268 475 266
5308 5269 469 265
5308 5270 455 265
5308 5271 430 263
5308 5272 407 260
5308 5273 392 260
5308 5274 379 259
5308 5275 366 258
5308 5276 352 257
5308 5277 337 256
5308 5278 327 254
5308 5279 320 252
5308 5280 309 253
5308 5281 298 252
5308 5282 286 252
5308 5283 273 250
5308 5284 260 250
5308 5285 253 249
5760 5748 485 264
5760 5749 477 268
5760 5750 476 261
5760 5751 473 262
5760 5752 473 260
5760 5753 470 260
5760 5754 467 260
5760 5755 466 260
5760 5756 464 260
5760 5757 461 260
5760 5758 459 262
5760 5759 457 268
5760 5760 456 269
5760 5761 451 262
5760 5762 450 264
5760 5763 448 265
5760 5764 444 263
5760 5765 442 266
5760 5766 441 266
5760 5767 437 266
5760 5768 434 269
5760 5769 432 266
5760 5770 431 265
5760 5771 429 266
5760 5772 426 268
5760 5773 426 268
5760 5774 422 269
5760 5775 419 268
5760 5776 418 270
5760 5777 413 268
5760 5778 410 268
5760 5779 411 268
5760 5780 408 268
5760 5781 404 267
5760 5782 403 267
5760 5783 401 267
5760 5784 398 265
5760 5785 396 268
5760 5786 395 267
5760 5787 391 265
5760 5788 389 263
5760 5789 388 267
5760 5790 386 266
5760 5791 383 265
5760 5792 379 266
5760 5793 379 266
5760 5794 378 266
5760 5795 374 266
5760 5796 372 266
5760 5797 371 267
5760 5798 370 266
5760 5799 367 265
5760 5800 365 267
5760 5801 364 268
5760 5802 362 268
5760 5803 361 269
5760 5804 358 268
5760 5805 357 269
5760 5806 353 270
5760 5807 353 270
5760 5808 349 270
5760 5809 348 272
5760 5810 347 271
5760 5811 348 268
6413 6207 126 351
6413 6208 129 356
6413 6209 130 355
6413 6210 131 354
6413 6211 139 353
6413 6212 141 354
6413 6213 142 352
6413 6214 146 351
6413 6215 152 350
6413 6216 156 350
6413 6217 155 349
6413 6218 160 348
6413 6219 163 349
6413 6220 164 347
6413 6221 167 347
6413 6222 173 346
6413 6223 175 346
6413 6224 177 344
6413 6225 181 343
6413 6226 184 342
6413 6227 188 342
6413 6228 194 341
6413 6229 197 340
6413 6230 196 339
6413 6231 199 338
6413 6232 202 338
6413 6233 206 338
6413 6234 208 337
6413 6235 212 336
6413 6236 212 335
7535 6893 167 246
7535 6894 144 248
7535 6895 148 250
7535 6896 174 249
7535 6897 160 250
7535 6898 174 252
7535 6899 173 253
7535 6900 175 253
7535 6901 173 255
7535 6902 171 257
7535 6903 172 255
7535 6904 171 253
7535 6905 170 255
7535 6906 159 246
7535 6907 169 257
7535 6908 171 246
7535 6909 178 251
7535 6910 181 250
7535 6911 165 253
7535 6912 170 252
7535 6913 161 257
7535 6914 160 257
7535 6915 160 259
7535 6916 155 261
7535 6917 154 259
7535 6918 153 263
7535 6919 147 271
7535 6920 148 266
7535 6921 150 262
7535 6922 144 268
7535 6923 141 269
7535 6924 140 270
7535 6925 138 271
7535 6926 134 273
7535 6927 126 274
7535 6928 135 272
8363 7566 488 266
8363 7567 482 267
8363 7568 475 265
8363 7569 466 266
8363 7570 452 264
8363 7571 438 261
8363 7572 424 261
8363 7573 407 261
8363 7574 394 260
8363 7575 380 259
8363 7576 364 257
8363 7577 350 256
8363 7578 337 255
8363 7579 325 253
8363 7580 310 253
8363 7581 297 252
8363 7582 285 250
8363 7583 274 249
8363 7584 260 249
8363 7585 252 247
8363 7586 241 247
8363 7587 234 246
8396 7601 344 259
8396 7602 359 261
8396 7603 372 262
8396 7604 385 263
8396 7605 397 264
8396 7606 412 266
8396 7607 428 266
8396 7608 440 267
8396 7609 452 267
8396 7610 465 269
8396 7611 473 269
8396 7612 478 270
8396 7613 486 271
8531 7750 93 390
8531 7751 94 393
8531 7752 94 389
8531 7753 96 389
8531 7754 91 387
8531 7755 91 381
8531 7756 92 379
8531 7757 94 379
8531 7758 95 382
8531 7759 97 384
8531 7760 100 382
8531 7761 103 381
8531 7762 102 382
8531 7763 105 380
8531 7764 108 375
8531 7765 109 373
8531 7766 110 374
8531 7767 112 375
8531 7768 115 372
8531 7769 118 371
8531 7770 118 370
8531 7771 119 369
8531 7772 120 369
8531 7773 122 368
8531 7774 123 365
8531 7775 124 367
8531 7776 125 366
8531 7777 127 366
8531 7778 130 365
8531 7779 131 364
8531 7780 131 360
8531 7781 133 363
8531 7782 134 363
8531 7783 135 364
8531 7784 136 363
8531 7785 137 362
8531 7786 138 361
8531 7787 139 361
8531 7788 140 361
8531 7789 141 361
8531 7790 144 361
8531 7791 144 361
8531 7792 145 361
8531 7793 146 361
8531 7794 148 360
8531 7795 148 359
8531 7796 151 360
8531 7797 154 360
8531 7798 155 359
8531 7799 156 360
8531 7800 159 356
8531 7801 162 360
8531 7802 164 360
8531 7803 167 360
8531 7804 164 353
8531 7805 165 354
8531 7806 165 357
8531 7807 170 360
8531 7808 172 361
8531 7809 174 360
8534 7751 125 292
8534 7752 121 294
8534 7753 118 294
8534 7754 116 290
8534 7755 125 286
8534 7756 134 284
8534 7757 132 288
8534 7758 137 285
8534 7759 135 283
8534 7760 142 282
8534 7761 143 281
8534 7762 147 279
8534 7763 150 279
8534 7764 153 274
8534 7765 151 276
8534 7766 154 272
8534 7767 155 273
8534 7768 160 271
8534 7769 170 266
8534 7770 166 268
8534 7771 168 265
9242 8492 188 373
9242 8493 187 366
9242 8494 189 367
9242 8495 191 362
9242 8496 195 364
9242 8497 198 364
9242 8498 199 364
9242 8499 202 361
9242 8500 205 364
9242 8501 201 361
9242 8502 206 361
9242 8503 210 358
9242 8504 214 359
9242 8505 217 359
9242 8506 219 355
9242 8507 220 356
9242 8508 224 351
9242 8509 224 354
9242 8510 225 355
9242 8511 227 354
9242 8512 233 354
9242 8513 237 354
9242 8514 236 353
9242 8515 238 351
9242 8516 240 351
9242 8517 241 348
9242 8518 242 350
9242 8519 244 348
9242 8520 247 347
9242 8521 251 347
9242 8522 252 347
9242 8523 254 346
9242 8524 258 345
9242 8525 258 342
9242 8526 260 344
9242 8527 262 340
9242 8528 265 341
9242 8529 268 342
9242 8530 269 340
9242 8531 271 340
9242 8532 273 337
9242 8533 275 337
9242 8534 277 338
9242 8535 279 337
9242 8536 281 341
9417 8736 334 398
9417 8737 333 396
9417 8738 331 398
9417 8739 324 394
9417 8740 317 391
9417 8741 313 389
9417 8742 313 391
9417 8743 311 391
9417 8744 307 388
9417 8745 304 387
9417 8746 302 388
9417 8747 301 386
9417 8748 299 383
9417 8749 296 385
9417 8750 294 384
9417 8751 292 382
9417 8752 289 382
9417 8753 287 380
9417 8754 285 381
9417 8755 283 380
9417 8756 278 379
9417 8757 279 378
9417 8758 277 378
9417 8759 275 378
9417 8760 272 376
9417 8761 271 377
9417 8762 268 374
9417 8763 266 374
9417 8764 266 369
9417 8765 262 372
9417 8766 260 371
9417 8767 260 372
9417 8768 256 370
9417 8769 254 370
9417 8770 252 371
9417 8771 250 368
9417 8772 248 368
9417 8773 242 375
9417 8774 244 368
9417 8775 246 369
9565 8868 232 250
9565 8869 244 251
9565 8870 254 252
9565 8871 265 254
9565 8872 278 255
9565 8873 290 256
9565 8874 300 257
9565 8875 327 257
9565 8876 332 257
9565 8877 341 257
9565 8878 334 266
9565 8879 333 252
9565 8880 329 255
9663 8972 346 293
9663 8973 346 292
9663 8974 343 292
9663 8975 342 291
9663 8976 340 291
9663 8977 339 292
9663 8978 337 291
9663 8979 336 291
9663 8980 333 289
9663 8981 332 288
9663 8982 330 285
9663 8983 329 288
9663 8984 327 287
9663 8985 326 284
9663 8986 324 286
9663 8987 322 286
9663 8988 321 285
9663 8989 320 285
9663 8990 318 285
9663 8991 316 281
9663 8992 314 283
9663 8993 314 283
9663 8994 312 283
9663 8995 310 282
9663 8996 309 281
9663 8997 307 279
9663 8998 307 280
9663 8999 305 280
9663 9000 302 279
9663 9001 301 279
9663 9002 300 279
9663 9003 298 278
9663 9004 297 278
9663 9005 295 277
9663 9006 294 277
9663 9007 292 276
9663 9008 291 275
9663 9009 290 275
9663 9010 288 275
9663 9011 286 275
9663 9012 285 274
9663 9013 283 273
9663 9014 281 273
9663 9015 279 274
9663 9016 279 272
9663 9017 277 271
9663 9018 274 272
9663 9019 273 272
9663 9020 272 272
9663 9021 270 271
9663 9022 269 271
9663 9023 267 271
9663 9024 266 271
9663 9025 264 270
9663 9026 264 269
9939 9496 459 265
9939 9497 448 264
9939 9498 435 263
9939 9499 426 261
9939 9500 416 260
9939 9501 403 259
9939 9502 391 259
9939 9503 381 257
9939 9504 367 257
9939 9505 354 256
9939 9506 347 256
9939 9507 337 254
9939 9508 328 254
9939 9509 317 253
9939 9510 308 252
9939 9511 300 252
9939 9512 288 250
9939 9513 277 250
9939 9514 269 249
9939 9515 260 248
9939 9516 252 248
9939 9517 243 247
9939 9518 233 246
9939 9519 224 246
9996 9547 351 268
9996 9548 359 261
9996 9549 368 260
9996 9550 379 263
9996 9551 391 264
9996 9552 411 265
9996 9553 418 266
9996 9554 430 266
9996 9555 429 267
9996 9556 438 267
9996 9557 445 267
9996 9558 466 270
9996 9559 476 271
9996 9560 479 271
9996 9561 489 266
11204 10715 101 298
11204 10716 106 298
11204 10717 112 294
11204 10718 117 292
11204 10719 120 290
11204 10720 125 291
11204 10721 131 289
11204 10722 136 284
11204 10723 139 283
11204 10724 143 282
11204 10725 148 280
11204 10726 151 278
11204 10727 155 278
11204 10728 157 273
11204 10729 155 272
11204 10730 160 271
11779 11216 55 327
11779 11217 61 323
11779 11218 67 318
11779 11219 74 315
11779 11220 84 312
11779 11221 88 309
11779 11222 96 304
11779 11223 106 303
11779 11224 111 299
11779 11225 115 297
11779 11226 121 293
11779 11227 130 292
11779 11228 132 289
11779 11229 138 286
11779 11230 144 283
11779 11231 154 283
11779 11232 150 280
11779 11233 151 276
11779 11234 150 284
11779 11235 150 282
11779 11236 152 283
12358 11674 554 353
12358 11675 559 353
12358 11676 559 356
12358 11677 557 355
12358 11678 553 354
12358 11679 552 356
12358 11680 549 354
12358 11681 548 356
12358 11682 547 355
12358 11683 544 355
12358 11684 542 357
12358 11685 539 357
12358 11686 536 357
12358 11687 536 357
12358 11688 533 358
12358 11689 529 359
12358 11690 528 361
12358 11691 527 359
12358 11692 524 361
12358 11693 522 362
12358 11694 519 361
12358 11695 517 361
12358 11696 516 363
12358 11697 512 364
12358 11698 509 364
12358 11699 507 362
12358 11700 505 363
12358 11701 503 362
12358 11702 499 363
12358 11703 497 366
12358 11704 496 365
12358 11705 494 363
12358 11706 490 364
12358 11707 487 365
12358 11708 487 366
12358 11709 484 366
12358 11710 481 365
12358 11711 477 367
12358 11712 476 365
12358 11713 475 366
12358 11714 469 366
12358 11715 467 367
12358 11716 463 366
12358 11717 464 366
12358 11718 461 368
12358 11719 456 367
12358 11720 454 369
12358 11721 453 367
12358 11722 450 366
12358 11723 445 368
12358 11724 442 367
12358 11725 441 368
12358 11726 439 367
12358 11727 435 367
12358 11728 433 368
12358 11729 429 368
12358 11730 428 368
12358 11731 423 367
12358 11732 421 368
12358 11733 420 368
12358 11734 416 368
12358 11735 414 368
12358 11736 409 369
12358 11737 407 369
12358 11738 401 370
12358 11739 397 369
12358 11740 391 370
12358 11741 384 371
12358 11742 382 372
12358 11743 380 371
12358 11744 374 372
12358 11745 371 373
12358 11746 369 372
12358 11747 367 371
12358 11748 362 372
12358 11749 360 372
12358 11750 357 373
12358 11751 355 373
12358 11752 350 373
12358 11753 348 374
12358 11754 345 373
12358 11755 344 374
12358 11756 339 374
12358 11757 337 375
12358 11758 333 376
12358 11759 331 375
12358 11760 327 375
12358 11761 324 375
12358 11762 321 376
12358 11763 319 375
12358 11764 319 375
12358 11765 314 376
12358 11766 312 375
12358 11767 310 377
12358 11768 307 377
12358 11769 303 377
12358 11770 300 376
12358 11771 298 377
12358 11772 296 377
12358 11773 293 377
12358 11774 289 376
12358 11775 287 378
12358 11776 284 378
12358 11777 282 378
12358 11778 278 378
12358 11779 274 378
12358 11780 274 379
12358 11781 271 377
12358 11782 268 377
12358 11783 264 377
12358 11784 262 377
12358 11785 261 377
12358 11786 257 377
12358 11787 253 376
12358 11788 252 376
12358 11789 249 375
12358 11790 245 375
12358 11791 243 375
12358 11792 241 375
12358 11793 238 376
12358 11794 232 375
12358 11795 230 375
12358 11796 229 374
12358 11797 226 374
12358 11798 228 372
12531 11799 240 474
12531 11800 240 473
12531 11801 238 469
12531 11802 231 461
12531 11803 227 462
12531 11804 228 462
12531 11805 233 462
12531 11806 238 459
12531 11807 239 454
12531 11808 242 452
12531 11809 246 456
12531 11810 249 460
12531 11811 254 460
12531 11812 258 456
12531 11813 264 454
12531 11814 263 453
12531 11815 270 456
12531 11816 272 451
12531 11817 277 445
12531 11818 280 448
12531 11819 282 445
12531 11820 286 448
13320 12645 623 345
13320 12646 622 347
13320 12647 620 342
13320 12648 621 341
13320 12649 616 342
13320 12650 619 337
13320 12651 615 341
13320 12652 613 340
13320 12653 611 345
13320 12654 610 344
13320 12655 612 344
13320 12656 608 344
13320 12657 607 340
13320 12658 604 343
13320 12659 602 345
13320 12660 601 346
13320 12661 598 346
13320 12662 597 347
13320 12663 597 348
13320 12664 595 346
13320 12665 591 345
13320 12666 591 347
13320 12667 591 347
13320 12668 587 351
13320 12669 585 348
13320 12670 584 350
13320 12671 582 351
13320 12672 580 346
13320 12673 577 351
13320 12674 576 349
13320 12675 574 348
13320 12676 574 354
13320 12677 571 352
13320 12678 571 354
13320 12679 569 352
13320 12680 566 352
13320 12681 563 356
13320 12682 562 356
13320 12683 562 352
13320 12684 560 355
13320 12685 557 356
13320 12686 555 354
13320 12687 554 354
13320 12688 550 356
13320 12689 547 358
13320 12690 546 359
13320 12691 546 357
13320 12692 544 359
13320 12693 541 356
13320 12694 539 361
13320 12695 540 361
13320 12696 537 354
13320 12697 536 358
13320 12698 533 358
13320 12699 533 363
13320 12700 531 361
13320 12701 529 359
13320 12702 533 360
13379 12692 151 246
13379 12693 153 248
13379 12694 156 250
13379 12695 158 251
13379 12696 159 252
13379 12697 160 252
13379 12698 160 252
13379 12699 161 251
13379 12700 163 254
13379 12701 166 254
13379 12702 167 253
13379 12703 167 256
13379 12704 167 256
13379 12705 168 257
13379 12706 169 259
13379 12707 168 260
13379 12708 171 259
13379 12709 167 262
13379 12710 167 260
13379 12711 166 262
13379 12712 165 265
13379 12713 164 266
13379 12714 162 263
13379 12715 160 264
13379 12716 158 267
13379 12717 157 266
13379 12718 156 267
13379 12719 153 268
13379 12720 154 268
13379 12721 148 271
13379 12722 145 272
13379 12723 142 273
13379 12724 140 274
13379 12725 137 275
13379 12726 134 277
13379 12727 130 279
13379 12728 126 280
13379 12729 124 281
13379 12730 120 281
13379 12731 117 283
13379 12732 114 283
13379 12733 110 287
13379 12734 105 291
13379 12735 105 288
13379 12736 103 288
13379 12737 99 291
13379 12738 94 294
13379 12739 95 292
13379 12740 91 293
13379 12741 88 297
13379 12742 85 299
13379 12743 83 301
13379 12744 80 299
13379 12745 80 297
13419 12735 128 279
13419 12736 126 284
13419 12737 122 284
13419 12738 118 284
13419 12739 116 285
13419 12740 113 286
13419 12741 110 287
13419 12742 106 288
13419 12743 105 289
13419 12744 102 291
13419 12745 99 292
13419 12746 95 294
13419 12747 93 295
13419 12748 91 297
13419 12749 88 300
13419 12750 84 301
13419 12751 80 304
13419 12752 75 305
13419 12753 71 306
13419 12754 67 309
13419 12755 64 312
13419 12756 53 311
13419 12757 50 314
13419 12758 46 317
13419 12759 46 320
13419 12760 41 320
13419 12761 32 321
13419 12762 25 326
13419 12763 27 325
13419 12764 20 329
13419 12765 14 330
13419 12766 10 332
13419 12767 7 336
13419 12768 4 340
13437 12747 69 310
13437 12748 67 305
13437 12749 64 308
13437 12750 60 310
13437 12751 55 312
13437 12752 50 314
13437 12753 46 317
13437 12754 42 318
13437 12755 38 321
13437 12756 33 321
13437 12757 30 324
13437 12758 24 328
13437 12759 19 330
13437 12760 15 333
13437 12761 11 335
13437 12762 9 335
13437 12763 7 334
13437 12764 4 336
13564 12824 347 435
13564 12825 340 434
13564 12826 338 433
13564 12827 336 435
13564 12828 335 430
13564 12829 333 433
13564 12830 324 437
13564 12831 322 438
13564 12832 327 438
13564 12833 326 438
13564 12834 322 439
13564 12835 316 439
13564 12836 315 442
13564 12837 315 441
13564 12838 310 444
13564 12839 305 445
13564 12840 303 446
13564 12841 300 445
13564 12842 297 447
13564 12843 293 448
13564 12844 292 447
13564 12845 290 449
13564 12846 286 451
13564 12847 280 452
13564 12848 279 453
13564 12849 277 451
13564 12850 272 455
13564 12851 267 455
13564 12852 266 456
13564 12853 262 453
13564 12854 257 458
13564 12855 254 459
13564 12856 252 458
13564 12857 250 456
13564 12858 247 457
13564 12859 239 457
13564 12860 239 459
13564 12861 237 459
13564 12862 233 459
13564 12863 226 461
13564 12864 223 461
13564 12865 220 459
13564 12866 215 461
13564 12867 210 462
13564 12868 210 462
13564 12869 207 462
13564 12870 199 459
13564 12871 194 463
13564 12872 190 463
13564 12873 186 463
13564 12874 182 463
13564 12875 179 464
13564 12876 174 464
13564 12877 171 463
13564 12878 167 462
13564 12879 162 465
13564 12880 158 465
13564 12881 155 465
13564 12882 151 465
13564 12883 147 466
13564 12884 142 466
13564 12885 138 466
13564 12886 134 467
13564 12887 129 467
13564 12888 124 466
13564 12889 120 466
13564 12890 116 466
13564 12891 112 466
13564 12892 108 465
13564 12893 105 466
13564 12894 100 466
13564 12895 96 466
13564 12896 96 468
14072 13178 519 418
14072 13179 517 418
14072 13180 516 419
14072 13181 512 417
14072 13182 507 415
14072 13183 504 416
14072 13184 502 420
14072 13185 494 420
14072 13186 493 412
14072 13187 493 411
14072 13188 489 409
14072 13189 485 409
14072 13190 479 409
14072 13191 479 409
14072 13192 477 408
14072 13193 471 407
14072 13194 469 406
14072 13195 469 404
14072 13196 463 404
14072 13197 458 403
14072 13198 456 407
14072 13199 454 404
14072 13200 449 400
14072 13201 446 401
14072 13202 444 400
14072 13203 441 399
14072 13204 437 397
14072 13205 434 397
14072 13206 431 397
14072 13207 427 396
14072 13208 423 395
14072 13209 423 395
14072 13210 419 394
14072 13211 414 392
14072 13212 411 393
14072 13213 408 393
14072 13214 407 386
14072 13215 402 390
14072 13216 401 390
14072 13217 398 391
14072 13218 393 388
14072 13219 390 388
14072 13220 387 386
14072 13221 385 386
14072 13222 386 380
14132 13222 378 386
14132 13223 379 385
14132 13224 378 385
14132 13225 373 383
14132 13226 367 383
14132 13227 366 382
14132 13228 364 381
14132 13229 361 381
14132 13230 357 380
14132 13231 357 380
14132 13232 353 379
14132 13233 349 377
14132 13234 345 378
14132 13235 343 377
14132 13236 342 376
14132 13237 337 375
14132 13238 336 376
14132 13239 334 374
14132 13240 329 372
14132 13241 324 374
14132 13242 324 373
14132 13243 322 370
14132 13244 319 369
14132 13245 317 370
14132 13246 315 369
14132 13247 311 369
14132 13248 307 366
14132 13249 305 368
14132 13250 302 368
14132 13251 297 366
14132 13252 298 365
14132 13253 297 365
14132 13254 293 364
14132 13255 288 363
14132 13256 286 363
14132 13257 284 363
14132 13258 279 361
14132 13259 279 361
14132 13260 279 361
14132 13261 275 361
14132 13262 271 359
14132 13263 268 359
14132 13264 268 358
14132 13265 265 356
14132 13266 262 355
14132 13267 261 355
14132 13268 258 355
14132 13269 254 354
14132 13270 250 355
14132 13271 251 353