554 458 104 295
554 459 105 293
554 460 108 294
554 461 112 296
554 462 113 296
554 463 109 296
554 464 104 297
554 465 105 299
554 466 107 299
554 467 110 298
554 468 110 297
554 469 112 297
554 470 115 295
554 471 118 295
554 472 121 294
554 473 122 293
554 474 125 292
554 475 127 291
554 476 129 290
554 477 133 289
554 478 136 288
554 479 138 286
554 480 141 285
554 481 144 282
554 482 146 283
554 483 149 282
554 484 152 281
554 485 156 280
554 486 154 279
554 487 161 278
554 488 158 276
554 489 164 275
554 490 163 275
554 491 170 273
554 492 171 272
554 493 175 271
554 494 178 270
554 495 174 269
554 496 182 269
554 497 185 268
554 498 183 267
554 499 183 266
554 500 185 266
554 501 187 264
554 502 189 264
554 503 189 264
554 504 191 263
554 505 192 262
554 506 196 263
1078 864 187 246
1078 865 196 248
1078 866 203 248
1078 867 212 249
1078 868 221 250
1078 869 232 250
1078 870 243 252
1078 871 251 252
1078 872 263 252
1078 873 275 254
1078 874 285 261
1078 875 295 263
1078 876 304 256
1078 877 314 257
1078 878 320 256
1078 879 329 252
1260 967 377 274
1260 968 376 272
1260 969 373 272
1260 970 370 277
1260 971 371 278
1260 972 364 278
1260 973 364 278
1260 974 363 279
1260 975 361 280
1260 976 360 280
1260 977 359 279
1260 978 354 265
1260 979 362 263
1260 980 369 263
1260 981 377 265
1260 982 383 265
1260 983 396 266
1260 984 410 267
1260 985 425 268
1260 986 436 270
1260 987 447 270
1260 988 462 271
1260 989 469 272
1260 990 476 272
1260 991 481 274
1330 1013 206 363
1330 1014 205 364
1330 1015 204 361
1330 1016 203 364
1330 1017 202 366
1330 1018 201 364
1330 1019 200 368
1330 1020 200 367
1330 1021 196 371
1330 1022 196 372
1330 1023 195 368
1330 1024 193 371
1330 1025 192 373
1330 1026 191 371
1330 1027 189 373
1330 1028 188 375
1330 1029 185 378
1330 1030 185 378
1330 1031 184 378
1330 1032 181 380
1330 1033 179 382
1330 1034 177 381
1330 1035 176 383
1330 1036 174 385
1330 1037 173 387
1330 1038 171 386
1330 1039 169 388
1330 1040 168 390
1330 1041 166 391
1330 1042 164 392
1330 1043 161 391
1330 1044 160 396
1330 1045 157 398
1330 1046 153 399
1330 1047 152 399
1330 1048 151 402
1330 1049 149 401
1330 1050 147 402
1330 1051 144 406
1330 1052 143 408
1330 1053 140 407
1330 1054 137 409
1330 1055 134 411
1330 1056 133 413
1330 1057 131 412
1330 1058 128 415
1330 1059 125 417
1330 1060 123 417
1330 1061 121 417
1330 1062 117 420
1330 1063 115 422
1330 1064 114 421
1330 1065 112 422
1330 1066 109 427
1330 1067 107 428
1330 1068 105 431
1330 1069 104 430
1330 1070 100 432
1330 1071 99 433
1330 1072 97 433
1330 1073 94 433
1330 1074 93 430
1816 1529 34 331
1816 1530 42 335
1816 1531 44 330
1816 1532 46 328
1816 1533 49 326
1816 1534 52 324
1816 1535 55 321
1816 1536 58 320
1816 1537 61 318
1816 1538 64 316
1816 1539 69 314
1816 1540 72 312
1816 1541 76 310
1816 1542 80 307
1816 1543 85 306
1816 1544 89 302
1816 1545 94 300
1816 1546 86 304
1816 1547 90 306
1816 1548 94 305
1850 1547 111 292
1850 1548 116 289
1850 1549 121 288
1850 1550 124 286
1850 1551 127 285
1850 1552 129 282
1850 1553 131 281
1850 1554 140 278
1850 1555 143 276
1850 1556 146 275
1850 1557 147 273
1850 1558 153 273
1850 1559 157 270
1850 1560 160 270
1850 1561 164 268
1850 1562 167 267
1850 1563 169 267
1850 1564 172 265
1850 1565 175 264
1850 1566 179 263
1850 1567 182 262
1850 1568 168 267
1850 1569 165 269
1850 1570 166 270
1850 1571 172 270
1850 1572 169 270
2088 1754 244 307
2088 1755 249 315
2088 1756 249 311
2088 1757 250 316
2088 1758 254 316
2088 1759 256 315
2088 1760 258 315
2088 1761 258 311
2088 1762 260 315
2088 1763 269 316
2088 1764 266 311
2088 1765 267 316
2088 1766 269 314
2088 1767 270 316
2088 1768 272 314
2088 1769 275 314
2088 1770 280 317
2088 1771 279 315
2088 1772 281 314
2088 1773 283 317
2088 1774 286 319
2088 1775 288 320
2088 1776 289 320
2088 1777 291 319
2088 1778 293 320
2088 1779 295 320
2088 1780 297 321
2088 1781 299 313
2088 1782 301 322
2088 1783 301 321
2088 1784 303 322
2088 1785 305 314
2088 1786 300 317
2088 1787 308 324
2088 1788 311 316
2088 1789 306 318
2088 1790 313 322
2088 1791 315 318
2088 1792 316 318
2088 1793 318 319
2088 1794 323 311
2088 1795 322 320
2088 1796 324 323
2088 1797 327 327
2088 1798 327 330
2088 1799 330 328
2088 1800 323 326
2088 1801 333 326
2088 1802 335 330
2088 1803 337 329
2088 1804 339 330
2088 1805 341 335
2088 1806 343 333
2088 1807 345 328
2088 1808 343 344
2088 1809 346 336
2088 1810 347 338
2088 1811 348 341
2088 1812 350 342
2088 1813 350 343
2088 1814 352 344
2088 1815 353 347
2088 1816 354 349
2088 1817 355 349
2088 1818 356 352
2088 1819 358 354
2088 1820 359 352
2088 1821 360 357
2088 1822 363 359
2088 1823 360 361
2088 1824 365 363
2088 1825 363 364
2088 1826 365 366
2088 1827 366 368
2088 1828 367 367
2088 1829 368 372
2088 1830 369 372
2088 1831 369 374
2088 1832 373 369
2088 1833 372 379
2088 1834 373 378
2088 1835 373 378
2088 1836 374 382
2088 1837 375 390
2088 1838 375 383
2088 1839 377 388
2088 1840 377 389
2088 1841 378 388
2088 1842 379 391
2088 1843 379 390
2088 1844 380 391
2088 1845 380 396
2088 1846 381 396
2088 1847 381 398
2088 1848 383 395
2088 1849 383 401
2088 1850 384 402
2088 1851 384 403
2524 2274 398 425
2524 2275 399 426
2524 2276 399 428
2524 2277 401 428
2524 2278 403 428
2524 2279 396 430
2524 2280 404 435
2524 2281 403 443
2524 2282 405 438
2524 2283 405 440
2524 2284 406 442
2524 2285 408 454
2524 2286 408 452
2524 2287 408 455
2524 2288 410 457
2524 2289 410 459
2524 2290 414 460
2524 2291 414 461
2524 2292 414 465
2524 2293 415 467
2524 2294 416 467
2524 2295 417 469
2524 2296 419 470
2524 2297 423 471
2524 2298 426 472
2524 2299 431 474
2524 2300 438 475
2555 2300 488 393
2555 2301 489 395
2555 2302 494 393
2555 2303 497 394
2555 2304 500 393
2555 2305 501 394
2555 2306 506 392
2555 2307 508 394
2555 2308 509 392
2555 2309 511 392
2555 2310 514 393
2555 2311 518 391
2555 2312 520 391
2555 2313 522 392
2555 2314 526 391
2555 2315 528 391
2555 2316 531 390
2555 2317 534 390
2555 2318 535 390
2555 2319 538 390
2555 2320 541 390
2555 2321 540 388
2555 2322 545 390
2555 2323 549 389
2555 2324 548 386
2555 2325 552 386
2555 2326 553 386
2555 2327 557 387
2555 2328 560 388
2555 2329 560 385
2555 2330 564 386
2555 2331 567 386
2555 2332 567 386
2555 2333 570 383
2555 2334 571 384
2555 2335 574 384
2555 2336 576 383
2555 2337 578 382
2555 2338 581 382
2555 2339 582 381
2555 2340 584 377
2555 2341 583 378
2555 2342 586 376
2555 2343 588 379
2555 2344 588 377
2555 2345 589 377
2555 2346 593 376
2555 2347 594 377
2555 2348 592 378
2714 2645 480 275
2714 2646 479 275
2714 2647 479 275
2714 2648 478 274
2714 2649 476 276
2714 2650 475 276
2714 2651 474 276
2714 2652 471 277
2714 2653 470 274
2714 2654 468 275
2714 2655 467 273
2714 2656 466 273
2714 2657 465 274
2714 2658 463 273
2714 2659 463 273
2714 2660 461 273
2714 2661 459 275
2714 2662 458 273
2714 2663 456 272
2714 2664 456 274
2714 2665 454 272
2714 2666 453 271
2714 2667 451 271
2714 2668 450 274
2714 2669 449 274
2714 2670 446 272
2714 2671 445 270
2714 2672 444 271
2714 2673 443 274
2714 2674 442 271
2714 2675 440 270
2714 2676 439 272
2714 2677 437 272
2714 2678 436 273
2714 2679 434 273
2714 2680 433 272
2714 2681 432 272
2714 2682 431 269
2714 2683 429 270
2714 2684 428 271
2714 2685 427 271
2714 2686 425 270
2714 2687 424 270
2714 2688 422 270
2714 2689 420 271
2714 2690 420 269
2714 2691 419 268
2714 2692 419 269
2714 2693 416 269
2714 2694 415 272
2714 2695 413 271
2714 2696 411 269
2714 2697 409 270
2714 2698 407 267
2714 2699 407 267
2714 2700 405 267
2714 2701 405 268
2714 2702 403 269
2714 2703 403 267
2714 2704 401 269
2714 2705 399 269
2714 2706 398 270
2714 2707 395 267
2714 2708 395 269
2714 2709 393 270
2714 2710 392 266
2714 2711 389 267
2714 2712 389 267
2714 2713 387 268
2714 2714 386 266
2714 2715 383 267
2714 2716 384 267
2714 2717 382 266
2714 2718 380 266
2714 2719 380 266
2714 2720 379 265
2714 2721 377 268
2714 2722 375 267
2714 2723 373 267
2714 2724 371 266
2714 2725 371 266
2714 2726 371 266
2714 2727 370 264
2714 2728 370 264
2714 2729 369 264
2714 2730 369 265
2714 2731 369 264
2714 2732 367 263
2867 2893 487 268
2867 2894 484 269
2867 2895 478 267
2867 2896 476 266
2867 2897 470 266
2867 2898 467 265
2867 2899 461 266
2867 2900 452 265
2867 2901 444 264
2867 2902 436 263
2867 2903 429 263
2867 2904 419 262
2867 2905 413 262
2867 2906 404 262
2867 2907 396 260
2867 2908 387 259
2867 2909 389 259
2867 2910 376 258
2867 2911 372 258
2867 2912 360 257
2867 2913 350 256
2867 2914 354 253
3456 4545 186 255
3456 4546 187 255
3456 4547 188 257
3456 4548 188 258
3456 4549 186 260
3456 4550 186 260
3456 4551 185 263
3456 4552 184 264
3456 4553 183 264
3456 4554 181 262
3456 4555 180 263
3456 4556 177 268
3456 4557 173 266
3456 4558 170 267
3456 4559 167 269
3456 4560 163 270
3456 4561 159 272
3456 4562 156 273
3456 4563 153 276
3456 4564 147 277
3456 4565 142 280
3456 4566 136 282
3456 4567 130 285
3456 4568 127 285
3456 4569 121 287
3456 4570 113 292
3456 4571 106 296
3456 4572 97 298
3456 4573 95 292
3460 4558 186 259
3460 4559 182 258
3460 4560 181 260
3460 4561 178 262
3460 4562 176 264
3460 4563 172 270
3460 4564 167 268
3460 4565 164 270
3460 4566 159 273
3460 4567 153 278
3460 4568 148 275
3460 4569 144 278
3460 4570 137 281
3460 4571 130 284
3460 4572 123 287
3460 4573 116 290
3466 4575 77 306
3466 4576 70 312
3466 4577 63 316
3466 4578 55 318
3466 4579 47 322
3466 4580 39 326
3466 4581 32 329
3466 4582 25 332
3466 4583 17 337
3466 4584 13 338
3466 4585 9 339
3466 4586 5 339
3870 5539 363 290
3870 5540 360 290
3870 5541 362 292
3870 5542 363 290
3870 5543 363 289
3870 5544 365 290
3870 5545 367 293
3870 5546 368 291
3870 5547 370 292
3870 5548 371 291
3870 5549 373 294
3870 5550 376 294
3870 5551 378 290
3870 5552 380 294
3870 5553 382 291
3870 5554 384 291
3870 5555 386 294
3870 5556 388 292
3870 5557 388 295
3870 5558 391 291
3870 5559 392 291
3870 5560 394 292
3870 5561 395 291
3870 5562 397 294
3870 5563 399 291
3870 5564 401 290
3870 5565 403 290
3870 5566 404 288
3870 5567 405 292
3870 5568 406 294
3870 5569 408 291
3870 5570 409 292
3870 5571 411 291
3870 5572 412 288
3870 5573 413 287
3870 5574 416 286
3870 5575 414 289
3870 5576 416 285
3870 5577 417 286
3870 5578 419 291
3870 5579 419 284
3870 5580 423 286
3870 5581 423 286
3870 5582 423 283
3870 5583 424 285
3870 5584 425 284
3870 5585 426 289
3870 5586 428 288
3870 5587 429 282
3870 5588 432 286
3870 5589 434 280
3870 5590 434 280
3870 5591 435 286
3870 5592 436 284
3870 5593 438 286
3870 5594 440 285
3870 5595 441 285
3870 5596 443 283
3870 5597 443 282
3870 5598 445 281
3870 5599 447 284
3870 5600 449 278
3870 5601 449 281
4131 5893 415 306
4131 5894 415 307
4131 5895 415 311
4131 5896 413 313
4131 5897 410 313
4131 5898 409 313
4131 5899 410 308
4131 5900 410 301
4131 5901 408 303
4131 5902 407 303
4131 5903 406 302
4131 5904 403 303
4131 5905 403 299
4131 5906 402 302
4131 5907 401 305
4131 5908 401 303
4131 5909 399 299
4131 5910 398 299
4131 5911 397 299
4131 5912 395 303
4131 5913 394 299
4131 5914 393 299
4131 5915 392 298
4131 5916 389 298
4131 5917 390 299
4131 5918 388 297
4131 5919 386 297
4131 5920 385 298
4131 5921 384 296
4131 5922 382 296
4131 5923 380 295
4131 5924 379 296
4131 5925 378 296
4131 5926 376 296
4131 5927 374 294
4131 5928 372 295
4131 5929 371 297
4131 5930 369 296
4131 5931 367 295
4131 5932 362 288
4131 5933 362 289
4131 5934 363 293
4131 5935 361 291
4131 5936 361 289
4131 5937 361 290
4131 5938 367 285
4131 5939 368 282
4131 5940 370 279
4131 5941 369 282
4131 5942 371 283
4131 5943 373 283
4514 6578 483 268
4514 6579 475 265
4514 6580 464 265
4514 6581 446 263
4514 6582 431 263
4514 6583 416 262
4514 6584 397 260
4514 6585 380 259
4514 6586 364 256
4514 6587 343 255
4514 6588 327 252
4514 6589 313 251
4514 6590 297 251
4514 6591 280 251
4514 6592 264 248
4514 6593 252 247
5299 7900 420 461
5299 7901 420 460
5299 7902 424 460
5299 7903 426 460
5299 7904 430 459
5299 7905 434 456
5299 7906 438 451
5299 7907 441 448
5299 7908 444 450
5299 7909 448 445
5299 7910 450 442
5299 7911 453 444
5299 7912 455 447
5299 7913 462 439
5299 7914 465 438
5299 7915 468 435
5299 7916 473 433
5299 7917 476 432
5299 7918 478 435
5299 7919 482 433
5299 7920 486 433
5299 7921 491 427
5299 7922 492 430
5299 7923 497 431
5299 7924 502 423
5299 7925 504 426
5299 7926 506 428
5299 7927 514 419
5299 7928 516 418
5299 7929 521 418
5299 7930 525 418
5299 7931 528 415
5299 7932 531 415
5299 7933 534 417
5299 7934 536 416
5299 7935 539 416
5299 7936 545 415
5299 7937 550 412
5299 7938 553 409
5299 7939 556 410
5299 7940 558 412
5299 7941 560 413
5299 7942 565 411
5299 7943 569 407
5299 7944 570 411
5299 7945 577 407
5299 7946 579 404
5299 7947 582 405
5299 7948 585 405
5299 7949 586 407
5299 7950 591 406
5299 7951 596 404
5299 7952 596 407
5299 7953 602 399
5299 7954 604 399
5299 7955 607 401
5299 7956 609 401
5299 7957 612 400
5299 7958 616 397
5299 7959 618 396
5299 7960 621 397
5299 7961 623 393
5299 7962 625 394
5299 7963 630 392
5299 7964 630 393
5299 7965 632 394
5299 7966 634 392
5299 7967 635 392
5725 8655 208 349
5725 8656 207 346
5725 8657 203 348
5725 8658 209 348
5725 8659 210 350
5725 8660 210 351
5725 8661 211 351
5725 8662 212 352
5725 8663 213 351
5725 8664 212 354
5725 8665 215 355
5725 8666 216 357
5725 8667 215 352
5725 8668 217 358
5725 8669 217 359
5725 8670 220 360
5725 8671 220 362
5725 8672 221 363
5725 8673 224 367
5725 8674 224 362
5725 8675 226 368
5725 8676 225 364
5725 8677 226 370
5725 8678 229 371
5725 8679 230 371
5725 8680 230 375
5725 8681 231 374
5725 8682 232 376
5725 8683 233 374
5725 8684 235 379
5725 8685 236 381
5725 8686 236 381
5725 8687 237 385
5725 8688 240 384
5725 8689 241 387
5725 8690 242 390
5725 8691 243 394
5725 8692 243 391
5725 8693 246 392
5725 8694 246 397
5725 8695 247 395
5725 8696 252 400
5725 8697 250 398
5725 8698 252 400
5725 8699 254 401
5725 8700 254 403
5725 8701 256 405
5725 8702 259 407
5725 8703 260 407
5725 8704 262 410
5725 8705 263 412
5725 8706 266 414
5725 8707 265 414
5725 8708 268 420
5725 8709 269 419
5725 8710 271 420
5725 8711 273 423
5725 8712 275 424
5725 8713 277 426
5725 8714 277 427
5725 8715 280 433
5725 8716 280 432
5725 8717 284 435
5725 8718 284 436
5725 8719 286 438
5725 8720 287 436
5725 8721 292 441
5725 8722 292 444
5725 8723 296 447
5725 8724 294 442
5725 8725 285 442
6652 10278 264 253
6652 10279 279 255
6652 10280 292 256
6652 10281 305 257
6652 10282 321 258
6652 10283 334 259
6652 10284 349 260
6652 10285 366 260
6652 10286 381 263
6652 10287 396 264
6652 10288 414 266
6652 10289 433 267
6652 10290 448 268
6652 10291 463 269
6652 10292 472 269
6652 10293 481 271
6694 10316 571 393
6694 10317 569 399
6694 10318 564 405
6694 10319 570 398
6694 10320 565 406
6694 10321 568 408
6694 10322 569 409
6694 10323 565 407
6694 10324 567 409
6694 10325 569 410
6694 10326 570 412
6694 10327 565 407
6694 10328 568 413
6694 10329 572 414
6694 10330 568 415
6694 10331 567 415
6694 10332 574 425
6694 10333 580 418
6694 10334 573 419
6694 10335 577 420
6694 10336 584 429
6694 10337 580 429
6694 10338 582 427
6694 10339 587 430
6694 10340 580 426
6694 10341 587 431
6694 10342 593 436
6694 10343 588 429
6694 10344 594 434
6694 10345 600 439
6694 10346 594 431
6694 10347 598 440
6694 10348 601 435
6694 10349 603 443
6694 10350 594 444
6694 10351 605 445
6694 10352 606 445
6694 10353 607 441
6694 10354 604 441
6694 10355 608 443
6694 10356 611 449
6694 10357 611 450
6694 10358 618 455
6694 10359 619 452
6694 10360 622 450
6694 10361 621 451
6694 10362 623 457
6694 10363 625 458
6694 10364 626 459
6694 10365 626 457
6694 10366 628 458
6694 10367 629 460
6694 10368 629 460
6694 10369 630 461
6694 10370 631 461
6694 10371 632 462
6694 10372 631 462
6694 10373 633 454
6694 10374 634 455
6694 10375 634 455
6694 10376 634 462
6694 10377 635 470
6694 10378 636 467
7396 11315 618 367
7396 11316 610 381
7396 11317 610 382
7396 11318 607 382
7396 11319 603 384
7396 11320 603 385
7396 11321 602 381
7396 11322 600 382
7396 11323 599 382
7396 11324 593 384
7396 11325 592 387
7396 11326 590 387
7396 11327 586 384
7396 11328 581 385
7396 11329 581 385
7396 11330 578 385
7396 11331 574 386
7396 11332 570 388
7396 11333 569 386
7396 11334 566 385
7396 11335 559 387
7396 11336 558 388
7396 11337 558 388
7396 11338 555 389
7396 11339 552 389
7396 11340 547 390
7396 11341 545 389
7396 11342 543 390
7396 11343 541 391
7396 11344 543 387
7433 11343 486 265
7433 11344 489 260
7433 11345 483 258
7433 11346 477 258
7433 11347 472 257
7433 11348 465 257
7433 11349 459 256
7433 11350 456 254
7433 11351 448 254
7433 11352 444 254
7433 11353 438 253
7433 11354 433 252
7433 11355 427 252
7433 11356 422 252
7433 11357 417 251
7433 11358 411 251
7433 11359 407 250
7433 11360 402 250
7433 11361 397 249
7433 11362 392 249
7433 11363 387 249
7433 11364 383 247
7433 11365 379 247
7433 11366 374 246
7656 11475 484 268
7656 11476 478 267
7656 11477 475 264
7656 11478 469 264
7656 11479 459 263
7656 11480 449 263
7656 11481 442 262
7656 11482 429 261
7656 11483 421 261
7656 11484 413 259
7656 11485 403 259
7656 11486 411 254
7656 11487 428 248
7656 11488 431 249
7793 11667 62 353
7793 11668 57 358
7793 11669 59 359
7793 11670 62 358
7793 11671 67 363
7793 11672 69 366
7793 11673 74 366
7793 11674 79 370
7793 11675 83 374
7793 11676 85 376
7793 11677 90 379
7793 11678 95 384
7793 11679 97 387
7793 11680 98 392
7793 11681 100 395
7793 11682 102 399
7793 11683 104 404
7793 11684 104 406
7793 11685 104 410
7793 11686 103 418
7793 11687 101 424
7793 11688 100 428
7793 11689 98 434
7793 11690 95 425
7793 11691 106 422
7793 11692 106 426
8089 12058 351 392
8089 12059 348 396
8089 12060 349 389
8089 12061 346 393
8089 12062 351 390
8089 12063 352 397
8089 12064 353 397
8089 12065 354 397
8089 12066 356 396
8089 12067 358 400
8089 12068 362 401
8089 12069 362 403
8089 12070 364 402
8089 12071 366 405
8089 12072 373 407
8089 12073 377 408
8089 12074 378 408
8089 12075 381 408
8089 12076 388 411
8089 12077 390 411
8089 12078 392 411
8089 12079 399 410
8089 12080 401 415
8089 12081 403 416
8089 12082 407 415
8089 12083 408 416
8089 12084 414 417
8089 12085 417 418
8089 12086 420 417
8089 12087 424 420
8089 12088 429 422
8089 12089 429 423
8089 12090 431 422
8089 12091 436 422
8089 12092 439 424
8089 12093 443 426
8089 12094 443 424
8089 12095 447 425
8089 12096 451 425
8089 12097 454 432
8089 12098 459 433
8089 12099 458 431
8089 12100 461 433
8089 12101 458 435
8296 12364 413 310
8296 12365 412 308
8296 12366 412 307
8296 12367 411 304
8296 12368 406 307
8296 12369 406 306
8296 12370 405 305
8296 12371 402 305
8296 12372 398 305
8296 12373 397 305
8296 12374 393 305
8296 12375 390 305
8296 12376 387 305
8296 12377 384 303
8296 12378 381 304
8296 12379 378 304
8296 12380 377 304
8296 12381 373 305
8296 12382 369 304
8296 12383 367 305
8296 12384 363 304
8296 12385 359 303
8296 12386 358 303
8296 12387 356 303
8296 12388 352 303
8296 12389 349 303
8296 12390 345 302
8296 12391 339 302
8296 12392 338 302
8296 12393 331 302
8296 12394 328 302
8296 12395 324 301
8296 12396 320 301
8296 12397 317 300
8296 12398 312 300
8296 12399 309 300
8296 12400 306 299
8296 12401 301 299
8296 12402 299 299
8296 12403 296 298
8296 12404 293 298
8296 12405 290 297
8296 12406 287 297
8296 12407 283 296
8296 12408 281 295
8296 12409 276 296
8296 12410 273 294
8296 12411 270 295
8296 12412 266 294
8296 12413 263 294
8296 12414 258 294
8296 12415 256 294
8296 12416 252 293
8296 12417 249 293
8296 12418 245 291
8296 12419 242 291
8296 12420 239 292
8296 12421 236 288
8320 12427 215 289
8320 12428 212 289
8320 12429 210 288
8320 12430 207 288
8320 12431 204 288
8320 12432 201 288
8320 12433 196 288
8320 12434 194 288
8320 12435 191 288
8320 12436 191 288
8320 12437 186 287
8320 12438 183 287
8320 12439 181 287
8320 12440 178 287
8320 12441 175 286
8320 12442 172 286
8320 12443 168 285
8320 12444 166 285
8320 12445 162 285
8320 12446 158 283
8320 12447 157 283
8320 12448 153 283
8320 12449 151 282
8320 12450 151 280
8320 12451 147 279
8320 12452 146 279
8320 12453 144 279
8320 12454 142 277
8320 12455 140 276
8320 12456 138 276
8320 12457 136 275
8320 12458 135 274
8320 12459 133 274
8320 12460 131 273
8320 12461 131 272
8320 12462 130 272
8320 12463 126 269
8320 12464 127 270
8320 12465 125 269
8320 12466 125 268
8320 12467 122 267
8394 12714 264 468
8394 12715 268 467
8394 12716 273 465
8394 12717 276 463
8394 12718 279 468
8394 12719 280 471
8394 12720 283 469
8394 12721 287 467
8394 12722 291 469
8394 12723 293 469
8394 12724 296 465
8394 12725 301 464
8394 12726 304 465
8394 12727 307 464
8394 12728 310 463
8394 12729 314 462
8394 12730 316 464
8394 12731 319 461
8394 12732 322 460
8394 12733 328 460
8394 12734 331 459
8394 12735 333 461
8394 12736 337 459
8394 12737 339 459
8394 12738 342 457
8394 12739 344 455
8394 12740 348 456
8394 12741 351 454
8394 12742 354 453
8394 12743 357 452
8394 12744 360 447
8394 12745 363 446
8394 12746 365 447
8394 12747 369 445
8394 12748 371 444
8394 12749 373 441
8394 12750 377 442
8394 12751 381 442
8394 12752 383 439
8394 12753 385 436
8394 12754 387 430
8394 12755 385 429
8419 12763 417 426
8419 12764 414 423
8419 12765 417 420
8419 12766 419 420
8419 12767 423 419
8419 12768 424 417
8419 12769 428 417
8419 12770 430 416
8419 12771 432 414
8419 12772 434 412
8419 12773 437 414
8419 12774 440 414
8419 12775 441 411
8419 12776 444 412
8419 12777 446 409
8419 12778 449 407
8419 12779 452 404
8419 12780 454 407
8419 12781 456 407
8419 12782 458 404
8419 12783 462 404
8419 12784 464 405
8419 12785 466 404
8419 12786 469 403
8419 12787 470 403
8419 12788 473 395
8419 12789 475 397
8419 12790 479 400
8419 12791 478 399
8419 12792 482 398
8419 12793 485 397
8419 12794 487 396
8419 12795 489 395
8419 12796 491 389
8419 12797 493 393
8419 12798 490 387
8517 12899 183 254
8517 12900 180 250
8517 12901 179 252
8517 12902 181 254
8517 12903 183 254
8517 12904 182 255
8517 12905 184 255
8517 12906 183 257
8517 12907 183 258
8517 12908 182 259
8517 12909 182 261
8517 12910 181 261
8517 12911 180 263
8517 12912 178 264
8517 12913 176 265
8517 12914 174 264
8517 12915 173 263
8517 12916 170 267
8517 12917 168 267
8517 12918 165 268
8517 12919 164 269
8517 12920 161 269
8517 12921 157 272
8517 12922 155 276
8517 12923 153 274
8517 12924 150 278
8517 12925 149 277
8517 12926 145 279
8517 12927 142 280
8517 12928 139 282
8517 12929 137 284
8517 12930 133 285
8517 12931 130 287
8517 12932 133 286
8518 12900 168 268
8518 12901 176 277
8518 12902 174 278
8518 12903 173 280
8518 12904 169 282
8518 12905 167 284
8518 12906 171 273
8518 12907 167 275
8518 12908 162 279
8518 12909 159 274
8518 12910 155 279
8518 12911 149 281
8518 12912 145 282
8518 12913 138 284
8518 12914 133 288
8518 12915 128 289
8518 12916 120 291
8518 12917 114 295
8527 12910 116 295
8527 12911 113 297
8527 12912 107 300
8527 12913 99 302
8527 12914 90 307
8527 12915 85 308
8527 12916 74 313
8527 12917 65 319
8527 12918 58 320
8527 12919 51 321
8595 13043 229 271
8595 13044 229 272
8595 13045 234 271
8595 13046 237 272
8595 13047 242 274
8595 13048 244 274
8595 13049 247 275
8595 13050 250 276
8595 13051 255 276
8595 13052 258 276
8595 13053 263 276
8595 13054 267 277
8595 13055 268 279
8595 13056 271 279
8595 13057 276 279
8595 13058 280 281
8595 13059 284 281
8595 13060 286 282
8595 13061 292 284
8595 13062 301 286
8595 13063 302 286
8595 13064 313 289
8595 13065 316 290
8595 13066 320 290
8595 13067 326 293
8595 13068 331 292
8595 13069 335 293
8595 13070 339 294
8595 13071 347 296
8595 13072 350 295
8595 13073 353 295
8595 13074 357 297
8595 13075 363 297
8595 13076 366 298
8595 13077 369 298
8595 13078 374 299
8595 13079 379 299
8595 13080 381 300
8595 13081 383 299