epsParam:20.0   minLnsParam:32
clusterID: 0  Points Number:  7
6.319559949552712 340.3863606882231   41.25936357214738 324.2801328588125   73.23083038927565 308.8917269442238   106.26509518492139 294.2934425099518   138.1961570396252 278.45550560879406   172.36268412246446 267.84220608303843   213.98093277420458 260.9221660394282   
clusterID: 1  Points Number:  9
171.50844899380732 252.4235062461242   207.31711494785569 253.7589000463466   243.46005581257535 255.00248556940392   280.6759265856046 256.7805612947539   316.80359416749855 258.9912692572407   352.7665093878159 260.26863167402234   388.8087315589059 262.03596456246913   424.74933793352585 264.8192400216978   462.85192477152884 267.0117455122876   
clusterID: 2  Points Number:  6
586.9823415560813 441.5917687659338   537.8366675903029 424.2238778592251   484.7116676433833 396.45643610738955   425.7595985366735 364.88010863319323   374.7191880750629 340.9834546652455   318.30314658212893 313.3645790517986   
trajectoryID: 0
6 48 97 246 252 265 527 555 613 750 1000 1188 1472 1521 1699 1894 2094 2175 2235 2282 2329 2342 2364 2367 2596 2627 2655 2959 2990 2997 3292 3326 3388 3495 3511 3553 3561 3598 3705 4027 4077 4081 4142 4284 4286 4366 4617 4677 4686 4742 4749 5016 5017 5041 5071 5189 5244 5527 5575 5614 5678 5794 5828 6189 6235 6370 6606 6765 6775 6785 6849 7211 7257 7437 7453 7479 7508 7574 7758 7917 7963 7992 8005 8284 8525 8691 8756 8766 8767 9278 9358 9706 9708 9713 9765 9794 9830 9986 10064 10221 10334 10337 10356 10461 10492 10712 10876 10942 11027 11154 11160 13132 17325 23910 
trajectoryID: 1
9 30 32 51 53 77 97 101 228 248 275 296 354 370 401 420 506 511 534 540 543 573 589 624 634 642 667 709 734 766 785 825 846 860 880 922 982 998 1002 1007 1013 1040 1051 1073 1098 1111 1127 1136 1185 1234 1280 1292 1294 1305 1345 1348 1354 1402 1433 1447 1459 1463 1476 1534 1544 1645 1702 1745 1783 1807 1862 1923 2037 2071 2221 2227 2249 2274 2285 2293 2300 2483 2500 2537 2571 2628 2659 2788 2818 2860 2893 2972 2990 3003 3021 3112 3183 3217 3260 3331 3372 3393 3419 3449 3683 3691 3746 3758 3807 3888 3899 3900 3953 3987 3998 4026 4083 4173 4219 4301 4321 4497 4524 4533 4631 4647 4676 4701 4741 4804 4828 4874 4910 5159 5161 5187 5199 5208 5257 5260 5302 5351 5367 5390 5506 5527 5576 5614 5615 5622 5628 5670 5830 5991 5995 6006 6007 6042 6067 6076 6097 6105 6131 6284 6339 6357 6374 6394 6405 6497 6501 6546 6560 6587 6588 6598 6799 6817 6830 6943 6946 7005 7023 7091 7107 7216 7315 7347 7402 7424 7434 7496 7518 7523 7524 7536 7582 7630 7640 7661 7821 7849 7925 7930 7947 8139 8168 8229 8233 8264 8354 8358 8378 8393 8405 8424 8439 8450 8468 8501 8545 8749 8776 8893 8913 8951 8966 8987 8992 9051 9093 9133 9254 9337 9392 9433 9474 9524 9579 9605 9735 9752 9759 9881 9924 10012 10026 10045 10080 10127 10231 10306 10349 10350 10356 10357 10517 10614 10660 10663 10830 10926 11033 11181 11185 11229 11274 11282 11297 11401 11436 11452 11454 11562 12367 15620 15858 16417 16569 17263 17845 22361 23800 23824 24704 27199 
trajectoryID: 2
46 80 252 266 358 540 706 907 971 985 1048 1065 1162 1282 1399 1411 1862 2654 2839 3114 3195 3353 3426 3664 3714 4093 4097 4244 4377 4565 4588 5026 5041 5092 5480 5506 5537 6028 6261 6560 6606 6638 6641 6675 6719 6775 7179 7257 7267 7421 7451 7834 7850 7855 7877 7955 7961 8041 8467 8526 9318 9529 10428 10489 12025 