68 132 270 250
68 133 274 250
68 134 288 249
68 135 299 256
68 136 312 257
68 137 327 257
68 138 343 259
68 139 358 259
68 140 377 261
68 141 387 262
68 142 401 263
68 143 402 263
317 600 94 322
317 601 93 325
317 602 90 325
317 603 87 323
317 604 84 323
317 605 80 323
317 606 79 325
317 607 77 324
317 608 74 324
317 609 73 324
317 610 64 327
317 611 65 329
317 612 61 330
317 613 58 335
317 614 56 335
317 615 55 334
317 616 53 336
317 617 49 335
317 618 47 335
317 619 44 338
317 620 43 338
317 621 38 338
317 622 35 340
317 623 34 340
317 624 31 341
317 625 28 342
317 626 23 342
317 627 24 346
317 628 21 343
317 629 19 343
317 630 17 344
317 631 13 344
317 632 11 349
317 633 11 353
327 623 390 419
327 624 394 418
327 625 394 420
327 626 396 423
327 627 395 427
327 628 398 429
327 629 397 430
327 630 399 433
327 631 399 435
327 632 400 441
327 633 398 447
327 634 401 446
327 635 402 450
327 636 404 455
327 637 407 458
327 638 411 461
327 639 413 461
327 640 416 462
327 641 419 464
327 642 422 466
327 643 426 466
327 644 427 467
327 645 431 465
376 718 228 251
376 719 240 250
376 720 246 250
376 721 258 252
376 722 279 255
376 723 295 255
376 724 312 257
376 725 329 258
376 726 347 260
376 727 364 261
376 728 378 262
376 729 393 265
376 730 407 266
376 731 426 266
376 732 446 267
376 733 442 269
429 1399 91 391
429 1400 95 390
429 1401 100 388
429 1402 102 387
429 1403 105 388
429 1404 109 387
429 1405 113 385
429 1406 115 385
429 1407 119 385
429 1408 122 383
429 1409 125 384
429 1410 126 383
429 1411 132 382
429 1412 135 379
429 1413 138 380
429 1414 140 379
429 1415 146 378
429 1416 148 376
429 1417 152 375
429 1418 154 376
429 1419 156 374
429 1420 163 373
429 1421 165 372
429 1422 169 370
429 1423 171 372
429 1424 172 369
429 1425 176 369
429 1426 179 368
429 1427 182 366
429 1428 186 366
429 1429 191 364
429 1430 191 363
429 1431 196 362
429 1432 200 360
429 1433 201 360
429 1434 204 360
429 1435 208 359
429 1436 211 359
429 1437 213 358
429 1438 215 356
429 1439 216 355
429 1440 222 356
429 1441 222 354
429 1442 225 354
429 1443 229 352
429 1444 231 352
429 1445 235 350
429 1446 237 351
429 1447 240 350
429 1448 242 348
429 1449 247 347
429 1450 248 346
429 1451 252 345
429 1452 254 344
429 1453 256 344
429 1454 258 343
429 1455 261 346
429 1456 263 342
429 1457 265 342
429 1458 268 339
429 1459 273 338
429 1460 275 338
429 1461 276 337
429 1462 279 337
429 1463 283 336
429 1464 283 335
429 1465 286 333
429 1466 289 338
429 1467 292 333
429 1468 292 332
429 1469 296 331
429 1470 299 329
429 1471 299 329
429 1472 300 328
429 1473 305 327
429 1474 307 329
429 1475 308 327
429 1476 311 325
429 1477 314 325
429 1478 315 324
429 1479 316 323
429 1480 320 323
429 1481 320 322
429 1482 322 321
429 1483 324 320
429 1484 328 320
429 1485 330 319
429 1486 329 318
429 1487 330 318
429 1488 335 316
429 1489 335 315
429 1490 338 317
429 1491 340 315
429 1492 342 314
429 1493 343 312
429 1494 346 313
429 1495 347 313
429 1496 348 312
429 1497 351 311
429 1498 353 309
429 1499 355 309
429 1500 355 308
429 1501 358 307
429 1502 361 308
429 1503 362 307
429 1504 364 305
429 1505 367 307
429 1506 367 305
429 1507 369 304
429 1508 370 302
429 1509 372 303
429 1510 373 301
429 1511 375 301
429 1512 376 305
429 1513 377 308
591 2239 520 410
591 2240 519 406
591 2241 521 411
591 2242 515 414
591 2243 514 409
591 2244 513 405
591 2245 508 405
591 2246 511 407
591 2247 508 411
591 2248 509 412
591 2249 504 409
591 2250 502 409
591 2251 501 411
591 2252 498 412
591 2253 496 412
591 2254 495 412
591 2255 490 414
591 2256 489 416
591 2257 487 415
591 2258 487 418
591 2259 485 417
591 2260 482 419
591 2261 482 419
591 2262 481 414
591 2263 479 420
591 2264 477 420
591 2265 475 422
591 2266 473 422
591 2267 470 425
591 2268 470 427
591 2269 467 424
591 2270 466 427
591 2271 462 430
591 2272 459 427
591 2273 459 429
591 2274 457 430
591 2275 455 431
591 2276 453 431
591 2277 454 425
613 2277 450 443
613 2278 449 435
613 2279 446 431
613 2280 443 435
613 2281 442 438
613 2282 439 442
613 2283 437 438
613 2284 433 439
613 2285 432 441
613 2286 432 441
613 2287 430 445
613 2288 424 444
613 2289 421 445
613 2290 422 448
613 2291 420 449
613 2292 416 449
613 2293 413 450
613 2294 411 453
613 2295 407 452
613 2296 406 455
613 2297 403 453
613 2298 400 456
613 2299 399 461
613 2300 396 458
613 2301 393 461
613 2302 390 459
613 2303 387 460
613 2304 383 460
613 2305 383 460
613 2306 380 462
613 2307 377 462
613 2308 372 463
613 2309 370 463
613 2310 366 463
613 2311 364 461
613 2312 360 465
613 2313 357 465
613 2314 354 466
613 2315 353 466
613 2316 348 467
613 2317 346 467
613 2318 342 468
613 2319 339 468
613 2320 337 469
639 2561 318 258
639 2562 341 259
639 2563 363 260
639 2564 380 262
639 2565 396 264
639 2566 405 265
639 2567 417 266
639 2568 436 266
639 2569 458 267
639 2570 475 270
639 2571 477 271
639 2572 483 271
689 2946 330 257
689 2947 335 259
689 2948 344 258
689 2949 358 261
689 2950 367 262
689 2951 373 261
689 2952 389 265
689 2953 403 265
689 2954 415 266
689 2955 426 268
689 2956 438 268
689 2957 446 267
689 2958 453 270
689 2959 466 272
689 2960 475 272
689 2961 479 273
689 2962 481 273
689 2963 489 275
722 3173 232 251
722 3174 236 250
722 3175 244 249
722 3176 253 251
722 3177 254 251
722 3178 262 251
722 3179 276 253
722 3180 288 254
722 3181 301 255
722 3182 317 256
722 3183 323 255
722 3184 339 258
722 3185 358 259
722 3186 372 260
722 3187 382 261
722 3188 397 262
722 3189 405 270
767 3388 328 256
767 3389 338 257
767 3390 354 258
767 3391 365 260
767 3392 372 260
767 3393 387 261
767 3394 403 263
767 3395 426 265
767 3396 448 267
767 3397 462 267
767 3398 470 269
767 3399 480 272
847 3783 282 251
847 3784 296 252
847 3785 308 254
847 3786 315 254
847 3787 329 255
847 3788 337 255
847 3789 349 256
847 3790 363 257
847 3791 380 259
847 3792 391 261
847 3793 402 262
847 3794 414 263
847 3795 438 265
847 3796 431 265
957 4060 243 318
957 4061 240 316
957 4062 241 311
957 4063 242 313
957 4064 244 314
957 4065 244 314
957 4066 246 313
957 4067 247 315
957 4068 248 315
957 4069 248 315
957 4070 250 316
957 4071 251 317
957 4072 252 318
957 4073 253 317
957 4074 254 318
957 4075 255 318
957 4076 257 319
957 4077 258 319
957 4078 260 320
957 4079 265 323
957 4080 265 321
957 4081 267 324
957 4082 268 324
957 4083 268 324
957 4084 271 325
957 4085 273 326
957 4086 274 326
957 4087 277 329
957 4088 277 327
957 4089 279 328
957 4090 281 328
957 4091 282 329
957 4092 283 329
957 4093 286 332
957 4094 286 332
957 4095 288 332
957 4096 289 332
957 4097 290 333
957 4098 293 333
957 4099 293 336
957 4100 293 335
957 4101 296 335
957 4102 297 335
957 4103 298 335
957 4104 301 336
957 4105 301 336
957 4106 303 338
957 4107 305 338
957 4108 306 339
957 4109 307 339
957 4110 309 343
957 4111 311 340
957 4112 311 342
957 4113 314 341
957 4114 316 341
957 4115 319 335
968 4115 317 348
968 4116 318 343
968 4117 319 344
968 4118 321 344
968 4119 326 338
968 4120 323 344
968 4121 325 345
968 4122 325 345
968 4123 327 347
968 4124 329 348
968 4125 331 349
968 4126 333 349
968 4127 335 356
968 4128 334 350
968 4129 335 351
968 4130 337 351
968 4131 338 352
968 4132 339 353
968 4133 341 353
968 4134 342 353
968 4135 346 355
968 4136 346 357
968 4137 348 356
968 4138 347 357
968 4139 349 357
968 4140 352 358
968 4141 355 358
968 4142 355 360
968 4143 356 360
968 4144 356 361
968 4145 357 361
968 4146 361 362
968 4147 362 362
968 4148 364 363
968 4149 365 364
968 4150 368 365
968 4151 367 365
968 4152 371 366
968 4153 371 368
968 4154 372 369
968 4155 373 365
968 4156 376 369
968 4157 379 371
968 4158 379 376
968 4159 381 372
968 4160 382 373
968 4161 380 373
968 4162 385 374
968 4163 386 374
968 4164 388 375
968 4165 390 376
968 4166 394 378
968 4167 393 378
968 4168 396 379
968 4169 397 381
968 4170 399 380
968 4171 401 382
968 4172 401 382
968 4173 405 383
968 4174 407 384
968 4175 406 385
968 4176 408 385
968 4177 412 386
968 4178 413 386
968 4179 416 387
968 4180 418 389
968 4181 420 390
968 4182 424 398
968 4183 423 392
968 4184 422 391
968 4185 426 392
968 4186 427 393
968 4187 429 396
968 4188 427 394
1002 4188 436 396
1002 4189 433 395
1002 4190 434 396
1002 4191 435 400
1002 4192 439 398
1002 4193 439 399
1002 4194 442 400
1002 4195 447 403
1002 4196 450 404
1002 4197 454 407
1002 4198 456 409
1002 4199 459 410
1002 4200 463 411
1002 4201 463 412
1002 4202 468 414
1002 4203 471 415
1002 4204 474 417
1002 4205 475 418
1002 4206 479 418
1002 4207 479 420
1002 4208 482 422
1002 4209 485 422
1002 4210 488 423
1002 4211 490 424
1002 4212 491 425
1002 4213 493 426
1002 4214 495 427
1002 4215 497 428
1002 4216 499 429
1002 4217 503 430
1002 4218 503 431
1002 4219 504 432
1002 4220 508 433
1002 4221 510 434
1002 4222 511 435
1002 4223 513 437
1002 4224 515 437
1002 4225 519 439
1002 4226 519 439
1002 4227 521 440
1002 4228 522 441
1002 4229 526 443
1002 4230 527 444
1002 4231 526 443
1002 4232 530 446
1002 4233 533 447
1002 4234 536 449
1002 4235 537 450
1002 4236 541 450
1002 4237 544 453
1002 4238 542 453
1002 4239 546 454
1002 4240 547 455
1002 4241 549 457
1002 4242 553 457
1002 4243 557 460
1002 4244 556 459
1002 4245 559 459
1002 4246 564 460
1002 4247 565 459
1002 4248 565 461
1002 4249 571 460
1002 4250 569 461
1002 4251 573 461
1002 4252 573 461
1002 4253 577 463
1002 4254 578 463
1002 4255 586 463
1002 4256 584 465
1002 4257 581 468
1002 4258 574 475
1195 4640 259 247
1195 4641 238 248
1195 4642 232 246
1195 4643 232 247
1195 4644 233 248
1195 4645 262 252
1195 4646 275 254
1195 4647 286 254
1195 4648 297 256
1195 4649 310 257
1195 4650 324 258
1195 4651 338 259
1195 4652 353 259
1195 4653 368 259
1195 4654 383 263
1195 4655 396 264
1195 4656 387 266
1212 4662 248 251
1212 4663 250 250
1212 4664 256 251
1212 4665 263 252
1212 4666 275 254
1212 4667 287 255
1212 4668 295 255
1212 4669 306 256
1212 4670 316 257
1212 4671 324 259
1212 4672 336 258
1212 4673 350 259
1212 4674 358 261
1212 4675 365 261
1212 4676 376 261
1212 4677 391 264
1212 4678 406 265
1212 4679 416 265
1212 4680 428 266
1212 4681 431 265
1266 4746 282 347
1266 4747 280 342
1266 4748 277 341
1266 4749 282 340
1266 4750 283 342
1266 4751 284 343
1266 4752 285 343
1266 4753 286 344
1266 4754 287 343
1266 4755 288 343
1266 4756 293 345
1266 4757 289 344
1266 4758 291 345
1266 4759 287 350
1266 4760 293 345
1266 4761 295 347
1266 4762 296 346
1266 4763 300 348
1266 4764 302 348
1266 4765 302 349
1266 4766 304 349
1266 4767 305 351
1266 4768 301 349
1266 4769 307 350
1266 4770 310 352
1266 4771 310 353
1266 4772 312 352
1266 4773 313 352
1266 4774 314 352
1266 4775 316 353
1266 4776 317 353
1266 4777 319 354
1266 4778 320 356
1266 4779 321 355
1266 4780 322 356
1266 4781 323 355
1266 4782 325 357
1266 4783 325 358
1266 4784 327 360
1266 4785 329 358
1266 4786 329 358
1266 4787 332 359
1266 4788 332 359
1266 4789 333 360
1266 4790 335 361
1266 4791 336 361
1266 4792 337 364
1266 4793 338 361
1266 4794 340 362
1266 4795 341 363
1266 4796 342 364
1266 4797 344 366
1266 4798 344 363
1266 4799 345 364
1266 4800 347 366
1266 4801 349 364
1266 4802 349 367
1266 4803 350 366
1266 4804 352 367
1266 4805 355 369
1266 4806 358 370
1266 4807 359 369
1266 4808 361 370
1266 4809 362 371
1266 4810 362 375
1266 4811 366 372
1266 4812 366 374
1266 4813 368 373
1266 4814 368 373
1266 4815 370 374
1266 4816 372 375
1266 4817 373 376
1266 4818 375 376
1266 4819 375 377
1266 4820 377 378
1266 4821 378 377
1266 4822 380 380
1266 4823 380 379
1266 4824 382 379
1266 4825 382 380
1266 4826 385 380
1266 4827 385 381
1266 4828 386 381
1266 4829 389 382
1266 4830 390 385
1266 4831 390 384
1266 4832 392 384
1266 4833 392 385
1266 4834 393 385
1266 4835 394 386
1266 4836 394 387
1266 4837 398 388
1266 4838 399 386
1266 4839 400 387
1266 4840 401 387
1266 4841 402 382
1266 4842 404 388
1266 4843 407 389
1266 4844 408 384
1266 4845 407 390
1266 4846 409 391
1266 4847 411 392
1266 4848 414 393
1266 4849 415 394
1266 4850 415 395
1266 4851 418 395
1266 4852 419 394
1266 4853 422 396
1266 4854 423 396
1266 4855 417 398
1278 4762 224 248
1278 4763 238 250
1278 4764 257 250
1278 4765 272 253
1278 4766 288 254
1278 4767 308 255
1278 4768 320 256
1278 4769 333 257
1278 4770 354 259
1278 4771 372 260
1278 4772 384 261
1278 4773 401 262
1278 4774 422 265
1278 4775 441 266
1278 4776 457 267
1278 4777 469 270
1278 4778 480 270
1278 4779 487 271
1547 5843 547 376
1547 5844 550 372
1547 5845 549 368
1547 5846 547 369
1547 5847 546 371
1547 5848 541 366
1547 5849 538 372
1547 5850 534 373
1547 5851 533 373
1547 5852 528 374
1547 5853 526 377
1547 5854 521 377
1547 5855 523 376
1547 5856 519 379
1547 5857 518 382
1547 5858 512 380
1547 5859 513 376
1547 5860 508 382
1547 5861 505 381
1547 5862 501 384
1547 5863 498 390
1547 5864 497 385
1547 5865 494 385
1547 5866 490 386
1547 5867 490 383
1547 5868 485 387
1547 5869 481 390
1547 5870 476 390
1547 5871 476 392
1547 5872 472 389
1547 5873 466 391
1547 5874 463 392
1547 5875 459 392
1547 5876 455 393
1547 5877 452 394
1547 5878 448 399
1547 5879 446 400
1547 5880 440 402
1547 5881 438 397
1547 5882 436 396
1547 5883 432 397
1547 5884 432 389
1561 5884 426 405
1561 5885 426 399
1561 5886 420 399
1561 5887 416 399
1561 5888 412 405
1561 5889 408 402
1561 5890 399 409
1561 5891 396 404
1561 5892 388 406
1561 5893 386 405
1561 5894 380 405
1561 5895 376 407
1561 5896 371 408
1561 5897 365 407
1561 5898 361 409
1561 5899 353 413
1561 5900 351 411
1561 5901 346 417
1561 5902 343 417
1561 5903 334 415
1561 5904 331 416
1561 5905 328 415
1561 5906 325 415
1561 5907 321 417
1561 5908 316 417
1561 5909 312 419
1561 5910 307 418
1561 5911 303 419
1561 5912 299 419
1561 5913 297 419
1561 5914 291 420
1561 5915 286 422
1561 5916 283 420
1561 5917 277 421
1561 5918 273 422
1561 5919 270 423
1561 5920 265 422
1561 5921 260 422
1561 5922 256 423
1561 5923 253 423
1561 5924 250 432
1564 5924 244 416
1564 5925 241 422
1564 5926 236 422
1564 5927 232 423
1564 5928 227 422
1564 5929 222 423
1564 5930 218 423
1564 5931 212 422
1564 5932 207 422
1564 5933 205 423
1564 5934 201 421
1564 5935 196 422
1564 5936 193 422
1564 5937 189 421
1564 5938 183 421
1564 5939 178 422
1564 5940 175 422
1564 5941 167 422
1564 5942 165 422
1564 5943 160 422
1564 5944 158 426
1564 5945 152 422
1564 5946 147 423
1564 5947 144 421
1564 5948 139 422
1564 5949 135 421
1564 5950 131 430
1640 6478 581 470
1640 6479 582 466
1640 6480 578 465
1640 6481 574 464
1640 6482 572 463
1640 6483 568 463
1640 6484 564 462
1640 6485 560 461
1640 6486 556 459
1640 6487 550 460
1640 6488 550 459
1640 6489 541 458
1640 6490 542 453
1640 6491 533 455
1640 6492 536 450
1640 6493 530 451
1640 6494 531 447
1640 6495 523 449
1640 6496 523 445
1640 6497 516 447
1640 6498 511 444
1640 6499 505 442
1640 6500 500 440
1640 6501 495 436
1644 6502 484 435
1644 6503 481 430
1644 6504 476 428
1644 6505 470 427
1644 6506 463 423
1644 6507 461 423
1644 6508 456 420
1644 6509 450 418
1644 6510 449 416
1644 6511 441 412
1644 6512 444 407
1644 6513 437 410
1644 6514 435 408
1644 6515 432 406
1644 6516 429 405
1644 6517 424 403
1644 6518 421 400
1644 6519 413 402
1644 6520 416 399
1644 6521 415 395
1644 6522 410 395
1644 6523 407 386
1644 6524 400 384
1674 6561 297 341
1674 6562 299 338
1674 6563 295 339
1674 6564 294 338
1674 6565 292 338
1674 6566 294 335
1674 6567 292 337
1674 6568 290 333
1674 6569 287 333
1674 6570 283 329
1674 6571 279 329
1674 6572 276 327
1674 6573 270 327
1674 6574 266 326
1674 6575 269 323
1674 6576 262 323
1674 6577 263 323
1674 6578 257 322
1674 6579 255 321
1674 6580 252 319
1674 6581 249 318
1674 6582 247 315
1674 6583 246 315
1674 6584 244 313
1674 6585 242 315
1674 6586 241 321
1713 6665 458 472
1713 6666 460 471
1713 6667 467 471
1713 6668 474 469
1713 6669 487 468
1713 6670 495 467
1713 6671 499 466
1713 6672 506 466
1713 6673 512 466
1713 6674 518 464
1713 6675 522 463
1713 6676 531 463
1713 6677 538 462
1713 6678 542 462
1713 6679 547 459
1713 6680 555 459
1713 6681 560 457
1713 6682 574 457
1713 6683 571 452
1771 6882 71 301
1771 6883 74 298
1771 6884 74 298
1771 6885 72 298
1771 6886 70 299
1771 6887 70 300
1771 6888 70 302
1771 6889 66 301
1771 6890 65 300
1771 6891 65 302
1771 6892 63 302
1771 6893 61 302
1771 6894 60 304
1771 6895 58 304
1771 6896 59 305
1771 6897 56 305
1771 6898 53 306
1771 6899 51 306
1771 6900 54 310
1771 6901 50 307
1771 6902 49 307
1771 6903 49 308
1771 6904 46 309
1771 6905 42 309
1771 6906 43 311
1771 6907 43 311
1771 6908 40 312
1771 6909 38 312
1771 6910 36 313
1771 6911 34 314
1771 6912 35 315
1771 6913 32 315
1771 6914 31 315
1771 6915 31 315
1771 6916 30 316
1771 6917 28 316
1771 6918 24 316
1771 6919 23 317
1771 6920 23 319
1771 6921 19 321
1771 6922 14 324
1771 6923 13 327
1771 6924 10 324
1771 6925 10 326
1771 6926 8 328
1771 6927 4 327
1771 6928 6 329
1771 6929 3 330
1771 6930 5 333
1777 6948 295 261
1777 6949 310 257
1777 6950 324 257
1777 6951 336 259
1777 6952 350 259
1777 6953 366 261
1777 6954 381 261
1777 6955 394 263
1777 6956 407 265
1777 6957 423 267
1777 6958 438 267
1777 6959 454 267
1777 6960 467 270
1777 6961 474 271
1777 6962 479 271
1832 7755 589 474
1832 7756 585 473
1832 7757 582 472
1832 7758 573 469
1832 7759 564 467
1832 7760 558 466
1832 7761 553 465
1832 7762 549 461
1832 7763 545 460
1832 7764 539 460
1832 7765 535 457
1832 7766 531 458
1832 7767 527 450
1832 7768 523 445
1832 7769 520 443
1832 7770 516 441
1832 7771 512 436
1832 7772 508 434
1832 7773 505 430
1832 7774 502 426
1832 7775 498 424
1832 7776 494 421
1832 7777 490 418
1832 7778 486 415
1832 7779 483 412
1832 7780 477 411
1832 7781 473 408
1832 7782 468 406
1832 7783 465 401
1832 7784 459 400
1832 7785 456 399
1832 7786 452 395
1832 7787 447 392
1832 7788 443 391
1832 7789 438 387
1832 7790 435 386
1832 7791 431 381
1832 7792 427 380
1832 7793 424 378
1832 7794 422 376
1832 7795 418 372
1832 7796 414 370
1832 7797 411 368
1832 7798 409 366
1832 7799 406 365
1832 7800 402 361
1832 7801 398 359
1832 7802 393 356
1832 7803 391 356
1832 7804 386 352
1832 7805 384 352
1832 7806 379 350
1832 7807 376 348
1832 7808 372 346
1832 7809 369 344
1832 7810 365 343
1832 7811 361 339
1832 7812 359 336
1832 7813 356 333
1832 7814 354 335
1832 7815 351 331
1832 7816 348 333
1832 7817 346 327
1832 7818 343 323
1832 7819 342 325
1832 7820 339 321
1832 7821 337 321
1832 7822 335 319
1832 7823 333 316
1832 7824 332 316
1832 7825 330 313
1832 7826 328 313
1832 7827 326 312
1832 7828 325 307
1832 7829 323 307
1832 7830 322 306
1832 7831 319 304
1832 7832 317 306
1832 7833 316 305
1832 7834 313 300
1832 7835 311 298
1832 7836 310 296
1832 7837 308 294
1832 7838 307 295
1832 7839 304 293
1832 7840 302 292
1832 7841 300 289
1832 7842 300 289
1832 7843 298 288
1832 7844 296 285
1832 7845 294 284
1832 7846 291 282
1832 7847 287 280
1832 7848 281 277
1832 7849 277 276
1832 7850 273 273
1832 7851 273 278
1832 7852 274 277
1834 7762 289 261
1834 7763 301 256
1834 7764 314 257
1834 7765 328 258
1834 7766 339 259
1834 7767 350 259
1834 7768 362 261
1834 7769 377 262
1834 7770 390 264
1834 7771 403 265
1834 7772 417 266
1834 7773 428 267
1834 7774 440 268
1834 7775 452 268
1834 7776 467 270
1834 7777 473 271
1834 7778 479 272
1834 7779 479 278
1889 7922 238 248
1889 7923 243 249
1889 7924 260 250
1889 7925 276 252
1889 7926 292 246
1889 7927 306 255
1889 7928 325 256
1889 7929 343 257
1889 7930 362 259
1889 7931 382 261
1889 7932 402 262
1889 7933 419 264
1889 7934 437 266
1889 7935 457 267
1889 7936 470 270
1889 7937 481 269
1894 7959 348 256
1894 7960 361 258
1894 7961 376 260
1894 7962 392 262
1894 7963 408 263
1894 7964 425 265
1894 7965 438 266
1894 7966 453 266
1894 7967 466 267
1894 7968 475 268
1894 7969 484 269
1902 8095 71 366
1902 8096 69 367
1902 8097 72 359
1902 8098 73 353
1902 8099 77 356
1902 8100 82 355
1902 8101 82 356
1902 8102 85 357
1902 8103 90 356
1902 8104 94 356
1902 8105 94 355
1902 8106 100 355
1902 8107 105 354
1902 8108 105 355
1902 8109 110 354
1902 8110 111 353
1902 8111 118 354
1902 8112 121 352
1902 8113 123 351
1902 8114 126 351
1902 8115 131 350
1902 8116 134 349
1902 8117 136 349
1902 8118 140 348
1902 8119 140 346
1902 8120 144 346
1902 8121 145 346
1902 8122 150 343
1902 8123 152 344
1902 8124 154 344
1902 8125 159 349
1908 8125 164 333
1908 8126 168 338
1908 8127 172 336
1908 8128 176 336
1908 8129 177 334
1908 8130 180 335
1908 8131 187 333
1908 8132 191 332
1908 8133 194 330
1908 8134 198 330
1908 8135 199 324
1908 8136 204 328
1908 8137 207 328
1908 8138 210 327
1908 8139 213 325
1908 8140 213 324
1908 8141 218 324
1908 8142 220 323
1908 8143 222 322
1908 8144 224 322
1908 8145 226 321
1908 8146 229 320
1908 8147 230 317
1908 8148 233 318
1908 8149 233 318
1908 8150 237 317
1908 8151 237 316
1908 8152 240 311
1908 8153 242 310
1908 8154 245 314
1908 8155 245 313
1908 8156 247 313
1908 8157 250 312
1908 8158 252 311
1908 8159 254 310
1908 8160 256 305
1908 8161 258 310
1908 8162 261 312
1908 8163 261 308
1908 8164 263 304
1908 8165 266 306
1908 8166 268 306
1908 8167 270 301
1908 8168 273 305
1908 8169 274 304
1908 8170 274 304
1908 8171 276 308
1908 8172 279 310
1913 8155 3 439
1913 8156 4 441
1913 8157 6 441
1913 8158 8 442
1913 8159 10 431
1913 8160 14 431
1913 8161 17 432
1913 8162 20 431
1913 8163 24 431
1913 8164 28 432
1913 8165 32 432
1913 8166 36 431
1913 8167 41 431
1913 8168 46 431
1913 8169 43 431
1913 8170 53 430
1913 8171 58 431
1913 8172 62 431
1913 8173 65 431
1913 8174 71 431
1913 8175 76 431
1913 8176 79 430
1913 8177 83 430
1913 8178 88 431
1913 8179 93 431
1913 8180 97 431
1913 8181 103 430
1913 8182 107 430
1913 8183 111 430
1913 8184 114 430
1913 8185 120 430
1913 8186 125 430
1913 8187 128 430
1913 8188 133 429
1913 8189 139 429
1913 8190 142 430
1913 8191 145 429
1913 8192 152 429
1913 8193 157 429
1913 8194 162 429
1913 8195 165 428
1913 8196 172 428
1913 8197 176 429
1913 8198 179 426
1913 8199 184 425
1913 8200 191 427
1913 8201 193 427
1913 8202 197 425
1913 8203 201 431
1922 8206 234 421
1922 8207 241 421
1922 8208 243 421
1922 8209 244 420
1922 8210 252 419
1922 8211 257 419
1922 8212 259 419
1922 8213 265 418
1922 8214 273 418
1922 8215 274 418
1922 8216 282 416
1922 8217 290 417
1922 8218 290 416
1922 8219 297 416
1922 8220 301 415
1922 8221 306 415
1922 8222 308 415
1922 8223 313 414
1922 8224 321 414
1922 8225 324 414
1922 8226 327 414
1922 8227 330 413
1922 8228 339 412
1922 8229 341 412
1922 8230 342 411
1922 8231 350 411
1922 8232 355 411
1922 8233 355 411
1922 8234 363 409
1922 8235 369 409
1922 8236 371 409
1922 8237 375 407
1922 8238 379 407
1922 8239 386 407
1922 8240 388 407
1922 8241 391 407
1922 8242 400 406
1922 8243 402 406
1922 8244 403 406
1922 8245 409 405
1922 8246 416 405
1922 8247 418 405
1922 8248 421 404
1922 8249 428 404
1922 8250 433 404
1922 8251 436 403
1922 8252 442 403
1922 8253 446 402
1922 8254 449 403
1922 8255 452 400
1922 8256 456 401
1922 8257 463 401
1922 8258 464 400
1922 8259 469 400
1922 8260 475 399
1922 8261 478 400
1922 8262 481 399
1922 8263 486 398
1922 8264 490 397
1922 8265 493 397
1922 8266 497 396
1922 8267 502 396
1922 8268 505 395
1922 8269 510 395
1922 8270 511 394
1922 8271 519 393
1922 8272 520 393
1922 8273 522 392
1922 8274 527 392
1922 8275 530 392
1922 8276 534 392
1922 8277 538 390
1922 8278 544 390
1922 8279 545 390
1922 8280 548 389
1922 8281 552 388
1922 8282 555 387
1922 8283 561 387
1922 8284 562 395
1956 8386 488 269
1956 8387 481 266
1956 8388 471 265
1956 8389 461 265
1956 8390 445 264
1956 8391 432 262
1956 8392 418 261
1956 8393 403 259
1956 8394 387 258
1956 8395 370 256
1956 8396 355 255
1956 8397 340 254
1956 8398 348 260
1977 8693 86 296
1977 8694 86 300
1977 8695 78 303
1977 8696 70 306
1977 8697 61 310
1977 8698 52 314
1977 8699 43 318
1977 8700 36 321
1977 8701 29 324
1977 8702 25 329
1977 8703 20 332
1977 8704 16 332
1977 8705 11 334
1977 8706 8 338
1977 8707 3 344
2098 9054 359 272
2098 9055 356 270
2098 9056 356 269
2098 9057 355 270
2098 9058 354 269
2098 9059 353 270
2098 9060 352 272
2098 9061 352 272
2098 9062 350 276
2098 9063 348 275
2098 9064 347 273
2098 9065 346 272
2098 9066 344 274
2098 9067 342 275
2098 9068 341 275
2098 9069 339 276
2098 9070 339 276
2098 9071 332 279
2098 9072 330 280
2098 9073 329 282
2098 9074 327 286
2098 9075 323 282
2098 9076 322 283
2098 9077 322 284
2098 9078 318 285
2098 9079 320 287
2098 9080 314 288
2098 9081 315 286
2098 9082 313 289
2098 9083 312 287
2098 9084 310 290
2098 9085 308 290
2098 9086 305 291
2098 9087 303 289
2098 9088 302 291
2098 9089 301 292
2098 9090 298 293
2098 9091 297 298
2098 9092 294 299
2098 9093 293 298
2190 9397 486 267
2190 9398 480 265
2190 9399 476 265
2190 9400 465 264
2190 9401 459 263
2190 9402 446 262
2190 9403 435 261
2190 9404 428 261
2190 9405 418 259
2190 9406 407 258
2190 9407 398 257
2190 9408 390 257
2190 9409 374 256
2190 9410 368 255
2190 9411 358 255
2190 9412 348 254
2190 9413 339 252
2587 11733 348 362
2587 11734 349 363
2587 11735 345 363
2587 11736 349 363
2587 11737 349 364
2587 11738 351 365
2587 11739 354 366
2587 11740 355 368
2587 11741 352 374
2587 11742 353 371
2587 11743 356 373
2587 11744 356 372
2587 11745 357 374
2587 11746 358 375
2587 11747 366 373
2587 11748 361 377
2587 11749 363 378
2587 11750 366 378
2587 11751 365 378
2587 11752 368 378
2587 11753 369 379
2587 11754 371 380
2587 11755 371 380
2587 11756 373 379
2587 11757 374 380
2587 11758 375 381
2587 11759 378 382
2587 11760 379 383
2587 11761 381 382
2587 11762 383 385
2587 11763 385 383
2587 11764 384 387
2587 11765 386 387
2587 11766 387 386
2587 11767 389 386
2587 11768 393 388
2587 11769 394 390
2587 11770 395 389
2587 11771 396 389
2587 11772 399 390
2587 11773 399 389
2587 11774 401 390
2587 11775 402 390
2587 11776 404 393
2587 11777 407 393
2587 11778 408 391
2587 11779 411 394
2587 11780 412 394
2587 11781 414 395
2587 11782 416 394
2587 11783 416 394
2587 11784 417 395
2592 11748 377 373
2592 11749 378 372
2592 11750 380 371
2592 11751 381 370
2592 11752 383 374
2592 11753 383 369
2592 11754 385 373
2592 11755 388 376
2592 11756 390 376
2592 11757 392 378
2592 11758 394 373
2592 11759 394 374
2592 11760 394 377
2592 11761 397 377
2592 11762 397 377
2592 11763 399 376
2592 11764 401 374
2592 11765 403 376
2592 11766 405 381
2592 11767 405 384
2592 11768 408 381
2592 11769 408 373
2592 11770 409 381
2592 11771 412 385
2592 11772 414 383
2592 11773 415 377
2592 11774 418 379
2592 11775 419 383
2592 11776 421 382
2592 11777 423 383
2592 11778 424 384
2592 11779 424 390
2592 11780 425 388
2592 11781 426 388
2592 11782 429 385
2592 11783 430 387
2592 11784 431 390
2592 11785 431 386
2592 11786 432 383
2592 11787 436 390
2592 11788 436 395
2592 11789 438 392
2592 11790 440 392
2592 11791 435 395
2592 11792 435 401
2592 11793 435 401
2592 11794 440 399
2592 11795 442 401
2592 11796 436 402
2592 11797 440 403
2592 11798 441 406
2658 11906 516 462
2658 11907 514 455
2658 11908 511 456
2658 11909 507 458
2658 11910 501 460
2658 11911 498 461
2658 11912 495 461
2658 11913 488 464
2658 11914 486 461
2658 11915 480 464
2658 11916 478 462
2658 11917 471 463
2658 11918 469 465
2658 11919 464 465
2658 11920 459 464
2658 11921 454 465
2658 11922 454 467
2658 11923 448 467
2658 11924 443 466
2658 11925 438 467
2658 11926 434 466
2658 11927 429 466
2658 11928 427 467
2658 11929 420 467
2658 11930 416 468
2658 11931 410 471
2658 11932 403 471
2658 11933 399 469
2658 11934 396 469
2658 11935 388 472
2658 11936 390 475
2678 12143 488 271
2678 12144 482 267
2678 12145 473 264
2678 12146 467 266
2678 12147 454 264
2678 12148 439 262
2678 12149 423 262
2678 12150 409 260
2678 12151 393 257
2678 12152 381 258
2678 12153 370 256
2678 12154 378 261