29 26 282 463
29 27 284 459
29 28 283 461
29 29 282 460
29 30 280 461
29 31 277 459
29 32 272 459
29 33 272 460
29 34 270 459
29 35 266 458
29 36 261 458
29 37 260 458
29 38 259 456
29 39 255 456
29 40 249 455
29 41 247 456
29 42 245 456
29 43 242 455
29 44 236 454
29 45 236 454
29 46 234 454
29 47 228 452
29 48 224 452
29 49 223 452
29 50 221 452
29 51 215 452
29 52 210 452
29 53 210 451
29 54 207 451
29 55 200 450
29 56 197 449
29 57 197 450
29 58 194 450
29 59 187 449
29 60 185 448
29 61 185 448
29 62 181 447
29 63 175 447
29 64 173 447
29 65 172 447
29 66 167 447
29 67 161 446
29 68 161 445
29 69 152 445
29 70 144 443
29 71 136 442
29 72 137 443
29 73 136 447
102 77 119 435
102 78 120 440
102 79 114 440
102 80 114 439
102 81 112 439
102 82 107 438
102 83 103 438
102 84 102 438
102 85 99 437
102 86 92 436
102 87 90 432
102 88 92 436
102 89 89 435
102 90 84 434
102 91 82 434
102 92 80 434
102 93 76 434
102 94 70 435
102 95 71 433
102 96 68 432
102 97 66 437
102 98 62 432
102 99 60 432
102 100 58 431
102 101 53 430
102 102 50 430
102 103 51 428
102 104 49 429
102 105 46 429
102 106 41 426
102 107 40 426
102 108 40 429
102 109 37 427
102 110 32 427
102 111 32 425
102 112 31 426
102 113 29 425
102 114 24 424
102 115 23 425
102 116 22 429
153 122 575 374
153 123 575 379
153 124 571 379
153 125 568 378
153 126 565 378
153 127 563 380
153 128 559 380
153 129 556 381
153 130 553 381
153 131 550 382
153 132 547 383
153 133 543 381
153 134 540 382
153 135 537 382
153 136 534 383
153 137 531 385
153 138 529 384
153 139 527 384
153 140 522 384
153 141 519 384
153 142 516 385
153 143 513 385
153 144 511 385
153 145 508 387
153 146 504 387
153 147 502 387
153 148 497 388
153 149 494 389
153 150 491 388
153 151 488 388
153 152 485 388
153 153 482 390
153 154 479 390
153 155 474 390
153 156 470 389
153 157 468 390
153 158 463 392
153 159 461 390
153 160 458 387
153 161 454 391
153 162 451 392
153 163 446 391
153 164 442 392
153 165 440 392
153 166 436 393
153 167 434 392
153 168 430 393
153 169 425 393
153 170 423 393
153 171 420 392
153 172 416 393
153 173 412 393
153 174 409 392
153 175 406 393
153 176 400 394
153 177 395 398
153 178 394 396
153 179 390 396
153 180 386 397
153 181 383 395
153 182 379 395
153 183 374 394
153 184 371 397
153 185 367 396
153 186 364 397
153 187 358 396
153 188 355 398
153 189 350 397
153 190 348 395
153 191 344 399
153 192 339 402
153 193 337 398
153 194 332 398
153 195 328 397
153 196 324 398
153 197 319 401
153 198 315 398
153 199 312 398
153 200 307 403
153 201 305 399
153 202 300 401
153 203 296 402
153 204 290 402
153 205 288 398
153 206 284 399
153 207 278 404
153 208 273 404
153 209 271 403
153 210 266 400
153 211 262 402
153 212 258 401
153 213 254 401
153 214 249 405
153 215 248 401
153 216 243 405
153 217 240 403
153 218 236 404
153 219 232 404
153 220 228 401
153 221 224 402
153 222 221 405
153 223 215 407
153 224 213 403
153 225 209 404
153 226 205 406
153 227 200 405
153 228 199 405
153 229 193 406
153 230 190 404
153 231 187 406
153 232 181 405
153 233 178 406
153 234 177 406
153 235 175 407
153 236 169 407
153 237 165 406
153 238 161 407
153 239 159 406
153 240 153 406
153 241 149 406
153 242 143 407
153 243 143 407
153 244 138 407
153 245 135 405
153 246 130 409
153 247 126 406
153 248 124 407
153 249 120 408
153 250 117 409
153 251 110 406
153 252 107 405
153 253 104 405
153 254 97 407
153 255 93 407
153 256 91 405
153 257 87 404
153 258 82 404
153 259 79 404
153 260 74 409
153 261 70 407
153 262 67 414
153 263 68 410
153 264 63 407
153 265 59 408
153 266 56 406
153 267 52 405
153 268 48 406
153 269 44 407
153 270 41 404
153 271 39 407
153 272 36 408
153 273 32 405
153 274 28 405
153 275 25 405
153 276 21 409
153 277 19 408
153 278 14 406
153 279 11 409
153 280 9 409
153 281 5 406
153 282 3 407
155 123 434 291
155 124 436 288
155 125 435 290
155 126 433 288
155 127 432 287
155 128 430 291
155 129 427 287
155 130 425 289
155 131 424 288
155 132 422 288
155 133 419 288
155 134 416 288
155 135 416 287
155 136 415 287
155 137 411 287
155 138 408 290
155 139 409 288
155 140 406 286
155 141 401 287
155 142 400 287
155 143 399 286
155 144 395 286
155 145 392 287
155 146 392 287
155 147 389 287
155 148 384 290
155 149 384 287
155 150 382 289
155 151 378 287
155 152 376 287
155 153 375 289
155 154 371 287
155 155 368 287
155 156 366 286
155 157 364 286
155 158 360 287
155 159 360 287
155 160 357 286
155 161 353 286
155 162 352 286
155 163 350 286
155 164 345 286
155 165 342 286
155 166 342 286
155 167 338 286
155 168 334 286
155 169 334 286
155 170 331 285
155 171 327 286
155 172 325 286
155 173 321 288
155 174 319 286
155 175 317 289
155 176 314 286
155 177 312 288
155 178 309 289
155 179 308 288
155 180 304 286
155 181 301 286
155 182 300 286
155 183 297 289
155 184 292 289
155 185 291 289
155 186 289 286
155 187 285 286
155 188 283 287
155 189 280 286
155 190 277 286
155 191 275 287
155 192 273 287
155 193 269 287
155 194 266 288
155 195 265 288
155 196 262 288
155 197 258 288
155 198 255 287
155 199 253 288
155 200 249 288
155 201 250 288
155 202 245 287
155 203 242 284
155 204 241 287
155 205 240 293
155 206 237 290
155 207 233 289
155 208 232 291
155 209 229 289
155 210 226 288
155 211 223 288
155 212 221 282
155 213 218 286
155 214 216 291
155 215 215 290
155 216 211 286
155 217 210 286
155 218 210 285
155 219 208 282
155 220 206 285
155 221 205 281
155 222 202 279
155 223 201 280
155 224 199 279
155 225 195 280
155 226 194 279
155 227 194 278
155 228 192 278
155 229 189 275
176 142 24 330
176 143 30 328
176 144 35 327
176 145 40 324
176 146 46 321
176 147 52 319
176 148 57 317
176 149 63 314
176 150 69 312
176 151 74 310
176 152 80 307
176 153 85 305
176 154 89 304
195 159 335 344
195 160 333 345
195 161 332 345
195 162 331 350
195 163 329 350
195 164 327 357
195 165 324 354
195 166 323 355
195 167 321 349
195 168 320 350
195 169 317 347
195 170 316 339
195 171 315 336
195 172 313 335
195 173 311 334
195 174 310 337
195 175 308 334
195 176 307 337
195 177 306 340
195 178 305 338
195 179 304 341
195 180 302 345
195 181 300 342
195 182 300 336
195 183 298 334
195 184 297 330
195 185 296 333
195 186 295 333
195 187 292 325
195 188 292 324
195 189 292 330
195 190 290 332
195 191 288 328
195 192 287 328
195 193 286 328
195 194 286 331
254 242 156 266
254 243 153 259
254 244 155 262
254 245 154 259
254 246 152 261
254 247 151 264
254 248 149 264
254 249 148 264
254 250 145 269
254 251 141 270
254 252 140 270
254 253 137 272
254 254 136 272
254 255 134 274
254 256 131 276
254 257 129 277
254 258 127 278
254 259 125 279
254 260 122 280
254 261 119 282
254 262 118 278
254 263 116 283
254 264 115 284
254 265 112 285
254 266 109 286
254 267 107 287
254 268 105 288
254 269 102 289
254 270 98 291
254 271 95 292
254 272 93 294
254 273 91 295
254 274 88 296
254 275 85 297
254 276 82 299
254 277 78 300
254 278 77 301
254 279 74 303
254 280 70 304
254 281 68 305
254 282 64 306
254 283 60 304
254 284 57 310
254 285 55 311
254 286 53 312
254 287 48 314
254 288 46 315
254 289 41 316
254 290 38 318
254 291 37 319
254 292 33 321
254 293 30 323
254 294 26 324
254 295 22 326
254 296 20 328
254 297 16 329
254 298 15 331
254 299 14 330
254 300 11 330
254 301 10 328
254 302 8 333
254 303 6 332
254 304 4 333
254 305 4 335
478 375 244 250
478 376 239 252
478 377 246 252
478 378 253 251
478 379 260 251
478 380 268 252
478 381 277 252
478 382 281 254
478 383 288 254
478 384 295 256
478 385 301 257
478 386 310 256
478 387 319 258
478 388 324 258
478 389 336 259
478 390 347 260
478 391 357 259
478 392 368 261
478 393 376 263
478 394 384 263
478 395 395 264
478 396 405 265
478 397 413 267
478 398 423 266
478 399 431 267
478 400 438 268
478 401 450 268
478 402 465 270
478 403 467 267
503 390 95 410
503 391 99 407
503 392 99 399
503 393 99 400
503 394 104 399
503 395 111 399
503 396 114 400
503 397 115 399
503 398 117 399
503 399 123 398
503 400 129 398
503 401 130 399
503 402 136 399
503 403 142 399
503 404 145 399
503 405 147 399
503 406 152 399
503 407 157 398
503 408 163 399
503 409 162 398
503 410 166 398
503 411 177 398
503 412 179 398
503 413 180 399
503 414 184 397
503 415 192 397
503 416 194 398
503 417 197 397
503 418 205 396
503 419 211 395
503 420 212 395
503 421 212 396
503 422 219 394
503 423 227 393
503 424 228 395
503 425 231 394
503 426 233 393
503 427 242 392
503 428 244 392
503 429 245 392
503 430 250 391
503 431 260 391
503 432 261 391
503 433 263 391
503 434 272 390
503 435 278 389
503 436 276 390
503 437 281 388
503 438 289 387
503 439 293 389
503 440 294 387
503 441 294 388
503 442 304 387
503 443 310 387
503 444 310 386
503 445 315 385
503 446 322 384
503 447 323 385
503 448 326 385
503 449 330 384
503 450 337 384
503 451 341 384
503 452 343 384
503 453 346 382
503 454 354 382
503 455 356 382
503 456 358 382
503 457 364 382
503 458 367 382
503 459 371 380
503 460 372 380
503 461 380 378
503 462 385 378
503 463 386 379
503 464 387 378
503 465 392 378
503 466 398 377
503 467 401 377
503 468 400 385
700 512 410 398
700 513 412 398
700 514 409 399
700 515 401 399
700 516 398 403
700 517 397 400
700 518 392 400
700 519 387 399
700 520 383 401
700 521 382 398
700 522 382 401
700 523 375 401
700 524 369 402
700 525 367 401
700 526 363 402
700 527 358 402
700 528 354 403
700 529 353 404
700 530 352 403
700 531 348 404
700 532 339 404
700 533 339 406
700 534 335 405
700 535 329 406
700 536 327 405
700 537 324 406
700 538 318 406
700 539 312 406
700 540 308 407
700 541 310 406
700 542 302 406
700 543 297 406
700 544 293 406
700 545 293 407
700 546 285 407
700 547 281 407
700 548 280 407
700 549 277 407
700 550 270 408
700 551 265 406
700 552 262 408
700 553 258 402
700 554 254 408
700 555 249 408
700 556 246 409
700 557 245 408
700 558 242 415
803 638 476 474
803 639 472 473
803 640 470 473
803 641 468 473
803 642 463 472
803 643 458 470
803 644 455 471
803 645 451 470
803 646 448 468
803 647 447 467
803 648 444 467
803 649 440 466
803 650 436 466
803 651 433 462
803 652 431 464
803 653 424 464
803 654 423 457
803 655 417 460
803 656 416 460
803 657 412 461
803 658 409 454
803 659 406 458
803 660 401 456
803 661 398 456
803 662 396 452
803 663 396 448
803 664 391 451
803 665 388 447
803 666 383 448
803 667 381 448
865 677 355 429
865 678 353 433
865 679 351 428
865 680 347 428
865 681 345 428
865 682 343 422
865 683 340 429
865 684 337 425
865 685 334 423
865 686 333 422
865 687 332 419
865 688 328 420
865 689 323 425
865 690 324 419
865 691 321 419
865 692 318 417
865 693 316 414
865 694 315 412
865 695 312 414
865 696 310 411
865 697 307 410
865 698 304 404
865 699 302 409
865 700 301 403
865 701 298 407
865 702 295 406
865 703 292 404
865 704 287 403
865 705 291 398
880 705 284 397
880 706 284 402
880 707 280 401
880 708 279 403
880 709 275 399
880 710 273 395
880 711 272 394
880 712 269 396
880 713 267 390
880 714 264 395
880 715 262 394
880 716 261 393
880 717 259 389
880 718 257 391
880 719 253 387
880 720 250 385
880 721 249 385
880 722 247 389
880 723 244 381
880 724 242 387
880 725 239 386
880 726 235 382
880 727 234 379
880 728 233 378
880 729 231 379
880 730 229 378
880 731 228 378
880 732 226 376
880 733 224 379
880 734 221 380
880 735 218 378
880 736 215 385
910 752 188 360
910 753 186 360
910 754 185 363
910 755 186 361
910 756 184 362
910 757 180 357
910 758 178 358
910 759 176 356
910 760 174 356
910 761 174 356
910 762 172 357
910 763 170 356
910 764 168 353
910 765 166 354
910 766 167 349
910 767 164 351
910 768 162 354
910 769 160 353
910 770 158 352
910 771 158 350
910 772 155 346
910 773 154 345
910 774 152 345
910 775 152 345
910 776 150 344
910 777 148 346
910 778 147 341
910 779 146 346
910 780 144 343
910 781 142 338
910 782 141 340
910 783 139 336
910 784 138 339
910 785 137 338
910 786 137 339
910 787 133 339
910 788 131 334
910 789 129 334
910 790 128 334
910 791 127 334
910 792 125 334
910 793 124 334
910 794 123 337
910 795 123 331
910 796 123 331
910 797 121 334
1166 1190 266 328
1166 1191 270 325
1166 1192 272 325
1166 1193 273 321
1166 1194 274 326
1166 1195 276 326
1166 1196 278 328
1166 1197 280 324
1166 1198 281 328
1166 1199 282 325
1166 1200 283 331
1166 1201 285 330
1166 1202 287 328
1166 1203 289 332
1166 1204 291 329
1166 1205 290 332
1166 1206 293 329
1166 1207 292 330
1166 1208 293 333
1166 1209 295 335
1166 1210 298 337
1166 1211 299 337
1166 1212 300 334
1166 1213 302 337
1166 1214 302 339
1166 1215 304 338
1166 1216 306 340
1166 1217 308 340
1166 1218 309 338
1166 1219 312 342
1166 1220 315 343
1166 1221 317 343
1166 1222 319 342
1166 1223 321 344
1166 1224 322 341
1166 1225 324 340
1166 1226 326 346
1166 1227 328 347
1166 1228 331 342
1166 1229 331 346
1166 1230 333 348
1166 1231 335 343
1166 1232 337 348
1166 1233 336 353
1593 1771 243 251
1593 1772 245 253
1593 1773 256 251
1593 1774 266 254
1593 1775 276 255
1593 1776 288 255
1593 1777 303 256
1593 1778 314 256
1593 1779 326 257
1593 1780 339 258
1593 1781 353 259
1593 1782 365 260
1593 1783 376 261
1593 1784 390 262
1593 1785 404 264
1593 1786 418 265
1593 1787 429 264
1593 1788 442 266
1593 1789 455 266
1593 1790 465 267
1593 1791 474 269
1593 1792 480 269
1609 1787 573 454
1609 1788 572 450
1609 1789 576 450
1609 1790 578 450
1609 1791 581 452
1609 1792 583 454
1609 1793 586 459
1609 1794 591 456
1609 1795 592 459
1609 1796 593 461
1609 1797 602 461
1609 1798 604 458
1609 1799 605 465
1609 1800 609 465
1609 1801 614 465
1609 1802 615 466
1609 1803 616 468
1609 1804 619 472
1609 1805 624 467
1609 1806 627 473
1609 1807 631 471
1609 1808 633 471
1609 1809 635 475
1615 1792 266 251
1615 1793 274 253
1615 1794 283 254
1615 1795 292 255
1615 1796 301 256
1615 1797 311 257
1615 1798 319 257
1615 1799 330 257
1615 1800 339 258
1615 1801 348 259
1615 1802 357 260
1615 1803 366 259
1615 1804 375 261
1615 1805 386 262
1615 1806 396 263
1615 1807 402 263
1615 1808 411 264
1615 1809 422 265
1615 1810 414 264
1806 1981 564 340
1806 1982 563 341
1806 1983 563 341
1806 1984 559 342
1806 1985 558 344
1806 1986 557 340
1806 1987 555 340
1806 1988 552 340
1806 1989 551 340
1806 1990 550 342
1806 1991 547 341
1806 1992 545 343
1806 1993 543 345
1806 1994 541 341
1806 1995 539 341
1806 1996 537 342
1806 1997 535 341
1806 1998 533 342
1806 1999 532 342
1806 2000 530 342
1806 2001 528 344
1806 2002 525 347
1806 2003 522 343
1806 2004 521 342
1806 2005 519 342
1806 2006 517 342
1806 2007 514 343
1806 2008 512 342
1806 2009 511 343
1806 2010 508 346
1806 2011 505 341
1806 2012 504 340
1806 2013 503 341
1806 2014 500 340
1806 2015 497 340
1806 2016 495 341
1806 2017 495 341
1806 2018 494 341
1806 2019 493 342
1806 2020 491 341
1806 2021 491 339
1806 2022 489 339
1806 2023 488 339
1806 2024 486 340
1806 2025 483 339
1806 2026 481 338
1806 2027 481 339
1806 2028 478 340
1806 2029 475 341
1806 2030 474 338
1806 2031 473 338
1806 2032 469 337
1806 2033 466 340
1806 2034 466 341
1806 2035 464 339
1806 2036 461 339
1806 2037 458 339
1806 2038 458 335
1806 2039 455 335
1806 2040 453 334
1806 2041 451 337
1806 2042 450 335
1806 2043 450 336
1806 2044 448 337
1806 2045 449 336
1806 2046 445 334
1806 2047 444 334
1889 2084 410 327
1889 2085 410 323
1889 2086 406 324
1889 2087 403 324
1889 2088 401 322
1889 2089 398 323
1889 2090 396 324
1889 2091 393 323
1889 2092 390 321
1889 2093 388 324
1889 2094 385 324
1889 2095 383 319
1889 2096 381 320
1889 2097 379 322
1889 2098 375 323
1889 2099 373 321
1889 2100 371 320
1889 2101 370 322
1889 2102 365 323
1889 2103 365 317
1889 2104 363 319
1889 2105 360 319
1889 2106 356 317
1889 2107 356 316
1889 2108 354 317
1889 2109 353 317
1889 2110 350 316
1889 2111 350 315
1889 2112 348 314
1889 2113 345 315
1889 2114 343 314
1889 2115 340 316
1889 2116 338 316
1889 2117 337 314
1889 2118 334 314
1889 2119 332 314
1889 2120 331 312
1889 2121 328 314
1889 2122 326 312
1889 2123 325 312
1889 2124 322 314
1889 2125 319 310
1889 2126 318 309
1889 2127 315 309
1889 2128 313 313
1889 2129 310 311
1889 2130 307 311
1889 2131 305 311
1889 2132 303 311
1889 2133 300 308
1889 2134 299 307
1889 2135 297 309
1889 2136 294 311
1889 2137 291 306
1889 2138 290 307
1889 2139 289 308
1889 2140 286 306
1889 2141 284 305
1889 2142 281 305
1889 2143 278 306
1889 2144 276 306
1889 2145 275 304
1889 2146 273 304
1889 2147 271 303
1889 2148 269 302
1889 2149 268 302
1889 2150 266 302
1889 2151 263 301
1889 2152 262 301
1889 2153 259 301
1889 2154 257 301
1889 2155 256 300
1889 2156 252 299
1889 2157 254 299
1889 2158 251 301
1889 2159 249 299
1889 2160 247 301
1889 2161 245 298
1889 2162 244 298
1889 2163 243 298
1889 2164 241 297
1889 2165 240 297
1889 2166 238 298
1889 2167 236 295
1889 2168 234 298
1889 2169 234 295
1889 2170 232 295
1889 2171 231 294
1889 2172 229 296
1889 2173 227 294
1889 2174 225 293
1889 2175 224 292
1889 2176 223 292
1889 2177 222 293
1889 2178 220 292
1889 2179 219 291
1889 2180 218 292
1889 2181 217 291
1889 2182 215 290
1889 2183 213 290
1889 2184 212 292
1889 2185 210 289
1889 2186 207 290
1889 2187 207 288
1889 2188 206 288
1889 2189 204 288
1889 2190 203 288
1889 2191 199 286
1889 2192 199 285
1889 2193 196 286
2212 2637 166 246
2212 2638 171 246
2212 2639 178 246
2212 2640 185 248
2212 2641 193 247
2212 2642 198 246
2212 2643 204 247
2212 2644 209 249
2212 2645 214 249
2212 2646 219 252
2212 2647 228 249
2212 2648 237 252
2212 2649 245 250
2212 2650 250 253
2212 2651 256 253
2212 2652 264 255
2212 2653 274 255
2212 2654 278 256
2212 2655 286 257
2212 2656 294 256
2212 2657 306 257
2212 2658 312 258
2212 2659 320 258
2212 2660 326 258
2212 2661 333 259
2212 2662 341 259
2212 2663 351 260
2212 2664 358 262
3270 3740 195 246
3270 3741 202 246
3270 3742 202 247
3270 3743 194 250
3270 3744 201 250
3270 3745 209 251
3270 3746 217 252
3270 3747 222 253
3270 3748 232 254
3270 3749 238 254
3270 3750 246 255
3270 3751 255 256
3270 3752 261 256
3270 3753 268 256
3270 3754 276 257
3270 3755 285 258
3270 3756 293 259
3270 3757 301 259
3270 3758 309 260
3270 3759 318 261
3270 3760 326 261
3270 3761 332 262
3270 3762 341 262
3270 3763 350 263
3270 3764 356 263
3270 3765 364 264
3270 3766 373 264
3270 3767 380 265
3270 3768 387 266
3270 3769 397 267
3292 3761 149 356
3292 3762 152 354
3292 3763 155 351
3292 3764 157 350
3292 3765 160 351
3292 3766 165 346
3292 3767 169 345
3292 3768 170 344
3292 3769 175 343
3292 3770 180 339
3292 3771 186 337
3292 3772 188 334
3292 3773 194 332
3292 3774 199 330
3292 3775 204 327
3292 3776 208 327
3292 3777 214 322
3292 3778 220 320
3477 3985 442 355
3477 3986 440 360
3477 3987 442 359
3477 3988 442 361
3477 3989 445 360
3477 3990 447 359
3477 3991 450 362
3477 3992 451 367
3477 3993 453 364
3477 3994 456 369
3477 3995 457 366
3477 3996 459 365
3477 3997 461 368
3477 3998 463 370
3477 3999 467 371
3477 4000 470 372
3477 4001 472 377
3477 4002 474 374
3477 4003 475 376
3477 4004 476 375
3477 4005 480 379
3477 4006 483 378
3477 4007 486 380
3477 4008 488 385
3477 4009 488 383
3477 4010 490 381
3477 4011 493 382
3477 4012 493 384
3477 4013 497 388
3477 4014 500 389
3477 4015 500 390
3477 4016 503 393
3477 4017 506 393
3477 4018 508 394
3477 4019 510 393
3477 4020 514 397
3477 4021 518 398
3477 4022 519 399
3477 4023 520 401
3477 4024 525 401
3477 4025 526 399
3477 4026 531 401
3477 4027 535 405
3477 4028 536 402
3477 4029 538 407
3477 4030 541 409
3477 4031 544 416
3477 4032 544 415
3614 4163 130 387
3614 4164 129 386
3614 4165 128 389
3614 4166 126 393
3614 4167 123 390
3614 4168 120 383
3614 4169 119 389
3614 4170 117 385
3614 4171 116 386
3614 4172 113 391
3614 4173 112 395
3614 4174 112 398
3614 4175 112 399
3614 4176 106 390
3614 4177 104 396
3614 4178 103 393
3614 4179 102 394
3614 4180 100 395
3614 4181 97 397
3614 4182 96 402
3614 4183 97 407
3614 4184 96 409
3614 4185 91 417
3614 4186 86 417
3614 4187 86 413
3614 4188 86 417
3614 4189 80 417
3918 4594 194 355
3918 4595 189 353
3918 4596 188 354
3918 4597 185 358
3918 4598 184 358
3918 4599 179 359
3918 4600 176 361
3918 4601 172 364
3918 4602 168 365
3918 4603 165 367
3918 4604 161 369
3918 4605 155 374
3918 4606 153 376
3918 4607 147 377
3918 4608 142 382
3918 4609 134 384
3918 4610 132 387
3918 4611 125 391
3918 4612 118 396
3918 4613 112 398
3918 4614 106 404
3918 4615 101 406
3918 4616 94 411
3918 4617 89 417
3918 4618 83 419
3918 4619 73 427
3918 4620 69 427
3918 4621 62 437
3918 4622 56 444
3918 4623 47 447
3918 4624 41 451
3918 4625 32 458
3918 4626 24 459
3992 4670 260 254
3992 4671 268 254
3992 4672 275 256
3992 4673 284 252
3992 4674 286 255
3992 4675 292 257
3992 4676 298 256
3992 4677 309 256
3992 4678 312 256
3992 4679 320 257
3992 4680 324 257
3992 4681 335 256
3992 4682 337 256
3992 4683 346 259
3992 4684 351 259
3992 4685 356 262
3992 4686 364 263
3992 4687 372 264
3992 4688 380 265
3992 4689 388 265
3992 4690 396 265
3992 4691 403 265
3992 4692 410 265
3992 4693 423 265
3992 4694 430 267
3992 4695 441 268
3992 4696 445 270
4083 4798 306 261
4083 4799 307 261
4083 4800 308 262
4083 4801 309 261
4083 4802 311 261
4083 4803 312 261
4083 4804 314 263
4083 4805 316 261
4083 4806 316 258
4083 4807 315 255
4083 4808 320 257
4083 4809 328 257
4083 4810 331 258
4083 4811 339 257
4083 4812 346 257
4083 4813 351 257
4083 4814 355 261
4083 4815 360 262
4083 4816 368 261
4083 4817 373 262
4083 4818 379 262
4083 4819 388 261
4083 4820 390 263
4083 4821 399 263
4083 4822 405 262
4083 4823 410 262
4083 4824 416 264
4083 4825 423 264
4083 4826 429 266
4083 4827 433 267
4083 4828 441 267
4083 4829 449 269
4083 4830 455 271
4083 4831 464 270
4708 5756 459 265
4708 5757 453 266
4708 5758 447 264
4708 5759 437 264
4708 5760 428 265
4708 5761 424 264
4708 5762 418 263
4708 5763 410 262
4708 5764 404 261
4708 5765 395 261
4708 5766 387 259
4708 5767 380 260
4708 5768 379 256
4708 5769 372 257
4708 5770 365 257
4708 5771 364 251
4708 5772 359 250
4708 5773 363 255
4708 5774 358 260
4944 6070 103 330
4944 6071 105 330
4944 6072 107 331
4944 6073 108 331
4944 6074 109 332
4944 6075 110 333
4944 6076 110 335
4944 6077 112 334
4944 6078 113 334
4944 6079 115 336
4944 6080 122 331
4944 6081 121 335
4944 6082 121 336
4944 6083 121 337
4944 6084 122 338
4944 6085 123 339
4944 6086 127 338
4944 6087 126 342
4944 6088 128 342
4944 6089 130 341
4944 6090 131 343
4944 6091 131 344
4944 6092 133 344
4944 6093 136 344
4944 6094 135 347
4944 6095 137 347
4944 6096 138 348
4944 6097 140 349
4944 6098 141 350
4944 6099 141 351
4944 6100 141 352
4944 6101 143 353
4944 6102 144 352
4944 6103 145 355
4944 6104 146 355
4944 6105 147 356
4944 6106 147 357
4944 6107 149 360
4944 6108 151 358
4944 6109 150 363
4944 6110 152 360
4944 6111 151 362
4944 6112 155 365
4944 6113 154 364
4944 6114 154 366
4944 6115 157 366
4944 6116 158 367
4944 6117 159 368
4944 6118 159 367
4944 6119 159 367
4944 6120 161 371
4944 6121 162 371
4944 6122 163 370
4944 6123 164 371
4944 6124 165 373
4944 6125 169 378
4944 6126 170 376
4944 6127 170 376
4944 6128 171 377
4944 6129 173 378
4944 6130 176 381
4944 6131 176 381
4944 6132 177 383
4944 6133 177 380
5175 6351 481 260
5175 6352 474 259
5175 6353 465 258
5175 6354 453 258
5175 6355 449 257
5175 6356 437 256
5175 6357 426 255
5175 6358 420 254
5175 6359 412 254
5175 6360 406 253
5175 6361 394 252
5175 6362 378 251
5175 6363 371 251
5175 6364 367 250
5175 6365 355 249
5175 6366 342 249
5175 6367 338 247
5175 6368 327 247
5175 6369 320 246
5175 6370 319 246
5175 6371 330 256
5175 6372 327 250
5210 6383 169 387
5210 6384 168 384
5210 6385 170 384
5210 6386 171 384
5210 6387 173 386
5210 6388 176 388
5210 6389 176 389
5210 6390 178 389
5210 6391 180 392
5210 6392 181 391
5210 6393 186 394
5210 6394 186 394
5210 6395 188 396
5210 6396 189 397
5210 6397 192 399
5210 6398 194 400
5210 6399 196 402
5210 6400 199 404
5210 6401 200 404
5210 6402 202 405
5210 6403 205 406
5210 6404 209 408
5210 6405 209 408
5210 6406 211 410
5210 6407 214 412
5210 6408 217 413
5210 6409 218 414
5210 6410 221 414
5210 6411 224 418
5210 6412 226 418
5210 6413 229 419
5210 6414 231 420
5210 6415 235 422
5210 6416 237 424
5210 6417 240 424
5210 6418 243 424
5210 6419 246 428
5210 6420 250 428
5210 6421 254 428
5210 6422 256 429
5210 6423 260 431
5210 6424 263 433
5210 6425 266 434
5210 6426 270 435
5210 6427 274 435
5210 6428 277 437
5210 6429 280 438
5210 6430 283 440
5210 6431 287 442
6005 7474 327 258
6005 7475 329 256
6005 7476 340 259
6005 7477 351 260
6005 7478 359 260
6005 7479 370 260
6005 7480 382 262
6005 7481 393 262
6005 7482 403 264
6005 7483 411 263
6005 7484 423 265
6005 7485 431 265
6005 7486 440 265
6005 7487 452 269
6005 7488 463 269
6005 7489 468 269
6005 7490 473 270
6005 7491 474 271
6380 7985 371 256
6380 7986 380 257
6380 7987 384 265
6380 7988 393 266
6380 7989 401 266
6380 7990 412 265
6380 7991 417 268
6380 7992 429 267
6380 7993 434 270
6380 7994 441 270
6380 7995 450 272
6380 7996 459 273
6380 7997 468 272
6380 7998 478 271
6380 7999 482 273
6380 8000 488 273
6578 8223 146 247
6578 8224 153 247
6578 8225 159 247
6578 8226 167 249
6578 8227 172 249
6578 8228 180 249
6578 8229 189 251
6578 8230 191 248
6578 8231 193 246
6578 8232 194 246
6578 8233 202 247
6578 8234 198 247
6578 8235 210 247
6578 8236 217 249
6578 8237 220 252
6578 8238 229 252
6578 8239 236 260
6578 8240 235 267
6578 8241 233 267
6578 8242 230 267
7048 8541 567 475
7048 8542 570 475
7048 8543 572 474
7048 8544 573 472
7048 8545 578 473
7048 8546 579 471
7048 8547 580 470
7048 8548 580 471
7048 8549 581 474
7048 8550 583 474
7048 8551 585 473
7048 8552 587 472
7048 8553 588 471
7048 8554 590 470
7048 8555 591 467
7048 8556 593 465
7048 8557 594 467
7048 8558 596 464
7048 8559 597 461
7048 8560 598 462
7048 8561 600 460
7048 8562 600 459
7048 8563 602 458
7048 8564 603 457
7048 8565 604 453
7048 8566 606 454
7048 8567 606 453
7048 8568 608 454
7048 8569 609 453
7048 8570 611 448
7048 8571 613 449
7048 8572 614 448
7048 8573 615 447
7048 8574 617 442
7048 8575 617 444
7048 8576 618 444
7048 8577 619 443
7048 8578 621 444
7048 8579 622 441
7048 8580 624 440
7048 8581 625 439
7048 8582 626 439
7048 8583 628 438
7048 8584 628 436
7178 8675 252 247
7178 8676 260 248
7178 8677 271 248
7178 8678 280 250
7178 8679 289 251
7178 8680 296 251
7178 8681 305 251
7178 8682 313 252
7178 8683 323 253
7178 8684 334 253
7178 8685 344 254
7178 8686 354 257
7178 8687 363 256
7178 8688 371 256
7178 8689 382 257
7178 8690 391 259
7178 8691 401 260
7295 8825 427 253
7295 8826 430 247
7295 8827 428 257
7295 8828 419 261
7295 8829 409 260
7295 8830 395 258
7295 8831 378 257
7295 8832 364 256
7295 8833 352 255
7295 8834 342 254
7295 8835 331 253
7295 8836 317 252
7295 8837 303 251
7295 8838 293 251
7295 8839 293 249
7349 9006 26 341
7349 9007 24 334
7349 9008 22 334
7349 9009 24 333
7349 9010 24 332
7349 9011 28 331
7349 9012 27 331
7349 9013 29 330
7349 9014 29 326
7349 9015 31 325
7349 9016 33 326
7349 9017 34 326
7349 9018 36 326
7349 9019 40 324
7349 9020 37 326
7349 9021 41 320
7349 9022 42 322
7349 9023 42 319
7349 9024 43 321
7349 9025 46 321
7349 9026 44 318
7349 9027 46 320
7349 9028 49 314
7349 9029 48 314
7349 9030 50 310
7349 9031 52 311
7349 9032 52 315
7349 9033 53 313
7349 9034 52 311
7349 9035 55 312
7349 9036 55 310
7349 9037 58 311
7349 9038 60 309
7349 9039 59 308
7349 9040 61 308
7349 9041 59 309
7349 9042 62 308
7349 9043 64 299
7349 9044 64 297
7430 9187 38 475
7430 9188 39 475
7430 9189 41 474
7430 9190 45 474
7430 9191 47 473
7430 9192 51 472
7430 9193 53 471
7430 9194 55 470
7430 9195 59 468
7430 9196 63 466
7430 9197 64 464
7430 9198 67 464
7430 9199 68 462
7430 9200 68 459
7430 9201 72 458
7430 9202 72 455
7430 9203 75 457
7430 9204 75 453
7430 9205 77 451
7430 9206 78 450
7430 9207 81 450
7430 9208 83 449
7430 9209 85 444
7430 9210 90 443
7430 9211 90 443
7430 9212 92 442
7430 9213 94 440
7430 9214 94 440
7430 9215 100 437
7430 9216 99 436
7430 9217 103 435
7430 9218 105 432
7430 9219 108 431
7430 9220 108 431
7430 9221 109 429
7430 9222 113 427
7430 9223 115 424
7430 9224 116 425
7430 9225 118 422
7430 9226 119 423
7430 9227 120 419
7430 9228 122 418
7430 9229 124 418
7430 9230 126 415
7430 9231 125 417
7430 9232 127 418
7430 9233 128 412
7430 9234 130 411
7430 9235 136 409
7430 9236 134 408
7430 9237 137 411
7430 9238 133 413
7460 9204 92 475
7460 9205 92 474
7460 9206 91 468
7460 9207 97 471
7460 9208 98 471
7460 9209 101 465
7460 9210 102 466
7460 9211 100 464
7460 9212 104 464
7460 9213 108 461
7460 9214 109 453
7460 9215 108 454
7460 9216 109 456
7460 9217 114 457
7460 9218 116 454
7460 9219 120 452
7460 9220 118 453
7460 9221 121 451
7460 9222 124 445
7460 9223 126 448
7460 9224 124 445
7460 9225 126 441
7460 9226 127 441
7460 9227 131 437
7460 9228 135 440
7460 9229 134 439
7460 9230 137 432
7460 9231 140 437
7460 9232 142 434
7460 9233 140 431
7460 9234 143 431
7460 9235 143 425
7460 9236 148 428
7460 9237 148 428
7460 9238 150 426
7460 9239 152 424
7460 9240 154 422
7460 9241 154 420
7460 9242 155 418
7460 9243 157 418
7460 9244 160 417
7460 9245 160 416
7460 9246 161 415
7460 9247 162 411
7460 9248 164 412
7460 9249 165 413
7460 9250 165 408
7460 9251 168 408
7460 9252 170 406
7460 9253 171 406
7460 9254 173 406
7460 9255 174 400
7481 9221 275 304
7481 9222 274 305
7481 9223 272 305
7481 9224 270 306
7481 9225 269 308
7481 9226 268 309
7481 9227 266 308
7481 9228 265 310
7481 9229 263 310
7481 9230 261 311
7481 9231 261 313
7481 9232 259 317
7481 9233 258 314
7481 9234 256 313
7481 9235 253 316
7481 9236 251 317
7481 9237 248 317
7481 9238 249 317
7481 9239 247 319
7481 9240 244 319
7481 9241 242 321
7481 9242 241 321
7481 9243 238 321
7481 9244 236 321
7481 9245 235 327
7481 9246 233 325
7481 9247 231 324
7481 9248 229 328
7481 9249 227 327
7481 9250 226 328
7481 9251 224 330
7481 9252 222 331
7481 9253 221 329
7481 9254 219 329
7481 9255 216 330
7481 9256 215 335
7481 9257 213 334
7481 9258 211 333
7481 9259 208 329
7481 9260 207 329
7504 9238 137 406
7504 9239 138 403
7504 9240 140 406
7504 9241 140 400
7504 9242 142 401
7504 9243 144 398
7504 9244 149 397
7504 9245 149 395
7504 9246 148 394
7504 9247 150 394
7504 9248 151 392
7504 9249 153 391
7504 9250 154 391
7504 9251 155 389
7504 9252 157 388
7504 9253 163 388
7504 9254 160 385
7504 9255 161 385
7504 9256 162 384
7504 9257 163 382
7504 9258 164 384
7504 9259 166 380
7504 9260 167 380
7504 9261 169 382
7504 9262 171 378
7504 9263 173 376
7504 9264 173 373
7504 9265 174 373
7504 9266 176 377
7504 9267 178 375
7504 9268 179 372
7504 9269 180 371
7504 9270 184 369
7504 9271 185 368
7504 9272 189 367
7504 9273 187 368
7504 9274 188 368
7504 9275 191 364
7504 9276 192 364
7504 9277 194 362
7504 9278 193 363
7504 9279 195 361
7504 9280 195 364
7520 9248 345 345
7520 9249 345 341
7520 9250 344 344
7520 9251 342 346
7520 9252 341 349
7520 9253 339 345
7520 9254 337 346
7520 9255 335 349
7520 9256 333 348
7520 9257 333 349
7520 9258 331 353
7520 9259 329 352
7520 9260 326 352
7520 9261 325 353
7520 9262 322 355
7520 9263 321 355
7520 9264 318 357
7520 9265 317 361
7520 9266 313 364
7520 9267 311 360
7520 9268 310 363
7520 9269 308 363
7520 9270 305 364
7520 9271 303 365
7520 9272 302 368
7520 9273 298 367
7520 9274 296 368
7520 9275 294 370
7520 9276 291 373
7520 9277 289 372
7520 9278 286 374
7520 9279 285 375
7520 9280 282 375
7520 9281 280 376
7520 9282 280 374
7613 9313 193 427
7613 9314 192 426
7613 9315 190 428
7613 9316 187 430
7613 9317 184 433
7613 9318 181 434
7613 9319 177 435
7613 9320 176 438
7613 9321 169 440
7613 9322 165 441
7613 9323 163 444
7613 9324 160 445
7613 9325 156 445
7613 9326 153 449
7613 9327 146 448
7613 9328 144 450
7613 9329 141 452
7613 9330 137 455
7613 9331 133 457
7613 9332 131 459
7613 9333 128 462
7613 9334 124 463
7613 9335 115 464
7613 9336 117 465
7613 9337 112 467
7613 9338 108 467
7613 9339 102 468
7613 9340 97 469
7613 9341 94 469
7613 9342 90 470
7613 9343 85 472
7613 9344 80 473
7613 9345 75 473
7613 9346 73 475
7613 9347 67 476
7617 9315 112 404
7617 9316 109 401
7617 9317 108 407
7617 9318 105 404
7617 9319 103 405
7617 9320 102 407
7617 9321 97 410
7617 9322 95 416
7617 9323 93 411
7617 9324 92 413
7617 9325 88 415
7617 9326 85 416
7617 9327 83 417
7617 9328 82 420
7617 9329 77 420
7617 9330 75 423
7617 9331 74 431
7617 9332 70 425
7617 9333 67 426
7617 9334 63 429
7617 9335 60 430
7617 9336 57 431
7617 9337 53 434
7617 9338 48 435
7617 9339 44 437
7617 9340 43 437
7617 9341 42 439
7617 9342 35 440
7617 9343 35 442
7617 9344 32 446
7617 9345 27 447
7617 9346 22 450
7617 9347 21 450
7617 9348 18 453
7617 9349 14 454
7617 9350 12 457
7617 9351 10 456
7617 9352 4 458
7657 9344 382 370
7657 9345 382 373
7657 9346 376 371
7657 9347 374 371
7657 9348 373 372
7657 9349 369 372
7657 9350 365 371
7657 9351 361 371
7657 9352 360 370
7657 9353 357 370
7657 9354 351 368
7657 9355 348 368
7657 9356 348 369
7657 9357 344 369
7657 9358 342 365
7657 9359 336 367
7657 9360 336 367
7657 9361 333 367
7657 9362 328 364
7657 9363 325 364
7657 9364 324 366
7657 9365 320 365
7657 9366 317 361
7657 9367 313 364
7657 9368 311 364
7657 9369 304 363
7657 9370 301 364
7657 9371 296 363
7657 9372 290 361
7657 9373 288 362
7657 9374 285 360
7657 9375 280 360
7657 9376 277 360
7657 9377 271 359
7657 9378 267 359
7657 9379 264 359
7657 9380 261 358
7657 9381 256 357
7657 9382 253 358
7657 9383 250 359
7657 9384 247 357
7657 9385 241 359
7657 9386 240 356
7657 9387 239 355
7657 9388 238 355
7657 9389 238 356
7743 9428 68 468
7743 9429 69 467
7743 9430 73 467
7743 9431 75 469
7743 9432 77 468
7743 9433 80 466
7743 9434 83 466
7743 9435 86 467
7743 9436 89 466
7743 9437 90 466
7743 9438 92 465
7743 9439 97 465
7743 9440 100 464
7743 9441 101 464
7743 9442 103 464
7743 9443 105 463
7743 9444 109 462
7743 9445 114 460
7743 9446 114 461
7743 9447 114 461
7743 9448 116 459
7743 9449 120 456
7743 9450 125 455
7743 9451 126 457
7743 9452 127 458
7743 9453 130 457
7743 9454 134 455
7743 9455 138 454
7743 9456 140 455
7743 9457 140 454
7743 9458 141 455
7743 9459 145 454
7743 9460 149 452
7743 9461 152 453
7743 9462 152 453
7743 9463 153 454
7743 9464 157 450
7743 9465 161 451
7743 9466 164 450
7743 9467 164 449
7743 9468 163 449
7897 9615 14 411
7897 9616 13 413
7897 9617 16 407
7897 9618 16 400
7897 9619 18 399
7897 9620 20 399
7897 9621 22 400
7897 9622 24 405
7897 9623 28 405
7897 9624 28 400
7897 9625 33 404
7897 9626 34 405
7897 9627 35 397
7897 9628 40 404
7897 9629 39 404
7897 9630 43 404
7897 9631 44 404
7897 9632 45 397
7897 9633 48 402
7897 9634 51 403
7897 9635 55 404
7897 9636 55 398
7897 9637 59 402
7897 9638 62 402
7897 9639 62 396
7897 9640 67 403
7897 9641 66 401
7897 9642 70 401
7897 9643 72 395
7897 9644 74 394
7897 9645 75 394
7897 9646 80 398
7897 9647 81 397
7897 9648 83 393
7897 9649 87 399
7897 9650 90 399
7897 9651 91 399
7897 9652 94 405
7897 9653 95 399
7898 9615 343 299
7898 9616 339 298
7898 9617 337 297
7898 9618 334 291
7898 9619 331 293
7898 9620 328 292
7898 9621 327 288
7898 9622 324 285
7898 9623 323 283
7898 9624 318 278
7898 9625 315 277
7898 9626 314 283
7898 9627 311 278
7898 9628 310 279
7898 9629 304 277
7898 9630 300 276
7898 9631 296 274
7898 9632 288 267
7898 9633 284 270
7898 9634 280 269
7898 9635 273 268
7898 9636 274 271
7942 9664 118 386
7942 9665 120 392
7942 9666 123 387
7942 9667 128 391
7942 9668 127 391
7942 9669 129 391
7942 9670 131 385
7942 9671 136 391
7942 9672 138 389
7942 9673 139 390
7942 9674 140 387
7942 9675 142 389
7942 9676 148 389
7942 9677 149 388
7942 9678 149 383
7942 9679 152 382
7942 9680 154 383
7942 9681 156 381
7942 9682 158 381
7942 9683 160 381
7942 9684 163 380
7942 9685 164 380
7942 9686 166 385
7942 9687 168 380
7942 9688 170 379
7942 9689 172 378
7942 9690 174 378
7942 9691 176 378
7942 9692 178 378
7942 9693 180 378
7942 9694 182 377
7942 9695 184 379
7942 9696 186 378
7942 9697 187 378
7942 9698 189 377
7942 9699 192 376
7942 9700 193 375
7942 9701 196 376
7942 9702 198 375
7942 9703 200 375
7942 9704 202 374
7942 9705 203 374
7942 9706 205 381
7945 9665 484 267
7945 9666 480 263
7945 9667 475 262
7945 9668 468 261
7945 9669 458 260
7945 9670 447 260
7945 9671 436 260
7945 9672 425 259
7945 9673 417 259
7945 9674 405 258
7945 9675 394 257
7945 9676 382 261
7945 9677 373 253
7945 9678 364 257
7945 9679 353 260
7945 9680 342 256
7945 9681 334 256
7945 9682 323 252
7945 9683 314 251
7945 9684 304 250
7945 9685 295 249
7945 9686 288 249
7945 9687 278 248
7945 9688 269 247
7945 9689 261 246
7945 9690 257 246
7967 9707 207 374
7967 9708 209 373
7967 9709 212 373
7967 9710 213 373
7967 9711 216 372
7967 9712 218 372
7967 9713 220 371
7967 9714 222 371
7967 9715 224 371
7967 9716 225 370
7967 9717 229 376
7967 9718 229 376
7967 9719 231 370
7967 9720 232 369
7967 9721 235 368
7967 9722 236 368
7967 9723 238 367
7967 9724 239 368
7967 9725 242 366
7967 9726 243 366
7967 9727 245 366
7967 9728 246 365
7967 9729 248 364
7967 9730 250 365
7967 9731 252 364
7967 9732 254 364
7967 9733 256 363
7967 9734 258 363
7967 9735 259 362
7967 9736 260 363
7967 9737 263 361
7967 9738 264 361
7967 9739 267 361
7967 9740 268 361
7967 9741 270 360
7967 9742 273 359
7967 9743 275 365
7967 9744 276 360
7967 9745 278 359
7967 9746 279 358
7967 9747 281 355
7967 9748 283 358
7967 9749 284 357
7967 9750 287 357
7967 9751 290 359
7967 9752 290 360
7967 9753 291 355
7967 9754 293 355
7967 9755 294 353
7967 9756 296 353
7967 9757 298 352
7967 9758 299 352
7967 9759 301 352
7967 9760 303 352
7967 9761 304 351
7967 9762 306 351
7967 9763 307 351
7967 9764 308 351
7967 9765 310 349
8011 9755 165 400
8011 9756 164 402
8011 9757 164 402
8011 9758 161 403
8011 9759 160 406
8011 9760 156 408
8011 9761 155 410
8011 9762 156 409
8011 9763 152 415
8011 9764 151 415
8011 9765 149 415
8011 9766 148 418
8011 9767 148 420
8011 9768 144 421
8011 9769 143 423
8011 9770 142 426
8011 9771 140 431
8011 9772 139 428
8011 9773 137 430
8011 9774 136 435
8011 9775 129 434
8011 9776 131 436
8011 9777 131 439
8011 9778 127 445
8011 9779 128 446
8011 9780 125 445
8011 9781 123 448
8011 9782 122 452
8011 9783 120 453
8011 9784 117 454
8011 9785 116 458
8011 9786 118 458
8211 10041 60 433
8211 10042 65 436
8211 10043 67 436
8211 10044 70 436
8211 10045 74 433
8211 10046 76 430
8211 10047 80 429
8211 10048 83 432
8211 10049 86 428
8211 10050 90 426
8211 10051 93 425
8211 10052 96 427
8211 10053 99 426
8211 10054 102 423
8211 10055 109 421
8211 10056 109 424
8211 10057 113 421
8211 10058 117 420
8211 10059 120 415
8211 10060 122 416
8211 10061 126 416
8211 10062 130 415
8211 10063 132 415
8211 10064 134 412
8211 10065 137 414
8211 10066 140 415
8211 10067 141 423
8226 10067 142 406
8226 10068 147 405
8226 10069 148 404
8226 10070 152 407
8226 10071 153 404
8226 10072 157 400
8226 10073 160 401
8226 10074 162 399
8226 10075 164 400
8226 10076 167 396
8226 10077 169 394
8226 10078 172 394
8226 10079 175 398
8226 10080 178 393
8226 10081 182 390
8226 10082 183 385
8226 10083 185 392
8226 10084 188 389
8226 10085 190 384
8226 10086 192 385
8226 10087 195 386
8226 10088 199 387
8226 10089 200 384
8226 10090 203 382
8226 10091 205 381
8226 10092 207 383
8226 10093 210 380
8226 10094 212 375
8226 10095 214 375
8226 10096 217 375
8226 10097 220 373
8226 10098 221 374
8226 10099 224 374
8226 10100 227 371
8226 10101 228 373
8226 10102 229 370
8226 10103 232 370
8226 10104 234 366
8226 10105 236 366
8226 10106 238 366
8226 10107 241 362
8226 10108 244 362
8226 10109 245 363
8226 10110 248 364
8226 10111 251 362
8226 10112 252 361
8226 10113 253 357
8226 10114 255 359
8226 10115 258 359
8226 10116 259 359
8226 10117 263 356
8226 10118 265 354
8226 10119 266 357
8226 10120 270 354
8226 10121 269 349
8226 10122 272 347
8226 10123 274 348
8226 10124 276 350
8226 10125 278 349
8226 10126 281 349
8226 10127 284 347
8226 10128 284 341
8226 10129 287 348
8226 10130 288 351
8350 10202 61 312
8350 10203 59 315
8350 10204 56 317
8350 10205 55 319
8350 10206 49 319
8350 10207 46 322
8350 10208 43 323
8350 10209 40 323
8350 10210 36 328
8350 10211 33 329
8350 10212 29 331
8350 10213 26 333
8350 10214 21 334
8350 10215 19 337
8350 10216 16 339
8350 10217 12 341
8350 10218 10 343
8350 10219 9 344
8350 10220 7 346
8555 10499 488 262
8555 10500 482 260
8555 10501 473 259
8555 10502 467 257
8555 10503 462 259
8555 10504 447 258
8555 10505 434 257
8555 10506 423 256
8555 10507 408 255
8555 10508 395 254
8555 10509 383 253
8555 10510 370 251
8555 10511 355 251
8555 10512 342 250
8555 10513 345 250
8895 11050 345 410
8895 11051 343 414
8895 11052 336 412
8895 11053 334 414
8895 11054 331 412
8895 11055 327 410
8895 11056 324 410
8895 11057 323 410
8895 11058 323 408
8895 11059 319 407
8895 11060 313 406
8895 11061 310 405
8895 11062 308 404
8895 11063 304 403
8895 11064 300 403
8895 11065 299 403
8895 11066 298 402
8895 11067 294 401
8895 11068 289 400
8895 11069 288 399
8895 11070 285 398
8895 11071 282 394
8895 11072 280 396
8895 11073 276 396
8895 11074 275 396
8895 11075 270 393
8895 11076 267 394
8895 11077 266 393
8895 11078 263 391
8895 11079 259 390
8895 11080 257 390
8895 11081 255 390
8895 11082 252 387
8895 11083 249 386
8895 11084 247 387
8895 11085 245 386
8895 11086 243 381
8895 11087 239 384
8895 11088 237 383
8895 11089 234 382
8895 11090 232 380
8895 11091 229 381
8895 11092 228 380
8895 11093 225 379
8895 11094 223 378
8895 11095 222 376
8895 11096 219 377
8895 11097 217 374
8895 11098 214 373
8895 11099 212 372
8895 11100 210 374
8895 11101 209 371
8895 11102 207 369
8895 11103 204 371
8895 11104 203 368
8895 11105 201 368
8895 11106 199 363
8895 11107 197 365
8895 11108 194 366
8895 11109 192 371
8920 11084 13 474
8920 11085 16 473
8920 11086 17 472
8920 11087 18 472
8920 11088 19 469
8920 11089 20 468
8920 11090 21 466
8920 11091 21 465
8920 11092 24 463
8920 11093 24 461
8920 11094 26 459
8920 11095 28 456
8920 11096 28 454
8920 11097 29 455
8920 11098 31 450
8920 11099 32 449
8920 11100 35 449
8920 11101 35 447
8920 11102 38 447
8920 11103 39 444
8920 11104 42 443
8920 11105 41 440
8920 11106 43 437
8920 11107 45 437
8920 11108 47 436
8920 11109 51 434
8920 11110 52 431
8920 11111 55 429
8920 11112 55 431
8920 11113 57 427
8920 11114 57 427
8920 11115 59 424
8920 11116 61 423
8920 11117 63 423
8967 11119 65 419
8967 11120 67 420
8967 11121 68 418
8967 11122 70 413
8967 11123 71 412
8967 11124 73 414
8967 11125 74 412
8967 11126 76 408
8967 11127 79 408
8967 11128 79 409
8967 11129 80 405
8967 11130 81 403
8967 11131 82 402
8967 11132 84 401
8967 11133 86 401
8967 11134 88 401
8967 11135 89 400
8967 11136 91 399
8967 11137 92 397
8967 11138 94 395
8967 11139 95 395
8967 11140 99 394
8967 11141 98 393
8967 11142 100 390
8967 11143 102 391
8967 11144 105 390
8967 11145 105 389
8967 11146 107 386
8967 11147 109 386
8967 11148 109 385
8967 11149 114 387
8967 11150 113 383
8967 11151 115 383
8967 11152 118 381
9244 11493 489 266
9244 11494 484 266
9244 11495 476 264
9244 11496 469 265
9244 11497 459 264
9244 11498 447 263
9244 11499 434 262
9244 11500 423 261
9244 11501 411 260
9244 11502 398 259
9244 11503 387 258
9244 11504 379 258
9244 11505 366 256
9244 11506 351 255
9244 11507 339 255
9244 11508 329 253
9244 11509 318 253
9244 11510 307 251
9244 11511 303 254
9261 11519 105 365
9261 11520 106 367
9261 11521 106 368
9261 11522 104 370
9261 11523 104 369
9261 11524 105 371
9261 11525 107 375
9261 11526 104 369
9261 11527 103 372
9261 11528 104 376
9261 11529 102 378
9261 11530 102 380
9261 11531 102 378
9261 11532 103 381
9261 11533 103 383
9261 11534 100 383
9261 11535 99 381
9261 11536 99 385
9261 11537 98 387
9261 11538 99 392
9261 11539 99 388
9261 11540 99 391
9261 11541 99 394
9261 11542 98 393
9261 11543 96 393
9261 11544 96 396
9261 11545 96 403
9261 11546 95 398
9261 11547 95 399
9261 11548 95 400
9261 11549 93 403
9261 11550 93 400
9261 11551 92 404
9261 11552 90 406
9261 11553 90 403
9261 11554 89 408
9261 11555 88 410
9261 11556 88 412
9261 11557 87 414
9261 11558 84 415
9261 11559 84 416
9261 11560 83 418
9261 11561 80 421
9261 11562 82 422
9261 11563 80 421
9261 11564 79 425
9261 11565 78 426
9261 11566 75 427
9261 11567 73 429
9261 11568 73 431
9261 11569 72 432
9261 11570 71 435
9261 11571 73 439
9261 11572 71 442
9337 11606 442 414
9337 11607 442 418
9337 11608 439 421
9337 11609 434 419
9337 11610 433 419
9337 11611 430 420
9337 11612 426 420
9337 11613 423 420
9337 11614 423 420
9337 11615 418 420
9337 11616 414 420
9337 11617 413 421
9337 11618 411 420
9337 11619 406 419
9337 11620 401 422
9337 11621 400 422
9337 11622 399 421
9337 11623 393 421
9337 11624 389 422
9337 11625 388 422
9337 11626 387 423
9337 11627 382 423
9337 11628 378 424
9337 11629 377 423
9337 11630 374 423
9337 11631 371 419
9337 11632 369 423
9337 11633 366 425
9337 11634 361 420
9337 11635 358 422
9337 11636 356 425
9337 11637 354 427
9337 11638 349 426
9337 11639 345 427
9337 11640 343 428
9337 11641 341 427
9337 11642 337 426
9337 11643 335 429
9337 11644 333 430
9337 11645 331 427
9337 11646 327 423
9337 11647 322 428
9337 11648 322 429
9337 11649 319 428
9337 11650 315 427
9337 11651 311 428
9337 11652 311 429
9337 11653 308 429
9337 11654 304 425
9337 11655 298 430
9337 11656 298 431
9337 11657 296 430
9337 11658 290 425
9337 11659 288 425
9337 11660 287 431
9337 11661 283 430
9337 11662 281 425
9337 11663 277 428
9337 11664 275 430
9337 11665 270 425
9337 11666 267 425
9337 11667 265 429
9337 11668 263 431
9337 11669 258 429
9337 11670 254 426
9337 11671 252 430
9337 11672 250 430
9337 11673 245 430
9337 11674 240 430
9337 11675 240 429
9337 11676 238 429
9337 11677 233 423
9337 11678 230 427
9337 11679 227 429
9337 11680 225 429
9337 11681 218 426
9337 11682 217 425
9337 11683 216 427
9337 11684 211 427
9337 11685 208 425
9337 11686 206 429
9337 11687 204 429
9337 11688 202 425
9337 11689 199 425
9337 11690 196 426
9337 11691 193 429
9337 11692 192 428
9337 11693 187 425
9337 11694 185 429
9337 11695 184 429
9337 11696 182 425
9337 11697 179 425
9337 11698 174 428
9337 11699 171 428
9337 11700 167 425
9337 11701 163 426
9337 11702 161 428
9337 11703 160 425
9337 11704 157 424
9337 11705 154 426
9337 11706 151 426
9337 11707 148 426
9337 11708 145 425
9337 11709 141 427
9337 11710 140 427
9337 11711 137 427
9337 11712 135 423
9337 11713 131 425
9337 11714 129 425
9337 11715 125 424
9337 11716 121 422
9337 11717 120 425
9337 11718 118 424
9337 11719 115 421
9337 11720 112 424
9337 11721 113 427
9496 11784 359 372
9496 11785 358 366
9496 11786 356 365
9496 11787 353 367
9496 11788 350 368
9496 11789 349 368
9496 11790 347 370
9496 11791 345 371
9496 11792 343 371
9496 11793 342 372
9496 11794 339 372
9496 11795 335 374
9496 11796 334 375
9496 11797 331 376
9496 11798 330 379
9496 11799 328 378
9496 11800 325 382
9496 11801 323 378
9496 11802 322 381
9496 11803 317 381
9496 11804 315 383
9496 11805 315 384
9496 11806 312 382
9496 11807 309 384
9496 11808 307 386
9496 11809 305 385
9496 11810 302 387
9496 11811 298 388
9496 11812 297 389
9496 11813 296 389
9496 11814 293 391
9496 11815 288 391
9496 11816 287 392
9496 11817 285 391
9496 11818 280 393
9496 11819 277 394
9496 11820 276 395
9496 11821 275 397
9496 11822 270 397
9496 11823 267 398
9496 11824 265 398
9496 11825 262 399
9496 11826 258 403
9496 11827 255 402
9496 11828 255 402
9496 11829 253 405
9496 11830 249 406
9496 11831 247 407
9496 11832 245 407
9496 11833 242 408
9496 11834 238 411
9496 11835 236 411
9496 11836 235 413
9496 11837 231 412
9496 11838 228 415
9496 11839 225 414
9496 11840 223 416
9496 11841 221 417
9496 11842 216 418
9496 11843 214 419
9496 11844 213 419
9496 11845 210 421
9496 11846 206 422
9496 11847 204 423
9496 11848 201 422
9496 11849 199 424
9496 11850 195 424
9496 11851 192 426
9496 11852 190 428
9496 11853 190 426
9538 11843 261 475
9538 11844 261 475
9538 11845 265 474
9538 11846 269 474
9538 11847 272 473
9538 11848 276 473
9538 11849 281 472
9538 11850 285 472
9538 11851 287 471
9538 11852 290 471
9538 11853 294 471
9538 11854 298 470
9538 11855 303 470
9538 11856 306 470
9538 11857 310 469
9538 11858 313 469
9538 11859 317 469
9538 11860 320 469
9538 11861 323 468
9538 11862 328 467
9538 11863 333 467
9538 11864 335 467
9538 11865 339 467
9538 11866 343 466
9538 11867 346 465
9538 11868 349 465
9538 11869 352 465
9538 11870 357 464
9538 11871 361 464
9538 11872 364 463
9538 11873 366 463
9538 11874 371 462
9538 11875 375 461
9538 11876 377 460
9538 11877 379 459
9538 11878 385 459
9538 11879 387 457
9538 11880 390 455
9538 11881 392 455
9538 11882 396 454
9538 11883 398 453
9538 11884 401 452
9538 11885 404 451
9538 11886 408 450
9538 11887 411 449
9538 11888 411 449
9538 11889 416 447
9538 11890 419 446
9538 11891 419 446
9538 11892 422 445
9538 11893 426 443
9538 11894 428 442
9538 11895 430 441
9538 11896 432 440
9538 11897 436 439
9538 11898 439 438
9538 11899 441 437
9538 11900 442 435
9538 11901 445 435
9538 11902 447 433
9538 11903 450 432
9538 11904 452 432
9538 11905 455 429
9538 11906 458 425
9538 11907 459 428
9538 11908 462 427
9538 11909 464 426
9538 11910 467 425
9538 11911 469 424
9538 11912 473 423
9538 11913 475 422
9538 11914 477 422
9538 11915 479 421
9538 11916 481 420
9538 11917 485 418
9538 11918 486 418
9538 11919 488 415
9538 11920 491 416
9538 11921 494 415
9538 11922 494 414
9538 11923 496 414
9538 11924 497 412
9538 11925 500 408
9538 11926 502 410
9538 11927 505 406
9538 11928 506 409
9538 11929 506 413
9548 11853 183 427
9548 11854 184 428
9548 11855 182 429
9548 11856 179 429
9548 11857 176 431
9548 11858 173 431
9548 11859 169 433
9548 11860 167 432
9548 11861 166 436
9548 11862 162 435
9548 11863 159 433
9548 11864 156 438
9548 11865 155 439
9548 11866 150 439
9548 11867 146 441
9548 11868 144 440
9548 11869 142 442
9548 11870 139 444
9548 11871 135 448
9548 11872 132 445
9548 11873 128 448
9548 11874 126 450
9548 11875 121 452
9548 11876 120 451
9548 11877 119 450
9548 11878 114 454
9548 11879 109 454
9548 11880 108 455
9548 11881 105 454
9548 11882 100 457
9548 11883 96 459
9548 11884 95 459
9548 11885 93 461
9548 11886 86 461
9548 11887 83 462
9548 11888 82 462
9548 11889 77 463
9548 11890 71 463
9548 11891 69 464
9548 11892 70 467
10098 12655 210 272
10098 12656 209 271
10098 12657 209 274
10098 12658 207 276
10098 12659 204 273
10098 12660 203 273
10098 12661 202 274
10098 12662 202 274
10098 12663 202 274
10098 12664 202 277
10098 12665 195 257
10098 12666 192 260
10098 12667 189 261
10098 12668 184 262
10098 12669 180 261
10098 12670 177 264
10098 12671 172 266
10098 12672 168 267
10098 12673 164 266
10098 12674 161 269
10098 12675 156 269
10098 12676 152 270
10098 12677 148 272
10098 12678 144 274
10098 12679 139 277
10098 12680 135 276
10098 12681 132 279
10098 12682 127 279
10098 12683 123 280
10098 12684 120 282
10098 12685 116 284
10098 12686 110 286
10098 12687 106 286
10098 12688 103 288
10098 12689 99 292
10098 12690 93 290
10098 12691 90 294
10098 12692 85 295
10098 12693 81 298
10098 12694 75 296
10098 12695 72 299
10098 12696 68 302
10098 12697 63 301
10098 12698 61 305
10098 12699 56 307
10098 12700 51 307
10098 12701 47 309
10098 12702 42 310
10098 12703 38 312
10098 12704 32 310
10098 12705 31 314
10098 12706 27 319
10098 12707 22 320
10110 12703 216 246
10110 12704 224 254
10110 12705 234 248
10110 12706 247 249
10110 12707 256 250
10110 12708 267 251
10110 12709 278 251
10110 12710 289 252
10110 12711 299 253
10110 12712 308 254
10110 12713 318 255
10110 12714 330 256
10110 12715 341 257
10110 12716 353 258
10110 12717 364 259
10110 12718 375 260
10110 12719 386 261
10110 12720 395 262
10110 12721 409 263
10115 12710 326 250
10115 12711 331 256
10115 12712 341 258
10115 12713 352 258
10115 12714 364 259
10115 12715 376 259
10115 12716 387 261
10115 12717 398 262
10115 12718 411 263
10115 12719 419 270
10200 12820 169 257
10200 12821 170 255
10200 12822 169 254
10200 12823 168 250
10200 12824 172 248
10200 12825 169 257
10200 12826 169 260
10200 12827 168 263
10200 12828 166 262
10200 12829 166 264
10200 12830 164 265
10200 12831 163 265
10200 12832 159 267
10200 12833 157 266
10200 12834 156 266
10200 12835 153 267
10200 12836 152 270
10200 12837 148 270
10200 12838 143 273
10200 12839 143 273
10200 12840 140 273
10200 12841 136 276
10200 12842 133 278
10200 12843 136 276
10200 12844 131 279
10200 12845 123 280
10200 12846 120 281
10200 12847 117 282
10200 12848 112 284
10200 12849 109 286
10200 12850 106 288
10200 12851 101 288
10200 12852 104 288
10200 12853 113 291
10200 12854 110 293
10250 12933 482 265
10250 12934 475 263
10250 12935 468 263
10250 12936 457 262
10250 12937 443 261
10250 12938 428 260
10250 12939 418 259
10250 12940 406 259
10250 12941 393 258
10250 12942 381 256
10250 12943 370 256
10250 12944 360 254
10250 12945 348 253
10250 12946 338 253
10250 12947 329 252
10250 12948 318 251
10250 12949 308 250
10250 12950 299 249
10250 12951 290 249
10250 12952 280 248
10250 12953 280 247
10298 13015 276 249
10298 13016 284 249
10298 13017 273 254
10298 13018 284 255
10298 13019 296 255
10298 13020 310 257
10298 13021 324 258
10298 13022 336 259
10298 13023 349 260
10298 13024 363 261
10298 13025 378 263
10298 13026 392 263
10298 13027 405 265
10298 13028 418 265
10298 13029 431 267
10298 13030 444 268
10352 13124 179 246
10352 13125 185 246
10352 13126 195 247
10352 13127 201 248
10352 13128 208 248
10352 13129 214 248
10352 13130 221 253
10352 13131 228 248
10352 13132 239 250
10352 13133 247 252
10352 13134 257 252
10352 13135 261 254
10352 13136 271 253
10352 13137 282 254
10352 13138 285 257
10352 13139 295 255
10352 13140 314 254
10352 13141 311 254
10352 13142 303 253
10352 13143 290 250
10352 13144 277 249
10353 13125 456 276
10353 13126 465 272
10353 13127 458 270
10353 13128 466 268
10353 13129 466 267
10353 13130 457 267
10353 13131 448 265
10353 13132 430 261
10353 13133 416 260
10353 13134 400 259
10353 13135 389 258
10353 13136 377 257
10353 13137 362 256
10353 13138 350 255
10353 13139 340 255
10353 13140 336 256
10353 13141 336 264
10369 13143 328 258
10369 13144 337 259
10369 13145 345 260
10369 13146 353 260
10369 13147 360 261
10369 13148 368 262
10369 13149 377 262
10369 13150 384 263
10369 13151 392 263
10369 13152 400 264
10369 13153 407 265
10369 13154 414 265
10369 13155 422 266
10369 13156 430 267
10369 13157 438 267
10369 13158 442 271
10369 13159 449 272
10371 13144 364 260
10371 13145 377 261
10371 13146 384 261
10371 13147 386 263
10371 13148 401 265
10371 13149 407 265
10371 13150 413 265
10371 13151 424 268
10371 13152 428 266
10371 13153 432 267
10371 13154 440 267
10371 13155 451 268
10371 13156 458 269
10371 13157 465 270
10371 13158 465 264
10371 13159 456 263
10371 13160 457 269
10371 13161 463 273
10371 13162 471 272
10371 13163 476 275
10371 13164 474 270
10371 13165 480 273
10543 13320 333 263
10543 13321 327 256
10543 13322 345 258
10543 13323 359 259
10543 13324 373 260
10543 13325 390 262
10543 13326 405 263
10543 13327 420 264
10543 13328 437 266
10543 13329 453 267
10543 13330 466 268
10543 13331 474 268
10543 13332 481 270
10543 13333 488 276