11 9 608 473
11 10 605 470
11 11 599 471
11 12 596 469
11 13 596 465
11 14 596 457
11 15 592 458
11 16 593 454
11 17 588 454
11 18 587 447
11 19 585 446
11 20 583 448
11 21 578 445
11 22 575 442
11 23 573 441
11 24 568 445
11 25 565 438
11 26 563 436
11 27 561 437
11 28 556 439
11 29 552 439
11 30 547 439
11 31 548 434
11 32 543 436
11 33 542 429
11 34 539 428
11 35 537 427
11 36 532 429
11 37 531 425
398 301 148 281
398 302 151 278
398 303 148 281
398 304 144 282
398 305 140 283
398 306 137 285
398 307 130 287
398 308 128 287
398 309 125 290
398 310 118 292
398 311 115 295
398 312 111 297
398 313 107 298
398 314 102 301
398 315 96 303
398 316 92 304
398 317 86 307
398 318 80 309
398 319 75 311
398 320 69 314
398 321 64 316
398 322 59 318
398 323 53 320
398 324 47 323
398 325 41 325
398 326 35 327
398 327 29 329
398 328 25 329
398 329 21 332
398 330 19 333
398 331 16 333
398 332 12 335
398 333 10 336
398 334 6 335
398 335 3 340
533 457 448 424
533 458 449 419
533 459 447 417
533 460 444 419
533 461 440 413
533 462 437 419
533 463 434 422
533 464 430 425
533 465 427 427
533 466 426 425
533 467 423 426
533 468 418 428
533 469 415 428
533 470 412 431
533 471 408 432
533 472 406 433
533 473 403 437
533 474 401 436
533 475 394 439
533 476 390 443
533 477 392 450
563 483 363 459
563 484 363 451
563 485 358 451
563 486 355 455
563 487 352 452
563 488 349 455
563 489 343 457
563 490 337 458
563 491 334 457
563 492 331 460
563 493 325 461
563 494 322 456
563 495 318 463
563 496 313 462
563 497 308 463
563 498 303 463
563 499 298 464
563 500 292 464
563 501 288 463
563 502 283 466
563 503 279 466
563 504 276 466
563 505 271 467
563 506 269 467
563 507 262 467
563 508 259 467
563 509 254 468
563 510 247 469
563 511 242 469
563 512 237 469
563 513 236 470
563 514 230 470
563 515 226 470
563 516 221 471
563 517 216 472
563 518 211 472
563 519 207 473
563 520 202 473
563 521 196 473
563 522 191 473
563 523 188 474
563 524 183 475
563 525 177 475
563 526 174 475
563 527 168 476
563 528 163 476
563 529 158 476
618 514 446 432
618 515 437 431
618 516 439 433
618 517 445 427
618 518 446 427
618 519 448 427
618 520 448 436
618 521 452 437
618 522 454 436
618 523 459 434
618 524 460 438
618 525 461 441
618 526 463 437
618 527 464 439
618 528 470 436
618 529 470 442
618 530 473 442
618 531 477 442
618 532 478 442
618 533 479 443
618 534 486 444
618 535 489 445
618 536 489 442
618 537 490 444
618 538 493 444
618 539 496 447
618 540 499 446
618 541 504 446
618 542 506 446
618 543 509 446
618 544 508 448
618 545 510 445
618 546 514 450
618 547 513 445
618 548 515 448
726 614 209 246
726 615 221 254
726 616 245 252
726 617 266 254
726 618 287 255
726 619 305 257
726 620 325 258
726 621 329 259
914 841 493 439
914 842 490 441
914 843 493 419
914 844 491 417
914 845 490 417
914 846 484 414
914 847 483 414
914 848 480 411
914 849 478 410
914 850 476 409
914 851 473 407
914 852 471 406
914 853 470 405
914 854 466 403
914 855 462 401
914 856 461 400
914 857 460 399
914 858 458 397
914 859 455 396
914 860 456 399
924 860 452 394
924 861 450 393
924 862 448 392
924 863 446 390
924 864 445 389
924 865 442 388
924 866 440 386
924 867 437 384
924 868 435 384
924 869 432 383
924 870 433 381
924 871 431 382
924 872 429 380
924 873 426 382
924 874 422 376
924 875 423 375
924 876 419 374
924 877 417 372
924 878 416 372
924 879 414 371
924 880 412 371
924 881 409 367
924 882 406 366
924 883 406 365
924 884 404 364
924 885 403 364
924 886 401 363
924 887 400 362
924 888 397 359
924 889 394 358
924 890 394 357
924 891 392 356
924 892 390 355
924 893 389 353
924 894 388 354
924 895 386 352
924 896 383 350
924 897 381 348
1134 1048 343 250
1134 1049 350 253
1134 1050 336 252
1134 1051 330 250
1134 1052 312 252
1134 1053 311 258
1134 1054 303 261
1134 1055 307 255
1134 1056 319 261
1134 1057 329 267
1134 1058 330 269
1134 1059 332 269
1134 1060 333 269
1134 1061 334 269
1134 1062 337 268
1134 1063 337 270
1134 1064 339 269
1134 1065 339 269
1134 1066 338 274
1134 1067 341 269
1134 1068 340 276
1134 1069 341 275
1134 1070 346 270
1134 1071 346 270
1134 1072 348 269
1134 1073 351 265
1134 1074 350 270
1134 1075 352 275
1134 1076 353 276
1134 1077 354 276
1134 1078 356 276
1134 1079 356 275
1134 1080 358 275
1134 1081 361 280
1134 1082 361 280
1134 1083 363 280
1134 1084 365 275
1134 1085 366 273
1134 1086 370 276
1134 1087 369 269
1134 1088 369 274
1134 1089 370 271
1134 1090 372 272
1134 1091 375 276
1134 1092 374 271
1134 1093 375 271
1134 1094 376 272
1134 1095 378 272
1134 1096 379 272
1134 1097 381 273
1134 1098 382 271
1134 1099 384 271
1134 1100 386 271
1134 1101 386 272
1134 1102 388 273
1134 1103 388 271
1134 1104 388 275
1134 1105 388 276
1163 1068 225 298
1163 1069 225 296
1163 1070 226 296
1163 1071 228 294
1163 1072 228 294
1163 1073 231 295
1163 1074 232 295
1163 1075 233 297
1163 1076 235 296
1163 1077 236 298
1163 1078 238 297
1163 1079 239 297
1163 1080 241 298
1163 1081 243 297
1163 1082 244 299
1163 1083 246 298
1163 1084 247 300
1163 1085 249 300
1163 1086 251 301
1163 1087 252 301
1163 1088 254 300
1163 1089 256 302
1163 1090 258 302
1163 1091 259 302
1163 1092 261 301
1163 1093 262 303
1163 1094 265 304
1163 1095 267 305
1163 1096 268 305
1163 1097 270 305
1163 1098 271 306
1163 1099 273 305
1163 1100 275 303
1163 1101 277 307
1163 1102 279 308
1163 1103 280 308
1163 1104 282 308
1163 1105 284 309
1163 1106 286 308
1163 1107 287 311
1163 1108 289 312
1163 1109 291 311
1163 1110 293 311
1163 1111 295 313
1163 1112 298 313
1163 1113 298 312
1163 1114 300 315
1163 1115 302 314
1163 1116 304 315
1163 1117 307 313
1163 1118 307 316
1163 1119 309 316
1163 1120 312 315
1163 1121 313 316
1163 1122 315 318
1163 1123 317 319
1163 1124 319 319
1163 1125 321 320
1163 1126 322 320
1163 1127 325 320
1163 1128 327 319
1163 1129 329 322
1163 1130 331 323
1163 1131 333 323
1163 1132 335 323
1163 1133 337 324
1163 1134 338 323
1163 1135 341 323
1163 1136 343 321
1163 1137 347 326
1163 1138 347 325
1163 1139 350 327
1163 1140 351 328
1163 1141 354 327
1163 1142 357 329
1163 1143 359 330
1163 1144 362 329
1163 1145 363 331
1163 1146 367 332
1163 1147 368 332
1163 1148 369 331
1163 1149 372 334
1163 1150 374 334
1163 1151 376 335
1163 1152 379 335
1163 1153 380 335
1163 1154 382 336
1163 1155 386 337
1163 1156 387 338
1163 1157 389 338
1163 1158 391 338
1163 1159 394 339
1163 1160 397 340
1163 1161 398 340
1163 1162 401 340
1163 1163 403 341
1163 1164 404 343
1163 1165 407 342
1163 1166 411 345
1163 1167 413 345
1163 1168 414 344
1163 1169 415 344
1163 1170 419 346
1163 1171 420 349
1163 1172 423 348
1163 1173 425 349
1163 1174 427 349
1163 1175 430 350
1163 1176 431 349
1163 1177 435 351
1163 1178 436 352
1163 1179 439 353
1163 1180 441 352
1163 1181 445 354
1163 1182 447 356
1163 1183 450 354
1163 1184 452 354
1163 1185 455 358
1163 1186 457 358
1163 1187 459 356
1163 1188 462 360
1163 1189 464 361
1163 1190 467 360
1163 1191 470 360
1163 1192 473 362
1163 1193 474 363
1163 1194 476 362
1163 1195 480 364
1163 1196 482 365
1163 1197 485 365
1163 1198 488 364
1163 1199 491 368
1163 1200 493 368
1163 1201 496 366
1163 1202 498 370
1163 1203 501 370
1163 1204 505 369
1163 1205 507 370
1163 1206 509 372
1163 1207 512 374
1163 1208 514 372
1163 1209 517 375
1163 1210 520 376
1163 1211 523 376
1163 1212 527 377
1163 1213 529 378
1163 1214 531 378
1163 1215 534 377
1163 1216 537 381
1163 1217 540 381
1163 1218 543 381
1163 1219 546 383
1163 1220 549 385
1163 1221 552 383
1163 1222 554 383
1163 1223 557 387
1163 1224 562 386
1163 1225 566 388
1163 1226 568 390
1163 1227 571 387
1163 1228 572 389
1163 1229 575 391
1163 1230 578 391
1163 1231 581 393
1163 1232 585 391
1163 1233 587 395
1163 1234 590 395
1163 1235 593 393
1163 1236 596 394
1163 1237 599 397
1163 1238 599 398
1163 1239 606 394
1163 1240 607 400
1163 1241 611 401
1163 1242 612 400
1163 1243 616 401
1163 1244 619 402
1163 1245 621 403
1163 1246 625 401
1163 1247 628 404
1163 1248 630 405
1163 1249 632 402
1163 1250 634 404
1316 1332 127 300
1316 1333 129 297
1316 1334 132 295
1316 1335 136 293
1316 1336 140 289
1316 1337 144 288
1316 1338 145 286
1316 1339 146 285
1316 1340 155 283
1316 1341 153 282
1316 1342 157 282
1316 1343 163 281
1316 1344 167 279
1316 1345 170 277
1316 1346 171 276
1316 1347 174 275
1316 1348 177 274
1316 1349 180 272
1316 1350 183 271
1316 1351 184 269
1316 1352 186 267
1316 1353 190 268
1316 1354 192 266
1316 1355 194 266
1316 1356 196 265
1316 1357 196 261
1316 1358 197 260
1348 1380 251 337
1348 1381 253 334
1348 1382 254 338
1348 1383 254 333
1348 1384 257 334
1348 1385 260 336
1348 1386 262 336
1348 1387 261 338
1348 1388 265 338
1348 1389 266 338
1348 1390 269 339
1348 1391 270 338
1348 1392 272 338
1348 1393 274 340
1348 1394 275 339
1348 1395 276 341
1348 1396 278 342
1348 1397 283 347
1348 1398 284 344
1348 1399 285 343
1348 1400 287 343
1348 1401 291 343
1348 1402 292 346
1348 1403 292 345
1348 1404 295 343
1348 1405 299 347
1348 1406 302 347
1348 1407 302 345
1348 1408 305 348
1348 1409 310 349
1348 1410 311 350
1348 1411 311 350
1348 1412 315 349
1348 1413 318 351
1348 1414 320 350
1348 1415 321 345
1348 1416 323 349
1348 1417 325 351
1348 1418 327 353
1348 1419 330 353
1423 1471 463 388
1423 1472 465 383
1423 1473 466 383
1423 1474 473 384
1423 1475 475 384
1423 1476 477 385
1423 1477 480 385
1423 1478 484 384
1423 1479 486 385
1423 1480 489 386
1423 1481 492 386
1423 1482 495 387
1423 1483 498 387
1423 1484 501 388
1423 1485 502 389
1423 1486 505 389
1423 1487 510 390
1423 1488 513 391
1423 1489 514 391
1423 1490 518 390
1423 1491 522 391
1423 1492 526 391
1423 1493 526 392
1423 1494 531 391
1423 1495 534 393
1423 1496 538 394
1423 1497 538 395
1423 1498 541 394
1423 1499 546 394
1423 1500 548 396
1423 1501 550 401
1534 1545 483 267
1534 1546 480 264
1534 1547 474 262
1534 1548 465 262
1534 1549 453 262
1534 1550 444 260
1534 1551 435 260
1534 1552 424 258
1534 1553 413 259
1534 1554 403 258
1534 1555 393 257
1534 1556 384 256
1534 1557 370 255
1534 1558 360 254
1534 1559 352 254
1534 1560 341 251
1534 1561 330 250
1534 1562 322 251
1534 1563 314 249
1534 1564 305 249
1534 1565 295 248
1534 1566 286 247
1534 1567 276 246
1534 1568 267 246
1654 1607 237 247
1654 1608 242 247
1654 1609 256 251
1654 1610 266 252
1654 1611 277 252
1654 1612 287 254
1654 1613 296 254
1654 1614 306 255
1654 1615 315 257
1654 1616 327 257
1654 1617 336 258
1654 1618 346 259
1654 1619 356 259
1654 1620 368 260
1654 1621 377 262
1654 1622 386 263
1654 1623 395 263
1654 1624 407 264
1654 1625 416 264
1654 1626 424 265
1654 1627 435 266
1654 1628 445 267
1654 1629 454 268
1654 1630 462 269
1654 1631 468 269
1654 1632 474 269
1654 1633 478 270
1654 1634 480 270
1730 1700 140 276
1730 1701 138 278
1730 1702 141 275
1730 1703 139 276
1730 1704 138 278
1730 1705 136 279
1730 1706 133 281
1730 1707 132 282
1730 1708 128 284
1730 1709 129 285
1730 1710 126 287
1730 1711 123 289
1730 1712 120 290
1730 1713 119 292
1730 1714 116 292
1730 1715 112 294
1730 1716 110 297
1730 1717 104 300
1730 1718 103 300
1730 1719 100 302
1730 1720 93 305
1730 1721 94 305
1730 1722 90 307
1730 1723 87 309
1730 1724 81 311
1730 1725 79 313
1730 1726 75 315
1730 1727 72 317
1730 1728 67 318
1730 1729 62 320
1730 1730 60 321
1730 1731 55 324
1730 1732 49 324
1730 1733 45 328
1730 1734 39 330
1730 1735 36 331
1730 1736 36 327
1730 1737 32 330
1730 1738 27 331
1730 1739 27 333
2249 2360 3 439
2249 2361 5 438
2249 2362 7 436
2249 2363 10 434
2249 2364 13 433
2249 2365 16 430
2249 2366 18 429
2249 2367 21 428
2249 2368 25 427
2249 2369 28 425
2249 2370 30 423
2249 2371 33 422
2249 2372 36 420
2249 2373 38 419
2249 2374 41 418
2249 2375 43 417
2249 2376 46 415
2249 2377 50 413
2249 2378 52 412
2249 2379 54 411
2249 2380 57 410
2249 2381 60 408
2249 2382 62 407
2249 2383 65 405
2249 2384 69 404
2249 2385 71 402
2249 2386 73 401
2285 2388 78 405
2285 2389 81 397
2285 2390 82 396
2285 2391 85 395
2285 2392 88 394
2285 2393 89 392
2285 2394 92 391
2285 2395 95 391
2285 2396 96 388
2285 2397 98 387
2285 2398 100 386
2285 2399 101 385
2285 2400 104 384
2285 2401 105 382
2285 2402 108 381
2285 2403 109 380
2285 2404 111 379
2285 2405 113 377
2285 2406 116 378
2285 2407 118 376
2285 2408 121 375
2285 2409 123 372
2285 2410 124 372
2285 2411 127 374
2285 2412 129 370
2285 2413 131 369
2285 2414 134 367
2285 2415 135 367
2285 2416 137 365
2285 2417 140 364
2299 2404 3 345
2299 2405 6 342
2299 2406 9 341
2299 2407 11 340
2299 2408 14 339
2299 2409 16 338
2299 2410 18 336
2299 2411 21 337
2299 2412 22 335
2299 2413 25 334
2299 2414 28 333
2299 2415 33 332
2299 2416 37 330
2299 2417 41 327
2299 2418 47 325
2299 2419 52 323
2299 2420 55 322
2299 2421 59 320
2299 2422 64 318
2299 2423 68 317
2299 2424 72 314
2299 2425 77 314
2299 2426 81 310
2299 2427 85 310
2299 2428 89 308
2299 2429 94 306
2299 2430 97 304
2299 2431 93 302
2672 2940 489 268
2672 2941 483 267
2672 2942 479 264
2672 2943 475 263
2672 2944 471 263
2672 2945 461 263
2672 2946 453 262
2672 2947 446 261
2672 2948 437 261
2672 2949 428 260
2672 2950 423 258
2672 2951 416 257
2672 2952 409 257
2672 2953 403 257
2672 2954 396 257
2672 2955 391 256
2672 2956 382 256
2672 2957 373 256
2672 2958 370 255
2672 2959 353 254
2672 2960 355 258
2672 2961 353 258
2672 2962 349 254
2672 2963 339 252
2672 2964 332 252
2672 2965 328 251
2672 2966 322 251
2672 2967 316 250
2672 2968 322 250
2763 3001 168 272
2763 3002 165 274
2763 3003 163 271
2763 3004 165 272
2763 3005 162 273
2763 3006 160 274
2763 3007 158 275
2763 3008 153 277
2763 3009 151 279
2763 3010 148 280
2763 3011 145 282
2763 3012 141 284
2763 3013 137 285
2763 3014 132 287
2763 3015 129 289
2763 3016 126 291
2763 3017 122 292
2763 3018 117 294
2763 3019 113 297
2763 3020 109 302
2763 3021 104 301
2763 3022 99 302
2763 3023 95 304
2763 3024 90 306
2763 3025 86 309
2763 3026 80 311
2763 3027 76 313
2763 3028 68 315
2763 3029 63 317
2763 3030 58 319
2763 3031 51 320
2763 3032 44 322
2763 3033 41 323
2763 3034 35 324
2763 3035 29 324
2763 3036 27 325
2763 3037 24 324
2763 3038 22 324
2763 3039 20 323
2763 3040 18 323
2763 3041 20 323
2763 3042 15 324
2763 3043 13 323
2763 3044 12 323
2763 3045 11 323
2763 3046 9 319
2854 3121 195 281
2854 3122 194 279
2854 3123 197 281
2854 3124 197 280
2854 3125 202 281
2854 3126 206 281
2854 3127 204 282
2854 3128 204 283
2854 3129 204 281
2854 3130 207 282
2854 3131 210 283
2854 3132 208 283
2854 3133 207 284
2854 3134 210 286
2854 3135 213 285
2854 3136 216 286
2854 3137 213 285
2854 3138 217 286
2854 3139 218 287
2854 3140 219 287
2854 3141 220 292
2854 3142 223 292
2854 3143 223 291
2854 3144 225 291
2854 3145 227 294
2854 3146 229 294
2854 3147 230 293
2854 3148 228 294
2854 3149 232 295
2854 3150 233 296
2854 3151 235 297
2854 3152 236 294
2854 3153 238 294
2854 3154 239 295
2854 3155 240 296
2854 3156 241 297
2854 3157 245 298
2854 3158 244 299
2854 3159 246 299
2854 3160 247 299
2854 3161 250 297
2854 3162 250 300
2854 3163 251 300
2854 3164 254 300
2854 3165 255 302
2854 3166 257 303
2854 3167 257 304
2854 3168 258 303
2854 3169 260 300
2854 3170 263 305
2854 3171 264 306
2854 3172 266 306
2854 3173 264 304
3140 3438 168 360
3140 3439 170 359
3140 3440 174 360
3140 3441 176 361
3140 3442 180 362
3140 3443 184 362
3140 3444 187 364
3140 3445 190 364
3140 3446 195 365
3140 3447 199 366
3140 3448 200 368
3140 3449 205 368
3140 3450 208 369
3140 3451 210 371
3140 3452 217 370
3140 3453 222 371
3140 3454 223 371
3140 3455 227 372
3140 3456 232 374
3140 3457 234 376
3140 3458 238 375
3140 3459 244 377
3140 3460 246 378
3140 3461 252 380
3140 3462 256 380
3140 3463 258 381
3140 3464 259 381
3140 3465 264 381
3140 3466 270 384
3140 3467 270 384
3140 3468 276 383
3140 3469 280 384
3140 3470 282 386
3140 3471 285 385
3140 3472 290 386
3140 3473 294 388
3140 3474 296 389
3140 3475 302 390
3140 3476 308 391
3140 3477 309 391
3140 3478 314 392
3140 3479 320 395
3140 3480 323 394
3140 3481 327 394
3140 3482 331 395
3140 3483 337 398
3140 3484 338 399
3140 3485 344 395
3140 3486 350 400
3140 3487 351 400
3140 3488 356 399
3140 3489 361 401
3140 3490 365 401
3140 3491 368 402
3140 3492 376 403
3140 3493 378 405
3140 3494 383 407
3140 3495 386 405
3140 3496 393 407
3140 3497 394 410
3140 3498 398 409
3140 3499 406 411
3140 3500 409 411
3140 3501 411 412
3140 3502 417 412
3140 3503 424 413
3140 3504 425 415
3140 3505 431 415
3140 3506 437 416
3140 3507 441 416
3140 3508 444 416
3140 3509 449 418
3140 3510 454 419
3140 3511 458 420
3140 3512 463 420
3140 3513 469 421
3140 3514 471 423
3140 3515 477 420
3140 3516 483 423
3140 3517 486 426
3140 3518 491 423
3140 3519 496 425
3140 3520 501 428
3140 3521 505 428
3140 3522 510 427
3140 3523 515 429
3140 3524 516 431
3140 3525 524 430
3140 3526 529 433
3140 3527 532 432
3140 3528 537 433
3140 3529 542 434
3140 3530 546 437
3140 3531 549 435
3140 3532 555 436
3140 3533 559 438
3140 3534 562 438
3140 3535 568 438
3140 3536 570 439
3140 3537 575 442
3140 3538 580 443
3140 3539 583 443
3140 3540 585 450
3268 3638 101 290
3268 3639 101 293
3268 3640 102 291
3268 3641 103 295
3268 3642 97 294
3268 3643 98 292
3268 3644 96 294
3268 3645 100 295
3268 3646 101 296
3268 3647 104 293
3268 3648 93 301
3268 3649 91 301
3268 3650 87 303
3268 3651 90 299
3268 3652 81 306
3268 3653 72 308
3268 3654 73 309
3268 3655 63 312
3268 3656 64 313
3268 3657 55 314
3268 3658 50 316
3268 3659 52 319
3268 3660 56 315
3326 3779 433 269
3326 3780 430 273
3326 3781 428 274
3326 3782 424 273
3326 3783 423 272
3326 3784 422 272
3326 3785 419 273
3326 3786 418 272
3326 3787 417 273
3326 3788 415 272
3326 3789 413 274
3326 3790 409 272
3326 3791 408 273
3326 3792 406 270
3326 3793 405 271
3326 3794 401 271
3326 3795 399 270
3326 3796 399 271
3326 3797 397 270
3326 3798 393 270
3326 3799 393 270
3326 3800 390 270
3326 3801 388 268
3326 3802 386 269
3326 3803 384 270
3326 3804 383 270
3326 3805 378 269
3326 3806 378 269
3326 3807 377 268
3326 3808 373 269
3326 3809 370 269
3326 3810 369 268
3326 3811 369 268
3326 3812 366 268
3326 3813 364 268
3326 3814 363 268
3326 3815 360 267
3326 3816 358 267
3326 3817 357 268
3326 3818 355 266
3326 3819 354 266
3326 3820 348 267
3326 3821 348 267
3326 3822 346 268
3326 3823 344 265
3326 3824 341 268
3326 3825 341 267
3326 3826 339 265
3326 3827 337 265
3326 3828 332 267
3326 3829 333 266
3326 3830 331 264
3326 3831 330 268
3326 3832 326 267
3326 3833 325 267
3326 3834 323 267
3326 3835 321 265
3326 3836 320 264
3326 3837 318 265
3326 3838 314 266
3326 3839 312 267
3326 3840 311 264
3326 3841 311 263
3326 3842 307 265
3326 3843 305 263
3326 3844 303 265
3326 3845 302 263
3326 3846 298 264
3326 3847 297 265
3326 3848 296 264
3326 3849 294 264
3326 3850 291 266
3326 3851 290 262
3326 3852 287 262
3326 3853 285 262
3326 3854 285 261
3326 3855 282 262
3326 3856 280 263
3326 3857 278 263
3326 3858 275 262
3326 3859 275 262
3326 3860 273 263
3326 3861 273 265
3326 3862 270 262
3326 3863 268 261
3326 3864 265 260
3326 3865 264 262
3326 3866 262 261
3326 3867 261 261
3326 3868 259 262
3326 3869 257 261
3326 3870 256 260
3326 3871 253 259
3326 3872 251 260
3326 3873 249 261
3326 3874 251 261
3326 3875 246 259
3326 3876 245 260
3326 3877 243 260
3326 3878 242 259
3326 3879 239 260
3326 3880 238 260
3326 3881 237 258
3326 3882 234 260
3326 3883 233 260
3326 3884 235 260
3409 3985 125 289
3409 3986 122 291
3409 3987 117 293
3409 3988 119 292
3409 3989 127 287
3409 3990 123 288
3409 3991 119 293
3409 3992 114 294
3409 3993 107 296
3409 3994 104 298
3409 3995 98 301
3409 3996 87 302
3409 3997 80 308
3409 3998 80 311
3409 3999 71 311
3409 4000 67 316
3409 4001 60 319
3609 4234 396 258
3609 4235 383 259
3609 4236 370 257
3609 4237 359 255
3609 4238 344 255
3609 4239 331 254
3609 4240 320 254
3609 4241 309 253
3609 4242 297 252
3609 4243 285 251
3609 4244 276 250
3609 4245 267 248
3609 4246 257 248
3609 4247 247 248
3609 4248 240 247
3780 4341 373 262
3780 4342 373 265
3780 4343 371 265
3780 4344 370 266
3780 4345 368 266
3780 4346 366 266
3780 4347 365 266
3780 4348 364 267
3780 4349 360 267
3780 4350 359 266
3780 4351 357 267
3780 4352 354 268
3780 4353 352 267
3780 4354 351 268
3780 4355 347 268
3780 4356 346 268
3780 4357 345 269
3780 4358 341 269
3780 4359 338 272
3780 4360 337 269
3780 4361 334 269
3780 4362 332 269
3780 4363 330 271
3780 4364 329 269
3780 4365 325 270
3780 4366 322 270
3780 4367 322 270
3780 4368 317 272
3780 4369 316 270
3780 4370 314 270
3780 4371 311 271
3780 4372 309 272
3780 4373 307 271
3780 4374 304 271
3780 4375 302 271
3780 4376 301 272
3780 4377 299 271
3780 4378 295 271
3780 4379 293 272
3780 4380 291 271
3780 4381 289 271
3780 4382 287 272
3780 4383 285 272
3780 4384 282 270
3780 4385 280 272
3780 4386 278 272
3780 4387 277 272
3780 4388 273 272
3780 4389 272 269
3780 4390 272 268
3780 4391 270 268
3780 4392 275 264
3780 4393 276 263
3780 4394 278 263
3780 4395 279 258
3780 4396 281 263
3780 4397 283 267
3780 4398 282 263
3780 4399 284 263
3780 4400 286 266
3780 4401 288 264
3780 4402 288 266
3780 4403 290 267
3780 4404 286 255
3780 4405 288 256
3780 4406 291 259
3780 4407 286 257
3780 4408 280 257
4250 4864 97 303
4250 4865 100 295
4250 4866 94 300
4250 4867 95 300
4250 4868 90 301
4250 4869 90 302
4250 4870 84 304
4250 4871 82 306
4250 4872 77 309
4250 4873 73 310
4250 4874 65 312
4250 4875 65 315
4250 4876 60 317
4250 4877 52 319
4250 4878 48 322
4250 4879 46 324
4250 4880 38 324
4250 4881 34 328
4250 4882 32 330
4250 4883 26 329
4250 4884 18 330
4250 4885 20 332
4250 4886 18 333
4250 4887 24 328
4368 5092 293 256
4368 5093 297 256
4368 5094 309 257
4368 5095 320 257
4368 5096 331 259
4368 5097 345 260
4368 5098 358 261
4368 5099 370 261
4368 5100 383 264
4368 5101 400 265
4368 5102 415 266
4368 5103 422 266
4368 5104 434 268
4368 5105 448 269
4368 5106 460 270
4368 5107 468 271
4368 5108 474 271
4455 5169 260 353
4455 5170 262 352
4455 5171 264 352
4455 5172 266 352
4455 5173 270 354
4455 5174 269 353
4455 5175 272 354
4455 5176 273 355
4455 5177 275 356
4455 5178 278 357
4455 5179 282 358
4455 5180 283 361
4455 5181 284 359
4455 5182 286 360
4455 5183 290 361
4455 5184 291 365
4455 5185 296 361
4455 5186 296 364
4455 5187 300 364
4455 5188 302 365
4455 5189 304 366
4455 5190 307 367
4455 5191 308 368
4455 5192 310 368
4455 5193 313 371
4455 5194 311 375
4455 5195 319 372
4455 5196 321 374
4455 5197 322 372
4455 5198 325 373
4455 5199 327 374
4455 5200 329 375
4455 5201 331 375
4455 5202 335 377
4455 5203 339 378
4455 5204 342 378
4455 5205 344 378
4455 5206 346 380
4455 5207 348 381
4455 5208 350 381
4455 5209 354 379
4455 5210 358 384
4455 5211 358 384
4455 5212 362 384
4455 5213 364 385
4455 5214 367 386
4455 5215 369 387
4455 5216 370 387
4455 5217 375 387
4455 5218 379 390
4455 5219 381 391
4455 5220 385 392
4455 5221 387 392
4455 5222 391 393
4455 5223 392 394
4455 5224 395 394
4455 5225 399 396
4455 5226 402 399
4455 5227 407 398
4455 5228 407 398
4455 5229 411 399
4455 5230 415 400
4455 5231 416 401
4455 5232 421 402
4455 5233 424 403
4455 5234 429 403
4455 5235 431 404
4455 5236 434 405
4455 5237 438 405
4455 5238 440 401
4526 5218 163 253
4526 5219 166 250
4526 5220 168 252
4526 5221 169 253
4526 5222 168 254
4526 5223 170 256
4526 5224 168 256
4526 5225 169 258
4526 5226 167 259
4526 5227 168 261
4526 5228 168 262
4526 5229 168 260
4526 5230 166 264
4526 5231 164 264
4526 5232 163 265
4526 5233 162 266
4526 5234 160 267
4526 5235 157 268
4526 5236 156 269
4526 5237 154 272
4526 5238 152 273
4526 5239 152 273
4526 5240 151 273
4526 5241 147 278
4526 5242 142 279
4526 5243 144 278
4526 5244 140 279
4526 5245 138 281
4526 5246 134 284
4526 5247 130 286
4526 5248 122 291
4526 5249 124 287
4526 5250 120 290
4526 5251 129 284
4547 5238 440 414
4547 5239 442 408
4547 5240 448 408
4547 5241 450 409
4547 5242 455 410
4547 5243 458 410
4547 5244 461 411
4547 5245 464 412
4547 5246 465 413
4547 5247 470 413
4547 5248 473 413
4547 5249 478 416
4547 5250 479 416
4547 5251 485 418
4547 5252 487 418
4547 5253 490 418
4547 5254 493 419
4547 5255 497 420
4547 5256 502 422
4547 5257 503 424
4547 5258 508 423
4547 5259 513 423
4547 5260 516 427
4547 5261 518 425
4547 5262 522 426
4547 5263 526 431
4547 5264 531 429
4547 5265 533 429
4547 5266 538 429
4547 5267 541 429
4547 5268 544 430
4547 5269 546 431
4547 5270 550 431
4547 5271 554 433
4547 5272 559 434
4547 5273 562 435
4547 5274 564 432
4547 5275 566 435
4547 5276 572 437
4547 5277 574 438
4547 5278 580 435
4547 5279 584 440
4547 5280 586 441
4547 5281 589 441
4547 5282 591 444
4547 5283 596 442
4547 5284 599 443
4547 5285 601 442
4547 5286 605 444
4547 5287 612 446
4547 5288 614 446
4547 5289 616 445
4547 5290 619 446
4547 5291 625 447
4547 5292 627 448
4547 5293 628 448
4547 5294 633 449
4547 5295 634 451
4547 5296 636 451
4568 5256 229 288
4568 5257 231 290
4568 5258 232 291
4568 5259 234 290
4568 5260 234 291
4568 5261 235 295
4568 5262 237 295
4568 5263 238 296
4568 5264 239 295
4568 5265 240 294
4568 5266 242 296
4568 5267 243 297
4568 5268 242 297
4568 5269 245 298
4568 5270 247 298
4568 5271 248 300
4568 5272 250 298
4568 5273 251 302
4568 5274 252 302
4568 5275 253 298
4568 5276 255 301
4568 5277 257 302
4568 5278 258 302
4568 5279 260 306
4568 5280 262 307
4568 5281 262 306
4568 5282 264 304
4568 5283 266 306
4568 5284 266 309
4568 5285 267 307
4568 5286 268 306
4568 5287 270 311
4568 5288 272 313
4568 5289 273 310
4568 5290 274 311
4568 5291 274 311
4568 5292 275 312
4568 5293 277 314
4568 5294 280 315
4568 5295 282 316
4568 5296 284 315
4568 5297 284 315
4670 5329 340 347
4670 5330 341 347
4670 5331 343 343
4670 5332 345 349
4670 5333 346 347
4670 5334 351 351
4670 5335 351 349
4670 5336 353 352
4670 5337 357 353
4670 5338 358 354
4670 5339 361 350
4670 5340 362 353
4670 5341 365 356
4670 5342 365 358
4670 5343 368 357
4670 5344 370 360
4670 5345 374 357
4670 5346 374 364
4670 5347 377 358
4670 5348 379 362
4670 5349 382 361
4670 5350 384 366
4670 5351 385 366
4670 5352 389 369
4670 5353 391 368
4670 5354 392 370
4670 5355 396 372
4670 5356 396 371
4670 5357 400 370
4670 5358 402 375
4670 5359 405 380
4670 5360 406 386
4670 5361 406 388
4677 5360 407 373
4677 5361 410 375
4677 5362 413 380
4677 5363 415 379
4677 5364 417 378
4677 5365 420 381
4677 5366 422 384
4677 5367 425 386
4677 5368 428 385
4677 5369 431 384
4677 5370 434 390
4677 5371 434 396
4677 5372 439 399
4677 5373 442 393
4677 5374 444 393
4677 5375 448 395
4677 5376 451 398
4677 5377 453 398
4677 5378 456 399
4677 5379 459 395
4677 5380 462 395
4677 5381 463 401
4677 5382 466 405
4677 5383 471 405
4677 5384 474 408
4677 5385 477 404
4677 5386 480 408
4677 5387 483 405
4677 5388 486 406
4677 5389 487 410
4677 5390 491 412
4677 5391 494 413
4677 5392 497 418
4677 5393 500 420
4677 5394 504 416
4677 5395 507 420
4677 5396 510 420
4677 5397 513 419
4677 5398 516 423
4677 5399 520 426
4677 5400 521 430
4677 5401 525 432
4677 5402 529 431
4677 5403 531 433
4677 5404 536 430
4677 5405 540 435
4677 5406 542 433
4677 5407 546 435
4677 5408 550 436
4677 5409 553 440
4677 5410 555 443
4677 5411 557 445
4677 5412 565 440
4677 5413 567 441
4677 5414 570 443
4677 5415 571 450
4677 5416 578 450
4677 5417 581 455
4677 5418 584 454
4677 5419 584 456
4677 5420 592 453
4677 5421 594 458
4677 5422 599 456
4677 5423 603 460
4677 5424 607 460
4677 5425 610 460
4677 5426 613 464
4677 5427 617 465
4677 5428 621 466
4677 5429 625 464
4677 5430 627 466
4677 5431 631 468
4677 5432 633 469
4677 5433 635 472
5032 6119 159 280
5032 6120 159 282
5032 6121 161 280
5032 6122 162 280
5032 6123 164 279
5032 6124 165 281
5032 6125 166 280
5032 6126 168 279
5032 6127 169 279
5032 6128 171 279
5032 6129 172 278
5032 6130 174 276
5032 6131 176 276
5032 6132 177 276
5032 6133 179 277
5032 6134 181 276
5032 6135 181 276
5032 6136 183 275
5032 6137 185 275
5032 6138 186 247
5032 6139 191 247
5032 6140 202 248
5032 6141 196 246
5032 6142 194 247
5315 6471 380 386
5315 6472 380 385
5315 6473 379 384
5315 6474 376 382
5315 6475 374 383
5315 6476 370 382
5315 6477 370 379
5315 6478 366 378
5315 6479 363 377
5315 6480 362 376
5315 6481 359 374
5315 6482 356 374
5315 6483 353 374
5315 6484 353 371
5315 6485 350 370
5315 6486 346 370
5315 6487 344 369
5315 6488 343 366
5315 6489 340 364
5315 6490 337 364
5315 6491 336 365
5315 6492 334 362
5315 6493 332 362
5315 6494 328 361
5315 6495 326 361
5315 6496 326 359
5315 6497 323 362
5328 6500 315 355
5328 6501 316 358
5328 6502 312 353
5328 6503 309 353
5328 6504 309 351
5328 6505 307 349
5328 6506 304 350
5328 6507 304 348
5328 6508 302 347
5328 6509 300 347
5328 6510 296 348
5328 6511 295 346
5328 6512 293 344
5328 6513 291 340
5328 6514 292 337
5328 6515 291 340
5328 6516 287 340
5328 6517 285 340
5328 6518 279 343
5328 6519 281 339
5328 6520 279 339
5328 6521 277 335
5328 6522 274 337
5328 6523 274 336
5328 6524 273 333
5328 6525 271 335
5328 6526 268 334
5328 6527 267 334
5328 6528 267 333
5328 6529 264 327
5328 6530 262 330
5328 6531 261 332
5328 6532 259 330
5328 6533 260 331
5328 6534 261 330
5367 6532 295 257
5367 6533 307 257
5367 6534 318 258
5367 6535 332 260
5367 6536 346 260
5367 6537 359 260
5367 6538 371 262
5367 6539 386 263
5367 6540 398 264
5367 6541 411 265
5367 6542 426 266
5367 6543 438 267
5367 6544 450 269
5367 6545 465 269
5367 6546 472 270
5367 6547 479 271
5367 6548 487 268
5449 6603 237 251
5449 6604 239 251
5449 6605 250 251
5449 6606 265 253
5449 6607 278 253
5449 6608 291 256
5449 6609 303 257
5449 6610 318 257
5449 6611 330 259
5449 6612 343 259
5449 6613 360 261
5449 6614 375 261
5449 6615 389 263
5449 6616 403 265
5449 6617 420 266
5449 6618 437 268
5449 6619 448 269
5449 6620 464 271
5449 6621 472 270
5449 6622 481 272
5468 6631 486 266
5468 6632 480 263
5468 6633 476 264
5468 6634 466 263
5468 6635 452 262
5468 6636 438 261
5468 6637 426 259
5468 6638 414 259
5468 6639 399 258
5468 6640 389 257
5468 6641 378 256
5468 6642 366 255
5468 6643 355 253
5468 6644 361 260
5732 6890 130 287
5732 6891 126 290
5732 6892 122 291
5732 6893 120 293
5732 6894 116 294
5732 6895 114 297
5732 6896 110 298
5732 6897 106 300
5732 6898 104 300
5732 6899 98 303
5732 6900 95 305
5732 6901 93 307
5732 6902 84 313
5732 6903 81 313
5732 6904 76 314
5732 6905 72 315
5732 6906 68 317
5732 6907 65 320
5732 6908 63 322
5732 6909 55 324
5732 6910 50 326
5732 6911 44 328
5732 6912 42 330
5732 6913 38 330
5732 6914 32 333
5732 6915 34 337
5786 7066 127 279
5786 7067 128 281
5786 7068 128 279
5786 7069 130 279
5786 7070 133 278
5786 7071 133 278
5786 7072 135 281
5786 7073 137 278
5786 7074 138 280
5786 7075 139 281
5786 7076 141 280
5786 7077 142 282
5786 7078 143 283
5786 7079 143 281
5786 7080 146 280
5786 7081 147 281
5786 7082 148 280
5786 7083 150 279
5786 7084 152 279
5786 7085 153 278
5786 7086 154 278
5786 7087 155 280
5786 7088 157 279
5786 7089 158 279
5786 7090 160 280
5786 7091 160 277
5786 7092 163 279
5786 7093 165 278
5786 7094 166 278
5786 7095 167 278
5786 7096 168 280
5786 7097 172 280
5786 7098 172 280
5786 7099 174 277
5786 7100 176 274
5786 7101 177 276
5786 7102 177 274
5786 7103 179 274
5786 7104 181 276
5786 7105 183 274
5786 7106 184 274
5786 7107 186 274
5786 7108 188 276
5786 7109 188 275
5786 7110 189 273
5786 7111 192 273
5786 7112 194 273
5786 7113 195 273
5786 7114 197 275
5786 7115 199 274
5786 7116 198 276
5786 7117 202 272
5786 7118 203 273
5786 7119 204 273
5786 7120 208 273
5786 7121 209 272
5786 7122 210 272
5786 7123 212 271
5786 7124 214 272
5786 7125 215 271
5786 7126 217 271
5786 7127 219 271
5786 7128 220 270
5786 7129 221 271
5786 7130 224 271
5786 7131 226 271
5786 7132 227 274
5786 7133 230 270
5786 7134 230 273
5786 7135 233 269
5786 7136 234 269
5786 7137 235 269
5786 7138 236 269
5786 7139 238 270
5786 7140 241 269
5786 7141 242 270
5786 7142 244 269
5786 7143 246 270
5786 7144 247 269
5786 7145 249 268
5786 7146 251 269
5786 7147 252 270
5786 7148 253 268
5786 7149 255 268
5786 7150 258 270
5786 7151 260 269
5786 7152 260 268
5786 7153 262 269
5786 7154 264 270
5786 7155 265 270
5786 7156 267 269
5786 7157 268 269
5786 7158 271 270
5786 7159 273 270
5786 7160 273 269
5786 7161 275 269
5786 7162 275 269
5786 7163 279 270
5786 7164 280 270
5786 7165 283 270
5786 7166 283 269
5786 7167 285 270
5786 7168 288 270
5786 7169 288 270
5786 7170 289 270
5786 7171 291 269
5786 7172 293 271
5786 7173 294 270
5786 7174 295 271
5786 7175 297 271
5786 7176 299 271
5786 7177 301 271
5786 7178 301 270
5786 7179 303 271
5786 7180 304 271
5786 7181 307 270
5786 7182 309 273
5786 7183 309 271
5786 7184 312 272
5786 7185 314 272
5786 7186 315 273
5786 7187 315 271
5786 7188 317 272
5786 7189 319 272
5786 7190 321 270
5786 7191 323 272
5786 7192 324 271
5786 7193 326 272
5980 7406 285 253
5980 7407 290 254
5980 7408 298 255
5980 7409 310 256
5980 7410 319 256
5980 7411 330 257
5980 7412 341 258
5980 7413 352 259
5980 7414 363 259
5980 7415 372 260
5980 7416 383 261
5980 7417 395 262
5980 7418 406 264
5980 7419 415 265
5980 7420 426 265
5980 7421 437 266
5980 7422 446 266
5980 7423 457 269
5980 7424 466 268
5980 7425 472 270
5980 7426 477 270
5980 7427 483 271
6257 8050 486 266
6257 8051 482 264
6257 8052 476 264
6257 8053 474 264
6257 8054 467 264
6257 8055 459 263
6257 8056 450 262
6257 8057 440 262
6257 8058 430 261
6257 8059 423 260
6257 8060 415 259
6257 8061 404 259
6257 8062 396 258
6257 8063 388 257
6257 8064 378 256
6257 8065 369 256
6257 8066 361 255
6257 8067 363 254
6263 8069 443 266
6263 8070 443 262
6263 8071 434 260
6263 8072 424 258
6263 8073 417 259
6263 8074 408 258
6263 8075 399 258
6263 8076 391 257
6263 8077 385 256
6263 8078 375 256
6263 8079 367 255
6263 8080 361 254
6263 8081 353 254
6263 8082 345 254
6263 8083 338 252
6263 8084 331 252
6263 8085 324 252
6263 8086 326 256
6263 8087 326 249
6263 8088 318 250
6284 8090 484 264
6284 8091 479 264
6284 8092 468 263
6284 8093 465 261
6284 8094 488 271
6284 8095 484 267
6284 8096 483 265
6284 8097 477 264
6284 8098 471 263
6284 8099 465 263
6284 8100 457 264
6284 8101 448 263
6284 8102 438 262
6284 8103 430 261
6284 8104 423 262
6284 8105 414 260
6284 8106 405 260
6284 8107 396 258
6284 8108 390 258
6284 8109 381 257
6284 8110 373 256
6284 8111 367 256
6284 8112 357 255
6284 8113 351 255
6284 8114 344 255
6284 8115 336 254
6284 8116 327 254
6284 8117 320 252
6284 8118 314 252
6284 8119 305 251
6284 8120 299 250
6284 8121 295 249
6284 8122 270 252
6284 8123 262 249
6284 8124 266 251
6284 8125 272 253
6284 8126 275 253
6284 8127 280 253
6358 8157 197 256
6358 8158 195 261
6358 8159 191 261
6358 8160 189 263
6358 8161 183 263
6358 8162 176 264
6358 8163 175 266
6358 8164 175 268
6358 8165 171 269
6358 8166 168 268
6358 8167 165 269
6358 8168 163 273
6358 8169 160 273
6358 8170 155 271
6358 8171 153 276
6358 8172 149 278
6358 8173 146 276
6358 8174 144 280
6358 8175 141 280
6358 8176 137 284
6358 8177 135 285
6358 8178 132 286
6358 8179 128 288
6368 8177 113 294
6368 8178 109 293
6368 8179 106 295
6368 8180 103 298
6368 8181 102 297
6368 8182 97 301
6368 8183 93 305
6368 8184 91 302
6368 8185 88 304
6368 8186 84 306
6368 8187 82 309
6368 8188 85 307
6368 8189 74 311
6368 8190 70 313
6368 8191 66 314
6368 8192 62 316
6368 8193 57 318
6368 8194 52 320
6368 8195 50 322
6368 8196 43 324
6368 8197 39 326
6368 8198 35 328
6368 8199 30 330
6368 8200 25 333
6368 8201 20 334
6368 8202 15 334
6368 8203 12 335
6368 8204 12 335
6368 8205 8 335
6386 8202 447 360
6386 8203 449 363
6386 8204 445 362
6386 8205 443 361
6386 8206 443 361
6386 8207 441 360
6386 8208 440 357
6386 8209 438 357
6386 8210 435 357
6386 8211 435 357
6386 8212 434 356
6386 8213 432 356
6386 8214 427 352
6386 8215 426 351
6386 8216 424 351
6386 8217 422 351
6386 8218 420 351
6386 8219 417 350
6386 8220 415 347
6386 8221 413 347
6386 8222 411 347
6386 8223 410 347
6386 8224 409 347
6386 8225 407 345
6386 8226 405 345
6386 8227 402 344
6386 8228 401 344
6386 8229 399 343
6386 8230 397 342
6386 8231 395 341
6386 8232 394 341
6386 8233 392 340
6386 8234 390 340
6386 8235 387 340
6386 8236 382 339
6386 8237 383 338
6386 8238 382 339
6386 8239 381 337
6386 8240 380 337
6386 8241 377 336
6386 8242 373 335
6386 8243 377 334
6416 8271 323 316
6416 8272 328 319
6416 8273 330 319
6416 8274 331 319
6416 8275 335 317
6416 8276 329 317
6416 8277 328 316
6416 8278 325 317
6416 8279 325 315
6416 8280 323 315
6416 8281 322 315
6416 8282 320 315
6416 8283 320 313
6416 8284 317 313
6416 8285 316 314
6416 8286 314 314
6416 8287 313 311
6416 8288 312 312
6416 8289 309 311
6416 8290 309 312
6416 8291 308 310
6416 8292 306 312
6416 8293 303 310
6416 8294 298 310
6416 8295 301 308
6416 8296 298 305
6416 8297 299 307
6416 8298 298 308
6416 8299 295 307
6416 8300 297 307
6416 8301 293 307
6416 8302 293 305
6416 8303 290 305
6416 8304 290 305
6416 8305 289 304
6416 8306 288 304
6416 8307 286 304
6416 8308 284 303
6416 8309 283 303
6416 8310 281 303
6416 8311 280 303
6416 8312 276 302
6416 8313 278 301
6416 8314 276 301
6416 8315 276 301
6416 8316 274 301
6416 8317 272 300
6416 8318 272 299
6416 8319 270 301
6416 8320 268 300
6416 8321 267 299
6416 8322 266 299
6416 8323 263 299
6416 8324 260 298
6416 8325 259 298
6416 8326 257 298
6416 8327 259 297
6416 8328 257 297
6416 8329 257 297
6416 8330 255 296
6416 8331 254 296
6416 8332 254 295
6416 8333 250 294
6416 8334 251 296
6416 8335 250 293
6416 8336 248 296
6416 8337 247 294
6416 8338 246 296
6438 8366 593 405
6438 8367 591 402
6438 8368 588 403
6438 8369 588 401
6438 8370 581 402
6438 8371 577 402
6438 8372 578 398
6438 8373 571 398
6438 8374 568 398
6438 8375 566 397
6438 8376 563 393
6438 8377 559 396
6438 8378 554 396
6438 8379 553 393
6438 8380 550 393
6438 8381 545 393
6438 8382 542 392
6438 8383 540 391
6438 8384 536 391
6438 8385 531 391
6438 8386 530 390
6438 8387 529 388
6438 8388 524 388
6438 8389 519 386
6438 8390 519 386
6438 8391 516 386
6438 8392 510 385
6438 8393 507 385
6438 8394 506 382
6438 8395 503 383
6438 8396 498 382
6438 8397 496 384
6438 8398 492 380
6438 8399 490 381
6438 8400 485 378
6438 8401 484 378
6438 8402 480 378
6438 8403 477 377
6438 8404 474 377
6438 8405 472 375
6438 8406 469 374
6438 8407 465 373
6438 8408 463 374
6438 8409 460 372
6438 8410 460 374
6462 8410 457 372
6462 8411 453 371
6462 8412 451 370
6462 8413 449 368
6462 8414 446 367
6462 8415 443 367
6462 8416 439 366
6462 8417 438 365
6462 8418 435 364
6462 8419 432 365
6462 8420 430 362
6462 8421 428 361
6462 8422 424 361
6462 8423 421 360
6462 8424 419 357
6462 8425 417 358
6462 8426 413 357
6462 8427 412 356
6462 8428 410 358
6462 8429 406 354
6462 8430 404 355
6462 8431 401 353
6462 8432 399 352
6462 8433 395 351
6462 8434 394 351
6462 8435 392 350
6462 8436 388 349
6462 8437 385 346
6462 8438 382 348
6462 8439 381 346
6462 8440 379 346
6462 8441 376 345
6462 8442 375 344
6462 8443 373 342
6462 8444 369 343
6462 8445 367 342
6462 8446 365 339
6462 8447 362 340
6462 8448 359 340
6462 8449 359 339
6462 8450 356 338
6462 8451 353 337
6462 8452 351 336
6462 8453 350 339
6497 8467 319 325
6497 8468 318 325
6497 8469 317 324
6497 8470 315 322
6497 8471 313 323
6497 8472 311 321
6497 8473 309 321
6497 8474 306 320
6497 8475 303 318
6497 8476 298 316
6497 8477 294 315
6497 8478 292 315
6497 8479 291 314
6497 8480 290 313
6497 8481 288 313
6497 8482 286 312
6497 8483 285 312
6497 8484 284 313
6497 8485 281 311
6497 8486 279 310
6497 8487 277 308
6497 8488 275 308
6497 8489 274 309
6497 8490 273 308
6497 8491 271 305
6497 8492 269 307
6497 8493 267 306
6497 8494 266 304
6497 8495 263 304
6497 8496 261 303
6497 8497 262 303
6497 8498 260 301
6497 8499 258 301
6497 8500 256 301
6497 8501 255 301
6497 8502 253 306
6592 8658 289 255
6592 8659 296 256
6592 8660 309 257
6592 8661 319 257
6592 8662 328 258
6592 8663 340 259
6592 8664 353 260
6592 8665 362 259
6592 8666 372 259
6592 8667 383 261
6592 8668 394 264
6592 8669 403 264
6592 8670 414 265
6592 8671 425 266
6592 8672 434 266
6592 8673 443 267
6592 8674 454 269
6592 8675 449 268
6757 9070 448 263
6757 9071 432 262
6757 9072 418 259
6757 9073 405 260
6757 9074 389 257
6757 9075 375 257
6757 9076 362 255
6757 9077 350 254
6757 9078 334 254
6757 9079 320 252
6757 9080 307 251
6780 9119 249 251
6780 9120 253 251
6780 9121 262 251
6780 9122 276 252
6780 9123 287 254
6780 9124 307 254
6780 9125 315 256
6780 9126 323 257
6780 9127 325 256
6780 9128 353 258
6780 9129 368 260
6780 9130 381 260
6780 9131 394 261
6780 9132 409 262
6780 9133 426 263
6780 9134 438 265
6780 9135 452 266
6780 9136 463 268
6780 9137 475 268
6780 9138 477 272
7031 9548 449 261
7031 9549 436 264
7031 9550 418 258
7031 9551 404 258
7031 9552 388 257
7031 9553 371 255
7031 9554 358 254
7031 9555 345 251
7031 9556 329 251
7031 9557 321 255
7033 9555 485 359
7033 9556 483 360
7033 9557 480 360
7033 9558 478 363
7033 9559 473 364
7033 9560 471 364
7033 9561 468 361
7033 9562 466 361
7033 9563 463 363
7033 9564 460 365
7033 9565 457 363
7033 9566 453 364
7033 9567 449 364
7033 9568 446 364
7033 9569 443 364
7033 9570 440 365
7033 9571 437 365
7033 9572 435 366
7033 9573 431 365
7033 9574 425 368
7033 9575 423 365
7033 9576 421 366
7033 9577 417 365
7033 9578 414 367
7033 9579 411 369
7033 9580 407 368
7033 9581 403 367
7033 9582 400 372
7033 9583 396 370
7033 9584 393 368
7033 9585 390 369
7033 9586 387 369
7033 9587 382 370
7033 9588 378 371
7033 9589 375 375
7033 9590 373 371
7033 9591 370 372
7033 9592 366 372
7033 9593 364 373
7033 9594 359 375
7033 9595 358 373
7033 9596 353 375
7033 9597 350 377
7033 9598 346 375
7033 9599 344 375
7033 9600 341 378
7033 9601 338 377
7033 9602 333 378
7033 9603 330 378
7033 9604 326 380
7033 9605 323 384
7033 9606 320 380
7033 9607 317 380
7033 9608 313 381
7033 9609 309 381
7033 9610 305 384
7033 9611 304 383
7033 9612 299 385
7033 9613 295 384
7033 9614 293 383
7033 9615 290 384
7033 9616 291 387
7114 9616 285 385
7114 9617 282 386
7114 9618 279 387
7114 9619 276 388
7114 9620 272 389
7114 9621 268 387
7114 9622 265 389
7114 9623 261 388
7114 9624 258 393
7114 9625 252 390
7114 9626 250 390
7114 9627 246 392
7114 9628 243 391
7114 9629 238 390
7114 9630 234 390
7114 9631 231 392
7114 9632 227 393
7114 9633 224 392
7114 9634 221 395
7114 9635 216 393
7114 9636 212 392
7114 9637 208 392
7114 9638 205 394
7114 9639 201 393
7114 9640 197 395
7114 9641 194 395
7114 9642 190 396
7114 9643 186 398
7114 9644 183 396
7114 9645 179 392
7114 9646 175 395
7114 9647 172 399
7114 9648 168 394
7114 9649 166 398
7114 9650 161 399
7114 9651 156 397
7114 9652 154 397
7114 9653 149 396
7114 9654 146 397
7114 9655 142 398
7114 9656 138 397
7114 9657 135 398
7114 9658 131 398
7114 9659 128 397
7114 9660 124 397
7114 9661 120 399
7114 9662 118 401
7114 9663 113 403
7114 9664 111 400
7114 9665 105 400
7114 9666 103 401
7114 9667 99 402
7114 9668 94 402
7114 9669 91 403
7114 9670 89 404
7114 9671 85 403
7114 9672 82 403
7114 9673 78 404
7114 9674 74 403
7114 9675 71 402
7114 9676 67 403
7114 9677 64 405
7114 9678 59 404
7114 9679 55 405
7114 9680 54 408
7114 9681 52 410
7114 9682 46 409
7114 9683 41 406
7114 9684 40 408
7114 9685 37 407
7114 9686 34 408
7160 9776 3 464
7160 9777 4 463
7160 9778 5 461
7160 9779 7 465
7160 9780 8 462
7160 9781 9 460
7160 9782 12 457
7160 9783 14 461
7160 9784 18 458
7160 9785 20 455
7160 9786 23 453
7160 9787 24 452
7160 9788 26 453
7160 9789 29 448
7160 9790 31 447
7160 9791 35 450
7160 9792 38 447
7160 9793 41 445
7160 9794 43 440
7160 9795 45 442
7160 9796 48 443
7160 9797 50 438
7160 9798 53 438
7160 9799 56 435
7160 9800 59 433
7160 9801 61 435
7160 9802 64 434
7160 9803 66 437
7160 9804 68 432
7160 9805 71 432
7160 9806 74 428
7160 9807 76 432
7160 9808 79 431
7160 9809 81 427
7160 9810 83 429
7160 9811 86 428
7160 9812 88 421
7160 9813 91 423
7160 9814 93 424
7160 9815 95 422
7160 9816 98 421
7160 9817 100 419
7160 9818 102 416
7160 9819 105 416
7160 9820 108 420
7160 9821 110 414
7160 9822 112 413
7160 9823 115 414
7160 9824 118 410
7160 9825 120 410
7160 9826 122 411
7160 9827 125 414
7160 9828 128 410
7160 9829 132 410
7160 9830 133 408
7160 9831 135 407
7160 9832 137 408
7160 9833 139 407
7160 9834 142 406
7160 9835 144 405
7160 9836 147 403
7160 9837 148 401
7160 9838 151 402
7160 9839 152 401
7160 9840 153 401
7160 9841 156 399
7160 9842 158 398
7160 9843 159 397
7160 9844 161 400
7160 9845 162 395
7160 9846 165 394
7160 9847 166 391
7160 9848 168 394
7160 9849 170 393
7160 9850 173 392
7160 9851 174 387
7160 9852 176 389
7160 9853 178 388
7160 9854 179 386
7160 9855 181 389
7160 9856 184 388
7160 9857 186 388
7160 9858 188 385
7160 9859 190 381
7160 9860 191 383
7160 9861 192 380
7160 9862 194 380
7160 9863 198 378
7160 9864 200 377
7160 9865 201 376
7160 9866 203 379
7160 9867 205 374
7160 9868 206 374
7160 9869 207 374
7160 9870 210 371
7160 9871 213 371
7160 9872 215 369
7160 9873 217 372
7160 9874 219 371
7160 9875 221 367
7160 9876 221 364
7160 9877 224 365
7160 9878 227 367
7160 9879 231 371
7167 9799 524 445
7167 9800 522 446
7167 9801 521 444
7167 9802 518 442
7167 9803 512 440
7167 9804 510 440
7167 9805 508 440
7167 9806 505 438
7167 9807 500 436
7167 9808 497 435
7167 9809 495 435
7167 9810 493 431
7167 9811 488 432
7167 9812 485 431
7167 9813 483 431
7167 9814 480 434
7167 9815 476 428
7167 9816 472 427
7167 9817 470 427
7167 9818 469 426
7167 9819 466 425
7167 9820 461 424
7167 9821 458 424
7167 9822 458 419
7167 9823 453 422
7167 9824 448 420
7167 9825 446 420
7167 9826 445 419
7167 9827 443 414
7167 9828 438 415
7167 9829 438 416
7167 9830 437 415
7167 9831 432 413
7167 9832 429 412
7167 9833 425 412
7167 9834 424 410
7167 9835 422 409
7167 9836 418 407
7167 9837 416 406
7167 9838 414 407
7167 9839 413 402
7167 9840 408 404
7167 9841 404 403
7167 9842 402 402
7167 9843 401 401
7167 9844 398 400
7167 9845 394 399
7167 9846 392 400
7167 9847 390 396
7167 9848 386 397
7167 9849 382 396
7167 9850 381 395
7167 9851 379 394
7167 9852 376 394
7167 9853 372 392
7167 9854 371 390
7167 9855 370 392
7167 9856 365 390
7167 9857 362 389
7167 9858 360 388
7167 9859 359 388
7167 9860 356 386
7167 9861 353 385
7167 9862 351 387
7167 9863 349 384
7167 9864 347 383
7167 9865 344 382
7167 9866 342 383
7167 9867 341 381
7167 9868 339 381
7167 9869 336 379
7167 9870 334 379
7167 9871 333 376
7167 9872 331 374
7167 9873 327 375
7167 9874 325 375
7167 9875 325 374
7167 9876 322 371
7167 9877 321 372
7167 9878 319 370
7167 9879 318 369
7167 9880 317 369
7167 9881 314 368
7167 9882 312 367
7167 9883 310 368
7167 9884 309 365
7167 9885 307 362
7167 9886 306 363
7167 9887 305 364
7167 9888 303 365
7167 9889 301 361
7167 9890 299 360
7167 9891 298 360
7167 9892 296 359
7167 9893 294 358
7167 9894 292 358
7167 9895 290 358
7167 9896 289 357
7167 9897 287 355
7167 9898 284 355
7167 9899 281 354
7167 9900 281 354
7167 9901 279 353
7167 9902 272 351
7167 9903 272 350
7167 9904 272 350
7167 9905 270 346
7167 9906 269 348
7167 9907 263 348
7167 9908 263 350
7167 9909 261 348
7167 9910 259 347
7167 9911 257 347
7167 9912 255 347
7167 9913 253 345
7167 9914 251 347
7167 9915 249 343
7167 9916 248 343
7167 9917 246 342
7167 9918 244 342
7167 9919 243 340
7167 9920 241 339
7167 9921 240 338
7167 9922 237 339
7167 9923 235 337
7167 9924 235 338
7167 9925 233 337
7167 9926 231 335
7167 9927 229 335
7167 9928 228 335
7167 9929 226 335
7167 9930 225 334
7167 9931 222 333
7167 9932 221 333
7167 9933 220 332
7167 9934 218 331
7167 9935 216 331
7167 9936 215 331
7167 9937 212 331
7167 9938 211 329
7167 9939 209 328
7167 9940 208 328
7167 9941 207 328
7167 9942 205 327
7167 9943 203 326
7167 9944 203 326
7167 9945 202 326
7167 9946 200 325
7167 9947 199 323
7167 9948 197 322
7167 9949 196 322
7167 9950 195 323
7167 9951 194 321
7167 9952 193 321
7167 9953 192 321
7167 9954 190 318
7167 9955 189 320
7167 9956 187 319
7167 9957 187 318
7167 9958 186 318
7167 9959 182 313
7167 9960 185 316
7167 9961 183 314
7167 9962 181 313
7167 9963 181 313
7167 9964 180 313
7167 9965 178 313
7167 9966 177 307
7167 9967 175 309
7167 9968 173 312
7167 9969 173 310
7167 9970 173 307
7167 9971 171 311
7167 9972 170 311
7167 9973 168 310
7167 9974 165 309
7167 9975 164 309
7167 9976 163 306
7167 9977 161 305
7167 9978 159 306
7167 9979 160 303
7167 9980 158 304
7167 9981 156 303
7167 9982 155 302
7167 9983 154 302
7167 9984 153 300
7167 9985 151 302
7167 9986 150 301
7167 9987 150 300
7167 9988 147 299
7167 9989 147 298
7167 9990 145 298
7167 9991 142 298
7167 9992 142 297
7167 9993 137 299
7167 9994 134 297
7167 9995 131 295
7431 10140 71 316
7431 10141 63 316
7431 10142 63 318
7431 10143 60 322
7431 10144 55 324
7431 10145 46 324
7431 10146 39 327
7431 10147 33 329
7431 10148 27 332
7431 10149 19 334
7431 10150 16 336
7431 10151 11 337
7431 10152 7 338
7431 10153 4 341
7556 10353 485 265
7556 10354 477 264
7556 10355 468 264
7556 10356 455 262
7556 10357 442 261
7556 10358 430 261
7556 10359 417 260
7556 10360 402 258
7556 10361 391 257
7556 10362 378 257
7556 10363 365 257
7556 10364 351 255
7556 10365 337 254
7556 10366 342 259
7578 10414 310 294
7578 10415 308 295
7578 10416 307 296
7578 10417 307 294
7578 10418 307 296
7578 10419 307 299
7578 10420 306 297
7578 10421 304 297
7578 10422 305 301
7578 10423 303 296
7578 10424 301 302
7578 10425 302 300
7578 10426 302 302
7578 10427 301 301
7578 10428 304 302
7578 10429 303 302
7578 10430 300 303
7578 10431 297 303
7578 10432 299 306
7578 10433 299 306
7578 10434 298 305
7578 10435 298 306
7578 10436 296 307
7578 10437 296 307
7578 10438 295 308
7578 10439 293 309
7578 10440 292 309
7578 10441 293 311
7578 10442 292 311
7578 10443 290 311
7578 10444 290 312
7578 10445 289 313
7578 10446 287 312
7578 10447 285 314
7578 10448 286 314
7578 10449 285 315
7578 10450 284 316
7578 10451 284 316
7578 10452 281 317
7578 10453 281 317
7578 10454 279 318
7578 10455 277 319
7578 10456 278 319
7578 10457 277 319
7578 10458 275 321
7578 10459 271 321
7578 10460 270 321
7578 10461 268 316
7578 10462 267 322
7578 10463 271 324
7578 10464 265 323
7578 10465 265 323
7578 10466 264 326
7578 10467 263 327
7578 10468 262 326
7578 10469 259 327
7578 10470 259 327
7578 10471 257 330
7578 10472 257 331
7578 10473 256 330
7578 10474 255 331
7578 10475 255 333
7578 10476 254 333
7578 10477 251 333
7578 10478 250 333
7578 10479 248 338
7578 10480 248 337
7578 10481 247 336
7578 10482 246 339
7578 10483 244 340
7578 10484 244 340
7578 10485 242 340
7578 10486 241 340
7578 10487 239 343
7578 10488 238 344
7578 10489 238 344
7578 10490 237 345
7578 10491 237 347
7578 10492 235 347
7578 10493 234 347
7578 10494 233 349
7578 10495 231 350
7578 10496 231 350
7578 10497 230 350
7578 10498 229 352
7578 10499 227 353
7578 10500 226 352
7578 10501 225 355
7578 10502 225 353
7603 10463 118 296
7603 10464 123 294
7603 10465 129 292
7603 10466 130 290
7603 10467 137 288
7603 10468 139 286
7603 10469 142 285
7603 10470 148 282
7603 10471 144 281
7603 10472 153 280
7603 10473 156 278
7603 10474 159 277
7603 10475 164 275
7603 10476 165 272
7603 10477 170 273
7603 10478 173 272
7603 10479 175 270
7603 10480 178 269
7603 10481 182 268
7603 10482 185 268
7603 10483 188 265
7603 10484 188 265
7603 10485 194 265
7603 10486 197 263
7603 10487 192 259
7635 10502 219 357
7635 10503 222 357
7635 10504 221 356
7635 10505 220 359
7635 10506 218 359
7635 10507 216 363
7635 10508 215 361
7635 10509 210 361
7635 10510 210 362
7635 10511 209 364
7635 10512 208 363
7635 10513 206 363
7635 10514 206 368
7635 10515 203 367
7635 10516 202 366
7635 10517 199 369
7635 10518 198 370
7635 10519 198 372
7635 10520 194 372
7635 10521 193 372
7635 10522 192 373
7635 10523 192 374
7635 10524 189 374
7635 10525 186 376
7635 10526 184 378
7635 10527 183 379
7635 10528 182 377
7635 10529 181 380
7635 10530 179 382
7635 10531 177 382
7635 10532 176 382
7635 10533 173 383
7635 10534 171 386
7635 10535 169 387
7635 10536 168 387
7635 10537 166 389
7635 10538 164 390
7635 10539 170 391
7635 10540 174 397
7635 10541 172 399
7676 10555 133 408
7676 10556 132 409
7676 10557 133 412
7676 10558 131 412
7676 10559 129 413
7676 10560 127 416
7676 10561 127 417
7676 10562 125 416
7676 10563 122 417
7676 10564 120 421
7676 10565 118 421
7676 10566 116 422
7676 10567 113 423
7676 10568 111 422
7676 10569 110 425
7676 10570 108 424
7676 10571 106 428
7676 10572 104 426
7676 10573 101 428
7676 10574 97 431
7676 10575 95 433
7676 10576 94 432
7676 10577 92 433
7676 10578 90 436
7676 10579 87 437
7676 10580 85 437
7676 10581 81 438
7676 10582 82 441
7676 10583 76 442
7676 10584 75 443
7676 10585 73 443
7676 10586 70 439
7676 10587 68 446
7676 10588 64 444
7676 10589 63 450
7676 10590 61 452
7676 10591 58 451
7676 10592 53 453
7676 10593 51 449
7676 10594 50 452
7676 10595 45 454
7676 10596 43 459
7676 10597 44 453
7978 10981 145 403
7978 10982 147 404
7978 10983 149 399
7978 10984 149 398
7978 10985 149 400
7978 10986 151 393
7978 10987 154 404
7978 10988 154 395
7978 10989 155 398
7978 10990 157 394
7978 10991 158 390
7978 10992 158 388
7978 10993 159 387
7978 10994 160 387
7978 10995 162 388
7978 10996 163 384
7978 10997 164 384
7978 10998 167 386
7978 10999 166 381
7978 11000 167 378
7978 11001 168 378
7978 11002 170 373
7978 11003 170 376
7978 11004 173 376
7978 11005 173 375
7978 11006 175 375
7978 11007 176 371
7978 11008 177 371
7978 11009 178 371
7978 11010 181 364
7978 11011 182 365
7978 11012 182 368
7978 11013 182 365
7978 11014 185 364
7978 11015 186 365
7978 11016 187 360
7978 11017 187 359
7978 11018 188 357
7978 11019 192 354
7978 11020 194 349
7978 11021 193 347
8044 11011 256 264
8044 11012 258 264
8044 11013 259 264
8044 11014 260 263
8044 11015 262 264
8044 11016 265 264
8044 11017 266 264
8044 11018 268 265
8044 11019 270 265
8044 11020 271 265
8044 11021 273 265
8044 11022 276 264
8044 11023 277 266
8044 11024 279 266
8044 11025 281 267
8044 11026 283 266
8044 11027 284 266
8044 11028 286 266
8044 11029 288 265
8044 11030 291 267
8044 11031 292 267
8044 11032 293 267
8044 11033 296 266
8044 11034 298 267
8044 11035 300 267
8044 11036 300 267
8044 11037 303 267
8044 11038 306 268
8044 11039 307 268
8044 11040 308 267
8044 11041 311 268
8044 11042 313 269
8044 11043 314 268
8044 11044 316 267
8044 11045 318 268
8044 11046 320 268
8044 11047 321 268
8044 11048 324 268
8044 11049 326 268
8044 11050 327 268
8044 11051 329 268
8044 11052 331 268
8044 11053 334 269
8044 11054 335 268
8044 11055 337 270
8044 11056 340 269
8044 11057 342 268
8044 11058 344 270
8044 11059 345 269
8044 11060 348 269
8044 11061 349 269
8044 11062 350 269
8044 11063 352 270
8044 11064 356 270
8044 11065 358 270
8044 11066 358 269
8044 11067 361 270
8044 11068 364 270
8044 11069 363 270
8044 11070 365 272
8044 11071 370 271
8044 11072 371 271
8044 11073 372 271
8044 11074 375 271
8044 11075 378 271
8044 11076 378 272
8044 11077 380 271
8044 11078 383 272
8044 11079 385 272
8044 11080 386 271
8044 11081 388 272
8044 11082 391 272
8044 11083 392 272
8044 11084 394 272
8044 11085 397 273
8044 11086 400 272
8044 11087 417 267
8044 11088 416 267
8044 11089 407 260
8184 11069 331 360
8184 11070 328 361
8184 11071 327 360
8184 11072 324 357
8184 11073 321 358
8184 11074 318 356
8184 11075 315 356
8184 11076 313 355
8184 11077 310 353
8184 11078 308 354
8184 11079 306 352
8184 11080 303 351
8184 11081 300 350
8184 11082 298 349
8184 11083 297 346
8184 11084 294 347
8184 11085 291 347
8184 11086 290 344
8184 11087 286 345
8184 11088 284 343
8184 11089 282 340
8184 11090 280 339
8184 11091 278 341
8184 11092 276 338
8184 11093 274 336
8184 11094 271 339
8184 11095 269 338
8184 11096 271 338
8463 11266 261 253
8463 11267 265 253
8463 11268 281 260
8463 11269 297 260
8463 11270 297 259
8463 11271 293 265
8463 11272 290 265
8463 11273 289 268
8463 11274 288 265
8463 11275 286 267
8463 11276 286 267
8463 11277 283 267
8463 11278 282 267
8463 11279 279 266
8463 11280 277 268
8463 11281 276 268
8463 11282 275 267
8463 11283 274 268
8463 11284 271 268
8463 11285 269 270
8463 11286 268 268
8463 11287 267 269
8463 11288 264 270
8463 11289 262 270
8463 11290 261 269
8463 11291 261 269
8463 11292 258 270
8463 11293 254 269
8463 11294 254 269
8463 11295 253 270
8463 11296 249 270
8463 11297 248 269
8463 11298 246 269
8463 11299 246 270
8463 11300 243 269
8463 11301 241 270
8463 11302 239 270
8463 11303 237 270
8463 11304 236 270
8463 11305 233 271
8463 11306 232 270
8463 11307 231 271
8463 11308 229 272
8463 11309 227 271
8463 11310 225 271
8463 11311 223 272
8463 11312 221 271
8463 11313 218 273
8463 11314 216 272
8463 11315 216 273
8463 11316 214 273
8463 11317 210 273
8463 11318 210 273
8463 11319 209 272
8463 11320 207 274
8463 11321 203 272
8463 11322 202 273
8463 11323 201 273
8463 11324 199 274
8463 11325 195 272
8463 11326 194 275
8463 11327 191 273
8463 11328 188 273
8463 11329 187 273
8463 11330 186 275
8463 11331 183 274
8463 11332 181 274
8463 11333 180 275
8463 11334 179 275
8463 11335 176 275
8463 11336 174 274
8463 11337 172 276
8463 11338 170 276
8463 11339 170 277
8463 11340 167 276
8688 11581 486 267
8688 11582 481 261
8688 11583 473 261
8688 11584 461 260
8688 11585 459 261
8688 11586 448 259
8688 11587 438 259
8688 11588 425 257
8688 11589 410 256
8688 11590 400 254
8688 11591 390 254
8688 11592 376 253
8688 11593 380 253
8840 11761 97 300
8840 11762 96 304
8840 11763 90 307
8840 11764 90 304
8840 11765 83 307
8840 11766 78 311
8840 11767 72 314
8840 11768 64 317
8840 11769 52 327
8840 11770 43 331
8840 11771 39 332
8840 11772 36 325
8840 11773 49 319
8840 11774 43 322
8840 11775 36 324
8840 11776 27 321
8840 11777 33 321
8893 11816 144 247
8893 11817 141 246
8893 11818 144 247
8893 11819 152 250
8893 11820 154 252
8893 11821 156 253
8893 11822 156 254
8893 11823 159 254
8893 11824 159 253
8893 11825 161 257
8893 11826 159 258
8893 11827 161 259
8893 11828 159 260
8893 11829 162 261
8893 11830 161 261
8893 11831 161 264
8893 11832 160 265
8893 11833 159 268
8893 11834 158 267
8893 11835 157 263
8893 11836 155 267
8893 11837 153 269
8893 11838 151 270
8893 11839 151 270
8893 11840 149 272
8893 11841 143 275
8893 11842 145 275
8893 11843 142 277
8893 11844 136 280
8893 11845 137 280
8893 11846 134 282
8893 11847 127 285
8893 11848 123 287
8893 11849 124 288
8893 11850 129 285
8982 11943 202 262
8982 11944 198 263
8982 11945 195 262
8982 11946 191 263
8982 11947 187 264
8982 11948 185 262
8982 11949 179 264
8982 11950 176 265
8982 11951 170 266
8982 11952 166 269
8982 11953 167 269
8982 11954 160 270
8982 11955 157 272
8982 11956 155 274
8982 11957 151 274
8982 11958 147 279
8982 11959 146 277
8982 11960 142 280
8982 11961 140 280
8982 11962 138 282
8982 11963 133 283
8982 11964 129 284
8982 11965 129 286
8982 11966 125 289
8982 11967 121 291
8982 11968 123 291
8982 11969 117 293
8982 11970 117 294
8982 11971 125 290
8982 11972 124 293
9052 12014 183 473
9052 12015 184 473
9052 12016 189 472
9052 12017 192 472
9052 12018 196 471
9052 12019 201 471
9052 12020 205 470
9052 12021 211 470
9052 12022 216 470
9052 12023 221 469
9052 12024 224 469
9052 12025 230 468
9052 12026 234 467
9052 12027 238 468
9052 12028 242 467
9052 12029 248 467
9052 12030 252 467
9052 12031 255 466
9052 12032 258 465
9052 12033 264 465
9052 12034 267 465
9052 12035 271 464
9052 12036 274 463
9052 12037 278 463
9052 12038 282 463
9052 12039 286 462
9052 12040 291 461
9052 12041 296 460
9052 12042 298 460
9052 12043 300 459
9052 12044 296 450
9052 12045 300 449
9110 12059 361 446
9110 12060 365 442
9110 12061 362 437
9110 12062 370 441
9110 12063 374 437
9110 12064 378 437
9110 12065 381 436
9110 12066 384 437
9110 12067 387 434
9110 12068 390 432
9110 12069 391 433
9110 12070 395 430
9110 12071 399 426
9110 12072 400 427
9110 12073 403 428
9110 12074 406 423
9110 12075 409 423
9110 12076 411 422
9110 12077 413 422
9110 12078 416 419
9110 12079 419 418
9110 12080 422 417
9110 12081 426 417
9110 12082 428 414
9110 12083 431 414
9110 12084 434 414
9110 12085 438 412
9110 12086 440 411
9110 12087 445 411
9110 12088 447 410
9110 12089 449 408
9110 12090 452 408
9110 12091 455 407
9110 12092 458 407
9110 12093 459 406
9110 12094 463 404
9110 12095 466 404
9110 12096 471 403
9110 12097 471 402
9110 12098 476 401
9110 12099 477 398
9110 12100 479 399
9110 12101 482 398
9110 12102 486 396
9110 12103 488 396
9110 12104 491 395
9110 12105 494 394
9110 12106 496 394
9110 12107 498 393
9110 12108 501 392
9110 12109 504 390
9110 12110 506 390
9110 12111 510 393
9115 12062 354 432
9115 12063 358 432
9115 12064 359 431
9115 12065 364 428
9115 12066 366 427
9115 12067 370 424
9115 12068 373 425
9115 12069 376 424
9115 12070 377 422
9115 12071 382 421
9115 12072 384 419
9115 12073 386 419
9115 12074 388 420
9115 12075 391 417
9115 12076 393 416
9115 12077 396 413
9115 12078 397 415
9115 12079 399 411
9115 12080 403 410
9115 12081 406 411
9115 12082 409 409
9115 12083 412 407
9115 12084 414 407
9115 12085 417 406
9115 12086 419 405
9115 12087 420 407
9115 12088 426 404
9115 12089 430 403
9115 12090 431 402
9115 12091 433 403
9115 12092 439 400
9115 12093 441 399
9115 12094 443 398
9115 12095 445 397
9115 12096 450 396
9115 12097 453 395
9115 12098 455 396
9115 12099 458 396
9115 12100 463 393
9115 12101 465 393
9115 12102 466 394
9115 12103 473 391
9115 12104 475 389
9115 12105 477 389
9115 12106 479 387
9115 12107 482 387
9115 12108 485 386
9115 12109 486 387
9115 12110 491 385
9115 12111 493 384
9115 12112 495 384
9115 12113 497 384
9115 12114 500 382
9115 12115 503 382
9476 12357 197 250
9476 12358 192 254
9476 12359 193 254
9476 12360 189 256
9476 12361 186 257
9476 12362 185 258
9476 12363 181 257
9476 12364 179 259
9476 12365 178 262
9476 12366 177 261
9476 12367 172 262
9476 12368 169 264
9476 12369 168 265
9476 12370 165 266
9476 12371 163 267
9476 12372 161 268
9476 12373 158 269
9476 12374 157 270
9476 12375 153 271
9476 12376 151 273
9476 12377 148 273
9476 12378 146 274
9476 12379 144 275
9476 12380 143 276
9476 12381 138 278
9476 12382 136 279
9476 12383 134 280
9476 12384 132 282
9476 12385 127 282
9476 12386 126 284
9476 12387 121 285
9476 12388 119 287
9476 12389 116 288
9476 12390 113 289
9476 12391 110 291
9476 12392 106 291
9476 12393 103 293
9476 12394 102 290
9482 12362 215 260
9482 12363 215 252
9482 12364 212 252
9482 12365 211 248
9482 12366 206 250
9482 12367 202 252
9482 12368 199 248
9482 12369 196 248
9482 12370 193 252
9482 12371 187 257
9482 12372 187 253
9482 12373 185 259
9482 12374 186 260
9482 12375 179 255
9482 12376 176 257
9482 12377 174 256
9482 12378 171 258
9482 12379 169 259
9482 12380 167 261
9482 12381 164 267
9482 12382 161 265
9482 12383 158 269
9482 12384 157 271
9482 12385 153 272
9482 12386 151 272
9482 12387 148 273
9482 12388 145 274
9482 12389 143 271
9482 12390 141 272
9482 12391 137 275
9482 12392 134 273
9482 12393 130 273
9516 12389 147 286
9516 12390 143 287
9516 12391 136 289
9516 12392 138 289
9516 12393 134 291
9516 12394 129 283
9516 12395 125 284
9516 12396 122 281
9516 12397 120 287
9516 12398 116 282
9516 12399 112 285
9516 12400 109 287
9516 12401 106 289
9516 12402 103 292
9516 12403 98 294
9516 12404 94 291
9516 12405 92 294
9516 12406 87 299
9516 12407 83 298
9516 12408 80 299
9516 12409 75 300
9516 12410 71 308
9516 12411 67 309
9516 12412 64 304
9516 12413 57 306
9516 12414 54 308
9516 12415 49 316
9516 12416 47 331
9516 12417 44 332
9526 12394 92 301
9526 12395 95 297
9526 12396 92 299
9526 12397 87 300
9526 12398 84 301
9526 12399 80 304
9526 12400 78 304
9526 12401 73 306
9526 12402 69 307
9526 12403 64 310
9526 12404 61 312
9526 12405 57 311
9526 12406 52 312
9526 12407 48 317
9526 12408 46 317
9526 12409 39 320
9526 12410 35 323
9526 12411 32 324
9526 12412 26 326
9526 12413 20 325
9526 12414 17 329
9526 12415 15 325
9526 12416 12 329
9526 12417 11 332
9526 12418 7 333
9526 12419 4 335
9526 12420 3 336
9526 12421 3 323
9547 12408 197 260
9547 12409 197 261
9547 12410 193 261
9547 12411 190 261
9547 12412 189 261
9547 12413 186 264
9547 12414 183 261
9547 12415 180 266
9547 12416 177 267
9547 12417 173 267
9547 12418 170 269
9547 12419 167 270
9547 12420 167 267
9547 12421 164 271
9547 12422 161 273
9547 12423 160 274
9547 12424 158 275
9547 12425 156 276
9547 12426 154 277
9547 12427 152 278
9547 12428 150 274
9547 12429 147 280
9547 12430 145 281
9547 12431 144 283
9547 12432 142 284
9547 12433 140 285
9547 12434 138 286
9547 12435 136 286
9547 12436 132 288
9547 12437 135 283
9547 12438 129 291
9547 12439 127 292
9547 12440 125 293
9547 12441 122 295
9547 12442 121 292
9547 12443 122 287
9547 12444 124 291
9849 12756 278 311
9849 12757 280 312
9849 12758 280 313
9849 12759 282 314
9849 12760 284 315
9849 12761 286 314
9849 12762 287 315
9849 12763 290 316
9849 12764 291 316
9849 12765 292 315
9849 12766 294 316
9849 12767 296 318
9849 12768 296 318
9849 12769 297 318
9849 12770 299 318
9849 12771 301 322
9849 12772 302 322
9849 12773 303 321
9849 12774 305 322
9849 12775 306 324
9849 12776 308 322
9849 12777 309 324
9849 12778 311 325
9849 12779 312 326
9849 12780 313 327
9849 12781 315 326
9849 12782 316 328
9849 12783 318 329
9849 12784 319 329
9849 12785 321 329
9849 12786 322 330
9849 12787 324 331
9849 12788 327 332
9849 12789 327 331
9849 12790 329 331
9849 12791 330 334
9849 12792 332 335
9849 12793 333 334
9849 12794 334 334
9849 12795 335 337
9849 12796 337 339
9849 12797 339 337
9849 12798 340 337
9849 12799 342 340
9849 12800 343 342
9849 12801 342 342
9874 12806 355 346
9874 12807 356 347
9874 12808 356 347
9874 12809 357 347
9874 12810 359 348
9874 12811 362 347
9874 12812 362 351
9874 12813 364 350
9874 12814 366 350
9874 12815 367 353
9874 12816 369 354
9874 12817 370 355
9874 12818 373 353
9874 12819 375 357
9874 12820 376 355
9874 12821 378 356
9874 12822 379 357
9874 12823 381 360
9874 12824 384 360
9874 12825 385 361
9874 12826 386 362
9874 12827 389 361
9874 12828 391 366
9874 12829 392 364
9874 12830 394 364
9874 12831 396 368
9874 12832 398 368
9874 12833 400 368
9874 12834 401 368
9874 12835 403 372
9874 12836 404 373
9874 12837 407 372
9874 12838 409 372
9874 12839 411 375
9874 12840 412 376
9874 12841 414 376
9874 12842 416 376
9874 12843 418 378
9874 12844 420 381
9874 12845 422 380
9874 12846 424 380
9874 12847 425 383
9874 12848 428 385
9874 12849 430 384
9874 12850 432 385
9874 12851 436 384
9874 12852 437 389
9874 12853 439 388
9874 12854 441 389
9874 12855 444 391
9874 12856 446 393
9874 12857 448 393
9874 12858 450 393
9874 12859 452 396
9874 12860 455 398
9874 12861 458 396
9874 12862 459 396
9874 12863 462 400
9874 12864 465 401
9874 12865 466 401
9874 12866 467 402
9898 12866 472 401
9898 12867 473 404
9898 12868 475 406
9898 12869 478 405
9898 12870 480 405
9898 12871 482 408
9898 12872 485 409
9898 12873 486 411
9898 12874 490 410
9898 12875 493 412
9898 12876 495 414
9898 12877 497 415
9898 12878 499 414
9898 12879 503 415
9898 12880 505 418
9898 12881 506 420
9898 12882 511 418
9898 12883 511 419
9898 12884 516 423
9898 12885 517 424
9898 12886 521 423
9898 12887 523 425
9898 12888 526 428
9898 12889 527 428
9898 12890 526 431
9997 12978 244 248
9997 12979 244 249
9997 12980 252 250
9997 12981 263 250
9997 12982 272 251
9997 12983 282 252
9997 12984 290 252
9997 12985 303 253
9997 12986 312 255
9997 12987 322 255
9997 12988 334 256
9997 12989 347 258
9997 12990 357 258
9997 12991 368 258
9997 12992 381 260
9997 12993 392 261
9997 12994 403 262
9997 12995 418 263
9997 12996 431 264
9997 12997 425 264