171 308 160 254
171 309 163 252
171 310 161 255
171 311 161 255
171 312 163 255
171 313 161 254
171 314 161 253
171 315 160 256
171 316 159 260
171 317 158 260
171 318 157 263
171 319 155 261
171 320 153 262
171 321 151 263
171 322 149 261
171 323 149 265
171 324 147 266
171 325 144 268
171 326 143 269
171 327 141 270
171 328 137 271
171 329 137 271
171 330 131 276
171 331 133 275
171 332 131 276
171 333 124 280
171 334 126 278
171 335 121 279
171 336 122 281
171 337 119 281
171 338 116 283
171 339 107 285
171 340 111 286
171 341 108 284
171 342 116 278
171 343 115 279
171 344 111 279
171 345 111 281
171 346 108 280
171 347 106 283
171 348 102 285
181 342 98 288
181 343 97 290
181 344 95 293
181 345 90 294
181 346 90 291
181 347 86 295
181 348 83 297
181 349 89 294
181 350 86 296
181 351 75 299
181 352 74 300
181 353 70 301
181 354 76 299
181 355 74 301
181 356 64 305
181 357 61 306
181 358 60 306
181 359 58 307
181 360 55 308
181 361 56 311
181 362 55 310
181 363 49 311
181 364 48 313
181 365 44 314
181 366 42 315
181 367 40 317
181 368 40 318
181 369 36 320
181 370 39 319
181 371 37 321
181 372 35 320
181 373 25 325
181 374 22 328
181 375 25 326
181 376 16 330
181 377 12 332
181 378 20 331
2703 7862 488 265
2703 7863 484 264
2703 7864 476 263
2703 7865 468 261
2703 7866 456 261
2703 7867 453 259
2703 7868 463 261
2703 7869 452 267
2703 7870 441 267
2703 7871 430 265
2703 7872 418 256
2703 7873 408 254
2703 7874 380 252
2703 7875 359 251
2737 7900 489 276
2737 7901 481 273
2737 7902 471 274
2737 7903 461 274
2737 7904 452 271
2737 7905 441 270
2737 7906 429 265
2737 7907 418 255
2737 7908 410 255
2914 8421 192 261
2914 8422 194 261
2914 8423 187 262
2914 8424 182 264
2914 8425 179 266
2914 8426 174 267
2914 8427 172 268
2914 8428 164 270
2914 8429 159 273
2914 8430 154 275
2914 8431 150 277
2914 8432 145 280
2914 8433 139 282
2914 8434 133 285
2914 8435 128 287
2914 8436 123 290
2914 8437 116 292
2914 8438 111 295
2914 8439 105 297
2914 8440 99 299
2914 8441 92 304
2914 8442 85 305
2914 8443 78 309
2914 8444 71 310
2914 8445 64 315
2914 8446 58 317
2914 8447 49 322
2914 8448 38 327
2914 8449 30 330
2914 8450 24 334
2914 8451 19 339
2914 8452 14 341
2914 8453 11 342
2914 8454 6 348
3189 10318 315 388
3189 10319 320 385
3189 10320 323 387
3189 10321 324 385
3189 10322 326 385
3189 10323 329 388
3189 10324 331 389
3189 10325 331 390
3189 10326 333 392
3189 10327 338 393
3189 10328 340 394
3189 10329 341 393
3189 10330 344 393
3189 10331 346 396
3189 10332 349 397
3189 10333 351 396
3189 10334 353 399
3189 10335 357 400
3189 10336 360 402
3189 10337 362 401
3189 10338 363 402
3189 10339 368 405
3189 10340 370 406
3189 10341 371 405
3189 10342 373 409
3189 10343 378 410
3189 10344 381 410
3189 10345 382 411
3189 10346 384 412
3189 10347 389 413
3189 10348 392 414
3189 10349 392 414
3189 10350 395 415
3189 10351 401 418
3189 10352 404 421
3189 10353 407 420
3189 10354 406 421
3189 10355 410 415
3259 10676 74 318
3259 10677 75 316
3259 10678 69 319
3259 10679 63 322
3259 10680 56 325
3259 10681 47 326
3259 10682 42 331
3259 10683 36 334
3259 10684 30 336
3259 10685 21 341
3259 10686 11 343
3259 10687 5 345
3398 11338 77 297
3398 11339 77 297
3398 11340 71 301
3398 11341 66 304
3398 11342 60 306
3398 11343 53 310
3398 11344 45 314
3398 11345 39 318
3398 11346 33 321
3398 11347 25 325
3398 11348 21 330
3398 11349 18 333
3398 11350 14 330
3398 11351 11 333
3398 11352 7 334
3398 11353 4 338
3444 11410 630 476
3444 11411 625 473
3444 11412 621 474
3444 11413 619 474
3444 11414 615 473
3444 11415 611 473
3444 11416 607 471
3444 11417 604 469
3444 11418 600 468
3444 11419 598 465
3444 11420 593 465
3444 11421 589 464
3444 11422 585 462
3444 11423 582 461
3444 11424 578 460
3444 11425 574 460
3444 11426 570 458
3444 11427 566 455
3444 11428 563 455
3444 11429 559 454
3444 11430 555 452
3444 11431 550 459
3444 11432 547 454
3444 11433 544 449
3444 11434 540 448
3444 11435 537 449
3444 11436 534 446
3444 11437 530 445
3444 11438 526 443
3444 11439 524 441
3444 11440 519 444
3444 11441 516 440
3444 11442 513 439
3444 11443 509 438
3444 11444 505 445
3444 11445 502 447
3470 11443 124 298
3470 11444 126 297
3470 11445 126 297
3470 11446 126 297
3470 11447 129 297
3470 11448 133 296
3470 11449 133 297
3470 11450 136 295
3470 11451 135 297
3470 11452 141 293
3470 11453 140 293
3470 11454 140 294
3470 11455 141 290
3470 11456 146 288
3470 11457 146 286
3470 11458 151 286
3470 11459 153 288
3470 11460 153 286
3470 11461 158 287
3470 11462 161 286
3470 11463 161 282
3470 11464 166 281
3470 11465 166 280
3470 11466 168 278
3470 11467 172 280
3470 11468 175 278
3470 11469 177 277
3470 11470 179 274
3470 11471 177 269
3470 11472 186 272