131 145 240 255
131 146 243 255
131 147 241 249
131 148 238 250
131 149 247 250
131 150 250 250
131 151 256 251
131 152 264 252
131 153 270 253
131 154 275 253
131 155 279 253
131 156 285 254
131 157 287 254
131 158 288 255
131 159 294 255
131 160 299 255
131 161 306 255
131 162 306 255
131 163 310 256
131 164 314 257
131 165 324 259
131 166 322 258
131 167 326 258
131 168 330 258
131 169 338 259
131 170 337 260
131 171 328 264
304 355 592 442
304 356 590 441
304 357 589 442
304 358 595 437
304 359 603 435
304 360 599 430
304 361 595 432
304 362 591 431
304 363 588 429
304 364 587 425
304 365 585 422
304 366 581 426
304 367 576 423
304 368 573 422
304 369 569 420
304 370 562 419
304 371 558 419
304 372 560 421
304 373 558 411
304 374 552 416
304 375 548 415
304 376 544 416
304 377 541 412
304 378 546 408
436 408 456 370
436 409 453 372
436 410 450 368
436 411 446 368
436 412 444 365
436 413 443 365
436 414 439 368
436 415 439 363
436 416 434 366
436 417 433 358
436 418 428 360
436 419 426 360
436 420 426 356
436 421 423 358
436 422 422 355
436 423 417 353
436 424 414 353
436 425 414 355
436 426 411 353
436 427 409 353
436 428 407 348
436 429 406 346
436 430 404 346
436 431 401 348
436 432 398 346
436 433 396 347
436 434 393 345
436 435 388 343
436 436 389 341
436 437 388 341
436 438 385 337
436 439 384 338
436 440 382 339
436 441 380 336
436 442 377 333
436 443 376 336
436 444 373 332
436 445 372 331
436 446 367 331
436 447 366 332
436 448 365 328
436 449 365 329
436 450 361 326
436 451 359 326
436 452 358 327
436 453 356 327
436 454 357 322
436 455 353 322
436 456 352 323
436 457 350 320
436 458 353 322
436 459 351 321
460 420 187 431
460 421 185 432
460 422 188 432
460 423 191 434
460 424 194 431
460 425 194 431
460 426 197 427
460 427 200 431
460 428 202 425
460 429 204 423
460 430 206 420
460 431 209 422
460 432 211 420
460 433 214 421
460 434 216 417
460 435 218 417
460 436 221 417
460 437 224 411
460 438 224 411
460 439 227 411
460 440 230 411
460 441 232 407
460 442 233 410
460 443 236 410
460 444 239 408
460 445 240 401
460 446 241 406
460 447 242 405
460 448 245 401
460 449 245 401
460 450 246 401
460 451 249 402
460 452 247 400
520 445 194 260
520 446 194 256
520 447 190 257
520 448 187 257
520 449 184 259
520 450 181 262
520 451 178 262
520 452 175 262
520 453 172 265
520 454 169 265
520 455 165 268
520 456 162 268
520 457 160 270
520 458 155 271
520 459 152 274
520 460 149 275
520 461 144 276
520 462 139 278
520 463 135 281
520 464 134 283
520 465 127 284
520 466 128 287
537 452 252 399
537 453 252 396
537 454 254 395
537 455 256 394
537 456 257 393
537 457 257 393
537 458 259 393
537 459 263 392
537 460 263 390
537 461 264 389
537 462 264 384
537 463 266 388
537 464 268 383
537 465 268 385
537 466 270 381
537 467 272 381
537 468 273 381
537 469 274 376
537 470 276 377
537 471 278 374
537 472 281 375
537 473 281 374
537 474 283 375
537 475 283 371
537 476 285 372
537 477 286 366
537 478 287 369
537 479 290 368
537 480 290 366
537 481 292 365
537 482 294 364
537 483 294 364
537 484 296 361
537 485 297 359
537 486 297 360
537 487 297 359
537 488 300 357
537 489 299 357
537 490 302 357
537 491 304 356
537 492 303 354
537 493 305 355
537 494 307 351
537 495 304 351
537 496 307 351
537 497 309 351
537 498 310 349
537 499 312 348
537 500 312 347
537 501 314 346
537 502 314 346
537 503 314 342
537 504 315 343
537 505 318 342
537 506 320 341
537 507 320 340
537 508 321 337
537 509 322 341
537 510 323 336
537 511 325 336
537 512 327 337
537 513 330 334
537 514 331 332
537 515 331 334
537 516 332 333
537 517 333 332
537 518 335 329
537 519 338 332
537 520 337 331
537 521 338 330
537 522 339 327
537 523 341 326
537 524 342 325
537 525 345 323
537 526 346 327
537 527 347 323
537 528 347 325
537 529 350 323
537 530 350 319
537 531 351 322
537 532 350 322
537 533 354 320
537 534 355 318
537 535 357 320
537 536 358 318
537 537 358 316
537 538 359 319
537 539 359 317
537 540 362 313
537 541 364 313
537 542 364 314
537 543 363 314
537 544 367 310
537 545 368 310
537 546 369 309
537 547 368 311
537 548 370 308
537 549 373 308
537 550 375 307
537 551 373 307
537 552 375 306
537 553 376 304
537 554 377 306
537 555 378 304
537 556 381 302
537 557 381 302
537 558 381 304
537 559 384 302
537 560 383 305
554 458 346 322
554 459 344 323
554 460 345 317
554 461 343 320
554 462 341 318
554 463 340 317
554 464 336 315
554 465 338 312
554 466 335 311
554 467 334 313
554 468 332 312
554 469 331 312
554 470 329 313
554 471 328 313
554 472 326 310
554 473 325 308
554 474 323 306
554 475 322 305
554 476 318 308
554 477 318 305
554 478 317 306
554 479 315 304
554 480 314 304
554 481 311 305
554 482 311 301
554 483 309 300
554 484 309 300
554 485 307 301
554 486 305 301
554 487 304 299
554 488 303 299
554 489 301 295
554 490 300 294
554 491 299 296
554 492 298 294
554 493 296 295
554 494 295 296
554 495 295 293
554 496 292 293
554 497 292 290
554 498 290 289
554 499 290 290
554 500 289 292
554 501 288 289
554 502 286 290
554 503 285 289
554 504 284 288
554 505 284 285
554 506 283 285
554 507 282 284
554 508 282 284
554 509 281 283
554 510 280 284
554 511 280 284
554 512 278 283
554 513 278 281
554 514 279 280
554 515 275 280
554 516 279 279
554 517 277 275
554 518 276 274
554 519 275 276
554 520 276 275
554 521 276 276
554 522 276 274
554 523 276 273
554 524 276 275
554 525 276 273
554 526 275 274
554 527 274 271
554 528 275 271
554 529 275 270
554 530 274 270
587 471 90 311
587 472 84 314
587 473 91 310
587 474 84 305
587 475 79 308
587 476 76 310
587 477 70 311
587 478 65 315
587 479 61 318
587 480 53 319
587 481 45 323
587 482 37 327
587 483 35 327
587 484 30 330
587 485 23 332
587 486 18 335
587 487 14 336
587 488 11 339
587 489 8 342
587 490 6 345
587 491 4 348
615 487 479 277
615 488 482 267
615 489 480 264
615 490 475 264
615 491 467 265
615 492 456 263
615 493 447 262
615 494 436 262
615 495 425 262
615 496 413 260
615 497 403 260
615 498 393 259
615 499 382 257
615 500 371 257
615 501 361 256
615 502 351 256
615 503 341 254
615 504 329 253
615 505 325 253
621 493 229 431
621 494 235 431
621 495 236 426
621 496 238 428
621 497 240 428
621 498 241 433
621 499 243 432
621 500 245 434
621 501 246 434
621 502 248 440
621 503 249 440
621 504 251 442
621 505 254 445
621 506 256 447
621 507 259 445
621 508 261 448
621 509 262 449
621 510 263 453
621 511 266 454
621 512 268 455
621 513 271 459
621 514 274 461
621 515 275 460
621 516 278 463
621 517 279 464
621 518 281 465
621 519 283 471
621 520 286 476
621 521 291 476
760 624 202 401
760 625 195 399
760 626 190 396
760 627 192 397
760 628 194 396
760 629 198 392
760 630 200 392
760 631 201 390
760 632 203 387
760 633 207 387
760 634 208 384
760 635 210 381
760 636 212 383
760 637 214 383
760 638 215 381
760 639 217 379
760 640 219 379
760 641 221 379
760 642 223 376
760 643 225 376
760 644 227 372
760 645 229 369
760 646 231 372
760 647 233 369
760 648 235 368
760 649 237 366
760 650 238 366
760 651 240 367
760 652 242 368
760 653 244 365
760 654 247 362
760 655 249 360
760 656 251 360
760 657 253 361
760 658 254 358
760 659 255 357
760 660 258 355
760 661 260 356
760 662 261 354
760 663 263 354
760 664 264 354
760 665 265 349
760 666 266 350
760 667 268 350
760 668 271 348
760 669 273 345
760 670 274 345
760 671 274 346
760 672 275 345
760 673 277 343
760 674 279 342
760 675 281 341
760 676 282 341
760 677 285 339
760 678 285 340
760 679 287 338
760 680 287 338
760 681 290 337
760 682 292 337
760 683 294 334
760 684 296 334
760 685 302 329
760 686 296 329
760 687 298 332
760 688 300 331
762 626 207 398
762 627 211 398
762 628 213 398
762 629 215 395
762 630 218 393
762 631 219 392
762 632 223 388
762 633 227 389
762 634 230 387
762 635 230 388
762 636 233 385
762 637 234 384
762 638 236 382
762 639 239 381
762 640 243 379
762 641 245 378
762 642 247 379
762 643 248 375
762 644 250 374
762 645 252 372
762 646 254 371
762 647 258 370
762 648 259 371
762 649 262 368
762 650 263 365
762 651 265 365
762 652 267 363
762 653 270 363
762 654 272 362
762 655 275 358
762 656 275 358
762 657 277 357
762 658 278 357
762 659 281 356
762 660 283 356
762 661 285 353
762 662 288 351
762 663 287 351
762 664 289 349
762 665 292 350
762 666 292 347
762 667 295 346
762 668 296 344
762 669 296 344
762 670 297 343
762 671 298 341
762 672 299 341
762 673 301 340
762 674 301 338
762 675 304 337
762 676 303 339
762 677 305 334
762 678 304 333
762 679 306 335
762 680 306 332
762 681 309 333
762 682 310 327
762 683 308 329
762 684 310 327
814 665 155 260
814 666 159 256
814 667 157 265
814 668 154 266
814 669 155 268
814 670 152 267
814 671 148 268
814 672 146 271
814 673 146 272
814 674 143 274
814 675 139 276
814 676 137 277
814 677 133 279
814 678 135 279
814 679 133 281
814 680 124 286
814 681 119 288
814 682 115 290
814 683 108 292
814 684 110 293
814 685 104 296
814 686 101 299
814 687 96 302
814 688 90 303
814 689 84 305
814 690 80 306
814 691 72 313
814 692 67 314
814 693 67 316
814 694 74 308
814 695 70 313
814 696 74 309
823 672 252 251
823 673 257 247
823 674 243 253
823 675 243 250
823 676 246 250
823 677 250 250
823 678 255 253
823 679 262 250
823 680 268 253
823 681 277 255
823 682 285 255
823 683 293 257
823 684 300 257
823 685 306 257
823 686 315 258
823 687 324 260
823 688 331 260
823 689 339 260
823 690 349 260
823 691 359 261
823 692 368 262
823 693 377 263
823 694 387 264
823 695 397 264
823 696 407 265
823 697 415 265
823 698 427 266
823 699 436 267
823 700 444 268
823 701 456 268
823 702 465 268
823 703 466 267
1074 793 239 253
1074 794 243 253
1074 795 245 250
1074 796 248 251
1074 797 250 252
1074 798 257 253
1074 799 264 253
1074 800 270 252
1074 801 279 254
1074 802 288 255
1074 803 297 256
1074 804 303 260
1074 805 313 258
1074 806 324 257
1074 807 333 258
1074 808 343 261
1074 809 354 259
1074 810 365 261
1074 811 371 261
1074 812 380 262
1074 813 392 262
1074 814 403 262
1074 815 413 264
1074 816 423 266
1074 817 434 266
1074 818 443 265
1074 819 453 266
1074 820 466 268
1074 821 462 268
1208 883 316 339
1208 884 314 337
1208 885 317 338
1208 886 320 336
1208 887 322 332
1208 888 321 336
1208 889 324 339
1208 890 326 338
1208 891 329 337
1208 892 328 341
1208 893 330 339
1208 894 334 338
1208 895 333 342
1208 896 335 343
1208 897 337 345
1208 898 338 344
1208 899 342 341
1208 900 342 346
1208 901 344 347
1208 902 346 348
1208 903 348 348
1208 904 351 347
1208 905 352 351
1208 906 354 351
1208 907 357 351
1208 908 362 353
1208 909 361 354
1208 910 362 358
1208 911 365 356
1208 912 364 360
1208 913 366 359
1208 914 367 356
1208 915 368 365
1250 914 357 371
1250 915 358 365
1250 916 359 366
1250 917 355 361
1250 918 354 364
1250 919 353 361
1250 920 351 360
1250 921 349 363
1250 922 349 358
1250 923 348 354
1250 924 348 354
1250 925 345 356
1250 926 342 359
1250 927 342 356
1250 928 342 353
1250 929 341 356
1250 930 338 354
1250 931 337 356
1250 932 335 354
1250 933 335 352
1250 934 332 349
1250 935 330 349
1250 936 330 350
1250 937 328 346
1250 938 328 345
1250 939 325 346
1250 940 325 346
1250 941 324 346
1250 942 323 344
1250 943 322 347
1250 944 319 345
1250 945 320 345
1250 946 320 341
1250 947 318 345
1250 948 317 344
1250 949 316 341
1250 950 315 343
1250 951 313 342
1250 952 312 344
1250 953 311 343
1250 954 314 338
1437 984 508 438
1437 985 508 446
1437 986 519 445
1437 987 522 437
1437 988 520 433
1437 989 523 433
1437 990 526 429
1437 991 529 433
1437 992 527 435
1437 993 530 437
1437 994 537 438
1437 995 540 438
1437 996 542 441
1437 997 545 442
1437 998 547 442
1437 999 546 445
1437 1000 550 444
1437 1001 553 444
1437 1002 557 445
1437 1003 560 447
1437 1004 565 449
1437 1005 566 456
1437 1006 568 451
1437 1007 573 452
1437 1008 573 448
1437 1009 580 453
1437 1010 582 450
1437 1011 585 456
1437 1012 589 456
1437 1013 589 461
1437 1014 593 463
1437 1015 595 463
1437 1016 600 464
1437 1017 601 464
1437 1018 604 466
1437 1019 607 467
1437 1020 611 467
1437 1021 614 467
1437 1022 617 468
1437 1023 618 468
1437 1024 616 470
1437 1025 619 472
1437 1026 622 472
1437 1027 626 474
1437 1028 630 475
1437 1029 631 476
1437 1030 635 476
1910 1309 148 263
1910 1310 148 266
1910 1311 146 267
1910 1312 146 265
1910 1313 146 266
1910 1314 144 266
1910 1315 144 263
1910 1316 145 261
1910 1317 163 246
1910 1318 171 246
1910 1319 179 247
1910 1320 186 246
1910 1321 193 247
1910 1322 200 247
1910 1323 208 248
1910 1324 220 248
1910 1325 222 248
1933 1325 237 253
1933 1326 234 251
1933 1327 245 250
1933 1328 255 251
1933 1329 263 252
1933 1330 276 251
1933 1331 287 252
1933 1332 286 252
1933 1333 298 252
1933 1334 313 256
1933 1335 326 258
1933 1336 335 258
1933 1337 346 260
1933 1338 363 265
1933 1339 388 266
1933 1340 365 278
2026 1401 247 252
2026 1402 246 251
2026 1403 253 252
2026 1404 261 252
2026 1405 270 255
2026 1406 284 255
2026 1407 294 256
2026 1408 297 256
2026 1409 306 257
2026 1410 315 257
2026 1411 326 259
2026 1412 334 260
2026 1413 345 261
2026 1414 355 261
2026 1415 364 262
2026 1416 373 262
2026 1417 384 263
2026 1418 394 265
2026 1419 404 265
2026 1420 413 266
2026 1421 424 267
2026 1422 434 267
2026 1423 444 268
2026 1424 451 266
2026 1425 458 269
2026 1426 467 270
2026 1427 473 270
2026 1428 478 269
2026 1429 481 272
2026 1430 488 276
2042 1443 264 369
2042 1444 267 368
2042 1445 268 372
2042 1446 272 371
2042 1447 274 373
2042 1448 278 375
2042 1449 281 375
2042 1450 284 378
2042 1451 287 379
2042 1452 290 381
2042 1453 293 381
2042 1454 296 382
2042 1455 299 383
2042 1456 302 388
2042 1457 306 389
2042 1458 308 391
2042 1459 311 390
2042 1460 314 392
2042 1461 318 394
2042 1462 321 398
2042 1463 323 395
2042 1464 327 398
2042 1465 332 401
2042 1466 340 404
2042 1467 341 404
2042 1468 348 403
2042 1469 354 406
2042 1470 359 410
2042 1471 367 410
2042 1472 369 411
2066 1470 406 362
2066 1471 403 360
2066 1472 408 362
2066 1473 406 359
2066 1474 405 362
2066 1475 406 360
2066 1476 406 360
2066 1477 408 362
2066 1478 409 366
2066 1479 406 369
2066 1480 406 369
2066 1481 410 369
2066 1482 409 369
2066 1483 412 369
2066 1484 414 368
2066 1485 411 375
2066 1486 413 372
2066 1487 415 377
2066 1488 415 378
2066 1489 413 380
2066 1490 414 379
2066 1491 417 378
2066 1492 422 383
2066 1493 422 384
2066 1494 423 382
2066 1495 423 386
2066 1496 424 388
2066 1497 422 387
2066 1498 428 389
2066 1499 430 393
2066 1500 430 387
2066 1501 432 395
2066 1502 432 391
2066 1503 434 396
2066 1504 435 398
2066 1505 437 396
2066 1506 439 398
2066 1507 440 397
2066 1508 443 403
2066 1509 443 404
2066 1510 443 403
2066 1511 445 406
2066 1512 445 408
2066 1513 447 406
2066 1514 451 409
2066 1515 453 406
2066 1516 450 413
2066 1517 450 415
2066 1518 455 409
2066 1519 456 416
2066 1520 457 418
2066 1521 459 418
2066 1522 461 420
2066 1523 463 421
2066 1524 462 424
2066 1525 464 419
2066 1526 468 424
2066 1527 470 426
2066 1528 470 429
2066 1529 467 431
2066 1530 471 430
2066 1531 477 426
2066 1532 478 432
2066 1533 475 437
2066 1534 479 437
2066 1535 482 436
2066 1536 483 436
2105 1500 235 252
2105 1501 235 252
2105 1502 246 251
2105 1503 258 253
2105 1504 268 252
2105 1505 279 254
2105 1506 292 256
2105 1507 303 256
2105 1508 314 257
2105 1509 329 259
2105 1510 343 259
2105 1511 355 260
2105 1512 366 261
2105 1513 380 262
2105 1514 395 264
2105 1515 409 265
2105 1516 420 265
2105 1517 435 267
2105 1518 449 267
2105 1519 463 269
2105 1520 471 270
2156 1536 484 452
2156 1537 485 444
2156 1538 487 442
2156 1539 488 445
2156 1540 491 448
2156 1541 493 451
2156 1542 494 451
2156 1543 496 450
2156 1544 497 454
2156 1545 500 456
2156 1546 502 456
2156 1547 503 457
2156 1548 508 455
2156 1549 511 461
2156 1550 512 462
2156 1551 514 462
2156 1552 516 463
2156 1553 519 464
2156 1554 521 465
2156 1555 521 466
2156 1556 528 466
2156 1557 530 467
2156 1558 532 468
2156 1559 533 469
2156 1560 535 469
2156 1561 537 470
2156 1562 542 471
2156 1563 545 472
2156 1564 549 473
2156 1565 550 473
2156 1566 553 475
2156 1567 554 475
2156 1568 557 476
2181 1549 235 254
2181 1550 240 252
2181 1551 247 252
2181 1552 254 253
2181 1553 265 254
2181 1554 275 255
2181 1555 285 256
2181 1556 294 257
2181 1557 304 259
2181 1558 314 258
2181 1559 323 259
2181 1560 336 262
2181 1561 347 262
2181 1562 360 263
2181 1563 369 263
2181 1564 381 264
2181 1565 394 265
2181 1566 406 266
2181 1567 417 267
2181 1568 428 267
2181 1569 442 268
2181 1570 453 269
2181 1571 466 269
2181 1572 466 270
2181 1573 475 271
2181 1574 480 277
2399 1691 158 252
2399 1692 159 252
2399 1693 161 254
2399 1694 162 254
2399 1695 163 255
2399 1696 163 256
2399 1697 163 257
2399 1698 164 257
2399 1699 167 257
2399 1700 168 258
2399 1701 167 259
2399 1702 168 260
2399 1703 167 262
2399 1704 167 261
2399 1705 166 263
2399 1706 166 264
2399 1707 167 264
2399 1708 165 265
2399 1709 165 266
2399 1710 165 267
2399 1711 164 268
2399 1712 164 269
2399 1713 164 269
2399 1714 161 270
2399 1715 162 272
2399 1716 161 273
2399 1717 160 273
2399 1718 157 274
2399 1719 157 275
2399 1720 155 276
2399 1721 154 276
2399 1722 153 278
2399 1723 153 278
2399 1724 152 280
2399 1725 149 281
2399 1726 147 282
2399 1727 148 283
2399 1728 144 283
2399 1729 144 284
2399 1730 142 285
2399 1731 140 286
2399 1732 139 288
2399 1733 136 288
2399 1734 134 290
2399 1735 133 291
2399 1736 130 291
2399 1737 130 292
2399 1738 126 293
2399 1739 123 294
2399 1740 124 295
2399 1741 121 296
2399 1742 117 297
2399 1743 116 298
2399 1744 115 299
2399 1745 113 300
2399 1746 110 301
2399 1747 107 303
2399 1748 107 303
2399 1749 105 304
2399 1750 101 304
2399 1751 98 305
2399 1752 97 306
2399 1753 93 306
2399 1754 93 308
2399 1755 91 308
2399 1756 87 311
2399 1757 84 307
2399 1758 84 313
2399 1759 82 308
2399 1760 79 314
2399 1761 77 315
2399 1762 75 314
2399 1763 72 307
2399 1764 69 319
2399 1765 67 319
2399 1766 65 320
2399 1767 62 322
2399 1768 58 323
2399 1769 53 325
2399 1770 53 326
2399 1771 50 326
2399 1772 47 328
2399 1773 41 329
2399 1774 41 331
2399 1775 38 332
2399 1776 34 334
2399 1777 29 335
2399 1778 28 336
2399 1779 26 338
2399 1780 21 341
2399 1781 22 341
2399 1782 21 343
2399 1783 16 344
2399 1784 14 343
2399 1785 16 344
2399 1786 10 344
2399 1787 9 345
2399 1788 10 348
2399 1789 8 350
2399 1790 6 352
2399 1791 4 356
2605 1808 434 264
2605 1809 424 259
2605 1810 418 258
2605 1811 413 258
2605 1812 409 257
2605 1813 405 256
2605 1814 400 255
2605 1815 396 255
2605 1816 392 255
2605 1817 388 254
2605 1818 384 253
2605 1819 378 251
2605 1820 375 252
2605 1821 371 251
2605 1822 366 250
2605 1823 363 251
2605 1824 359 249
2605 1825 355 250
2605 1826 351 249
2605 1827 347 249
2605 1828 350 249
2605 1829 347 248
2605 1830 344 248
2605 1831 343 247
2605 1832 340 247
2605 1833 336 247
2605 1834 340 247
2672 1836 114 283
2672 1837 114 286
2672 1838 111 287
2672 1839 107 287
2672 1840 107 288
2672 1841 104 289
2672 1842 102 291
2672 1843 99 293
2672 1844 96 294
2672 1845 94 294
2672 1846 91 294
2672 1847 89 296
2672 1848 86 295
2672 1849 85 298
2672 1850 82 299
2672 1851 78 301
2672 1852 77 303
2672 1853 74 303
2672 1854 69 305
2672 1855 66 306
2672 1856 64 307
2672 1857 61 308
2672 1858 61 313
3275 2209 129 291
3275 2210 127 288
3275 2211 131 283
3275 2212 130 283
3275 2213 134 282
3275 2214 132 289
3275 2215 127 288
3275 2216 123 292
3275 2217 123 293
3275 2218 116 294
3275 2219 112 297
3275 2220 109 300
3275 2221 105 302
3275 2222 101 300
3275 2223 94 302
3275 2224 91 304
3275 2225 87 307
3275 2226 83 310
3275 2227 80 310
3275 2228 75 312
3441 2339 244 260
3441 2340 243 253
3441 2341 250 254
3441 2342 258 253
3441 2343 269 255
3441 2344 279 256
3441 2345 288 256
3441 2346 297 256
3441 2347 307 257
3441 2348 318 259
3441 2349 328 259
3441 2350 338 260
3441 2351 349 261
3441 2352 360 262
3441 2353 371 263
3441 2354 384 264
3441 2355 396 265
3441 2356 410 265
3441 2357 422 268
3441 2358 434 268
3441 2359 448 267
3441 2360 453 270
3441 2361 466 276
3535 2478 168 246
3535 2479 177 247
3535 2480 187 247
3535 2481 194 247
3535 2482 204 248
3535 2483 213 249
3535 2484 224 250
3535 2485 234 251
3535 2486 243 252
3535 2487 255 253
3535 2488 264 254
3535 2489 274 254
3535 2490 287 253
3535 2491 301 252
3535 2492 314 253
3535 2493 326 257
3535 2494 338 260
3535 2495 353 261
3535 2496 364 262
3535 2497 377 263
3535 2498 392 264
3535 2499 407 265
3535 2500 421 265
3535 2501 433 266
3535 2502 448 267
3535 2503 465 269
3535 2504 473 269
3535 2505 473 270
3535 2506 481 275
3709 2824 426 453
3709 2825 431 455
3709 2826 431 456
3709 2827 437 458
3709 2828 440 461
3709 2829 442 452
3709 2830 445 454
3709 2831 443 452
3709 2832 447 451
3709 2833 450 452
3709 2834 456 460
3709 2835 459 460
3709 2836 467 461
3709 2837 466 462
3709 2838 467 463
3709 2839 472 461
3709 2840 476 465
3709 2841 482 466
3709 2842 486 467
3709 2843 491 468
3709 2844 493 469
3709 2845 499 469
3709 2846 500 471
3709 2847 507 472
3709 2848 511 472
3709 2849 514 473
3709 2850 518 475
3709 2851 521 475
3709 2852 525 476
3750 2864 260 253
3750 2865 270 255
3750 2866 278 256
3750 2867 287 256
3750 2868 298 256
3750 2869 309 254
3750 2870 318 257
3750 2871 327 258
3750 2872 337 258
3750 2873 348 261
3750 2874 358 263
3750 2875 367 263
3750 2876 378 264
3750 2877 389 265
3750 2878 409 264
3750 2879 409 264
3750 2880 414 264
3750 2881 405 258
3750 2882 400 256
3752 2869 5 475
3752 2870 6 473
3752 2871 9 473
3752 2872 13 469
3752 2873 15 468
3752 2874 18 467
3752 2875 21 464
3752 2876 23 462
3752 2877 25 464
3752 2878 26 462
3752 2879 32 455
3752 2880 33 455
3752 2881 37 458
3752 2882 39 455
3752 2883 41 449
3752 2884 45 448
3752 2885 46 440
3752 2886 48 441
3752 2887 51 436
3752 2888 54 442
3752 2889 56 436
3752 2890 58 435
3752 2891 62 428
3752 2892 64 428
3752 2893 67 427
3812 2917 126 382
3812 2918 128 384
3812 2919 134 384
3812 2920 135 376
3812 2921 138 377
3812 2922 139 381
3812 2923 139 374
3812 2924 143 376
3812 2925 146 376
3812 2926 148 375
3812 2927 151 370
3812 2928 151 369
3812 2929 153 369
3812 2930 157 366
3812 2931 158 366
3812 2932 159 367
3812 2933 162 362
3812 2934 165 364
3812 2935 166 360
3812 2936 167 356
3812 2937 170 357
3812 2938 172 357
3812 2939 174 359
3812 2940 176 354
3812 2941 176 354
3812 2942 178 348
3812 2943 181 350
3812 2944 183 348
3812 2945 184 349
3812 2946 186 345
3812 2947 187 346
3812 2948 188 342
3812 2949 190 341
3812 2950 193 342
3812 2951 194 343
3812 2952 196 338
3812 2953 198 338
3812 2954 198 335
3812 2955 200 337
3812 2956 201 334
3812 2957 205 333
3812 2958 207 330
3812 2959 207 329
3812 2960 208 330
3812 2961 210 332
3812 2962 212 328
3812 2963 214 327
3812 2964 215 329
3812 2965 217 324
3812 2966 218 323
3812 2967 218 326
3812 2968 221 324
3812 2969 223 321
3812 2970 224 319
3812 2971 226 319
3812 2972 227 318
3812 2973 228 317
3812 2974 228 316
3812 2975 230 315
3812 2976 231 315
3812 2977 234 314
3812 2978 234 311
3812 2979 235 313
3812 2980 237 310
3812 2981 238 311
3812 2982 239 310
3812 2983 240 310
3812 2984 243 306
3812 2985 244 303
3812 2986 244 307
3812 2987 245 305
3812 2988 247 305
3812 2989 249 303
3812 2990 249 305
3812 2991 252 301
3812 2992 252 301
3812 2993 253 301
3812 2994 256 296
3812 2995 257 298
3812 2996 258 300
3812 2997 259 304
3840 2997 259 295
3840 2998 261 296
3840 2999 262 296
3840 3000 263 295
3840 3001 265 295
3840 3002 267 294
3840 3003 268 292
3840 3004 269 292
3840 3005 269 292
3840 3006 272 290
3840 3007 274 290
3840 3008 275 289
3840 3009 276 289
3840 3010 278 285
3840 3011 278 288
3840 3012 279 287
3840 3013 281 286
3840 3014 283 285
3840 3015 284 284
3840 3016 285 282
3840 3017 286 283
3840 3018 287 282
3840 3019 289 286
3840 3020 291 284
3840 3021 292 282
3840 3022 294 277
3840 3023 295 281
3840 3024 295 280
3840 3025 297 279
3840 3026 298 278
3840 3027 300 278
3840 3028 302 276
3840 3029 304 277
3840 3030 304 276
3840 3031 306 276
3840 3032 307 275
3840 3033 308 275
3840 3034 310 275
3840 3035 311 272
3840 3036 312 273
3840 3037 313 274
3840 3038 314 270
3840 3039 316 272
3840 3040 318 276
3840 3041 314 277
3881 3056 338 269
3881 3057 341 265
3881 3058 342 260
3881 3059 344 263
3881 3060 346 259
3881 3061 347 262
3881 3062 351 262
3881 3063 352 258
3881 3064 354 259
3881 3065 356 260
3881 3066 357 260
3881 3067 361 257
3881 3068 362 259
3881 3069 363 258
3881 3070 365 259
3881 3071 367 258
3881 3072 368 257
3881 3073 371 254
3881 3074 372 256
3881 3075 372 256
3881 3076 374 256
3881 3077 377 255
3881 3078 379 255
3881 3079 379 255
3881 3080 379 255
3881 3081 381 254
3881 3082 383 254
3881 3083 384 254
3881 3084 385 253
3881 3085 386 253
3881 3086 388 253
3881 3087 389 253
3881 3088 390 253
3881 3089 392 252
3881 3090 392 253
3881 3091 395 252
3881 3092 397 251
3881 3093 396 250
3881 3094 399 251
3881 3095 400 250
3881 3096 402 250
3881 3097 403 250
3881 3098 404 250
3881 3099 405 248
3881 3100 407 249
3881 3101 410 248
3881 3102 410 248
3881 3103 411 248
3882 3058 139 277
3882 3059 138 276
3882 3060 137 279
3882 3061 135 280
3882 3062 132 282
3882 3063 128 284
3882 3064 124 286
3882 3065 120 289
3882 3066 116 291
3882 3067 109 294
3882 3068 105 297
3882 3069 100 299
3882 3070 93 301
3882 3071 88 303
3882 3072 83 307
3882 3073 76 309
3882 3074 68 312
3882 3075 64 315
3882 3076 58 317
3882 3077 51 320
3882 3078 44 323
3882 3079 38 325
3882 3080 31 328
3882 3081 26 331
3882 3082 19 333
3882 3083 14 336
3882 3084 11 337
3882 3085 8 338
3882 3086 5 344
3924 3112 252 306
3924 3113 251 307
3924 3114 264 309
3924 3115 272 310
3924 3116 280 312
3924 3117 289 314
3924 3118 300 316
3924 3119 308 317
3924 3120 318 319
3924 3121 325 320
3924 3122 326 320
3924 3123 335 323
3924 3124 331 333
3924 3125 335 323
3926 3113 229 307
3926 3114 229 301
3926 3115 237 303
3926 3116 245 304
3926 3117 251 307
3926 3118 264 308
3926 3119 272 310
3926 3120 279 311
3926 3121 287 315
3926 3122 287 330
4127 3295 201 335
4127 3296 203 336
4127 3297 205 335
4127 3298 202 331
4127 3299 204 331
4127 3300 204 332
4127 3301 207 332
4127 3302 209 334
4127 3303 208 335
4127 3304 209 334
4127 3305 210 334
4127 3306 213 336
4127 3307 216 337
4127 3308 216 338
4127 3309 218 337
4127 3310 220 339
4127 3311 222 341
4127 3312 221 341
4127 3313 221 337
4127 3314 225 341
4127 3315 226 342
4127 3316 229 344
4127 3317 227 343
4127 3318 229 343
4127 3319 233 346
4127 3320 235 347
4127 3321 235 348
4127 3322 237 347
4127 3323 240 348
4127 3324 241 348
4127 3325 243 350
4127 3326 244 350
4127 3327 248 351
4127 3328 248 352
4127 3329 250 353
4127 3330 252 354
4127 3331 254 358
4127 3332 256 356
4127 3333 259 356
4127 3334 260 357
4127 3335 261 356
4127 3336 260 355
4165 3348 292 364
4165 3349 294 368
4165 3350 295 367
4165 3351 299 367
4165 3352 301 367
4165 3353 303 368
4165 3354 307 369
4165 3355 308 369
4165 3356 310 370
4165 3357 313 370
4165 3358 317 372
4165 3359 318 369
4165 3360 321 371
4165 3361 325 373
4165 3362 327 375
4165 3363 329 375
4165 3364 331 376
4165 3365 335 374
4165 3366 339 378
4165 3367 341 378
4165 3368 342 379
4165 3369 346 379
4165 3370 347 380
4165 3371 351 381
4165 3372 352 381
4165 3373 356 380
4165 3374 358 382
4165 3375 361 384
4165 3376 364 385
4165 3377 367 384
4165 3378 369 385
4165 3379 373 386
4165 3380 376 388
4165 3381 377 394
4165 3382 379 395
4348 3473 66 283
4348 3474 67 286
4348 3475 68 285
4348 3476 70 285
4348 3477 70 285
4348 3478 73 285
4348 3479 72 284
4348 3480 75 285
4348 3481 76 285
4348 3482 78 284
4348 3483 78 283
4348 3484 81 283
4348 3485 81 283
4348 3486 84 283
4348 3487 85 282
4348 3488 87 280
4348 3489 87 280
4348 3490 90 280
4348 3491 91 279
4348 3492 92 279
4348 3493 94 279
4348 3494 94 278
4348 3495 96 278
4348 3496 98 277
4348 3497 99 276
4348 3498 101 277
4348 3499 101 276
4348 3500 105 275
4348 3501 103 275
4348 3502 106 272
4348 3503 107 274
4348 3504 110 273
4348 3505 109 274
4348 3506 113 272
4348 3507 112 271
4348 3508 114 271
4348 3509 116 272
4348 3510 118 268
4348 3511 119 269
4348 3512 121 268
4348 3513 122 266
4348 3514 125 268
4348 3515 127 268
4348 3516 130 268
4348 3517 131 267
4348 3518 132 267
4348 3519 135 268
4348 3520 136 266
4348 3521 137 266
4348 3522 139 266
4348 3523 140 265
4348 3524 142 265
4348 3525 142 263
4348 3526 144 263
4348 3527 146 261
4348 3528 146 261
4348 3529 147 261
4348 3530 149 262
4348 3531 149 261
4348 3532 149 259
4468 3599 391 260
4468 3600 379 259
4468 3601 366 258
4468 3602 351 257
4468 3603 339 255
4468 3604 327 252
4468 3605 313 250
4468 3606 300 251
4468 3607 287 250
4468 3608 276 248
4468 3609 265 248
4468 3610 254 247
4468 3611 246 246
4468 3612 226 247
4469 3601 20 305
4469 3602 23 300
4469 3603 21 296
4469 3604 25 297
4469 3605 27 296
4469 3606 26 296
4469 3607 28 292
4469 3608 30 293
4469 3609 33 297
4469 3610 32 291
4469 3611 35 292
4469 3612 35 293
4469 3613 36 291
4469 3614 39 293
4469 3615 42 290
4469 3616 43 291
4469 3617 44 290
4469 3618 45 288
4469 3619 49 289
4469 3620 50 288
4469 3621 49 286
4469 3622 51 286
4469 3623 52 284
4469 3624 54 286
4469 3625 55 284
4469 3626 57 284
4469 3627 58 284
4469 3628 59 283
4469 3629 60 281
4469 3630 63 283
4469 3631 64 282
4469 3632 66 283
4469 3633 67 281
4469 3634 70 281
4469 3635 70 281
4469 3636 73 280
4469 3637 72 281
4469 3638 74 280
4469 3639 74 284
4469 3640 76 280
4469 3641 78 275
4469 3642 81 277
4469 3643 80 275
4469 3644 82 274
4469 3645 83 273
4469 3646 84 274
4469 3647 86 274
4469 3648 87 276
4469 3649 87 271
4469 3650 89 272
4469 3651 90 270
4469 3652 91 269
4469 3653 92 272
4469 3654 91 269
4570 3714 5 344
4570 3715 5 343
4570 3716 5 340
4570 3717 7 339
4570 3718 9 338
4570 3719 8 338
4570 3720 9 335
4570 3721 11 334
4570 3722 10 332
4570 3723 12 330
4570 3724 12 329
4570 3725 12 326
4570 3726 12 325
4570 3727 12 324
4570 3728 16 322
4570 3729 16 321
4570 3730 16 324
4570 3731 18 320
4570 3732 19 318
4570 3733 19 317
4570 3734 18 316
4570 3735 20 314
4570 3736 21 311
4570 3737 21 313
4570 3738 24 310
4570 3739 24 308
4570 3740 25 306
4570 3741 26 309
4570 3742 26 307
4570 3743 27 307
4570 3744 30 306
4570 3745 30 305
4570 3746 34 304
4570 3747 33 303
4570 3748 34 302
4570 3749 37 301
4570 3750 38 299
4570 3751 42 299
4570 3752 40 299
4570 3753 44 298
4570 3754 45 297
4570 3755 47 297
4570 3756 47 297
4570 3757 50 300
4573 3717 27 328
4573 3718 27 326
4573 3719 29 325
4573 3720 29 324
4573 3721 30 323
4573 3722 31 322
4573 3723 31 321
4573 3724 32 319
4573 3725 33 318
4573 3726 33 317
4573 3727 34 316
4573 3728 35 314
4573 3729 36 313
4573 3730 36 312
4573 3731 37 311
4573 3732 38 310
4573 3733 40 309
4573 3734 41 308
4573 3735 42 309
4573 3736 43 306
4573 3737 44 305
4573 3738 45 305
4573 3739 47 304
4573 3740 50 302
4573 3741 50 301
4573 3742 52 302
4573 3743 54 301
4573 3744 56 302
4573 3745 59 301
4573 3746 59 299
4573 3747 64 299
4573 3748 66 299
4573 3749 68 298
4573 3750 70 296
4573 3751 69 295
4573 3752 73 295
4573 3753 73 296
4573 3754 74 293
4573 3755 69 286
4573 3756 77 292
4727 3851 324 255
4727 3852 332 256
4727 3853 333 256
4727 3854 328 257
4727 3855 338 258
4727 3856 350 259
4727 3857 362 259
4727 3858 371 259
4727 3859 381 261
4727 3860 391 262
4727 3861 401 262
4727 3862 411 263
4727 3863 422 264
4727 3864 432 265
4727 3865 440 266
4727 3866 451 267
4727 3867 458 267
4727 3868 469 264
4727 3869 478 264
4727 3870 485 267
4827 3926 363 261
4827 3927 364 264
4827 3928 362 265
4827 3929 365 265
4827 3930 367 262
4827 3931 377 259
4827 3932 379 258
4827 3933 367 256
4827 3934 356 255
4827 3935 345 253
4827 3936 335 253
4827 3937 324 250
4827 3938 313 251
4827 3939 303 249
4827 3940 295 249
4827 3941 276 261
4849 3945 305 257
4849 3946 319 258
4849 3947 329 259
4849 3948 343 261
4849 3949 358 261
4849 3950 370 262
4849 3951 383 263
4849 3952 399 262
4849 3953 414 262
4849 3954 427 267
4849 3955 441 266
4849 3956 457 266
4849 3957 466 268
4849 3958 475 268
4950 4117 457 263
4950 4118 448 262
4950 4119 440 261
4950 4120 431 261
4950 4121 425 262
4950 4122 418 260
4950 4123 409 259
4950 4124 402 259
4950 4125 393 259
4950 4126 386 257
4950 4127 378 257
4950 4128 373 257
4950 4129 366 256
4950 4130 360 255
4950 4131 353 253
4950 4132 345 254
4950 4133 337 254
4950 4134 332 252
4950 4135 326 247
4950 4136 320 251
4950 4137 314 250
4950 4138 308 251
4950 4139 303 250
4950 4140 298 250
4950 4141 294 250
4950 4142 287 249
4950 4143 282 249
4950 4144 276 250
4950 4145 271 250
4950 4146 266 249
4950 4147 260 249
4950 4148 255 249
4950 4149 251 250
4950 4150 246 252
4950 4151 240 251
4950 4152 235 253
4950 4153 242 251
4950 4154 240 253
4965 4138 196 258
4965 4139 194 258
4965 4140 192 259
4965 4141 196 254
4965 4142 188 252
4965 4143 185 254
4965 4144 182 263
4965 4145 176 263
4965 4146 175 263
4965 4147 170 264
4965 4148 170 265
4965 4149 168 267
4965 4150 165 267
4965 4151 164 269
4965 4152 160 265
4965 4153 155 270
4965 4154 155 267
4965 4155 150 268
4965 4156 146 269
4965 4157 144 275
4965 4158 141 271
4965 4159 140 276
4965 4160 138 274
4965 4161 134 274
4965 4162 132 276
4965 4163 128 277
4965 4164 123 279
4965 4165 120 280
4965 4166 119 280
4965 4167 116 282
4965 4168 111 283
4965 4169 109 285
4965 4170 107 286
4965 4171 103 287
4965 4172 100 295
4965 4173 93 296
4965 4174 94 291
4965 4175 92 283
4965 4176 88 284
4984 4153 223 255
4984 4154 219 256
4984 4155 215 256
4984 4156 215 256
4984 4157 214 256
4984 4158 213 256
4984 4159 214 256
4984 4160 212 255
4984 4161 215 256
4984 4162 213 257
4984 4163 199 256
4984 4164 199 255
4984 4165 190 255
4984 4166 186 264
4984 4167 185 265
4984 4168 183 264
4984 4169 185 265
4984 4170 183 265
4984 4171 181 266
4984 4172 178 266
4984 4173 175 267
4984 4174 174 267
4984 4175 173 268
4984 4176 171 269
4984 4177 168 270
4984 4178 167 271
4984 4179 165 273
4984 4180 163 273
4984 4181 160 275
4984 4182 158 275
4984 4183 156 275
4984 4184 154 276
4984 4185 151 277
4984 4186 149 279
4984 4187 147 279
4984 4188 144 281
4984 4189 142 281
4984 4190 140 283
4984 4191 137 283
4984 4192 133 284
4984 4193 131 285
4984 4194 129 286
4984 4195 126 287
4984 4196 123 288
4984 4197 121 290
4984 4198 119 291
4984 4199 116 291
4984 4200 113 292
4984 4201 111 294
4984 4202 108 294
4984 4203 116 290
5021 4175 90 300
5021 4176 86 302
5021 4177 84 304
5021 4178 81 305
5021 4179 78 304
5021 4180 70 303
5021 4181 67 308
5021 4182 67 311
5021 4183 63 310
5021 4184 60 312
5021 4185 56 314
5021 4186 50 315
5021 4187 50 310
5021 4188 46 313
5021 4189 40 315
5021 4190 39 316
5021 4191 36 317
5021 4192 32 319
5021 4193 27 326
5021 4194 25 322
5021 4195 18 323
5021 4196 18 325
5021 4197 13 317
5021 4198 20 323
5021 4199 26 325
5021 4200 23 324
5021 4201 25 321
5021 4202 34 317
5021 4203 29 319
5021 4204 30 320
5021 4205 30 322
5021 4206 24 321
5021 4207 19 325
5021 4208 17 325
5021 4209 16 327
5021 4210 14 329
5021 4211 11 330
5021 4212 10 331
5034 4182 235 250
5034 4183 235 251
5034 4184 245 251
5034 4185 255 252
5034 4186 264 252
5034 4187 272 254
5034 4188 282 255
5034 4189 292 255
5034 4190 301 257
5034 4191 312 258
5034 4192 323 258
5034 4193 331 259
5034 4194 342 260
5034 4195 354 260
5034 4196 365 260
5034 4197 374 263
5034 4198 384 264
5034 4199 396 265
5034 4200 406 266
5241 4355 235 251
5241 4356 241 249
5241 4357 247 251
5241 4358 248 250
5241 4359 259 251
5241 4360 270 253
5241 4361 279 254
5241 4362 289 255
5241 4363 300 255
5241 4364 312 257
5241 4365 323 258
5241 4366 332 259
5241 4367 345 260
5241 4368 358 261
5241 4369 370 262
5241 4370 381 263
5241 4371 394 264
5241 4372 406 265
5241 4373 417 266
5241 4374 431 267
5241 4375 444 267
5241 4376 457 267
5241 4377 456 269
5481 4519 483 268
5481 4520 479 266
5481 4521 471 265
5481 4522 460 265
5481 4523 448 263
5481 4524 436 263
5481 4525 421 262
5481 4526 411 260
5481 4527 398 259
5481 4528 387 258
5481 4529 374 257
5481 4530 363 257
5481 4531 352 255
5481 4532 344 255
5481 4533 334 252
5481 4534 325 253
5481 4535 318 254
5481 4536 309 250
5481 4537 302 251
5481 4538 295 251
5481 4539 288 250
5481 4540 284 249
5481 4541 277 250
5481 4542 270 249
5481 4543 265 250
5481 4544 262 249
5481 4545 268 249
5493 4535 332 339
5493 4536 334 337
5493 4537 334 332
5493 4538 334 329
5493 4539 335 332
5493 4540 338 331
5493 4541 338 335
5493 4542 338 335
5493 4543 340 331
5493 4544 340 337
5493 4545 342 334
5493 4546 341 335
5493 4547 343 333
5493 4548 347 340
5493 4549 346 341
5493 4550 347 341
5493 4551 346 339
5493 4552 349 343
5493 4553 350 340
5493 4554 352 344
5493 4555 350 343
5493 4556 354 347
5493 4557 356 343
5493 4558 354 347
5493 4559 355 347
5493 4560 358 344
5493 4561 361 350
5493 4562 361 345
5493 4563 362 347
5493 4564 364 348
5493 4565 363 355
5493 4566 365 353
5493 4567 366 353
5493 4568 367 355
5493 4569 369 356
5493 4570 370 356
5493 4571 374 357
5493 4572 375 358
5493 4573 376 360
5493 4574 376 355
5493 4575 377 360
5493 4576 380 362
5493 4577 379 364
5493 4578 380 365
5493 4579 383 364
5493 4580 384 360
5493 4581 384 365
5493 4582 385 368
5493 4583 387 368
5493 4584 387 369
5493 4585 391 367
5493 4586 393 371
5493 4587 393 371
5493 4588 395 372
5493 4589 395 370
5493 4590 396 371
5493 4591 398 377
5493 4592 398 376
5504 4554 210 251
5504 4555 211 252
5504 4556 203 253
5504 4557 193 255
5504 4558 189 256
5504 4559 185 256
5504 4560 190 256
5504 4561 185 257
5504 4562 182 258
5504 4563 179 258
5504 4564 175 260
5504 4565 172 260
5504 4566 170 262
5504 4567 166 263
5504 4568 163 265
5504 4569 158 266
5504 4570 155 267
5504 4571 152 269
5504 4572 148 270
5504 4573 144 272
5504 4574 141 274
5504 4575 138 276
5504 4576 132 278
5504 4577 128 280
5504 4578 124 282
5504 4579 118 285
5504 4580 113 287
5504 4581 109 289
5504 4582 103 292
5504 4583 97 295
5504 4584 90 299
5504 4585 85 301
5504 4586 79 304
5504 4587 71 307
5504 4588 63 311
5504 4589 56 313
5504 4590 50 318
5504 4591 40 322
5504 4592 32 327
5504 4593 28 330
5504 4594 25 333
5504 4595 20 335
5504 4596 16 336
5504 4597 11 339
5504 4598 8 343
5535 4612 299 255
5535 4613 302 256
5535 4614 315 257
5535 4615 328 258
5535 4616 340 259
5535 4617 351 260
5535 4618 366 262
5535 4619 381 263
5535 4620 392 265
5535 4621 405 265
5535 4622 421 266
5535 4623 434 268
5535 4624 447 263
5535 4625 460 269
5535 4626 464 270
5550 4624 40 404
5550 4625 41 403
5550 4626 42 404
5550 4627 44 402
5550 4628 41 403
5550 4629 47 403
5550 4630 49 404
5550 4631 49 405
5550 4632 51 405
5550 4633 56 406
5550 4634 57 407
5550 4635 60 409
5550 4636 63 411
5550 4637 67 411
5550 4638 73 413
5550 4639 74 415
5550 4640 78 418
5550 4641 82 420
5550 4642 86 424
5550 4643 90 426
5550 4644 93 429
5550 4645 97 434
5550 4646 101 438
5550 4647 106 442
5550 4648 111 446
5550 4649 115 451
5550 4650 119 456
5550 4651 121 455
5550 4652 122 453
5550 4653 127 459
5550 4654 123 454
5550 4655 124 454
5550 4656 130 461
5550 4657 134 465
5550 4658 137 468
5550 4659 138 470
5550 4660 139 469
5550 4661 139 470
5550 4662 141 471
5550 4663 144 475
5655 4725 209 474
5655 4726 211 473
5655 4727 219 473
5655 4728 223 473
5655 4729 228 472
5655 4730 232 471
5655 4731 235 471
5655 4732 240 471
5655 4733 245 471
5655 4734 250 470
5655 4735 255 469
5655 4736 260 469
5655 4737 265 469
5655 4738 270 468
5655 4739 277 468
5655 4740 280 467
5655 4741 283 467
5655 4742 288 466
5655 4743 292 466
5655 4744 296 466
5655 4745 300 465
5655 4746 307 465
5655 4747 311 465
5655 4748 314 465
5655 4749 318 460
5655 4750 322 459
5655 4751 326 460
5655 4752 329 462
5655 4753 331 465
5687 4802 484 268
5687 4803 482 266
5687 4804 477 265
5687 4805 470 265
5687 4806 460 265
5687 4807 448 263
5687 4808 439 263
5687 4809 431 262
5687 4810 421 262
5687 4811 408 260
5687 4812 400 259
5687 4813 390 259
5687 4814 380 259
5687 4815 370 258
5687 4816 361 257
5687 4817 352 256
5687 4818 343 255
5687 4819 332 254
5687 4820 324 254
5687 4821 316 252
5687 4822 305 253
5687 4823 296 250
5687 4824 290 252
5687 4825 280 250
5687 4826 271 249
5687 4827 263 248
5687 4828 255 248
5687 4829 249 247
5687 4830 244 247
5771 4914 4 343
5771 4915 6 342
5771 4916 9 340
5771 4917 12 338
5771 4918 15 335
5771 4919 17 332
5771 4920 20 329
5771 4921 25 326
5771 4922 30 324
5771 4923 36 322
5771 4924 40 321
5771 4925 45 320
5771 4926 51 319
5771 4927 55 317
5771 4928 58 315
5771 4929 62 313
5964 5089 478 265
5964 5090 474 265
5964 5091 470 264
5964 5092 457 265
5964 5093 443 264
5964 5094 429 263
5964 5095 417 263
5964 5096 399 261
5964 5097 380 260
5964 5098 368 258
5964 5099 353 257
5964 5100 338 255
5964 5101 324 254
5964 5102 312 254
5964 5103 301 252
5964 5104 294 251
5964 5105 282 250
5964 5106 272 249
5964 5107 270 253
6013 5176 486 270
6013 5177 480 267
6013 5178 475 263
6013 5179 469 262
6013 5180 458 262
6013 5181 448 261
6013 5182 434 261
6013 5183 422 260
6013 5184 411 258
6013 5185 399 257
6013 5186 387 256
6013 5187 374 255
6013 5188 364 253
6013 5189 353 253
6013 5190 341 252
6013 5191 311 252
6013 5192 307 252
6013 5193 304 252
6013 5194 299 253
6013 5195 296 252
6013 5196 293 251
6013 5197 315 257
6013 5198 321 259
6013 5199 326 260
6013 5200 329 259
6013 5201 335 260
6013 5202 340 261
6013 5203 345 261
6013 5204 350 261
6013 5205 355 261
6013 5206 353 260
6071 5260 58 297
6071 5261 59 292
6071 5262 57 290
6071 5263 60 292
6071 5264 60 291
6071 5265 62 288
6071 5266 65 289
6071 5267 67 289
6071 5268 67 288
6071 5269 69 289
6071 5270 71 287
6071 5271 70 283
6071 5272 72 283
6071 5273 75 286
6071 5274 76 284
6071 5275 79 285
6071 5276 80 284
6071 5277 80 283
6071 5278 86 283
6071 5279 89 282
6071 5280 91 282
6071 5281 95 282
6071 5282 99 281
6071 5283 96 277
6071 5284 103 280
6071 5285 106 279
6071 5286 108 277
6071 5287 109 273
6071 5288 113 275
6071 5289 119 276
6071 5290 119 271
6461 5561 316 261
6461 5562 326 262
6461 5563 336 260
6461 5564 351 259
6461 5565 365 260
6461 5566 377 262
6461 5567 388 262
6461 5568 402 264
6461 5569 417 265
6461 5570 430 266
6461 5571 442 268
6461 5572 453 267
6461 5573 461 268
6461 5574 468 268
6461 5575 473 270
6461 5576 482 271
6461 5577 488 276
6556 5613 458 263
6556 5614 449 262
6556 5615 435 261
6556 5616 424 261
6556 5617 412 260
6556 5618 399 259
6556 5619 386 259
6556 5620 377 257
6556 5621 364 256
6556 5622 351 256
6556 5623 339 254
6556 5624 329 253
6556 5625 317 254
6556 5626 306 253
6556 5627 294 250
6556 5628 281 249
6556 5629 271 249
6556 5630 262 248
6556 5631 253 246
6556 5632 246 247
6556 5633 242 247
6556 5634 234 248
6588 5637 140 291
6588 5638 141 291
6588 5639 141 281
6588 5640 143 277
6588 5641 144 280
6588 5642 147 277
6588 5643 150 277
6588 5644 151 274
6588 5645 152 276
6588 5646 154 275
6588 5647 156 274
6588 5648 156 276
6588 5649 158 272
6588 5650 159 272
6588 5651 160 271
6588 5652 161 269
6588 5653 162 269
6588 5654 164 269
6588 5655 164 272
6588 5656 166 269
6588 5657 168 269
6588 5658 169 267
6588 5659 170 269
6588 5660 172 268
6588 5661 173 265
6588 5662 175 267
6588 5663 175 265
6588 5664 177 264
6588 5665 179 265
6588 5666 179 265
6588 5667 181 263
6588 5668 182 266
6588 5669 184 263
6588 5670 185 260
6588 5671 187 263
6588 5672 188 263
6588 5673 189 263
6588 5674 192 260
6588 5675 192 259
6742 5740 445 341
6742 5741 447 343
6742 5742 446 344
6742 5743 444 346
6742 5744 449 344
6742 5745 452 344
6742 5746 453 349
6742 5747 455 348
6742 5748 457 348
6742 5749 459 349
6742 5750 460 353
6742 5751 463 352
6742 5752 466 350
6742 5753 468 351
6742 5754 469 353
6742 5755 471 355
6742 5756 473 350
6742 5757 474 358
6742 5758 475 362
6742 5759 480 358
6742 5760 483 358
6742 5761 483 359
6742 5762 486 365
6742 5763 486 362
6742 5764 488 362
6742 5765 490 366
6742 5766 491 367
6742 5767 493 369
6742 5768 499 368
6742 5769 497 370
6742 5770 499 372
6742 5771 500 374
6742 5772 505 371
6742 5773 505 376
6742 5774 507 376
6742 5775 510 379
6742 5776 512 377
6742 5777 515 378
6742 5778 518 378
6742 5779 520 380
6742 5780 522 382
6742 5781 524 385
6742 5782 526 386
6742 5783 529 386
6742 5784 532 386
6742 5785 533 390
6742 5786 535 393
6742 5787 538 392
6742 5788 541 393
6742 5789 540 394
6742 5790 547 393
6742 5791 547 393
6833 5839 487 268
6833 5840 483 267
6833 5841 482 264
6833 5842 471 264
6833 5843 461 264
6833 5844 451 262
6833 5845 439 262
6833 5846 426 261
6833 5847 414 260
6833 5848 402 258
6833 5849 392 257
6833 5850 379 257
6833 5851 367 256
6833 5852 356 255
6833 5853 345 254
6833 5854 335 254
6833 5855 321 252
6833 5856 311 250
6833 5857 302 251
6833 5858 293 250
6833 5859 280 249
6833 5860 271 248
6833 5861 262 248
6833 5862 251 247
6833 5863 245 247
6867 5929 479 271
6867 5930 475 265
6867 5931 471 265
6867 5932 459 264
6867 5933 444 263
6867 5934 420 262
6867 5935 403 260
6867 5936 394 259
6867 5937 382 258
6867 5938 364 257
6867 5939 351 256
6867 5940 339 254
6867 5941 323 252
6867 5942 309 252
6867 5943 309 251
7312 6472 441 267
7312 6473 442 267
7312 6474 452 268
7312 6475 460 267
7312 6476 459 269
7312 6477 468 269
7312 6478 479 271
7312 6479 488 275
7312 6480 486 270
7312 6481 480 266
7312 6482 475 264
7312 6483 471 264
7312 6484 467 263
7312 6485 455 263
7312 6486 443 262
7312 6487 434 261
7312 6488 423 261
7312 6489 411 259
7312 6490 401 259
7312 6491 391 258
7312 6492 399 253
7350 6492 371 258
7350 6493 370 258
7350 6494 359 259
7350 6495 356 258
7350 6496 341 258
7350 6497 326 252
7350 6498 318 252
7350 6499 309 250
7350 6500 299 251
7350 6501 290 248
7350 6502 280 249
7350 6503 270 247
7350 6504 260 249
7350 6505 254 246
7357 6501 122 288
7357 6502 123 292
7357 6503 125 294
7357 6504 125 294
7357 6505 126 292
7357 6506 130 292
7357 6507 130 293
7357 6508 132 293
7357 6509 132 293
7357 6510 136 295
7357 6511 136 295
7357 6512 138 296
7357 6513 140 296
7357 6514 143 294
7357 6515 142 295
7357 6516 144 296
7357 6517 147 294
7357 6518 149 294
7357 6519 150 294
7357 6520 152 294
7357 6521 154 294
7357 6522 155 294
7357 6523 157 294
7357 6524 159 294
7357 6525 161 294
7357 6526 161 295
7357 6527 163 295
7357 6528 166 295
7357 6529 167 295
7357 6530 169 295
7357 6531 170 296
7357 6532 171 297
7357 6533 173 297
7357 6534 175 298
7357 6535 178 299
7357 6536 180 300
7357 6537 180 299
7357 6538 181 299
7357 6539 183 300
7357 6540 184 300
7357 6541 187 302
7357 6542 187 300
7357 6543 189 302
7357 6544 190 302
7357 6545 192 303
7357 6546 192 302
7357 6547 195 305
7357 6548 195 305
7357 6549 196 304
7357 6550 195 305
7357 6551 200 306
7357 6552 199 303
7357 6553 201 306
7357 6554 201 307
7357 6555 203 307
7357 6556 204 307
7357 6557 204 305
7357 6558 204 306
7357 6559 204 303
7357 6560 206 306
7357 6561 207 305
7357 6562 204 306
7357 6563 207 306
7412 6610 146 246
7412 6611 169 253
7412 6612 170 254
7412 6613 170 254
7412 6614 171 255
7412 6615 171 256
7412 6616 171 257
7412 6617 172 258
7412 6618 168 250
7412 6619 170 255
7412 6620 168 252
7412 6621 169 253
7412 6622 168 254
7412 6623 168 253
7412 6624 168 255
7412 6625 165 255
7412 6626 184 251
7412 6627 179 253
7412 6628 162 260
7412 6629 161 261
7412 6630 156 262
7412 6631 158 264
7412 6632 156 266
7412 6633 153 265
7412 6634 148 268
7412 6635 146 270
7412 6636 142 271
7412 6637 138 274
7412 6638 134 275
7412 6639 133 276
7412 6640 127 276
7412 6641 126 280
7412 6642 122 281
7412 6643 118 281
7412 6644 114 283
7412 6645 111 286
7412 6646 107 286
7412 6647 102 288
7412 6648 97 289
7412 6649 94 292
7412 6650 91 293
7412 6651 86 295
7412 6652 81 296
7412 6653 77 298
7412 6654 73 299
7412 6655 67 300
7412 6656 63 304
7412 6657 58 306
7412 6658 54 306
7412 6659 49 308
7412 6660 44 311
7412 6661 39 313
7412 6662 35 314
7412 6663 28 317
7412 6664 23 319
7412 6665 19 321
7412 6666 17 321
7412 6667 14 326
7412 6668 11 328
7412 6669 8 331
7412 6670 6 332
7412 6671 4 331
7428 6632 163 253
7428 6633 162 254
7428 6634 161 256
7428 6635 158 262
7428 6636 157 261
7428 6637 156 264
7428 6638 154 267
7428 6639 151 268
7428 6640 146 264
7428 6641 147 270
7428 6642 144 269
7428 6643 141 274
7428 6644 138 275
7428 6645 135 277
7428 6646 136 278
7428 6647 129 279
7428 6648 129 281
7428 6649 122 282
7428 6650 119 284
7428 6651 114 286
7428 6652 110 288
7428 6653 103 289
7428 6654 103 291
7428 6655 99 294
7428 6656 95 295
7428 6657 91 293
7428 6658 83 297
7428 6659 82 298
7428 6660 77 301
7428 6661 73 303
7428 6662 69 305
7428 6663 65 306
7428 6664 57 309
7428 6665 56 310
7428 6666 48 313
7428 6667 46 311
7428 6668 40 316
7428 6669 37 318
7428 6670 32 321
7428 6671 26 323
7428 6672 21 325
7428 6673 17 327
7428 6674 15 328
7428 6675 13 332
7428 6676 10 331
7428 6677 8 339
7428 6678 6 342
7428 6679 3 343
7500 6730 146 279
7500 6731 143 275
7500 6732 138 278
7500 6733 136 276
7500 6734 133 277
7500 6735 128 278
7500 6736 126 279
7500 6737 121 281
7500 6738 117 282
7500 6739 113 284
7500 6740 110 284
7500 6741 107 286
7500 6742 103 288
7500 6743 99 290
7500 6744 94 290
7500 6745 88 292
7500 6746 87 294
7500 6747 84 295
7500 6748 77 296
7500 6749 75 298
7500 6750 70 295
7500 6751 68 296
7539 6755 124 289
7539 6756 125 287
7539 6757 123 289
7539 6758 124 289
7539 6759 122 290
7539 6760 115 292
7539 6761 120 292
7539 6762 114 294
7539 6763 106 296
7539 6764 104 298
7539 6765 100 298
7539 6766 97 304
7539 6767 102 299
7539 6768 96 301
7539 6769 91 302
7539 6770 89 303
7539 6771 86 305
7539 6772 80 311
7539 6773 78 310
7539 6774 75 313
7539 6775 75 308
7539 6776 75 309
7539 6777 74 311
7539 6778 74 306
7539 6779 75 311
7539 6780 68 312
7539 6781 65 313
7539 6782 65 309
7684 6906 428 368
7684 6907 424 366
7684 6908 429 363
7684 6909 428 361
7684 6910 428 357
7684 6911 424 360
7684 6912 421 360
7684 6913 418 358
7684 6914 416 358
7684 6915 412 356
7684 6916 410 357
7684 6917 410 356
7684 6918 405 353
7684 6919 402 353
7684 6920 401 353
7684 6921 398 351
7684 6922 395 351
7684 6923 392 348
7684 6924 391 352
7684 6925 389 350
7684 6926 388 348
7684 6927 383 347
7684 6928 382 347
7684 6929 379 347
7684 6930 376 345
7684 6931 373 346
7684 6932 371 344
7684 6933 369 344
7684 6934 365 343
7684 6935 364 342
7684 6936 362 343
7684 6937 358 340
7684 6938 355 341
7684 6939 352 341
7684 6940 351 340
7684 6941 349 339
7684 6942 344 338
7684 6943 343 338
7684 6944 342 337
7684 6945 339 335
7684 6946 335 336
7684 6947 333 337
7684 6948 333 335
7684 6949 329 334
7684 6950 326 333
7684 6951 325 332
7684 6952 325 336
7684 6953 320 331
7684 6954 317 332
7684 6955 316 331
7684 6956 314 331
7684 6957 311 329
7684 6958 308 330
7684 6959 308 328
7684 6960 305 326
7684 6961 302 327
7684 6962 301 328
7684 6963 298 323
7684 6964 298 325
7684 6965 295 324
7684 6966 294 319
7684 6967 292 323
7684 6968 290 319
7684 6969 288 321
7684 6970 288 320
7684 6971 286 319
7684 6972 285 319
7684 6973 285 321
7684 6974 283 317
7684 6975 281 315
7684 6976 278 313
7684 6977 279 315
7684 6978 278 316
7684 6979 276 315
7684 6980 274 313
7684 6981 274 308
7684 6982 272 312
7684 6983 270 309
7684 6984 268 311
7684 6985 267 309
7684 6986 266 309
7684 6987 265 308
7684 6988 264 310
7684 6989 261 307
7684 6990 260 307
7684 6991 257 303
7684 6992 256 305
7684 6993 256 304
7684 6994 254 303
7684 6995 253 302
7684 6996 252 303
7684 6997 251 302
7684 6998 249 302
7684 6999 247 298
7684 7000 245 301
7684 7001 245 302
7684 7002 244 301
7684 7003 243 300
7684 7004 240 298
7684 7005 240 298
7684 7006 238 297
7684 7007 236 296
7684 7008 234 298
7684 7009 235 299
7722 6990 245 252
7722 6991 242 253
7722 6992 245 253
7722 6993 249 252
7722 6994 252 251
7722 6995 257 253
7722 6996 261 254
7722 6997 267 254
7722 6998 269 254
7722 6999 275 254
7722 7000 281 255
7722 7001 286 255
7722 7002 291 256
7722 7003 297 256
7722 7004 302 257
7722 7005 308 257
7722 7006 314 258
7722 7007 321 258
7722 7008 328 258
7722 7009 334 259
7722 7010 341 259
7722 7011 348 259
7722 7012 354 261
7722 7013 361 261
7722 7014 368 260
7722 7015 375 262
7722 7016 381 262
7722 7017 389 263
7722 7018 399 265
7722 7019 402 264
7722 7020 410 265
7722 7021 414 265
7722 7022 419 266
7722 7023 426 266
7722 7024 433 266
7722 7025 438 267
7722 7026 443 267
7722 7027 450 267
7722 7028 454 268
7722 7029 460 267
7722 7030 465 268
7722 7031 468 268
7722 7032 471 269
7722 7033 467 270
7730 6996 177 259
7730 6997 178 260
7730 6998 177 259
7730 6999 176 258
7730 7000 176 260
7730 7001 174 264
7730 7002 173 265
7730 7003 172 264
7730 7004 170 265
7730 7005 167 268
7730 7006 166 269
7730 7007 163 271
7730 7008 161 273
7730 7009 158 275
7730 7010 157 276
7730 7011 151 278
7730 7012 150 281
7730 7013 145 283
7730 7014 148 283
7730 7015 143 285
7730 7016 133 291
7730 7017 136 290
7730 7018 124 289
7730 7019 124 296
7730 7020 125 296
7730 7021 115 294
7730 7022 118 299
7730 7023 112 302
7730 7024 108 305
7730 7025 121 309
7730 7026 114 302
7730 7027 123 309
7777 7050 175 285
7777 7051 176 281
7777 7052 174 279
7777 7053 172 277
7777 7054 172 282
7777 7055 171 277
7777 7056 170 277
7777 7057 170 273
7777 7058 169 275
7777 7059 167 274
7777 7060 166 276
7777 7061 165 274
7777 7062 165 274
7777 7063 164 272
7777 7064 164 273
7777 7065 164 272
7777 7066 162 271
7777 7067 162 273
7777 7068 162 275
7777 7069 160 271
7777 7070 159 270
7777 7071 158 268
7777 7072 159 270
7777 7073 158 269
7777 7074 156 267
7777 7075 157 271
7777 7076 155 270
7777 7077 153 270
7777 7078 152 269
7777 7079 152 269
7777 7080 150 268
7777 7081 149 270
7777 7082 149 270
7777 7083 147 268
7777 7084 146 267
7777 7085 144 263
7777 7086 143 265
7777 7087 143 266
7777 7088 140 264
7777 7089 140 264
7777 7090 138 267
7777 7091 138 267
7777 7092 135 265
7777 7093 135 265
7777 7094 134 267
7777 7095 133 265
7777 7096 132 264
7777 7097 132 264
7777 7098 130 265
7777 7099 130 264
7777 7100 127 264
7777 7101 126 263
7777 7102 124 263
7777 7103 123 260
7777 7104 124 263
7777 7105 124 263
7777 7106 121 262
7777 7107 121 263
7777 7108 118 261
7777 7109 116 260
7777 7110 116 260
7777 7111 115 259
7777 7112 112 258
7777 7113 113 258
7777 7114 114 258
7777 7115 110 258
7777 7116 110 257
7777 7117 109 257
7777 7118 109 256
7777 7119 107 255
7777 7120 107 257
7777 7121 106 253
7777 7122 106 253
7777 7123 104 253
7777 7124 102 253
7777 7125 102 253
7777 7126 103 253
7777 7127 102 253
7777 7128 100 254
7777 7129 99 254
7777 7130 98 254
7777 7131 100 254
7777 7132 99 254
7777 7133 100 256
7777 7134 102 258
7816 7084 58 308
7816 7085 60 308
7816 7086 58 310
7816 7087 59 312
7816 7088 57 311
7816 7089 56 311
7816 7090 55 311
7816 7091 55 314
7816 7092 54 313
7816 7093 53 313
7816 7094 51 314
7816 7095 50 315
7816 7096 49 315
7816 7097 49 320
7816 7098 48 318
7816 7099 47 317
7816 7100 46 319
7816 7101 44 319
7816 7102 43 323
7816 7103 42 323
7816 7104 41 324
7816 7105 40 320
7816 7106 39 326
7816 7107 38 326
7816 7108 37 323
7816 7109 34 326
7816 7110 34 328
7816 7111 32 329
7816 7112 31 332
7816 7113 31 328
7816 7114 29 331
7816 7115 28 332
7816 7116 26 331
7816 7117 25 330
7816 7118 25 335
7816 7119 22 335
7816 7120 21 338
7816 7121 20 334
7816 7122 19 335
7816 7123 19 339
7816 7124 17 337
7816 7125 14 339
7816 7126 13 341
7816 7127 13 343
7816 7128 11 343
7816 7129 10 341
7816 7130 8 344
7816 7131 8 344
7816 7132 7 344
7816 7133 7 345
7816 7134 5 349
7816 7135 5 348
7816 7136 4 348
7816 7137 4 350
7816 7138 3 349
7816 7139 3 353
7861 7128 242 476
7861 7129 244 475
7861 7130 244 474
7861 7131 241 472
7861 7132 241 469
7861 7133 237 468
7861 7134 236 468
7861 7135 236 466
7861 7136 236 468
7861 7137 235 463
7861 7138 234 463
7861 7139 234 463
7861 7140 234 457
7861 7141 234 455
7861 7142 229 452
7861 7143 228 451
7861 7144 228 449
7861 7145 226 447
7861 7146 226 447
7861 7147 225 443
7861 7148 222 445
7861 7149 221 442
7861 7150 222 440
7861 7151 220 439
7861 7152 218 435
7861 7153 217 435
7861 7154 218 434
7861 7155 216 432
7861 7156 214 436
7861 7157 213 430
7861 7158 213 430
7861 7159 212 427
7861 7160 215 422
7861 7161 212 425
7861 7162 213 421
7861 7163 210 420
7861 7164 210 417
7861 7165 210 418
7861 7166 209 421
7861 7167 209 415
7861 7168 206 413
7861 7169 208 412
7861 7170 208 411
8266 7447 252 266
8266 7448 251 263
8266 7449 250 264
8266 7450 248 264
8266 7451 247 266
8266 7452 246 264
8266 7453 244 267
8266 7454 243 266
8266 7455 241 266
8266 7456 237 268
8266 7457 237 267
8266 7458 235 267
8266 7459 234 267
8266 7460 232 268
8266 7461 231 269
8266 7462 229 268
8266 7463 227 271
8266 7464 226 271
8266 7465 223 271
8266 7466 223 272
8266 7467 220 272
8266 7468 219 272
8266 7469 219 272
8266 7470 216 273
8266 7471 213 274
8266 7472 212 274
8266 7473 212 275
8266 7474 210 275
8266 7475 208 275
8266 7476 206 275
8266 7477 205 278
8266 7478 204 278
8266 7479 202 277
8266 7480 201 278
8266 7481 199 279
8266 7482 198 278
8266 7483 195 280
8266 7484 194 281
8266 7485 193 280
8266 7486 189 279
8266 7487 189 282
8266 7488 189 282
8266 7489 186 283
8266 7490 184 283
8266 7491 181 284
8266 7492 181 284
8266 7493 180 283
8266 7494 178 285
8266 7495 175 286
8266 7496 174 286
8266 7497 171 287
8266 7498 169 287
8266 7499 169 287
8266 7500 165 288
8266 7501 162 289
8266 7502 162 289
8266 7503 160 288
8266 7504 156 290
8266 7505 155 291
8266 7506 154 290
8266 7507 151 291
8266 7508 149 291
8266 7509 149 292
8266 7510 147 293
8266 7511 145 293
8266 7512 142 294
8266 7513 141 294
8266 7514 139 295
8266 7515 135 296
8266 7516 134 297
8266 7517 131 296
8266 7518 130 297
8266 7519 128 298
8266 7520 127 298
8266 7521 126 298
8266 7522 122 299
8266 7523 122 300
8266 7524 119 301
8266 7525 117 302
8266 7526 118 302
8266 7527 114 302
8266 7528 112 304
8266 7529 109 305
8266 7530 109 305
8266 7531 105 306
8266 7532 102 307
8266 7533 103 307
8266 7534 101 307
8266 7535 97 308
8266 7536 95 309
8266 7537 93 310
8266 7538 92 308
8266 7539 89 311
8266 7540 89 312
8266 7541 85 317
8266 7542 83 313
8266 7543 80 314
8266 7544 78 315
8266 7545 76 315
8266 7546 74 316
8266 7547 75 317
8266 7548 72 317
8266 7549 68 318
8266 7550 65 319
8266 7551 64 319
8266 7552 61 320
8266 7553 58 322
8266 7554 57 320
8266 7555 54 322
8266 7556 52 323
8266 7557 51 325
8266 7558 49 324
8266 7559 46 325
8266 7560 44 327
8266 7561 44 327
8266 7562 40 328
8266 7563 38 329
8266 7564 36 330
8266 7565 33 329
8266 7566 33 331
8266 7567 33 332
8266 7568 30 332
8266 7569 26 333
8266 7570 23 335
8266 7571 22 335
8266 7572 21 337
8266 7573 14 338
8266 7574 13 338
8266 7575 12 338
8266 7576 8 340
8266 7577 7 340
8266 7578 6 342
8266 7579 4 340
8266 7580 11 347
8352 7521 338 389
8352 7522 338 384
8352 7523 339 383
8352 7524 342 382
8352 7525 342 378
8352 7526 343 383
8352 7527 345 381
8352 7528 348 382
8352 7529 347 380
8352 7530 350 382
8352 7531 353 381
8352 7532 356 381
8352 7533 356 380
8352 7534 359 380
8352 7535 360 382
8352 7536 362 382
8352 7537 364 381
8352 7538 364 383
8352 7539 366 382
8352 7540 369 382
8352 7541 371 381
8352 7542 372 380
8352 7543 374 379
8352 7544 375 381
8352 7545 377 380
8352 7546 380 380
8352 7547 382 382
8352 7548 384 381
8352 7549 387 380
8352 7550 388 381
8352 7551 389 380
8352 7552 392 381
8352 7553 392 378
8352 7554 397 377
8352 7555 398 375
8352 7556 398 380
8352 7557 400 380
8352 7558 402 380
8352 7559 406 379
8352 7560 407 380
8352 7561 409 380
8352 7562 412 379
8352 7563 409 380
8352 7564 414 378
8352 7565 417 377
8352 7566 419 380
8352 7567 416 379
8352 7568 418 380
8352 7569 423 377
8352 7570 423 380
8352 7571 428 376
8352 7572 425 379
8352 7573 431 376
8352 7574 430 374
8352 7575 431 377
8352 7576 436 373
8352 7577 433 379
8352 7578 433 378
8352 7579 438 377
8352 7580 440 377
8352 7581 442 375
8352 7582 443 375
8352 7583 447 378
8352 7584 443 377
8352 7585 448 376
8352 7586 451 378
8352 7587 453 372
8361 7528 329 255
8361 7529 342 258
8361 7530 353 258
8361 7531 367 259
8361 7532 381 259
8361 7533 395 259
8361 7534 408 263
8361 7535 420 263
8361 7536 436 264
8361 7537 448 265
8361 7538 455 265
8361 7539 464 264
8361 7540 470 266
8639 8008 266 343
8639 8009 262 350
8639 8010 261 352
8639 8011 265 358
8639 8012 262 355
8639 8013 268 355
8639 8014 270 356
8639 8015 265 355
8639 8016 269 357
8639 8017 272 358
8639 8018 274 359
8639 8019 276 360
8639 8020 283 353
8639 8021 279 362
8639 8022 280 363
8639 8023 278 364
8639 8024 283 366
8639 8025 284 365
8639 8026 286 367
8639 8027 294 366
8639 8028 295 368
8639 8029 297 369
8639 8030 289 372
8639 8031 292 371
8639 8032 285 376
8639 8033 286 376
8639 8034 287 377
8639 8035 288 378
8639 8036 289 380
8639 8037 290 381
8639 8038 293 382
8639 8039 292 388
8893 8172 203 466
8893 8173 202 463
8893 8174 207 463
8893 8175 208 463
8893 8176 210 463
8893 8177 218 463
8893 8178 224 463
8893 8179 225 463
8893 8180 228 462
8893 8181 235 461
8893 8182 240 462
8893 8183 241 462
8893 8184 243 463
8893 8185 249 462
8893 8186 257 461
8893 8187 258 461
8893 8188 260 462
8893 8189 267 460
8893 8190 274 460
8893 8191 275 461
8893 8192 276 460
8893 8193 283 460
8893 8194 292 460
8893 8195 292 460
8893 8196 292 460
8893 8197 301 459
8893 8198 309 459
8893 8199 310 460
8893 8200 308 458
8893 8201 316 456
8893 8202 324 455
8893 8203 325 459
8893 8204 325 457
8893 8205 332 455
8893 8206 338 453
8893 8207 341 454
8893 8208 341 454
8893 8209 347 451
8893 8210 352 450
8893 8211 355 452
8893 8212 357 451
8893 8213 362 448
8893 8214 368 448
8893 8215 371 447
8893 8216 372 447
8893 8217 376 447
8893 8218 382 446
8893 8219 388 444
8893 8220 387 446
8893 8221 389 445
8893 8222 387 445
8948 8199 143 250
8948 8200 144 248
8948 8201 148 251
8948 8202 152 251
8948 8203 154 252
8948 8204 156 253
8948 8205 159 255
8948 8206 159 260
8948 8207 160 259
8948 8208 161 262
8948 8209 162 264
8948 8210 162 264
8948 8211 161 266
8948 8212 160 264
8948 8213 160 270
8948 8214 159 269
8948 8215 158 271
8948 8216 155 272
8948 8217 153 275
8948 8218 151 276
8948 8219 148 278
8948 8220 146 279
8948 8221 145 280
8948 8222 144 281
8948 8223 142 281
8948 8224 141 282
8948 8225 138 282
8948 8226 135 285
8948 8227 132 285
8948 8228 130 285
8948 8229 129 286
8948 8230 125 289
8948 8231 124 285
8948 8232 122 288
8948 8233 118 291
8948 8234 119 290
8948 8235 115 291
8948 8236 109 292
8948 8237 108 295
8948 8238 110 295
8948 8239 114 298
9007 8224 159 271
9007 8225 158 275
9007 8226 156 273
9007 8227 154 275
9007 8228 153 276
9007 8229 149 278
9007 8230 148 278
9007 8231 147 279
9007 8232 145 279
9007 8233 143 279
9007 8234 142 281
9007 8235 140 281
9007 8236 137 282
9007 8237 135 282
9007 8238 135 285
9007 8239 132 286
9007 8240 129 286
9007 8241 130 286
9007 8242 126 288
9007 8243 123 288
9007 8244 120 286
9007 8245 119 289
9007 8246 116 291
9007 8247 114 292
9007 8248 112 291
9007 8249 109 294
9007 8250 106 295
9007 8251 102 295
9007 8252 102 294
9007 8253 100 296
9007 8254 95 296
9007 8255 92 297
9007 8256 89 294
9007 8257 88 296
9007 8258 85 298
9007 8259 82 299
9007 8260 79 297
9007 8261 80 301
9140 8303 120 475
9140 8304 117 475
9140 8305 123 473
9140 8306 120 471
9140 8307 121 471
9140 8308 124 471
9140 8309 130 468
9140 8310 132 467
9140 8311 127 464
9140 8312 133 463
9140 8313 134 460
9140 8314 131 460
9140 8315 133 457
9140 8316 138 461
9140 8317 140 452
9140 8318 136 451
9140 8319 138 450
9140 8320 143 454
9140 8321 141 447
9140 8322 141 441
9140 8323 144 441
9140 8324 148 445
9140 8325 150 443
9140 8326 147 439
9140 8327 151 433
9140 8328 151 431
9140 8329 151 429
9140 8330 154 429
9140 8331 151 428
9140 8332 155 423
9140 8333 152 422
9140 8334 156 421
9140 8335 157 421
9140 8336 158 416
9140 8337 155 413
9140 8338 158 415
9140 8339 156 419
9162 8322 486 267
9162 8323 484 264
9162 8324 476 263
9162 8325 473 263
9162 8326 466 263
9162 8327 455 262
9162 8328 445 261
9162 8329 436 261
9162 8330 427 260
9162 8331 415 259
9162 8332 404 258
9162 8333 393 259
9162 8334 384 257
9162 8335 373 256
9162 8336 361 255
9162 8337 352 255
9162 8338 343 254
9162 8339 330 252
9162 8340 321 251
9162 8341 312 252
9162 8342 300 249
9162 8343 288 250
9162 8344 280 248
9162 8345 272 248
9162 8346 260 247
9162 8347 252 246
9162 8348 246 247
9249 8417 3 340
9249 8418 4 340
9249 8419 4 338
9249 8420 4 338
9249 8421 5 336
9249 8422 7 334
9249 8423 7 334
9249 8424 8 336
9249 8425 10 331
9249 8426 12 332
9249 8427 12 331
9249 8428 15 329
9249 8429 16 332
9249 8430 17 327
9249 8431 18 328
9249 8432 18 327
9249 8433 21 324
9249 8434 24 325
9249 8435 25 324
9249 8436 27 323
9249 8437 27 322
9249 8438 29 322
9249 8439 30 324
9249 8440 31 321
9249 8441 34 318
9249 8442 35 319
9249 8443 36 319
9249 8444 37 317
9249 8445 40 317
9249 8446 41 318
9249 8447 43 315
9249 8448 43 314
9249 8449 47 314
9249 8450 48 316
9249 8451 49 315
9249 8452 52 312
9249 8453 52 311
9249 8454 52 312
9249 8455 54 309
9249 8456 57 310
9249 8457 57 310
9249 8458 57 309
9249 8459 60 306
9249 8460 62 305
9249 8461 61 304
9249 8462 65 306
9249 8463 65 302
9249 8464 66 303
9249 8465 67 304
9249 8466 68 303
9249 8467 70 297
9249 8468 70 300
9249 8469 72 303
9249 8470 72 298
9249 8471 73 298
9249 8472 75 299
9249 8473 75 298
9249 8474 76 297
9255 8424 267 398
9255 8425 269 397
9255 8426 269 396
9255 8427 272 396
9255 8428 270 400
9255 8429 270 399
9255 8430 273 400
9255 8431 275 401
9255 8432 278 402
9255 8433 280 401
9255 8434 279 404
9255 8435 281 403
9255 8436 286 404
9255 8437 286 405
9255 8438 285 406
9255 8439 285 408
9255 8440 287 407
9255 8441 287 410
9255 8442 287 409
9255 8443 289 410
9255 8444 290 410
9255 8445 292 412
9255 8446 294 413
9255 8447 294 415
9255 8448 295 413
9255 8449 296 415
9255 8450 297 415
9255 8451 298 415
9255 8452 299 418
9255 8453 300 419
9255 8454 301 421
9255 8455 305 420
9255 8456 304 419
9255 8457 308 421
9255 8458 305 422
9255 8459 305 423
9255 8460 306 425
9255 8461 308 425
9255 8462 310 425
9255 8463 309 427
9255 8464 311 427
9255 8465 315 431
9255 8466 314 431
9255 8467 316 434
9255 8468 316 431
9255 8469 316 432
9255 8470 320 434
9255 8471 320 434
9255 8472 321 435
9255 8473 323 435
9255 8474 323 440
9255 8475 326 441
9255 8476 326 439
9255 8477 328 440
9255 8478 327 441
9301 8485 361 255
9301 8486 366 255
9301 8487 380 257
9301 8488 394 258
9301 8489 408 259
9301 8490 422 259
9301 8491 434 261
9301 8492 447 262
9301 8493 447 262
9301 8494 454 262
9301 8495 464 264
9301 8496 470 265
9301 8497 484 264
9301 8498 487 272
9714 8840 329 326
9714 8841 328 327
9714 8842 336 332
9714 8843 336 332
9714 8844 335 330
9714 8845 330 327
9714 8846 331 326
9714 8847 327 326
9714 8848 328 328
9714 8849 329 328
9714 8850 324 332
9714 8851 318 331
9714 8852 318 331
9714 8853 316 331
9714 8854 314 330
9714 8855 311 329
9714 8856 310 330
9714 8857 306 329
9714 8858 304 327
9714 8859 302 328
9714 8860 300 328
9714 8861 299 329
9714 8862 298 328
9714 8863 295 327
9714 8864 292 327
9714 8865 290 325
9714 8866 289 328
9714 8867 287 326
9714 8868 286 324
9714 8869 284 325
9714 8870 282 326
9714 8871 281 325
9714 8872 277 323
9714 8873 275 324
9714 8874 274 323
9714 8875 272 323
9714 8876 270 323
9714 8877 267 323
9714 8878 266 322
9714 8879 264 322
9714 8880 264 322
9714 8881 264 320
9714 8882 259 320
9714 8883 258 319
9714 8884 256 320
9714 8885 254 319
9714 8886 251 319
9714 8887 249 318
9714 8888 248 320
9714 8889 246 319
9714 8890 244 318
9714 8891 242 317
9714 8892 240 317
9714 8893 237 317
9714 8894 234 312
9714 8895 236 316
9714 8896 233 317
9714 8897 230 316
9714 8898 231 315
9714 8899 227 315
9714 8900 227 315
9714 8901 225 313
9714 8902 222 314
9714 8903 218 312
9714 8904 220 312
9714 8905 220 314
9714 8906 217 314
9714 8907 218 319
9714 8908 221 318
9730 8860 486 267
9730 8861 485 270
9730 8862 479 265
9730 8863 474 264
9730 8864 467 264
9730 8865 461 264
9730 8866 452 264
9730 8867 441 263
9730 8868 430 262
9730 8869 421 262
9730 8870 412 262
9730 8871 403 261
9730 8872 390 261
9730 8873 381 258
9730 8874 372 257
9730 8875 364 257
9730 8876 352 256
9730 8877 343 256
9730 8878 336 255
9730 8879 325 254
9730 8880 316 254
9730 8881 306 254
9730 8882 297 253
9730 8883 289 251
9730 8884 278 251
9730 8885 270 250
9730 8886 260 249
9730 8887 254 249
9730 8888 245 248
9730 8889 235 248
9730 8890 240 248
10275 9300 142 367
10275 9301 140 360
10275 9302 141 362
10275 9303 142 360
10275 9304 145 361
10275 9305 148 359
10275 9306 152 359
10275 9307 154 360
10275 9308 153 358
10275 9309 158 358
10275 9310 162 356
10275 9311 163 357
10275 9312 165 356
10275 9313 169 355
10275 9314 172 354
10275 9315 175 354
10275 9316 177 354
10275 9317 180 350
10275 9318 183 350
10275 9319 184 351
10275 9320 187 351
10275 9321 189 349
10275 9322 191 347
10275 9323 194 348
10275 9324 196 348
10275 9325 200 347
10275 9326 201 346
10275 9327 203 346
10275 9328 205 347
10275 9329 209 344
10275 9330 211 343
10275 9331 214 344
10275 9332 215 344
10275 9333 219 340
10275 9334 221 341
10275 9335 222 340
10275 9336 223 341
10275 9337 226 338
10275 9338 229 340
10275 9339 231 338
10275 9340 233 338
10275 9341 236 337
10275 9342 238 337
10275 9343 239 335
10275 9344 242 336
10275 9345 243 333
10275 9346 246 334
10275 9347 249 333
10275 9348 251 333
10275 9349 252 334
10275 9350 256 330
10275 9351 257 331
10275 9352 259 332
10275 9353 262 331
10275 9354 265 330
10275 9355 267 330
10275 9356 270 330
10275 9357 272 329
10275 9358 273 328
10275 9359 276 327
10275 9360 278 328
10275 9361 279 328
10275 9362 280 327
10275 9363 283 326
10275 9364 287 326
10275 9365 287 326
10275 9366 288 326
10275 9367 292 323
10275 9368 293 323
10275 9369 294 324
10275 9370 299 321
10275 9371 298 322
10275 9372 300 322
10275 9373 302 321
10275 9374 303 322
10275 9375 306 319
10275 9376 307 320
10275 9377 308 316
10275 9378 309 320
10275 9379 311 319
10275 9380 313 319
10275 9381 315 318
10275 9382 316 317
10275 9383 317 317
10275 9384 318 317
10275 9385 320 316
10275 9386 321 315
10275 9387 322 315
10275 9388 323 315
10275 9389 324 313
10275 9390 326 314
10275 9391 328 313
10275 9392 328 312
10275 9393 331 311
10275 9394 332 312
10275 9395 332 311
10275 9396 334 311
10275 9397 335 310
10275 9398 336 311
10275 9399 339 310
10275 9400 339 311
10275 9401 343 310
10275 9402 343 309
10275 9403 345 308
10275 9404 346 307
10275 9405 346 304
10275 9406 349 306
10275 9407 348 308
10275 9408 350 305
10275 9409 354 306
10275 9410 355 308
10275 9411 354 305
10275 9412 355 306
10275 9413 357 306
10275 9414 358 299
10275 9415 358 304
10275 9416 361 304
10275 9417 361 301
10275 9418 363 302
10275 9419 363 302
10275 9420 363 302
10275 9421 364 301
10275 9422 364 302
10275 9423 367 299
10275 9424 368 296
10275 9425 370 301
10275 9426 370 297
10275 9427 369 301
10275 9428 371 298
10275 9429 372 299
10275 9430 372 299
10275 9431 375 298
10275 9432 376 297
10275 9433 376 298
10275 9434 376 298
10275 9435 378 298
10275 9436 378 302
10311 9344 410 276
10311 9345 409 274
10311 9346 407 275
10311 9347 405 275
10311 9348 403 275
10311 9349 400 274
10311 9350 398 274
10311 9351 397 274
10311 9352 394 272
10311 9353 392 273
10311 9354 390 274
10311 9355 389 273
10311 9356 386 273
10311 9357 382 271
10311 9358 381 272
10311 9359 380 272
10311 9360 378 271
10311 9361 378 271
10311 9362 374 270
10311 9363 372 270
10311 9364 370 272
10311 9365 368 271
10311 9366 365 271
10311 9367 364 269
10311 9368 363 269
10311 9369 360 270
10311 9370 358 270
10311 9371 356 270
10311 9372 354 269
10311 9373 351 269
10311 9374 349 268
10311 9375 348 268
10311 9376 347 268
10311 9377 344 270
10311 9378 342 267
10311 9379 341 269
10311 9380 338 268
10311 9381 337 267
10311 9382 333 268
10311 9383 331 268
10311 9384 330 266
10311 9385 329 267
10311 9386 326 267
10311 9387 324 266
10311 9388 323 266
10311 9389 321 266
10311 9390 317 267
10311 9391 315 268
10311 9392 315 266
10311 9393 311 267
10311 9394 309 265
10311 9395 308 267
10311 9396 307 265
10311 9397 305 266
10311 9398 301 265
10311 9399 301 265
10311 9400 299 266
10311 9401 298 264
10311 9402 294 265
10311 9403 292 264
10311 9404 291 263
10311 9405 288 264
10311 9406 289 266
10681 9610 305 252
10681 9611 310 252
10681 9612 307 252
10681 9613 304 253
10681 9614 309 253
10681 9615 313 253
10681 9616 318 254
10681 9617 322 253
10681 9618 327 254
10681 9619 334 255
10681 9620 339 257
10681 9621 342 255
10681 9622 348 256
10681 9623 353 257
10681 9624 360 257
10681 9625 367 257
10681 9626 373 257
10681 9627 378 258
10681 9628 387 260
10681 9629 395 260
10681 9630 401 260
10681 9631 409 261
10681 9632 418 262
10681 9633 425 263
10681 9634 432 263
10681 9635 430 263
10681 9636 424 271
10681 9637 428 263
10681 9638 429 262
10859 9799 232 320
10859 9800 231 320
10859 9801 230 315
10859 9802 229 313
10859 9803 223 316
10859 9804 222 318
10859 9805 220 318
10859 9806 221 323
10859 9807 216 321
10859 9808 217 316
10859 9809 217 320
10859 9810 212 319
10859 9811 210 321
10859 9812 209 322
10859 9813 213 325
10859 9814 212 325
10859 9815 208 326
10859 9816 211 328
10859 9817 207 325
10859 9818 203 328
10859 9819 201 328
10859 9820 198 328
10859 9821 196 327
10859 9822 194 330
10859 9823 193 331
10859 9824 191 332
10859 9825 190 331
10859 9826 185 331
10859 9827 182 333
10859 9828 183 333
10859 9829 181 334
10859 9830 178 336
10859 9831 175 335
10859 9832 175 336
10859 9833 175 338
10859 9834 179 343
10997 9936 484 268
10997 9937 479 267
10997 9938 473 265
10997 9939 466 265
10997 9940 459 265
10997 9941 451 264
10997 9942 440 264
10997 9943 428 263
10997 9944 418 262
10997 9945 409 261
10997 9946 398 260
10997 9947 386 260
10997 9948 379 258
10997 9949 366 257
10997 9950 356 256
10997 9951 352 256
10997 9952 344 256
10997 9953 335 255
10997 9954 325 253
10997 9955 318 254
10997 9956 309 253
10997 9957 301 252
10997 9958 293 251
10997 9959 283 249
10997 9960 276 249
10997 9961 270 249
10997 9962 262 248
10997 9963 253 248
10997 9964 251 247
10997 9965 243 247
10997 9966 243 247
11046 9989 468 260
11046 9990 458 259
11046 9991 456 260
11046 9992 447 258
11046 9993 438 258
11046 9994 425 255
11046 9995 416 256
11046 9996 407 255
11046 9997 396 254
11046 9998 388 254
11046 9999 380 254
11046 10000 369 253
11046 10001 360 253
11046 10002 353 252
11046 10003 347 251
11046 10004 339 251
11046 10005 331 250
11046 10006 324 250
11046 10007 318 249
11046 10008 312 249
11046 10009 304 249
11046 10010 297 249
11046 10011 292 249
11046 10012 285 248
11046 10013 278 247
11046 10014 274 246
11046 10015 268 247
11046 10016 262 246
11046 10017 258 247
11046 10018 251 249
11046 10019 246 249
11046 10020 239 249
11046 10021 235 251
11046 10022 230 252
11070 10044 104 290
11070 10045 111 289
11070 10046 106 291
11070 10047 100 293
11070 10048 90 296
11070 10049 86 299
11070 10050 81 302
11070 10051 74 305
11070 10052 67 307
11070 10053 61 311
11070 10054 54 314
11070 10055 47 318
11070 10056 40 321
11070 10057 32 324
11070 10058 30 329
11070 10059 26 331
11070 10060 26 329
11070 10061 22 330
11070 10062 18 334
11070 10063 15 337
11070 10064 20 340
11109 10167 19 363
11109 10168 17 363
11109 10169 19 359
11109 10170 21 358
11109 10171 24 357
11109 10172 23 356
11109 10173 25 356
11109 10174 28 357
11109 10175 31 357
11109 10176 30 354
11109 10177 32 353
11109 10178 35 352
11109 10179 36 351
11109 10180 37 350
11109 10181 38 350
11109 10182 43 352
11109 10183 42 349
11109 10184 43 348
11109 10185 45 347
11109 10186 47 347
11109 10187 47 344
11109 10188 48 345
11109 10189 51 344
11109 10190 53 343
11109 10191 52 343
11109 10192 54 340
11109 10193 57 341
11109 10194 58 340
11109 10195 56 341
11109 10196 59 338
11109 10197 62 338
11109 10198 61 338
11109 10199 63 335
11109 10200 65 337
11109 10201 67 335
11109 10202 67 334
11109 10203 67 333
11109 10204 70 333
11109 10205 73 333
11109 10206 73 332
11109 10207 74 331
11109 10208 75 330
11109 10209 77 331
11109 10210 78 329
11109 10211 78 328
11109 10212 81 328
11109 10213 82 327
11109 10214 82 328
11109 10215 84 325
11109 10216 82 327
11296 10337 238 286
11296 10338 238 285
11296 10339 233 287
11296 10340 232 285
11296 10341 231 286
11296 10342 230 287
11296 10343 228 288
11296 10344 226 289
11296 10345 223 281
11296 10346 222 290
11296 10347 220 284
11296 10348 218 290
11296 10349 217 290
11296 10350 213 292
11296 10351 211 291
11296 10352 210 291
11296 10353 208 293
11296 10354 204 292
11296 10355 203 293
11296 10356 201 293
11296 10357 197 292
11296 10358 197 293
11296 10359 196 293
11296 10360 192 293
11296 10361 191 293
11296 10362 188 294
11296 10363 185 294
11296 10364 182 294
11296 10365 182 294
11296 10366 179 295
11296 10367 178 294
11296 10368 174 293
11296 10369 171 293
11296 10370 171 294
11296 10371 164 292
11296 10372 164 295
11296 10373 162 293
11296 10374 159 293
11296 10375 157 293
11296 10376 155 294
11296 10377 153 294
11296 10378 150 295
11296 10379 147 297
11296 10380 145 296
11296 10381 144 296
11296 10382 142 296
11296 10383 139 299
11296 10384 137 298
11296 10385 133 301
11296 10386 131 298
11296 10387 131 297
11296 10388 129 301
11296 10389 130 305
11296 10390 130 306
11296 10391 124 307
11296 10392 124 306
11300 10340 360 323
11300 10341 357 321
11300 10342 356 322
11300 10343 359 321
11300 10344 356 323
11300 10345 360 320
11300 10346 360 323
11300 10347 363 324
11300 10348 365 325
11300 10349 366 325
11300 10350 363 327
11300 10351 365 327
11300 10352 365 327
11300 10353 364 327
11300 10354 367 328
11300 10355 366 329
11300 10356 369 328
11300 10357 366 333
11300 10358 371 332
11300 10359 370 335
11300 10360 369 335
11300 10361 371 336
11300 10362 372 334
11300 10363 373 337
11300 10364 376 333
11300 10365 373 338
11300 10366 375 340
11300 10367 379 337
11300 10368 378 340
11300 10369 379 341
11300 10370 379 340
11300 10371 384 342
11300 10372 384 341
11300 10373 381 345
11300 10374 384 345
11300 10375 389 345
11300 10376 389 345
11300 10377 387 348
11300 10378 386 348
11300 10379 391 348
11300 10380 389 349
11300 10381 392 351
11300 10382 394 352
11300 10383 394 353
11300 10384 394 351
11300 10385 397 353
11300 10386 401 355
11300 10387 397 356
11300 10388 398 357
11300 10389 401 357
11300 10390 402 358
11300 10391 403 360
11300 10392 404 360
11300 10393 406 361
11300 10394 408 361
11300 10395 410 362
11300 10396 411 364
11300 10397 414 366
11300 10398 414 367
11300 10399 421 363
11300 10400 416 368
11300 10401 417 369
11300 10402 419 369
11300 10403 422 370
11300 10404 423 371
11300 10405 425 372
11300 10406 426 372
11300 10407 432 372
11300 10408 430 374
11300 10409 431 376
11300 10410 434 375
11300 10411 435 376
11300 10412 437 377
11300 10413 438 378
11300 10414 438 380
11300 10415 441 381
11300 10416 450 378
11300 10417 445 384
11300 10418 448 384
11300 10419 448 383
11300 10420 449 384
11300 10421 452 387
11300 10422 453 388
11300 10423 456 387
11300 10424 458 390
11300 10425 458 389
11300 10426 461 393
11300 10427 463 393
11300 10428 464 392
11300 10429 467 393
11300 10430 471 395
11300 10431 468 396
11300 10432 472 396
11300 10433 466 401
11480 10540 402 275
11480 10541 402 274
11480 10542 398 275
11480 10543 397 275
11480 10544 395 271
11480 10545 392 275
11480 10546 390 271
11480 10547 387 274
11480 10548 386 274
11480 10549 384 274
11480 10550 381 277
11480 10551 380 274
11480 10552 378 273
11480 10553 376 274
11480 10554 373 273
11480 10555 371 273
11480 10556 370 273
11480 10557 367 273
11480 10558 365 274
11480 10559 363 272
11480 10560 361 273
11480 10561 359 271
11480 10562 357 273
11480 10563 355 272
11480 10564 352 272
11480 10565 351 272
11480 10566 348 271
11480 10567 347 272
11480 10568 344 272
11480 10569 342 272
11480 10570 341 270
11480 10571 337 271
11480 10572 336 271
11480 10573 334 271
11480 10574 333 270
11480 10575 329 270
11480 10576 329 270
11480 10577 326 270
11480 10578 322 270
11480 10579 321 270
11480 10580 321 270
11480 10581 317 270
11480 10582 316 269
11480 10583 314 270
11480 10584 313 268
11480 10585 310 268
11480 10586 308 268
11480 10587 306 269
11480 10588 305 267
11480 10589 301 268
11480 10590 300 267
11480 10591 297 266
11480 10592 297 266
11480 10593 296 267
11480 10594 293 267
11480 10595 291 267
11480 10596 289 267
11480 10597 287 267
11480 10598 286 266
11480 10599 284 266
11480 10600 281 266
11480 10601 280 266
11480 10602 277 268
11480 10603 277 266
11480 10604 274 266
11480 10605 272 265
11480 10606 270 265
11480 10607 269 265
11480 10608 268 265
11480 10609 265 265
11480 10610 264 263
11480 10611 260 264
11480 10612 260 265
11480 10613 257 265
11480 10614 257 267
11480 10615 254 263
11480 10616 252 261
11480 10617 251 264
11480 10618 248 263
11480 10619 247 262
11480 10620 242 261
11480 10621 245 263
11480 10622 241 263
11480 10623 240 263
11480 10624 239 263
11480 10625 234 263
11480 10626 233 265
11480 10627 233 263
11480 10628 230 263
11480 10629 229 262
11480 10630 228 262
11480 10631 226 263
11480 10632 222 263
11480 10633 220 265
11480 10634 221 263
11480 10635 218 263
11480 10636 216 262
11480 10637 213 262
11480 10638 213 263
11480 10639 211 262
11480 10640 210 263
11480 10641 210 262
11635 10878 199 246
11635 10879 212 248
11635 10880 225 248
11635 10881 239 250
11635 10882 254 251
11635 10883 265 252
11635 10884 277 252
11635 10885 292 254
11635 10886 305 254
11635 10887 317 256
11635 10888 334 257
11635 10889 327 259
12007 11296 472 260
12007 11297 475 257
12007 11298 465 256
12007 11299 463 256
12007 11300 451 256
12007 11301 445 256
12007 11302 435 255
12007 11303 425 254
12007 11304 416 257
12007 11305 401 252
12007 11306 390 250
12007 11307 386 250
12007 11308 363 253
12007 11309 366 253
12007 11310 359 253
12007 11311 353 253
12007 11312 355 253
12007 11313 343 247
12007 11314 327 246
12007 11315 321 246
12007 11316 317 246
12028 11311 71 297
12028 11312 72 299
12028 11313 72 298
12028 11314 73 299
12028 11315 74 299
12028 11316 74 300
12028 11317 75 302
12028 11318 75 301
12028 11319 77 303
12028 11320 78 302
12028 11321 79 302
12028 11322 80 302
12028 11323 82 304
12028 11324 86 307
12028 11325 83 303
12028 11326 84 303
12028 11327 86 305
12028 11328 87 304
12028 11329 88 304
12028 11330 90 308
12028 11331 91 306
12028 11332 91 307
12028 11333 92 308
12028 11334 94 307
12028 11335 95 309
12028 11336 96 308
12028 11337 97 310
12028 11338 99 310
12028 11339 99 311
12028 11340 99 314
12028 11341 100 313
12028 11342 100 311
12028 11343 100 312
12028 11344 101 313
12028 11345 103 313
12028 11346 103 313
12028 11347 104 315
12028 11348 106 314
12028 11349 106 314
12028 11350 107 316
12028 11351 108 315
12028 11352 109 317
12028 11353 109 317
12028 11354 111 316
12028 11355 113 318
12028 11356 113 318
12028 11357 115 318
12028 11358 116 319
12028 11359 117 320
12028 11360 121 320
12028 11361 120 320
12028 11362 122 321
12028 11363 123 321
12028 11364 125 321
12028 11365 126 323
12028 11366 129 327
12028 11367 130 328
12028 11368 132 329
12028 11369 131 326
12028 11370 133 326
12028 11371 136 330
12028 11372 134 329
12146 11418 154 261
12146 11419 155 261
12146 11420 157 263
12146 11421 184 251
12146 11422 199 246
12146 11423 208 247
12146 11424 217 248
12146 11425 224 248
12146 11426 231 249
12146 11427 238 249
12146 11428 247 250
12146 11429 254 251
12146 11430 260 251
12146 11431 268 252
12146 11432 277 252
12146 11433 272 259
12170 11446 231 406
12170 11447 235 407
12170 11448 236 408
12170 11449 235 403
12170 11450 237 405
12170 11451 239 404
12170 11452 241 406
12170 11453 243 407
12170 11454 245 408
12170 11455 246 410
12170 11456 249 411
12170 11457 251 411
12170 11458 253 414
12170 11459 256 414
12170 11460 258 417
12170 11461 260 413
12170 11462 261 417
12170 11463 263 418
12170 11464 266 421
12170 11465 268 422
12170 11466 271 423
12170 11467 273 424
12170 11468 276 424
12170 11469 278 425
12170 11470 279 427
12170 11471 281 429
12170 11472 283 432
12170 11473 286 431
12170 11474 288 433
12170 11475 290 435
12170 11476 292 436
12170 11477 295 437
12170 11478 297 440
12170 11479 300 440
12170 11480 302 443
12170 11481 304 443
12170 11482 307 446
12170 11483 310 445
12170 11484 312 444
12170 11485 315 450
12170 11486 316 450
12170 11487 319 452
12170 11488 322 453
12170 11489 325 457
12170 11490 328 457
12170 11491 331 460
12170 11492 334 459
12170 11493 336 461
12170 11494 337 463
12170 11495 340 466
12170 11496 343 466
12170 11497 346 467
12170 11498 348 468
12170 11499 352 468
12170 11500 356 469
12170 11501 357 470
12170 11502 359 471
12170 11503 363 472
12170 11504 365 472
12170 11505 366 473
12170 11506 371 474
12170 11507 377 475
12187 11465 383 261
12187 11466 379 256
12187 11467 371 254
12187 11468 361 254
12187 11469 357 254
12187 11470 350 253
12187 11471 342 251
12187 11472 333 252
12187 11473 324 251
12187 11474 319 250
12187 11475 309 250
12187 11476 300 250
12187 11477 292 248
12187 11478 278 248
12187 11479 286 248
12187 11480 279 252
12187 11481 273 247
12950 12054 153 246
12950 12055 155 248
12950 12056 160 249
12950 12057 159 251
12950 12058 159 252
12950 12059 159 249
12950 12060 160 254
12950 12061 159 255
12950 12062 157 258
12950 12063 156 261
12950 12064 152 262
12950 12065 151 264
12950 12066 150 266
12950 12067 144 269
12950 12068 141 272
12950 12069 136 274
12950 12070 134 275
12950 12071 130 277
12950 12072 124 280
12950 12073 118 282
12950 12074 116 285
12950 12075 106 289
12950 12076 99 291
12950 12077 92 295
12950 12078 80 298
12950 12079 74 300
12950 12080 77 303
12950 12081 89 311
12950 12082 92 314
12950 12083 104 306
13027 12081 57 308
13027 12082 47 309
13027 12083 40 315
13027 12084 34 315
13027 12085 27 323
13027 12086 19 329
13027 12087 27 333
13027 12088 25 332
13027 12089 23 342
13027 12090 23 348
13027 12091 25 336
13027 12092 23 328
13027 12093 16 331
13065 12099 475 249
13065 12100 480 267
13065 12101 475 265
13065 12102 470 263
13065 12103 466 263
13065 12104 460 264
13065 12105 452 263
13065 12106 444 263
13065 12107 437 263
13065 12108 430 262
13065 12109 423 262
13065 12110 420 262
13065 12111 410 262
13065 12112 409 261
13065 12113 383 262
13065 12114 388 263
13065 12115 393 264
13065 12116 402 265
13065 12117 417 264
13065 12118 417 269
13111 12128 169 259
13111 12129 162 258
13111 12130 157 264
13111 12131 155 263
13111 12132 154 262
13111 12133 151 264
13111 12134 148 269
13111 12135 144 270
13111 12136 141 267
13111 12137 138 268
13111 12138 133 269
13111 12139 131 270
13111 12140 128 271
13111 12141 126 272
13111 12142 121 274
13111 12143 117 276
13111 12144 117 276
13111 12145 113 279
13111 12146 115 280
13111 12147 115 286
13111 12148 114 286
13111 12149 112 288
13111 12150 113 291
13111 12151 114 291
13111 12152 114 293
13111 12153 116 294
13111 12154 116 294
13111 12155 117 294
13111 12156 120 293
13111 12157 122 297
13111 12158 125 299
13111 12159 127 294
13111 12160 130 298
13111 12161 134 299
13111 12162 138 300
13111 12163 142 300
13111 12164 143 298
13111 12165 143 305
13276 12249 237 253
13276 12250 238 251
13276 12251 238 251
13276 12252 253 252
13276 12253 265 254
13276 12254 275 255
13276 12255 286 255
13276 12256 299 257
13276 12257 313 257
13276 12258 323 259
13276 12259 336 259
13276 12260 351 259
13276 12261 367 261
13276 12262 379 263
13276 12263 392 264
13276 12264 408 266
13276 12265 421 267
13276 12266 435 267
13276 12267 429 262
13279 12250 104 292
13279 12251 103 294
13279 12252 99 296
13279 12253 96 297
13279 12254 93 299
13279 12255 89 301
13279 12256 87 304
13279 12257 82 306
13279 12258 79 306
13279 12259 75 309
13279 12260 71 312
13279 12261 68 314
13279 12262 63 316
13279 12263 59 318
13279 12264 56 321
13279 12265 51 323
13279 12266 48 325
13279 12267 42 328
13279 12268 37 331
13279 12269 31 333
13279 12270 27 336
13279 12271 23 338
13279 12272 16 341
13279 12273 13 344
13279 12274 9 347
13279 12275 5 350
13279 12276 5 351
13464 12477 135 247
13464 12478 154 249
13464 12479 155 248
13464 12480 157 249
13464 12481 161 254
13464 12482 163 258
13464 12483 162 262
13464 12484 162 259
13464 12485 160 262
13464 12486 160 263
13464 12487 158 264
13464 12488 156 266
13464 12489 155 267
13464 12490 152 268
13464 12491 150 269
13464 12492 148 271
13464 12493 147 272
13464 12494 144 271
13464 12495 143 275
13464 12496 141 276
13464 12497 139 280
13464 12498 137 279
13464 12499 135 280
13464 12500 134 282
13464 12501 131 287
13464 12502 130 284
13464 12503 131 285
13464 12504 126 286
13464 12505 127 287
13464 12506 126 288
13464 12507 118 289
13464 12508 122 286
13464 12509 114 283
13464 12510 119 287
13534 12529 254 327
13534 12530 255 326
13534 12531 258 328
13534 12532 261 327
13534 12533 263 328
13534 12534 264 328
13534 12535 268 328
13534 12536 270 328
13534 12537 271 328
13534 12538 273 329
13534 12539 276 330
13534 12540 277 331
13534 12541 278 329
13534 12542 281 330
13534 12543 282 332
13534 12544 284 331
13534 12545 286 330
13534 12546 289 332
13534 12547 293 331
13534 12548 294 331
13534 12549 296 333
13534 12550 299 332
13534 12551 300 331
13534 12552 303 333
13534 12553 305 332
13534 12554 308 333
13534 12555 310 334
13534 12556 313 336
13534 12557 313 334
13534 12558 317 335
13534 12559 319 334
13534 12560 321 335
13534 12561 323 335
13534 12562 326 333
13534 12563 329 335
13534 12564 331 336
13534 12565 333 335
13534 12566 334 338
13534 12567 338 335
13534 12568 340 336
13534 12569 341 338
13534 12570 343 337
13534 12571 345 338
13534 12572 349 338
13534 12573 350 339
13534 12574 352 337
13534 12575 355 339
13534 12576 357 340
13534 12577 359 340
13534 12578 363 339
13534 12579 364 343
13534 12580 367 343
13614 12578 312 454
13614 12579 309 454
13614 12580 310 454
13614 12581 305 451
13614 12582 302 454
13614 12583 299 459
13614 12584 294 458
13614 12585 287 459
13614 12586 283 462
13614 12587 280 462
13614 12588 276 459
13614 12589 272 463
13614 12590 269 463
13614 12591 265 464
13614 12592 259 464
13614 12593 255 464
13614 12594 251 467
13614 12595 248 465
13614 12596 242 466
13614 12597 238 469
13614 12598 237 468
13614 12599 232 469
13614 12600 226 471
13614 12601 221 470
13614 12602 223 473
13614 12603 219 474
13614 12604 215 474
13646 12611 636 440
13646 12612 633 439
13646 12613 632 437
13646 12614 628 438
13646 12615 627 438
13646 12616 625 436
13646 12617 624 434
13646 12618 619 433
13646 12619 623 433
13646 12620 618 433
13646 12621 615 430
13646 12622 611 430
13646 12623 612 426
13646 12624 611 426
13646 12625 608 425
13646 12626 607 422
13646 12627 602 424
13646 12628 601 425
13646 12629 598 423
13646 12630 594 423
13646 12631 591 421
13646 12632 591 418
13646 12633 589 417
13646 12634 588 419
13646 12635 585 417
13646 12636 582 417
13646 12637 580 415
13646 12638 576 414
13646 12639 575 415
13646 12640 570 412
13646 12641 573 408
13646 12642 567 411
13646 12643 567 411
13646 12644 566 409
13646 12645 563 406
13646 12646 559 406
13646 12647 556 407
13646 12648 556 405
13646 12649 552 404
13646 12650 548 402
13646 12651 549 402
13646 12652 547 401
13646 12653 545 399
13646 12654 541 399
13646 12655 538 399
13646 12656 537 394
13646 12657 533 397
13646 12658 534 397
13646 12659 531 396
13646 12660 528 394
13646 12661 526 389
13646 12662 521 388
13646 12663 518 391
13646 12664 519 388
13646 12665 519 385
13646 12666 517 386
13646 12667 511 388
13646 12668 513 388
13646 12669 511 384
13712 12658 275 255
13712 12659 279 255
13712 12660 292 257
13712 12661 304 257
13712 12662 316 258
13712 12663 329 258
13712 12664 344 260
13712 12665 357 261
13712 12666 369 263
13712 12667 384 264
13712 12668 389 270
13724 12668 502 392
13724 12669 499 390
13724 12670 504 385
13724 12671 502 385
13724 12672 501 385
13724 12673 503 382
13724 12674 497 382
13724 12675 495 382
13724 12676 497 381
13724 12677 495 379
13724 12678 491 378
13724 12679 486 378
13724 12680 485 380
13724 12681 485 376
13724 12682 482 375
13724 12683 479 376
13724 12684 479 377
13724 12685 478 374
13724 12686 473 373
13724 12687 470 371
13724 12688 468 371
13724 12689 467 371
13724 12690 465 369
13724 12691 463 368
13724 12692 461 368
13724 12693 459 365
13724 12694 457 366
13724 12695 455 365
13724 12696 453 362
13724 12697 452 360
13724 12698 453 360
13724 12699 449 362
13724 12700 446 360
13724 12701 444 360
13724 12702 444 355
13724 12703 441 359
13724 12704 439 356
13724 12705 440 353
13724 12706 441 354
13724 12707 437 355
13724 12708 434 354
13724 12709 433 352
13724 12710 431 353
13724 12711 432 350
13724 12712 430 350
13724 12713 429 347
13724 12714 429 351
13724 12715 428 347
13724 12716 426 347
13724 12717 425 343
13724 12718 425 347
13724 12719 423 341
13724 12720 423 340
13724 12721 422 339
13724 12722 422 338
13724 12723 420 338
13724 12724 419 341
13724 12725 417 339
13724 12726 416 335
13724 12727 415 336
13724 12728 415 337
13724 12729 414 337
13724 12730 413 336
13724 12731 412 335
13724 12732 410 336
13724 12733 409 334
13724 12734 407 329
13724 12735 406 329
13724 12736 405 328
13724 12737 404 329
13724 12738 403 329
13724 12739 403 328
13724 12740 402 328
13724 12741 401 328
13724 12742 399 324
13724 12743 399 325
13724 12744 399 322
13724 12745 399 326
13724 12746 398 321
13724 12747 397 319
13724 12748 396 322
13724 12749 394 320
13724 12750 393 316
13724 12751 393 318
13724 12752 392 318
13724 12753 392 318
13724 12754 393 316
13724 12755 395 316
13801 12721 71 312
13801 12722 73 312
13801 12723 75 312
13801 12724 69 311
13801 12725 66 309
13801 12726 67 309
13801 12727 71 307
13801 12728 71 307
13801 12729 72 308
13801 12730 76 309
13801 12731 77 309
13801 12732 77 308
13801 12733 79 306
13801 12734 81 307
13801 12735 81 306
13801 12736 83 306
13801 12737 85 307
13801 12738 87 307
13801 12739 87 308
13801 12740 88 306
13801 12741 90 306
13801 12742 92 308
13801 12743 92 306
13801 12744 96 306
13801 12745 99 304
13801 12746 96 306
13801 12747 98 308
13801 12748 100 306
13801 12749 102 306
13801 12750 105 306
13801 12751 107 306
13801 12752 107 307
13801 12753 110 306
13801 12754 114 305
13801 12755 118 306
13801 12756 116 307
13801 12757 114 308
13801 12758 116 306
13801 12759 118 307
13801 12760 119 308
13801 12761 122 309
13801 12762 123 310
13801 12763 127 306
13801 12764 129 307
13801 12765 129 307
13801 12766 131 307
13801 12767 133 307
13801 12768 134 309
13801 12769 132 308
13801 12770 136 305
13801 12771 139 304
13801 12772 141 306
13801 12773 144 305
13801 12774 143 306
13801 12775 146 306
13801 12776 148 303
13801 12777 148 303
13801 12778 151 303
13801 12779 152 303
13801 12780 153 305
13801 12781 157 306
13801 12782 157 305
13801 12783 160 306
13801 12784 159 304
13801 12785 164 305
13801 12786 163 306
13801 12787 166 307
13801 12788 168 307
13801 12789 167 308
13801 12790 170 307
13801 12791 171 307
13801 12792 173 307
13801 12793 173 309
13801 12794 175 309
13801 12795 179 309
13801 12796 181 304
13801 12797 182 307
13801 12798 184 307
13801 12799 186 307
13801 12800 188 307
13801 12801 189 309
13801 12802 192 307
13801 12803 193 308
13801 12804 194 308
13801 12805 195 303
13801 12806 197 306
13801 12807 199 307
13801 12808 200 307
13801 12809 203 305
13801 12810 202 303
13801 12811 206 302
13801 12812 207 304
13801 12813 208 304
13801 12814 211 303
13801 12815 211 303
13801 12816 215 304
13801 12817 216 302
13801 12818 217 305
13801 12819 216 302
13801 12820 219 304
13801 12821 222 302
13801 12822 223 300
13801 12823 225 301
13801 12824 226 300
13801 12825 228 300
13801 12826 230 299
13801 12827 231 299
13801 12828 232 299
13801 12829 234 298
13801 12830 236 302
13801 12831 237 300
13801 12832 239 300
13801 12833 240 297
13801 12834 241 296
13801 12835 242 293
13807 12730 386 250
13807 12731 387 252
13807 12732 386 253
13807 12733 385 256
13807 12734 384 254
13807 12735 382 252
13807 12736 381 253
13807 12737 380 254
13807 12738 380 252
13807 12739 378 253
13807 12740 377 255
13807 12741 375 254
13807 12742 375 255
13807 12743 374 257
13807 12744 373 255
13807 12745 371 256
13807 12746 371 257
13807 12747 371 257
13807 12748 371 257
13807 12749 369 259
13807 12750 368 258
13807 12751 367 258
13807 12752 365 258
13807 12753 365 260
13807 12754 365 259
13807 12755 363 259
13807 12756 363 261
13807 12757 363 259
13807 12758 363 264
13807 12759 362 262
13807 12760 360 260
13807 12761 358 262
13807 12762 359 261
13807 12763 357 266
13807 12764 357 262
13807 12765 355 267
13807 12766 355 268
13807 12767 354 266
13807 12768 353 266
13807 12769 352 265
13807 12770 350 266
13807 12771 349 270
13807 12772 347 267
13807 12773 347 267
13807 12774 345 268
13807 12775 344 272
13807 12776 343 273
13807 12777 341 270
13807 12778 340 273
13807 12779 338 271
13807 12780 338 270
13807 12781 336 271
13807 12782 336 275
13807 12783 334 272
13807 12784 333 273
13807 12785 332 273
13807 12786 330 277
13807 12787 329 274
13807 12788 327 275
13807 12789 326 276
13807 12790 325 279
13807 12791 323 280
13807 12792 321 281
13807 12793 321 276
13807 12794 318 278
13807 12795 317 278
13807 12796 316 282
13807 12797 314 280
13807 12798 314 282
13807 12799 311 280
13807 12800 310 284
13807 12801 308 280
13807 12802 307 280
13807 12803 306 283
13807 12804 304 287
13807 12805 304 292
13969 12905 123 357
13969 12906 123 363
13969 12907 117 365
13969 12908 116 363
13969 12909 111 368
13969 12910 110 369
13969 12911 107 367
13969 12912 101 367
13969 12913 99 368
13969 12914 99 370
13969 12915 94 371
13969 12916 88 371
13969 12917 86 373
13969 12918 81 368
13969 12919 78 372
13969 12920 75 373
13969 12921 75 374
13969 12922 71 374
13969 12923 63 374
13969 12924 65 375
13969 12925 64 375
13969 12926 61 375
13969 12927 59 376
13969 12928 58 382
13969 12929 62 380
14186 13123 350 327
14186 13124 354 327
14186 13125 354 322
14186 13126 355 322
14186 13127 352 327
14186 13128 353 325
14186 13129 354 326
14186 13130 352 319
14186 13131 356 323
14186 13132 359 326
14186 13133 361 327
14186 13134 363 330
14186 13135 364 330
14186 13136 364 331
14186 13137 365 330
14186 13138 367 330
14186 13139 371 328
14186 13140 370 333
14186 13141 371 333
14186 13142 374 331
14186 13143 375 334
14186 13144 376 335
14186 13145 379 335
14186 13146 381 334
14186 13147 381 335
14186 13148 384 336
14186 13149 387 337
14186 13150 387 334
14186 13151 389 334
14186 13152 391 336
14186 13153 397 339
14186 13154 394 341
14186 13155 394 341
14186 13156 400 339
14186 13157 403 342
14186 13158 401 347
14186 13159 403 345
14186 13160 399 350
14277 13205 499 356
14277 13206 497 357
14277 13207 502 359
14277 13208 502 367
14277 13209 505 366
14277 13210 505 368
14277 13211 510 371
14277 13212 510 372
14277 13213 512 368
14277 13214 515 368
14277 13215 519 371
14277 13216 521 374
14277 13217 522 371
14277 13218 526 369
14277 13219 525 371
14277 13220 530 372
14277 13221 532 373
14277 13222 534 371
14277 13223 534 373
14277 13224 536 374
14277 13225 539 374
14277 13226 543 378
14277 13227 543 373
14277 13228 548 375
14277 13229 551 375
14277 13230 554 376
14277 13231 554 376
14277 13232 554 377
14277 13233 560 378
14277 13234 562 378
14277 13235 562 377
14277 13236 563 377
14277 13237 561 382