330 431 224 287
330 432 225 287
330 433 220 288
330 434 216 290
330 435 219 289
330 436 221 290
330 437 225 289
330 438 228 290
330 439 227 290
330 440 227 289
330 441 231 290
330 442 231 291
330 443 231 292
330 444 232 290
330 445 232 293
330 446 235 291
330 447 236 289
330 448 238 292
330 449 239 292
330 450 239 292
330 451 242 292
330 452 244 293
330 453 245 296
330 454 246 296
330 455 247 292
330 456 250 294
330 457 252 294
330 458 253 297
330 459 253 293
330 460 254 304
330 461 257 297
330 462 260 291
330 463 267 287
330 464 261 295
330 465 261 298
330 466 268 289
330 467 271 290
330 468 272 290
330 469 274 290
330 470 271 297
330 471 277 293
330 472 278 291
330 473 279 292
330 474 282 294
330 475 285 292
330 476 291 288
330 477 297 280
330 478 291 285
359 449 87 322
359 450 88 317
359 451 91 316
359 452 95 317
359 453 96 319
359 454 97 317
359 455 99 318
359 456 102 319
359 457 104 319
359 458 106 319
359 459 108 319
359 460 110 319
359 461 113 320
359 462 116 320
359 463 118 320
359 464 120 321
359 465 123 321
359 466 125 322
359 467 128 323
359 468 131 323
359 469 132 323
359 470 135 323
359 471 137 323
359 472 142 323
359 473 142 323
359 474 145 324
359 475 149 326
359 476 151 324
359 477 151 324
359 478 154 326
359 479 156 327
359 480 159 327
359 481 160 327
359 482 164 327
359 483 167 328
359 484 167 328
359 485 171 327
359 486 175 328
359 487 176 330
359 488 179 331
359 489 183 331
359 490 186 331
359 491 188 331
359 492 190 330
359 493 193 331
359 494 196 332
359 495 199 332
359 496 201 332
359 497 205 331
359 498 208 332
359 499 208 332
359 500 211 331
359 501 215 332
359 502 218 332
359 503 219 332
359 504 222 333
359 505 227 333
359 506 229 334
359 507 231 334
359 508 234 334
359 509 237 334
359 510 240 334
359 511 242 335
359 512 245 335
359 513 249 336
359 514 251 335
359 515 254 335
359 516 257 335
359 517 260 338
359 518 263 336
359 519 265 337
359 520 271 337
359 521 271 338
359 522 273 337
359 523 277 337
359 524 282 337
359 525 285 338
359 526 285 338
359 527 288 337
359 528 294 337
359 529 297 338
359 530 296 337
359 531 301 337
359 532 305 338
359 533 308 338
359 534 310 339
359 535 314 338
359 536 318 339
359 537 320 339
359 538 321 339
359 539 326 339
359 540 329 339
359 541 329 343
422 486 292 309
422 487 292 310
422 488 294 311
422 489 296 310
422 490 298 311
422 491 299 312
422 492 300 313
422 493 300 313
422 494 303 313
422 495 306 315
422 496 306 314
422 497 307 315
422 498 308 315
422 499 310 317
422 500 313 317
422 501 313 317
422 502 314 317
422 503 316 318
422 504 317 317
422 505 318 320
422 506 321 320
422 507 321 320
422 508 323 322
422 509 324 322
422 510 326 322
422 511 326 321
422 512 329 324
422 513 330 324
422 514 332 325
422 515 332 325
422 516 333 325
422 517 335 327
422 518 336 326
422 519 338 328
422 520 338 329
422 521 340 328
422 522 341 330
422 523 344 332
422 524 345 332
422 525 346 331
422 526 347 332
422 527 350 334
422 528 352 336
422 529 353 335
422 530 355 337
422 531 357 338
422 532 359 338
422 533 361 339
422 534 362 340
422 535 365 342
422 536 365 342
422 537 369 342
422 538 369 345
422 539 372 345
422 540 374 345
422 541 374 346
422 542 377 347
422 543 379 348
422 544 381 349
422 545 383 348
422 546 385 349
422 547 386 352
422 548 388 352
422 549 390 353
422 550 392 355
422 551 394 356
422 552 396 355
422 553 397 355
422 554 399 356
422 555 401 358
422 556 403 358
422 557 404 360
422 558 406 360
422 559 407 361
422 560 408 361
422 561 412 363
422 562 411 364
422 563 414 364
422 564 415 365
422 565 417 367
422 566 420 369
422 567 419 370
422 568 421 370
422 569 423 372
422 570 424 375
422 571 427 375
422 572 429 374
422 573 433 377
422 574 434 378
422 575 434 378
422 576 435 378
422 577 436 380
428 493 323 282
428 494 319 286
428 495 319 285
428 496 324 286
428 497 323 284
428 498 324 284
428 499 325 284
428 500 327 284
428 501 330 284
428 502 330 283
428 503 329 283
428 504 332 284
428 505 334 284
428 506 336 284
428 507 337 283
428 508 337 284
428 509 340 284
428 510 340 284
428 511 342 283
428 512 343 283
428 513 344 284
428 514 344 284
428 515 347 284
428 516 349 283
428 517 349 284
428 518 349 284
428 519 351 285
428 520 353 284
428 521 355 284
428 522 356 283
428 523 358 284
428 524 360 284
428 525 360 284
428 526 362 284
428 527 371 281
428 528 372 280
428 529 372 280
428 530 374 280
428 531 375 283
428 532 377 279
428 533 378 279
428 534 381 280
428 535 382 280
428 536 381 279
428 537 381 282
428 538 380 282
428 539 381 280
428 540 384 280
428 541 388 282
428 542 390 280
428 543 393 280
428 544 395 280
428 545 396 283
428 546 396 279
428 547 399 281
428 548 401 280
428 549 401 283
428 550 403 280
428 551 405 280
428 552 405 283
428 553 407 280
428 554 408 282
428 555 392 274
428 556 405 275
428 557 422 275
428 558 437 275
428 559 416 280
428 560 418 282
428 561 418 282
428 562 419 281
428 563 421 278
428 564 424 282
428 565 425 282
428 566 425 282
428 567 428 282
428 568 430 281
428 569 432 280
428 570 433 281
428 571 436 282
428 572 435 279
428 573 438 281
428 574 438 280
428 575 443 283
428 576 442 283
428 577 441 281
428 578 444 283
450 541 183 246
450 542 193 247
450 543 207 248
450 544 221 248
450 545 235 251
450 546 246 251
450 547 258 251
450 548 275 251
450 549 291 253
450 550 307 255
450 551 323 258
450 552 340 260
450 553 353 264
450 554 371 264
450 555 364 277
450 556 361 275
450 557 357 273
450 558 361 272
450 559 361 272
450 560 361 269
480 577 441 381
480 578 443 382
480 579 445 382
480 580 446 382
480 581 450 385
480 582 453 387
480 583 454 387
480 584 457 387
480 585 457 390
480 586 461 391
480 587 464 391
480 588 465 391
480 589 468 394
480 590 471 396
480 591 472 397
480 592 474 395
480 593 477 399
480 594 479 400
480 595 481 400
480 596 482 399
480 597 486 404
480 598 489 407
480 599 489 406
480 600 491 406
480 601 494 409
480 602 496 410
480 603 498 411
480 604 502 412
480 605 502 414
480 606 505 415
480 607 507 417
480 608 508 417
480 609 512 419
480 610 513 420
480 611 513 425
480 612 516 421
480 613 517 428
480 614 518 426
480 615 521 433
480 616 525 427
480 617 528 430
480 618 529 432
480 619 530 433
480 620 535 429
480 621 536 437
480 622 538 437
480 623 538 443
480 624 542 438
480 625 544 443
480 626 546 441
480 627 545 445
480 628 545 454
480 629 540 451
480 630 544 454
480 631 546 455
516 603 634 280
516 604 630 280
516 605 623 275
516 606 617 275
516 607 610 274
516 608 599 273
516 609 590 272
516 610 583 272
516 611 575 270
516 612 572 269
516 613 566 266
516 614 585 253
516 615 586 255
516 616 586 254
516 617 587 253
516 618 588 253
516 619 589 253
516 620 590 253
516 621 591 253
516 622 592 253
516 623 593 252
516 624 594 253
516 625 595 252
535 616 486 269
535 617 485 263
535 618 477 263
535 619 470 262
535 620 460 262
535 621 449 259
535 622 438 259
535 623 426 258
535 624 416 257
535 625 406 257
535 626 394 258
535 627 382 255
535 628 373 253
535 629 362 252
535 630 351 252
535 631 345 258
546 619 198 257
546 620 197 258
546 621 195 258
546 622 194 259
546 623 193 256
546 624 188 260
546 625 186 258
546 626 183 259
546 627 179 263
546 628 177 260
546 629 172 264
546 630 170 266
546 631 167 267
546 632 164 268
546 633 162 269
546 634 159 271
546 635 158 270
546 636 154 272
546 637 152 272
546 638 149 274
546 639 147 275
546 640 144 275
546 641 143 273
546 642 140 275
546 643 138 281
546 644 134 281
546 645 131 282
546 646 127 284
546 647 130 284
546 648 133 287
605 659 106 286
605 660 105 292
605 661 101 286
605 662 106 277
605 663 108 277
605 664 109 279
605 665 113 279
605 666 113 280
605 667 115 281
605 668 118 281
605 669 120 281
605 670 122 280
605 671 124 280
605 672 125 276
605 673 129 282
605 674 130 280
605 675 132 282
605 676 135 283
605 677 138 282
605 678 139 282
605 679 141 279
605 680 144 283
605 681 146 282
605 682 148 283
605 683 150 282
605 684 153 284
605 685 155 284
605 686 157 284
605 687 159 285
605 688 162 284
605 689 164 283
605 690 166 286
605 691 171 285
605 692 173 285
605 693 173 282
605 694 178 285
605 695 182 285
605 696 183 285
605 697 186 285
605 698 189 279
605 699 191 285
605 700 193 286
605 701 194 285
605 702 199 284
605 703 201 286
605 704 204 287
605 705 209 286
605 706 212 286
605 707 214 287
605 708 217 287
605 709 219 286
605 710 222 287
605 711 225 287
605 712 226 286
605 713 230 286
605 714 233 288
605 715 234 287
605 716 236 286
605 717 240 286
605 718 242 286
605 719 245 285
605 720 249 281
605 721 252 283
605 722 255 284
605 723 259 282
605 724 261 283
605 725 263 286
605 726 267 283
605 727 270 285
605 728 274 285
605 729 275 285
605 730 276 286
605 731 282 283
605 732 284 285
605 733 285 285
605 734 287 285
605 735 291 282
605 736 294 285
605 737 295 284
605 738 297 285
605 739 301 282
605 740 306 282
605 741 307 284
605 742 310 281
605 743 313 283
605 744 315 285
605 745 319 281
605 746 321 284
605 747 323 284
605 748 327 281
605 749 330 281
605 750 332 280
605 751 335 283
605 752 338 279
605 753 342 280
605 754 343 281
605 755 345 280
605 756 348 282
605 757 352 277
605 758 353 278
605 759 355 282
605 760 358 282
605 761 362 279
605 762 362 283
605 763 365 282
605 764 366 282
605 765 371 282
605 766 373 279
605 767 376 278
605 768 377 283
605 769 380 282
605 770 384 277
605 771 386 278
605 772 387 281
605 773 392 278
605 774 393 278
605 775 395 278
605 776 397 278
605 777 399 282
605 778 403 282
605 779 404 280
605 780 407 279
605 781 410 278
605 782 411 278
605 783 413 281
605 784 416 276
605 785 419 280
605 786 420 280
605 787 424 278
605 788 426 278
605 789 429 278
605 790 430 279
605 791 433 280
605 792 434 280
605 793 437 279
605 794 440 277
605 795 443 277
605 796 445 276
605 797 449 275
605 798 450 278
605 799 452 275
605 800 452 281
605 801 457 275
605 802 459 277
605 803 460 279
605 804 464 275
605 805 466 275
605 806 468 277
605 807 471 277
605 808 474 277
605 809 476 277
605 810 477 278
605 811 479 278
605 812 482 276
605 813 483 276
605 814 488 276
605 815 489 277
716 805 245 252
716 806 251 250
716 807 253 253
716 808 259 253
716 809 267 252
716 810 271 253
716 811 281 254
716 812 290 255
716 813 299 256
716 814 305 257
716 815 315 258
716 816 322 258
716 817 329 258
716 818 338 259
716 819 347 259
716 820 354 261
716 821 361 261
716 822 371 262
716 823 379 262
716 824 387 264
716 825 416 264
716 826 416 261
716 827 417 261
716 828 420 262
716 829 422 263
716 830 424 263
716 831 448 268
716 832 456 270
716 833 464 270
716 834 470 271
716 835 473 271
716 836 478 271
716 837 482 272
716 838 489 275
939 1178 217 278
939 1179 219 284
939 1180 221 287
939 1181 222 285
939 1182 222 285
939 1183 224 285
939 1184 228 285
939 1185 229 285
939 1186 229 285
939 1187 228 285
939 1188 232 285
939 1189 235 289
939 1190 235 286
939 1191 236 286
939 1192 237 288
939 1193 238 286
939 1194 239 286
939 1195 242 289
939 1196 243 286
939 1197 244 285
939 1198 247 284
939 1199 249 284
939 1200 250 285
939 1201 251 285
939 1202 255 286
939 1203 257 285
939 1204 256 285
939 1205 260 281
939 1206 262 284
939 1207 264 286
939 1208 265 286
939 1209 265 285
939 1210 268 288
939 1211 271 288
939 1212 272 288
939 1213 273 287
939 1214 276 287
939 1215 278 285
939 1216 280 285
939 1217 280 284
939 1218 282 286
939 1219 285 287
939 1220 287 283
939 1221 287 284
939 1222 289 284
939 1223 291 284
939 1224 293 284
939 1225 295 284
939 1226 296 283
939 1227 299 285
939 1228 301 283
939 1229 301 282
939 1230 302 282
939 1231 303 282
939 1232 306 285
939 1233 309 286
939 1234 309 282
939 1235 309 281
939 1236 311 284
939 1237 315 284
939 1238 316 282
939 1239 316 285
939 1240 317 287
939 1241 321 284
939 1242 325 285
939 1243 323 284
939 1244 324 284
939 1245 327 284
939 1246 328 285
939 1247 330 285
939 1248 331 283
939 1249 331 284
939 1250 332 282
939 1251 335 282
939 1252 335 285
939 1253 336 281
939 1254 337 282
939 1255 338 286
939 1256 340 285
939 1257 340 287
939 1258 341 284
939 1259 343 288
939 1260 345 290
939 1261 345 291
939 1262 346 284
939 1263 346 286
939 1264 347 290
939 1265 347 291
939 1266 347 289
939 1267 348 289
939 1268 348 291
939 1269 349 290
939 1270 347 294
939 1271 350 292
939 1272 351 293
939 1273 352 292
939 1274 351 293
939 1275 352 292
939 1276 352 294
939 1277 355 291
939 1278 355 295
939 1279 355 295
939 1280 356 297
939 1281 356 297
939 1282 357 298
939 1283 358 297
939 1284 358 298
939 1285 361 294
939 1286 361 295
939 1287 362 300
939 1288 362 301
939 1289 363 301
939 1290 363 302
939 1291 363 299
939 1292 365 303
939 1293 365 306
939 1294 365 308
939 1295 367 312
964 1270 454 259
964 1271 440 257
964 1272 429 257
964 1273 419 256
964 1274 404 255
964 1275 391 253
964 1276 379 252
964 1277 364 252
964 1278 355 251
964 1279 343 248
964 1280 333 249
964 1281 319 247
964 1282 307 247
964 1283 296 246
986 1308 487 268
986 1309 480 266
986 1310 473 266
986 1311 464 265
986 1312 448 264
986 1313 431 263
986 1314 415 261
986 1315 401 260
986 1316 387 258
986 1317 370 258
986 1318 354 255
986 1319 339 254
986 1320 324 253
986 1321 310 252
986 1322 297 251
986 1323 284 249
986 1324 270 248
986 1325 257 248
986 1326 245 246
1084 1459 385 258
1084 1460 371 257
1084 1461 356 256
1084 1462 342 255
1084 1463 329 254
1084 1464 318 253
1084 1465 307 251
1084 1466 295 252
1084 1467 283 251
1084 1468 271 251
1084 1469 261 248
1084 1470 255 248
1084 1471 248 247
1084 1472 243 246
1093 1483 416 360
1093 1484 415 361
1093 1485 413 361
1093 1486 410 362
1093 1487 408 365
1093 1488 405 364
1093 1489 404 366
1093 1490 400 363
1093 1491 398 364
1093 1492 396 365
1093 1493 394 365
1093 1494 392 368
1093 1495 389 367
1093 1496 386 367
1093 1497 384 369
1093 1498 382 366
1093 1499 380 369
1093 1500 377 373
1093 1501 376 368
1093 1502 374 370
1093 1503 369 372
1093 1504 368 371
1093 1505 368 371
1093 1506 363 373
1093 1507 361 374
1093 1508 357 375
1093 1509 356 374
1093 1510 354 375
1093 1511 351 376
1093 1512 347 378
1093 1513 347 377
1093 1514 344 378
1093 1515 340 380
1093 1516 336 380
1093 1517 336 383
1093 1518 332 380
1093 1519 325 383
1093 1520 322 382
1093 1521 325 382
1093 1522 321 383
1093 1523 319 376
1093 1524 317 378
1093 1525 317 386
1093 1526 314 387
1139 1605 484 265
1139 1606 478 263
1139 1607 463 262
1139 1608 450 261
1139 1609 431 259
1139 1610 414 258
1139 1611 398 257
1139 1612 380 255
1139 1613 363 254
1139 1614 348 253
1139 1615 331 251
1139 1616 313 250
1139 1617 296 247
1139 1618 282 247
1178 1656 315 445
1178 1657 317 441
1178 1658 317 442
1178 1659 315 443
1178 1660 314 444
1178 1661 312 438
1178 1662 310 438
1178 1663 311 437
1178 1664 308 439
1178 1665 306 438
1178 1666 304 435
1178 1667 303 430
1178 1668 300 432
1178 1669 298 428
1178 1670 296 431
1178 1671 295 426
1178 1672 294 427
1178 1673 292 421
1178 1674 291 421
1178 1675 290 423
1178 1676 287 418
1178 1677 287 418
1178 1678 285 418
1178 1679 284 415
1178 1680 283 411
1178 1681 281 412
1178 1682 280 412
1178 1683 278 408
1178 1684 276 406
1178 1685 275 408
1178 1686 274 404
1178 1687 272 401
1178 1688 271 402
1178 1689 268 401
1178 1690 267 400
1178 1691 265 396
1178 1692 263 395
1178 1693 261 392
1178 1694 260 394
1178 1695 257 392
1178 1696 255 393
1178 1697 254 392
1178 1698 251 389
1178 1699 249 387
1178 1700 246 387
1178 1701 246 392
1178 1702 246 399
1192 1675 415 275
1192 1676 414 272
1192 1677 414 275
1192 1678 411 273
1192 1679 410 276
1192 1680 409 273
1192 1681 407 273
1192 1682 405 272
1192 1683 403 272
1192 1684 402 271
1192 1685 401 275
1192 1686 398 271
1192 1687 396 274
1192 1688 395 272
1192 1689 393 274
1192 1690 392 272
1192 1691 390 273
1192 1692 389 272
1192 1693 387 272
1192 1694 386 272
1192 1695 384 271
1192 1696 382 272
1192 1697 380 271
1192 1698 378 271
1192 1699 377 272
1192 1700 375 271
1192 1701 373 270
1192 1702 371 272
1192 1703 370 271
1192 1704 367 271
1192 1705 365 269
1192 1706 364 271
1192 1707 363 271
1192 1708 360 269
1192 1709 358 271
1192 1710 357 269
1192 1711 355 272
1192 1712 352 270
1192 1713 350 270
1192 1714 348 270
1192 1715 347 271
1192 1716 346 270
1192 1717 345 270
1192 1718 342 270
1192 1719 340 270
1192 1720 338 271
1192 1721 335 271
1192 1722 335 269
1192 1723 333 268
1192 1724 331 270
1192 1725 329 270
1192 1726 327 270
1192 1727 327 270
1192 1728 324 270
1192 1729 323 269
1192 1730 321 268
1192 1731 319 269
1192 1732 317 268
1192 1733 316 269
1192 1734 314 269
1192 1735 313 266
1192 1736 311 268
1192 1737 309 267
1192 1738 307 266
1192 1739 306 267
1192 1740 304 266
1192 1741 303 267
1192 1742 301 268
1192 1743 299 267
1192 1744 298 267
1192 1745 296 267
1192 1746 294 268
1192 1747 293 268
1192 1748 291 267
1192 1749 289 267
1192 1750 288 267
1192 1751 286 265
1192 1752 285 265
1192 1753 283 266
1192 1754 282 267
1192 1755 280 266
1192 1756 278 266
1192 1757 276 265
1192 1758 275 266
1192 1759 273 266
1192 1760 272 265
1192 1761 270 265
1192 1762 268 266
1192 1763 266 265
1192 1764 265 265
1192 1765 263 265
1192 1766 261 265
1192 1767 259 266
1192 1768 259 265
1192 1769 258 266
1192 1770 255 265
1192 1771 254 265
1192 1772 252 265
1192 1773 250 264
1192 1774 249 264
1192 1775 247 264
1192 1776 246 265
1192 1777 244 266
1192 1778 243 264
1192 1779 241 263
1192 1780 240 265
1192 1781 239 265
1192 1782 236 263
1192 1783 235 263
1192 1784 233 265
1192 1785 233 266
1192 1786 232 265
1192 1787 229 263
1192 1788 227 263
1192 1789 226 264
1192 1790 224 265
1192 1791 223 262
1192 1792 220 265
1192 1793 220 263
1192 1794 219 263
1192 1795 218 263
1192 1796 216 262
1192 1797 214 263
1192 1798 212 262
1192 1799 211 263
1192 1800 210 264
1192 1801 209 264
1192 1802 207 265
1192 1803 205 265
1192 1804 205 265
1192 1805 203 265
1192 1806 202 266
1277 1847 256 263
1277 1848 257 264
1277 1849 257 265
1277 1850 260 263
1277 1851 262 263
1277 1852 264 263
1277 1853 266 264
1277 1854 267 261
1277 1855 270 264
1277 1856 271 267
1277 1857 273 264
1277 1858 275 265
1277 1859 277 263
1277 1860 279 264
1277 1861 281 263
1277 1862 283 263
1277 1863 284 262
1277 1864 286 263
1277 1865 290 261
1277 1866 290 260
1277 1867 292 261
1277 1868 293 261
1277 1869 297 260
1277 1870 297 259
1277 1871 298 260
1277 1872 299 259
1277 1873 301 260
1277 1874 302 259
1277 1875 304 259
1277 1876 305 258
1277 1877 306 256
1277 1878 307 257
1277 1879 308 256
1277 1880 309 258
1277 1881 312 257
1277 1882 314 256
1277 1883 315 257
1277 1884 317 257
1277 1885 318 257
1277 1886 319 256
1277 1887 321 255
1277 1888 322 256
1277 1889 323 257
1277 1890 325 254
1277 1891 327 256
1277 1892 329 254
1277 1893 331 253
1277 1894 331 253
1277 1895 334 255
1277 1896 336 254
1277 1897 336 255
1277 1898 338 253
1277 1899 339 255
1277 1900 340 255
1277 1901 343 256
1277 1902 343 253
1277 1903 345 254
1277 1904 347 253
1277 1905 348 253
1277 1906 349 251
1277 1907 351 252
1277 1908 352 253
1277 1909 353 252
1277 1910 355 250
1277 1911 356 252
1277 1912 357 253
1277 1913 361 251
1277 1914 362 251
1277 1915 363 251
1277 1916 363 250
1277 1917 364 251
1277 1918 366 247
1277 1919 367 248
1277 1920 369 250
1277 1921 372 249
1277 1922 373 249
1277 1923 373 249
1277 1924 373 249
1277 1925 376 249
1277 1926 379 247
1277 1927 379 247
1277 1928 381 250
1277 1929 381 248
1277 1930 384 248
1277 1931 385 249
1277 1932 387 249
1277 1933 387 249
1277 1934 389 248
1277 1935 390 247
1277 1936 391 248
1277 1937 392 249
1277 1938 395 248
1277 1939 396 248
1277 1940 397 248
1277 1941 399 247
1277 1942 400 246
1277 1943 401 246
1277 1944 403 247
1277 1945 403 248
1277 1946 407 246
1277 1947 408 246
1277 1948 409 247
1277 1949 408 252
1277 1950 410 253
1277 1951 414 250
1277 1952 417 247
1277 1953 416 247
1366 2007 486 268
1366 2008 481 266
1366 2009 478 265
1366 2010 475 264
1366 2011 468 265
1366 2012 460 264
1366 2013 453 264
1366 2014 447 264
1366 2015 441 263
1366 2016 433 262
1366 2017 427 261
1366 2018 421 261
1366 2019 414 260
1366 2020 407 261
1366 2021 399 259
1366 2022 395 257
1366 2023 388 258
1366 2024 382 257
1366 2025 378 257
1366 2026 372 257
1366 2027 368 257
1366 2028 362 256
1366 2029 356 256
1366 2030 352 255
1366 2031 348 255
1366 2032 343 255
1366 2033 340 253
1366 2034 336 254
1366 2035 337 254
1366 2036 328 253
1366 2037 325 253
1366 2038 326 253
1366 2039 319 253
1366 2040 316 252
1366 2041 312 252
1366 2042 307 251
1366 2043 308 252
1366 2044 313 251
1508 2104 635 360
1508 2105 626 364
1508 2106 635 350
1508 2107 633 355
1508 2108 631 355
1508 2109 629 354
1508 2110 627 355
1508 2111 626 355
1508 2112 623 349
1508 2113 620 351
1508 2114 618 349
1508 2115 616 350
1508 2116 615 350
1508 2117 612 351
1508 2118 610 353
1508 2119 609 349
1508 2120 606 347
1508 2121 602 348
1508 2122 600 350
1508 2123 599 348
1508 2124 596 348
1508 2125 594 348
1508 2126 592 348
1508 2127 589 351
1508 2128 587 346
1508 2129 584 346
1508 2130 581 347
1508 2131 580 348
1508 2132 578 346
1508 2133 575 346
1508 2134 573 347
1508 2135 571 349
1508 2136 568 347
1508 2137 566 347
1508 2138 563 347
1508 2139 560 350
1508 2140 558 348
1508 2141 556 348
1508 2142 554 349
1508 2143 551 348
1508 2144 548 348
1508 2145 549 349
1765 2227 170 336
1765 2228 169 331
1765 2229 171 327
1765 2230 173 332
1765 2231 175 332
1765 2232 176 330
1765 2233 178 332
1765 2234 180 332
1765 2235 183 333
1765 2236 184 331
1765 2237 186 330
1765 2238 189 331
1765 2239 192 331
1765 2240 193 330
1765 2241 192 331
1765 2242 196 332
1765 2243 199 331
1765 2244 200 332
1765 2245 202 331
1765 2246 204 334
1765 2247 206 334
1765 2248 210 334
1765 2249 210 333
1765 2250 212 332
1765 2251 215 334
1765 2252 217 332
1765 2253 218 334
1765 2254 221 335
1765 2255 223 335
1765 2256 225 333
1765 2257 225 335
1765 2258 229 335
1765 2259 231 336
1765 2260 233 337
1765 2261 235 337
1765 2262 238 337
1765 2263 240 338
1765 2264 242 338
1765 2265 242 337
1765 2266 245 339
1765 2267 248 340
1765 2268 249 339
1765 2269 251 337
1765 2270 253 339
1765 2271 255 340
1765 2272 257 339
1765 2273 258 340
1765 2274 261 339
1765 2275 263 340
1765 2276 265 340
1765 2277 267 341
1765 2278 269 340
1765 2279 271 342
1765 2280 273 342
1765 2281 275 341
1765 2282 277 341
1765 2283 280 343
1765 2284 281 342
1765 2285 283 344
1765 2286 285 341
1765 2287 288 343
1765 2288 291 343
1765 2289 291 344
1765 2290 294 342
1765 2291 295 345
1765 2292 298 345
1765 2293 301 345
1765 2294 303 345
1765 2295 304 346
1765 2296 308 347
1765 2297 309 347
1765 2298 311 346
1765 2299 313 347
1765 2300 316 347
1765 2301 318 347
1765 2302 320 346
1765 2303 323 348
1765 2304 326 348
1765 2305 327 348
1765 2306 330 346
1765 2307 331 351
1765 2308 334 350
1765 2309 335 350
1765 2310 338 349
1765 2311 339 351
1765 2312 342 353
1765 2313 343 352
1765 2314 346 351
1765 2315 348 354
1765 2316 350 356
1765 2317 352 356
1765 2318 353 354
1765 2319 356 355
1765 2320 358 356
1765 2321 359 356
1765 2322 361 355
1765 2323 364 357
1765 2324 367 358
1765 2325 369 358
1765 2326 370 359
1765 2327 372 358
1765 2328 375 359
1765 2329 375 359
1765 2330 379 359
1765 2331 382 361
1765 2332 384 361
1765 2333 386 364
1765 2334 387 359
1765 2335 389 363
1765 2336 392 362
1765 2337 393 363
1765 2338 393 363
1765 2339 398 366
1765 2340 400 366
1765 2341 403 367
1765 2342 405 367
1765 2343 407 368
1765 2344 409 369
1765 2345 410 366
1765 2346 414 365
1765 2347 415 370
1765 2348 418 371
1765 2349 419 371
1765 2350 419 370
1765 2351 422 369
1765 2352 425 373
1765 2353 427 373
1765 2354 426 373
1765 2355 432 375
1765 2356 436 376
1765 2357 440 377
1765 2358 442 378
1765 2359 444 378
1765 2360 449 379
1765 2361 451 379
1765 2362 454 380
1765 2363 457 380
1765 2364 458 379
1765 2365 460 382
1765 2366 462 382
1765 2367 467 383
1765 2368 469 383
1765 2369 471 382
1765 2370 474 383
1765 2371 475 381
1765 2372 477 386
1765 2373 478 384
1765 2374 481 386
1765 2375 481 383
1765 2376 483 388
1765 2377 485 389
1765 2378 487 387
1765 2379 490 387
1765 2380 490 388
1765 2381 492 390
1765 2382 495 390
1765 2383 497 391
1765 2384 499 389
1765 2385 502 393
1765 2386 503 395
1765 2387 506 393
1765 2388 507 392
1765 2389 511 395
1765 2390 513 397
1765 2391 513 397
1765 2392 515 396
1765 2393 517 398
1765 2394 520 400
1765 2395 523 401
1765 2396 525 401
1765 2397 526 399
1765 2398 528 402
1765 2399 532 403
1765 2400 533 403
1765 2401 531 408
1990 2338 488 267
1990 2339 481 265
1990 2340 476 263
1990 2341 468 264
1990 2342 454 262
1990 2343 441 261
1990 2344 429 261
1990 2345 419 259
1990 2346 407 258
1990 2347 397 258
1990 2348 386 256
1990 2349 377 256
1990 2350 366 255
1990 2351 355 254
1990 2352 344 254
1990 2353 336 251
1990 2354 327 252
1990 2355 314 251
1990 2356 298 249
1990 2357 285 248
1990 2358 279 248
1990 2359 272 248
1990 2360 268 247
1990 2361 272 246
2105 2411 163 249
2105 2412 164 250
2105 2413 168 249
2105 2414 165 247
2105 2415 165 250
2105 2416 166 253
2105 2417 167 256
2105 2418 168 253
2105 2419 167 258
2105 2420 167 258
2105 2421 165 259
2105 2422 165 262
2105 2423 164 264
2105 2424 162 265
2105 2425 160 261
2105 2426 159 263
2105 2427 157 265
2105 2428 153 266
2105 2429 153 268
2105 2430 146 270
2105 2431 144 272
2105 2432 139 274
2105 2433 133 277
2105 2434 131 277
2105 2435 127 279
2105 2436 123 282
2105 2437 118 285
2105 2438 111 287
2105 2439 109 288
2105 2440 110 286
2105 2441 120 283
2105 2442 114 285
2105 2443 109 284
2137 2433 173 258
2137 2434 176 254
2137 2435 177 252
2137 2436 172 256
2137 2437 169 258
2137 2438 168 258
2137 2439 166 260
2137 2440 163 260
2137 2441 160 262
2137 2442 157 264
2137 2443 155 265
2137 2444 152 267
2137 2445 149 269
2137 2446 147 270
2137 2447 144 271
2137 2448 142 273
2137 2449 138 274
2137 2450 135 275
2137 2451 131 277
2137 2452 129 278
2137 2453 125 281
2137 2454 122 282
2137 2455 118 284
2137 2456 115 286
2137 2457 111 288
2137 2458 107 290
2137 2459 103 292
2137 2460 100 293
2137 2461 96 296
2137 2462 91 298
2137 2463 87 300
2137 2464 82 302
2137 2465 77 305
2137 2466 73 306
2137 2467 67 309
2137 2468 63 311
2137 2469 70 307
2585 3122 27 475
2585 3123 30 474
2585 3124 35 472
2585 3125 41 470
2585 3126 43 470
2585 3127 47 467
2585 3128 51 465
2585 3129 55 463
2585 3130 59 461
2585 3131 62 458
2585 3132 65 458
2585 3133 71 455
2585 3134 74 453
2585 3135 78 451
2585 3136 82 450
2585 3137 86 448
2585 3138 88 446
2585 3139 92 443
2585 3140 96 441
2585 3141 101 437
2585 3142 103 437
2585 3143 106 436
2585 3144 109 434
2585 3145 112 431
2585 3146 115 430
2585 3147 119 427
2585 3148 123 426
2585 3149 126 423
2585 3150 129 422
2585 3151 132 420
2585 3152 135 418
2585 3153 138 417
2585 3154 141 414
2585 3155 144 412
2585 3156 147 411
2585 3157 149 409
2585 3158 153 407
2585 3159 154 406
2585 3160 157 404
2585 3161 160 402
2585 3162 163 400
2585 3163 167 398
2585 3164 168 397
2585 3165 170 396
2585 3166 174 393
2585 3167 176 391
2585 3168 177 391
2585 3169 180 388
2585 3170 183 386
2585 3171 184 387
2585 3172 186 384
2585 3173 189 381
2585 3174 190 381
2585 3175 193 379
2585 3176 195 377
2585 3177 198 375
2585 3178 200 373
2585 3179 202 373
2585 3180 205 371
2585 3181 206 369
2585 3182 209 368
2585 3183 210 367
2585 3184 213 364
2585 3185 214 363
2585 3186 216 363
2585 3187 219 361
2585 3188 221 360
2585 3189 223 359
2585 3190 226 357
2585 3191 228 356
2585 3192 229 355
2585 3193 231 354
2585 3194 234 353
2585 3195 236 352
2585 3196 238 350
2585 3197 240 349
2585 3198 243 348
2585 3199 243 347
2585 3200 244 345
2585 3201 247 343
2585 3202 250 343
2585 3203 251 341
2585 3204 254 341
2585 3205 255 340
2585 3206 257 339
2585 3207 259 337
2585 3208 262 336
2585 3209 263 335
2585 3210 266 334
2585 3211 267 333
2585 3212 269 332
2585 3213 271 331
2585 3214 273 331
2585 3215 273 329
2585 3216 275 328
2585 3217 277 327
2585 3218 279 325
2585 3219 281 326
2585 3220 282 324
2585 3221 282 323
2595 3138 408 476
2595 3139 406 475
2595 3140 400 473
2595 3141 397 472
2595 3142 393 471
2595 3143 389 470
2595 3144 385 469
2595 3145 382 467
2595 3146 376 467
2595 3147 370 466
2595 3148 368 464
2595 3149 364 462
2595 3150 361 460
2595 3151 356 460
2595 3152 353 460
2595 3153 350 455
2595 3154 344 456
2595 3155 340 454
2595 3156 337 453
2595 3157 334 450
2595 3158 329 447
2595 3159 327 449
2595 3160 323 445
2595 3161 319 442
2595 3162 314 440
2595 3163 310 439
2595 3164 308 437
2595 3165 304 437
2595 3166 300 438
2595 3167 296 434
2595 3168 292 433
2595 3169 288 432
2595 3170 285 428
2595 3171 281 427
2595 3172 275 428
2595 3173 273 427
2595 3174 270 421
2595 3175 266 422
2595 3176 263 418
2595 3177 259 416
2595 3178 254 417
2595 3179 251 417
2595 3180 249 414
2595 3181 247 413
2595 3182 244 412
2595 3183 241 410
2595 3184 238 407
2595 3185 236 406
2595 3186 231 406
2595 3187 229 403
2595 3188 229 399
2595 3189 226 402
2595 3190 227 399
2908 3472 233 253
2908 3473 238 250
2908 3474 248 251
2908 3475 254 252
2908 3476 262 252
2908 3477 274 252
2908 3478 285 254
2908 3479 294 255
2908 3480 307 256
2908 3481 320 258
2908 3482 331 258
2908 3483 343 259
2908 3484 355 259
2908 3485 372 260
2908 3486 387 261
2908 3487 394 262
2908 3488 396 262
2908 3489 389 261
2908 3490 387 256
2908 3491 381 257
2994 3549 77 307
2994 3550 70 310
2994 3551 64 313
2994 3552 57 314
2994 3553 53 317
2994 3554 45 320
2994 3555 44 325
2994 3556 44 329
2994 3557 40 331
2994 3558 32 334
2994 3559 24 337
3034 3613 249 252
3034 3614 249 250
3034 3615 259 253
3034 3616 270 253
3034 3617 280 254
3034 3618 289 254
3034 3619 301 256
3034 3620 311 257
3034 3621 320 257
3034 3622 333 259
3034 3623 342 259
3034 3624 354 261
3034 3625 367 261
3034 3626 381 262
3034 3627 391 263
3034 3628 403 264
3034 3629 417 265
3034 3630 428 266
3034 3631 440 267
3034 3632 455 268
3034 3633 462 275
3207 3931 81 429
3207 3932 83 432
3207 3933 87 434
3207 3934 89 430
3207 3935 90 433
3207 3936 92 430
3207 3937 95 429
3207 3938 95 427
3207 3939 96 423
3207 3940 100 422
3207 3941 102 421
3207 3942 103 420
3207 3943 104 418
3207 3944 106 419
3207 3945 110 419
3207 3946 111 416
3207 3947 113 412
3207 3948 115 413
3207 3949 118 408
3207 3950 119 408
3207 3951 121 406
3207 3952 124 408
3207 3953 128 406
3207 3954 130 404
3207 3955 133 401
3207 3956 131 403
3207 3957 132 402
3207 3958 136 398
3207 3959 137 399
3207 3960 140 399
3207 3961 141 395
3207 3962 140 394
3207 3963 141 397
3207 3964 147 394
3207 3965 145 394
3207 3966 147 392
3207 3967 149 390
3207 3968 151 388
3207 3969 153 387
3207 3970 154 383
3207 3971 155 386
3207 3972 155 381
3207 3973 158 382
3207 3974 159 383
3207 3975 161 382
3207 3976 160 377
3207 3977 162 379
3207 3978 163 374
3207 3979 164 376
3207 3980 164 379
3209 3936 110 439
3209 3937 108 437
3209 3938 112 435
3209 3939 114 435
3209 3940 113 435
3209 3941 116 433
3209 3942 118 431
3209 3943 124 429
3209 3944 125 426
3209 3945 123 427
3209 3946 127 424
3209 3947 129 424
3209 3948 132 422
3209 3949 132 422
3209 3950 134 420
3209 3951 138 419
3209 3952 138 419
3209 3953 138 417
3209 3954 141 414
3209 3955 143 414
3209 3956 146 411
3209 3957 145 413
3209 3958 148 409
3209 3959 149 409
3209 3960 153 406
3209 3961 154 405
3209 3962 153 404
3239 3980 165 373
3239 3981 166 375
3239 3982 168 373
3239 3983 169 373
3239 3984 171 374
3239 3985 171 373
3239 3986 171 373
3239 3987 173 369
3239 3988 174 368
3239 3989 176 368
3239 3990 175 367
3239 3991 176 367
3239 3992 176 366
3239 3993 177 361
3239 3994 179 367
3239 3995 179 364
3239 3996 180 364
3239 3997 181 362
3239 3998 182 359
3239 3999 182 361
3239 4000 182 359
3239 4001 183 359
3239 4002 184 355
3239 4003 185 359
3239 4004 185 359
3239 4005 187 354
3239 4006 188 356
3239 4007 187 353
3239 4008 188 353
3239 4009 190 355
3239 4010 191 349
3239 4011 191 352
3239 4012 193 349
3239 4013 194 349
3239 4014 195 347
3239 4015 197 352
3239 4016 198 345
3239 4017 199 347
3239 4018 201 347
3239 4019 202 345
3239 4020 203 342
3239 4021 205 343
3239 4022 205 341
3239 4023 207 342
3239 4024 207 341
3239 4025 208 338
3239 4026 210 339
3239 4027 211 338
3239 4028 211 337
3239 4029 212 338
3353 4138 208 318
3353 4139 207 319
3353 4140 207 316
3353 4141 205 322
3353 4142 203 320
3353 4143 201 324
3353 4144 200 321
3353 4145 198 323
3353 4146 196 325
3353 4147 195 325
3353 4148 192 323
3353 4149 190 325
3353 4150 189 329
3353 4151 186 326
3353 4152 184 324
3353 4153 182 325
3353 4154 180 325
3353 4155 177 325
3353 4156 175 326
3353 4157 173 328
3353 4158 172 331
3353 4159 168 328
3353 4160 166 328
3353 4161 164 329
3353 4162 161 327
3353 4163 160 328
3353 4164 158 332
3353 4165 156 330
3353 4166 151 331
3353 4167 151 328
3353 4168 149 329
3353 4169 147 330
3353 4170 145 331
3353 4171 143 333
3353 4172 141 332
3353 4173 139 332
3353 4174 137 330
3353 4175 135 331
3353 4176 133 329
3353 4177 132 334
3353 4178 128 332
3353 4179 126 330
3353 4180 124 333
3353 4181 122 333
3371 4186 111 332
3371 4187 109 334
3371 4188 109 337
3371 4189 104 334
3371 4190 102 335
3371 4191 101 336
3371 4192 99 338
3371 4193 97 337
3371 4194 96 338
3371 4195 94 339
3371 4196 93 344
3371 4197 87 342
3371 4198 86 340
3371 4199 87 343
3371 4200 83 341
3371 4201 81 341
3371 4202 79 344
3371 4203 77 346
3371 4204 73 346
3371 4205 71 343
3371 4206 70 347
3371 4207 70 348
3371 4208 66 346
3371 4209 63 348
3371 4210 62 347
3371 4211 62 350
3371 4212 58 349
3371 4213 55 347
3371 4214 54 351
3371 4215 53 351
3371 4216 48 349
3371 4217 46 350
3371 4218 45 353
3371 4219 42 351
3371 4220 39 352
3371 4221 37 354
3371 4222 35 354
3371 4223 32 352
3371 4224 30 355
3371 4225 28 354
3371 4226 28 358
3371 4227 24 355
3371 4228 21 354
3371 4229 20 356
3371 4230 20 358
3371 4231 15 355
3371 4232 13 359
3371 4233 12 359
3371 4234 9 359
3371 4235 7 358
3371 4236 6 360
3371 4237 5 361
3371 4238 4 359
3537 4423 433 406
3537 4424 430 400
3537 4425 432 401
3537 4426 434 400
3537 4427 438 399
3537 4428 437 404
3537 4429 440 405
3537 4430 445 406
3537 4431 446 405
3537 4432 443 409
3537 4433 448 410
3537 4434 451 409
3537 4435 453 410
3537 4436 456 413
3537 4437 457 414
3537 4438 457 416
3537 4439 459 414
3537 4440 463 417
3537 4441 466 420
3537 4442 468 420
3537 4443 471 420
3537 4444 476 422
3537 4445 474 423
3537 4446 477 425
3537 4447 479 424
3537 4448 481 427
3537 4449 483 426
3537 4450 485 430
3537 4451 488 429
3537 4452 489 430
3537 4453 496 432
3537 4454 494 435
3537 4455 497 436
3537 4456 499 435
3537 4457 504 435
3537 4458 507 439
3537 4459 510 442
3537 4460 513 438
3537 4461 516 438
3537 4462 518 442
3537 4463 515 446
3537 4464 521 444
3537 4465 523 445
3537 4466 525 447
3537 4467 527 452
3537 4468 531 448
3537 4469 531 450
3537 4470 536 454
3537 4471 538 453
3537 4472 541 458
3537 4473 544 457
3537 4474 547 459
3537 4475 549 456
3537 4476 551 463
3537 4477 554 458
3537 4478 556 464
3537 4479 555 463
3537 4480 560 464
3537 4481 559 465
3565 4453 557 375
3565 4454 553 380
3565 4455 552 379
3565 4456 549 378
3565 4457 546 376
3565 4458 544 376
3565 4459 543 370
3565 4460 539 372
3565 4461 537 371
3565 4462 535 371
3565 4463 533 370
3565 4464 529 371
3565 4465 527 369
3565 4466 524 368
3565 4467 520 367
3565 4468 520 367
3565 4469 517 364
3565 4470 515 365
3565 4471 513 363
3565 4472 510 364
3565 4473 505 359
3565 4474 505 360
3565 4475 503 356
3565 4476 500 359
3565 4477 498 357
3565 4478 495 357
3565 4479 493 353
3565 4480 489 356
3565 4481 489 354
3586 4471 245 251
3586 4472 255 253
3586 4473 264 251
3586 4474 277 253
3586 4475 286 254
3586 4476 290 253
3586 4477 298 256
3586 4478 308 257
3586 4479 316 257
3586 4480 325 258
3586 4481 334 260
3586 4482 345 259
3586 4483 352 259
3586 4484 361 261
3586 4485 371 261
3586 4486 380 262
3586 4487 387 268
3589 4476 168 273
3589 4477 166 272
3589 4478 165 272
3589 4479 164 271
3589 4480 163 272
3589 4481 163 273
3589 4482 162 272
3589 4483 160 273
3589 4484 159 273
3589 4485 155 272
3589 4486 156 273
3589 4487 155 273
3589 4488 151 272
3589 4489 152 273
3589 4490 149 272
3589 4491 147 273
3589 4492 146 271
3589 4493 146 274
3589 4494 144 275
3589 4495 143 275
3589 4496 141 272
3589 4497 139 271
3589 4498 137 273
3589 4499 136 274
3589 4500 136 274
3589 4501 134 275
3589 4502 132 276
3589 4503 131 274
3589 4504 132 275
3589 4505 132 273
3589 4506 131 274
3589 4507 131 274
3589 4508 127 277
3589 4509 127 282
3589 4510 125 282
3589 4511 124 283
3589 4512 121 278
3589 4513 121 283
3589 4514 120 286
3589 4515 117 285
3589 4516 115 283
3589 4517 114 282
3589 4518 114 286
3589 4519 111 283
3589 4520 110 286
3589 4521 109 286
3589 4522 108 287
3589 4523 106 287
3589 4524 104 286
3589 4525 103 288
3589 4526 100 285
3589 4527 101 290
3589 4528 100 290
3589 4529 98 289
3589 4530 97 289
3589 4531 96 288
3589 4532 94 288
3589 4533 93 289
3589 4534 93 293
3589 4535 92 294
3589 4536 89 295
3589 4537 88 293
3589 4538 87 294
3589 4539 88 295
3589 4540 86 297
3589 4541 84 295
3589 4542 82 295
3589 4543 82 297
3589 4544 78 294
3589 4545 80 297
3589 4546 77 298
3589 4547 74 297
3589 4548 74 299
3589 4549 73 299
3589 4550 72 300
3589 4551 70 301
3589 4552 70 302
3589 4553 68 302
3589 4554 66 302
3589 4555 64 302
3589 4556 64 304
3589 4557 62 302
3589 4558 61 304
3589 4559 62 306
3589 4560 59 306
3589 4561 55 305
3589 4562 56 306
3589 4563 52 308
3589 4564 50 306
3589 4565 48 309
3589 4566 49 310
3589 4567 47 310
3589 4568 43 309
3589 4569 41 310
3589 4570 39 312
3589 4571 40 313
3589 4572 33 311
3589 4573 34 311
3589 4574 34 314
3589 4575 33 320
3594 4481 485 357
3594 4482 484 355
3594 4483 484 355
3594 4484 482 353
3594 4485 480 353
3594 4486 476 351
3594 4487 473 346
3594 4488 472 348
3594 4489 470 348
3594 4490 468 347
3594 4491 465 345
3594 4492 462 343
3594 4493 462 343
3594 4494 459 342
3594 4495 457 341
3594 4496 455 337
3594 4497 453 341
3594 4498 451 336
3594 4499 449 339
3594 4500 447 338
3594 4501 444 334
3594 4502 442 335
3594 4503 441 336
3594 4504 438 336
3594 4505 437 333
3594 4506 435 330
3594 4507 432 332
3594 4508 431 325
3594 4509 430 328
3594 4510 427 330
3594 4511 426 329
3594 4512 424 329
3594 4513 422 328
3594 4514 418 327
3594 4515 417 327
3627 4561 195 294
3627 4562 194 295
3627 4563 195 291
3627 4564 196 290
3627 4565 198 291
3627 4566 198 292
3627 4567 201 292
3627 4568 201 290
3627 4569 202 292
3627 4570 203 294
3627 4571 205 294
3627 4572 205 295
3627 4573 207 294
3627 4574 209 295
3627 4575 210 294
3627 4576 211 295
3627 4577 213 292
3627 4578 213 296
3627 4579 214 296
3627 4580 216 297
3627 4581 217 298
3627 4582 218 297
3627 4583 219 298
3627 4584 220 298
3627 4585 223 294
3627 4586 222 298
3627 4587 226 295
3627 4588 226 300
3627 4589 226 301
3627 4590 228 301
3627 4591 229 300
3627 4592 231 301
3627 4593 233 303
3627 4594 233 304
3627 4595 235 304
3627 4596 235 304
3627 4597 236 304
3627 4598 237 308
3627 4599 238 305
3627 4600 240 306
3627 4601 242 306
3627 4602 243 307
3627 4603 244 304
3627 4604 245 308
3627 4605 246 307
3627 4606 248 310
3627 4607 249 309
3627 4608 250 309
3627 4609 252 309
3627 4610 254 310
3627 4611 255 311
3627 4612 257 311
3627 4613 257 312
3627 4614 258 312
3627 4615 261 312
3627 4616 262 313
3627 4617 264 314
3627 4618 264 313
3627 4619 266 315
3627 4620 268 315
3627 4621 270 312
3627 4622 271 316
3627 4623 272 316
3627 4624 274 317
3627 4625 274 317
3627 4626 276 317
3627 4627 278 318
3627 4628 279 318
3627 4629 281 320
3627 4630 281 319
3627 4631 284 321
3627 4632 287 320
3627 4633 288 320
3627 4634 289 321
3627 4635 290 324
3627 4636 293 322
3627 4637 295 323
3627 4638 295 323
3627 4639 297 323
3627 4640 299 323
3627 4641 302 327
3627 4642 303 325
3627 4643 304 325
3627 4644 307 326
3627 4645 309 326
3627 4646 312 327
3627 4647 311 327
3627 4648 314 327
3627 4649 318 328
3627 4650 318 328
3627 4651 320 329
3627 4652 321 329
3627 4653 325 331
3627 4654 326 331
3627 4655 328 331
3627 4656 328 331
3627 4657 330 332
3627 4658 333 332
3627 4659 334 333
3627 4660 336 333
3627 4661 337 334
3627 4662 339 335
3627 4663 342 336
3627 4664 342 336
3627 4665 344 336
3627 4666 345 340
3627 4667 349 338
3627 4668 350 339
3627 4669 351 339
3627 4670 354 340
3627 4671 357 341
3627 4672 358 342
3627 4673 359 341
3627 4674 362 342
3627 4675 365 343
3627 4676 365 344
3627 4677 368 344
3627 4678 369 343
3627 4679 372 346
3627 4680 375 346
3627 4681 377 346
3627 4682 379 347
3627 4683 382 348
3627 4684 384 348
3627 4685 384 349
3627 4686 387 349
3627 4687 389 349
3627 4688 393 350
3627 4689 394 351
3627 4690 397 351
3627 4691 401 346
3627 4692 402 352
3627 4693 404 353
3627 4694 406 353
3627 4695 408 354
3627 4696 412 354
3627 4697 414 357
3627 4698 416 355
3627 4699 419 356
3627 4700 423 356
3627 4701 424 359
3627 4702 424 358
3627 4703 426 358
3627 4704 432 358
3627 4705 434 359
3627 4706 434 359
3627 4707 439 359
3627 4708 441 359
3627 4709 444 360
3627 4710 447 361
3627 4711 448 361
3627 4712 449 360
3627 4713 453 362
3627 4714 455 362
3627 4715 457 363
3627 4716 460 362
3627 4717 463 362
3627 4718 465 363
3627 4719 467 364
3627 4720 471 363
3627 4721 472 362
3627 4722 476 363
3627 4723 478 364
3627 4724 479 364
3627 4725 483 365
3627 4726 486 365
3627 4727 491 363
3627 4728 490 365
3627 4729 495 363
3627 4730 496 366
3627 4731 498 366
3627 4732 501 367
3627 4733 504 367
3627 4734 507 367
3627 4735 509 369
3627 4736 512 368
3627 4737 517 366
3627 4738 520 362
3627 4739 520 369
3627 4740 520 375
4019 4994 61 413
4019 4995 68 415
4019 4996 71 415
4019 4997 74 413
4019 4998 75 411
4019 4999 76 411
4019 5000 77 407
4019 5001 82 406
4019 5002 83 403
4019 5003 85 403
4019 5004 88 401
4019 5005 89 397
4019 5006 93 398
4019 5007 97 396
4019 5008 99 396
4019 5009 101 396
4019 5010 105 394
4019 5011 106 391
4019 5012 108 391
4019 5013 110 388
4019 5014 112 389
4019 5015 114 387
4019 5016 118 386
4019 5017 120 383
4019 5018 122 383
4019 5019 123 382
4019 5020 124 381
4019 5021 128 380
4019 5022 127 378
4019 5023 131 377
4019 5024 133 373
4019 5025 134 373
4019 5026 135 372
4019 5027 139 372
4019 5028 140 369
4019 5029 143 367
4019 5030 144 365
4019 5031 146 365
4019 5032 146 364
4019 5033 147 362
4019 5034 150 362
4019 5035 152 361
4019 5036 154 359
4019 5037 155 357
4019 5038 156 355
4019 5039 158 356
4019 5040 158 355
4019 5041 161 352
4019 5042 162 351
4019 5043 164 346
4019 5044 166 351
4019 5045 167 348
4019 5046 168 346
4019 5047 171 347
4019 5048 171 345
4019 5049 173 344
4019 5050 175 343
4019 5051 175 338
4019 5052 177 341
4019 5053 178 341
4019 5054 180 340
4019 5055 180 337
4019 5056 182 337
4019 5057 184 335
4019 5058 184 332
4019 5059 185 334
4019 5060 187 334
4019 5061 187 331
4019 5062 189 332
4019 5063 190 331
4019 5064 192 330
4019 5065 193 325
4019 5066 194 327
4019 5067 196 327
4019 5068 196 327
4019 5069 198 325
4019 5070 200 323
4019 5071 201 324
4255 5107 143 272
4255 5108 141 273
4255 5109 147 270
4255 5110 139 276
4255 5111 135 278
4255 5112 137 275
4255 5113 133 278
4255 5114 122 284
4255 5115 126 281
4255 5116 118 286
4255 5117 118 286
4255 5118 116 288
4255 5119 107 295
4255 5120 103 295
4255 5121 104 295
4255 5122 101 297
4255 5123 97 299
4255 5124 91 302
4255 5125 86 305
4255 5126 82 306
4255 5127 78 309
4255 5128 73 312
4255 5129 67 314
4255 5130 76 319
4283 5126 520 414
4283 5127 518 414
4283 5128 515 417
4283 5129 512 415
4283 5130 511 416
4283 5131 509 413
4283 5132 506 415
4283 5133 503 411
4283 5134 502 409
4283 5135 497 407
4283 5136 495 408
4283 5137 492 408
4283 5138 491 408
4283 5139 489 404
4283 5140 489 404
4283 5141 485 402
4283 5142 484 404
4283 5143 482 398
4283 5144 479 398
4283 5145 475 399
4283 5146 475 396
4283 5147 472 397
4283 5148 472 396
4283 5149 470 393
4283 5150 468 393
4283 5151 466 391
4283 5152 463 391
4283 5153 461 391
4283 5154 459 389
4283 5155 456 389
4283 5156 454 387
4283 5157 454 386
4283 5158 453 385
4283 5159 449 382
4283 5160 447 382
4283 5161 443 383
4283 5162 443 380
4283 5163 439 377
4283 5164 438 381
4283 5165 439 379
4283 5166 431 377
4283 5167 423 376
4283 5168 416 374
4283 5169 420 380
4395 5281 494 464
4395 5282 498 464
4395 5283 495 463
4395 5284 493 462
4395 5285 482 461
4395 5286 478 460
4395 5287 480 461
4395 5288 476 460
4395 5289 474 459
4395 5290 470 456
4395 5291 473 453
4395 5292 472 454
4395 5293 464 455
4395 5294 461 452
4395 5295 460 452
4395 5296 457 449
4395 5297 454 447
4395 5298 448 447
4395 5299 445 446
4395 5300 447 444
4395 5301 445 444
4395 5302 439 442
4395 5303 440 440
4395 5304 433 440
4395 5305 435 438
4395 5306 432 437
4395 5307 429 434
4395 5308 423 435
4395 5309 424 435
4395 5310 421 433
4395 5311 419 431
4395 5312 415 430
4395 5313 409 427
4395 5314 409 426
4395 5315 410 426
4395 5316 404 424
4395 5317 405 425
4395 5318 399 423
4395 5319 406 419
4424 5298 92 304
4424 5299 88 305
4424 5300 84 303
4424 5301 78 306
4424 5302 71 310
4424 5303 64 314
4424 5304 57 317
4424 5305 51 319
4424 5306 45 321
4424 5307 38 325
4424 5308 30 328
4424 5309 24 332
4424 5310 29 327
4425 5298 117 293
4425 5299 112 294
4425 5300 106 296
4425 5301 104 299
4425 5302 94 302
4425 5303 88 306
4425 5304 84 308
4425 5305 79 311
4425 5306 70 313
4425 5307 65 316
4425 5308 57 319
4425 5309 52 323
4425 5310 44 325
4425 5311 37 329
4425 5312 31 332
4554 5425 239 252
4554 5426 249 251
4554 5427 253 251
4554 5428 254 251
4554 5429 265 251
4554 5430 274 253
4554 5431 283 253
4554 5432 290 254
4554 5433 300 255
4554 5434 308 256
4554 5435 316 257
4554 5436 327 258
4554 5437 336 259
4554 5438 346 259
4554 5439 353 261
4554 5440 361 260
4554 5441 370 262
4554 5442 378 261
4554 5443 387 262
4554 5444 392 264
4554 5445 400 265
4554 5446 409 267
4554 5447 412 265
4554 5448 420 265
4554 5449 422 266
4554 5450 427 266
4554 5451 416 264
4713 5544 217 307
4713 5545 215 308
4713 5546 214 309
4713 5547 211 305
4713 5548 212 302
4713 5549 210 305
4713 5550 208 300
4713 5551 207 299
4713 5552 206 303
4713 5553 206 306
4713 5554 206 310
4713 5555 204 306
4713 5556 201 303
4713 5557 199 304
4713 5558 199 304
4713 5559 197 304
4713 5560 196 307
4713 5561 195 307
4713 5562 194 312
4713 5563 191 312
4713 5564 191 312
4713 5565 189 314
4713 5566 187 315
4713 5567 187 312
4713 5568 186 312
4713 5569 185 312
4713 5570 183 316
4713 5571 183 317
4713 5572 182 314
4713 5573 179 315
4713 5574 177 317
4713 5575 175 317
4713 5576 176 321
4713 5577 175 319
4713 5578 172 321
4713 5579 168 322
4713 5580 169 321
4713 5581 167 322
4713 5582 165 322
4713 5583 163 325
4713 5584 161 323
4713 5585 160 324
4713 5586 156 325
4713 5587 154 327
4713 5588 151 323
4713 5589 151 322
4713 5590 148 327
4713 5591 146 325
4713 5592 145 328
4713 5593 143 329
4713 5594 138 328
4713 5595 135 327
4713 5596 135 330
4713 5597 134 330
4713 5598 130 330
4713 5599 130 331
4713 5600 125 331
4713 5601 121 326
4713 5602 118 329
4713 5603 115 329
4713 5604 114 329
4713 5605 112 330
4713 5606 110 331
4713 5607 110 335
4713 5608 106 335
4713 5609 102 332
4713 5610 99 330
4802 5744 400 389
4802 5745 402 390
4802 5746 397 391
4802 5747 393 396
4802 5748 391 393
4802 5749 389 393
4802 5750 382 395
4802 5751 381 398
4802 5752 379 394
4802 5753 374 394
4802 5754 369 395
4802 5755 367 397
4802 5756 367 399
4802 5757 359 396
4802 5758 355 397
4802 5759 353 397
4802 5760 351 397
4802 5761 344 398
4802 5762 342 398
4802 5763 341 398
4802 5764 336 399
4802 5765 332 402
4802 5766 330 400
4802 5767 327 401
4802 5768 321 402
4802 5769 317 403
4802 5770 318 401
4802 5771 311 402
4802 5772 305 401
4802 5773 303 403
4802 5774 301 405
4802 5775 296 404
4802 5776 292 403
4802 5777 290 406
4802 5778 286 406
4802 5779 279 404
4802 5780 277 405
4802 5781 276 407
4802 5782 271 406
4802 5783 265 408
4802 5784 265 409
4802 5785 262 409
4802 5786 255 409
4802 5787 252 407
4802 5788 250 407
4802 5789 246 408
4802 5790 240 408
4802 5791 238 407
4802 5792 236 411
4802 5793 230 409
4802 5794 227 410
4802 5795 224 409
4802 5796 219 411
4802 5797 213 411
4802 5798 212 411
4802 5799 209 412
4802 5800 205 408
4802 5801 199 411
4802 5802 197 413
4802 5803 199 416
4861 5832 140 354
4861 5833 143 356
4861 5834 145 358
4861 5835 148 358
4861 5836 151 360
4861 5837 153 361
4861 5838 158 358
4861 5839 161 358
4861 5840 164 361
4861 5841 167 361
4861 5842 171 362
4861 5843 173 358
4861 5844 174 360
4861 5845 179 364
4861 5846 183 362
4861 5847 185 359
4861 5848 188 359
4861 5849 192 363
4861 5850 194 362
4861 5851 198 359
4861 5852 199 358
4861 5853 203 360
4861 5854 206 360
4861 5855 209 359
4861 5856 212 360
4861 5857 215 360
4861 5858 219 362
4861 5859 221 361
4861 5860 226 363
4861 5861 228 360
4861 5862 231 361
4861 5863 234 360
4861 5864 237 361
4861 5865 240 365
4861 5866 244 364
4861 5867 248 366
4861 5868 254 367
4861 5869 256 366
4880 5869 259 371
4880 5870 257 369
4880 5871 261 367
4880 5872 265 368
4880 5873 267 366
4880 5874 270 364
4880 5875 274 367
4880 5876 278 366
4880 5877 281 367
4880 5878 283 366
4880 5879 286 368
4880 5880 293 370
4880 5881 293 367
4880 5882 297 366
4880 5883 300 368
4880 5884 305 365
4880 5885 307 366
4880 5886 312 367
4880 5887 314 371
4880 5888 317 368
4880 5889 320 367
4880 5890 324 366
4880 5891 327 369
4880 5892 330 371
4880 5893 333 367
4880 5894 338 368
4880 5895 341 368
4880 5896 344 367
4880 5897 347 368
4880 5898 352 368
4880 5899 357 371
4880 5900 358 370
4880 5901 361 371
4880 5902 366 365
4880 5903 369 367
4880 5904 371 368
4880 5905 374 370
4880 5906 379 368
4880 5907 381 368
4880 5908 382 368
4880 5909 386 371
4880 5910 393 365
4880 5911 396 368
4880 5912 396 371
4880 5913 399 370
4880 5914 405 367
4880 5915 408 366
4880 5916 409 367
4880 5917 411 367
4880 5918 418 366
4880 5919 421 369
4880 5920 423 370
4880 5921 426 368
4880 5922 431 366
4880 5923 434 367
4880 5924 436 368
4880 5925 442 368
4880 5926 446 369
4880 5927 446 367
4880 5928 447 370
4880 5929 444 375
4901 5889 108 302
4901 5890 106 299
4901 5891 107 298
4901 5892 111 297
4901 5893 112 297
4901 5894 113 295
4901 5895 117 293
4901 5896 119 294
4901 5897 121 293
4901 5898 122 293
4901 5899 124 291
4901 5900 126 290
4901 5901 127 289
4901 5902 129 289
4901 5903 131 289
4901 5904 132 288
4901 5905 134 287
4901 5906 134 287
4901 5907 136 286
4901 5908 138 287
4901 5909 139 283
4901 5910 140 284
4901 5911 142 283
4901 5912 144 281
4901 5913 145 281
4901 5914 146 281
4901 5915 148 279
4901 5916 150 279
4901 5917 152 278
4901 5918 152 277
4901 5919 155 276
4901 5920 157 276
4901 5921 158 275
4901 5922 160 274
4901 5923 162 273
4901 5924 164 272
4901 5925 165 272
4901 5926 167 270
4901 5927 169 269
4901 5928 172 269
4901 5929 171 269
4901 5930 174 267
4901 5931 176 266
4901 5932 177 263
5031 5998 335 258
5031 5999 347 258
5031 6000 344 259
5031 6001 348 259
5031 6002 352 259
5031 6003 365 258
5031 6004 380 262
5031 6005 390 263
5031 6006 399 264
5031 6007 410 264
5031 6008 422 265
5031 6009 437 267
5031 6010 452 268
5031 6011 449 273
5072 6024 246 298
5072 6025 245 302
5072 6026 244 301
5072 6027 242 304
5072 6028 239 300
5072 6029 238 304
5072 6030 236 307
5072 6031 233 306
5072 6032 230 304
5072 6033 228 305
5072 6034 227 309
5072 6035 225 310
5072 6036 222 306
5072 6037 220 310
5072 6038 219 307
5072 6039 217 310
5072 6040 215 312
5072 6041 213 313
5072 6042 211 314
5072 6043 207 313
5072 6044 206 311
5072 6045 203 316
5072 6046 202 313
5072 6047 198 317
5072 6048 195 316
5072 6049 195 319
5072 6050 190 316
5072 6051 188 314
5072 6052 187 319
5072 6053 184 316
5072 6054 181 319
5072 6055 179 320
5072 6056 177 324
5072 6057 173 320
5072 6058 172 322
5072 6059 169 326
5072 6060 167 325
5072 6061 163 323
5072 6062 162 325
5146 6105 486 268
5146 6106 479 265
5146 6107 474 264
5146 6108 468 264
5146 6109 455 263
5146 6110 442 261
5146 6111 432 260
5146 6112 422 259
5146 6113 410 259
5146 6114 395 257
5146 6115 384 257
5146 6116 374 257
5146 6117 364 255
5146 6118 351 254
5146 6119 343 253
5146 6120 333 254
5146 6121 322 253
5146 6122 311 251
5146 6123 300 249
5146 6124 297 251
5146 6125 299 249
5185 6170 239 246
5185 6171 250 248
5185 6172 250 247
5185 6173 267 247
5185 6174 284 250
5185 6175 297 250
5185 6176 310 252
5185 6177 322 254
5185 6178 338 255
5185 6179 351 255
5185 6180 366 257
5185 6181 384 257
5185 6182 375 250
5460 6459 503 411
5460 6460 507 407
5460 6461 508 403
5460 6462 503 403
5460 6463 502 403
5460 6464 500 397
5460 6465 497 395
5460 6466 494 400
5460 6467 492 395
5460 6468 491 392
5460 6469 487 396
5460 6470 484 395
5460 6471 483 394
5460 6472 481 392
5460 6473 479 395
5460 6474 475 389
5460 6475 473 386
5460 6476 472 388
5460 6477 468 386
5460 6478 467 388
5460 6479 465 383
5460 6480 462 381
5460 6481 462 377
5460 6482 459 379
5460 6483 456 378
5460 6484 457 386
5688 6792 160 247
5688 6793 161 247
5688 6794 161 247
5688 6795 162 252
5688 6796 161 256
5688 6797 160 257
5688 6798 159 260
5688 6799 158 261
5688 6800 156 261
5688 6801 157 264
5688 6802 153 265
5688 6803 154 267
5688 6804 151 268
5688 6805 146 270
5688 6806 142 272
5688 6807 141 273
5688 6808 137 275
5688 6809 135 277
5688 6810 130 278
5688 6811 128 280
5688 6812 125 281
5688 6813 121 283
5688 6814 118 285
5688 6815 115 286
5688 6816 112 287
5688 6817 108 289
5688 6818 112 288
5688 6819 108 290
5688 6820 113 290
5704 6811 455 262
5704 6812 451 263
5704 6813 440 261
5704 6814 431 260
5704 6815 423 259
5704 6816 418 258
5704 6817 413 259
5704 6818 403 258
5704 6819 395 257
5704 6820 386 257
5704 6821 379 256
5704 6822 377 256
5704 6823 366 255
5704 6824 360 254
5704 6825 353 253
5704 6826 351 254
5704 6827 344 253
5704 6828 338 252
5704 6829 332 252
5704 6830 326 251
5704 6831 324 251
5704 6832 316 252
5704 6833 310 250
5704 6834 304 250
5704 6835 300 250
5712 6820 95 295
5712 6821 92 297
5712 6822 89 299
5712 6823 83 300
5712 6824 79 303
5712 6825 76 305
5712 6826 70 305
5712 6827 68 308
5712 6828 74 306
5712 6829 85 301
5712 6830 80 303
5712 6831 77 305
5712 6832 73 307
5712 6833 68 309
5712 6834 63 311
5712 6835 59 312
5712 6836 55 314
5712 6837 51 316
5712 6838 46 320
5712 6839 37 320
5712 6840 35 322
5712 6841 30 327
5712 6842 26 328
5712 6843 21 331
5712 6844 15 334
5712 6845 13 336
5712 6846 11 339
5712 6847 8 341
5712 6848 5 348
5724 6842 158 263
5724 6843 157 260
5724 6844 155 261
5724 6845 155 264
5724 6846 153 264
5724 6847 151 265
5724 6848 150 265
5724 6849 148 266
5724 6850 147 268
5724 6851 144 270
5724 6852 144 271
5724 6853 141 273
5724 6854 138 274
5724 6855 138 275
5724 6856 136 277
5724 6857 131 278
5724 6858 130 279
5724 6859 127 280
5724 6860 123 281
5724 6861 123 283
5724 6862 120 285
5724 6863 116 287
5724 6864 113 288
5724 6865 108 290
5724 6866 105 291
5724 6867 104 293
5734 6852 198 258
5734 6853 197 259
5734 6854 195 260
5734 6855 193 258
5734 6856 194 257
5734 6857 191 258
5734 6858 187 259
5734 6859 185 260
5734 6860 180 261
5734 6861 175 263
5734 6862 176 263
5734 6863 172 264
5734 6864 169 265
5734 6865 166 267
5734 6866 166 267
5734 6867 163 268
5734 6868 161 270
5734 6869 156 271
5734 6870 151 275
5734 6871 154 273
5734 6872 149 273
5734 6873 143 277
5734 6874 143 274
5734 6875 141 277
5734 6876 139 278
5734 6877 135 280
5734 6878 136 281
5734 6879 133 281
5734 6880 131 283
5734 6881 125 284
5734 6882 128 284
5734 6883 119 287
5734 6884 122 282
5918 7224 313 255
5918 7225 303 254
5918 7226 295 251
5918 7227 282 247
5918 7228 271 268
5918 7229 261 250
5918 7230 252 249
5918 7231 233 249
5918 7232 229 249
5918 7233 215 246
6020 7346 4 357
6020 7347 5 357
6020 7348 7 359
6020 7349 10 358
6020 7350 14 359
6020 7351 17 356
6020 7352 18 356
6020 7353 21 356
6020 7354 24 357
6020 7355 31 355
6020 7356 31 359
6020 7357 34 355
6020 7358 35 352
6020 7359 37 353
6020 7360 41 353
6020 7361 47 351
6020 7362 46 351
6020 7363 48 350
6020 7364 50 349
6020 7365 55 349
6020 7366 57 346
6020 7367 60 347
6020 7368 62 348
6020 7369 64 347
6020 7370 68 345
6020 7371 70 344
6020 7372 76 345
6020 7373 76 345
6020 7374 78 343
6020 7375 81 343
6020 7376 87 342
6020 7377 86 341
6020 7378 89 337
6020 7379 90 339
6020 7380 95 340
6020 7381 100 339
6020 7382 100 334
6020 7383 103 336
6020 7384 105 337
6020 7385 108 336
6020 7386 112 335
6020 7387 113 338
6020 7388 113 334
6020 7389 120 334
6020 7390 124 333
6020 7391 128 333
6020 7392 131 332
6020 7393 131 334
6020 7394 135 333
6020 7395 140 332
6020 7396 143 331
6020 7397 146 332
6020 7398 149 331
6020 7399 152 332
6020 7400 155 330
6020 7401 158 330
6020 7402 161 329
6020 7403 164 330
6020 7404 168 330
6020 7405 171 328
6020 7406 175 328
6020 7407 176 326
6020 7408 178 328
6020 7409 182 324
6020 7410 187 326
6020 7411 189 326
6020 7412 191 324
6020 7413 194 325
6020 7414 197 324
6020 7415 199 323
6020 7416 202 323
6020 7417 203 321
6020 7418 208 321
6020 7419 211 321
6020 7420 216 319
6020 7421 216 317
6020 7422 219 318
6020 7423 221 319
6020 7424 223 317
6020 7425 227 317
6020 7426 229 316
6020 7427 233 315
6020 7428 236 315
6020 7429 238 314
6020 7430 240 313
6020 7431 242 314
6020 7432 246 312
6020 7433 249 312
6020 7434 251 313
6020 7435 253 311
6020 7436 257 311
6020 7437 257 311
6020 7438 260 310
6020 7439 263 307
6020 7440 266 308
6020 7441 268 309
6020 7442 271 308
6020 7443 273 305
6020 7444 276 306
6020 7445 278 306
6020 7446 280 305
6020 7447 282 305
6020 7448 286 304
6020 7449 287 303
6020 7450 290 304
6020 7451 295 303
6020 7452 295 302
6020 7453 296 303
6020 7454 301 301
6020 7455 304 301
6020 7456 305 301
6020 7457 307 301
6020 7458 311 299
6020 7459 313 300
6020 7460 315 299
6020 7461 317 299
6020 7462 321 298
6020 7463 324 298
6020 7464 326 298
6020 7465 329 297
6020 7466 332 297
6020 7467 334 297
6020 7468 335 296
6020 7469 338 295
6020 7470 342 295
6020 7471 344 294
6020 7472 345 295
6020 7473 349 293
6020 7474 350 293
6020 7475 353 293
6020 7476 357 291
6020 7477 359 290
6020 7478 360 292
6020 7479 363 291
6020 7480 366 290
6020 7481 368 290
6020 7482 367 291
6020 7483 373 288
6020 7484 374 286
6020 7485 377 288
6020 7486 378 288
6020 7487 380 288
6020 7488 383 284
6020 7489 385 286
6020 7490 386 286
6020 7491 388 287
6020 7492 391 285
6020 7493 393 285
6020 7494 394 286
6020 7495 397 284
6020 7496 401 285
6020 7497 401 284
6020 7498 405 283
6020 7499 406 283
6020 7500 408 282
6020 7501 410 283
6020 7502 413 283
6020 7503 416 281
6020 7504 418 282
6020 7505 420 282
6020 7506 422 280
6020 7507 426 282
6020 7508 427 281
6020 7509 430 282
6020 7510 432 282
6020 7511 435 281
6020 7512 441 281
6020 7513 442 279
6020 7514 442 277
6020 7515 441 279
6020 7516 444 280
6020 7517 446 280
6020 7518 451 279
6020 7519 453 279
6020 7520 455 280
6020 7521 458 280
6020 7522 460 279
6020 7523 463 279
6020 7524 465 279
6020 7525 468 278
6020 7526 470 279
6020 7527 473 277
6020 7528 475 278
6020 7529 478 278
6020 7530 481 277
6020 7531 481 277
6154 7469 179 466
6154 7470 185 461
6154 7471 180 458
6154 7472 185 456
6154 7473 189 454
6154 7474 193 455
6154 7475 198 456
6154 7476 202 457
6154 7477 205 452
6154 7478 211 454
6154 7479 211 454
6154 7480 219 452
6154 7481 221 450
6154 7482 227 452
6154 7483 232 453
6154 7484 237 451
6154 7485 241 454
6154 7486 245 450
6154 7487 249 449
6154 7488 257 448
6154 7489 260 449
6154 7490 261 451
6154 7491 267 447
6154 7492 273 446
6154 7493 275 447
6154 7494 278 446
6154 7495 284 445
6154 7496 291 444
6154 7497 293 444
6154 7498 296 444
6154 7499 304 442
6154 7500 307 442
6154 7501 307 443
6154 7502 313 441
6154 7503 322 440
6154 7504 325 442
6154 7505 326 441
6154 7506 332 440
6154 7507 336 438
6154 7508 338 439
6154 7509 339 438
6154 7510 347 437
6154 7511 354 437
6154 7512 355 437
6154 7513 359 436
6154 7514 365 435
6154 7515 367 434
6154 7516 371 435
6154 7517 376 434
6154 7518 380 433
6154 7519 384 432
6154 7520 387 433
6154 7521 391 432
6154 7522 396 431
6154 7523 399 431
6154 7524 403 431
6154 7525 410 430
6154 7526 413 432
6154 7527 416 430
6154 7528 422 429
6154 7529 426 428
6154 7530 430 428
6154 7531 434 428
6154 7532 438 426
6154 7533 442 427
6154 7534 446 426
6154 7535 448 425
6154 7536 452 427
6154 7537 455 428
6154 7538 460 424
6154 7539 464 421
6154 7540 468 425
6154 7541 470 424
6154 7542 473 425
6154 7543 473 431
6154 7544 473 430
6227 7542 483 267
6227 7543 476 265
6227 7544 470 263
6227 7545 463 264
6227 7546 451 263
6227 7547 439 261
6227 7548 423 265
6227 7549 409 262
6227 7550 396 258
6227 7551 386 261
6227 7552 370 262
6227 7553 355 255
6227 7554 342 260
6519 7856 123 328
6519 7857 125 327
6519 7858 126 329
6519 7859 128 333
6519 7860 131 330
6519 7861 133 328
6519 7862 135 331
6519 7863 139 332
6519 7864 140 330
6519 7865 141 329
6519 7866 142 330
6519 7867 146 328
6519 7868 149 327
6519 7869 150 325
6519 7870 154 327
6519 7871 157 327
6519 7872 157 326
6519 7873 159 325
6519 7874 162 328
6519 7875 164 328
6519 7876 165 323
6519 7877 168 323
6519 7878 172 324
6519 7879 172 324
6519 7880 174 321
6519 7881 177 320
6519 7882 179 320
6519 7883 181 319
6519 7884 183 317
6519 7885 184 318
6519 7886 186 318
6519 7887 188 317
6519 7888 190 316
6519 7889 191 315
6519 7890 193 315
6519 7891 195 311
6519 7892 198 314
6519 7893 200 316
6519 7894 200 319
6613 7984 362 261
6613 7985 356 253
6613 7986 349 253
6613 7987 342 252
6613 7988 331 251
6613 7989 320 254
6613 7990 308 249
6613 7991 301 249
6613 7992 290 247
6613 7993 280 247
6613 7994 272 246
6613 7995 263 246
6613 7996 241 252
6812 8274 112 462
6812 8275 118 455
6812 8276 127 449
6812 8277 141 452
6812 8278 150 455
6812 8279 160 457
6812 8280 172 459
6812 8281 185 461
6812 8282 198 463
6812 8283 215 466
6812 8284 233 469
6812 8285 255 472
6812 8286 277 475
6850 8302 297 284
6850 8303 298 281
6850 8304 298 278
6850 8305 299 281
6850 8306 300 280
6850 8307 301 279
6850 8308 302 283
6850 8309 303 284
6850 8310 305 283
6850 8311 306 283
6850 8312 307 284
6850 8313 307 284
6850 8314 308 284
6850 8315 309 286
6850 8316 311 286
6850 8317 311 288
6850 8318 312 290
6850 8319 313 290
6850 8320 314 291
6850 8321 316 291
6850 8322 316 290
6850 8323 316 290
6850 8324 317 289
6850 8325 318 291
6850 8326 319 288
6850 8327 320 295
6850 8328 322 297
6850 8329 323 294
6850 8330 325 293
6850 8331 324 295
6850 8332 324 297
6850 8333 326 303
6850 8334 326 300
6850 8335 327 299
6850 8336 330 298
6850 8337 329 299
6850 8338 330 296
6850 8339 332 303
6850 8340 334 303
6850 8341 334 305
6850 8342 335 305
6850 8343 338 306
6850 8344 337 311
6850 8345 338 309
6850 8346 339 310
6850 8347 340 308
6850 8348 341 311
6850 8349 343 312
6850 8350 343 308
6850 8351 345 313
6850 8352 345 317
6850 8353 347 316
6850 8354 348 314
6850 8355 351 315
6850 8356 351 316
6850 8357 354 320
6850 8358 355 320
6850 8359 356 316
7014 8598 532 448
7014 8599 528 445
7014 8600 529 442
7014 8601 525 438
7014 8602 519 438
7014 8603 516 437
7014 8604 513 434
7014 8605 507 433
7014 8606 505 432
7014 8607 503 431
7014 8608 501 425
7014 8609 495 426
7014 8610 492 425
7014 8611 488 423
7014 8612 483 422
7014 8613 485 421
7014 8614 480 418
7014 8615 476 414
7014 8616 471 417
7014 8617 468 413
7014 8618 464 412
7014 8619 461 411
7014 8620 460 409
7014 8621 457 408
7014 8622 454 405
7014 8623 448 403
7014 8624 447 403
7014 8625 442 402
7014 8626 436 402
7014 8627 438 399
7014 8628 438 400
7027 8628 434 396
7027 8629 432 395
7027 8630 428 394
7027 8631 424 391
7027 8632 421 391
7027 8633 417 390
7027 8634 419 388
7027 8635 414 386
7027 8636 410 384
7027 8637 405 383
7027 8638 403 382
7027 8639 400 382
7027 8640 396 379
7027 8641 396 380
7027 8642 392 376
7027 8643 389 375
7027 8644 386 374
7027 8645 383 374
7027 8646 381 370
7027 8647 378 369
7027 8648 376 371
7027 8649 375 371
7034 8638 311 256
7034 8639 322 257
7034 8640 333 257
7034 8641 343 258
7034 8642 355 258
7034 8643 368 259
7034 8644 379 260
7034 8645 389 262
7034 8646 403 263
7034 8647 415 264
7034 8648 425 266
7034 8649 439 266
7034 8650 453 268
7034 8651 464 269
7034 8652 470 269
7034 8653 478 270
7034 8654 486 271
7350 8930 489 266
7350 8931 484 265
7350 8932 477 264
7350 8933 471 264
7350 8934 459 266
7350 8935 449 265
7350 8936 447 265
7350 8937 442 264
7350 8938 418 259
7350 8939 407 258
7350 8940 396 257
7350 8941 383 257
7350 8942 368 258
7350 8943 353 257
7350 8944 348 257
7350 8945 340 255
7350 8946 342 257
7350 8947 320 251
7350 8948 308 249
7350 8949 300 249
7350 8950 292 249
7350 8951 281 248
7350 8952 272 247
7350 8953 264 247
7410 8977 462 414
7410 8978 460 417
7410 8979 457 413
7410 8980 446 414
7410 8981 448 413
7410 8982 445 409
7410 8983 439 411
7410 8984 437 406
7410 8985 434 408
7410 8986 430 405
7410 8987 427 405
7410 8988 424 403
7410 8989 421 400
7410 8990 419 393
7410 8991 415 399
7410 8992 413 393
7410 8993 411 392
7410 8994 407 393
7410 8995 404 389
7410 8996 399 390
7410 8997 394 394
7410 8998 393 397
7440 8997 397 383
7440 8998 396 385
7440 8999 394 385
7440 9000 390 384
7440 9001 388 383
7440 9002 384 377
7440 9003 379 375
7440 9004 377 380
7440 9005 375 373
7440 9006 372 375
7440 9007 370 375
7440 9008 366 372
7440 9009 362 371
7440 9010 361 372
7440 9011 360 370
7440 9012 356 368
7440 9013 352 367
7440 9014 351 366
7440 9015 348 362
7440 9016 343 362
7440 9017 343 363
7440 9018 339 361
7440 9019 339 355
7440 9020 334 358
7440 9021 333 356
7440 9022 330 355
7440 9023 327 349
7440 9024 326 354
7440 9025 323 353
7440 9026 319 353
7440 9027 318 350
7440 9028 315 350
7440 9029 309 348
7440 9030 310 345
7440 9031 308 348
7440 9032 306 346
7440 9033 304 344
7440 9034 302 345
7440 9035 298 343
7440 9036 296 340
7440 9037 294 340
7440 9038 292 340
7440 9039 291 336
7440 9040 287 337
7440 9041 287 336
7440 9042 284 336
7440 9043 282 334
7440 9044 279 329
7440 9045 278 328
7440 9046 275 328
7440 9047 274 325
7440 9048 272 327
7440 9049 271 330
7440 9050 270 326
7440 9051 266 326
7440 9052 266 324
7440 9053 265 325
7440 9054 262 324
7440 9055 260 323
7440 9056 256 320
7440 9057 255 319
7440 9058 253 317
7440 9059 253 319
7440 9060 251 316
7440 9061 250 316
7440 9062 247 317
7440 9063 244 312
7440 9064 243 314
7440 9065 243 322
7440 9066 241 320
7463 9014 632 403
7463 9015 632 397
7463 9016 631 395
7463 9017 628 394
7463 9018 629 391
7463 9019 625 390
7463 9020 622 392
7463 9021 621 387
7463 9022 615 388
7463 9023 613 388
7463 9024 610 387
7463 9025 611 383
7463 9026 604 383
7463 9027 603 382
7463 9028 600 384
7463 9029 595 379
7463 9030 595 378
7463 9031 592 377
7463 9032 588 379
7463 9033 590 377
7463 9034 585 375
7463 9035 582 374
7463 9036 581 374
7463 9037 579 374
7463 9038 574 373
7463 9039 572 372
7463 9040 570 368
7463 9041 569 370
7463 9042 565 369
7463 9043 563 368
7463 9044 561 366
7463 9045 558 365
7463 9046 554 365
7463 9047 552 363
7463 9048 550 363
7463 9049 546 363
7463 9050 545 359
7463 9051 544 359
7463 9052 543 358
7463 9053 538 359
7463 9054 536 359
7463 9055 535 353
7463 9056 531 355
7463 9057 528 354
7463 9058 528 354
7463 9059 524 355
7463 9060 521 354
7463 9061 520 354
7463 9062 518 352
7463 9063 516 350
7463 9064 512 349
7463 9065 511 350
7463 9066 508 348
7463 9067 505 350
7463 9068 503 351
7463 9069 501 345
7463 9070 498 345
7463 9071 493 345
7463 9072 492 345
7463 9073 490 344
7463 9074 487 343
7463 9075 483 340
7463 9076 482 342
7463 9077 480 337
7463 9078 475 337
7463 9079 473 339
7463 9080 472 339
7463 9081 470 338
7463 9082 466 337
7463 9083 466 338
7463 9084 462 342
7481 9023 146 246
7481 9024 150 246
7481 9025 150 246
7481 9026 156 248
7481 9027 158 249
7481 9028 159 250
7481 9029 161 251
7481 9030 165 260
7481 9031 165 258
7481 9032 164 256
7481 9033 166 260
7481 9034 165 262
7481 9035 164 263
7481 9036 164 265
7481 9037 161 267
7481 9038 160 266
7481 9039 157 268
7481 9040 154 271
7481 9041 152 272
7481 9042 149 275
7481 9043 145 276
7481 9044 140 278
7481 9045 135 282
7481 9046 135 284
7481 9047 129 288
7481 9048 123 288
7481 9049 117 295
7481 9050 125 292
7607 9089 245 251
7607 9090 258 251
7607 9091 262 250
7607 9092 262 251
7607 9093 264 251
7607 9094 266 251
7607 9095 284 253
7607 9096 292 254
7607 9097 302 255
7607 9098 310 256
7607 9099 319 257
7607 9100 325 257
7607 9101 335 255
7607 9102 344 256
7607 9103 348 258
7607 9104 353 257
7607 9105 352 264
7607 9106 347 248
7607 9107 343 251
7607 9108 340 252
7607 9109 341 251
7607 9110 337 248
7607 9111 337 249
7607 9112 332 248
7607 9113 330 248
7621 9105 366 257
7621 9106 378 262
7621 9107 385 262
7621 9108 395 264
7621 9109 405 265
7621 9110 415 266
7621 9111 422 266
7621 9112 429 267
7621 9113 438 267
7621 9114 453 267
7621 9115 459 269
7621 9116 470 270
7621 9117 475 271
7621 9118 480 270
7621 9119 482 272
7901 9522 260 288
7901 9523 261 284
7901 9524 264 280
7901 9525 266 280
7901 9526 268 282
7901 9527 271 281
7901 9528 274 281
7901 9529 275 287
7901 9530 278 282
7901 9531 280 279
7901 9532 282 280
7901 9533 284 278
7901 9534 287 277
7901 9535 289 278
7901 9536 290 275
7901 9537 293 279
7901 9538 295 276
7901 9539 298 278
7901 9540 299 274
7901 9541 300 276
7901 9542 303 277
7901 9543 306 273
7901 9544 307 274
7901 9545 309 275
7901 9546 312 273
7901 9547 313 271
7901 9548 315 275
7901 9549 318 274
7901 9550 319 269
7901 9551 322 269
7901 9552 324 270
7901 9553 325 272
7901 9554 327 269
7901 9555 330 271
7901 9556 331 270
7901 9557 333 268
7901 9558 335 272
7901 9559 338 269
7901 9560 340 267
7901 9561 341 268
7901 9562 343 269
7901 9563 345 266
7901 9564 347 269
7901 9565 348 270
7901 9566 350 265
7901 9567 351 268
7901 9568 354 266
7901 9569 355 263
7901 9570 357 268
7901 9571 359 264
7901 9572 361 270
7901 9573 351 258
7901 9574 359 257
7901 9575 348 258
7901 9576 340 257
7901 9577 324 254
7901 9578 304 251
7901 9579 301 250
8072 9646 173 249
8072 9647 191 246
8072 9648 200 247
8072 9649 207 248
8072 9650 221 248
8072 9651 232 249
8072 9652 242 251
8072 9653 252 253
8072 9654 264 253
8072 9655 277 254
8072 9656 287 255
8072 9657 300 253
8072 9658 310 254
8072 9659 323 254
8072 9660 317 263
8119 9661 427 255
8119 9662 428 253
8119 9663 431 252
8119 9664 429 256
8119 9665 430 252
8119 9666 426 259
8119 9667 436 262
8119 9668 441 265
8119 9669 443 264
8119 9670 444 265
8119 9671 469 270
8119 9672 476 272
8119 9673 481 272
8119 9674 488 279
8343 9812 360 355
8343 9813 356 356
8343 9814 359 365
8343 9815 359 364
8343 9816 361 369
8343 9817 363 370
8343 9818 365 367
8343 9819 366 362
8343 9820 364 369
8343 9821 370 362
8343 9822 372 363
8343 9823 374 364
8343 9824 377 366
8343 9825 379 369
8343 9826 380 367
8343 9827 381 367
8343 9828 383 369
8343 9829 385 370
8343 9830 387 371
8343 9831 389 373
8343 9832 392 371
8343 9833 395 374
8343 9834 395 376
8343 9835 395 375
8343 9836 398 376
8343 9837 401 377
8343 9838 403 378
8343 9839 404 377
8343 9840 405 378
8343 9841 409 381
8343 9842 405 385
8359 9822 349 367
8359 9823 348 370
8359 9824 347 374
8359 9825 344 372
8359 9826 339 370
8359 9827 338 367
8359 9828 337 369
8359 9829 334 363
8359 9830 332 359
8359 9831 331 362
8359 9832 329 364
8359 9833 327 364
8359 9834 324 357
8359 9835 322 361
8359 9836 319 360
8359 9837 317 355
8359 9838 314 352
8359 9839 317 354
8359 9840 313 357
8359 9841 310 354
8359 9842 308 354
8359 9843 305 353
8359 9844 303 350
8359 9845 302 345
8359 9846 300 343
8359 9847 300 348
8359 9848 299 351
8359 9849 299 358
8411 9862 458 401
8411 9863 453 403
8411 9864 455 404
8411 9865 458 405
8411 9866 461 406
8411 9867 464 407
8411 9868 465 408
8411 9869 467 410
8411 9870 469 410
8411 9871 470 414
8411 9872 472 413
8411 9873 476 416
8411 9874 479 416
8411 9875 480 417
8411 9876 483 417
8411 9877 489 420
8411 9878 488 420
8411 9879 489 422
8411 9880 491 423
8411 9881 493 423
8411 9882 496 425
8411 9883 499 428
8411 9884 502 427
8411 9885 504 429
8411 9886 506 430
8411 9887 508 432
8411 9888 510 433
8411 9889 512 434
8411 9890 517 436
8411 9891 519 436
8411 9892 522 438
8411 9893 525 440
8411 9894 527 446
8411 9895 528 443
8411 9896 531 443
8411 9897 533 443
8411 9898 535 444
8411 9899 538 447
8411 9900 542 449
8411 9901 549 448
8411 9902 549 450
8411 9903 554 452
8411 9904 550 455
8411 9905 554 455
8411 9906 557 456
8411 9907 559 456
8411 9908 562 459
8411 9909 564 459
8411 9910 568 460
8411 9911 570 460
8411 9912 572 461
8411 9913 574 461
8411 9914 578 462
8411 9915 582 463
8411 9916 583 470
8411 9917 575 475
8477 9897 370 254
8477 9898 366 261
8477 9899 368 254
8477 9900 366 259
8477 9901 371 262
8477 9902 373 265
8477 9903 375 268
8477 9904 375 268
8477 9905 377 268
8477 9906 380 269
8477 9907 386 269
8477 9908 383 270
8477 9909 385 269
8477 9910 389 269
8477 9911 392 269
8477 9912 393 272
8477 9913 393 270
8477 9914 396 270
8477 9915 399 269
8477 9916 401 272
8477 9917 402 269
8477 9918 404 270
8477 9919 408 268
8477 9920 409 272
8477 9921 410 270
8477 9922 413 270
8477 9923 416 270
8477 9924 417 272
8477 9925 419 274
8477 9926 420 275
8477 9927 425 274
8477 9928 425 271
8477 9929 426 272
8477 9930 428 273
8477 9931 432 276
8477 9932 435 275
8477 9933 434 272
8477 9934 438 271
8477 9935 440 267
8566 9957 336 256
8566 9958 340 263
8566 9959 360 258
8566 9960 378 260
8566 9961 393 261
8566 9962 408 262
8566 9963 425 263
8566 9964 445 264
8566 9965 458 267
8566 9966 467 267
8566 9967 477 267
8566 9968 486 268
8611 9990 486 267
8611 9991 480 264
8611 9992 474 265
8611 9993 471 264
8611 9994 459 263
8611 9995 447 262
8611 9996 435 261
8611 9997 427 258
8611 9998 414 258
8611 9999 404 264
8611 10000 393 254
8611 10001 385 253
8611 10002 371 263
8611 10003 359 254
8611 10004 355 254
8640 10012 528 455
8640 10013 529 454
8640 10014 525 450
8640 10015 523 451
8640 10016 526 447
8640 10017 521 449
8640 10018 520 448
8640 10019 517 448
8640 10020 516 443
8640 10021 514 443
8640 10022 511 445
8640 10023 510 439
8640 10024 508 440
8640 10025 507 438
8640 10026 506 439
8640 10027 504 437
8640 10028 502 434
8640 10029 501 434
8640 10030 499 432
8640 10031 496 432
8640 10032 495 429
8640 10033 493 429
8640 10034 492 430
8640 10035 490 429
8640 10036 488 425
8640 10037 487 427
8640 10038 485 425
8640 10039 482 426
8640 10040 482 424
8640 10041 479 422
8640 10042 477 427
8640 10043 475 422
8640 10044 475 420
8640 10045 473 418
8640 10046 471 416
8640 10047 468 416
8640 10048 469 421
8640 10049 467 423
8640 10050 464 426
8640 10051 461 423
8640 10052 460 417
8640 10053 459 424
8640 10054 455 423
8937 10251 500 362
8937 10252 501 363
8937 10253 503 362
8937 10254 504 366
8937 10255 506 366
8937 10256 508 366
8937 10257 510 367
8937 10258 511 367
8937 10259 513 369
8937 10260 516 369
8937 10261 516 371
8937 10262 518 369
8937 10263 520 375
8937 10264 522 374
8937 10265 522 375
8937 10266 523 379
8937 10267 528 379
8937 10268 529 381
8937 10269 530 379
8937 10270 532 381
8937 10271 534 385
8937 10272 536 383
8937 10273 537 386
8937 10274 538 389
8937 10275 541 393
8937 10276 544 391
8937 10277 543 393
8937 10278 547 393
8937 10279 549 395
8937 10280 548 395
8937 10281 551 397
8937 10282 553 399
8937 10283 558 399
8937 10284 558 402
8937 10285 559 402
8937 10286 563 402
8937 10287 564 405
8937 10288 568 405
8937 10289 570 403
8937 10290 572 407
8937 10291 575 410
8937 10292 576 413
8937 10293 580 409
8937 10294 584 412
8937 10295 582 415
8937 10296 582 414
8985 10283 429 422
8985 10284 426 423
8985 10285 423 425
8985 10286 419 420
8985 10287 418 417
8985 10288 416 417
8985 10289 411 415
8985 10290 408 414
8985 10291 405 415
8985 10292 402 411
8985 10293 399 408
8985 10294 396 408
8985 10295 394 405
8985 10296 391 404
8985 10297 387 403
8985 10298 386 400
8985 10299 382 398
8985 10300 381 399
8985 10301 377 395
8985 10302 374 392
8985 10303 375 397
9048 10323 320 368
9048 10324 321 364
9048 10325 319 362
9048 10326 317 360
9048 10327 316 358
9048 10328 313 359
9048 10329 312 357
9048 10330 310 357
9048 10331 307 354
9048 10332 305 353
9048 10333 305 352
9048 10334 303 352
9048 10335 301 348
9048 10336 298 347
9048 10337 298 349
9048 10338 295 344
9048 10339 292 344
9048 10340 292 345
9048 10341 291 342
9048 10342 288 342
9048 10343 286 341
9048 10344 285 340
9048 10345 282 339
9048 10346 281 337
9048 10347 280 335
9048 10348 277 336
9048 10349 276 336
9048 10350 274 335
9048 10351 272 332
9048 10352 270 332
9048 10353 269 330
9048 10354 268 329
9614 11093 283 261
9614 11094 281 254
9614 11095 290 255
9614 11096 300 256
9614 11097 310 258
9614 11098 321 259
9614 11099 331 258
9614 11100 340 259
9614 11101 351 261
9614 11102 362 262
9614 11103 372 262
9614 11104 384 264
9614 11105 397 265
9614 11106 408 265
9614 11107 419 266
9614 11108 432 266
9614 11109 446 268
9614 11110 434 273
9686 11223 580 476
9686 11224 577 474
9686 11225 574 475
9686 11226 570 474
9686 11227 566 473
9686 11228 563 473
9686 11229 561 472
9686 11230 556 472
9686 11231 553 471
9686 11232 549 470
9686 11233 545 469
9686 11234 541 469
9686 11235 537 468
9686 11236 534 467
9686 11237 532 467
9686 11238 529 466
9686 11239 525 465
9686 11240 523 464
9686 11241 519 462
9686 11242 515 460
9686 11243 514 461
9686 11244 510 456
9686 11245 507 458
9686 11246 505 454
9686 11247 502 452
9686 11248 499 455
9686 11249 495 453
9686 11250 495 444
9686 11251 490 446
9686 11252 487 444
9686 11253 483 446
9686 11254 482 444
9686 11255 480 441
9686 11256 477 443
9686 11257 474 443
9686 11258 471 439
9686 11259 468 438
9686 11260 466 435
9686 11261 462 431
9686 11262 459 432
9686 11263 458 429
9686 11264 455 425
9686 11265 453 431
9686 11266 449 428
9686 11267 446 423
9686 11268 443 422
9686 11269 443 423
9686 11270 437 419
9686 11271 436 419
9686 11272 433 414
9686 11273 432 417
9686 11274 429 419
9686 11275 425 415
9686 11276 422 411
9686 11277 420 410
9686 11278 417 412
9686 11279 415 412
9686 11280 413 409
9686 11281 412 406
9686 11282 408 407
9686 11283 406 407
9686 11284 402 404
9686 11285 399 399
9686 11286 398 402
9686 11287 394 398
9686 11288 393 399
9686 11289 390 396
9686 11290 388 395
9686 11291 386 397
9686 11292 382 396
9686 11293 380 394
9686 11294 379 390
9686 11295 376 394
9686 11296 375 391
9686 11297 371 387
9686 11298 370 387
9686 11299 367 386
9686 11300 365 388
9686 11301 363 385
9686 11302 361 385
9686 11303 361 382
9686 11304 358 383
9686 11305 355 382
9686 11306 353 380
9686 11307 352 378
9686 11308 349 376
9686 11309 350 376
9686 11310 346 376
9686 11311 344 372
9686 11312 343 371
9686 11313 342 373
9686 11314 339 371
9686 11315 338 368
9686 11316 336 369
9686 11317 335 369
9686 11318 334 367
9686 11319 333 365
9686 11320 333 365
9686 11321 330 359
9686 11322 328 363
9686 11323 326 362
9686 11324 325 358
9686 11325 324 356
9686 11326 323 360
9686 11327 321 358
9686 11328 320 362
9770 11320 484 267
9770 11321 479 264
9770 11322 471 264
9770 11323 463 263
9770 11324 452 262
9770 11325 436 261
9770 11326 423 257
9770 11327 409 258
9770 11328 398 257
9770 11329 386 256
9770 11330 372 256
9770 11331 359 255
9770 11332 367 261
10047 11576 435 261
10047 11577 427 261
10047 11578 419 260
10047 11579 403 259
10047 11580 408 257
10047 11581 393 254
10047 11582 405 261
10047 11583 433 267
10047 11584 448 269
10047 11585 460 270
10047 11586 471 271
10047 11587 484 273
10122 11707 207 317
10122 11708 206 309
10122 11709 205 305
10122 11710 200 299
10122 11711 195 294
10122 11712 188 289
10122 11713 181 284
10122 11714 174 281
10122 11715 166 278
10143 11740 573 398
10143 11741 567 396
10143 11742 568 391
10143 11743 565 391
10143 11744 561 391
10143 11745 558 390
10143 11746 556 392
10143 11747 552 392
10143 11748 550 393
10143 11749 545 391
10143 11750 542 394
10143 11751 541 393
10143 11752 535 393
10143 11753 532 395
10143 11754 530 393
10143 11755 529 391
10143 11756 522 395
10143 11757 520 397
10143 11758 518 393
10143 11759 514 395
10143 11760 511 396
10143 11761 507 399
10143 11762 503 397
10143 11763 501 398
10143 11764 498 397
10143 11765 495 399
10143 11766 490 397
10143 11767 485 398
10143 11768 485 399
10143 11769 481 397
10143 11770 477 399
10143 11771 474 400
10143 11772 470 403
10143 11773 468 401
10143 11774 463 400
10143 11775 460 399
10143 11776 457 399
10143 11777 452 401
10143 11778 449 402
10143 11779 447 402
10143 11780 442 401
10143 11781 438 402
10143 11782 435 404
10143 11783 431 405
10143 11784 427 402
10143 11785 424 406
10143 11786 422 402
10143 11787 417 406
10143 11788 411 406
10143 11789 412 406
10143 11790 409 408
10143 11791 405 405
10143 11792 398 405
10143 11793 396 405
10143 11794 392 404
10143 11795 389 406
10143 11796 384 407
10143 11797 382 404
10143 11798 377 407
10143 11799 373 405
10143 11800 369 407
10143 11801 366 407
10143 11802 361 408
10143 11803 358 411
10143 11804 354 408
10143 11805 350 409
10143 11806 346 409
10143 11807 343 405
10143 11808 340 408
10143 11809 334 410
10143 11810 334 412
10143 11811 328 411
10143 11812 323 413
10143 11813 321 413
10143 11814 315 409
10143 11815 313 407
10143 11816 308 411
10143 11817 307 411
10143 11818 300 414
10143 11819 297 411
10143 11820 291 413
10143 11821 290 412
10143 11822 284 411
10143 11823 279 415
10143 11824 277 411
10143 11825 273 411
10143 11826 268 410
10143 11827 264 415
10143 11828 260 411
10143 11829 255 413
10143 11830 250 408
10143 11831 247 413
10143 11832 245 410
10143 11833 245 416
10143 11834 236 414
10143 11835 230 406
10143 11836 227 405
10143 11837 225 411
10143 11838 221 417
10143 11839 216 412
10143 11840 211 412
10143 11841 208 413
10143 11842 205 414
10143 11843 199 413
10143 11844 193 413
10143 11845 193 414
10143 11846 188 413
10143 11847 184 411
10143 11848 179 413
10143 11849 178 413
10143 11850 172 412
10143 11851 167 412
10143 11852 164 411
10143 11853 161 415
10143 11854 156 409
10143 11855 153 412
10143 11856 149 415
10143 11857 144 414
10143 11858 141 411
10143 11859 139 412
10143 11860 133 412
10143 11861 129 409
10143 11862 125 408
10143 11863 119 412
10143 11864 117 414
10143 11865 113 409
10143 11866 110 410
10143 11867 107 410
10143 11868 102 410
10143 11869 98 408
10143 11870 96 411
10143 11871 92 408
10143 11872 88 412
10143 11873 85 408
10143 11874 81 409
10143 11875 78 407
10143 11876 74 404
10143 11877 72 409
10143 11878 68 404
10143 11879 64 405
10143 11880 61 409
10143 11881 58 405
10143 11882 54 405
10143 11883 50 403
10143 11884 48 405
10143 11885 43 402
10143 11886 38 403
10143 11887 40 402
10143 11888 33 403
10143 11889 29 401
10143 11890 27 406
10143 11891 23 403
10143 11892 20 401
10143 11893 18 404
10143 11894 15 402
10143 11895 13 405
10143 11896 9 399
10143 11897 12 404
10143 11898 7 399
10143 11899 6 405
10143 11900 4 399
10171 11787 136 466
10171 11788 132 464
10171 11789 131 460
10171 11790 132 459
10171 11791 135 456
10171 11792 137 453
10171 11793 139 454
10171 11794 141 450
10171 11795 144 450
10171 11796 146 449
10171 11797 147 448
10171 11798 149 444
10171 11799 151 440
10171 11800 153 442
10171 11801 156 442
10171 11802 158 439
10171 11803 161 439
10171 11804 162 436
10171 11805 164 435
10171 11806 166 433
10171 11807 168 434
10171 11808 168 430
10171 11809 170 428
10171 11810 173 428
10171 11811 174 427
10171 11812 176 423
10171 11813 178 420
10171 11814 179 421
10171 11815 181 420
10171 11816 182 417
10171 11817 183 418
10171 11818 186 416
10171 11819 187 414
10171 11820 190 412
10171 11821 195 410
10171 11822 193 411
10171 11823 195 409
10171 11824 197 414
10199 11824 195 402
10199 11825 198 407
10199 11826 199 406
10199 11827 202 404
10199 11828 206 399
10199 11829 205 399
10199 11830 205 399
10199 11831 207 397
10199 11832 209 398
10199 11833 209 396
10199 11834 211 396
10199 11835 214 392
10199 11836 216 392
10199 11837 217 389
10199 11838 219 390
10199 11839 219 387
10199 11840 223 389
10199 11841 224 389
10199 11842 225 385
10199 11843 228 383
10199 11844 231 385
10199 11845 231 382
10199 11846 234 381
10199 11847 235 382
10199 11848 237 382
10199 11849 239 381
10199 11850 242 378
10199 11851 246 378
10199 11852 246 378
10199 11853 248 376
10199 11854 251 376
10199 11855 253 376
10199 11856 254 375
10199 11857 256 373
10199 11858 260 372
10199 11859 261 370
10199 11860 263 371
10199 11861 264 370
10199 11862 268 371
10199 11863 268 370
10199 11864 270 367
10199 11865 273 366
10199 11866 275 366
10199 11867 276 366
10199 11868 276 366
10199 11869 277 368
10199 11870 279 364
10199 11871 281 362
10199 11872 283 360
10199 11873 285 359
10199 11874 286 358
10199 11875 286 360
10199 11876 287 359
10199 11877 290 358
10199 11878 291 358
10199 11879 292 357
10199 11880 294 353
10199 11881 294 352
10436 12037 487 265
10436 12038 479 262
10436 12039 476 261
10436 12040 468 261
10436 12041 461 261
10436 12042 450 261
10436 12043 439 258
10436 12044 428 258
10436 12045 418 257
10436 12046 407 257
10436 12047 397 256
10436 12048 387 256
10436 12049 376 255
10436 12050 360 253
10436 12051 353 253
10436 12052 344 253
10436 12053 333 251
10436 12054 322 251
10436 12055 313 251
10436 12056 303 250
10436 12057 291 246
10436 12058 280 247
10509 12113 166 246
10509 12114 177 247
10509 12115 186 247
10509 12116 199 247
10509 12117 205 248
10509 12118 234 247
10509 12119 247 249
10509 12120 250 249
10509 12121 253 251
10509 12122 263 251
10509 12123 275 251
10509 12124 293 256
10509 12125 308 257
10509 12126 321 258
10509 12127 334 259
10509 12128 350 261
10509 12129 366 262
10509 12130 380 263
10509 12131 394 265
10509 12132 412 265
10509 12133 429 267
10509 12134 443 268
10509 12135 458 269
10509 12136 469 271
10509 12137 484 271
10509 12138 488 271
10583 12251 240 252
10583 12252 248 249
10583 12253 249 249
10583 12254 258 251
10583 12255 268 250
10583 12256 283 253
10583 12257 296 254
10583 12258 301 255
10583 12259 312 256
10583 12260 322 256
10583 12261 331 259
10583 12262 345 259
10583 12263 358 260
10583 12264 369 261
10583 12265 378 261
10583 12266 388 263
10583 12267 400 264
10583 12268 411 265
10583 12269 421 266
10583 12270 429 266
10583 12271 437 268
10583 12272 446 268
10583 12273 450 271
10583 12274 466 271
10583 12275 466 271
10583 12276 471 271
10583 12277 475 271
10583 12278 477 271
10583 12279 481 272
10583 12280 485 273
10745 12595 484 269
10745 12596 480 265
10745 12597 473 264
10745 12598 469 263
10745 12599 458 264
10745 12600 445 263
10745 12601 436 261
10745 12602 425 261
10745 12603 413 260
10745 12604 401 258
10745 12605 391 258
10745 12606 381 256
10745 12607 369 256
10745 12608 359 255
10745 12609 349 254
10745 12610 340 253
10745 12611 330 252
10745 12612 319 252
10745 12613 310 250
10745 12614 302 249
10745 12615 293 249
10745 12616 283 248
10745 12617 276 247
10745 12618 268 246
10745 12619 260 246
10915 12984 333 255
10915 12985 347 256
10915 12986 364 257
10915 12987 382 260
10915 12988 399 262
10915 12989 417 264
10915 12990 431 265
10915 12991 446 266
10915 12992 461 267
10915 12993 472 266
10915 12994 476 267
11038 13181 163 254
11038 13182 162 257
11038 13183 160 259
11038 13184 158 261
11038 13185 156 262
11038 13186 154 264
11038 13187 151 265
11038 13188 148 267
11038 13189 145 268
11038 13190 142 270
11038 13191 138 272
11038 13192 134 276
11038 13193 131 275
11038 13194 127 278
11038 13195 124 279
11038 13196 119 282
11038 13197 115 284
11038 13198 112 286
11038 13199 107 288
11038 13200 100 290
11038 13201 97 292
11038 13202 96 290
11069 13204 78 300
11069 13205 76 300
11069 13206 70 303
11069 13207 65 307
11069 13208 59 309
11069 13209 53 310
11069 13210 46 314
11069 13211 40 317
11069 13212 34 321
11069 13213 28 321
11069 13214 21 325
11069 13215 14 326
11069 13216 11 328
11069 13217 9 331
11069 13218 5 336