105 528 250 319
105 529 252 324
105 530 255 323
105 531 257 326
105 532 259 325
105 533 260 324
105 534 264 323
105 535 265 325
105 536 267 322
105 537 269 320
105 538 272 321
105 539 273 321
105 540 275 322
105 541 277 318
105 542 279 318
105 543 281 317
105 544 283 318
105 545 284 316
105 546 287 317
105 547 290 316
105 548 290 314
105 549 292 317
105 550 295 318
105 551 296 315
105 552 299 314
105 553 300 313
105 554 302 314
105 555 304 310
105 556 306 310
105 557 308 310
105 558 310 309
105 559 311 309
105 560 315 308
105 561 316 309
105 562 317 307
105 563 320 306
105 564 323 307
105 565 324 307
105 566 326 306
105 567 329 304
105 568 331 303
105 569 331 305
105 570 334 304
105 571 337 304
105 572 338 304
105 573 337 307
150 605 155 246
150 606 158 247
150 607 161 247
150 608 164 248
150 609 165 249
150 610 169 251
150 611 170 251
150 612 172 253
150 613 173 255
150 614 172 256
150 615 172 260
150 616 171 259
150 617 169 261
150 618 168 262
150 619 166 264
150 620 164 266
150 621 160 268
150 622 156 269
150 623 151 272
150 624 148 274
150 625 144 276
150 626 141 277
150 627 135 280
150 628 130 282
150 629 127 284
150 630 121 288
150 631 116 290
150 632 109 293
150 633 104 296
150 634 98 299
150 635 91 302
150 636 83 305
150 637 78 308
150 638 70 311
150 639 62 314
150 640 54 318
150 641 48 321
150 642 39 326
150 643 30 329
150 644 23 333
150 645 20 336
150 646 15 340
150 647 10 339
208 941 178 246
208 942 182 246
208 943 188 247
208 944 195 247
208 945 200 247
208 946 204 247
208 947 211 248
208 948 218 248
208 949 224 249
208 950 230 249
208 951 240 250
208 952 246 251
208 953 252 251
208 954 256 252
208 955 262 253
208 956 270 253
208 957 276 254
208 958 285 254
208 959 293 255
208 960 299 255
208 961 306 256
208 962 314 256
208 963 322 256
208 964 329 257
208 965 337 257
208 966 346 258
208 967 355 259
208 968 362 260
208 969 373 260
208 970 379 259
208 971 388 262
208 972 396 263
208 973 404 263
208 974 413 264
208 975 421 266
208 976 428 266
208 977 438 268
208 978 451 268
208 979 466 270
208 980 467 265
424 1361 106 455
424 1362 106 450
424 1363 106 448
424 1364 106 442
424 1365 103 438
424 1366 102 434
424 1367 100 430
424 1368 98 427
424 1369 95 422
424 1370 92 419
424 1371 90 416
424 1372 85 413
424 1373 81 410
424 1374 77 407
424 1375 73 405
424 1376 69 399
424 1377 64 399
424 1378 60 398
424 1379 56 395
460 1399 8 352
460 1400 9 352
460 1401 11 352
460 1402 10 347
460 1403 13 347
460 1404 14 348
460 1405 16 344
460 1406 19 344
460 1407 22 343
460 1408 25 339
460 1409 29 336
460 1410 32 335
460 1411 35 333
460 1412 40 331
460 1413 43 328
460 1414 46 327
460 1415 50 325
460 1416 54 322
460 1417 57 320
460 1418 61 319
460 1419 65 317
460 1420 70 314
460 1421 78 313
460 1422 81 310
460 1423 81 305
460 1424 85 307
460 1425 87 305
460 1426 93 303
460 1427 99 298
474 1427 107 302
474 1428 104 300
474 1429 107 299
474 1430 111 297
474 1431 116 295
474 1432 117 293
474 1433 117 292
474 1434 124 290
474 1435 122 285
474 1436 126 287
474 1437 130 285
474 1438 133 284
474 1439 136 282
474 1440 138 281
474 1441 141 280
474 1442 149 279
474 1443 152 277
474 1444 150 276
474 1445 157 275
474 1446 160 274
474 1447 161 273
474 1448 165 271
474 1449 167 269
474 1450 170 269
474 1451 172 267
474 1452 175 266
474 1453 177 266
474 1454 179 264
474 1455 181 263
474 1456 183 262
474 1457 186 262
474 1458 188 261
474 1459 184 257
479 1432 106 304
479 1433 100 301
479 1434 104 299
479 1435 107 296
479 1436 111 294
479 1437 115 293
479 1438 117 291
479 1439 120 290
479 1440 123 288
479 1441 127 288
479 1442 129 287
479 1443 132 288
479 1444 135 282
479 1445 139 282
479 1446 141 281
479 1447 144 278
479 1448 148 279
479 1449 150 277
479 1450 153 277
479 1451 155 274
479 1452 157 274
479 1453 160 272
479 1454 162 271
479 1455 162 270
479 1456 163 270
563 1564 120 304
563 1565 121 302
563 1566 121 307
563 1567 118 307
563 1568 115 307
563 1569 114 305
563 1570 112 306
563 1571 110 308
563 1572 107 306
563 1573 104 306
563 1574 103 309
563 1575 102 310
563 1576 101 309
563 1577 99 311
563 1578 97 314
563 1579 95 312
563 1580 91 313
563 1581 91 314
563 1582 88 315
563 1583 85 321
563 1584 85 315
563 1585 81 317
563 1586 81 314
563 1587 79 316
563 1588 76 316
563 1589 74 322
563 1590 73 319
563 1591 70 321
563 1592 69 324
563 1593 67 323
563 1594 65 321
563 1595 62 325
563 1596 62 323
563 1597 58 326
563 1598 58 328
786 2277 149 369
786 2278 143 371
786 2279 145 376
786 2280 143 377
786 2281 141 377
786 2282 136 379
786 2283 138 382
786 2284 136 380
786 2285 139 385
786 2286 133 383
786 2287 129 395
786 2288 128 390
786 2289 126 399
786 2290 131 401
786 2291 123 405
786 2292 120 404
786 2293 121 412
786 2294 122 420
786 2295 118 422
786 2296 118 418
1077 4007 6 366
1077 4008 7 364
1077 4009 9 357
1077 4010 12 355
1077 4011 10 353
1077 4012 15 348
1077 4013 20 345
1077 4014 24 343
1077 4015 27 341
1077 4016 31 338
1077 4017 36 336
1077 4018 38 335
1077 4019 43 334
1077 4020 48 328
1077 4021 52 328
1077 4022 55 325
1077 4023 60 322
1077 4024 65 320
1077 4025 69 317
1077 4026 70 313
1077 4027 77 312
1077 4028 79 308
1077 4029 85 308
1077 4030 91 305
1077 4031 95 302
1077 4032 99 302
1077 4033 102 300
1077 4034 107 298
1077 4035 110 296
1077 4036 113 295
1077 4037 117 292
1077 4038 121 291
1077 4039 124 289
1077 4040 127 287
1077 4041 132 286
1077 4042 135 284
1077 4043 135 280
1077 4044 141 281
1077 4045 145 280
1077 4046 148 278
1077 4047 151 278
1077 4048 154 275
1077 4049 157 274
1077 4050 160 272
1077 4051 162 272
1077 4052 165 271
1077 4053 168 270
1077 4054 168 268
1077 4055 173 269
1077 4056 176 267
1077 4057 178 265
1077 4058 180 265
1077 4059 184 264
1077 4060 186 263
1077 4061 188 263
1077 4062 191 262
1077 4063 193 261
1077 4064 197 260
1077 4065 197 260
1077 4066 205 264
1077 4067 212 260
1077 4068 213 263
1078 4009 25 343
1078 4010 29 341
1078 4011 32 339
1078 4012 35 335
1078 4013 39 335
1078 4014 42 332
1078 4015 47 330
1078 4016 49 328
1078 4017 54 326
1078 4018 58 324
1078 4019 61 321
1078 4020 65 320
1078 4021 70 317
1078 4022 78 314
1078 4023 82 313
1078 4024 85 310
1078 4025 88 308
1078 4026 95 306
1078 4027 99 305
1078 4028 103 302
1078 4029 107 301
1078 4030 111 297
1078 4031 115 296
1078 4032 119 294
1078 4033 123 292
1078 4034 126 290
1078 4035 130 288
1078 4036 127 284
1078 4037 131 285
1078 4038 136 283
1078 4039 141 281
1078 4040 147 281
1078 4041 149 279
1078 4042 150 278
1078 4043 157 276
1078 4044 160 275
1078 4045 163 273
1078 4046 167 272
1078 4047 169 271
1078 4048 172 270
1078 4049 175 268
1078 4050 179 268
1078 4051 181 266
1078 4052 184 266
1078 4053 186 263
1078 4054 189 264
1078 4055 192 262
1078 4056 193 259
1078 4057 192 259
1083 4048 244 251
1083 4049 247 251
1083 4050 256 253
1083 4051 263 253
1083 4052 273 255
1083 4053 284 255
1083 4054 293 256
1083 4055 303 256
1083 4056 314 257
1083 4057 326 257
1083 4058 333 257
1083 4059 346 259
1083 4060 357 260
1083 4061 365 260
1083 4062 378 261
1083 4063 389 263
1083 4064 397 264
1083 4065 410 265
1083 4066 422 266
1083 4067 435 267
1083 4068 443 267
1083 4069 454 269
1083 4070 467 269
1083 4071 476 269
1083 4072 475 269
2379 6343 104 271
2379 6344 106 270
2379 6345 107 272
2379 6346 109 268
2379 6347 110 268
2379 6348 111 267
2379 6349 113 268
2379 6350 115 270
2379 6351 116 267
2379 6352 119 268
2379 6353 117 268
2379 6354 121 268
2379 6355 123 267
2379 6356 125 268
2379 6357 125 267
2379 6358 127 268
2379 6359 129 266
2379 6360 131 266
2379 6361 130 266
2379 6362 133 266
2379 6363 136 265
2379 6364 136 265
2379 6365 138 265
2379 6366 140 265
2379 6367 141 265
2379 6368 141 265
2379 6369 144 264
2379 6370 143 264
2379 6371 146 263
2379 6372 146 265
2379 6373 149 263
2379 6374 150 262
2379 6375 152 262
2379 6376 152 263
2379 6377 154 262
2379 6378 156 264
2379 6379 155 262
2379 6380 158 262
2379 6381 159 262
2379 6382 160 262
2379 6383 162 262
2379 6384 163 261
2379 6385 165 262
2379 6386 166 261
2379 6387 166 258
2379 6388 167 258
2379 6389 170 260
2379 6390 170 260
2379 6391 173 259
2379 6392 173 259
2379 6393 174 259
2379 6394 176 259
2379 6395 178 259
2379 6396 179 256
2379 6397 180 258
2379 6398 181 260
2379 6399 184 258
2379 6400 184 255
2379 6401 186 258
2379 6402 186 257
2379 6403 188 257
2379 6404 189 259
2379 6405 191 257
2379 6406 192 254
2379 6407 194 256
2379 6408 195 257
2379 6409 196 255
2379 6410 198 255
2942 6788 532 404
2942 6789 535 401
2942 6790 537 396
2942 6791 537 396
2942 6792 544 393
2942 6793 549 392
2942 6794 555 390
2942 6795 562 388
2942 6796 568 385
2942 6797 577 386
2942 6798 581 383
2942 6799 584 382
2942 6800 590 380
2942 6801 595 377
2942 6802 598 375
2942 6803 595 378
2942 6804 596 379
3012 6853 477 268
3012 6854 479 269
3012 6855 477 277
3012 6856 501 262
3012 6857 485 264
3012 6858 481 264
3012 6859 469 262
3012 6860 455 260
3012 6861 441 261
3012 6862 430 260
3012 6863 418 259
3012 6864 404 257
3012 6865 390 257
3012 6866 386 251
3080 7005 636 292
3080 7006 635 288
3080 7007 635 290
3080 7008 635 288
3080 7009 633 284
3080 7010 632 285
3080 7011 631 286
3080 7012 629 285
3080 7013 629 284
3080 7014 628 284
3080 7015 627 284
3080 7016 626 282
3080 7017 624 281
3080 7018 622 280
3080 7019 621 281
3080 7020 620 281
3080 7021 619 280
3080 7022 618 280
3080 7023 617 280
3080 7024 616 278
3080 7025 615 278
3080 7026 614 280
3080 7027 612 278
3080 7028 611 278
3080 7029 609 278
3080 7030 607 276
3080 7031 604 277
3080 7032 603 276
3080 7033 603 275
3080 7034 600 275
3080 7035 598 274
3080 7036 597 274
3080 7037 596 277
3080 7038 593 274
3080 7039 589 274
3080 7040 589 273
3080 7041 589 273
3080 7042 587 272
3080 7043 584 272
3080 7044 583 271
3080 7045 583 272
3080 7046 579 272
3080 7047 577 270
3080 7048 576 270
3080 7049 574 270
3080 7050 572 271
3080 7051 572 269
3080 7052 569 270
3080 7053 569 268
3080 7054 566 266
3080 7055 567 269
3080 7056 564 269
3080 7057 563 269
3451 8154 423 426
3451 8155 425 429
3451 8156 429 432
3451 8157 436 434
3451 8158 436 435
3451 8159 440 436
3451 8160 442 435
3451 8161 445 443
3451 8162 451 440
3451 8163 453 437
3451 8164 455 436
3451 8165 459 442
3451 8166 463 447
3451 8167 464 444
3451 8168 465 446
3451 8169 472 450
3451 8170 473 453
3451 8171 476 455
3451 8172 477 453
3451 8173 476 455
3451 8174 478 455
3495 8310 467 264
3495 8311 448 263
3495 8312 437 263
3495 8313 421 263
3495 8314 403 261
3495 8315 391 260
3495 8316 375 258
3495 8317 358 257
3495 8318 342 257
3495 8319 331 255
3495 8320 316 254
3495 8321 301 254
3495 8322 285 251
3495 8323 276 249
3495 8324 261 250
3495 8325 249 247
3495 8326 238 247
3495 8327 237 251
3621 9117 442 265
3621 9118 438 263
3621 9119 428 261
3621 9120 421 261
3621 9121 414 260
3621 9122 406 259
3621 9123 396 258
3621 9124 391 257
3621 9125 386 256
3621 9126 378 255
3621 9127 372 255
3621 9128 366 254
3621 9129 360 253
3621 9130 350 253
3621 9131 348 252
3621 9132 345 251
3621 9133 337 251
3621 9134 335 250
3621 9135 327 250
3621 9136 320 250
3621 9137 317 249
3621 9138 314 248
3621 9139 314 248
3621 9140 303 248
3621 9141 300 249
3621 9142 297 248
3621 9143 292 247
3849 10525 335 260
3849 10526 341 258
3849 10527 355 260
3849 10528 366 261
3849 10529 376 262
3849 10530 390 262
3849 10531 405 265
3849 10532 412 265
3849 10533 424 266
3849 10534 442 267
3849 10535 456 268
3849 10536 464 269
3849 10537 474 269
3849 10538 481 268
3849 10539 482 268
3886 10690 68 311
3886 10691 72 317
3886 10692 80 311
3886 10693 79 307
3886 10694 73 307
3886 10695 67 313
3886 10696 61 314
3886 10697 53 317
3886 10698 47 319
3886 10699 40 320
3886 10700 31 322
3886 10701 23 325
3886 10702 19 329
3886 10703 9 330
3886 10704 8 336
3886 10705 4 338
4004 11181 212 291
4004 11182 217 294
4004 11183 220 291
4004 11184 224 289
4004 11185 227 289
4004 11186 230 297
4004 11187 235 296
4004 11188 237 296
4004 11189 242 298
4004 11190 246 299
4004 11191 250 298
4004 11192 253 299
4004 11193 258 299
4004 11194 262 303
4004 11195 267 303
4004 11196 270 301
4004 11197 275 303
4004 11198 279 303
4004 11199 282 305
4004 11200 287 306
4004 11201 291 307
4004 11202 297 307
4004 11203 300 308
4004 11204 306 309
4004 11205 309 306
4004 11206 312 308
4004 11207 318 308
4004 11208 321 311
4004 11209 325 310
4004 11210 330 310
4004 11211 333 315
4004 11212 339 313
4004 11213 341 313
4042 11297 486 269
4042 11298 480 265
4042 11299 469 265
4042 11300 455 264
4042 11301 444 264
4042 11302 428 261
4042 11303 412 260
4042 11304 402 259
4042 11305 386 258
4042 11306 371 257
4042 11307 355 256
4042 11308 345 255
4042 11309 330 253
4042 11310 316 252
4042 11311 302 251
4042 11312 293 250
4042 11313 279 249
4042 11314 265 248
4042 11315 265 248
4046 11310 143 248
4046 11311 143 247
4046 11312 171 246
4046 11313 172 252
4046 11314 174 253
4046 11315 173 250
4046 11316 173 250
4046 11317 175 252
4046 11318 177 257
4046 11319 176 255
4046 11320 176 260
4046 11321 177 268
4046 11322 176 261
4046 11323 171 253
4046 11324 174 265
4046 11325 168 257
4046 11326 170 257
4046 11327 168 261
4046 11328 168 263
4046 11329 164 265
4046 11330 160 265
4046 11331 161 268
4046 11332 158 269
4046 11333 150 272
4046 11334 148 274
4046 11335 148 275
4046 11336 139 278
4046 11337 136 279
4046 11338 134 280
4046 11339 133 279
4046 11340 145 287
4046 11341 142 288
4046 11342 141 284
4059 11340 118 286
4059 11341 116 289
4059 11342 110 288
4059 11343 103 293
4059 11344 95 294
4059 11345 92 297
4059 11346 84 299
4059 11347 78 298
4059 11348 73 303
4059 11349 62 306
4059 11350 59 306
4059 11351 54 309
4059 11352 63 312
4093 11385 484 269
4093 11386 477 265
4093 11387 466 265
4093 11388 452 264
4093 11389 433 262
4093 11390 424 262
4093 11391 404 260
4093 11392 387 259
4093 11393 371 257
4093 11394 359 257
4093 11395 342 256
4093 11396 327 254
4093 11397 311 254
4093 11398 296 252
4093 11399 285 254
4097 11434 454 264
4097 11435 444 263
4097 11436 428 262
4097 11437 413 260
4097 11438 404 260
4097 11439 387 258
4097 11440 376 257
4097 11441 358 256
4097 11442 348 255
4097 11443 336 255
4097 11444 320 253
4097 11445 312 252
4097 11446 299 252
4097 11447 285 250
4097 11448 272 248
4097 11449 273 252
4548 13394 168 246
4548 13395 175 247
4548 13396 185 247
4548 13397 196 248
4548 13398 207 250
4548 13399 215 249
4548 13400 225 251
4548 13401 238 252
4548 13402 250 253
4548 13403 258 254
4548 13404 273 256
4548 13405 285 256
4548 13406 298 257
4548 13407 308 259
4548 13408 322 260
4548 13409 338 262
4548 13410 352 262
4548 13411 362 263
4548 13412 391 263
4548 13413 387 263
4548 13414 407 266
4548 13415 419 268
4548 13416 435 269
4548 13417 450 270
4548 13418 466 272
4548 13419 476 271
4570 13514 184 247
4570 13515 194 247
4570 13516 202 248
4570 13517 212 249
4570 13518 224 250
4570 13519 231 251
4570 13520 244 252
4570 13521 255 251
4570 13522 271 254
4570 13523 279 255
4570 13524 294 256
4570 13525 308 258
4570 13526 322 259
4570 13527 334 260
4570 13528 349 261
4570 13529 365 262
4570 13530 380 264
4570 13531 391 264
4570 13532 407 266
4570 13533 423 267
4570 13534 439 268
4570 13535 450 269
4570 13536 465 271
4570 13537 474 270
4570 13538 474 270