84 412 402 258
84 413 382 257
84 414 365 255
84 415 353 255
84 416 337 253
84 417 325 252
84 418 305 251
84 419 287 249
84 420 275 248
84 421 262 247
157 752 488 272
157 753 483 264
157 754 473 265
157 755 462 264
157 756 449 262
157 757 437 261
157 758 422 260
157 759 407 258
157 760 389 258
157 761 377 256
157 762 367 255
157 763 357 254
157 764 345 251
157 765 323 253
157 766 321 254
280 1072 226 384
280 1073 228 384
280 1074 231 387
280 1075 232 389
280 1076 234 388
280 1077 235 392
280 1078 236 393
280 1079 238 392
280 1080 240 395
280 1081 242 398
280 1082 245 399
280 1083 246 402
280 1084 248 402
280 1085 248 403
280 1086 252 407
280 1087 253 409
280 1088 255 408
280 1089 259 406
280 1090 261 413
280 1091 262 414
280 1092 263 413
280 1093 266 420
280 1094 267 420
280 1095 270 423
280 1096 274 427
280 1097 277 424
286 1096 280 435
286 1097 273 435
286 1098 275 431
286 1099 280 431
286 1100 280 435
286 1101 283 433
286 1102 283 437
286 1103 287 440
286 1104 289 444
286 1105 290 448
286 1106 291 446
286 1107 294 449
286 1108 295 452
286 1109 299 453
286 1110 301 455
286 1111 304 459
286 1112 306 458
286 1113 306 463
286 1114 308 464
286 1115 310 464
286 1116 313 468
286 1117 317 470
286 1118 318 467
286 1119 322 468
478 1491 187 309
478 1492 185 313
478 1493 186 311
478 1494 187 315
478 1495 188 312
478 1496 188 316
478 1497 189 313
478 1498 191 311
478 1499 192 314
478 1500 192 316
478 1501 194 315
478 1502 194 318
478 1503 194 318
478 1504 195 317
478 1505 198 318
478 1506 200 322
478 1507 200 322
478 1508 200 320
478 1509 201 323
478 1510 203 320
478 1511 204 322
478 1512 205 323
478 1513 207 326
478 1514 210 327
478 1515 210 328
478 1516 211 328
478 1517 212 326
478 1518 214 329
478 1519 214 329
478 1520 216 330
478 1521 218 329
478 1522 219 332
478 1523 220 329
478 1524 221 333
478 1525 222 330
478 1526 224 335
478 1527 225 334
478 1528 227 336
478 1529 228 337
478 1530 230 337
478 1531 232 338
478 1532 233 336
478 1533 233 336
478 1534 234 339
478 1535 236 339
478 1536 238 338
478 1537 240 343
478 1538 240 344
478 1539 241 344
478 1540 243 341
478 1541 244 346
478 1542 246 346
478 1543 249 344
478 1544 249 344
478 1545 252 349
478 1546 253 349
478 1547 254 346
478 1548 257 347
478 1549 257 351
478 1550 261 352
478 1551 262 352
478 1552 263 354
478 1553 264 350
478 1554 266 352
478 1555 268 354
478 1556 271 353
478 1557 272 358
478 1558 273 355
478 1559 277 359
478 1560 278 361
478 1561 279 361
478 1562 282 359
478 1563 282 359
478 1564 284 363
478 1565 287 364
478 1566 288 362
478 1567 292 367
478 1568 291 367
478 1569 293 367
478 1570 295 366
478 1571 296 371
478 1572 298 370
478 1573 299 372
478 1574 304 372
478 1575 305 374
478 1576 306 373
478 1577 308 375
478 1578 310 373
478 1579 311 377
478 1580 313 378
478 1581 315 379
478 1582 319 376
478 1583 320 381
478 1584 322 381
478 1585 323 382
478 1586 325 382
478 1587 327 385
478 1588 329 386
478 1589 332 386
478 1590 334 387
478 1591 336 389
478 1592 337 390
478 1593 340 388
478 1594 342 393
478 1595 343 392
478 1596 345 395
478 1597 348 398
478 1598 349 398
478 1599 351 396
478 1600 351 400
478 1601 353 402
478 1602 356 402
478 1603 359 403
478 1604 362 405
478 1605 363 408
478 1606 366 409
478 1607 367 407
478 1608 369 410
478 1609 372 411
478 1610 374 411
478 1611 378 413
478 1612 380 416
478 1613 384 416
478 1614 383 416
478 1615 386 417
478 1616 390 421
478 1617 392 420
478 1618 394 421
478 1619 397 424
478 1620 401 426
478 1621 402 425
478 1622 404 426
478 1623 406 429
478 1624 408 431
478 1625 411 431
478 1626 413 433
478 1627 416 436
478 1628 417 434
478 1629 421 437
478 1630 421 440
478 1631 423 441
478 1632 427 443
478 1633 428 444
478 1634 431 447
478 1635 433 449
478 1636 434 448
478 1637 436 449
478 1638 439 452
478 1639 443 453
478 1640 446 454
478 1641 449 455
478 1642 450 459
478 1643 452 459
478 1644 454 459
478 1645 458 459
478 1646 458 462
478 1647 462 463
478 1648 464 464
478 1649 469 464
478 1650 473 466
478 1651 476 466
478 1652 480 468
478 1653 481 468
478 1654 485 469
478 1655 489 470
478 1656 496 471
478 1657 499 471
478 1658 499 472
478 1659 501 473
478 1660 505 473
478 1661 509 474
478 1662 512 475
478 1663 516 476
526 1531 249 395
526 1532 244 394
526 1533 243 393
526 1534 240 397
526 1535 237 397
526 1536 232 394
526 1537 229 395
526 1538 226 395
526 1539 224 395
526 1540 220 394
526 1541 217 398
526 1542 212 394
526 1543 209 394
526 1544 206 396
526 1545 202 395
526 1546 199 395
526 1547 195 395
526 1548 192 396
526 1549 189 398
526 1550 186 396
526 1551 183 396
526 1552 179 396
526 1553 177 397
526 1554 174 397
526 1555 169 396
526 1556 166 397
526 1557 161 397
526 1558 160 398
526 1559 156 398
526 1560 152 398
526 1561 149 397
526 1562 146 400
526 1563 144 408
526 1564 142 414
526 1565 142 417
526 1566 136 412
526 1567 130 416
526 1568 130 413
526 1569 126 412
526 1570 122 413
526 1571 119 414
526 1572 117 413
526 1573 114 413
526 1574 111 417
526 1575 112 418
767 2000 294 255
767 2001 307 256
767 2002 321 257
767 2003 331 258
767 2004 345 259
767 2005 360 259
767 2006 374 261
767 2007 390 264
767 2008 403 265
767 2009 416 265
767 2010 432 266
767 2011 427 267
1074 2759 93 293
1074 2760 89 292
1074 2761 88 297
1074 2762 84 295
1074 2763 81 297
1074 2764 77 298
1074 2765 74 300
1074 2766 69 300
1074 2767 67 303
1074 2768 64 308
1074 2769 61 309
1074 2770 57 311
1074 2771 54 311
1074 2772 50 311
1074 2773 46 313
1074 2774 43 318
1074 2775 39 320
1074 2776 34 317
1074 2777 31 322
1074 2778 27 323
1074 2779 24 324
1074 2780 18 325
1074 2781 14 327
1074 2782 15 326
1074 2783 13 323
1074 2784 15 326
1085 2771 77 299
1085 2772 74 302
1085 2773 71 304
1085 2774 68 305
1085 2775 65 307
1085 2776 60 309
1085 2777 57 310
1085 2778 57 312
1085 2779 50 313
1085 2780 46 316
1085 2781 44 317
1085 2782 42 319
1085 2783 36 321
1085 2784 33 322
1085 2785 27 324
1085 2786 22 327
1085 2787 18 329
1085 2788 14 330
1085 2789 13 332
1085 2790 9 334
1085 2791 7 336
1085 2792 5 338
1097 2803 197 254
1097 2804 197 255
1097 2805 195 257
1097 2806 192 256
1097 2807 190 259
1097 2808 188 260
1097 2809 186 260
1097 2810 182 258
1097 2811 180 261
1097 2812 176 263
1097 2813 174 261
1097 2814 173 263
1097 2815 168 262
1097 2816 165 262
1097 2817 160 264
1097 2818 160 265
1097 2819 156 269
1097 2820 153 269
1097 2821 150 268
1097 2822 147 271
1097 2823 143 272
1097 2824 142 272
1097 2825 137 274
1097 2826 136 274
1097 2827 132 272
1097 2828 129 273
1097 2829 126 274
1097 2830 123 275
1097 2831 119 276
1097 2832 118 277
1097 2833 114 281
1097 2834 109 282
1097 2835 107 283
1097 2836 105 282
1097 2837 101 284
1097 2838 98 286
1097 2839 95 287
1097 2840 91 288
1097 2841 86 286
1097 2842 83 287
1097 2843 80 288
1097 2844 77 291
1097 2845 73 290
1097 2846 70 295
1097 2847 67 295
1097 2848 63 293
1097 2849 60 294
1097 2850 54 295
1097 2851 54 299
1097 2852 52 300
1097 2853 47 302
1097 2854 44 302
1097 2855 40 302
1097 2856 37 305
1097 2857 33 306
1097 2858 29 308
1097 2859 26 307
1097 2860 24 308
1097 2861 16 305
1097 2862 15 306
1097 2863 12 307
1097 2864 7 308
1097 2865 7 309
1097 2866 5 312
1097 2867 4 315
1175 2914 196 254
1175 2915 194 256
1175 2916 193 256
1175 2917 199 254
1175 2918 200 254
1175 2919 190 256
1175 2920 190 257
1175 2921 192 256
1175 2922 189 257
1175 2923 180 260
1175 2924 175 261
1175 2925 182 260
1175 2926 180 261
1175 2927 179 262
1175 2928 170 266
1175 2929 172 264
1175 2930 167 268
1175 2931 159 269
1175 2932 161 271
1175 2933 158 272
1175 2934 154 274
1175 2935 150 275
1175 2936 150 276
1175 2937 153 274
1175 2938 147 278
1175 2939 142 279
1175 2940 139 281
1175 2941 139 282
1175 2942 133 284
1175 2943 131 285
1175 2944 128 287
1175 2945 128 287
1175 2946 122 289
1175 2947 120 290
1175 2948 117 291
1175 2949 117 292
1175 2950 117 296
1175 2951 117 300
1175 2952 118 298
1207 2944 489 269
1207 2945 483 265
1207 2946 476 265
1207 2947 470 265
1207 2948 462 266
1207 2949 447 263
1207 2950 433 261
1207 2951 420 261
1207 2952 408 261
1207 2953 394 259
1207 2954 380 257
1207 2955 367 256
1207 2956 355 255
1207 2957 343 253
1207 2958 327 253
1207 2959 317 252
1217 2954 127 289
1217 2955 123 291
1217 2956 124 290
1217 2957 116 292
1217 2958 117 295
1217 2959 116 294
1217 2960 111 298
1217 2961 105 304
1217 2962 102 307
1217 2963 101 312
1217 2964 99 306
1217 2965 102 312
1217 2966 109 319
1217 2967 110 318
1217 2968 112 322
1217 2969 113 318
1217 2970 113 321
1217 2971 115 319
1217 2972 115 321
1217 2973 117 318
1217 2974 118 319
1217 2975 119 321
1217 2976 122 321
1217 2977 123 323
1217 2978 125 326
1217 2979 127 324
1217 2980 128 323
1217 2981 129 324
1217 2982 131 326
1217 2983 133 328
1217 2984 133 328
1217 2985 134 328
1217 2986 134 329
1217 2987 135 330
1217 2988 137 327
1217 2989 139 330
1217 2990 140 332
1217 2991 142 332
1217 2992 142 333
1217 2993 144 331
1217 2994 143 329
1217 2995 145 328
1217 2996 147 330
1330 3083 308 407
1330 3084 310 400
1330 3085 313 398
1330 3086 316 401
1330 3087 317 402
1330 3088 321 402
1330 3089 326 404
1330 3090 327 405
1330 3091 330 405
1330 3092 332 406
1330 3093 336 404
1330 3094 338 407
1330 3095 341 408
1330 3096 344 409
1330 3097 346 408
1330 3098 350 410
1330 3099 351 411
1330 3100 356 414
1330 3101 358 414
1330 3102 360 413
1330 3103 365 413
1330 3104 367 417
1330 3105 371 417
1330 3106 374 418
1330 3107 379 420
1330 3108 380 416
1330 3109 382 421
1330 3110 385 421
1330 3111 389 424
1330 3112 391 423
1330 3113 394 424
1330 3114 398 425
1330 3115 402 427
1330 3116 405 428
1330 3117 406 428
1330 3118 410 428
1330 3119 413 430
1330 3120 415 429
1330 3121 418 430
1330 3122 423 432
1330 3123 426 429
1330 3124 429 435
1330 3125 432 434
1330 3126 435 435
1330 3127 437 438
1330 3128 442 434
1330 3129 445 436
1330 3130 447 438
1330 3131 449 437
1330 3132 452 440
1330 3133 458 441
1330 3134 461 441
1330 3135 462 440
1330 3136 465 441
1330 3137 471 444
1330 3138 474 447
1330 3139 474 445
1330 3140 481 448
1330 3141 481 448
1330 3142 487 449
1330 3143 487 448
1330 3144 491 450
1330 3145 495 452
1330 3146 500 449
1330 3147 500 454
1330 3148 507 454
1330 3149 511 454
1330 3150 514 453
1330 3151 517 449
1330 3152 521 450
1330 3153 525 453
1330 3154 527 456
1330 3155 530 460
1330 3156 534 460
1330 3157 538 460
1330 3158 540 458
1330 3159 542 459
1330 3160 546 460
1330 3161 547 463
1330 3162 550 463
1330 3163 555 464
1330 3164 558 464
1330 3165 562 464
1330 3166 566 459
1330 3167 570 462
1330 3168 572 462
1330 3169 574 466
1330 3170 578 466
1330 3171 583 466
1330 3172 586 467
1330 3173 591 467
1330 3174 591 465
1330 3175 596 465
1330 3176 598 468
1330 3177 601 468
1330 3178 605 469
1330 3179 609 470
1330 3180 609 468
1330 3181 608 472
1352 3112 528 386
1352 3113 526 388
1352 3114 526 388
1352 3115 523 389
1352 3116 520 390
1352 3117 518 391
1352 3118 517 389
1352 3119 514 393
1352 3120 510 396
1352 3121 511 393
1352 3122 509 397
1352 3123 505 399
1352 3124 503 400
1352 3125 501 396
1352 3126 499 402
1352 3127 496 403
1352 3128 493 404
1352 3129 491 405
1352 3130 488 406
1352 3131 486 407
1352 3132 484 407
1352 3133 480 409
1352 3134 476 409
1352 3135 477 411
1352 3136 474 413
1352 3137 472 415
1352 3138 469 416
1352 3139 466 417
1352 3140 464 416
1352 3141 462 420
1352 3142 460 419
1352 3143 458 423
1352 3144 452 426
1352 3145 451 423
1380 3163 394 466
1380 3164 395 458
1380 3165 391 461
1380 3166 388 462
1380 3167 387 461
1380 3168 385 457
1380 3169 379 463
1380 3170 375 465
1380 3171 372 465
1380 3172 371 465
1380 3173 367 466
1380 3174 364 467
1380 3175 360 468
1380 3176 358 469
1380 3177 355 470
1380 3178 350 471
1380 3179 346 471
1380 3180 342 472
1380 3181 339 472
1380 3182 334 473
1380 3183 330 473
1380 3184 325 475
1380 3185 321 476
1380 3186 317 476
1380 3187 313 476
1436 3324 310 255
1436 3325 315 256
1436 3326 323 257
1436 3327 330 257
1436 3328 336 257
1436 3329 344 257
1436 3330 350 258
1436 3331 357 260
1436 3332 367 259
1436 3333 373 260
1436 3334 378 262
1436 3335 386 262
1436 3336 394 263
1436 3337 400 265
1436 3338 407 265
1436 3339 415 266
1436 3340 424 265
1436 3341 430 266
1436 3342 437 267
1436 3343 446 267
1436 3344 454 268
1436 3345 460 269
1436 3346 467 270
1436 3347 473 271
1436 3348 472 270
1459 3348 135 270
1459 3349 134 270
1459 3350 132 271
1459 3351 130 272
1459 3352 125 274
1459 3353 121 276
1459 3354 117 277
1459 3355 114 279
1459 3356 109 281
1459 3357 104 281
1459 3358 102 283
1459 3359 99 283
1459 3360 95 285
1459 3361 92 287
1459 3362 87 289
1459 3363 84 290
1459 3364 80 293
1459 3365 77 294
1459 3366 73 296
1459 3367 69 297
1459 3368 65 298
1459 3369 60 299
1459 3370 56 301
1459 3371 52 304
1459 3372 48 305
1459 3373 46 305
1524 3551 264 289
1524 3552 267 291
1524 3553 266 291
1524 3554 264 292
1524 3555 263 290
1524 3556 262 292
1524 3557 263 291
1524 3558 262 290
1524 3559 260 294
1524 3560 259 292
1524 3561 257 293
1524 3562 256 293
1524 3563 255 295
1524 3564 253 295
1524 3565 253 293
1524 3566 251 295
1524 3567 251 294
1524 3568 251 297
1524 3569 247 296
1524 3570 247 296
1524 3571 245 296
1524 3572 245 298
1524 3573 244 297
1524 3574 243 298
1524 3575 240 298
1524 3576 239 298
1524 3577 238 299
1524 3578 237 299
1524 3579 235 299
1524 3580 233 300
1524 3581 231 300
1524 3582 231 301
1524 3583 229 302
1524 3584 229 300
1524 3585 226 302
1524 3586 225 303
1524 3587 223 304
1524 3588 222 303
1524 3589 220 303
1524 3590 219 304
1524 3591 217 305
1524 3592 218 304
1524 3593 216 306
1524 3594 215 307
1524 3595 213 307
1524 3596 210 307
1524 3597 209 307
1524 3598 208 306
1524 3599 207 307
1524 3600 207 307
1524 3601 204 308
1524 3602 201 308
1524 3603 200 307
1524 3604 198 310
1524 3605 197 309
1524 3606 193 305
1538 3606 192 312
1538 3607 191 309
1538 3608 190 310
1538 3609 190 311
1538 3610 187 308
1538 3611 187 310
1538 3612 184 313
1538 3613 181 314
1538 3614 180 312
1538 3615 179 314
1538 3616 176 314
1538 3617 176 315
1538 3618 175 315
1538 3619 172 315
1538 3620 169 316
1538 3621 167 316
1538 3622 165 317
1538 3623 165 317
1538 3624 161 316
1538 3625 161 317
1538 3626 160 318
1538 3627 158 318
1538 3628 156 316
1538 3629 154 319
1538 3630 151 320
1538 3631 150 319
1538 3632 147 318
1538 3633 147 320
1538 3634 144 321
1538 3635 143 322
1538 3636 141 322
1538 3637 139 322
1538 3638 136 322
1538 3639 134 324
1538 3640 132 323
1538 3641 131 323
1538 3642 128 325
1538 3643 127 326
1538 3644 127 325
1538 3645 125 325
1538 3646 121 323
1538 3647 118 323
1538 3648 116 323
1538 3649 114 323
1538 3650 112 325
1538 3651 111 328
1538 3652 110 329
1538 3653 109 328
1538 3654 106 329
1538 3655 105 329
1538 3656 102 329
1538 3657 100 330
1538 3658 99 330
1538 3659 97 331
1538 3660 95 332
1538 3661 94 332
1538 3662 90 333
1538 3663 88 337
1538 3664 86 334
1538 3665 86 334
1538 3666 83 332
1538 3667 83 335
1538 3668 79 336
1538 3669 79 337
1538 3670 78 337
1538 3671 76 340
1538 3672 74 341
1538 3673 72 339
1538 3674 72 341
1538 3675 69 341
1538 3676 67 340
1538 3677 66 340
1538 3678 63 341
1538 3679 61 342
1538 3680 60 343
1538 3681 58 344
1538 3682 56 344
1538 3683 55 343
1538 3684 53 344
1538 3685 49 348
1538 3686 50 345
1538 3687 48 344
1538 3688 46 346
1538 3689 42 347
1538 3690 42 347
1538 3691 41 346
1538 3692 36 346
1538 3693 36 351
1538 3694 33 347
1538 3695 32 348
1538 3696 31 347
1538 3697 27 348
1538 3698 25 348
1538 3699 23 353
1538 3700 22 350
1538 3701 19 350
1538 3702 17 352
1538 3703 15 355
1538 3704 14 353
1538 3705 12 354
1538 3706 11 354
1538 3707 8 357
1538 3708 7 361
1538 3709 7 360
1538 3710 7 361
1538 3711 6 363
1538 3712 3 362
1648 3840 58 386
1648 3841 62 390
1648 3842 66 389
1648 3843 67 390
1648 3844 67 387
1648 3845 70 387
1648 3846 77 386
1648 3847 79 385
1648 3848 81 385
1648 3849 85 385
1648 3850 88 383
1648 3851 91 383
1648 3852 93 383
1648 3853 97 381
1648 3854 100 381
1648 3855 102 381
1648 3856 104 380
1648 3857 108 379
1648 3858 111 378
1648 3859 114 377
1648 3860 114 375
1648 3861 119 375
1648 3862 122 375
1648 3863 125 374
1648 3864 128 374
1648 3865 128 373
1648 3866 134 372
1648 3867 136 372
1648 3868 140 370
1648 3869 142 371
1648 3870 143 370
1648 3871 147 369
1648 3872 151 368
1648 3873 152 368
1648 3874 154 367
1648 3875 158 364
1648 3876 160 365
1648 3877 163 365
1648 3878 166 365
1648 3879 170 365
1656 3879 168 360
1656 3880 170 359
1656 3881 174 362
1656 3882 176 361
1656 3883 179 360
1656 3884 180 361
1656 3885 183 360
1656 3886 185 359
1656 3887 187 358
1656 3888 191 358
1656 3889 193 357
1656 3890 195 357
1656 3891 199 355
1656 3892 199 355
1656 3893 203 354
1656 3894 205 350
1656 3895 208 353
1656 3896 211 353
1656 3897 210 353
1656 3898 216 350
1656 3899 217 350
1656 3900 220 349
1656 3901 221 351
1656 3902 224 347
1656 3903 226 347
1656 3904 228 346
1656 3905 231 348
1656 3906 233 344
1656 3907 234 344
1656 3908 236 344
1656 3909 239 343
1656 3910 240 339
1656 3911 242 342
1656 3912 243 341
1656 3913 246 341
1656 3914 249 339
1656 3915 250 340
1656 3916 253 339
1656 3917 255 334
1656 3918 257 337
1656 3919 259 337
1656 3920 259 338
1884 4358 142 285
1884 4359 141 282
1884 4360 140 283
1884 4361 137 283
1884 4362 133 287
1884 4363 132 285
1884 4364 126 289
1884 4365 125 286
1884 4366 120 292
1884 4367 117 293
1884 4368 111 296
1884 4369 106 300
1884 4370 103 300
1884 4371 99 304
1884 4372 94 307
1884 4373 88 307
1884 4374 83 309
1884 4375 83 311
1884 4376 78 315
1884 4377 83 311
1884 4378 80 304
1884 4379 77 301
1975 4632 318 254
1975 4633 329 255
1975 4634 341 257
1975 4635 351 257
1975 4636 360 258
1975 4637 375 258
1975 4638 387 257
1975 4639 395 261
1975 4640 405 263
1975 4641 418 264
1975 4642 431 264
1975 4643 442 266
1975 4644 453 266
1975 4645 466 266
1975 4646 473 268
1975 4647 480 269
1975 4648 484 269
2024 4691 166 254
2024 4692 165 253
2024 4693 167 253
2024 4694 165 255
2024 4695 164 256
2024 4696 165 256
2024 4697 164 259
2024 4698 164 259
2024 4699 163 256
2024 4700 162 257
2024 4701 162 261
2024 4702 161 263
2024 4703 161 260
2024 4704 159 261
2024 4705 157 263
2024 4706 156 265
2024 4707 153 266
2024 4708 151 267
2024 4709 147 268
2024 4710 145 271
2024 4711 143 272
2024 4712 139 274
2024 4713 136 275
2024 4714 131 277
2024 4715 127 281
2024 4716 123 285
2024 4717 118 284
2024 4718 114 285
2024 4719 108 288
2024 4720 103 290
2024 4721 98 294
2024 4722 92 296
2024 4723 85 299
2024 4724 79 303
2024 4725 74 304
2024 4726 69 308
2024 4727 61 311
2024 4728 54 315
2024 4729 48 319
2024 4730 41 321
2024 4731 34 325
2024 4732 26 328
2024 4733 22 332
2024 4734 20 335
2024 4735 16 335
2024 4736 12 336
2024 4737 9 339
2024 4738 6 342
2370 4919 382 254
2370 4920 376 251
2370 4921 384 256
2370 4922 381 267
2370 4923 401 267
2370 4924 412 270
2370 4925 422 269
2370 4926 425 263
2370 4927 415 265
2370 4928 430 267
2370 4929 443 267
2370 4930 451 269
2370 4931 464 270
2386 4927 219 280
2386 4928 223 280
2386 4929 223 281
2386 4930 226 281
2386 4931 227 281
2386 4932 228 282
2386 4933 229 287
2386 4934 231 284
2386 4935 233 285
2386 4936 235 284
2386 4937 237 284
2386 4938 237 287
2386 4939 238 288
2386 4940 240 287
2386 4941 239 288
2386 4942 241 289
2386 4943 242 292
2386 4944 244 288
2386 4945 246 290
2386 4946 247 291
2386 4947 250 292
2386 4948 251 294
2386 4949 253 295
2386 4950 255 293
2386 4951 257 295
2386 4952 258 296
2386 4953 259 296
2386 4954 261 297
2386 4955 264 296
2386 4956 266 298
2386 4957 267 299
2386 4958 268 300
2386 4959 270 299
2386 4960 271 300
2386 4961 273 302
2386 4962 274 302
2386 4963 277 304
2386 4964 279 303
2386 4965 281 304
2386 4966 282 303
2386 4967 283 304
2386 4968 285 306
2386 4969 288 306
2386 4970 288 306
2386 4971 290 306
2386 4972 292 305
2386 4973 294 309
2386 4974 295 308
2386 4975 298 308
2386 4976 299 310
2386 4977 300 310
2386 4978 302 311
2386 4979 304 312
2386 4980 306 311
2386 4981 308 313
2386 4982 309 312
2386 4983 310 314
2386 4984 311 313
2386 4985 312 316
2386 4986 314 315
2386 4987 316 315
2386 4988 319 316
2386 4989 321 318
2386 4990 323 320
2386 4991 324 320
2386 4992 326 319
2386 4993 327 320
2386 4994 328 321
2386 4995 330 323
2386 4996 333 321
2386 4997 335 323
2386 4998 338 322
2386 4999 338 323
2386 5000 340 324
2386 5001 342 324
2386 5002 343 326
2386 5003 344 326
2386 5004 348 326
2386 5005 349 327
2386 5006 354 328
2386 5007 353 328
2386 5008 356 329
2386 5009 357 328
2386 5010 360 334
2386 5011 360 331
2386 5012 363 332
2386 5013 365 335
2386 5014 368 334
2386 5015 371 332
2386 5016 372 336
2386 5017 374 337
2386 5018 378 337
2386 5019 379 337
2386 5020 380 338
2386 5021 382 338
2386 5022 385 338
2386 5023 387 338
2386 5024 390 341
2386 5025 390 342
2386 5026 393 342
2386 5027 394 341
2386 5028 396 343
2386 5029 398 346
2386 5030 402 345
2386 5031 403 346
2386 5032 406 343
2386 5033 409 347
2386 5034 410 349
2386 5035 411 349
2386 5036 413 349
2386 5037 416 349
2386 5038 418 350
2386 5039 420 352
2386 5040 421 357
2520 5040 425 355
2520 5041 426 351
2520 5042 429 352
2520 5043 431 353
2520 5044 432 355
2520 5045 435 353
2520 5046 436 354
2520 5047 439 356
2520 5048 442 357
2520 5049 445 357
2520 5050 448 354
2520 5051 450 359
2520 5052 452 358
2520 5053 455 359
2520 5054 457 359
2520 5055 459 360
2520 5056 461 363
2520 5057 464 364
2520 5058 467 363
2520 5059 471 365
2520 5060 474 360
2520 5061 475 364
2520 5062 476 367
2520 5063 482 365
2520 5064 482 366
2520 5065 485 368
2520 5066 487 369
2520 5067 490 370
2520 5068 495 368
2520 5069 496 369
2520 5070 496 370
2520 5071 499 371
2520 5072 503 372
2520 5073 506 369
2520 5074 508 373
2520 5075 510 375
2520 5076 513 375
2520 5077 517 375
2520 5078 520 374
2520 5079 520 375
2520 5080 523 377
2520 5081 529 378
2520 5082 531 376
2520 5083 531 380
2520 5084 536 377
2520 5085 537 380
2520 5086 543 378
2520 5087 543 381
2520 5088 547 381
2520 5089 551 380
2520 5090 552 384
2520 5091 555 383
2520 5092 555 384
2520 5093 558 387
2520 5094 561 386
2520 5095 560 392
2721 5910 390 465
2721 5911 387 470
2721 5912 393 469
2721 5913 399 468
2721 5914 405 467
2721 5915 411 467
2721 5916 417 466
2721 5917 423 465
2721 5918 428 464
2721 5919 433 464
2721 5920 438 464
2721 5921 445 463
2721 5922 452 462
2721 5923 455 462
2721 5924 462 461
2721 5925 467 460
2721 5926 476 454
2721 5927 483 457
2721 5928 487 455
2721 5929 490 455
2721 5930 491 465
2721 5931 495 464
2849 6185 546 373
2849 6186 551 372
2849 6187 549 368
2849 6188 546 366
2849 6189 543 367
2849 6190 541 368
2849 6191 539 369
2849 6192 535 369
2849 6193 536 370
2849 6194 534 370
2849 6195 531 373
2849 6196 526 373
2849 6197 524 374
2849 6198 524 374
2849 6199 520 375
2849 6200 520 378
2849 6201 516 376
2849 6202 516 379
2849 6203 511 383
2849 6204 508 381
2849 6205 507 381
2849 6206 506 383
2849 6207 505 383
2849 6208 500 383
2849 6209 497 386
2849 6210 494 387
2849 6211 491 388
2849 6212 490 388
2849 6213 488 389
2849 6214 486 387
2849 6215 483 390
2849 6216 479 392
2849 6217 475 394
2849 6218 473 395
2849 6219 472 395
2849 6220 467 397
2849 6221 464 398
2849 6222 462 397
2849 6223 458 399
2849 6224 455 400
2849 6225 453 401
2849 6226 451 402
2849 6227 449 399
2849 6228 445 405
2849 6229 441 406
2849 6230 437 406
2849 6231 435 405
2849 6232 434 408
2849 6233 429 409
2849 6234 426 410
2849 6235 423 410
2849 6236 420 412
2849 6237 415 414
2849 6238 415 414
2849 6239 410 416
2849 6240 408 412
2849 6241 404 418
2849 6242 399 418
2849 6243 395 420
2849 6244 393 420
2849 6245 391 422
2849 6246 385 425
2849 6247 382 426
2849 6248 380 425
2849 6249 371 428
2849 6250 370 428
2849 6251 368 429
2849 6252 365 432
2849 6253 357 433
2849 6254 356 434
2891 6222 263 395
2891 6223 268 391
2891 6224 269 392
2891 6225 269 389
2891 6226 270 393
2891 6227 273 398
2891 6228 275 397
2891 6229 277 400
2891 6230 281 404
2891 6231 282 399
2891 6232 282 405
2891 6233 284 409
2891 6234 286 409
2891 6235 289 405
2891 6236 290 412
2891 6237 293 415
2891 6238 293 417
2891 6239 297 419
2891 6240 297 418
2891 6241 299 422
2891 6242 303 426
2891 6243 306 424
2891 6244 308 429
2891 6245 310 430
2891 6246 311 433
2891 6247 313 436
2891 6248 316 436
2891 6249 320 440
2891 6250 324 442
2891 6251 326 442
2891 6252 328 445
2891 6253 330 447
2891 6254 334 445
2891 6255 344 443
2891 6256 345 442
2891 6257 344 448
2891 6258 345 450
2891 6259 350 459
2891 6260 352 461
2891 6261 357 461
2891 6262 360 463
2891 6263 365 464
2891 6264 368 465
2891 6265 373 466
2891 6266 377 467
2891 6267 383 468
2891 6268 385 469
2891 6269 393 470
2891 6270 397 471
2891 6271 400 472
2891 6272 404 473
2891 6273 409 474
2891 6274 413 475
2891 6275 414 476
2922 6259 334 440
2922 6260 331 441
2922 6261 330 440
2922 6262 323 442
2922 6263 316 444
2922 6264 317 444
2922 6265 314 445
2922 6266 306 448
2922 6267 305 448
2922 6268 301 448
2922 6269 292 452
2922 6270 292 451
2922 6271 290 453
2922 6272 284 456
2922 6273 278 458
2922 6274 278 456
2922 6275 273 458
2922 6276 266 460
2922 6277 265 461
2922 6278 261 462
2922 6279 255 463
2922 6280 252 464
2922 6281 249 464
2922 6282 243 465
2922 6283 238 466
2922 6284 234 467
2922 6285 230 467
2922 6286 223 467
2922 6287 222 469
2922 6288 216 469
2922 6289 212 470
2922 6290 208 471
2922 6291 203 471
2922 6292 198 472
2922 6293 194 472
2922 6294 191 474
2922 6295 187 475
2922 6296 182 475
3179 6678 266 258
3179 6679 267 252
3179 6680 269 253
3179 6681 274 255
3179 6682 281 253
3179 6683 286 255
3179 6684 294 253
3179 6685 301 254
3179 6686 307 255
3179 6687 313 255
3179 6688 321 256
3179 6689 327 256
3179 6690 335 257
3179 6691 343 258
3179 6692 346 260
3179 6693 352 259
3179 6694 361 260
3179 6695 367 261
3179 6696 373 261
3179 6697 381 262
3179 6698 391 261
3179 6699 398 262
3179 6700 404 263
3179 6701 413 263
3179 6702 422 264
3179 6703 428 264
3179 6704 437 265
3179 6705 446 266
3179 6706 453 266
3261 6891 329 288
3261 6892 325 289
3261 6893 317 287
3261 6894 311 285
3261 6895 303 282
3261 6896 298 280
3261 6897 292 278
3261 6898 285 276
3261 6899 281 275
3261 6900 275 273
3261 6901 270 272
3261 6902 264 268
3261 6903 260 267
3261 6904 255 266
3261 6905 248 265
3261 6906 245 263
3272 6931 13 476
3272 6932 3 461
3272 6933 4 459
3272 6934 6 462
3272 6935 11 460
3272 6936 17 461
3272 6937 22 462
3272 6938 25 462
3272 6939 29 457
3272 6940 34 460
3272 6941 36 458
3272 6942 43 459
3272 6943 47 460
3272 6944 55 457
3272 6945 59 456
3272 6946 61 452
3272 6947 66 457
3272 6948 69 452
3272 6949 74 455
3272 6950 80 455
3272 6951 83 449
3272 6952 90 450
3272 6953 94 450
3272 6954 97 452
3272 6955 103 449
3272 6956 107 448
3272 6957 113 446
3272 6958 116 448
3272 6959 121 445
3272 6960 126 443
3272 6961 129 446
3272 6962 135 440
3272 6963 138 440
3272 6964 144 438
3272 6965 146 437
3272 6966 153 436
3272 6967 159 438
3272 6968 162 437
3272 6969 167 436
3272 6970 171 435
3272 6971 174 434
3272 6972 173 441
3296 6972 181 435
3296 6973 182 437
3296 6974 189 431
3296 6975 193 431
3296 6976 197 430
3296 6977 201 432
3296 6978 206 429
3296 6979 210 427
3296 6980 214 430
3296 6981 220 426
3296 6982 225 429
3296 6983 229 427
3296 6984 232 429
3296 6985 238 427
3296 6986 242 427
3296 6987 246 423
3296 6988 250 423
3296 6989 255 420
3296 6990 258 421
3296 6991 262 419
3296 6992 267 421
3296 6993 272 419
3296 6994 276 418
3296 6995 280 417
3296 6996 284 414
3296 6997 289 414
3296 6998 292 414
3296 6999 294 416
3296 7000 301 414
3296 7001 304 412
3296 7002 307 417
3296 7003 311 413
3296 7004 319 410
3296 7005 321 410
3296 7006 326 408
3296 7007 333 406
3296 7008 336 407
3296 7009 337 404
3296 7010 342 405
3296 7011 346 402
3296 7012 350 403
3296 7013 348 407
3488 7329 482 249
3488 7330 486 265
3488 7331 479 264
3488 7332 470 263
3488 7333 460 264
3488 7334 446 263
3488 7335 429 262
3488 7336 410 261
3488 7337 396 259
3488 7338 383 258
3488 7339 367 256
3488 7340 354 256
3488 7341 341 255
3488 7342 324 253
3488 7343 310 252
3488 7344 297 250
3488 7345 282 249
3488 7346 267 248
3488 7347 257 247
3488 7348 248 246
3560 7488 399 299
3560 7489 401 301
3560 7490 400 300
3560 7491 402 302
3560 7492 403 301
3560 7493 404 304
3560 7494 405 308
3560 7495 406 305
3560 7496 407 307
3560 7497 408 308
3560 7498 409 313
3560 7499 410 313
3560 7500 411 316
3560 7501 413 309
3560 7502 415 311
3560 7503 417 309
3560 7504 419 314
3560 7505 419 314
3560 7506 422 316
3560 7507 424 319
3560 7508 426 321
3560 7509 426 316
3560 7510 427 316
3560 7511 429 323
3560 7512 430 326
3560 7513 432 327
3560 7514 436 324
3560 7515 437 325
3560 7516 439 324
3560 7517 439 327
3560 7518 442 329
3560 7519 443 332
3560 7520 446 333
3560 7521 449 332
3560 7522 449 336
3560 7523 450 336
3560 7524 454 336
3560 7525 455 338
3560 7526 456 338
3560 7527 460 339
3560 7528 462 341
3560 7529 464 336
3560 7530 466 337
3560 7531 468 343
3560 7532 470 345
3560 7533 472 346
3560 7534 474 345
3560 7535 478 342
3560 7536 479 347
3560 7537 481 351
3560 7538 483 349
3560 7539 486 351
3560 7540 490 352
3560 7541 493 347
3637 7642 204 247
3637 7643 212 247
3637 7644 222 248
3637 7645 233 249
3637 7646 242 252
3637 7647 251 250
3637 7648 263 252
3637 7649 274 251
3637 7650 284 253
3637 7651 295 254
3637 7652 305 256
3637 7653 319 257
3637 7654 329 259
3637 7655 342 259
3637 7656 353 259
3637 7657 367 261
3637 7658 378 262
3637 7659 400 263
3637 7660 414 261
3637 7661 410 263
3637 7662 426 263
3637 7663 445 267
3637 7664 459 269
3637 7665 470 270
3637 7666 476 270
3637 7667 484 272
3637 7668 491 276
3698 7835 426 266
3698 7836 438 262
3698 7837 429 261
3698 7838 421 260
3698 7839 410 260
3698 7840 400 259
3698 7841 391 258
3698 7842 382 257
3698 7843 373 256
3698 7844 363 255
3698 7845 357 255
3698 7846 349 255
3698 7847 341 254
3698 7848 331 253
3698 7849 323 253
3698 7850 315 252
3698 7851 306 252
3698 7852 298 250
3698 7853 290 251
3698 7854 284 251
3698 7855 275 250
3698 7856 267 250
3698 7857 260 252
3698 7858 254 251
3698 7859 245 252
3698 7860 245 252
3698 7861 242 252
3698 7862 240 254
3698 7863 231 254
3717 7884 95 291
3717 7885 91 294
3717 7886 91 294
3717 7887 86 297
3717 7888 80 299
3717 7889 76 301
3717 7890 71 303
3717 7891 65 307
3717 7892 56 310
3717 7893 55 312
3717 7894 49 314
3717 7895 46 316
3717 7896 37 318
3717 7897 32 323
3717 7898 26 325
3717 7899 21 328
3717 7900 27 321
3796 8129 241 248
3796 8130 248 249
3796 8131 247 249
3796 8132 254 250
3796 8133 261 250
3796 8134 271 250
3796 8135 279 252
3796 8136 289 254
3796 8137 300 254
3796 8138 310 255
3796 8139 319 256
3796 8140 328 257
3796 8141 338 257
3796 8142 349 259
3796 8143 358 260
3796 8144 367 259
3796 8145 379 261
3796 8146 386 262
3796 8147 396 263
3796 8148 405 264
3796 8149 416 265
3796 8150 427 266
3796 8151 437 266
3796 8152 445 268
3796 8153 457 269
3796 8154 466 269
3796 8155 469 269
3796 8156 467 269
4339 9199 89 298
4339 9200 87 298
4339 9201 92 292
4339 9202 89 294
4339 9203 90 292
4339 9204 87 293
4339 9205 94 291
4339 9206 89 293
4339 9207 94 291
4339 9208 92 289
4339 9209 90 293
4339 9210 87 294
4339 9211 85 295
4339 9212 82 293
4339 9213 81 296
4339 9214 78 298
4339 9215 75 300
4339 9216 72 300
4339 9217 70 302
4339 9218 67 301
4339 9219 65 304
4339 9220 61 306
4339 9221 58 308
4339 9222 55 305
4339 9223 53 310
4339 9224 50 311
4339 9225 46 314
4339 9226 43 313
4339 9227 40 314
4339 9228 37 314
4339 9229 36 317
4343 9202 373 262
4343 9203 374 261
4343 9204 383 262
4343 9205 388 262
4343 9206 399 263
4343 9207 409 264
4343 9208 415 265
4343 9209 423 265
4343 9210 433 266
4343 9211 443 267
4343 9212 452 268
4343 9213 457 270
4343 9214 466 269
4343 9215 474 270
4343 9216 477 270
4343 9217 480 271
4343 9218 487 268
4343 9219 489 275
4399 9310 530 355
4399 9311 525 360
4399 9312 523 361
4399 9313 520 361
4399 9314 518 361
4399 9315 514 361
4399 9316 512 362
4399 9317 511 364
4399 9318 508 360
4399 9319 503 361
4399 9320 502 361
4399 9321 500 361
4399 9322 496 360
4399 9323 494 360
4399 9324 491 360
4399 9325 489 358
4399 9326 488 359
4399 9327 484 360
4399 9328 481 359
4399 9329 478 359
4399 9330 476 359
4399 9331 472 360
4399 9332 470 358
4399 9333 469 358
4399 9334 464 359
4399 9335 462 359
4399 9336 460 359
4399 9337 456 359
4399 9338 453 359
4399 9339 450 359
4399 9340 447 358
4399 9341 445 358
4399 9342 441 359
4399 9343 439 359
4399 9344 436 359
4399 9345 433 359
4399 9346 431 359
4399 9347 429 358
4399 9348 425 358
4399 9349 421 358
4399 9350 419 358
4399 9351 418 359
4399 9352 414 358
4399 9353 412 359
4399 9354 407 358
4399 9355 407 358
4399 9356 403 358
4399 9357 399 358
4399 9358 398 358
4399 9359 396 357
4399 9360 391 357
4399 9361 387 357
4399 9362 386 357
4399 9363 384 356
4399 9364 379 356
4399 9365 375 357
4399 9366 375 357
4399 9367 373 357
4399 9368 366 357
4399 9369 365 356
4399 9370 364 355
4399 9371 360 355
4399 9372 356 355
4399 9373 355 355
4399 9374 350 355
4399 9375 347 354
4399 9376 343 354
4399 9377 343 354
4399 9378 342 354
4399 9379 337 354
4399 9380 335 354
4399 9381 333 354
4399 9382 329 353
4399 9383 325 353
4399 9384 323 353
4399 9385 321 352
4399 9386 318 353
4399 9387 315 353
4399 9388 311 352
4399 9389 310 351
4399 9390 306 351
4399 9391 302 351
4399 9392 300 351
4399 9393 300 351
4399 9394 295 350
4399 9395 291 350
4399 9396 291 351
4399 9397 287 350
4399 9398 281 349
4399 9399 279 350
4399 9400 279 351
4399 9401 277 350
4399 9402 273 349
4399 9403 272 350
4399 9404 269 350
4399 9405 265 349
4399 9406 261 355
4399 9407 259 349
4399 9408 258 349
4399 9409 254 348
4399 9410 250 348
4399 9411 249 349
4399 9412 247 348
4399 9413 243 349
4399 9414 240 347
4399 9415 239 347
4399 9416 238 352
4465 9409 595 423
4465 9410 594 421
4465 9411 591 420
4465 9412 588 420
4465 9413 585 420
4465 9414 586 417
4465 9415 579 418
4465 9416 580 417
4465 9417 576 416
4465 9418 570 416
4465 9419 567 416
4465 9420 564 415
4465 9421 560 416
4465 9422 555 414
4465 9423 556 413
4465 9424 551 412
4465 9425 548 411
4465 9426 545 411
4465 9427 542 411
4465 9428 539 410
4465 9429 536 409
4465 9430 533 409
4465 9431 534 408
4465 9432 527 407
4465 9433 525 406
4465 9434 520 406
4465 9435 520 402
4465 9436 515 403
4465 9437 512 404
4465 9438 510 404
4465 9439 507 403
4465 9440 506 401
4465 9441 501 402
4465 9442 499 402
4465 9443 496 401
4465 9444 493 399
4465 9445 490 399
4465 9446 487 398
4465 9447 485 398
4465 9448 482 398
4465 9449 478 397
4465 9450 475 396
4465 9451 473 394
4465 9452 470 393
4465 9453 467 393
4465 9454 464 392
4465 9455 460 392
4465 9456 458 392
4465 9457 455 390
4465 9458 452 389
4465 9459 449 387
4465 9460 445 388
4465 9461 443 394
4507 9473 411 375
4507 9474 408 377
4507 9475 407 376
4507 9476 404 375
4507 9477 400 374
4507 9478 398 373
4507 9479 394 374
4507 9480 392 373
4507 9481 388 372
4507 9482 387 371
4507 9483 383 371
4507 9484 381 370
4507 9485 379 368
4507 9486 375 369
4507 9487 373 369
4507 9488 371 364
4507 9489 368 366
4507 9490 364 366
4507 9491 364 365
4507 9492 361 365
4507 9493 359 363
4507 9494 357 364
4507 9495 355 363
4507 9496 353 361
4507 9497 351 361
4507 9498 350 358
4507 9499 348 361
4507 9500 346 357
4507 9501 346 353
4507 9502 345 357
4507 9503 342 354
4507 9504 340 354
4507 9505 339 352
4507 9506 337 350
4507 9507 336 351
4507 9508 334 348
4507 9509 332 348
4507 9510 330 346
4507 9511 328 346
4507 9512 326 344
4507 9513 321 345
4507 9514 320 348
4507 9515 321 342
4507 9516 322 343
4507 9517 322 348
4507 9518 329 354
4507 9519 331 351
4507 9520 333 353
4507 9521 335 356
4507 9522 338 357
4507 9523 339 359
4520 9480 245 329
4520 9481 245 330
4520 9482 249 330
4520 9483 250 327
4520 9484 251 332
4520 9485 253 332
4520 9486 255 333
4520 9487 258 332
4520 9488 260 332
4520 9489 262 334
4520 9490 264 331
4520 9491 267 334
4520 9492 267 336
4520 9493 270 337
4520 9494 274 336
4520 9495 276 335
4520 9496 278 340
4520 9497 280 339
4520 9498 284 337
4520 9499 285 339
4520 9500 286 340
4520 9501 290 338
4520 9502 293 343
4520 9503 293 343
4520 9504 296 346
4520 9505 298 342
4520 9506 300 345
4520 9507 301 345
4520 9508 301 351
4520 9509 304 354
4520 9510 309 349
4520 9511 313 350
4548 9518 313 340
4548 9519 311 338
4548 9520 310 338
4548 9521 309 338
4548 9522 307 336
4548 9523 305 336
4548 9524 303 335
4548 9525 301 335
4548 9526 297 334
4548 9527 296 333
4548 9528 294 333
4548 9529 292 333
4548 9530 290 331
4548 9531 289 332
4548 9532 286 331
4548 9533 283 330
4548 9534 282 329
4548 9535 279 329
4548 9536 278 329
4548 9537 276 327
4548 9538 274 327
4548 9539 271 327
4548 9540 270 327
4548 9541 266 325
4548 9542 266 324
4548 9543 264 324
4548 9544 261 323
4548 9545 258 324
4548 9546 258 324
4548 9547 256 324
4548 9548 252 320
4548 9549 249 322
4548 9550 248 322
4548 9551 247 322
4548 9552 244 321
4548 9553 242 319
4548 9554 241 322
4548 9555 237 320
4548 9556 235 318
4548 9557 233 319
4548 9558 231 319
4548 9559 229 318
4548 9560 227 316
4548 9561 226 318
4548 9562 224 317
4548 9563 221 314
4548 9564 219 316
4548 9565 218 316
4548 9566 217 316
4548 9567 214 314
4548 9568 212 313
4548 9569 210 316
4548 9570 210 317
4548 9571 207 315
4548 9572 204 312
4548 9573 205 314
4548 9574 201 312
4548 9575 199 311
4548 9576 197 315
4548 9577 197 311
4548 9578 196 316
4553 9523 342 354
4553 9524 344 357
4553 9525 346 359
4553 9526 349 359
4553 9527 352 360
4553 9528 353 360
4553 9529 356 361
4553 9530 360 358
4553 9531 363 359
4553 9532 366 364
4553 9533 367 363
4553 9534 371 364
4553 9535 374 364
4553 9536 378 363
4553 9537 379 366
4553 9538 382 367
4553 9539 386 366
4553 9540 388 367
4553 9541 390 368
4553 9542 393 368
4553 9543 395 370
4553 9544 400 367
4553 9545 401 369
4553 9546 404 373
4553 9547 406 372
4553 9548 411 369
4553 9549 411 373
4553 9550 414 374
4553 9551 418 375
4553 9552 422 370
4573 9551 420 386
4573 9552 421 383
4573 9553 423 377
4573 9554 427 382
4573 9555 429 380
4573 9556 433 381
4573 9557 434 382
4573 9558 437 383
4573 9559 440 381
4573 9560 445 382
4573 9561 447 387
4573 9562 450 383
4573 9563 453 384
4573 9564 457 385
4573 9565 458 386
4573 9566 463 388
4573 9567 465 391
4573 9568 469 391
4573 9569 472 392
4573 9570 475 390
4573 9571 477 390
4573 9572 480 395
4573 9573 483 395
4573 9574 486 397
4573 9575 488 396
4573 9576 491 399
4573 9577 497 394
4573 9578 500 401
4573 9579 501 397
4573 9580 503 400
4728 9713 96 295
4728 9714 98 296
4728 9715 103 296
4728 9716 98 298
4728 9717 93 300
4728 9718 89 302
4728 9719 84 304
4728 9720 79 306
4728 9721 73 308
4728 9722 69 311
4728 9723 64 312
4728 9724 59 316
4728 9725 53 318
4728 9726 49 320
4728 9727 44 322
4728 9728 38 325
4728 9729 31 327
4728 9730 26 330
4728 9731 21 333
4728 9732 16 335
4728 9733 13 338
4728 9734 11 340
4728 9735 8 343
4728 9736 5 346
4728 9737 3 350
4829 9858 306 255
4829 9859 316 256
4829 9860 330 257
4829 9861 343 258
4829 9862 355 259
4829 9863 366 260
4829 9864 380 261
4829 9865 393 261
4829 9866 407 265
4829 9867 420 265
4829 9868 432 267
4829 9869 447 266
4829 9870 462 268
4829 9871 469 269
4829 9872 475 270
4829 9873 482 269
4829 9874 489 274
5045 10408 488 267
5045 10409 483 265
5045 10410 478 264
5045 10411 469 265
5045 10412 458 263
5045 10413 443 261
5045 10414 431 261
5045 10415 419 260
5045 10416 405 260
5045 10417 390 258
5045 10418 379 257
5045 10419 368 256
5045 10420 355 254
5045 10421 341 254
5045 10422 331 253
5045 10423 319 253
5045 10424 306 252
5045 10425 294 250
5045 10426 285 249
5045 10427 275 249
5045 10428 263 248
5045 10429 256 246
5045 10430 245 246
5058 10493 268 251
5058 10494 279 252
5058 10495 289 254
5058 10496 304 255
5058 10497 318 257
5058 10498 330 258
5058 10499 341 258
5058 10500 356 260
5058 10501 370 260
5058 10502 386 262
5058 10503 397 264
5058 10504 410 264
5058 10505 424 265
5058 10506 432 271
5143 10734 604 465
5143 10735 599 464
5143 10736 596 463
5143 10737 594 462
5143 10738 592 462
5143 10739 591 459
5143 10740 585 460
5143 10741 584 459
5143 10742 581 458
5143 10743 578 453
5143 10744 576 454
5143 10745 573 454
5143 10746 570 448
5143 10747 569 448
5143 10748 566 448
5143 10749 563 448
5143 10750 561 447
5143 10751 558 442
5143 10752 556 440
5143 10753 553 441
5143 10754 548 438
5143 10755 549 438
5143 10756 545 437
5143 10757 544 437
5143 10758 541 433
5143 10759 539 432
5143 10760 538 431
5143 10761 536 429
5143 10762 532 431
5143 10763 532 427
5143 10764 528 426
5143 10765 525 426
5143 10766 523 425
5143 10767 523 420
5143 10768 517 421
5143 10769 519 422
5143 10770 515 420
5143 10771 511 417
5143 10772 509 417
5143 10773 507 416
5143 10774 506 415
5143 10775 502 415
5143 10776 501 412
5143 10777 496 411
5143 10778 494 409
5143 10779 492 411
5143 10780 490 408
5143 10781 487 408
5143 10782 484 406
5143 10783 480 406
5143 10784 479 404
5143 10785 475 404
5143 10786 473 404
5143 10787 476 405
5204 10787 470 400
5204 10788 470 401
5204 10789 466 400
5204 10790 464 400
5204 10791 460 400
5204 10792 460 397
5204 10793 458 396
5204 10794 455 396
5204 10795 454 395
5204 10796 452 392
5204 10797 449 393
5204 10798 447 391
5204 10799 445 388
5204 10800 441 389
5204 10801 441 391
5204 10802 440 389
5204 10803 438 387
5204 10804 437 383
5204 10805 435 383
5204 10806 434 385
5204 10807 433 381
5204 10808 430 386
5204 10809 431 379
5204 10810 430 377
5204 10811 429 378
5204 10812 426 379
5204 10813 427 374
5204 10814 423 376
5204 10815 423 374
5204 10816 420 371
5204 10817 419 372
5204 10818 418 368
5204 10819 416 368
5204 10820 414 369
5204 10821 411 368
5204 10822 408 368
5204 10823 405 367
5204 10824 405 364
5204 10825 403 365
5204 10826 401 366
5204 10827 401 361
5204 10828 398 361
5204 10829 397 360
5204 10830 394 358
5204 10831 392 358
5204 10832 392 357
5204 10833 391 358
5204 10834 388 355
5204 10835 386 355
5204 10836 386 355
5204 10837 384 354
5204 10838 381 350
5204 10839 379 352
5204 10840 378 350
5204 10841 377 350
5204 10842 376 348
5204 10843 373 347
5204 10844 372 348
5204 10845 371 348
5204 10846 369 347
5204 10847 368 344
5204 10848 367 345
5204 10849 365 348
5214 10796 481 385
5214 10797 480 384
5214 10798 478 384
5214 10799 473 389
5214 10800 471 394
5214 10801 470 387
5214 10802 467 386
5214 10803 467 381
5214 10804 464 383
5214 10805 465 379
5214 10806 462 377
5214 10807 460 375
5214 10808 457 374
5214 10809 456 373
5214 10810 455 376
5214 10811 448 378
5214 10812 449 373
5214 10813 446 375
5214 10814 447 370
5214 10815 444 367
5214 10816 441 367
5214 10817 439 371
5214 10818 438 365
5214 10819 437 369
5214 10820 435 363
5214 10821 432 367
5214 10822 431 363
5214 10823 428 362
5214 10824 428 359
5214 10825 426 364
5214 10826 423 363
5214 10827 421 362
5214 10828 421 356
5214 10829 419 360
5214 10830 418 357
5214 10831 417 363
5246 10849 365 335
5246 10850 364 341
5246 10851 363 340
5246 10852 362 341
5246 10853 360 340
5246 10854 358 341
5246 10855 357 339
5246 10856 355 338
5246 10857 355 334
5246 10858 353 334
5246 10859 352 334
5246 10860 351 334
5246 10861 349 337
5246 10862 349 332
5246 10863 348 332
5246 10864 348 328
5246 10865 346 327
5246 10866 344 328
5246 10867 343 328
5246 10868 341 331
5246 10869 341 326
5246 10870 340 322
5246 10871 339 325
5246 10872 337 325
5246 10873 336 321
5246 10874 334 321
5246 10875 333 322
5246 10876 332 322
5246 10877 330 320
5246 10878 329 320
5246 10879 328 317
5246 10880 326 316
5246 10881 324 318
5246 10882 323 318
5246 10883 321 317
5246 10884 320 314
5246 10885 319 315
5246 10886 318 315
5246 10887 317 312
5246 10888 314 312
5246 10889 313 313
5246 10890 311 312
5246 10891 310 310
5246 10892 308 310
5246 10893 307 310
5246 10894 307 309
5246 10895 304 306
5246 10896 302 306
5246 10897 301 308
5246 10898 299 305
5246 10899 298 305
5246 10900 297 305
5246 10901 294 306
5246 10902 292 306
5246 10903 290 303
5246 10904 288 305
5246 10905 285 304
5246 10906 284 303
5246 10907 282 305
5246 10908 280 303
5246 10909 277 303
5246 10910 275 303
5246 10911 274 299
5246 10912 272 301
5246 10913 270 301
5246 10914 269 300
5246 10915 268 301
5246 10916 266 297
5246 10917 264 297
5246 10918 263 296
5246 10919 261 297
5246 10920 260 297
5246 10921 258 298
5246 10922 258 303
5544 11162 349 416
5544 11163 350 419
5544 11164 348 416
5544 11165 354 417
5544 11166 358 424
5544 11167 361 426
5544 11168 363 426
5544 11169 362 428
5544 11170 367 431
5544 11171 368 431
5544 11172 370 433
5544 11173 374 427
5544 11174 375 432
5544 11175 379 436
5544 11176 382 438
5544 11177 382 439
5544 11178 390 433
5544 11179 393 436
5544 11180 391 442
5544 11181 394 444
5544 11182 395 443
5544 11183 401 447
5544 11184 403 446
5544 11185 405 449
5544 11186 409 448
5544 11187 409 457
5544 11188 417 451
5544 11189 418 453
5544 11190 423 447
5544 11191 424 453
5544 11192 429 460
5544 11193 432 460
5544 11194 427 459
5648 11263 117 414
5648 11264 119 411
5648 11265 118 405
5648 11266 120 405
5648 11267 119 404
5648 11268 125 404
5648 11269 129 404
5648 11270 131 403
5648 11271 133 403
5648 11272 135 404
5648 11273 139 403
5648 11274 142 404
5648 11275 144 405
5648 11276 143 403
5648 11277 146 403
5648 11278 152 404
5648 11279 155 403
5648 11280 156 403
5648 11281 158 405
5648 11282 160 403
5648 11283 166 405
5648 11284 168 404
5648 11285 169 403
5648 11286 173 404
5648 11287 176 404
5648 11288 180 404
5648 11289 182 404
5648 11290 184 404
5648 11291 184 402
5648 11292 190 404
5648 11293 194 403
5648 11294 197 404
5648 11295 198 403
5648 11296 201 403
5648 11297 205 402
5648 11298 208 403
5648 11299 210 402
5648 11300 210 402
5648 11301 216 402
5648 11302 220 402
5648 11303 221 402
5648 11304 222 401
5648 11305 225 400
5648 11306 230 400
5648 11307 233 399
5648 11308 235 400
5648 11309 235 399
5648 11310 239 398
5648 11311 242 398
5648 11312 245 397
5648 11313 248 397
5648 11314 250 398
5648 11315 255 398
5648 11316 259 398
5648 11317 261 395
5648 11318 262 396
5648 11319 264 395
5648 11320 269 396
5648 11321 272 395
5648 11322 271 398
5648 11323 273 394
5648 11324 278 394
5648 11325 283 393
5648 11326 285 392
5648 11327 285 394
5648 11328 288 393
5648 11329 293 392
5648 11330 296 391
5648 11331 297 391
5648 11332 298 392
5648 11333 302 388
5648 11334 306 388
5648 11335 308 390
5648 11336 309 390
5648 11337 312 389
5648 11338 315 388
5648 11339 318 388
5648 11340 320 387
5648 11341 322 388
5648 11342 324 387
5648 11343 327 383
5648 11344 330 386
5648 11345 332 386
5648 11346 336 385
5648 11347 337 384
5648 11348 340 385
5648 11349 343 384
5648 11350 346 384
5648 11351 348 386
5648 11352 351 382
5648 11353 355 383
5648 11354 355 383
5648 11355 358 381
5648 11356 359 381
5648 11357 364 382
5648 11358 366 381
5648 11359 367 380
5648 11360 369 380
5648 11361 372 380
5648 11362 377 378
5648 11363 377 379
5648 11364 379 382
5674 11321 185 420
5674 11322 189 420
5674 11323 187 414
5674 11324 189 418
5674 11325 191 415
5674 11326 192 418
5674 11327 192 420
5674 11328 196 421
5674 11329 197 423
5674 11330 201 425
5674 11331 202 425
5674 11332 202 423
5674 11333 205 429
5674 11334 207 432
5674 11335 209 433
5674 11336 211 434
5674 11337 216 437
5674 11338 218 439
5674 11339 221 438
5674 11340 223 440
5674 11341 222 443
5674 11342 225 446
5674 11343 228 448
5674 11344 231 448
5674 11345 233 448
5674 11346 238 450
5674 11347 239 453
5674 11348 240 454
5674 11349 243 456
5674 11350 248 458
5674 11351 251 459
5674 11352 252 463
5674 11353 257 462
5674 11354 258 464
5674 11355 261 464
5674 11356 264 465
5674 11357 266 466
5674 11358 272 467
5674 11359 277 468
5674 11360 277 469
5674 11361 282 470
5674 11362 285 471
5674 11363 288 472
5674 11364 291 473
5674 11365 295 474
5674 11366 300 475
5674 11367 303 476
5731 11465 456 264
5731 11466 441 262
5731 11467 426 261
5731 11468 413 260
5731 11469 402 258
5731 11470 386 257
5731 11471 372 255
5731 11472 361 255
5731 11473 349 254
5731 11474 337 254
5731 11475 328 252
5761 11492 500 266
5761 11493 485 266
5761 11494 477 264
5761 11495 469 265
5761 11496 456 263
5761 11497 443 262
5761 11498 427 261
5761 11499 410 258
5761 11500 395 257
5761 11501 382 256
5761 11502 366 255
5761 11503 350 254
5761 11504 336 253
5761 11505 324 250
5761 11506 309 250
5761 11507 293 249
5761 11508 279 247
5761 11509 268 246
5896 11799 3 332
5896 11800 4 331
5896 11801 4 327
5896 11802 5 325
5896 11803 3 324
5896 11804 4 318
5896 11805 5 319
5896 11806 8 321
5896 11807 10 321
5896 11808 9 316
5896 11809 13 319
5896 11810 14 319
5896 11811 15 317
5896 11812 14 312
5896 11813 17 313
5896 11814 20 314
5896 11815 21 314
5896 11816 22 315
5896 11817 24 313
5896 11818 25 313
5896 11819 26 313
5896 11820 27 312
5896 11821 28 311
5896 11822 28 310
5896 11823 30 311
5896 11824 30 308
5896 11825 29 307
5896 11826 31 308
5896 11827 31 307
5896 11828 31 305
5896 11829 33 306
5896 11830 34 305
5896 11831 35 304
5896 11832 36 303
5896 11833 34 303
5896 11834 37 302
5896 11835 38 301
5896 11836 36 301
5896 11837 38 300
5896 11838 40 300
5896 11839 41 299
5896 11840 40 299
5896 11841 43 297
5896 11842 43 298
5896 11843 45 297
5896 11844 46 297
5896 11845 46 295
5896 11846 48 294
5896 11847 46 294
5896 11848 48 293
5896 11849 50 292
5896 11850 49 290
5896 11851 51 292
5896 11852 52 293
5896 11853 53 291
5896 11854 54 292
5896 11855 56 287
5896 11856 55 291
5896 11857 57 290
5896 11858 58 288
5896 11859 60 289
5896 11860 60 289
5896 11861 60 287
5896 11862 61 287
5896 11863 61 288
5896 11864 63 290
6040 12396 166 250
6040 12397 154 252
6040 12398 162 246
6040 12399 166 250
6040 12400 164 257
6040 12401 160 248
6040 12402 163 251
6040 12403 164 253
6040 12404 163 251
6040 12405 149 247
6040 12406 152 248
6040 12407 155 249
6040 12408 158 249
6040 12409 156 255
6040 12410 150 252
6040 12411 150 259
6040 12412 148 259
6040 12413 146 260
6040 12414 144 261
6040 12415 142 262
6040 12416 139 262
6040 12417 136 263
6040 12418 134 264
6040 12419 131 264
6040 12420 127 265
6040 12421 124 266
6040 12422 120 265
6040 12423 115 267
6040 12424 113 267
6040 12425 110 268
6040 12426 107 268
6040 12427 105 269
6040 12428 100 269
6040 12429 97 268
6040 12430 95 272
6040 12431 89 272
6040 12432 89 273
6040 12433 87 272
6040 12434 86 270
6040 12435 83 274
6040 12436 81 274
6040 12437 78 272
6040 12438 74 272
6040 12439 73 272
6040 12440 73 272
6040 12441 71 273
6040 12442 68 274
6040 12443 67 274
6158 12617 3 476
6158 12618 5 476
6158 12619 8 475
6158 12620 11 475
6158 12621 16 475
6158 12622 20 474
6158 12623 25 474
6158 12624 28 474
6158 12625 32 474
6158 12626 37 474
6158 12627 42 474
6158 12628 46 474
6158 12629 50 474
6158 12630 55 474
6158 12631 60 474
6158 12632 64 473
6158 12633 68 473
6158 12634 73 473
6158 12635 79 474
6158 12636 82 474
6158 12637 87 473
6158 12638 92 473
6158 12639 97 472
6158 12640 102 472
6158 12641 104 471
6158 12642 109 471
6158 12643 115 471
6158 12644 119 472
6158 12645 124 471
6158 12646 128 471
6158 12647 133 471
6158 12648 138 470
6158 12649 140 470
6158 12650 146 469
6158 12651 151 469
6158 12652 155 469
6158 12653 159 469
6158 12654 164 468
6158 12655 168 467
6158 12656 172 467
6158 12657 177 466
6158 12658 181 466
6158 12659 186 465
6158 12660 189 465
6158 12661 196 465
6158 12662 200 464
6158 12663 206 464
6158 12664 207 464
6158 12665 214 463
6158 12666 218 463
6158 12667 221 462
6158 12668 227 462
6158 12669 229 462
6158 12670 233 462
6158 12671 239 460
6158 12672 242 459
6158 12673 246 460
6158 12674 248 458
6158 12675 253 457
6158 12676 259 456
6158 12677 263 454
6158 12678 263 455
6158 12679 269 453
6158 12680 275 452
6158 12681 278 450
6158 12682 281 450
6158 12683 284 450
6158 12684 290 449
6158 12685 297 447
6158 12686 297 447
6158 12687 299 447
6158 12688 304 445
6158 12689 308 442
6158 12690 314 442
6158 12691 314 443
6158 12692 318 442
6158 12693 324 440
6158 12694 329 439
6158 12695 329 439
6158 12696 332 438
6158 12697 337 436
6158 12698 343 434
6158 12699 345 436
6158 12700 347 435
6158 12701 350 443
6211 12673 5 355
6211 12674 9 352
6211 12675 9 347
6211 12676 12 348
6211 12677 13 350
6211 12678 16 349
6211 12679 19 350
6211 12680 22 345
6211 12681 23 347
6211 12682 25 347
6211 12683 28 343
6211 12684 31 343
6211 12685 33 343
6211 12686 34 342
6211 12687 37 341
6211 12688 41 343
6211 12689 42 344
6211 12690 44 341
6211 12691 49 340
6211 12692 49 340
6211 12693 52 339
6211 12694 53 339
6211 12695 55 338
6211 12696 58 339
6211 12697 61 338
6211 12698 62 338
6211 12699 66 338
6211 12700 68 334
6211 12701 72 336
6211 12702 73 335
6211 12703 74 337
6211 12704 77 332
6211 12705 79 333
6211 12706 83 334
6211 12707 84 332
6211 12708 86 330
6211 12709 89 331
6211 12710 93 332
6211 12711 92 332
6211 12712 95 329
6211 12713 98 329
6211 12714 102 329
6211 12715 102 328
6211 12716 106 325
6211 12717 108 326
6211 12718 110 327
6211 12719 111 325
6211 12720 115 321
6215 12675 117 290
6215 12676 125 289
6215 12677 126 288
6215 12678 128 286
6215 12679 131 285
6215 12680 137 284
6215 12681 139 282
6215 12682 142 281
6215 12683 144 280
6215 12684 146 278
6215 12685 153 277
6215 12686 156 276
6215 12687 157 275
6215 12688 159 274
6215 12689 166 270
6215 12690 166 269
6215 12691 168 268
6215 12692 170 268
6215 12693 175 267
6215 12694 175 265
6215 12695 179 265
6215 12696 181 265
6215 12697 183 265
6215 12698 185 264
6215 12699 188 261
6215 12700 191 263
6215 12701 192 260
6215 12702 195 259
6215 12703 194 258
6215 12704 189 259
6254 12698 161 259
6254 12699 162 258
6254 12700 161 259
6254 12701 162 262
6254 12702 161 261
6254 12703 161 261
6254 12704 162 264
6254 12705 161 264
6254 12706 160 265
6254 12707 160 265
6254 12708 159 265
6254 12709 158 267
6254 12710 157 268
6254 12711 155 268
6254 12712 153 269
6254 12713 152 270
6254 12714 151 271
6254 12715 148 272
6254 12716 147 276
6254 12717 144 274
6254 12718 142 277
6254 12719 138 281
6254 12720 137 279
6254 12721 133 282
6254 12722 129 282
6254 12723 125 281
6254 12724 122 284
6254 12725 119 284
6254 12726 114 286
6254 12727 120 286
6254 12728 115 288
6254 12729 111 286
6254 12730 116 287
6254 12731 118 289
6328 12736 74 309
6328 12737 68 308
6328 12738 64 310
6328 12739 59 311
6328 12740 61 312
6328 12741 66 309
6328 12742 66 311
6328 12743 61 312
6328 12744 55 315
6328 12745 50 317
6328 12746 45 319
6328 12747 42 319
6328 12748 37 322
6328 12749 32 324
6328 12750 27 325
6328 12751 23 328
6328 12752 20 329
6328 12753 17 331
6328 12754 13 332
6328 12755 11 333
6328 12756 10 335
6328 12757 8 337
6328 12758 7 338
6328 12759 5 341
6328 12760 3 344
6336 12740 323 262
6336 12741 325 261
6336 12742 328 260
6336 12743 334 260
6336 12744 339 260
6336 12745 346 262
6336 12746 359 265
6336 12747 358 257
6336 12748 347 257
6336 12749 333 252
6336 12750 319 251
6336 12751 306 250
6336 12752 296 248
6336 12753 286 249
6336 12754 273 247
6336 12755 261 246
6336 12756 251 246