30 19 271 256
30 20 280 256
30 21 290 257
30 22 302 257
30 23 312 258
30 24 322 260
30 25 333 259
30 26 345 261
30 27 353 261
30 28 363 263
30 29 376 264
30 30 389 265
30 31 400 266
30 32 411 267
30 33 424 268
261 228 441 470
261 229 444 467
261 230 443 466
261 231 440 466
261 232 437 464
261 233 431 463
261 234 431 462
261 235 429 462
261 236 427 461
261 237 424 459
261 238 421 457
261 239 419 455
261 240 416 453
261 241 413 451
261 242 410 448
261 243 409 448
261 244 406 447
261 245 404 447
261 246 400 443
261 247 397 441
261 248 394 440
261 249 391 436
261 250 390 436
261 251 388 434
261 252 385 432
261 253 383 434
261 254 379 431
261 255 378 429
261 256 375 428
261 257 372 425
261 258 370 424
261 259 368 421
261 260 366 421
261 261 360 420
261 262 354 421
325 274 333 399
325 275 334 399
325 276 331 399
325 277 330 396
325 278 327 395
325 279 327 394
325 280 324 394
325 281 322 391
325 282 318 389
325 283 318 388
325 284 316 388
325 285 314 388
325 286 310 385
325 287 310 384
325 288 308 384
325 289 307 381
325 290 303 379
325 291 304 378
325 292 302 378
325 293 300 376
325 294 296 372
325 295 294 373
325 296 295 374
325 297 294 371
325 298 292 369
325 299 289 368
325 300 288 369
325 301 288 368
325 302 283 366
325 303 282 365
325 304 284 364
325 305 280 363
325 306 280 362
325 307 277 362
325 308 271 362
325 309 269 361
325 310 267 359
325 311 266 358
325 312 265 357
325 313 270 356
456 382 173 476
456 383 176 475
456 384 181 475
456 385 186 475
456 386 191 475
456 387 194 474
456 388 198 474
456 389 203 473
456 390 208 473
456 391 213 473
456 392 216 472
456 393 222 472
456 394 226 472
456 395 230 472
456 396 234 471
456 397 239 471
456 398 243 470
456 399 247 470
456 400 251 470
456 401 257 470
456 402 262 469
456 403 265 469
456 404 268 469
456 405 272 468
456 406 277 468
456 407 281 467
456 408 284 467
456 409 289 467
456 410 293 467
456 411 298 467
456 412 301 466
456 413 306 466
456 414 311 466
456 415 314 465
456 416 318 465
456 417 323 464
456 418 325 464
456 419 329 464
456 420 332 463
456 421 340 462
456 422 344 462
456 423 348 458
456 424 351 461
456 425 356 460
456 426 357 460
456 427 360 459
456 428 366 459
456 429 370 456
456 430 373 455
456 431 375 452
456 432 380 452
456 433 385 453
456 434 388 453
456 435 390 452
456 436 395 449
456 437 398 450
456 438 401 449
456 439 407 445
456 440 405 448
480 402 310 259
480 403 312 261
480 404 318 262
480 405 327 262
480 406 333 262
480 407 340 262
480 408 344 263
480 409 353 266
480 410 361 267
480 411 366 269
480 412 373 270
480 413 381 270
480 414 388 271
480 415 395 270
480 416 400 268
480 417 409 269
480 418 417 269
480 419 424 271
480 420 432 270
480 421 441 271
480 422 450 273
480 423 457 274
480 424 463 275
480 425 468 276
480 426 473 279
540 440 411 442
540 441 412 444
540 442 416 444
540 443 417 446
540 444 421 445
540 445 426 441
540 446 430 440
540 447 433 438
540 448 436 436
540 449 438 437
540 450 442 436
540 451 444 433
540 452 448 430
540 453 452 434
540 454 454 431
540 455 457 429
540 456 460 428
540 457 462 429
540 458 466 428
540 459 469 426
540 460 473 426
540 461 474 426
540 462 477 423
540 463 480 420
540 464 483 420
540 465 485 422
540 466 488 419
540 467 491 418
540 468 493 417
540 469 493 417
540 470 498 416
540 471 500 416
540 472 503 412
540 473 504 410
540 474 508 413
540 475 511 412
540 476 509 414
785 582 373 271
785 583 372 270
785 584 368 270
785 585 364 270
785 586 363 269
785 587 362 269
785 588 358 271
785 589 355 267
785 590 354 269
785 591 351 268
785 592 344 269
785 593 348 267
785 594 345 268
785 595 340 268
785 596 338 266
785 597 338 271
785 598 333 268
785 599 328 266
785 600 328 267
785 601 327 268
785 602 323 268
785 603 323 265
785 604 320 267
785 605 317 268
785 606 312 265
785 607 313 267
785 608 309 267
785 609 303 266
785 610 303 267
785 611 303 266
785 612 298 265
785 613 295 264
785 614 295 266
785 615 292 263
785 616 284 265
785 617 285 265
785 618 286 262
785 619 277 265
785 620 278 264
785 621 279 263
785 622 275 265
785 623 271 263
785 624 270 264
785 625 269 264
785 626 261 264
785 627 264 262
785 628 261 263
785 629 256 266
785 630 255 262
785 631 254 262
785 632 250 262
785 633 246 263
785 634 246 262
785 635 245 261
785 636 238 262
785 637 238 262
785 638 236 263
785 639 233 261
785 640 232 259
785 641 230 260
905 784 410 409
905 785 408 409
905 786 405 410
905 787 400 411
905 788 397 413
905 789 393 413
905 790 389 415
905 791 384 417
905 792 384 417
905 793 377 419
905 794 372 419
905 795 370 420
905 796 367 422
905 797 358 424
905 798 355 426
905 799 351 426
905 800 343 427
905 801 341 428
905 802 340 430
905 803 333 430
905 804 325 432
905 805 325 433
905 806 322 434
905 807 312 435
905 808 309 436
905 809 304 438
905 810 297 438
905 811 295 439
905 812 292 440
905 813 283 440
905 814 278 443
905 815 276 443
905 816 270 445
905 817 263 444
905 818 261 448
905 819 254 447
905 820 247 449
905 821 243 450
905 822 239 453
905 823 231 453
905 824 229 454
905 825 224 456
905 826 215 457
905 827 210 456
905 828 208 458
905 829 199 458
905 830 194 458
905 831 192 461
905 832 181 461
905 833 177 461
905 834 175 462
905 835 170 463
905 836 163 463
905 837 160 464
905 838 155 465
905 839 146 465
905 840 143 466
905 841 139 467
905 842 134 468
905 843 128 469
905 844 124 469
905 845 119 470
905 846 112 471
905 847 108 471
905 848 103 472
905 849 100 473
905 850 95 473
905 851 92 474
939 822 296 255
939 823 290 253
939 824 285 254
939 825 279 255
939 826 271 256
939 827 265 256
939 828 260 253
939 829 252 256
939 830 248 255
939 831 249 259
939 832 256 257
939 833 254 257
939 834 255 255
939 835 250 255
939 836 238 256
939 837 239 257
939 838 230 256
939 839 224 260
939 840 219 258
939 841 214 258
939 842 211 261
939 843 209 261
939 844 205 267
939 845 198 266
939 846 192 268
958 846 190 263
958 847 188 264
958 848 184 265
958 849 182 268
958 850 178 268
958 851 177 269
958 852 173 271
958 853 167 273
958 854 166 275
958 855 162 276
958 856 159 277
958 857 156 279
958 858 152 282
958 859 149 283
958 860 146 283
958 861 142 285
958 862 138 286
958 863 134 288
958 864 127 290
958 865 122 292
958 866 122 295
998 891 335 263
998 892 343 256
998 893 356 258
998 894 370 260
998 895 384 261
998 896 398 261
998 897 415 264
998 898 430 265
998 899 448 267
998 900 460 267
998 901 468 269
998 902 478 270
998 903 486 266
1238 1208 245 247
1238 1209 256 249
1238 1210 267 250
1238 1211 280 250
1238 1212 291 252
1238 1213 302 249
1238 1214 316 251
1238 1215 329 254
1238 1216 342 256
1238 1217 357 258
1238 1218 365 257
1238 1219 386 260
1238 1220 394 262
1238 1221 420 262
1238 1222 417 262
1386 1389 255 248
1386 1390 232 246
1386 1391 234 247
1386 1392 261 251
1386 1393 271 253
1386 1394 285 254
1386 1395 300 255
1386 1396 313 256
1386 1397 327 257
1386 1398 341 258
1386 1399 356 259
1386 1400 370 260
1386 1401 382 262
1386 1402 394 268
1386 1403 407 264
1386 1404 420 265
1386 1405 430 266
1386 1406 442 260
1386 1407 451 263
1386 1408 463 268
1386 1409 467 268
1386 1410 466 267
1447 1426 277 253
1447 1427 275 253
1447 1428 284 254
1447 1429 294 253
1447 1430 306 255
1447 1431 315 255
1447 1432 324 258
1447 1433 336 264
1447 1434 347 259
1447 1435 359 260
1447 1436 373 263
1447 1437 385 263
1447 1438 396 264
1447 1439 406 265
1447 1440 420 266
1447 1441 435 267
1447 1442 448 269
1447 1443 461 269
1447 1444 468 269
1447 1445 472 269
1447 1446 478 270
1447 1447 486 270
1463 1449 287 252
1463 1450 291 253
1463 1451 288 252
1463 1452 296 255
1463 1453 301 253
1463 1454 306 254
1463 1455 313 253
1463 1456 317 255
1463 1457 324 257
1463 1458 330 257
1463 1459 335 261
1463 1460 345 258
1463 1461 351 259
1463 1462 358 259
1463 1463 365 260
1463 1464 373 261
1463 1465 382 261
1463 1466 390 262
1463 1467 398 263
1463 1468 406 264
1463 1469 414 265
1463 1470 425 266
1463 1471 434 267
1499 1484 4 323
1499 1485 7 325
1499 1486 11 323
1499 1487 11 324
1499 1488 12 325
1499 1489 14 320
1499 1490 17 320
1499 1491 23 318
1499 1492 26 318
1499 1493 29 318
1499 1494 34 319
1499 1495 46 317
1499 1496 53 318
1499 1497 70 314
1499 1498 90 309
1499 1499 110 304
1499 1500 125 290
1499 1501 128 292
1608 1533 92 392
1608 1534 88 396
1608 1535 82 397
1608 1536 87 403
1608 1537 80 408
1608 1538 77 408
1608 1539 72 411
1608 1540 68 413
1608 1541 63 413
1608 1542 61 422
1608 1543 59 422
1608 1544 47 420
1608 1545 44 421
1608 1546 44 420
1608 1547 41 421
1608 1548 36 425
1608 1549 31 423
1608 1550 29 427
1608 1551 23 421
1608 1552 21 425
1608 1553 15 422
1608 1554 9 422
1608 1555 4 423
1608 1556 3 424
1783 1660 240 254
1783 1661 238 253
1783 1662 253 253
1783 1663 263 255
1783 1664 277 255
1783 1665 291 256
1783 1666 306 257
1783 1667 321 258
1783 1668 337 260
1783 1669 352 260
1783 1670 367 261
1783 1671 384 264
1783 1672 399 265
1783 1673 416 267
1783 1674 430 268
1783 1675 445 268
2127 1927 343 414
2127 1928 343 415
2127 1929 341 420
2127 1930 339 416
2127 1931 336 417
2127 1932 331 416
2127 1933 326 421
2127 1934 324 422
2127 1935 320 421
2127 1936 315 421
2127 1937 312 424
2127 1938 311 425
2127 1939 307 423
2127 1940 302 426
2127 1941 298 428
2127 1942 294 430
2127 1943 289 428
2127 1944 285 429
2127 1945 282 432
2127 1946 277 434
2127 1947 270 432
2127 1948 267 433
2127 1949 265 434
2127 1950 259 434
2127 1951 254 434
2127 1952 252 436
2127 1953 247 438
2127 1954 242 436
2127 1955 238 438
2127 1956 235 441
2127 1957 228 441
2127 1958 224 439
2127 1959 221 443
2127 1960 217 444
2127 1961 213 443
2127 1962 207 444
2127 1963 203 447
2127 1964 198 446
2127 1965 192 448
2127 1966 190 448
2127 1967 187 452
2127 1968 180 450
2127 1969 177 450
2127 1970 175 453
2127 1971 170 453
2127 1972 163 454
2127 1973 159 454
2127 1974 157 457
2127 1975 154 460
2127 1976 147 458
2127 1977 143 460
2127 1978 142 462
2127 1979 137 463
2127 1980 130 461
2127 1981 128 463
2127 1982 125 464
2127 1983 118 464
2127 1984 113 465
2127 1985 109 466
2127 1986 103 466
2127 1987 99 466
2127 1988 96 467
2127 1989 89 467
2127 1990 82 468
2127 1991 83 468
2127 1992 78 469
2127 1993 73 470
2127 1994 68 470
2127 1995 67 471
2428 2176 143 476
2428 2177 143 475
2428 2178 148 473
2428 2179 158 472
2428 2180 163 471
2428 2181 163 470
2428 2182 166 469
2428 2183 170 468
2428 2184 173 466
2428 2185 175 466
2428 2186 183 466
2428 2187 178 464
2428 2188 183 463
2428 2189 193 460
2428 2190 187 461
2428 2191 191 459
2428 2192 201 463
2428 2193 194 459
2428 2194 197 457
2428 2195 189 453
2428 2196 192 453
2428 2197 189 449
2428 2198 193 451
2428 2199 195 445
2428 2200 197 446
2428 2201 199 443
2428 2202 198 444
2428 2203 200 440
2428 2204 204 440
2428 2205 207 439
2428 2206 206 439
2428 2207 207 437
2428 2208 210 436
2428 2209 215 436
2428 2210 212 433
2428 2211 215 431
2428 2212 218 428
2428 2213 219 427
2428 2214 223 429
2428 2215 225 425
2428 2216 227 422
2428 2217 229 418
2559 2276 406 368
2559 2277 409 367
2559 2278 410 366
2559 2279 413 368
2559 2280 418 369
2559 2281 421 370
2559 2282 422 369
2559 2283 425 370
2559 2284 429 372
2559 2285 432 373
2559 2286 432 373
2559 2287 434 374
2559 2288 440 376
2559 2289 444 378
2559 2290 445 377
2559 2291 446 377
2559 2292 451 380
2559 2293 454 379
2559 2294 456 379
2559 2295 457 381
2559 2296 462 383
2559 2297 467 385
2559 2298 467 385
2559 2299 469 385
2559 2300 473 387
2559 2301 477 388
2559 2302 478 387
2559 2303 480 391
2559 2304 484 392
2559 2305 490 393
2559 2306 490 393
2559 2307 493 394
2559 2308 499 397
2559 2309 502 398
2559 2310 502 397
2559 2311 505 399
2559 2312 508 399
2760 2426 484 268
2760 2427 477 265
2760 2428 468 266
2760 2429 454 266
2760 2430 439 264
2760 2431 424 263
2760 2432 406 261
2760 2433 392 260
2760 2434 378 259
2760 2435 361 259
2760 2436 346 258
2760 2437 331 254
2760 2438 318 253
2760 2439 302 251
2760 2440 287 250
2760 2441 274 249
2760 2442 262 249
2760 2443 254 248
2972 2575 313 258
2972 2576 315 258
2972 2577 330 259
2972 2578 344 260
2972 2579 359 261
2972 2580 371 263
2972 2581 383 264
2972 2582 397 265
2972 2583 413 266
2972 2584 425 267
2972 2585 437 268
2972 2586 451 270
2972 2587 463 268
2972 2588 470 271
2972 2589 472 272
3003 2614 487 269
3003 2615 483 266
3003 2616 476 265
3003 2617 468 267
3003 2618 455 266
3003 2619 443 265
3003 2620 430 263
3003 2621 416 262
3003 2622 402 260
3003 2623 389 260
3003 2624 378 259
3003 2625 363 257
3003 2626 350 256
3003 2627 357 262
3021 2652 236 250
3021 2653 247 251
3021 2654 248 252
3021 2655 258 252
3021 2656 272 253
3021 2657 286 255
3021 2658 297 255
3021 2659 308 257
3021 2660 329 258
3021 2661 344 259
3021 2662 354 260
3021 2663 379 260
3021 2664 391 262
3021 2665 396 263
3021 2666 416 264
3021 2667 425 267
3021 2668 444 268
3021 2669 461 269
3021 2670 470 269
3021 2671 475 271
3021 2672 483 272
3372 3062 469 266
3372 3063 457 266
3372 3064 445 264
3372 3065 434 263
3372 3066 420 260
3372 3067 405 261
3372 3068 391 260
3372 3069 382 259
3372 3070 369 257
3372 3071 355 257
3372 3072 343 255
3372 3073 330 254
4077 3843 183 275
4077 3844 185 275
4077 3845 186 274
4077 3846 182 275
4077 3847 177 274
4077 3848 177 275
4077 3849 174 275
4077 3850 170 272
4077 3851 168 276
4077 3852 167 278
4077 3853 162 279
4077 3854 158 277
4077 3855 157 278
4077 3856 154 278
4077 3857 149 278
4077 3858 148 279
4077 3859 148 280
4077 3860 143 281
4077 3861 139 280
4077 3862 138 281
4077 3863 135 281
4077 3864 129 280
4077 3865 129 280
4077 3866 127 281
4077 3867 123 283
4077 3868 120 282
4077 3869 119 282
4077 3870 116 282
4077 3871 112 283
4077 3872 109 286
4077 3873 107 284
4077 3874 103 285
4077 3875 100 285
4077 3876 98 285
4077 3877 94 284
4077 3878 93 282
4077 3879 92 287
4077 3880 89 285
4077 3881 86 285
4077 3882 82 285
4077 3883 81 287
4077 3884 78 287
4077 3885 73 285
4077 3886 72 286
4077 3887 68 286
4077 3888 63 284
4077 3889 63 287
4077 3890 61 289
4077 3891 58 289
4295 3993 39 418
4295 3994 37 419
4295 3995 37 417
4295 3996 42 422
4295 3997 48 415
4295 3998 51 415
4295 3999 54 412
4295 4000 52 415
4295 4001 52 410
4295 4002 54 407
4295 4003 54 405
4295 4004 60 407
4295 4005 65 405
4295 4006 68 404
4295 4007 71 405
4295 4008 72 402
4295 4009 73 401
4295 4010 73 400
4295 4011 75 399
4295 4012 73 396
4295 4013 78 396
4295 4014 84 396
4295 4015 87 397
4295 4016 85 394
4295 4017 84 392
4295 4018 86 391
4295 4019 89 392
4295 4020 93 388
4295 4021 96 391
4295 4022 100 385
4295 4023 101 385
4297 3993 285 252
4297 3994 284 256
4297 3995 291 255
4297 3996 298 254
4297 3997 308 255
4297 3998 314 255
4297 3999 322 256
4297 4000 331 257
4297 4001 339 258
4297 4002 345 259
4297 4003 355 259
4297 4004 363 260
4297 4005 370 260
4297 4006 378 260
4297 4007 387 261
4297 4008 396 261
4297 4009 403 264
4297 4010 411 264
4297 4011 420 265
4297 4012 426 266
4297 4013 435 267
4297 4014 443 267
4297 4015 449 267
4297 4016 457 268
4297 4017 465 268
4297 4018 470 269
4297 4019 475 269
4297 4020 480 270
4297 4021 485 270
4297 4022 501 265
4366 4019 177 282
4366 4020 177 278
4366 4021 176 278
4366 4022 173 278
4366 4023 171 279
4366 4024 169 280
4366 4025 169 279
4366 4026 166 281
4366 4027 165 281
4366 4028 164 281
4366 4029 163 282
4366 4030 160 281
4366 4031 158 283
4366 4032 158 284
4366 4033 156 285
4366 4034 154 284
4366 4035 155 283
4366 4036 152 284
4366 4037 150 285
4366 4038 147 283
4366 4039 146 284
4366 4040 145 285
4366 4041 143 284
4366 4042 141 287
4366 4043 139 286
4366 4044 138 287
4366 4045 135 289
4366 4046 133 289
4366 4047 133 289
4366 4048 130 289
4366 4049 126 290
4366 4050 126 292
4366 4051 124 292
4366 4052 122 291
4366 4053 118 292
4366 4054 118 291
4366 4055 115 293
4366 4056 112 291
4366 4057 110 294
4366 4058 110 296
4366 4059 105 295
4366 4060 102 295
4366 4061 102 292
4366 4062 100 292
4366 4063 95 288
4366 4064 94 286
4366 4065 94 293
4366 4066 90 295
4479 4067 268 467
4479 4068 264 467
4479 4069 269 467
4479 4070 273 467
4479 4071 279 466
4479 4072 287 468
4479 4073 288 465
4479 4074 288 465
4479 4075 291 465
4479 4076 294 463
4479 4077 298 463
4479 4078 301 463
4479 4079 305 463
4479 4080 308 463
4479 4081 312 462
4479 4082 317 461
4479 4083 321 461
4479 4084 325 460
4479 4085 329 459
4479 4086 331 455
4479 4087 334 457
4479 4088 337 459
4479 4089 340 459
4479 4090 345 458
4479 4091 351 453
4479 4092 350 454
4479 4093 353 452
4479 4094 357 451
4479 4095 363 456
4494 4078 635 278
4494 4079 632 278
4494 4080 628 270
4494 4081 622 271
4494 4082 613 269
4494 4083 606 269
4494 4084 598 268
4494 4085 590 268
4494 4086 582 265
4494 4087 577 265
4494 4088 574 264
4494 4089 566 260
4494 4090 571 255
4524 4097 493 261
4524 4098 489 259
4524 4099 487 259
4524 4100 482 258
4524 4101 474 257
4524 4102 469 257
4524 4103 461 256
4524 4104 451 256
4524 4105 447 255
4524 4106 441 253
4524 4107 428 254
4524 4108 423 253
4524 4109 414 254
4524 4110 407 251
4524 4111 399 251
4524 4112 392 251
4524 4113 385 251
4524 4114 377 249
4524 4115 375 249
4524 4116 369 248
4524 4117 358 248
4524 4118 352 247
4524 4119 341 247
4524 4120 344 246
4524 4121 328 246
4524 4122 322 246
4531 4102 501 253
4531 4103 493 253
4531 4104 490 252
4531 4105 487 253
4531 4106 487 255
4531 4107 482 260
4531 4108 477 255
4531 4109 468 260
4531 4110 462 259
4531 4111 455 258
4531 4112 447 255
4531 4113 439 255
4531 4114 431 254
4531 4115 425 253
4531 4116 420 255
4531 4117 409 255
4531 4118 401 247
4531 4119 393 248
4531 4120 387 254
4531 4121 379 246
4531 4122 368 246
4531 4123 363 249
4582 4139 288 255
4582 4140 297 257
4582 4141 308 257
4582 4142 320 258
4582 4143 330 260
4582 4144 338 259
4582 4145 350 262
4582 4146 362 262
4582 4147 372 263
4582 4148 381 264
4582 4149 394 265
4582 4150 405 266
4582 4151 414 267
4582 4152 420 272
4601 4152 205 473
4601 4153 209 474
4601 4154 213 473
4601 4155 215 467
4601 4156 220 468
4601 4157 225 468
4601 4158 229 468
4601 4159 233 466
4601 4160 238 467
4601 4161 243 467
4601 4162 248 467
4601 4163 253 467
4601 4164 257 466
4601 4165 262 465
4601 4166 267 466
4601 4167 270 466
4601 4168 274 465
4601 4169 279 464
4601 4170 285 464
4601 4171 288 464
4601 4172 293 464
4601 4173 296 463
4601 4174 302 468
4601 4175 304 463
4601 4176 308 463
4601 4177 313 461
4601 4178 319 461
4601 4179 321 462
4601 4180 324 461
4601 4181 331 456
4601 4182 336 460
4601 4183 337 459
4601 4184 342 459
4601 4185 350 454
4601 4186 351 457
4601 4187 355 459
4601 4188 360 454
4601 4189 364 454
4601 4190 365 454
4601 4191 369 454
4601 4192 374 451
4601 4193 380 453
4601 4194 381 446
4666 4193 395 435
4666 4194 388 442
4666 4195 388 450
4666 4196 392 445
4666 4197 395 450
4666 4198 398 447
4666 4199 403 446
4666 4200 407 445
4666 4201 409 445
4666 4202 413 445
4666 4203 418 442
4666 4204 422 442
4666 4205 424 440
4666 4206 426 439
4666 4207 432 432
4666 4208 435 437
4666 4209 439 440
4666 4210 443 437
4666 4211 446 436
4666 4212 449 434
4666 4213 451 433
4666 4214 456 433
4666 4215 462 431
4666 4216 465 428
4666 4217 466 431
4666 4218 470 430
4666 4219 472 428
4666 4220 474 429
4666 4221 476 429
4666 4222 482 426
4666 4223 485 425
4666 4224 491 422
4666 4225 489 425
4666 4226 495 423
4666 4227 496 422
4666 4228 501 422
4666 4229 504 419
4666 4230 506 416
4666 4231 508 416
4666 4232 509 416
4666 4233 513 412
4666 4234 514 414
4666 4235 517 414
4666 4236 520 410
4666 4237 523 411
4666 4238 524 405
4666 4239 528 408
4666 4240 528 405
4666 4241 530 407
4666 4242 533 406
4666 4243 534 405
4666 4244 537 401
4666 4245 539 404
4666 4246 541 401
4666 4247 543 401
4666 4248 547 399
4666 4249 549 396
4666 4250 549 399
4666 4251 552 396
4666 4252 554 398
4666 4253 555 396
4666 4254 557 393
4666 4255 560 394
4666 4256 562 388
4666 4257 563 391
4666 4258 565 394
4666 4259 569 391
4666 4260 569 385
4666 4261 572 388
4666 4262 572 387
4666 4263 576 383
4666 4264 576 385
4666 4265 579 387
4666 4266 584 383
4666 4267 585 378
4666 4268 582 380
4666 4269 585 380
4666 4270 587 380
4666 4271 589 378
4666 4272 590 374
4666 4273 592 373
4666 4274 592 371
4666 4275 594 368
4666 4276 593 371
4666 4277 596 373
4666 4278 596 371
4666 4279 597 367
4666 4280 601 366
4666 4281 601 364
4666 4282 600 366
4666 4283 600 364
4666 4284 603 360
4666 4285 602 365
4666 4286 603 360
4666 4287 607 359
4666 4288 606 358
4666 4289 605 359
4941 4517 312 262
4941 4518 312 260
4941 4519 321 261
4941 4520 329 262
4941 4521 341 262
4941 4522 348 264
4941 4523 356 265
4941 4524 368 266
4941 4525 379 267
4941 4526 387 266
4941 4527 400 266
4941 4528 411 266
4941 4529 422 268
4941 4530 432 269
4941 4531 441 269
4941 4532 452 270
4941 4533 463 271
4941 4534 472 272
4941 4535 482 273
4941 4536 489 276
5059 4622 90 315
5059 4623 92 311
5059 4624 93 310
5059 4625 98 313
5059 4626 98 311
5059 4627 98 312
5059 4628 99 312
5059 4629 100 314
5059 4630 101 313
5059 4631 103 312
5059 4632 105 313
5059 4633 106 313
5059 4634 107 316
5059 4635 108 314
5059 4636 111 313
5059 4637 111 314
5059 4638 112 315
5059 4639 113 315
5059 4640 115 317
5059 4641 115 316
5059 4642 117 317
5059 4643 120 318
5059 4644 121 320
5059 4645 121 318
5059 4646 124 320
5059 4647 125 320
5059 4648 127 321
5059 4649 127 322
5059 4650 130 324
5059 4651 131 324
5059 4652 132 325
5059 4653 133 326
5059 4654 137 325
5059 4655 137 327
5059 4656 139 326
5059 4657 138 329
5059 4658 139 332
5059 4659 141 334
5059 4660 142 332
5059 4661 141 334
5059 4662 144 338
5059 4663 146 335
5059 4664 146 337
5059 4665 148 336
5059 4666 148 333
5059 4667 150 339
5059 4668 151 336
5059 4669 152 341
5059 4670 152 345
5059 4671 152 342
5059 4672 153 344
5059 4673 156 338
5059 4674 154 346
5059 4675 155 347
5059 4676 156 345
5059 4677 156 349
5059 4678 157 348
5059 4679 157 349
5059 4680 159 353
5059 4681 157 351
5059 4682 160 354
5059 4683 162 355
5059 4684 161 355
5059 4685 162 363
5059 4686 163 358
5059 4687 167 362
5059 4688 169 364
5059 4689 168 361
5059 4690 170 365
5059 4691 170 367
5059 4692 171 367
5059 4693 173 370
5059 4694 174 372
5059 4695 176 374
5059 4696 177 371
5059 4697 178 376
5059 4698 180 370
5059 4699 180 377
5059 4700 181 378
5059 4701 183 377
5059 4702 184 381
5059 4703 186 385
5059 4704 188 381
5059 4705 190 384
5059 4706 190 393
5059 4707 192 386
5059 4708 193 389
5059 4709 195 395
5059 4710 196 389
5059 4711 198 392
5059 4712 201 393
5059 4713 201 392
5059 4714 204 395
5059 4715 206 398
5059 4716 207 399
5059 4717 209 400
5059 4718 211 399
5059 4719 212 403
5059 4720 214 400
5059 4721 214 404
5059 4722 218 405
5059 4723 222 405
5071 4631 144 279
5071 4632 147 279
5071 4633 148 280
5071 4634 141 282
5071 4635 136 284
5071 4636 131 286
5071 4637 128 288
5071 4638 124 291
5071 4639 120 294
5071 4640 117 296
5071 4641 115 297
5071 4642 112 299
5071 4643 113 306
5071 4644 102 306
5071 4645 98 307
5071 4646 94 310
5071 4647 88 312
5071 4648 83 315
5071 4649 78 318
5071 4650 74 321
5071 4651 67 325
5147 4723 221 419
5147 4724 221 413
5147 4725 221 414
5147 4726 223 412
5147 4727 225 417
5147 4728 228 418
5147 4729 230 416
5147 4730 232 418
5147 4731 234 418
5147 4732 236 424
5147 4733 237 423
5147 4734 239 423
5147 4735 241 427
5147 4736 242 431
5147 4737 243 428
5147 4738 247 430
5147 4739 249 437
5147 4740 256 438
5147 4741 262 441
5147 4742 265 446
5147 4743 271 449
5147 4744 273 447
5147 4745 277 450
5147 4746 282 455
5147 4747 281 456
5147 4748 289 457
5147 4749 293 463
5147 4750 297 463
5147 4751 299 460
5147 4752 300 461
5147 4753 306 467
5147 4754 312 463
5147 4755 316 464
5147 4756 321 467
5147 4757 324 470
5147 4758 328 467
5147 4759 329 472
5147 4760 335 471
5147 4761 338 468
5147 4762 343 469
5147 4763 341 475
5147 4764 342 468
5191 4769 205 399
5191 4770 207 404
5191 4771 211 399
5191 4772 213 397
5191 4773 215 401
5191 4774 214 401
5191 4775 213 399
5191 4776 215 402
5191 4777 217 405
5191 4778 220 412
5191 4779 222 412
5191 4780 224 412
5191 4781 224 414
5191 4782 223 413
5191 4783 225 414
5191 4784 228 416
5191 4785 231 421
5191 4786 232 421
5191 4787 238 424
5191 4788 237 425
5191 4789 243 431
5191 4790 248 435
5191 4791 250 436
5191 4792 255 441
5191 4793 256 442
5191 4794 260 444
5302 4935 291 263
5302 4936 289 256
5302 4937 304 257
5302 4938 317 259
5302 4939 330 260
5302 4940 347 260
5302 4941 363 262
5302 4942 378 264
5302 4943 392 265
5302 4944 409 267
5302 4945 427 267
5302 4946 443 270
5467 5139 209 367
5467 5140 210 368
5467 5141 211 375
5467 5142 214 380
5467 5143 216 382
5467 5144 217 383
5467 5145 218 386
5467 5146 219 380
5467 5147 223 382
5467 5148 223 383
5467 5149 225 385
5467 5150 225 387
5467 5151 226 388
5467 5152 228 390
5467 5153 228 389
5467 5154 232 392
5467 5155 233 393
5467 5156 235 396
5467 5157 235 398
5467 5158 237 402
5467 5159 238 400
5467 5160 242 403
5467 5161 239 399
5467 5162 238 398
5467 5163 240 399
5467 5164 241 401
5467 5165 243 403
5467 5166 244 406
5467 5167 246 408
5467 5168 248 411
5467 5169 251 413
5467 5170 251 414
5467 5171 253 417
5467 5172 254 419
5467 5173 253 423
5467 5174 257 424
5467 5175 259 426
5467 5176 260 429
5467 5177 261 431
5467 5178 262 434
5467 5179 264 437
5467 5180 265 440
5467 5181 267 442
5467 5182 269 444
5467 5183 272 447
5573 5220 209 251
5573 5221 217 251
5573 5222 209 252
5573 5223 218 254
5573 5224 224 255
5573 5225 238 255
5573 5226 249 254
5573 5227 258 256
5573 5228 268 257
5573 5229 273 258
5573 5230 280 258
5573 5231 289 259
5573 5232 302 257
5573 5233 310 261
5573 5234 320 262
5573 5235 334 261
5573 5236 345 264
5745 5367 180 263
5745 5368 179 265
5745 5369 176 265
5745 5370 173 267
5745 5371 171 268
5745 5372 168 269
5745 5373 165 272
5745 5374 163 272
5745 5375 161 273
5745 5376 159 275
5745 5377 156 282
5745 5378 154 278
5745 5379 151 280
5745 5380 148 283
5745 5381 144 283
5745 5382 142 286
5745 5383 139 287
5745 5384 136 289
5745 5385 133 291
5745 5386 130 294
5858 5489 343 371
5858 5490 343 371
5858 5491 342 372
5858 5492 337 371
5858 5493 330 371
5858 5494 329 372
5858 5495 328 373
5858 5496 322 373
5858 5497 314 371
5858 5498 314 372
5858 5499 312 372
5858 5500 304 371
5858 5501 300 372
5858 5502 299 372
5858 5503 295 373
5858 5504 286 371
5858 5505 284 373
5858 5506 283 373
5858 5507 277 373
5858 5508 270 373
5858 5509 269 373
5858 5510 266 373
5858 5511 261 373
5858 5512 255 373
5858 5513 254 375
5858 5514 249 373
5858 5515 242 374
5858 5516 239 375
5858 5517 237 375
5858 5518 232 375
5858 5519 226 374
5858 5520 225 376
5858 5521 223 377
5858 5522 217 377
5858 5523 211 378
5858 5524 210 378
5858 5525 207 377
5858 5526 200 379
5858 5527 196 380
5858 5528 195 382
5858 5529 190 379
5858 5530 185 382
5858 5531 181 383
5858 5532 179 383
5858 5533 175 384
5858 5534 169 384
5858 5535 168 386
5858 5536 165 387
5858 5537 159 388
5858 5538 153 389
5861 5492 20 475
5861 5493 23 475
5861 5494 25 475
5861 5495 28 474
5861 5496 33 473
5861 5497 36 472
5861 5498 39 471
5861 5499 41 471
5861 5500 45 471
5861 5501 48 471
5861 5502 51 470
5861 5503 54 469
5861 5504 57 468
5861 5505 59 467
5861 5506 62 466
5861 5507 65 466
5861 5508 68 466
5861 5509 72 465
5861 5510 77 466
5861 5511 77 463
5861 5512 81 457
5861 5513 84 455
5861 5514 86 456
5861 5515 89 459
5861 5516 92 457
5861 5517 95 454
5861 5518 98 453
5861 5519 100 453
5861 5520 103 461
5861 5521 104 468
5861 5522 113 458
5861 5523 115 459
5861 5524 117 452
5861 5525 117 448
5861 5526 119 446
5861 5527 122 443
5972 5600 142 283
5972 5601 137 284
5972 5602 136 284
5972 5603 132 283
5972 5604 130 285
5972 5605 123 287
5972 5606 119 289
5972 5607 121 292
5972 5608 110 294
5972 5609 106 297
5972 5610 100 299
5972 5611 100 301
5972 5612 91 303
5972 5613 88 306
5972 5614 84 309
5972 5615 80 313
5995 5616 325 258
5995 5617 334 260
5995 5618 344 261
5995 5619 355 260
5995 5620 364 260
5995 5621 373 263
5995 5622 384 261
5995 5623 395 265
5995 5624 405 266
5995 5625 413 266
5995 5626 425 267
5995 5627 435 268
5995 5628 444 267
5995 5629 452 269
5995 5630 463 271
5995 5631 469 270
5995 5632 474 271
5995 5633 478 273
5995 5634 484 273
6533 6280 333 446
6533 6281 330 443
6533 6282 333 442
6533 6283 334 439
6533 6284 337 440
6533 6285 344 439
6533 6286 347 437
6533 6287 347 441
6533 6288 351 436
6533 6289 356 436
6533 6290 359 437
6533 6291 362 434
6533 6292 361 431
6533 6293 366 431
6533 6294 372 434
6533 6295 374 434
6533 6296 377 430
6533 6297 379 431
6533 6298 384 431
6533 6299 387 428
6533 6300 389 431
6533 6301 391 425
6533 6302 396 428
6533 6303 399 426
6533 6304 398 422
6799 6519 488 266
6799 6520 483 266
6799 6521 479 265
6799 6522 473 264
6799 6523 466 266
6799 6524 452 265
6799 6525 443 264
6799 6526 432 262
6799 6527 420 262
6799 6528 409 260
6799 6529 396 260
6799 6530 387 257
6799 6531 378 258
6799 6532 366 257
6799 6533 357 256
6799 6534 348 255
6799 6535 337 254
6799 6536 330 252
6799 6537 323 256
7005 6701 307 255
7005 6702 318 256
7005 6703 330 257
7005 6704 341 257
7005 6705 351 257
7005 6706 359 259
7005 6707 370 259
7005 6708 382 260
7005 6709 391 262
7005 6710 404 263
7005 6711 416 264
7005 6712 420 264
7005 6713 430 265
7005 6714 441 267
7005 6715 443 268
7107 6803 336 258
7107 6804 334 259
7107 6805 345 260
7107 6806 354 260
7107 6807 363 261
7107 6808 373 261
7107 6809 381 262
7107 6810 390 263
7107 6811 400 265
7107 6812 408 265
7107 6813 417 266
7107 6814 425 267
7107 6815 436 267
7107 6816 444 268
7107 6817 452 269
7107 6818 460 270
7107 6819 468 270
7107 6820 473 270
7107 6821 475 271
7107 6822 479 272
7403 7091 273 368
7403 7092 273 368
7403 7093 275 365
7403 7094 272 368
7403 7095 269 368
7403 7096 267 370
7403 7097 265 375
7403 7098 263 377
7403 7099 261 379
7403 7100 259 380
7403 7101 257 379
7403 7102 255 384
7403 7103 256 386
7403 7104 251 387
7403 7105 253 386
7403 7106 251 387
7403 7107 249 390
7403 7108 247 391
7403 7109 244 394
7403 7110 243 395
7403 7111 242 398
7403 7112 241 398
7403 7113 239 398
7403 7114 239 396
7403 7115 238 400
7403 7116 236 405
7403 7117 234 404
7403 7118 232 407
7403 7119 237 409
7403 7120 231 411
7403 7121 228 412
7403 7122 226 415
7403 7123 224 417
7403 7124 224 418
7403 7125 222 416
7403 7126 221 419
7403 7127 220 422
7403 7128 218 420
7403 7129 216 422
7403 7130 215 425
7403 7131 222 424
7403 7132 222 425
7418 7131 217 432
7418 7132 213 430
7418 7133 211 432
7418 7134 210 433
7418 7135 209 436
7418 7136 209 437
7418 7137 211 441
7418 7138 208 440
7418 7139 204 445
7418 7140 199 449
7418 7141 196 453
7418 7142 193 454
7418 7143 191 457
7418 7144 188 459
7418 7145 186 459
7418 7146 183 460
7418 7147 180 462
7418 7148 178 463
7418 7149 175 464
7418 7150 173 465
7418 7151 162 467
7418 7152 162 468
7418 7153 158 468
7418 7154 154 469
7418 7155 149 472
7418 7156 146 472
7418 7157 144 473
7418 7158 140 475
7418 7159 137 475
7434 7200 328 289
7434 7201 329 290
7434 7202 333 290
7434 7203 332 291
7434 7204 335 291
7434 7205 340 289
7434 7206 343 289
7434 7207 342 290
7434 7208 347 288
7434 7209 350 288
7434 7210 350 289
7434 7211 352 289
7434 7212 355 288
7434 7213 359 287
7434 7214 360 287
7434 7215 361 287
7434 7216 365 286
7434 7217 369 286
7434 7218 369 286
7434 7219 371 287
7434 7220 375 285
7434 7221 378 285
7434 7222 378 286
7434 7223 381 286
7434 7224 385 285
7434 7225 388 285
7434 7226 387 285
7434 7227 390 284
7434 7228 395 284
7434 7229 397 284
7434 7230 398 283
7434 7231 401 284
7434 7232 405 283
7434 7233 405 284
7434 7234 405 285
7434 7235 410 283
7434 7236 414 283
7434 7237 415 284
7434 7238 418 283
7434 7239 422 283
7434 7240 424 283
7434 7241 425 282
7434 7242 425 283
7434 7243 430 282
7434 7244 433 282
7434 7245 434 283
7434 7246 437 284
7434 7247 440 281
7434 7248 441 282
7434 7249 443 283
7434 7250 447 281
7434 7251 448 277
7437 7236 168 261
7437 7237 167 260
7437 7238 167 263
7437 7239 166 261
7437 7240 165 264
7437 7241 164 265
7437 7242 163 267
7437 7243 161 269
7437 7244 159 270
7437 7245 157 272
7437 7246 155 274
7437 7247 151 276
7437 7248 147 278
7437 7249 144 280
7437 7250 139 282
7437 7251 135 285
7437 7252 131 286
7437 7253 125 288
7437 7254 119 291
7437 7255 112 293
7437 7256 107 296
7437 7257 100 299
7437 7258 94 301
7437 7259 90 303
7437 7260 84 304
7437 7261 78 307
7437 7262 71 310
7437 7263 65 313
7437 7264 58 316
7437 7265 51 319
7437 7266 45 321
7437 7267 37 324
7437 7268 30 328
7437 7269 24 330
7437 7270 21 334
7437 7271 18 335
7437 7272 14 337
7437 7273 7 339
7437 7274 6 340
7437 7275 3 346
7518 7537 386 258
7518 7538 370 257
7518 7539 352 255
7518 7540 336 254
7518 7541 323 252
7518 7542 309 252
7518 7543 294 249
7518 7544 280 249
7518 7545 266 248
7518 7546 255 247
7518 7547 242 246
7518 7548 242 247
7518 7549 237 254
7518 7550 244 252
7518 7551 252 254
7518 7552 262 255
7518 7553 251 255
7661 7763 488 266
7661 7764 483 266
7661 7765 480 265
7661 7766 473 264
7661 7767 469 266
7661 7768 460 266
7661 7769 453 266
7661 7770 443 265
7661 7771 434 264
7661 7772 424 263
7661 7773 414 262
7661 7774 407 260
7661 7775 397 260
7661 7776 390 260
7661 7777 382 259
7661 7778 374 258
7661 7779 367 257
7661 7780 359 257
7661 7781 351 257
7661 7782 342 256
7661 7783 344 254
7705 7807 578 422
7705 7808 573 422
7705 7809 573 422
7705 7810 568 426
7705 7811 570 434
7705 7812 568 427
7705 7813 571 427
7705 7814 570 429
7705 7815 569 431
7705 7816 568 435
7705 7817 566 435
7705 7818 565 436
7705 7819 564 440
7705 7820 563 440
7705 7821 562 444
7705 7822 559 445
7705 7823 561 446
7705 7824 557 448
7705 7825 553 450
7705 7826 553 451
7705 7827 554 452
7705 7828 553 452
7705 7829 549 456
7705 7830 550 457
7705 7831 546 457
7705 7832 543 460
7705 7833 541 466
7705 7834 539 467
7705 7835 540 464
7705 7836 539 467
7705 7837 538 467
7705 7838 533 469
7705 7839 533 470
7705 7840 528 471
7705 7841 532 472
7720 7818 165 266
7720 7819 168 266
7720 7820 164 268
7720 7821 159 269
7720 7822 155 270
7720 7823 152 273
7720 7824 147 275
7720 7825 142 277
7720 7826 134 281
7720 7827 133 280
7720 7828 128 283
7720 7829 121 286
7720 7830 116 288
7720 7831 112 290
7720 7832 106 292
7720 7833 100 295
7720 7834 91 298
7720 7835 98 296
7720 7836 95 295
7930 8030 341 248
7930 8031 335 248
7930 8032 341 249
7930 8033 335 247
7930 8034 337 255
7930 8035 343 256
7930 8036 355 262
7930 8037 362 261
7930 8038 371 262
7930 8039 379 263
7930 8040 389 265
7930 8041 400 266
7930 8042 410 266
7930 8043 419 267
7930 8044 427 267
7930 8045 439 268
7930 8046 449 269
7930 8047 452 268
7930 8048 464 268
7930 8049 470 270
7930 8050 476 271
7930 8051 479 271
7930 8052 484 269
7963 8056 179 267
7963 8057 178 265
7963 8058 174 266
7963 8059 170 268
7963 8060 165 269
7963 8061 157 272
7963 8062 152 274
7963 8063 150 275
7963 8064 145 277
7963 8065 140 279
7963 8066 135 281
7963 8067 130 283
7963 8068 124 285
7963 8069 118 288
7963 8070 111 289
7963 8071 106 293
7963 8072 98 295
7963 8073 93 297
7963 8074 86 300
7963 8075 81 302
7963 8076 73 305
7963 8077 66 308
7963 8078 57 312
7963 8079 51 313
8913 8976 264 400
8913 8977 265 397
8913 8978 267 397
8913 8979 269 398
8913 8980 270 402
8913 8981 272 408
8913 8982 272 406
8913 8983 274 403
8913 8984 275 407
8913 8985 276 408
8913 8986 278 408
8913 8987 282 409
8913 8988 284 412
8913 8989 282 413
8913 8990 283 415
8913 8991 285 414
8913 8992 286 417
8913 8993 287 419
8913 8994 288 421
8913 8995 290 423
8913 8996 292 421
8913 8997 293 425
8913 8998 295 427
8913 8999 296 427
8913 9000 298 429
8913 9001 301 431
8913 9002 301 433
8913 9003 303 433
8913 9004 305 435
8913 9005 306 437
8913 9006 308 440
8913 9007 310 437
8913 9008 311 439
8913 9009 313 444
8913 9010 314 446
8913 9011 315 444
8913 9012 317 448
8913 9013 319 452
8913 9014 320 454
8913 9015 323 456
8913 9016 325 459
8913 9017 326 458
8913 9018 328 461
8913 9019 329 470
8973 9043 580 427
8973 9044 580 423
8973 9045 578 423
8973 9046 575 422
8973 9047 575 417
8973 9048 570 421
8973 9049 568 420
8973 9050 565 420
8973 9051 562 419
8973 9052 559 418
8973 9053 554 421
8973 9054 555 416
8973 9055 552 415
8973 9056 550 414
8973 9057 548 414
8973 9058 545 414
8973 9059 543 412
8973 9060 539 412
8973 9061 537 411
8973 9062 534 410
8973 9063 531 410
8973 9064 529 409
8973 9065 527 409
8973 9066 527 406
8973 9067 521 407
8973 9068 520 409
8973 9069 515 409
8973 9070 513 405
8973 9071 511 404
8973 9072 509 406
8973 9073 506 404
8973 9074 502 403
8973 9075 501 402
8973 9076 498 399
8973 9077 496 400
8973 9078 495 396
8973 9079 492 398
8973 9080 489 401
8973 9081 486 398
8973 9082 483 398
8973 9083 481 396
8973 9084 479 398
8973 9085 474 396
8973 9086 476 394
8973 9087 472 394
8973 9088 470 398
8973 9089 466 394
8973 9090 464 394
8973 9091 462 388
8985 9091 460 399
8985 9092 460 394
8985 9093 456 392
8985 9094 454 390
8985 9095 452 391
8985 9096 450 391
8985 9097 446 390
8985 9098 445 391
8985 9099 442 388
8985 9100 441 390
8985 9101 436 389
8985 9102 434 387
8985 9103 433 389
8985 9104 429 387
8985 9105 428 384
8985 9106 425 387
8985 9107 423 389
8985 9108 418 386
8985 9109 416 386
8985 9110 415 386
8985 9111 412 383
8985 9112 409 384
8985 9113 407 383
8985 9114 405 382
8985 9115 403 384
8985 9116 401 382
8985 9117 398 381
8985 9118 397 379
8985 9119 395 383
8985 9120 392 380
8985 9121 389 379
8985 9122 388 381
8985 9123 385 377
8985 9124 383 378
8985 9125 381 377
8985 9126 379 375
8985 9127 376 376
8985 9128 375 373
8985 9129 372 375
8985 9130 370 376
8985 9131 368 371
8985 9132 366 373
8985 9133 365 373
8985 9134 362 374
8985 9135 359 371
8985 9136 357 371
8985 9137 355 370
8985 9138 353 368
8985 9139 351 370
8985 9140 348 369
8985 9141 347 369
8985 9142 345 370
8985 9143 345 370
9474 9792 488 267
9474 9793 476 266
9474 9794 468 266
9474 9795 454 265
9474 9796 438 263
9474 9797 422 262
9474 9798 409 260
9474 9799 398 260
9474 9800 381 259
9474 9801 367 257
9474 9802 366 249
9605 9956 485 267
9605 9957 479 267
9605 9958 474 265
9605 9959 463 267
9605 9960 448 266
9605 9961 436 265
9605 9962 423 264
9605 9963 408 262
9605 9964 393 260
9605 9965 381 259
9605 9966 368 258
9605 9967 353 258
9605 9968 338 255
9605 9969 325 254
9605 9970 314 253
9605 9971 301 253
9605 9972 287 251
9605 9973 276 248
9605 9974 264 247
9605 9975 254 247
9605 9976 242 248
9605 9977 241 247
9605 9978 222 246
9705 10074 81 310
9705 10075 81 308
9705 10076 79 313
9705 10077 75 314
9705 10078 72 316
9705 10079 68 318
9705 10080 63 319
9705 10081 60 322
9705 10082 57 324
9705 10083 53 325
9705 10084 48 329
9705 10085 43 330
9705 10086 41 333
9705 10087 37 333
9705 10088 35 329
9705 10089 32 336
9705 10090 25 338
9705 10091 21 338
9705 10092 21 338
9705 10093 14 341
9705 10094 11 342
9705 10095 13 343
9705 10096 8 339
9705 10097 13 334
9706 10074 117 293
9706 10075 108 297
9706 10076 109 297
9706 10077 102 301
9706 10078 100 302
9706 10079 96 302
9706 10080 92 304
9706 10081 90 304
9706 10082 87 305
9706 10083 85 305
9706 10084 79 308
9706 10085 85 312
9706 10086 82 313
9706 10087 71 315
9706 10088 75 310
9706 10089 67 318
9706 10090 64 319
9706 10091 60 320
9706 10092 59 324
9706 10093 52 324
9706 10094 50 324
9706 10095 46 327
9706 10096 43 328
9706 10097 40 329
9706 10098 37 330
9706 10099 33 331
9706 10100 29 335
9706 10101 28 333
9706 10102 24 336
9706 10103 20 336
9706 10104 17 337
9706 10105 11 332
9706 10106 7 334
9706 10107 5 333
9706 10108 4 331
10034 10498 244 252
10034 10499 243 251
10034 10500 255 254
10034 10501 266 254
10034 10502 276 255
10034 10503 286 256
10034 10504 300 257
10034 10505 310 258
10034 10506 323 258
10034 10507 336 259
10034 10508 350 259
10034 10509 362 260
10034 10510 374 261
10034 10511 389 263
10034 10512 405 265
10034 10513 418 266
10034 10514 432 267
10034 10515 443 271
10231 10738 486 267
10231 10739 483 265
10231 10740 477 264
10231 10741 472 264
10231 10742 466 263
10231 10743 458 265
10231 10744 447 264
10231 10745 435 263
10231 10746 426 263
10231 10747 417 261
10231 10748 405 260
10231 10749 395 259
10231 10750 385 258
10231 10751 376 258
10231 10752 364 257
10231 10753 354 257
10231 10754 345 255
10231 10755 336 255
10231 10756 326 253
10231 10757 314 253
10231 10758 316 252
10419 11165 109 421
10419 11166 113 420
10419 11167 114 421
10419 11168 119 418
10419 11169 124 417
10419 11170 127 417
10419 11171 129 419
10419 11172 136 415
10419 11173 143 413
10419 11174 144 414
10419 11175 148 410
10419 11176 152 408
10419 11177 154 409
10419 11178 157 408
10419 11179 168 406
10419 11180 169 404
10419 11181 171 403
10419 11182 174 405
10419 11183 179 400
10419 11184 179 398
10419 11185 182 399
10419 11186 187 396
10419 11187 192 395
10419 11188 194 392
10419 11189 197 392
10419 11190 200 390
10419 11191 203 389
10419 11192 202 385
10419 11193 209 386
10419 11194 214 386
10419 11195 217 387
10419 11196 217 387
10492 11216 16 307
10492 11217 16 306
10492 11218 17 305
10492 11219 17 305
10492 11220 18 305
10492 11221 19 303
10492 11222 23 305
10492 11223 24 305
10492 11224 23 304
10492 11225 25 304
10492 11226 27 304
10492 11227 28 305
10492 11228 29 304
10492 11229 31 302
10492 11230 36 300
10492 11231 38 301
10492 11232 40 300
10492 11233 42 300
10492 11234 45 300
10492 11235 48 299
10492 11236 50 298
10492 11237 53 299
10492 11238 55 297
10492 11239 58 296
10492 11240 59 297
10492 11241 62 296
10492 11242 65 295
10492 11243 66 294
10492 11244 68 295
10492 11245 70 294
10492 11246 72 293
10492 11247 73 292
10492 11248 77 292
10492 11249 79 292
10492 11250 81 291
10492 11251 81 294
10492 11252 85 290
10492 11253 86 291
10492 11254 89 288
10492 11255 92 289
10492 11256 93 288
10492 11257 94 288
10492 11258 97 286
10492 11259 98 287
10492 11260 100 286
10492 11261 100 294
10492 11262 105 291
10492 11263 106 291
10492 11264 109 289
10492 11265 109 290
10492 11266 112 284
10492 11267 113 289
10492 11268 114 283
10492 11269 116 287
10492 11270 120 286
10492 11271 122 285
10492 11272 122 284
10492 11273 125 283
10492 11274 128 284
10492 11275 130 282
10492 11276 129 281
10492 11277 134 281
10712 11334 165 260
10712 11335 164 263
10712 11336 164 264
10712 11337 162 262
10712 11338 161 267
10712 11339 159 266
10712 11340 156 271
10712 11341 155 269
10712 11342 154 269
10712 11343 151 272
10712 11344 147 273
10712 11345 145 274
10712 11346 141 276
10712 11347 140 277
10712 11348 137 278
10712 11349 134 280
10712 11350 127 282
10712 11351 131 282
10712 11352 127 283
10712 11353 125 283
10712 11354 117 286
10712 11355 121 285
10712 11356 114 288
10712 11357 110 289
10712 11358 116 287
10712 11359 110 289
10712 11360 105 290
10712 11361 104 291
10712 11362 102 292
10712 11363 107 290
10712 11364 100 293
10712 11365 95 293
10712 11366 93 294
10712 11367 94 296
10712 11368 92 296
10712 11369 89 297
10712 11370 87 297
10712 11371 84 298
10712 11372 79 297
10786 11376 128 259
10786 11377 126 255
10786 11378 121 255
10786 11379 119 256
10786 11380 117 259
10786 11381 114 259
10786 11382 110 257
10786 11383 104 257
10786 11384 104 258
10786 11385 101 263
10786 11386 95 262
10786 11387 94 263
10786 11388 92 262
10786 11389 83 263
10786 11390 83 264
10786 11391 79 265
10786 11392 75 267
10786 11393 71 268
10786 11394 67 269
10786 11395 62 271
10786 11396 59 271
10786 11397 57 270
10786 11398 53 270
10786 11399 50 273
10786 11400 45 272
10786 11401 44 274
10786 11402 40 276
10786 11403 34 277
10786 11404 30 277
10786 11405 25 280
10786 11406 22 280
10786 11407 21 282
10786 11408 16 283
10786 11409 13 283
10786 11410 8 286
10786 11411 4 284
10786 11412 3 284
10909 11455 305 295
10909 11456 305 293
10909 11457 306 292
10909 11458 308 295
10909 11459 309 296
10909 11460 309 295
10909 11461 309 294
10909 11462 312 296
10909 11463 313 297
10909 11464 315 298
10909 11465 316 297
10909 11466 318 299
10909 11467 319 299
10909 11468 321 300
10909 11469 324 300
10909 11470 326 301
10909 11471 328 302
10909 11472 330 303
10909 11473 331 304
10909 11474 335 305
10909 11475 336 306
10909 11476 338 306
10909 11477 340 308
10909 11478 342 308
10909 11479 344 307
10909 11480 348 310
10909 11481 348 310
10909 11482 350 310
10909 11483 354 311
10909 11484 356 312
10909 11485 357 311
10909 11486 358 313
10909 11487 361 313
10909 11488 364 314
10909 11489 364 314
10909 11490 366 314
10909 11491 370 316
10909 11492 371 316
10909 11493 372 316
10909 11494 376 314
10909 11495 377 318
10909 11496 378 319
10909 11497 379 318
10909 11498 379 319
10926 11469 430 262
10926 11470 404 260
10926 11471 382 259
10926 11472 366 258
10926 11473 346 255
10926 11474 327 254
10926 11475 311 253
10926 11476 292 251
10926 11477 274 250
10926 11478 260 248
11033 11569 341 260
11033 11570 341 255
11033 11571 330 254
11033 11572 318 253
11033 11573 308 251
11033 11574 298 252
11033 11575 287 251
11033 11576 278 250
11033 11577 268 250
11033 11578 258 249
11033 11579 252 248
11033 11580 248 248
11033 11581 243 247
11033 11582 232 247
11033 11583 235 248
11033 11584 218 249
11181 11717 357 256
11181 11718 358 256
11181 11719 359 255
11181 11720 365 255
11181 11721 377 258
11181 11722 384 259
11181 11723 384 257
11181 11724 392 258
11181 11725 397 261
11181 11726 405 261
11181 11727 412 261
11181 11728 420 261
11181 11729 426 262
11181 11730 432 263
11181 11731 439 264
11181 11732 447 264
11181 11733 457 266
11181 11734 458 271
11222 11780 379 372
11222 11781 375 377
11222 11782 374 376
11222 11783 372 377
11222 11784 369 378
11222 11785 362 377
11222 11786 360 378
11222 11787 359 379
11222 11788 354 379
11222 11789 349 379
11222 11790 347 380
11222 11791 344 380
11222 11792 341 381
11222 11793 335 381
11222 11794 333 383
11222 11795 328 384
11222 11796 322 383
11222 11797 320 384
11222 11798 317 383
11222 11799 313 384
11222 11800 308 384
11222 11801 306 383
11222 11802 306 387
11222 11803 299 385
11222 11804 293 386
11222 11805 292 386
11222 11806 290 386
11222 11807 284 386
11222 11808 279 386
11222 11809 278 390
11222 11810 276 388
11222 11811 267 388
11222 11812 265 389
11222 11813 263 391
11222 11814 257 389
11222 11815 252 388
11222 11816 251 391
11222 11817 248 389
11222 11818 242 391
11222 11819 236 391
11222 11820 235 392
11222 11821 232 392
11222 11822 226 392
11222 11823 222 393
11222 11824 219 394
11222 11825 213 394
11222 11826 210 393
11222 11827 207 396
11222 11828 201 389
11222 11829 201 398
11793 12536 421 333
11793 12537 420 332
11793 12538 421 333
11793 12539 423 332
11793 12540 425 333
11793 12541 427 334
11793 12542 429 335
11793 12543 430 334
11793 12544 432 335
11793 12545 434 338
11793 12546 437 338
11793 12547 437 337
11793 12548 439 339
11793 12549 442 339
11793 12550 444 339
11793 12551 445 338
11793 12552 446 339
11793 12553 446 339
11793 12554 448 341
11793 12555 450 343
11793 12556 452 342
11793 12557 454 342
11793 12558 457 343
11793 12559 458 345
11793 12560 459 346
11793 12561 460 345
11793 12562 461 346
11793 12563 463 346
11793 12564 464 348
11793 12565 465 347
11793 12566 468 348
11793 12567 470 349
11793 12568 472 348
11793 12569 472 348
11793 12570 473 350
11793 12571 475 348
11793 12572 476 351
11793 12573 478 354
11793 12574 479 353
11793 12575 481 354
11793 12576 483 354
11793 12577 485 356
11793 12578 486 356
11793 12579 487 353
12292 12807 223 373
12292 12808 223 375
12292 12809 221 377
12292 12810 222 378
12292 12811 219 377
12292 12812 215 377
12292 12813 215 378
12292 12814 213 378
12292 12815 209 379
12292 12816 205 383
12292 12817 205 382
12292 12818 204 381
12292 12819 200 382
12292 12820 199 383
12292 12821 198 383
12292 12822 195 384
12292 12823 190 388
12292 12824 188 386
12292 12825 186 389
12292 12826 184 389
12292 12827 181 388
12292 12828 182 398
12292 12829 177 392
12292 12830 174 393
12292 12831 172 392
12292 12832 171 392
12292 12833 167 392
12292 12834 164 393
12292 12835 163 393
12292 12836 162 395
12292 12837 161 390
12367 12889 500 265
12367 12890 488 264
12367 12891 483 265
12367 12892 474 264
12367 12893 470 262
12367 12894 460 265
12367 12895 446 264
12367 12896 430 262
12367 12897 419 262
12367 12898 407 261
12367 12899 394 259
12367 12900 380 258
12367 12901 368 256
12367 12902 357 256
12367 12903 341 254
12367 12904 354 252