37 76 443 284
37 77 445 283
37 78 443 280
37 79 440 283
37 80 438 283
37 81 436 282
37 82 436 283
37 83 432 282
37 84 431 282
37 85 430 279
37 86 427 282
37 87 425 282
37 88 424 282
37 89 422 282
37 90 419 282
37 91 417 282
37 92 416 282
37 93 413 282
37 94 413 281
37 95 410 280
37 96 408 281
37 97 406 282
37 98 405 281
37 99 402 281
37 100 400 280
37 101 399 279
37 102 398 279
37 103 395 280
37 104 393 280
37 105 392 279
37 106 390 280
37 107 387 280
37 108 385 280
37 109 384 280
37 110 380 279
37 111 379 279
37 112 378 279
37 113 376 279
37 114 374 278
37 115 371 279
37 116 370 279
37 117 367 278
37 118 365 278
37 119 364 278
37 120 360 278
37 121 357 279
37 122 357 278
37 123 354 275
37 124 351 277
37 125 349 276
37 126 348 277
37 127 345 275
37 128 343 277
37 129 340 276
37 130 337 276
37 131 335 275
37 132 334 276
37 133 331 275
37 134 329 276
37 135 328 275
37 136 326 275
37 137 322 276
37 138 321 275
37 139 317 274
37 140 316 274
37 141 313 274
37 142 312 274
37 143 307 275
37 144 307 274
37 145 305 274
37 146 302 274
37 147 300 274
37 148 299 274
37 149 296 273
37 150 293 273
37 151 292 273
37 152 290 273
37 153 287 273
37 154 285 273
37 155 283 271
37 156 282 272
37 157 279 272
37 158 278 271
37 159 275 272
37 160 272 271
37 161 271 272
37 162 269 271
37 163 267 272
37 164 264 271
37 165 263 269
37 166 261 272
37 167 258 270
37 168 258 271
37 169 255 271
37 170 252 271
37 171 250 270
37 172 250 269
37 173 247 270
37 174 245 269
37 175 242 269
37 176 240 270
37 177 238 269
37 178 237 269
37 179 234 270
37 180 231 269
37 181 230 268
37 182 230 268
153 311 57 325
153 312 59 326
153 313 59 330
153 314 57 329
153 315 55 330
153 316 55 331
153 317 52 331
153 318 48 333
153 319 44 331
153 320 44 335
153 321 43 334
153 322 42 334
153 323 38 336
153 324 35 337
153 325 34 337
153 326 31 338
153 327 29 340
153 328 26 341
153 329 25 343
153 330 23 342
153 331 19 344
153 332 18 346
153 333 15 345
153 334 14 346
153 335 15 348
153 336 8 347
153 337 8 351
153 338 4 350
153 339 6 354
250 560 5 304
250 561 5 305
250 562 4 308
250 563 5 305
250 564 6 307
250 565 9 309
250 566 10 305
250 567 14 305
250 568 16 308
250 569 18 305
250 570 19 306
250 571 20 307
250 572 22 306
250 573 24 305
250 574 27 305
250 575 30 306
250 576 32 309
250 577 34 309
250 578 35 308
250 579 37 306
250 580 39 306
250 581 42 308
250 582 43 305
250 583 47 309
250 584 49 309
250 585 51 308
250 586 53 306
250 587 57 306
250 588 58 308
250 589 60 308
250 590 62 310
250 591 65 308
250 592 67 310
250 593 69 309
250 594 74 309
250 595 75 310
250 596 76 310
250 597 79 307
250 598 82 308
250 599 84 309
250 600 85 308
250 601 88 308
250 602 92 308
250 603 93 308
250 604 95 307
250 605 98 305
250 606 101 306
250 607 102 307
250 608 104 306
250 609 108 305
250 610 110 306
250 611 113 306
250 612 117 305
250 613 117 305
250 614 119 304
250 615 121 303
250 616 124 301
250 617 126 302
250 618 127 301
250 619 130 300
250 620 132 300
250 621 134 300
250 622 137 299
250 623 138 299
250 624 139 299
250 625 144 300
250 626 145 299
250 627 148 297
250 628 149 296
250 629 152 296
292 643 75 305
292 644 76 302
292 645 76 303
292 646 79 303
292 647 84 301
292 648 85 302
292 649 86 302
292 650 92 301
292 651 94 301
292 652 94 301
292 653 97 301
292 654 102 300
292 655 104 300
292 656 105 299
292 657 110 299
292 658 113 299
292 659 112 300
292 660 114 299
292 661 120 297
292 662 122 298
292 663 123 298
292 664 126 297
292 665 130 294
292 666 132 295
292 667 134 295
292 668 138 294
292 669 141 295
292 670 141 294
292 671 143 293
292 672 146 291
292 673 147 291
292 674 149 291
292 675 152 290
292 676 154 290
292 677 156 288
292 678 158 288
292 679 160 288
292 680 161 288
292 681 163 288
292 682 166 286
292 683 167 287
292 684 168 286
292 685 169 286
292 686 172 282
305 657 217 296
305 658 221 294
305 659 222 294
305 660 223 294
305 661 225 293
305 662 229 293
305 663 231 294
305 664 233 294
305 665 235 294
305 666 237 291
305 667 239 291
305 668 243 291
305 669 245 292
305 670 247 293
305 671 249 291
305 672 252 293
305 673 254 293
305 674 255 293
305 675 257 292
305 676 260 291
305 677 262 292
305 678 265 292
305 679 267 291
305 680 269 292
305 681 270 291
305 682 273 291
305 683 275 290
305 684 277 289
305 685 279 290
305 686 281 290
305 687 283 289
305 688 286 288
305 689 286 289
305 690 289 288
305 691 292 288
305 692 294 288
305 693 296 288
305 694 298 288
305 695 300 287
305 696 302 287
305 697 304 287
305 698 306 286
305 699 308 286
305 700 310 286
305 701 312 287
305 702 314 286
305 703 316 286
305 704 318 286
305 705 320 286
305 706 322 286
305 707 325 285
305 708 327 285
305 709 328 284
305 710 332 284
305 711 334 284
305 712 335 285
305 713 337 284
305 714 340 285
305 715 342 284
305 716 343 284
305 717 345 283
305 718 348 283
305 719 350 284
305 720 351 282
305 721 354 282
305 722 356 283
305 723 358 283
305 724 360 282
305 725 361 283
305 726 366 283
305 727 367 284
305 728 368 283
305 729 370 282
305 730 373 281
305 731 374 281
305 732 376 281
305 733 379 281
305 734 381 281
305 735 383 282
305 736 384 281
305 737 387 280
305 738 389 282
305 739 390 281
305 740 393 281
305 741 396 282
305 742 398 282
305 743 399 282
305 744 400 279
305 745 404 280
305 746 405 280
305 747 407 282
305 748 410 279
305 749 413 280
305 750 414 282
305 751 416 281
305 752 419 280
305 753 421 280
305 754 422 280
305 755 424 282
305 756 428 280
305 757 430 280
305 758 431 280
305 759 432 280
305 760 436 281
305 761 437 281
305 762 440 280
305 763 441 280
305 764 444 280
305 765 446 281
305 766 446 281
305 767 449 281
305 768 452 280
305 769 453 281
305 770 455 281
305 771 458 281
305 772 460 280
305 773 462 280
305 774 463 280
305 775 466 280
305 776 468 280
305 777 469 280
305 778 473 279
305 779 475 280
305 780 476 279
305 781 478 278
305 782 479 279
305 783 481 280
311 667 488 268
311 668 481 267
311 669 482 265
311 670 476 264
311 671 470 263
311 672 463 264
311 673 453 264
311 674 444 263
311 675 436 262
311 676 427 262
311 677 417 260
311 678 407 259
311 679 399 260
311 680 391 258
311 681 382 257
311 682 373 256
311 683 364 256
311 684 358 256
311 685 354 255
311 686 344 254
324 689 177 281
324 690 179 280
324 691 180 278
324 692 182 278
324 693 184 277
324 694 186 276
324 695 187 274
324 696 190 276
324 697 193 275
324 698 194 275
324 699 196 276
324 700 197 275
324 701 199 275
324 702 201 275
324 703 203 275
324 704 206 276
324 705 208 276
324 706 209 275
324 707 211 274
324 708 213 275
324 709 214 275
324 710 217 273
324 711 221 273
324 712 222 270
324 713 222 272
324 714 227 273
324 715 229 271
324 716 230 272
324 717 232 271
324 718 235 269
324 719 236 270
324 720 238 271
324 721 240 270
324 722 245 270
324 723 245 270
324 724 247 269
324 725 251 269
324 726 253 269
324 727 253 270
324 728 256 268
324 729 260 268
324 730 261 268
324 731 262 269
324 732 266 267
324 733 268 267
324 734 269 268
324 735 270 267
324 736 275 267
324 737 277 267
324 738 277 268
324 739 279 268
324 740 285 267
324 741 286 267
324 742 286 266
324 743 289 266
324 744 294 266
324 745 293 266
324 746 295 266
324 747 300 266
324 748 302 266
324 749 303 266
324 750 305 265
324 751 310 264
324 752 311 265
324 753 312 265
324 754 317 265
324 755 319 265
324 756 320 265
324 757 322 265
324 758 327 264
324 759 327 265
324 760 329 264
324 761 333 264
324 762 335 264
324 763 333 264
324 764 337 263
324 765 341 263
324 766 341 263
324 767 343 263
324 768 347 262
324 769 348 262
324 770 349 262
324 771 352 262
630 1209 550 460
630 1210 550 460
630 1211 548 459
630 1212 544 458
630 1213 541 459
630 1214 538 456
630 1215 535 456
630 1216 534 455
630 1217 531 454
630 1218 527 452
630 1219 525 451
630 1220 522 449
630 1221 519 449
630 1222 516 448
630 1223 513 446
630 1224 511 446
630 1225 509 444
630 1226 505 444
630 1227 503 442
630 1228 499 440
630 1229 497 440
630 1230 494 438
630 1231 491 438
630 1232 488 436
630 1233 486 436
630 1234 483 434
630 1235 481 432
630 1236 480 432
630 1237 475 431
630 1238 472 429
630 1239 469 429
630 1240 467 427
630 1241 465 427
630 1242 463 425
630 1243 461 424
630 1244 459 423
630 1245 456 422
630 1246 453 421
630 1247 451 420
630 1248 449 419
630 1249 447 417
630 1250 446 416
630 1251 444 414
630 1252 443 414
630 1253 440 413
630 1254 437 411
630 1255 435 410
630 1256 435 409
630 1257 433 408
630 1258 431 407
630 1259 430 406
630 1260 428 404
630 1261 427 404
630 1262 425 403
630 1263 423 402
630 1264 421 401
630 1265 420 400
630 1266 418 399
630 1267 416 397
630 1268 415 396
630 1269 414 395
630 1270 412 394
630 1271 410 393
630 1272 409 392
630 1273 407 391
630 1274 405 389
630 1275 404 389
630 1276 403 387
630 1277 401 387
630 1278 400 385
630 1279 399 385
630 1280 397 384
630 1281 395 383
630 1282 394 382
630 1283 392 381
630 1284 391 380
630 1285 390 379
630 1286 387 377
630 1287 386 377
630 1288 384 376
630 1289 382 375
630 1290 380 374
630 1291 379 374
630 1292 377 372
630 1293 375 371
630 1294 373 370
630 1295 371 371
630 1296 369 370
630 1297 366 368
715 1304 355 363
715 1305 353 361
715 1306 352 361
715 1307 351 361
715 1308 349 360
715 1309 348 358
715 1310 347 358
715 1311 345 357
715 1312 343 355
715 1313 341 356
715 1314 340 355
715 1315 338 354
715 1316 337 353
715 1317 336 352
715 1318 335 351
715 1319 334 351
715 1320 332 350
715 1321 330 349
715 1322 330 349
715 1323 327 348
715 1324 327 347
715 1325 324 347
715 1326 323 346
715 1327 323 345
715 1328 320 344
715 1329 319 344
715 1330 317 343
715 1331 315 342
715 1332 314 342
715 1333 313 342
715 1334 311 339
715 1335 310 339
715 1336 309 339
715 1337 308 339
715 1338 306 338
715 1339 305 337
715 1340 304 336
715 1341 302 335
715 1342 300 335
715 1343 300 333
715 1344 298 332
715 1345 296 333
715 1346 294 332
844 1574 248 251
844 1575 250 251
844 1576 260 252
844 1577 271 253
844 1578 283 252
844 1579 296 255
844 1580 307 256
844 1581 318 257
844 1582 332 258
844 1583 345 259
844 1584 357 260
844 1585 369 259
844 1586 383 262
844 1587 398 264
844 1588 413 265
844 1589 425 266
844 1590 438 266
844 1591 452 267
844 1592 465 268
844 1593 473 269
844 1594 478 270
844 1595 486 272
864 1627 237 252
864 1628 241 250
864 1629 251 251
864 1630 261 252
864 1631 273 253
864 1632 286 255
864 1633 296 255
864 1634 308 256
864 1635 321 257
864 1636 335 258
864 1637 344 259
864 1638 358 261
864 1639 372 260
864 1640 386 263
864 1641 399 263
864 1642 411 264
864 1643 425 265
927 1718 493 450
927 1719 493 449
927 1720 491 451
927 1721 487 456
927 1722 482 460
927 1723 477 457
927 1724 473 458
927 1725 471 464
927 1726 468 465
927 1727 465 466
927 1728 461 467
927 1729 457 468
927 1730 451 469
927 1731 446 470
927 1732 445 472
927 1733 442 472
927 1734 438 473
927 1735 434 475
927 1736 430 476
1450 2269 156 246
1450 2270 159 246
1450 2271 159 247
1450 2272 162 246
1450 2273 163 247
1450 2274 166 248
1450 2275 167 248
1450 2276 168 249
1450 2277 169 250
1450 2278 168 248
1450 2279 170 251
1450 2280 171 251
1450 2281 173 255
1450 2282 175 256
1450 2283 175 258
1450 2284 173 255
1450 2285 174 259
1450 2286 174 258
1450 2287 174 260
1450 2288 174 261
1450 2289 174 258
1450 2290 173 258
1450 2291 173 262
1450 2292 172 261
1450 2293 172 261
1450 2294 171 261
1450 2295 171 264
1450 2296 170 263
1450 2297 169 264
1450 2298 168 264
1450 2299 166 265
1450 2300 165 266
1450 2301 164 267
1450 2302 163 269
1450 2303 161 268
1450 2304 160 269
1450 2305 158 270
1450 2306 156 272
1450 2307 153 274
1450 2308 150 275
1450 2309 148 276
1450 2310 146 277
1450 2311 143 279
1450 2312 139 278
1450 2313 136 281
1450 2314 134 282
1450 2315 128 284
1450 2316 126 285
1450 2317 124 286
1450 2318 120 287
1450 2319 117 290
1450 2320 113 287
1450 2321 108 289
1450 2322 105 290
1450 2323 102 296
1450 2324 97 297
1450 2325 93 299
1450 2326 89 302
1450 2327 85 303
1450 2328 80 306
1450 2329 76 307
1450 2330 83 302
1450 2331 81 306
1665 2438 98 394
1665 2439 100 391
1665 2440 97 397
1665 2441 94 397
1665 2442 92 395
1665 2443 90 396
1665 2444 87 398
1665 2445 85 397
1665 2446 83 400
1665 2447 80 403
1665 2448 79 406
1665 2449 74 404
1665 2450 71 404
1665 2451 70 404
1665 2452 65 408
1665 2453 63 410
1665 2454 64 408
1665 2455 62 412
1665 2456 58 411
1665 2457 54 418
1665 2458 50 417
1665 2459 53 414
1665 2460 50 420
1665 2461 55 424
1665 2462 50 423
1665 2463 47 430
1977 2766 558 476
1977 2767 559 475
1977 2768 563 474
1977 2769 566 475
1977 2770 565 474
1977 2771 566 475
1977 2772 568 473
1977 2773 570 471
1977 2774 571 472
1977 2775 573 471
1977 2776 575 472
1977 2777 577 470
1977 2778 580 469
1977 2779 583 469
1977 2780 582 469
1977 2781 585 467
1977 2782 587 467
1977 2783 588 466
1977 2784 591 463
1977 2785 593 461
1977 2786 595 460
1977 2787 597 462
1977 2788 599 463
1977 2789 601 460
1977 2790 602 459
1977 2791 605 458
1977 2792 606 452
1977 2793 607 454
1977 2794 607 452
1977 2795 608 451
1977 2796 610 448
1977 2797 611 451
1977 2798 612 453
1977 2799 617 456
2056 2860 487 266
2056 2861 480 265
2056 2862 474 264
2056 2863 462 265
2056 2864 445 263
2056 2865 427 261
2056 2866 414 260
2056 2867 399 260
2056 2868 383 258
2056 2869 367 256
2056 2870 358 253
2071 2878 484 267
2071 2879 468 264
2071 2880 464 264
2071 2881 455 263
2071 2882 442 263
2071 2883 425 260
2071 2884 409 260
2071 2885 395 258
2071 2886 382 256
2071 2887 366 256
2071 2888 350 256
2071 2889 336 254
2071 2890 340 248
2221 3050 488 267
2221 3051 483 268
2221 3052 479 265
2221 3053 470 264
2221 3054 459 265
2221 3055 446 263
2221 3056 434 262
2221 3057 419 260
2221 3058 400 260
2221 3059 385 257
2221 3060 376 257
2221 3061 361 257
2221 3062 347 255
2221 3063 336 255
2221 3064 325 254
2221 3065 311 253
2221 3066 298 251
2221 3067 286 250
2221 3068 272 248
2221 3069 262 248
2221 3070 255 247
2221 3071 248 247
2285 3200 247 247
2285 3201 247 247
2285 3202 259 248
2285 3203 269 249
2285 3204 283 251
2285 3205 296 251
2285 3206 308 252
2285 3207 319 253
2285 3208 335 255
2285 3209 349 256
2285 3210 364 257
2285 3211 380 255
2285 3212 394 260
2285 3213 408 261
2285 3214 422 262
2285 3215 438 262
2285 3216 454 265
2285 3217 464 265
2285 3218 471 265
2285 3219 480 267
2285 3220 489 263
2411 3437 434 277
2411 3438 433 277
2411 3439 431 276
2411 3440 428 272
2411 3441 426 276
2411 3442 425 276
2411 3443 422 275
2411 3444 420 276
2411 3445 418 278
2411 3446 417 276
2411 3447 414 275
2411 3448 410 275
2411 3449 409 275
2411 3450 408 276
2411 3451 405 274
2411 3452 402 274
2411 3453 401 274
2411 3454 399 275
2411 3455 396 274
2411 3456 394 273
2411 3457 391 273
2411 3458 389 273
2411 3459 388 274
2411 3460 386 273
2411 3461 386 272
2411 3462 382 272
2411 3463 380 273
2411 3464 379 272
2411 3465 378 272
2411 3466 375 268
2411 3467 372 272
2411 3468 370 271
2411 3469 370 271
2411 3470 366 272
2411 3471 363 273
2411 3472 362 271
2411 3473 360 271
2411 3474 358 270
2411 3475 357 270
2411 3476 355 270
2411 3477 353 269
2411 3478 350 270
2411 3479 348 270
2411 3480 347 270
2411 3481 345 269
2411 3482 341 269
2411 3483 340 269
2411 3484 339 269
2411 3485 336 269
2411 3486 334 265
2411 3487 332 269
2411 3488 331 268
2411 3489 329 264
2411 3490 326 268
2411 3491 326 268
2411 3492 323 268
2411 3493 321 268
2411 3494 318 269
2411 3495 317 269
2411 3496 315 265
2411 3497 313 267
2411 3498 311 267
2411 3499 309 271
2456 3620 113 296
2456 3621 115 296
2456 3622 115 295
2456 3623 118 293
2456 3624 119 292
2456 3625 120 294
2456 3626 121 291
2456 3627 122 294
2456 3628 123 293
2456 3629 125 292
2456 3630 126 290
2456 3631 129 289
2456 3632 130 288
2456 3633 131 290
2456 3634 131 288
2456 3635 131 287
2456 3636 133 290
2456 3637 135 289
2456 3638 136 287
2456 3639 138 285
2456 3640 139 288
2456 3641 142 285
2456 3642 142 286
2456 3643 144 285
2456 3644 146 286
2456 3645 146 285
2456 3646 147 285
2456 3647 148 284
2456 3648 150 284
2456 3649 152 283
2456 3650 152 285
2456 3651 153 284
2456 3652 156 283
2456 3653 157 282
2456 3654 159 283
2456 3655 159 283
2456 3656 161 281
2456 3657 165 282
2456 3658 165 280
2456 3659 166 282
2456 3660 168 281
2456 3661 169 279
2456 3662 170 280
2456 3663 171 282
2456 3664 175 280
2456 3665 176 278
2456 3666 177 278
2456 3667 177 279
2456 3668 179 277
2456 3669 181 277
2456 3670 184 275
2456 3671 184 275
2456 3672 185 277
2456 3673 187 275
2456 3674 188 276
2456 3675 189 275
2456 3676 190 274
2456 3677 195 274
2456 3678 194 275
2456 3679 195 275
2456 3680 196 274
2456 3681 199 274
2456 3682 200 273
2456 3683 201 274
2456 3684 202 272
2456 3685 204 273
2456 3686 207 272
2456 3687 208 273
2456 3688 209 273
2456 3689 209 272
2456 3690 212 273
2456 3691 214 273
2456 3692 215 272
2456 3693 217 272
2456 3694 218 271
2456 3695 220 272
2456 3696 221 271
2456 3697 222 270
2456 3698 223 268
2456 3699 226 272
2456 3700 229 270
2456 3701 231 271
2456 3702 232 269
2456 3703 234 268
2456 3704 235 270
2456 3705 235 268
2456 3706 235 272
2456 3707 236 270
2550 3883 310 261
2550 3884 318 254
2550 3885 333 255
2550 3886 345 257
2550 3887 359 258
2550 3888 374 259
2550 3889 387 260
2550 3890 399 261
2550 3891 414 262
2550 3892 431 264
2550 3893 445 266
2550 3894 459 267
2550 3895 467 267
2550 3896 475 268
2550 3897 485 267
2550 3898 489 276
2601 4057 412 257
2601 4058 405 257
2601 4059 394 257
2601 4060 382 256
2601 4061 370 255
2601 4062 362 254
2601 4063 355 254
2601 4064 349 252
2601 4065 341 253
2601 4066 333 252
2601 4067 323 251
2601 4068 313 251
2601 4069 309 251
2601 4070 301 249
2601 4071 294 249
2601 4072 287 249
2601 4073 280 248
2601 4074 272 249
2601 4075 265 250
2601 4076 259 249
2601 4077 252 250
2601 4078 247 251
2601 4079 239 252
2601 4080 244 251
2623 4087 195 262
2623 4088 195 262
2623 4089 190 264
2623 4090 184 265
2623 4091 182 266
2623 4092 177 268
2623 4093 174 270
2623 4094 170 272
2623 4095 166 274
2623 4096 161 275
2623 4097 157 278
2623 4098 152 280
2623 4099 148 282
2623 4100 143 284
2623 4101 139 286
2623 4102 133 288
2623 4103 128 291
2623 4104 122 294
2623 4105 115 297
2623 4106 108 300
2623 4107 104 302
2623 4108 98 304
2623 4109 91 307
2623 4110 85 310
2623 4111 79 313
2623 4112 73 317
2623 4113 66 319
2623 4114 60 322
2623 4115 53 326
2623 4116 45 329
2623 4117 39 332
2623 4118 30 336
2623 4119 24 339
2623 4120 22 340
2623 4121 18 345
2623 4122 15 346
2623 4123 10 348
2623 4124 6 352
2623 4125 3 357
2630 4095 523 394
2630 4096 522 395
2630 4097 518 398
2630 4098 516 396
2630 4099 515 397
2630 4100 510 401
2630 4101 508 404
2630 4102 510 399
2630 4103 507 402
2630 4104 504 406
2630 4105 501 406
2630 4106 495 410
2630 4107 497 407
2630 4108 494 409
2630 4109 491 414
2630 4110 490 411
2630 4111 487 415
2630 4112 483 417
2630 4113 480 418
2630 4114 477 416
2630 4115 474 420
2630 4116 472 421
2630 4117 467 427
2630 4118 465 428
2630 4119 463 427
2630 4120 460 431
2630 4121 456 431
2630 4122 453 433
2630 4123 449 436
2630 4124 451 431
2811 4283 471 265
2811 4284 460 264
2811 4285 442 262
2811 4286 425 260
2811 4287 408 259
2811 4288 391 258
2811 4289 375 257
2811 4290 358 255
2811 4291 344 254
2811 4292 331 253
2811 4293 316 252
2811 4294 300 250
2811 4295 285 249
2811 4296 269 248
2811 4297 257 246
2815 4324 239 249
2815 4325 247 250
2815 4326 259 251
2815 4327 273 252
2815 4328 289 252
2815 4329 303 255
2815 4330 319 256
2815 4331 333 258
2815 4332 350 259
2815 4333 360 265
2900 4508 475 280
2900 4509 474 280
2900 4510 471 281
2900 4511 469 280
2900 4512 466 281
2900 4513 464 281
2900 4514 462 281
2900 4515 460 282
2900 4516 456 282
2900 4517 454 282
2900 4518 454 283
2900 4519 449 283
2900 4520 447 282
2900 4521 447 282
2900 4522 444 282
2900 4523 440 282
2900 4524 440 282
2900 4525 437 282
2900 4526 432 282
2900 4527 431 282
2900 4528 431 281
2900 4529 426 280
2900 4530 424 281
2900 4531 423 281
2900 4532 420 280
2900 4533 417 280
2900 4534 415 280
2900 4535 413 280
2900 4536 409 279
2900 4537 408 279
2900 4538 407 279
2900 4539 401 279
2900 4540 400 279
2900 4541 398 279
2900 4542 396 279
2900 4543 392 279
2900 4544 390 280
2900 4545 389 279
2900 4546 385 279
2900 4547 383 279
2900 4548 380 279
2900 4549 376 279
2900 4550 374 279
2900 4551 373 278
2900 4552 369 278
2900 4553 366 279
2900 4554 366 277
2900 4555 363 277
2900 4556 360 278
2900 4557 359 278
2900 4558 356 276
2900 4559 353 275
2900 4560 351 278
2900 4561 349 277
2900 4562 345 276
2900 4563 343 276
2900 4564 342 276
2900 4565 339 276
2900 4566 335 276
2900 4567 334 276
2900 4568 332 275
2900 4569 328 276
2900 4570 328 276
2900 4571 324 275
2900 4572 321 274
2900 4573 320 275
2900 4574 319 275
2900 4575 315 275
2900 4576 312 274
2900 4577 311 274
2900 4578 308 273
2900 4579 304 273
2900 4580 304 274
2900 4581 301 272
2900 4582 298 273
2900 4583 296 274
2900 4584 296 274
2900 4585 293 272
2900 4586 291 272
2900 4587 289 273
2900 4588 287 273
2900 4589 285 271
2900 4590 283 271
2900 4591 282 272
2900 4592 278 272
2900 4593 276 271
2900 4594 274 271
2900 4595 272 271
2900 4596 269 271
2900 4597 268 271
2900 4598 266 270
2900 4599 265 270
2986 4749 331 273
2986 4750 331 272
2986 4751 333 274
2986 4752 336 273
2986 4753 337 275
2986 4754 339 273
2986 4755 339 275
2986 4756 340 273
2986 4757 342 276
2986 4758 345 275
2986 4759 347 276
2986 4760 347 273
2986 4761 348 273
2986 4762 351 274
2986 4763 352 277
2986 4764 353 274
2986 4765 354 275
2986 4766 356 275
2986 4767 357 275
2986 4768 357 275
2986 4769 360 276
2986 4770 363 275
2986 4771 363 276
2986 4772 365 277
2986 4773 366 277
2986 4774 368 277
2986 4775 371 277
2986 4776 372 277
2986 4777 373 277
2986 4778 374 277
2986 4779 377 277
2986 4780 378 277
2986 4781 378 278
2986 4782 380 278
2986 4783 382 278
2986 4784 385 278
2986 4785 385 278
2986 4786 387 277
2986 4787 388 278
2986 4788 391 281
2986 4789 394 278
2986 4790 393 278
2986 4791 395 281
2986 4792 397 278
2986 4793 399 279
2986 4794 400 279
2986 4795 401 281
2986 4796 405 281
2986 4797 406 279
2986 4798 406 279
2986 4799 408 279
2986 4800 410 279
2986 4801 411 279
2986 4802 413 280
2986 4803 415 279
2986 4804 416 279
2986 4805 419 279
2986 4806 420 279
2986 4807 420 283
2986 4808 422 279
2986 4809 419 272
2986 4810 414 273
2986 4811 440 272
2986 4812 443 270
2986 4813 445 269
2986 4814 433 280
2986 4815 435 280
2986 4816 435 280
2986 4817 438 279
2986 4818 438 280
2986 4819 441 280
2986 4820 442 281
2986 4821 442 279
2986 4822 444 280
2986 4823 447 281
2986 4824 449 280
2986 4825 449 280
2986 4826 452 279
2986 4827 454 281
2986 4828 454 280
2986 4829 455 282
2986 4830 456 279
2986 4831 459 279
2986 4832 462 279
2986 4833 462 282
2986 4834 463 280
2986 4835 465 281
2986 4836 468 279
2986 4837 469 279
2986 4838 471 279
2986 4839 474 280
2996 4782 487 268
2996 4783 481 266
2996 4784 475 264
2996 4785 469 264
2996 4786 462 264
2996 4787 451 264
2996 4788 435 263
2996 4789 427 262
2996 4790 414 259
2996 4791 404 260
2996 4792 393 259
2996 4793 381 257
2996 4794 369 256
2996 4795 358 256
2996 4796 348 255
2996 4797 336 254
2996 4798 322 253
2996 4799 312 251
2996 4800 288 253
2996 4801 288 253
2996 4802 289 253
2996 4803 291 254
3010 4807 348 270
3010 4808 351 272
3010 4809 352 274
3010 4810 353 271
3010 4811 354 273
3010 4812 356 273
3010 4813 357 272
3010 4814 359 274
3010 4815 359 273
3010 4816 363 273
3010 4817 364 275
3010 4818 365 274
3010 4819 366 276
3010 4820 369 276
3010 4821 370 276
3010 4822 371 275
3010 4823 374 275
3010 4824 377 274
3010 4825 379 276
3010 4826 379 276
3010 4827 382 274
3010 4828 384 277
3010 4829 385 276
3010 4830 386 277
3010 4831 390 276
3010 4832 391 276
3010 4833 395 278
3010 4834 395 278
3010 4835 395 278
3010 4836 398 278
3010 4837 399 278
3010 4838 400 279
3010 4839 404 278
3010 4840 404 278
3010 4841 406 278
3010 4842 408 278
3010 4843 411 278
3010 4844 411 278
3010 4845 414 275
3010 4846 415 279
3010 4847 418 279
3010 4848 418 280
3010 4849 420 278
3010 4850 422 279
3010 4851 424 280
3010 4852 426 281
3010 4853 427 280
3010 4854 428 282
3010 4855 430 282
3010 4856 432 281
3010 4857 433 280
3010 4858 435 282
3010 4859 437 280
3010 4860 439 282
3010 4861 440 281
3010 4862 443 283
3010 4863 445 283
3010 4864 445 284
3010 4865 447 284
3010 4866 450 281
3010 4867 451 282
3010 4868 452 284
3010 4869 454 287
3073 4993 341 274
3073 4994 341 271
3073 4995 340 272
3073 4996 339 273
3073 4997 335 272
3073 4998 333 270
3073 4999 334 272
3073 5000 332 273
3073 5001 331 270
3073 5002 329 273
3073 5003 328 275
3073 5004 326 276
3073 5005 323 274
3073 5006 322 275
3073 5007 321 275
3073 5008 320 277
3073 5009 318 277
3073 5010 316 277
3073 5011 315 279
3073 5012 313 280
3073 5013 309 276
3073 5014 307 279
3073 5015 306 281
3073 5016 304 281
3073 5017 302 280
3073 5018 301 280
3073 5019 299 280
3073 5020 297 283
3073 5021 293 280
3073 5022 291 284
3073 5023 290 284
3073 5024 287 285
3073 5025 285 283
3073 5026 283 284
3073 5027 282 286
3073 5028 280 286
3073 5029 276 284
3073 5030 273 286
3073 5031 272 288
3073 5032 269 286
3073 5033 267 287
3073 5034 265 288
3073 5035 263 289
3073 5036 259 284
3073 5037 256 287
3073 5038 254 289
3073 5039 252 288
3073 5040 252 291
3073 5041 247 289
3073 5042 245 292
3073 5043 245 292
3073 5044 241 292
3112 5048 400 347
3112 5049 403 345
3112 5050 406 347
3112 5051 407 352
3112 5052 410 353
3112 5053 414 351
3112 5054 415 351
3112 5055 416 355
3112 5056 420 355
3112 5057 423 353
3112 5058 423 355
3112 5059 424 358
3112 5060 428 353
3112 5061 433 354
3112 5062 432 348
3112 5063 434 348
3112 5064 439 347
3112 5065 441 341
3112 5066 442 338
3112 5067 445 337
3112 5068 446 337
3112 5069 449 339
3112 5070 449 343
3112 5071 452 338
3112 5072 453 343
3112 5073 457 340
3112 5074 459 342
3112 5075 460 340
3112 5076 462 342
3112 5077 464 341
3112 5078 464 341
3112 5079 466 340
3112 5080 469 339
3112 5081 473 334
3112 5082 474 335
3112 5083 476 335
3112 5084 478 336
3112 5085 479 335
3112 5086 482 335
3112 5087 480 334
3134 5094 115 307
3134 5095 115 306
3134 5096 115 310
3134 5097 112 309
3134 5098 111 312
3134 5099 109 312
3134 5100 106 313
3134 5101 103 310
3134 5102 101 313
3134 5103 99 314
3134 5104 98 315
3134 5105 96 317
3134 5106 94 316
3134 5107 92 318
3134 5108 88 315
3134 5109 85 315
3134 5110 83 318
3134 5111 82 318
3134 5112 81 318
3134 5113 77 319
3134 5114 75 320
3134 5115 73 321
3134 5116 70 321
3134 5117 66 322
3134 5118 64 324
3134 5119 64 326
3134 5120 62 328
3134 5121 59 327
3134 5122 58 330
3134 5123 57 331
3134 5124 54 332
3134 5125 49 332
3134 5126 46 331
3134 5127 45 333
3134 5128 43 333
3134 5129 39 334
3134 5130 38 334
3134 5131 35 336
3134 5132 33 336
3134 5133 28 337
3134 5134 26 337
3134 5135 25 339
3134 5136 24 338
3134 5137 20 340
3134 5138 18 341
3134 5139 17 343
3134 5140 12 343
3134 5141 8 343
3134 5142 6 345
3134 5143 7 347
3134 5144 5 347
3273 5268 174 386
3273 5269 176 391
3273 5270 176 393
3273 5271 174 392
3273 5272 172 393
3273 5273 172 395
3273 5274 169 394
3273 5275 165 395
3273 5276 164 397
3273 5277 159 399
3273 5278 161 397
3273 5279 158 400
3273 5280 155 401
3273 5281 154 401
3273 5282 150 403
3273 5283 148 403
3273 5284 149 407
3273 5285 146 405
3273 5286 144 405
3273 5287 144 408
3273 5288 141 408
3273 5289 139 408
3273 5290 137 409
3273 5291 136 410
3273 5292 134 410
3273 5293 132 412
3273 5294 129 416
3273 5295 128 416
3273 5296 127 417
3273 5297 123 418
3273 5298 121 419
3273 5299 120 420
3273 5300 116 420
3273 5301 114 423
3273 5302 112 424
3273 5303 108 424
3273 5304 111 430
3273 5305 110 431
3291 5306 127 285
3291 5307 128 285
3291 5308 130 285
3291 5309 131 283
3291 5310 133 282
3291 5311 136 283
3291 5312 136 283
3291 5313 138 283
3291 5314 140 282
3291 5315 143 283
3291 5316 143 283
3291 5317 144 281
3291 5318 145 281
3291 5319 148 283
3291 5320 151 283
3291 5321 153 282
3291 5322 154 281
3291 5323 155 282
3291 5324 158 282
3291 5325 159 282
3291 5326 162 280
3291 5327 164 281
3291 5328 166 280
3291 5329 168 280
3291 5330 170 279
3291 5331 172 280
3291 5332 175 279
3291 5333 176 278
3291 5334 179 277
3291 5335 179 276
3291 5336 181 276
3291 5337 183 275
3291 5338 185 275
3291 5339 187 275
3291 5340 187 273
3291 5341 191 275
3291 5342 194 274
3291 5343 196 275
3291 5344 197 274
3291 5345 199 275
3291 5346 201 274
3291 5347 202 275
3291 5348 204 275
3291 5349 205 274
3291 5350 208 274
3291 5351 210 273
3291 5352 211 273
3291 5353 214 272
3291 5354 216 273
3291 5355 219 272
3291 5356 221 272
3291 5357 221 271
3291 5358 224 271
3291 5359 226 272
3291 5360 230 272
3291 5361 229 271
3291 5362 233 272
3291 5363 235 271
3291 5364 236 272
3291 5365 239 270
3291 5366 244 272
3291 5367 245 272
3291 5368 246 271
3291 5369 248 272
3291 5370 251 272
3291 5371 252 272
3291 5372 254 271
3291 5373 258 272
3291 5374 259 272
3291 5375 262 271
3291 5376 263 271
3291 5377 267 271
3291 5378 268 272
3291 5379 270 271
3291 5380 272 272
3291 5381 274 272
3291 5382 277 272
3291 5383 278 271
3291 5384 281 272
3291 5385 283 272
3291 5386 284 271
3291 5387 286 271
3291 5388 290 272
3291 5389 291 272
3291 5390 294 271
3291 5391 295 270
3291 5392 298 272
3291 5393 300 272
3291 5394 301 271
3291 5395 303 271
3291 5396 307 272
3291 5397 309 272
3291 5398 310 271
3291 5399 311 272
3291 5400 315 272
3291 5401 317 272
3291 5402 319 272
3291 5403 323 272
3291 5404 324 272
3291 5405 325 272
3291 5406 327 273
3291 5407 330 273
3291 5408 332 273
3291 5409 333 274
3291 5410 335 273
3291 5411 339 273
3291 5412 342 274
3291 5413 343 273
3291 5414 345 274
3291 5415 349 274
3291 5416 349 274
3291 5417 352 273
3291 5418 354 274
3291 5419 357 274
3291 5420 359 274
3291 5421 361 274
3291 5422 363 273
3291 5423 365 274
3291 5424 366 273
3291 5425 367 273
3291 5426 372 275
3291 5427 374 275
3291 5428 376 274
3291 5429 378 275
3291 5430 380 275
3291 5431 381 275
3291 5432 384 275
3291 5433 387 276
3291 5434 389 275
3291 5435 392 276
3291 5436 393 275
3291 5437 395 276
3291 5438 398 276
3291 5439 398 276
3291 5440 401 276
3291 5441 404 276
3291 5442 406 277
3291 5443 408 276
3291 5444 411 275
3291 5445 412 277
3291 5446 414 278
3291 5447 416 277
3291 5448 419 277
3291 5449 423 277
3291 5450 424 278
3291 5451 425 278
3291 5452 428 278
3291 5453 432 278
3291 5454 432 278
3291 5455 436 277
3291 5456 438 278
3291 5457 440 279
3291 5458 441 278
3291 5459 443 278
3291 5460 448 279
3291 5461 449 279
3291 5462 451 279
3291 5463 454 279
3291 5464 456 279
3291 5465 458 280
3291 5466 460 280
3291 5467 463 278
3291 5468 465 279
3291 5469 466 279
3291 5470 470 279
3291 5471 473 277
3291 5472 475 277
3291 5473 477 278
3291 5474 479 277
3291 5475 480 277
3291 5476 481 279
3339 5406 225 247
3339 5407 222 248
3339 5408 216 249
3339 5409 213 247
3339 5410 212 248
3339 5411 210 249
3339 5412 208 249
3339 5413 203 251
3339 5414 201 251
3339 5415 197 253
3339 5416 194 253
3339 5417 191 254
3339 5418 190 256
3339 5419 186 257
3339 5420 184 257
3339 5421 180 258
3339 5422 178 259
3339 5423 176 260
3339 5424 173 261
3339 5425 171 262
3339 5426 168 264
3339 5427 166 265
3339 5428 164 266
3339 5429 161 268
3339 5430 157 269
3339 5431 153 270
3339 5432 151 271
3339 5433 146 273
3339 5434 144 274
3339 5435 141 275
3339 5436 136 278
3339 5437 133 279
3339 5438 128 280
3339 5439 125 282
3339 5440 121 284
3339 5441 118 285
3339 5442 114 288
3339 5443 110 289
3339 5444 105 291
3339 5445 102 292
3339 5446 97 292
3339 5447 94 297
3339 5448 87 299
3339 5449 83 301
3339 5450 92 297
3339 5451 92 303
3344 5426 197 265
3344 5427 193 256
3344 5428 190 257
3344 5429 186 258
3344 5430 184 259
3344 5431 179 255
3344 5432 176 259
3344 5433 173 261
3344 5434 171 263
3344 5435 167 266
3344 5436 164 264
3344 5437 160 267
3344 5438 153 269
3344 5439 153 272
3344 5440 149 272
3344 5441 146 272
3344 5442 142 274
3344 5443 138 275
3344 5444 135 280
3344 5445 131 279
3344 5446 127 281
3344 5447 123 284
3344 5448 119 286
3344 5449 114 288
3344 5450 112 300
3344 5451 106 291
3344 5452 101 294
3344 5453 95 295
3344 5454 91 296
3344 5455 87 298
3344 5456 81 296
3344 5457 75 301
3344 5458 72 307
3344 5459 67 303
3408 5600 208 248
3408 5601 222 249
3408 5602 234 250
3408 5603 245 252
3408 5604 257 251
3408 5605 271 254
3408 5606 284 255
3408 5607 297 256
3408 5608 309 257
3408 5609 324 258
3408 5610 341 260
3408 5611 354 261
3408 5612 369 260
3408 5613 385 263
3408 5614 399 264
3408 5615 415 266
3408 5616 432 266
3408 5617 451 267
3408 5618 468 269
3408 5619 477 270
3408 5620 488 272
3408 5621 499 267
3457 5668 209 398
3457 5669 210 398
3457 5670 211 400
3457 5671 213 400
3457 5672 215 402
3457 5673 220 404
3457 5674 221 405
3457 5675 223 405
3457 5676 226 407
3457 5677 229 409
3457 5678 231 411
3457 5679 234 412
3457 5680 234 412
3457 5681 238 415
3457 5682 240 417
3457 5683 243 417
3457 5684 249 417
3457 5685 249 422
3457 5686 251 424
3457 5687 253 424
3457 5688 254 426
3457 5689 259 428
3457 5690 260 430
3457 5691 262 429
3457 5692 261 429
3508 5777 350 370
3508 5778 351 367
3508 5779 353 366
3508 5780 355 368
3508 5781 357 371
3508 5782 359 369
3508 5783 361 371
3508 5784 364 372
3508 5785 366 373
3508 5786 368 375
3508 5787 371 375
3508 5788 374 377
3508 5789 375 378
3508 5790 377 378
3508 5791 379 379
3508 5792 383 382
3508 5793 386 384
3508 5794 388 385
3508 5795 391 385
3508 5796 392 389
3508 5797 396 389
3508 5798 401 389
3508 5799 402 390
3508 5800 405 391
3508 5801 407 392
3508 5802 410 393
3508 5803 413 393
3508 5804 416 396
3508 5805 419 396
3508 5806 421 397
3508 5807 424 400
3508 5808 426 400
3508 5809 430 405
3508 5810 433 403
3508 5811 434 405
3508 5812 437 406
3508 5813 439 407
3508 5814 443 410
3508 5815 446 409
3508 5816 448 411
3508 5817 451 413
3508 5818 454 416
3508 5819 458 415
3508 5820 459 417
3508 5821 463 418
3508 5822 464 418
3508 5823 468 421
3508 5824 471 423
3508 5825 475 424
3508 5826 478 425
3508 5827 481 428
3508 5828 484 428
3508 5829 488 431
3508 5830 491 431
3508 5831 492 433
3508 5832 495 435
3508 5833 498 438
3508 5834 503 438
3508 5835 502 436
3578 5835 506 439
3578 5836 508 440
3578 5837 512 443
3578 5838 516 444
3578 5839 519 446
3578 5840 523 447
3578 5841 526 448
3578 5842 530 450
3578 5843 534 451
3578 5844 536 454
3578 5845 540 453
3578 5846 544 457
3578 5847 548 457
3578 5848 551 459
3578 5849 554 461
3578 5850 557 462
3578 5851 561 463
3578 5852 565 465
3578 5853 564 463
3736 6056 500 265
3736 6057 484 266
3736 6058 480 264
3736 6059 473 262
3736 6060 468 261
3736 6061 458 262
3736 6062 447 260
3736 6063 433 260
3736 6064 423 259
3736 6065 412 259
3736 6066 400 258
3736 6067 387 257
3736 6068 376 255
3736 6069 364 253
3736 6070 353 254
3736 6071 344 252
3736 6072 337 251
3736 6073 336 260
3768 6092 198 264
3768 6093 199 266
3768 6094 197 261
3768 6095 198 261
3768 6096 195 259
3768 6097 195 258
3768 6098 194 259
3768 6099 193 259
3768 6100 193 259
3768 6101 193 259
3768 6102 192 259
3768 6103 191 258
3768 6104 188 260
3768 6105 189 259
3768 6106 190 261
3768 6107 190 260
3768 6108 192 257
3768 6109 192 258
3768 6110 197 258
3768 6111 194 257
3768 6112 192 258
3768 6113 189 258
3768 6114 184 259
3768 6115 184 260
3768 6116 180 261
3768 6117 177 262
3768 6118 174 264
3768 6119 171 263
3768 6120 171 265
3768 6121 165 267
3768 6122 162 269
3768 6123 156 271
3768 6124 153 272
3768 6125 148 274
3768 6126 145 277
3768 6127 141 279
3768 6128 136 280
3768 6129 132 283
3768 6130 128 285
3768 6131 123 287
3768 6132 119 289
3768 6133 114 291
3768 6134 110 293
3768 6135 104 296
3768 6136 100 298
3782 6136 94 296
3782 6137 95 299
3782 6138 88 303
3782 6139 83 306
3782 6140 76 308
3782 6141 71 312
3782 6142 64 315
3782 6143 58 317
3782 6144 51 321
3782 6145 44 325
3782 6146 36 328
3782 6147 30 331
3782 6148 28 334
3782 6149 25 338
3782 6150 22 340
3782 6151 18 342
3782 6152 15 340
3782 6153 12 343
3782 6154 9 347
3782 6155 6 349
3782 6156 4 360
4199 6664 56 317
4199 6665 56 320
4199 6666 53 322
4199 6667 53 319
4199 6668 52 322
4199 6669 51 324
4199 6670 52 320
4199 6671 51 321
4199 6672 50 325
4199 6673 49 326
4199 6674 47 323
4199 6675 47 326
4199 6676 46 326
4199 6677 46 330
4199 6678 45 328
4199 6679 44 332
4199 6680 43 333
4199 6681 41 330
4199 6682 39 330
4199 6683 39 332
4199 6684 40 334
4199 6685 39 335
4199 6686 37 335
4199 6687 36 336
4199 6688 33 336
4199 6689 32 336
4199 6690 31 338
4199 6691 30 340
4199 6692 29 340
4199 6693 29 342
4199 6694 26 341
4199 6695 25 345
4199 6696 24 342
4199 6697 21 347
4199 6698 20 346
4199 6699 19 348
4199 6700 18 349
4199 6701 17 346
4199 6702 16 351
4199 6703 14 352
4199 6704 10 349
4199 6705 7 350
4199 6706 7 356
4199 6707 7 355
4199 6708 4 357
4199 6709 4 357
4199 6710 3 359
4199 6711 4 366
4243 6698 230 251
4243 6699 243 250
4243 6700 250 246
4243 6701 245 246
4243 6702 249 247
4243 6703 258 247
4243 6704 264 248
4243 6705 271 248
4243 6706 279 249
4243 6707 283 250
4243 6708 296 249
4243 6709 304 250
4243 6710 310 249
4243 6711 310 251
4243 6712 296 251
4243 6713 302 251
4243 6714 311 252
4243 6715 294 273
4243 6716 292 274
4243 6717 291 274
4257 6716 365 255
4257 6717 372 256
4257 6718 382 257
4257 6719 387 258
4257 6720 400 257
4257 6721 406 259
4257 6722 413 259
4257 6723 427 260
4257 6724 437 262
4257 6725 446 263
4257 6726 450 263
4257 6727 459 264
4257 6728 472 263
4257 6729 464 263
4257 6730 470 266
4257 6731 469 265
4257 6732 474 264
4257 6733 481 266
4257 6734 491 266
4257 6735 500 255
4257 6736 500 261
4295 6748 135 277
4295 6749 132 277
4295 6750 126 276
4295 6751 125 278
4295 6752 119 280
4295 6753 115 281
4295 6754 113 280
4295 6755 107 281
4295 6756 105 281
4295 6757 101 281
4295 6758 97 281
4295 6759 94 280
4295 6760 90 280
4295 6761 84 279
4295 6762 82 281
4295 6763 80 280
4295 6764 75 280
4295 6765 74 279
4295 6766 71 278
4295 6767 69 276
4295 6768 67 275
4295 6769 65 276
4295 6770 62 274
4295 6771 59 273
4295 6772 57 273
4295 6773 56 274
4295 6774 54 273
4295 6775 52 273
4295 6776 51 273
4295 6777 51 274
4295 6778 50 275
4295 6779 49 272
4295 6780 47 275
4295 6781 47 273
4295 6782 45 271
4295 6783 45 295
4295 6784 44 271
4399 6844 636 474
4399 6845 634 473
4399 6846 632 472
4399 6847 629 471
4399 6848 625 470
4399 6849 620 468
4399 6850 615 468
4399 6851 612 468
4399 6852 608 466
4399 6853 605 465
4399 6854 600 465
4399 6855 597 464
4399 6856 594 463
4399 6857 589 462
4399 6858 586 461
4399 6859 582 458
4399 6860 579 456
4399 6861 577 457
4399 6862 573 454
4399 6863 570 450
4399 6864 566 450
4399 6865 563 450
4399 6866 561 447
4399 6867 556 446
4399 6868 557 442
4433 6888 494 414
4433 6889 492 412
4433 6890 489 412
4433 6891 487 409
4433 6892 484 410
4433 6893 480 408
4433 6894 478 408
4433 6895 475 405
4433 6896 471 404
4433 6897 469 409
4433 6898 467 402
4433 6899 465 401
4433 6900 459 400
4433 6901 459 399
4433 6902 455 395
4433 6903 454 396
4433 6904 452 399
4433 6905 449 393
4433 6906 447 392
4433 6907 444 391
4433 6908 442 391
4433 6909 440 389
4433 6910 438 386
4433 6911 436 387
4433 6912 435 385
4433 6913 431 383
4433 6914 431 383
4433 6915 429 382
4433 6916 428 380
4433 6917 425 378
4433 6918 423 376
4433 6919 424 374
4477 6919 420 375
4477 6920 420 374
4477 6921 418 373
4477 6922 416 373
4477 6923 415 371
4477 6924 413 366
4477 6925 411 368
4477 6926 408 368
4477 6927 408 365
4477 6928 406 364
4477 6929 403 364
4477 6930 403 361
4477 6931 401 358
4477 6932 399 359
4477 6933 397 359
4477 6934 395 356
4477 6935 393 356
4477 6936 391 356
4477 6937 389 354
4477 6938 388 353
4477 6939 387 351
4477 6940 384 352
4477 6941 384 349
4477 6942 381 349
4477 6943 378 350
4477 6944 379 348
4477 6945 377 346
4477 6946 377 342
4477 6947 375 347
4477 6948 373 342
4477 6949 373 341
4477 6950 373 340
4477 6951 370 340
4477 6952 369 338
4477 6953 369 339
4477 6954 366 339
4477 6955 366 335
4477 6956 365 335
4477 6957 364 336
4477 6958 363 333
4477 6959 362 332
4477 6960 360 332
4477 6961 360 329
4477 6962 357 328
4477 6963 356 329
4477 6964 354 327
4477 6965 353 329
4477 6966 352 325
4477 6967 349 324
4477 6968 348 326
4477 6969 345 323
4477 6970 343 322
4477 6971 341 322
4477 6972 340 326
4563 6972 344 318
4563 6973 340 320
4563 6974 339 322
4563 6975 337 319
4563 6976 336 317
4563 6977 333 315
4563 6978 331 317
4563 6979 328 315
4563 6980 328 314
4563 6981 327 313
4563 6982 325 314
4563 6983 325 312
4563 6984 322 311
4563 6985 321 310
4563 6986 319 310
4563 6987 318 308
4563 6988 317 308
4563 6989 315 307
4563 6990 313 309
4563 6991 314 306
4563 6992 311 308
4563 6993 312 305
4563 6994 311 305
4563 6995 309 304
4563 6996 308 305
4563 6997 307 305
4563 6998 306 304
4563 6999 304 301
4563 7000 302 303
4563 7001 302 303
4563 7002 300 300
4563 7003 298 297
4563 7004 297 300
4563 7005 297 300
4563 7006 294 298
4563 7007 294 296
4563 7008 293 298
4563 7009 292 294
4563 7010 291 294
4563 7011 289 296
4563 7012 288 297
4563 7013 287 293
4563 7014 286 294
4563 7015 285 294
4563 7016 285 293
4563 7017 284 290
4563 7018 283 289
4563 7019 284 289
4563 7020 283 288
4584 7006 203 358
4584 7007 204 355
4584 7008 201 356
4584 7009 199 360
4584 7010 199 359
4584 7011 197 359
4584 7012 192 363
4584 7013 192 363
4584 7014 191 364
4584 7015 188 360
4584 7016 186 367
4584 7017 184 367
4584 7018 182 365
4584 7019 180 368
4584 7020 179 369
4584 7021 176 370
4584 7022 174 371
4584 7023 171 374
4584 7024 169 374
4584 7025 168 373
4584 7026 164 375
4584 7027 162 378
4584 7028 160 378
4584 7029 157 380
4584 7030 156 381
4584 7031 153 381
4584 7032 151 383
4584 7033 148 385
4584 7034 147 385
4584 7035 145 385
4584 7036 146 386
4758 7319 56 290
4758 7320 55 291
4758 7321 55 291
4758 7322 53 293
4758 7323 53 292
4758 7324 52 295
4758 7325 52 296
4758 7326 52 295
4758 7327 51 297
4758 7328 50 297
4758 7329 48 298
4758 7330 47 299
4758 7331 46 299
4758 7332 45 300
4758 7333 44 301
4758 7334 43 303
4758 7335 42 303
4758 7336 41 304
4758 7337 38 302
4758 7338 37 305
4758 7339 37 307
4758 7340 36 307
4758 7341 34 307
4758 7342 34 306
4758 7343 31 307
4758 7344 30 310
4758 7345 28 308
4758 7346 26 309
4758 7347 25 313
4758 7348 24 312
4758 7349 23 310
4758 7350 22 311
4758 7351 20 315
4758 7352 18 313
4758 7353 17 315
4758 7354 16 314
4758 7355 14 318
4758 7356 13 314
4758 7357 12 316
4758 7358 10 319
4758 7359 9 322
4758 7360 6 319
4758 7361 5 323
4758 7362 4 322
4758 7363 4 325
4758 7364 3 322
5023 7615 370 393
5023 7616 364 388
5023 7617 363 384
5023 7618 359 385
5023 7619 358 385
5023 7620 355 383
5023 7621 353 386
5023 7622 349 389
5023 7623 346 384
5023 7624 344 385
5023 7625 341 388
5023 7626 338 391
5023 7627 333 387
5023 7628 332 389
5023 7629 330 391
5023 7630 327 394
5023 7631 323 393
5023 7632 320 392
5023 7633 317 396
5023 7634 313 396
5023 7635 310 393
5023 7636 309 395
5023 7637 305 397
5023 7638 301 396
5023 7639 298 398
5023 7640 296 399
5023 7641 291 397
5023 7642 289 397
5023 7643 286 399
5023 7644 283 400
5023 7645 281 401
5023 7646 277 403
5023 7647 274 402
5023 7648 271 402
5023 7649 267 401
5023 7650 263 397
5089 7748 602 337
5089 7749 600 337
5089 7750 599 338
5089 7751 599 339
5089 7752 597 339
5089 7753 594 340
5089 7754 593 340
5089 7755 591 339
5089 7756 589 341
5089 7757 588 342
5089 7758 586 341
5089 7759 585 342
5089 7760 584 342
5089 7761 581 343
5089 7762 579 345
5089 7763 578 345
5089 7764 576 344
5089 7765 576 345
5089 7766 573 345
5089 7767 571 346
5089 7768 570 345
5089 7769 568 349
5089 7770 565 347
5089 7771 564 347
5089 7772 562 349
5089 7773 561 352
5089 7774 558 351
5089 7775 557 353
5089 7776 555 350
5089 7777 553 352
5089 7778 550 354
5089 7779 548 350
5089 7780 546 353
5089 7781 542 357
5089 7782 538 360
5089 7783 537 356
5089 7784 537 356
5089 7785 534 356
5089 7786 532 353
5089 7787 530 355
5089 7788 527 358
5089 7789 526 356
5089 7790 523 357
5089 7791 519 358
5089 7792 516 359
5089 7793 516 359
5089 7794 515 355
5089 7795 509 360
5089 7796 507 362
5089 7797 506 365
5089 7798 505 362
5089 7799 504 356
5089 7800 500 357
5139 7835 410 381
5139 7836 409 379
5139 7837 408 378
5139 7838 406 379
5139 7839 401 380
5139 7840 399 380
5139 7841 397 379
5139 7842 396 383
5139 7843 391 382
5139 7844 388 384
5139 7845 386 385
5139 7846 386 382
5139 7847 378 384
5139 7848 380 384
5139 7849 377 384
5139 7850 375 385
5139 7851 370 386
5139 7852 367 385
5139 7853 365 386
5139 7854 362 384
5139 7855 358 385
5139 7856 355 386
5139 7857 352 387
5139 7858 351 387
5139 7859 345 386
5139 7860 342 387
5139 7861 342 387
5139 7862 338 387
5139 7863 332 387
5139 7864 330 387
5139 7865 329 389
5139 7866 326 387
5139 7867 320 388
5139 7868 317 389
5139 7869 318 388
5139 7870 313 388
5139 7871 309 388
5139 7872 306 389
5139 7873 305 389
5139 7874 302 390
5139 7875 296 389
5139 7876 293 390
5139 7877 291 389
5139 7878 288 388
5139 7879 283 388
5139 7880 281 389
5139 7881 280 389
5139 7882 276 390
5139 7883 269 389
5139 7884 270 389
5139 7885 267 390
5139 7886 264 388
5139 7887 259 389
5139 7888 256 389
5139 7889 256 389
5139 7890 252 390
5139 7891 249 384
5202 7938 99 394
5202 7939 100 387
5202 7940 100 386
5202 7941 95 385
5202 7942 91 381
5202 7943 89 382
5202 7944 86 383
5202 7945 84 381
5202 7946 82 380
5202 7947 77 380
5202 7948 75 381
5202 7949 70 379
5202 7950 69 378
5202 7951 67 379
5202 7952 65 378
5202 7953 62 378
5202 7954 60 377
5202 7955 57 378
5202 7956 56 377
5202 7957 53 375
5202 7958 51 375
5202 7959 49 374
5202 7960 46 372
5202 7961 44 372
5202 7962 41 371
5202 7963 39 371
5202 7964 37 369
5202 7965 35 369
5202 7966 33 368
5202 7967 30 368
5202 7968 28 366
5202 7969 25 366
5202 7970 21 366
5202 7971 21 366
5202 7972 18 365
5202 7973 16 365
5202 7974 12 365
5202 7975 10 365
5202 7976 10 367
5202 7977 9 369
5358 8095 208 311
5358 8096 212 311
5358 8097 215 311
5358 8098 215 309
5358 8099 217 312
5358 8100 220 311
5358 8101 223 312
5358 8102 225 313
5358 8103 226 311
5358 8104 229 313
5358 8105 232 315
5358 8106 233 315
5358 8107 235 315
5358 8108 238 317
5358 8109 243 317
5358 8110 243 317
5358 8111 246 317
5358 8112 249 318
5358 8113 250 320
5358 8114 253 319
5358 8115 258 322
5358 8116 260 322
5358 8117 263 322
5358 8118 265 321
5358 8119 268 323
5358 8120 269 324
5358 8121 272 322
5358 8122 276 324
5358 8123 279 325
5358 8124 281 326
5358 8125 284 325
5358 8126 287 327
5358 8127 289 328
5358 8128 292 328
5358 8129 294 328
5358 8130 298 330
5358 8131 299 331
5358 8132 305 331
5358 8133 307 331
5358 8134 309 332
5358 8135 310 333
5358 8136 316 333
5358 8137 319 334
5358 8138 320 335
5358 8139 324 334
5358 8140 326 335
5358 8141 330 336
5358 8142 333 336
5358 8143 339 336
5358 8144 341 338
5358 8145 343 339
5358 8146 346 337
5358 8147 349 339
5358 8148 352 341
5358 8149 356 342
5358 8150 362 342
5358 8151 363 344
5358 8152 365 345
5358 8153 367 342
5358 8154 370 346
6117 8981 487 268
6117 8982 484 264
6117 8983 478 264
6117 8984 473 262
6117 8985 460 262
6117 8986 456 261
6117 8987 449 261
6117 8988 437 260
6117 8989 427 259
6117 8990 417 259
6117 8991 410 258
6117 8992 400 257
6117 8993 389 256
6117 8994 381 255
6117 8995 373 255
6117 8996 363 254
6117 8997 354 253
6117 8998 357 253
6177 9032 106 293
6177 9033 108 290
6177 9034 109 293
6177 9035 104 294
6177 9036 103 297
6177 9037 103 297
6177 9038 100 298
6177 9039 97 299
6177 9040 94 301
6177 9041 88 309
6177 9042 90 303
6177 9043 86 304
6177 9044 85 302
6177 9045 77 303
6177 9046 83 305
6177 9047 75 304
6177 9048 72 305
6177 9049 71 306
6177 9050 73 307
6177 9051 67 307
6177 9052 68 309
6177 9053 67 309
6177 9054 63 310
6177 9055 63 311
6177 9056 60 311
6177 9057 61 315
6177 9058 58 321
6177 9059 55 316
6177 9060 50 316
6177 9061 53 314
6177 9062 51 313
6177 9063 49 317
6235 9071 67 299
6235 9072 69 295
6235 9073 72 296
6235 9074 77 295
6235 9075 79 292
6235 9076 82 292
6235 9077 86 291
6235 9078 90 290
6235 9079 93 288
6235 9080 97 287
6235 9081 101 285
6235 9082 103 287
6235 9083 107 283
6235 9084 110 282
6235 9085 113 278
6235 9086 117 279
6235 9087 120 276
6235 9088 124 275
6235 9089 125 276
6235 9090 128 273
6235 9091 133 273
6235 9092 137 272
6235 9093 139 269
6235 9094 142 268
6235 9095 146 270
6235 9096 149 271
6235 9097 153 269
6235 9098 155 269
6235 9099 158 268
6235 9100 161 270
6235 9101 166 267
6235 9102 167 265
6235 9103 169 265
6235 9104 172 264
6235 9105 173 264
6235 9106 177 263
6235 9107 179 261
6235 9108 182 261
6235 9109 183 263
6235 9110 187 259
6235 9111 188 260
6235 9112 189 258
6235 9113 193 258
6235 9114 193 257
6235 9115 195 256
6235 9116 196 256
6235 9117 197 256
6399 9278 172 348
6399 9279 172 350
6399 9280 173 352
6399 9281 172 355
6399 9282 176 351
6399 9283 176 351
6399 9284 178 353
6399 9285 179 356
6399 9286 179 356
6399 9287 179 354
6399 9288 181 360
6399 9289 180 359
6399 9290 181 361
6399 9291 182 358
6399 9292 183 362
6399 9293 184 361
6399 9294 186 366
6399 9295 187 365
6399 9296 185 363
6399 9297 189 367
6399 9298 189 368
6399 9299 189 368
6399 9300 191 369
6399 9301 195 366
6399 9302 194 370
6399 9303 197 371
6399 9304 198 373
6399 9305 199 374
6399 9306 199 374
6399 9307 200 375
6399 9308 202 376
6399 9309 203 377
6399 9310 205 379
6399 9311 207 380
6399 9312 209 378
6399 9313 211 380
6399 9314 211 382
6399 9315 213 383
6399 9316 213 385
6399 9317 214 386
6399 9318 216 384
6399 9319 218 386
6399 9320 219 388
6399 9321 222 388
6399 9322 222 389
6399 9323 222 386
6399 9324 224 389
6399 9325 226 393
6399 9326 227 393
6399 9327 229 394
6399 9328 231 397
6399 9329 232 398
6399 9330 233 397
6399 9331 237 398
6399 9332 237 400
6399 9333 235 403
6491 9361 247 347
6491 9362 245 344
6491 9363 248 350
6491 9364 248 344
6491 9365 253 340
6491 9366 256 344
6491 9367 259 340
6491 9368 260 342
6491 9369 265 339
6491 9370 268 337
6491 9371 270 338
6491 9372 275 338
6491 9373 277 337
6491 9374 279 337
6491 9375 281 336
6491 9376 285 334
6491 9377 289 332
6491 9378 290 334
6491 9379 292 333
6491 9380 296 327
6491 9381 299 331
6491 9382 301 325
6491 9383 302 329
6491 9384 306 323
6491 9385 309 324
6491 9386 311 326
6491 9387 314 320
6491 9388 316 324
6491 9389 318 320
6491 9390 315 321
6505 9374 328 304
6505 9375 329 305
6505 9376 330 305
6505 9377 332 306
6505 9378 333 306
6505 9379 335 307
6505 9380 337 307
6505 9381 338 308
6505 9382 339 309
6505 9383 341 309
6505 9384 343 311
6505 9385 343 310
6505 9386 345 311
6505 9387 347 312
6505 9388 348 313
6505 9389 349 313
6505 9390 350 316
6505 9391 352 315
6505 9392 354 315
6505 9393 355 314
6505 9394 356 316
6505 9395 359 317
6505 9396 359 317
6505 9397 360 318
6505 9398 363 318
6505 9399 365 321
6505 9400 366 321
6505 9401 366 320
6505 9402 369 322
6505 9403 370 323
6505 9404 373 322
6505 9405 374 323
6505 9406 376 325
6505 9407 377 326
6505 9408 379 325
6505 9409 381 326
6505 9410 383 328
6505 9411 385 329
6505 9412 387 329
6505 9413 387 330
6505 9414 390 331
6505 9415 392 332
6505 9416 394 331
6505 9417 395 333
6505 9418 399 333
6505 9419 400 334
6505 9420 401 334
6505 9421 403 335
6505 9422 407 336
6505 9423 409 337
6505 9424 411 337
6505 9425 414 337
6505 9426 415 338
6505 9427 417 340
6505 9428 418 339
6505 9429 421 340
6505 9430 424 340
6505 9431 426 341
6505 9432 427 339
6505 9433 431 341
6505 9434 434 342
6505 9435 436 343
6505 9436 437 343
6505 9437 440 342
6505 9438 446 343
6505 9439 446 343
6505 9440 447 346
6505 9441 451 344
6505 9442 456 346
6505 9443 457 344
6505 9444 461 347
6505 9445 462 348
6505 9446 468 346
6505 9447 469 345
6505 9448 470 345
6505 9449 473 348
6505 9450 478 344
6505 9451 479 348
6505 9452 480 350
6505 9453 483 352
6505 9454 489 351
6505 9455 490 346
6505 9456 491 352
6505 9457 494 347
6505 9458 498 353
7046 9945 158 249
7046 9946 153 248
7046 9947 155 248
7046 9948 155 249
7046 9949 160 250
7046 9950 158 250
7046 9951 156 249
7046 9952 161 251
7046 9953 162 251
7046 9954 165 253
7046 9955 164 254
7046 9956 163 254
7046 9957 166 252
7046 9958 167 254
7046 9959 170 259
7046 9960 169 254
7046 9961 170 259
7046 9962 170 260
7046 9963 170 262
7046 9964 170 264
7046 9965 169 263
7046 9966 169 264
7046 9967 168 265
7046 9968 167 266
7046 9969 167 267
7046 9970 166 264
7046 9971 165 265
7046 9972 163 266
7046 9973 163 267
7046 9974 162 269
7046 9975 160 270
7046 9976 156 272
7046 9977 155 272
7046 9978 154 274
7046 9979 149 275
7046 9980 147 276
7046 9981 143 276
7046 9982 142 279
7046 9983 138 281
7046 9984 133 281
7046 9985 130 283
7046 9986 127 285
7046 9987 122 286
7046 9988 118 288
7046 9989 114 289
7046 9990 110 290
7046 9991 106 293
7046 9992 101 294
7046 9993 97 296
7046 9994 93 298
7046 9995 90 299
7046 9996 85 301
7046 9997 80 304
7046 9998 76 305
7046 9999 73 306
7046 10000 68 308
7046 10001 63 311
7046 10002 59 312
7046 10003 55 314
7046 10004 51 316
7046 10005 47 318
7046 10006 42 320
7046 10007 39 321
7046 10008 36 323
7046 10009 31 325
7046 10010 30 326
7046 10011 26 327
7046 10012 23 329
7046 10013 22 331
7046 10014 23 329
7046 10015 19 333
7046 10016 18 334
7046 10017 16 335
7046 10018 15 333
7046 10019 14 337
7046 10020 10 339
7046 10021 9 339
7046 10022 12 336
7046 10023 11 337
7046 10024 4 337
7046 10025 6 338
7046 10026 5 339
7046 10027 9 340
7046 10028 3 337
7046 10029 8 337
7046 10030 5 333
7046 10031 6 334
7046 10032 5 335
7046 10033 5 335
7046 10034 4 336
7046 10035 3 338
7309 10496 210 250
7309 10497 213 248
7309 10498 211 247
7309 10499 210 251
7309 10500 207 246
7309 10501 203 253
7309 10502 202 255
7309 10503 191 257
7309 10504 186 257
7309 10505 190 258
7309 10506 184 259
7309 10507 179 261
7309 10508 187 257
7309 10509 173 263
7309 10510 170 265
7309 10511 166 266
7309 10512 163 267
7309 10513 159 268
7309 10514 161 269
7309 10515 153 270
7309 10516 149 272
7309 10517 146 272
7309 10518 143 275
7309 10519 145 275
7309 10520 146 274
7309 10521 141 275
7309 10522 128 277
7440 10797 498 408
7440 10798 492 410
7440 10799 488 409
7440 10800 488 411
7440 10801 484 406
7440 10802 479 405
7440 10803 478 404
7440 10804 475 401
7440 10805 472 400
7440 10806 468 397
7440 10807 466 395
7440 10808 464 397
7440 10809 458 392
7440 10810 454 391
7440 10811 455 386
7440 10812 448 388
7440 10813 447 388
7440 10814 445 383
7440 10815 444 380
7440 10816 438 382
7440 10817 436 381
7440 10818 436 377
7440 10819 433 371
7445 10819 429 378
7445 10820 425 379
7445 10821 425 376
7445 10822 423 377
7445 10823 419 372
7445 10824 419 373
7445 10825 415 370
7445 10826 413 365
7445 10827 409 368
7445 10828 408 365
7445 10829 404 365
7445 10830 404 364
7445 10831 401 364
7445 10832 399 359
7445 10833 395 359
7445 10834 391 359
7445 10835 391 358
7445 10836 389 354
7445 10837 385 355
7445 10838 384 355
7445 10839 381 355
7445 10840 380 351
7445 10841 379 350
7445 10842 377 348
7445 10843 374 347
7445 10844 371 346
7445 10845 370 346
7445 10846 369 341
7445 10847 368 342
7445 10848 366 341
7445 10849 364 340
7445 10850 362 339
7445 10851 360 338
7445 10852 360 338
7445 10853 358 336
7445 10854 358 338
7445 10855 356 334
7445 10856 355 335
7445 10857 353 331
7445 10858 352 330
7445 10859 350 329
7445 10860 349 329
7445 10861 348 327
7445 10862 347 326
7445 10863 345 325
7445 10864 346 328
7445 10865 343 325
7445 10866 341 322
7445 10867 340 320
7445 10868 339 318
7445 10869 339 320
7445 10870 337 317
7445 10871 336 319
7445 10872 337 319
7469 10896 307 294
7469 10897 306 296
7469 10898 304 297
7469 10899 302 295
7469 10900 301 294
7469 10901 300 292
7469 10902 299 293
7469 10903 297 291
7469 10904 297 293
7469 10905 295 290
7469 10906 294 287
7469 10907 293 287
7469 10908 291 289
7469 10909 290 289
7469 10910 288 290
7469 10911 286 289
7469 10912 285 288
7469 10913 284 286
7469 10914 282 286
7469 10915 282 287
7469 10916 280 285
7469 10917 278 285
7469 10918 276 284
7469 10919 275 280
7469 10920 275 282
7469 10921 272 283
7469 10922 271 281
7469 10923 269 281
7469 10924 270 280
7469 10925 268 279
7469 10926 267 279
7469 10927 265 278
7469 10928 264 277
7469 10929 263 276
7469 10930 260 279
7469 10931 259 275
7469 10932 258 275
7469 10933 257 275
7469 10934 257 273
7469 10935 254 274
7469 10936 253 274
7469 10937 252 273
7469 10938 249 272
7469 10939 248 273
7469 10940 246 271
7469 10941 245 273
7469 10942 243 271
7469 10943 243 271
7469 10944 239 271
7469 10945 238 271
7469 10946 237 269
7469 10947 234 270
7469 10948 233 267
7469 10949 232 269
7469 10950 231 268
7469 10951 227 269
7469 10952 225 270
7469 10953 224 269
7469 10954 222 269
7469 10955 222 264
7705 11154 183 277
7705 11155 185 276
7705 11156 185 276
7705 11157 185 276
7705 11158 187 275
7705 11159 192 277
7705 11160 193 274
7705 11161 194 275
7705 11162 195 273
7705 11163 200 273
7705 11164 200 274
7705 11165 201 274
7705 11166 203 273
7705 11167 206 273
7705 11168 207 274
7705 11169 207 274
7705 11170 211 273
7705 11171 212 273
7705 11172 214 272
7705 11173 215 272
7705 11174 215 271
7705 11175 219 270
7705 11176 221 269
7705 11177 221 270
7705 11178 223 270
7705 11179 226 269
7705 11180 228 268
7705 11181 228 268
7705 11182 231 265
7705 11183 233 267
7705 11184 233 266
7705 11185 235 266
7705 11186 236 265
7705 11187 239 265
7705 11188 240 265
7705 11189 242 268
7705 11190 242 265
7705 11191 244 263
7705 11192 245 263
7705 11193 246 263
7705 11194 249 262
7705 11195 250 262
7705 11196 251 262
7705 11197 253 263
7705 11198 255 260
7705 11199 256 260
7705 11200 256 261
7705 11201 258 262
7705 11202 261 261
7705 11203 263 258
7899 11292 343 259
7899 11293 357 259
7899 11294 372 260
7899 11295 386 262
7899 11296 399 262
7899 11297 416 264
7899 11298 433 266
7899 11299 449 267
7899 11300 464 268
7899 11301 471 268
7899 11302 480 268
7899 11303 490 270
7943 11366 235 257
7943 11367 247 252
7943 11368 259 253
7943 11369 271 255
7943 11370 287 256
7943 11371 302 257
7943 11372 318 258
7943 11373 332 260
7943 11374 346 261
7943 11375 364 262
7943 11376 381 263
8179 11762 340 272
8179 11763 339 272
8179 11764 338 272
8179 11765 337 273
8179 11766 335 273
8179 11767 333 272
8179 11768 332 274
8179 11769 331 274
8179 11770 328 274
8179 11771 327 275
8179 11772 326 275
8179 11773 324 275
8179 11774 323 275
8179 11775 322 276
8179 11776 321 275
8179 11777 318 276
8179 11778 317 277
8179 11779 315 277
8179 11780 313 279
8179 11781 311 278
8179 11782 311 272
8179 11783 308 279
8179 11784 307 279
8179 11785 305 280
8179 11786 303 280
8179 11787 301 280
8179 11788 301 280
8179 11789 299 281
8179 11790 300 285
8179 11791 296 280
8179 11792 294 281
8179 11793 292 282
8179 11794 291 281
8179 11795 290 283
8179 11796 287 283
8179 11797 285 284
8179 11798 284 284
8179 11799 282 284
8179 11800 281 284
8179 11801 279 284
8179 11802 277 285
8179 11803 276 285
8179 11804 273 286
8179 11805 272 286
8179 11806 271 286
8179 11807 269 286
8179 11808 268 287
8179 11809 267 287
8179 11810 264 287
8179 11811 262 288
8179 11812 261 287
8179 11813 259 287
8179 11814 257 289
8179 11815 256 290
8179 11816 255 290
8179 11817 254 290
8179 11818 252 290
8179 11819 251 294
8179 11820 252 291
8223 11875 355 259
8223 11876 357 259
8223 11877 360 261
8223 11878 362 259
8223 11879 363 259
8223 11880 364 258
8223 11881 366 260
8223 11882 370 259
8223 11883 371 261
8223 11884 372 259
8223 11885 375 258
8223 11886 378 259
8223 11887 379 259
8223 11888 380 257
8223 11889 383 258
8223 11890 386 260
8223 11891 387 258
8223 11892 390 260
8223 11893 392 259
8223 11894 393 259
8223 11895 394 258
8223 11896 397 258
8223 11897 399 257
8223 11898 402 257
8223 11899 402 257
8223 11900 404 257
8223 11901 408 252
8223 11902 410 254
8223 11903 410 257
8223 11904 413 258
8223 11905 414 257
8223 11906 416 255
8223 11907 419 256
8223 11908 421 255
8223 11909 423 255
8223 11910 425 256
8223 11911 426 255
8223 11912 427 257
8223 11913 431 257
8223 11914 433 254
8223 11915 433 256
8223 11916 436 255
8223 11917 437 258
8223 11918 439 257
8223 11919 442 255
8223 11920 442 258
8223 11921 445 257
8223 11922 447 257
8223 11923 448 256
8223 11924 449 257
8223 11925 453 257
8223 11926 455 257
8223 11927 455 255
8223 11928 457 257
8223 11929 460 255
8223 11930 461 257
8223 11931 462 256
8223 11932 464 257
8223 11933 468 257
8223 11934 468 257
8223 11935 470 255
8223 11936 471 258
8223 11937 475 258
8223 11938 475 257
8223 11939 477 254
8223 11940 480 254
8223 11941 482 254
8223 11942 483 255
8223 11943 485 253
8223 11944 484 256
8223 11945 487 256
8223 11946 490 253
8223 11947 490 252
8223 11948 492 249
8223 11949 494 253
8591 12537 212 324
8591 12538 215 323
8591 12539 216 321
8591 12540 217 322
8591 12541 217 326
8591 12542 219 324
8591 12543 221 326
8591 12544 222 325
8591 12545 224 327
8591 12546 226 326
8591 12547 227 329
8591 12548 228 331
8591 12549 229 332
8591 12550 231 329
8591 12551 234 330
8591 12552 235 331
8591 12553 237 334
8591 12554 238 337
8591 12555 240 333
8591 12556 241 338
8591 12557 243 338
8591 12558 245 335
8591 12559 247 336
8591 12560 250 340
8591 12561 252 339
8591 12562 254 338
8591 12563 254 342
8591 12564 256 344
8591 12565 258 343
8591 12566 260 342
8591 12567 262 344
8591 12568 264 344
8591 12569 266 344
8591 12570 268 346
8591 12571 270 345
8591 12572 271 348
8591 12573 273 346
8591 12574 274 348
8591 12575 276 351
8591 12576 278 350
8591 12577 280 352
8591 12578 282 350
8591 12579 284 354
8591 12580 285 352
8591 12581 288 354
8591 12582 290 355
8591 12583 292 358
8591 12584 297 353
8591 12585 297 356
8591 12586 298 358
8591 12587 297 359
8591 12588 301 359
8591 12589 304 363
8591 12590 304 364
8591 12591 306 364
8591 12592 310 366
8591 12593 311 365
8591 12594 312 368
8591 12595 315 370
8591 12596 317 369
8591 12597 320 368
8591 12598 322 369
8591 12599 324 368
8591 12600 326 374
8591 12601 327 375
8591 12602 329 374
8591 12603 331 373
8591 12604 334 375
8591 12605 335 379
8591 12606 339 376
8591 12607 341 379
8591 12608 342 381
8591 12609 345 383
8591 12610 347 385
8591 12611 349 383
8591 12612 351 386
8591 12613 353 387
8591 12614 358 388
8591 12615 359 386
8591 12616 361 391
8591 12617 363 393
8591 12618 366 393
8591 12619 368 395
8591 12620 371 395
8591 12621 376 398
8591 12622 379 396
8591 12623 380 397
8591 12624 381 399
8591 12625 386 401
8591 12626 390 402
8591 12627 391 401
8591 12628 395 399
8591 12629 397 406
8591 12630 399 407
8591 12631 401 406
8591 12632 405 408
8591 12633 408 410
8591 12634 409 416
8591 12635 412 411
8591 12636 415 409
8591 12637 418 413
8591 12638 420 416
8591 12639 424 414
8591 12640 426 419
8591 12641 429 421
8591 12642 429 419
8591 12643 435 418
8591 12644 438 419
8591 12645 439 425
8591 12646 442 427
8591 12647 445 423
8591 12648 447 426
8591 12649 450 430
8591 12650 455 430
8591 12651 457 430
8591 12652 458 437
8591 12653 461 437
8591 12654 463 439
8591 12655 467 440
8591 12656 468 439
8591 12657 472 443
8591 12658 477 441
8591 12659 478 443
8591 12660 481 443
8591 12661 481 448
8591 12662 487 452
8591 12663 486 456
8591 12664 486 459
8591 12665 489 462
8591 12666 493 462
8659 12663 492 446
8659 12664 494 449
8659 12665 498 449
8659 12666 501 451
8659 12667 503 458
8659 12668 504 459
8659 12669 506 458
8659 12670 513 459
8659 12671 517 463
8659 12672 521 459
8659 12673 523 460
8659 12674 526 465
8659 12675 526 466
8659 12676 531 467
8659 12677 537 467
8659 12678 539 466
8659 12679 543 468
8659 12680 547 470
8659 12681 549 470
8659 12682 552 473
8659 12683 557 472
8659 12684 561 473
8659 12685 565 473
8659 12686 568 474
8659 12687 572 475
8659 12688 576 475
8659 12689 577 475
8700 12796 636 431
8700 12797 636 430
8700 12798 636 428
8700 12799 634 433
8700 12800 632 433
8700 12801 630 431
8700 12802 627 435
8700 12803 628 436
8700 12804 625 437
8700 12805 624 441
8700 12806 625 435
8700 12807 616 441
8700 12808 617 443
8700 12809 612 440
8700 12810 608 443
8700 12811 606 443
8700 12812 607 446
8700 12813 605 451
8700 12814 599 449
8700 12815 599 450
8700 12816 597 453
8700 12817 596 451
8700 12818 592 457
8700 12819 587 462
8708 12821 582 454
8708 12822 577 455
8708 12823 576 459
8708 12824 577 457
8708 12825 574 458
8708 12826 572 459
8708 12827 567 459
8708 12828 563 457
8708 12829 560 462
8708 12830 556 464
8708 12831 555 467
8708 12832 553 463
8708 12833 548 465
8708 12834 549 468
8708 12835 545 467
8708 12836 541 466
8708 12837 538 469
8708 12838 539 470
8708 12839 534 471
8708 12840 530 471
8708 12841 529 471
8708 12842 524 472
8708 12843 521 473
8708 12844 518 472
8708 12845 515 474
8708 12846 513 475
8708 12847 508 474
8708 12848 505 475
8708 12849 503 472
8708 12850 501 469
8772 12949 89 476
8772 12950 86 475
8772 12951 82 475
8772 12952 77 475
8772 12953 75 474
8772 12954 69 471
8772 12955 66 471
8772 12956 62 469
8772 12957 60 467
8772 12958 56 465
8772 12959 53 463
8772 12960 50 462
8772 12961 46 461
8772 12962 41 459
8772 12963 38 458
8772 12964 36 457
8772 12965 33 456
8772 12966 29 454
8772 12967 26 452
8772 12968 23 451
8772 12969 20 450
8772 12970 16 449
8772 12971 12 448
8772 12972 10 448
8772 12973 7 448
8772 12974 5 446
8772 12975 3 446
8959 13080 73 301
8959 13081 70 303
8959 13082 66 305
8959 13083 62 307
8959 13084 57 309
8959 13085 53 311
8959 13086 50 313
8959 13087 44 315
8959 13088 39 318
8959 13089 34 320
8959 13090 31 322
8959 13091 27 324
8959 13092 21 327
8959 13093 16 330
8959 13094 16 332
8959 13095 21 330
8959 13096 25 325
8959 13097 20 327
8959 13098 15 325
9042 13238 148 279
9042 13239 146 280
9042 13240 145 281
9042 13241 136 282
9042 13242 138 284
9042 13243 133 286
9042 13244 129 288
9042 13245 125 291
9042 13246 120 292
9042 13247 115 295
9042 13248 109 298
9042 13249 104 300
9042 13250 99 303
9042 13251 94 305
9042 13252 88 308
9042 13253 81 311
9042 13254 76 313
9042 13255 70 315
9042 13256 63 320
9042 13257 56 322
9042 13258 50 326
9042 13259 44 329
9042 13260 39 329
9042 13261 29 335
9042 13262 27 331
9042 13263 23 337
9042 13264 20 336
9042 13265 16 339
9042 13266 12 341