204 1037 478 265
204 1038 465 264
204 1039 447 262
204 1040 433 261
204 1041 411 258
204 1042 386 257
204 1043 374 255
204 1044 354 254
204 1045 333 252
204 1046 319 251
204 1047 304 249
204 1048 288 248
204 1049 271 247
312 1636 468 260
312 1637 454 260
312 1638 434 258
312 1639 411 256
312 1640 389 254
312 1641 361 252
312 1642 342 249
312 1643 321 248
312 1644 299 246
499 2062 441 263
499 2063 429 262
499 2064 417 261
499 2065 405 261
499 2066 396 259
499 2067 379 257
499 2068 366 255
499 2069 362 254
499 2070 354 255
499 2071 342 254
499 2072 331 253
499 2073 321 253
499 2074 312 252
499 2075 300 251
499 2076 290 251
499 2077 279 250
499 2078 281 249
541 2335 389 260
541 2336 394 257
541 2337 378 257
541 2338 361 255
541 2339 346 254
541 2340 331 252
541 2341 313 251
541 2342 295 250
541 2343 281 248
541 2344 267 247
541 2345 268 246
580 2571 490 264
580 2572 484 265
580 2573 479 265
580 2574 473 265
580 2575 466 265
580 2576 453 264
580 2577 438 263
580 2578 425 260
580 2579 414 261
580 2580 403 260
580 2581 392 259
580 2582 380 258
580 2583 368 257
580 2584 360 256
580 2585 348 255
580 2586 334 254
580 2587 324 253
580 2588 314 252
580 2589 303 250
580 2590 292 250
580 2591 283 248
580 2592 263 248
633 2664 220 408
633 2665 220 405
633 2666 216 405
633 2667 217 412
633 2668 217 415
633 2669 216 415
633 2670 214 417
633 2671 213 419
633 2672 209 417
633 2673 208 421
633 2674 205 424
633 2675 206 424
633 2676 205 425
633 2677 203 427
633 2678 200 428
633 2679 198 431
633 2680 195 432
633 2681 193 433
633 2682 192 437
633 2683 192 435
633 2684 189 438
633 2685 187 439
633 2686 185 440
633 2687 183 443
633 2688 180 443
633 2689 178 445
633 2690 177 446
633 2691 176 449
633 2692 174 451
633 2693 172 453
633 2694 170 454
633 2695 167 456
633 2696 165 458
633 2697 163 459
633 2698 161 465
633 2699 160 462
633 2700 159 462
633 2701 157 464
633 2702 155 465
633 2703 154 466
633 2704 151 467
633 2705 150 468
633 2706 145 469
633 2707 143 469
633 2708 142 471
633 2709 141 472
633 2710 141 473
820 3017 26 315
820 3018 29 318
820 3019 32 316
820 3020 36 316
820 3021 38 312
820 3022 38 311
820 3023 39 308
820 3024 42 309
820 3025 42 308
820 3026 43 306
820 3027 43 305
820 3028 44 305
820 3029 46 304
820 3030 47 304
820 3031 49 305
820 3032 49 304
820 3033 51 302
820 3034 51 299
820 3035 51 299
820 3036 52 298
820 3037 54 299
820 3038 53 299
820 3039 54 300
820 3040 58 297
820 3041 58 296
820 3042 60 295
820 3043 60 295
820 3044 60 295
820 3045 61 295
820 3046 63 291
820 3047 64 291
820 3048 65 290
820 3049 65 287
820 3050 66 289
820 3051 68 290
820 3052 69 286
820 3053 70 285
820 3054 71 285
820 3055 72 288
820 3056 73 288
820 3057 73 283
820 3058 76 287
820 3059 75 282
820 3060 76 282
820 3061 76 282
820 3062 78 285
820 3063 78 282
820 3064 80 282
820 3065 82 282
820 3066 83 278
820 3067 85 278
820 3068 88 278
820 3069 88 277
820 3070 90 273
820 3071 91 274
820 3072 91 272
820 3073 92 272
820 3074 94 269
820 3075 95 270
852 3161 498 263
852 3162 502 266
852 3163 504 282
852 3164 513 284
852 3165 526 287
852 3166 527 307
852 3167 529 308
852 3168 532 310
852 3169 532 315
971 3420 83 476
971 3421 86 476
971 3422 87 474
971 3423 90 472
971 3424 90 471
971 3425 92 470
971 3426 93 470
971 3427 96 469
971 3428 99 468
971 3429 100 467
971 3430 102 466
971 3431 103 465
971 3432 105 463
971 3433 106 463
971 3434 107 462
971 3435 109 460
971 3436 107 461
971 3437 111 457
971 3438 111 456
971 3439 113 451
971 3440 113 449
971 3441 115 452
971 3442 116 449
971 3443 117 448
971 3444 117 442
971 3445 119 440
971 3446 120 439
971 3447 122 437
971 3448 123 436
971 3449 125 437
971 3450 126 437
971 3451 128 436
971 3452 127 434
971 3453 131 431
971 3454 130 420
971 3455 133 426
971 3456 134 426
971 3457 137 426
971 3458 136 425
971 3459 135 425
990 3458 142 428
990 3459 143 427
990 3460 140 422
990 3461 141 419
990 3462 142 420
990 3463 144 413
990 3464 146 416
990 3465 147 415
990 3466 148 411
990 3467 150 410
990 3468 150 411
990 3469 153 410
990 3470 153 405
990 3471 156 408
990 3472 157 404
990 3473 158 404
990 3474 160 403
990 3475 162 403
990 3476 163 397
990 3477 164 398
990 3478 165 395
990 3479 166 397
990 3480 168 395
990 3481 168 394
990 3482 170 394
990 3483 171 392
990 3484 172 388
990 3485 173 389
990 3486 176 389
990 3487 175 383
990 3488 176 385
990 3489 177 381
990 3490 178 383
990 3491 180 381
990 3492 182 385
990 3493 183 382
990 3494 183 377
990 3495 183 377
990 3496 184 375
990 3497 186 377
990 3498 187 371
990 3499 187 366
990 3500 188 370
990 3501 189 369
990 3502 190 367
990 3503 190 369
990 3504 190 369
990 3505 191 366
990 3506 193 363
990 3507 194 361
990 3508 195 362
990 3509 194 354
990 3510 195 351
1033 3549 583 365
1033 3550 582 369
1033 3551 576 369
1033 3552 577 370
1033 3553 570 369
1033 3554 572 368
1033 3555 570 367
1033 3556 567 368
1033 3557 565 369
1033 3558 562 369
1033 3559 560 369
1033 3560 558 370
1033 3561 557 366
1033 3562 550 369
1033 3563 551 368
1033 3564 548 367
1033 3565 546 369
1033 3566 542 369
1033 3567 542 367
1033 3568 540 369
1033 3569 535 369
1033 3570 532 369
1033 3571 533 367
1033 3572 530 368
1033 3573 525 369
1033 3574 523 369
1033 3575 520 369
1033 3576 517 368
1033 3577 515 368
1033 3578 516 366
1033 3579 510 368
1033 3580 508 368
1033 3581 506 368
1033 3582 503 368
1033 3583 501 367
1033 3584 498 368
1033 3585 495 367
1033 3586 494 368
1033 3587 491 367
1033 3588 488 367
1033 3589 486 368
1033 3590 482 367
1033 3591 484 366
1033 3592 481 366
1033 3593 478 367
1033 3594 473 367
1033 3595 472 367
1033 3596 469 368
1033 3597 465 367
1033 3598 463 367
1033 3599 463 367
1033 3600 458 367
1033 3601 456 365
1033 3602 453 367
1033 3603 450 367
1033 3604 449 361
1033 3605 445 366
1033 3606 443 366
1033 3607 444 366
1033 3608 439 366
1033 3609 434 367
1033 3610 433 364
1033 3611 433 365
1033 3612 428 365
1033 3613 428 364
1033 3614 423 366
1033 3615 422 365
1033 3616 417 364
1033 3617 415 364
1033 3618 413 365
1033 3619 410 363
1033 3620 407 364
1033 3621 405 364
1033 3622 403 364
1033 3623 400 363
1033 3624 397 363
1033 3625 395 363
1033 3626 391 363
1033 3627 392 358
1033 3628 386 362
1033 3629 385 362
1033 3630 382 362
1033 3631 379 360
1033 3632 377 362
1033 3633 375 362
1033 3634 370 361
1033 3635 367 362
1033 3636 368 362
1033 3637 365 361
1033 3638 360 361
1033 3639 358 361
1033 3640 356 362
1033 3641 354 361
1033 3642 350 360
1033 3643 347 360
1033 3644 344 361
1033 3645 342 360
1033 3646 338 360
1033 3647 335 360
1033 3648 333 357
1033 3649 331 355
1033 3650 330 358
1033 3651 327 356
1033 3652 324 359
1033 3653 318 358
1033 3654 318 359
1033 3655 315 358
1033 3656 313 358
1033 3657 309 359
1033 3658 306 353
1033 3659 303 353
1033 3660 301 352
1033 3661 299 357
1033 3662 297 358
1033 3663 292 357
1033 3664 289 356
1033 3665 288 357
1033 3666 283 351
1033 3667 283 354
1033 3668 279 356
1033 3669 278 356
1033 3670 276 355
1033 3671 272 356
1033 3672 269 356
1033 3673 268 356
1033 3674 264 351
1033 3675 262 355
1033 3676 260 355
1033 3677 258 352
1033 3678 256 354
1033 3679 251 354
1033 3680 250 354
1033 3681 248 354
1033 3682 244 352
1033 3683 241 352
1033 3684 241 353
1033 3685 239 348
1033 3686 237 352
1033 3687 233 353
1033 3688 231 351
1033 3689 227 350
1033 3690 225 348
1033 3691 224 350
1033 3692 222 350
1033 3693 219 350
1033 3694 217 350
1033 3695 215 350
1033 3696 213 350
1033 3697 211 349
1033 3698 208 348
1033 3699 205 349
1033 3700 204 349
1033 3701 200 348
1033 3702 198 348
1033 3703 195 348
1033 3704 190 345
1033 3705 191 344
1033 3706 190 347
1033 3707 188 348
1033 3708 185 347
1033 3709 182 349
1033 3710 180 345
1033 3711 179 346
1033 3712 175 345
1033 3713 173 345
1033 3714 170 345
1033 3715 170 344
1033 3716 167 344
1033 3717 165 344
1033 3718 164 342
1033 3719 161 342
1033 3720 158 338
1033 3721 156 338
1033 3722 154 341
1033 3723 152 341
1033 3724 150 340
1033 3725 147 341
1033 3726 145 338
1033 3727 143 337
1033 3728 141 336
1033 3729 139 339
1033 3730 138 338
1033 3731 135 337
1033 3732 133 336
1033 3733 133 339
1033 3734 131 338
1033 3735 127 337
1033 3736 126 337
1033 3737 123 333
1033 3738 124 339
1033 3739 121 334
1033 3740 121 341
1140 3742 111 328
1140 3743 110 330
1140 3744 108 331
1140 3745 106 335
1140 3746 105 335
1140 3747 103 334
1140 3748 102 334
1140 3749 101 334
1140 3750 98 334
1140 3751 96 333
1140 3752 95 334
1140 3753 92 333
1140 3754 89 330
1140 3755 89 332
1140 3756 85 332
1140 3757 86 332
1140 3758 83 332
1140 3759 82 331
1140 3760 80 331
1140 3761 78 331
1140 3762 74 330
1140 3763 75 331
1140 3764 72 330
1140 3765 70 330
1140 3766 70 330
1140 3767 65 326
1140 3768 66 330
1140 3769 64 328
1140 3770 60 328
1140 3771 59 329
1140 3772 57 326
1140 3773 55 328
1140 3774 52 323
1140 3775 53 328
1140 3776 52 327
1140 3777 51 327
1140 3778 48 327
1140 3779 47 327
1140 3780 46 325
1140 3781 45 325
1140 3782 42 325
1140 3783 40 323
1140 3784 40 324
1140 3785 36 323
1140 3786 37 324
1140 3787 32 321
1140 3788 31 319
1140 3789 32 323
1140 3790 28 322
1140 3791 27 321
1140 3792 25 318
1140 3793 24 319
1140 3794 23 320
1140 3795 23 321
1140 3796 20 324
1140 3797 20 322
1140 3798 19 321
1140 3799 17 320
1140 3800 13 317
1140 3801 12 317
1140 3802 14 319
1140 3803 13 319
1140 3804 12 318
1140 3805 10 316
1140 3806 7 316
1140 3807 5 315
1140 3808 5 315
1140 3809 6 316
1140 3810 3 316
1140 3811 3 315
1179 3924 472 264
1179 3925 466 264
1179 3926 453 263
1179 3927 436 262
1179 3928 421 260
1179 3929 405 258
1179 3930 393 257
1179 3931 381 257
1179 3932 365 255
1179 3933 351 254
1179 3934 339 254
1179 3935 327 252
1179 3936 313 251
1179 3937 299 250
1179 3938 288 248
1179 3939 277 248
1179 3940 265 247
1179 3941 255 246
1180 3928 391 475
1180 3929 394 475
1180 3930 395 474
1180 3931 397 473
1180 3932 399 473
1180 3933 403 472
1180 3934 406 472
1180 3935 407 472
1180 3936 411 471
1180 3937 413 470
1180 3938 415 469
1180 3939 417 469
1180 3940 420 468
1180 3941 425 468
1180 3942 426 467
1180 3943 427 467
1180 3944 433 466
1180 3945 434 466
1180 3946 435 466
1180 3947 437 464
1180 3948 440 464
1180 3949 444 464
1180 3950 446 464
1180 3951 448 463
1180 3952 450 463
1180 3953 453 462
1180 3954 456 461
1180 3955 461 461
1180 3956 468 460
1180 3957 471 459
1180 3958 467 459
1180 3959 468 459
1180 3960 468 459
1180 3961 470 458
1180 3962 480 458
1180 3963 478 457
1180 3964 478 455
1180 3965 481 456
1180 3966 482 448
1180 3967 484 455
1180 3968 478 460
1392 4171 485 265
1392 4172 480 263
1392 4173 472 264
1392 4174 459 264
1392 4175 440 262
1392 4176 415 259
1392 4177 397 257
1392 4178 385 257
1392 4179 365 255
1392 4180 346 254
1392 4181 335 254
1392 4182 318 251
1392 4183 300 249
1392 4184 288 248
1392 4185 277 248
1392 4186 265 247
1392 4187 250 246
1676 4849 160 267
1676 4850 155 268
1676 4851 152 271
1676 4852 152 272
1676 4853 150 274
1676 4854 145 276
1676 4855 141 277
1676 4856 138 279
1676 4857 131 282
1676 4858 128 284
1676 4859 123 285
1676 4860 119 287
1676 4861 118 288
1676 4862 113 290
1676 4863 108 292
1676 4864 108 294
1676 4865 101 295
1676 4866 98 297
1676 4867 92 300
1676 4868 91 302
1676 4869 88 304
1676 4870 81 305
1676 4871 80 307
1676 4872 74 309
1676 4873 71 309
1676 4874 66 312
1676 4875 62 314
1676 4876 61 315
1676 4877 57 317
1676 4878 51 318
1676 4879 48 321
1676 4880 41 324
1676 4881 36 325
1678 4855 118 285
1678 4856 116 289
1678 4857 113 289
1678 4858 108 290
1678 4859 103 293
1678 4860 99 295
1678 4861 96 298
1678 4862 91 298
1678 4863 86 300
1678 4864 83 301
1678 4865 79 305
1678 4866 76 304
1678 4867 68 308
1678 4868 63 314
1678 4869 58 315
1678 4870 56 313
1678 4871 54 315
1678 4872 49 317
1678 4873 46 320
1678 4874 41 321
1678 4875 37 323
1678 4876 33 324
1678 4877 29 326
1678 4878 25 328
1678 4879 20 330
1678 4880 15 334
1678 4881 12 336
1678 4882 22 333
1678 4883 14 338
1678 4884 10 340
1678 4885 6 346
1691 4886 383 258
1691 4887 376 258
1691 4888 356 256
1691 4889 333 254
1691 4890 311 252
1691 4891 292 250
1691 4892 275 248
1691 4893 259 247
1691 4894 248 247
1746 5040 124 284
1746 5041 126 284
1746 5042 121 287
1746 5043 116 289
1746 5044 112 291
1746 5045 108 293
1746 5046 102 295
1746 5047 96 299
1746 5048 92 302
1746 5049 87 303
1746 5050 80 307
1746 5051 73 310
1746 5052 67 312
1746 5053 58 317
1746 5054 51 321
1746 5055 47 322
1746 5056 41 325
1746 5057 31 330
1746 5058 35 328
1746 5059 32 329
1867 5158 433 386
1867 5159 432 387
1867 5160 428 386
1867 5161 428 388
1867 5162 425 387
1867 5163 423 388
1867 5164 422 388
1867 5165 420 388
1867 5166 414 389
1867 5167 408 390
1867 5168 402 390
1867 5169 398 391
1867 5170 397 387
1867 5171 392 393
1867 5172 389 393
1867 5173 387 393
1867 5174 384 393
1867 5175 382 389
1867 5176 377 394
1867 5177 372 394
1867 5178 371 396
1867 5179 366 397
1867 5180 365 396
1867 5181 362 398
1867 5182 359 399
1867 5183 356 400
1867 5184 354 401
1867 5185 353 401
1867 5186 350 402
1867 5187 347 404
1867 5188 347 397
1867 5189 344 396
1957 5278 272 431
1957 5279 273 434
1957 5280 271 435
1957 5281 270 435
1957 5282 268 438
1957 5283 266 438
1957 5284 264 442
1957 5285 261 442
1957 5286 257 442
1957 5287 257 445
1957 5288 253 447
1957 5289 252 447
1957 5290 249 448
1957 5291 246 444
1957 5292 243 452
1957 5293 240 454
1957 5294 237 454
1957 5295 234 454
1957 5296 232 456
1957 5297 226 456
1957 5298 223 459
1957 5299 220 459
1957 5300 219 460
1957 5301 215 460
1957 5302 211 461
1957 5303 207 462
1957 5304 203 462
1957 5305 198 462
1957 5306 194 467
1957 5307 191 463
1957 5308 188 463
1957 5309 184 463
1957 5310 181 463
1957 5311 177 464
1957 5312 173 464
1957 5313 170 465
1957 5314 165 465
1957 5315 158 465
1957 5316 158 465
1957 5317 155 465
1957 5318 149 465
1957 5319 148 465
1957 5320 141 466
1957 5321 140 467
1957 5322 133 467
1957 5323 128 466
1957 5324 125 467
1957 5325 122 467
1957 5326 118 467
1957 5327 114 467
1957 5328 110 466
1957 5329 106 468
1957 5330 103 468
1957 5331 100 468
1957 5332 93 469
1957 5333 90 468
1957 5334 87 468
1957 5335 83 469
1957 5336 79 469
1957 5337 82 469
2071 5477 278 254
2071 5478 277 256
2071 5479 279 253
2071 5480 293 253
2071 5481 304 255
2071 5482 314 256
2071 5483 328 258
2071 5484 346 260
2071 5485 357 258
2071 5486 364 261
2071 5487 375 261
2071 5488 389 262
2071 5489 403 264
2071 5490 415 265
2071 5491 427 265
2071 5492 436 271
2487 5921 167 247
2487 5922 171 251
2487 5923 173 253
2487 5924 173 257
2487 5925 171 259
2487 5926 169 262
2487 5927 164 266
2487 5928 159 269
2487 5929 154 272
2487 5930 147 276
2487 5931 141 280
2487 5932 136 281
2487 5933 129 286
2487 5934 122 289
2487 5935 116 291
2487 5936 110 295
2487 5937 105 297
2487 5938 99 300
2487 5939 93 303
2487 5940 86 306
2487 5941 79 309
2487 5942 73 312
2487 5943 71 312
2487 5944 66 315
2487 5945 57 319
2487 5946 49 322
2487 5947 42 326
2487 5948 35 329
2487 5949 27 332
2487 5950 23 337
2487 5951 18 339
2487 5952 16 341
2487 5953 11 341
2487 5954 5 346
2705 6497 236 252
2705 6498 235 247
2705 6499 241 248
2705 6500 247 248
2705 6501 256 248
2705 6502 267 250
2705 6503 277 252
2705 6504 281 251
2705 6505 289 252
2705 6506 296 252
2705 6507 305 253
2705 6508 316 254
2705 6509 327 255
2705 6510 334 256
2705 6511 345 256
2705 6512 357 259
2705 6513 368 258
2705 6514 379 260
2705 6515 391 261
2705 6516 404 261
2705 6517 418 262
2705 6518 431 263
2705 6519 444 265
2705 6520 460 267
2705 6521 474 270
2705 6522 484 269
3165 7368 489 267
3165 7369 480 268
3165 7370 471 265
3165 7371 456 265
3165 7372 441 263
3165 7373 426 261
3165 7374 409 260
3165 7375 392 259
3165 7376 374 258
3165 7377 360 257
3165 7378 346 255
3165 7379 329 254
3165 7380 313 252
3165 7381 299 251
3165 7382 286 250
3165 7383 271 249
3165 7384 256 248
3165 7385 237 246
3504 8452 607 431
3504 8453 604 435
3504 8454 603 432
3504 8455 604 433
3504 8456 602 432
3504 8457 601 430
3504 8458 596 432
3504 8459 595 431
3504 8460 594 428
3504 8461 593 431
3504 8462 592 427
3504 8463 589 427
3504 8464 587 426
3504 8465 580 428
3504 8466 581 425
3504 8467 580 425
3504 8468 577 423
3504 8469 575 424
3504 8470 572 423
3504 8471 572 426
3504 8472 570 425
3504 8473 571 420
3504 8474 563 424
3504 8475 567 417
3504 8476 564 421
3504 8477 561 419
3504 8478 559 418
3504 8479 558 418
3504 8480 554 419
3504 8481 556 419
3504 8482 553 420
3504 8483 551 414
3504 8484 551 412
3504 8485 548 411
3504 8486 546 417
3504 8487 543 416
3504 8488 538 414
3504 8489 539 412
3504 8490 537 411
3504 8491 533 416
3504 8492 530 413
3504 8493 528 415
3548 8485 350 261
3548 8486 335 254
3548 8487 319 253
3548 8488 304 252
3548 8489 288 250
3548 8490 271 249
3548 8491 258 246
3548 8492 250 246
3548 8493 236 249
3548 8494 229 248
3566 8500 559 412
3566 8501 556 416
3566 8502 555 413
3566 8503 554 410
3566 8504 552 409
3566 8505 550 409
3566 8506 548 409
3566 8507 546 412
3566 8508 542 412
3566 8509 540 411
3566 8510 541 407
3566 8511 540 406
3566 8512 538 407
3566 8513 537 405
3566 8514 532 409
3566 8515 533 405
3566 8516 530 408
3566 8517 530 407
3566 8518 528 408
3566 8519 525 408
3566 8520 523 403
3566 8521 522 405
3566 8522 520 403
3566 8523 518 402
3566 8524 517 405
3566 8525 515 403
3566 8526 514 405
3566 8527 512 404
3566 8528 509 403
3566 8529 508 399
3566 8530 506 399
3566 8531 505 397
3566 8532 505 399
3566 8533 502 399
3566 8534 501 400
3566 8535 500 395
3566 8536 498 394
3566 8537 495 398
3566 8538 494 397
3566 8539 494 392
3566 8540 493 392
3566 8541 491 393
3566 8542 487 394
3566 8543 485 390
3566 8544 485 391
3566 8545 484 390
3566 8546 483 394
3566 8547 481 392
3566 8548 477 393
3566 8549 477 390
3566 8550 474 393
3566 8551 474 393
3566 8552 473 390
3566 8553 468 392
3566 8554 469 392
3566 8555 466 391
3566 8556 464 391
3566 8557 464 386
3566 8558 462 391
3566 8559 461 387
3566 8560 459 389
3566 8561 455 388
3566 8562 457 388
3566 8563 455 383
3566 8564 453 385
3566 8565 451 385
3566 8566 452 380
3566 8567 452 382
3566 8568 449 383
3566 8569 447 387
3569 8502 595 416
3569 8503 598 411
3569 8504 598 407
3569 8505 597 407
3569 8506 596 407
3569 8507 593 405
3569 8508 591 405
3569 8509 589 405
3569 8510 586 407
3569 8511 584 411
3569 8512 582 405
3569 8513 580 405
3569 8514 581 401
3569 8515 579 401
3569 8516 575 403
3569 8517 572 402
3569 8518 574 398
3569 8519 572 397
3569 8520 571 399
3569 8521 569 395
3569 8522 566 395
3569 8523 561 397
3569 8524 562 393
3569 8525 559 393
3569 8526 558 392
3569 8527 556 392
3569 8528 553 389
3569 8529 551 393
3569 8530 547 390
3569 8531 544 387
3767 8652 367 359
3767 8653 366 358
3767 8654 363 358
3767 8655 363 350
3767 8656 363 347
3767 8657 361 348
3767 8658 359 351
3767 8659 357 346
3767 8660 355 347
3767 8661 355 343
3767 8662 352 345
3767 8663 351 340
3767 8664 348 343
3767 8665 347 339
3767 8666 345 342
3767 8667 344 342
3767 8668 342 338
3767 8669 341 337
3767 8670 339 339
3767 8671 337 338
3767 8672 334 337
3767 8673 333 337
3767 8674 331 333
3767 8675 329 335
3767 8676 327 335
3767 8677 324 334
3767 8678 322 334
3767 8679 319 331
3767 8680 319 330
3767 8681 317 330
3767 8682 316 328
3767 8683 314 332
3767 8684 312 326
3767 8685 310 325
3767 8686 308 328
3767 8687 307 328
3767 8688 305 324
3767 8689 303 326
3767 8690 300 324
3767 8691 300 326
3767 8692 297 321
3767 8693 296 323
4407 9519 429 261
4407 9520 424 261
4407 9521 414 260
4407 9522 401 259
4407 9523 391 259
4407 9524 378 257
4407 9525 362 256
4407 9526 347 254
4407 9527 341 255
4407 9528 333 253
4407 9529 323 252
4407 9530 311 252
4407 9531 299 250
4407 9532 287 249
4407 9533 279 248
4407 9534 269 247
4407 9535 259 247
4500 9836 283 335
4500 9837 282 337
4500 9838 284 336
4500 9839 282 338
4500 9840 288 339
4500 9841 287 335
4500 9842 290 337
4500 9843 292 340
4500 9844 292 342
4500 9845 295 342
4500 9846 297 343
4500 9847 299 344
4500 9848 294 346
4500 9849 303 345
4500 9850 304 347
4500 9851 306 347
4500 9852 307 346
4500 9853 311 347
4500 9854 310 347
4500 9855 312 349
4500 9856 314 348
4500 9857 315 348
4500 9858 318 345
4500 9859 317 349
4500 9860 318 350
4500 9861 319 351
4500 9862 321 351
4500 9863 319 349
4500 9864 322 353
4500 9865 324 354
4500 9866 326 353
4500 9867 327 355
4500 9868 328 355
4500 9869 328 357
4500 9870 333 352
4500 9871 333 357
4500 9872 334 357
4500 9873 332 359
4500 9874 337 359
4500 9875 341 360
4500 9876 342 360
4500 9877 343 360
4500 9878 344 361
4500 9879 346 361
4500 9880 348 364
4500 9881 349 362
4500 9882 349 364
4500 9883 353 363
4500 9884 355 362
4500 9885 357 360
4500 9886 357 364
4537 9916 401 395
4537 9917 405 395
4537 9918 404 396
4537 9919 410 396
4537 9920 410 396
4537 9921 418 396
4537 9922 415 395
4537 9923 416 384
4537 9924 412 382
4537 9925 419 385
4537 9926 422 385
4537 9927 430 387
4537 9928 430 386
4537 9929 437 388
4537 9930 436 384
4537 9931 444 389
4537 9932 446 390
4537 9933 445 386
4537 9934 449 385
4537 9935 456 390
4537 9936 454 389
4537 9937 462 391
4537 9938 458 391
4537 9939 461 392
4537 9940 463 390
4537 9941 467 392
4537 9942 467 391
4537 9943 470 392
4537 9944 472 393
4537 9945 475 394
4537 9946 475 400
4537 9947 478 394
4537 9948 483 395
4537 9949 485 396
4537 9950 487 396
4537 9951 488 398
4537 9952 492 398
4537 9953 495 398
4537 9954 495 399
4537 9955 498 400
4537 9956 499 400
4537 9957 501 405
4537 9958 505 398
4537 9959 503 400
5255 11693 346 256
5255 11694 342 252
5255 11695 354 256
5255 11696 369 257
5255 11697 381 261
5255 11698 393 262
5255 11699 408 263
5255 11700 423 262
5255 11701 436 265
5255 11702 450 266
5255 11703 466 269
5255 11704 474 269
5255 11705 481 270
5255 11706 487 270
5420 12011 135 360
5420 12012 134 361
5420 12013 134 364
5420 12014 131 365
5420 12015 128 372
5420 12016 122 371
5420 12017 123 372
5420 12018 120 375
5420 12019 119 375
5420 12020 118 380
5420 12021 119 377
5420 12022 117 383
5420 12023 115 382
5420 12024 110 387
5420 12025 110 393
5420 12026 111 388
5420 12027 106 387
5420 12028 107 391
5420 12029 102 390
5420 12030 102 392
5420 12031 100 395
5420 12032 99 396
5420 12033 97 395
5420 12034 91 395
5420 12035 89 394
5420 12036 89 395
5420 12037 92 399
5420 12038 89 402
5420 12039 87 400
5420 12040 80 400
5420 12041 79 399
5420 12042 78 405
5420 12043 80 409
5420 12044 74 410
5420 12045 76 412
5420 12046 74 416
5420 12047 71 414
5420 12048 69 414
5420 12049 62 419
5420 12050 66 417
5420 12051 63 420
5420 12052 55 418
5420 12053 55 426
5420 12054 57 423
5420 12055 53 427
5420 12056 52 428
5420 12057 49 427
5420 12058 48 431
5420 12059 46 432
5420 12060 41 434
5420 12061 37 432
5420 12062 40 435
5420 12063 37 439
5420 12064 35 437
5420 12065 34 444
5420 12066 38 450
5681 12721 247 248
5681 12722 246 248
5681 12723 259 250
5681 12724 274 251
5681 12725 287 251
5681 12726 302 252
5681 12727 318 254
5681 12728 332 255
5681 12729 348 257
5681 12730 365 259
5681 12731 379 260
5681 12732 393 262
5681 12733 411 261
5681 12734 428 264
5681 12735 442 265
5681 12736 457 267
5681 12737 467 267
5681 12738 477 268
5681 12739 485 267
5681 12740 491 275