29 41 405 378
29 42 408 375
29 43 408 373
29 44 412 374
29 45 414 376
29 46 417 381
29 47 420 380
29 48 420 379
29 49 423 379
29 50 426 381
29 51 429 381
29 52 431 384
29 53 432 382
29 54 435 387
29 55 438 383
29 56 440 389
29 57 440 391
29 58 442 395
29 59 447 391
29 60 449 387
29 61 451 390
29 62 452 390
29 63 454 394
29 64 458 395
29 65 461 398
29 66 462 398
29 67 467 398
29 68 468 397
29 69 469 401
29 70 471 401
29 71 476 399
29 72 478 400
29 73 479 402
29 74 477 406
53 74 484 402
53 75 485 404
53 76 487 403
53 77 491 404
53 78 492 405
53 79 496 401
53 80 497 404
53 81 501 408
53 82 503 405
53 83 507 408
53 84 510 409
53 85 511 411
53 86 511 413
53 87 517 407
53 88 521 408
53 89 524 414
53 90 525 415
53 91 527 414
53 92 531 410
53 93 534 416
53 94 536 416
53 95 540 415
53 96 542 412
53 97 546 418
53 98 549 417
53 99 554 418
53 100 555 419
53 101 557 416
53 102 564 421
53 103 566 419
53 104 567 417
53 105 576 410
99 179 133 276
99 180 131 275
99 181 129 277
99 182 127 275
99 183 128 276
99 184 125 276
99 185 123 277
99 186 122 278
99 187 119 277
99 188 118 278
99 189 118 279
99 190 115 280
99 191 114 279
99 192 112 279
99 193 110 281
99 194 109 281
99 195 106 281
99 196 106 280
99 197 103 280
99 198 102 282
99 199 99 282
99 200 98 281
99 201 98 283
99 202 96 283
99 203 94 283
99 204 91 286
99 205 89 285
99 206 88 286
99 207 86 286
99 208 84 287
99 209 84 286
99 210 82 286
99 211 79 286
99 212 78 289
99 213 76 289
99 214 73 288
99 215 72 290
99 216 71 292
99 217 69 291
99 218 67 289
99 219 66 291
99 220 65 292
99 221 62 290
99 222 59 291
99 223 58 291
99 224 56 293
99 225 55 291
99 226 53 292
99 227 52 295
99 228 50 295
99 229 47 293
99 230 46 294
99 231 44 295
99 232 43 295
99 233 41 296
99 234 39 297
99 235 37 297
99 236 35 297
99 237 33 297
99 238 31 298
99 239 30 299
99 240 27 298
99 241 26 299
99 242 25 299
99 243 26 304
129 219 169 247
129 220 170 249
129 221 172 250
129 222 173 251
129 223 175 251
129 224 175 252
129 225 176 253
129 226 178 254
129 227 178 255
129 228 179 256
129 229 179 257
129 230 178 257
129 231 179 258
129 232 178 259
129 233 178 259
129 234 179 259
129 235 176 262
129 236 176 262
129 237 175 264
129 238 173 265
129 239 171 267
129 240 170 267
129 241 164 271
129 242 165 270
129 243 161 272
129 244 160 272
129 245 158 274
129 246 155 275
129 247 152 277
129 248 148 276
129 249 145 275
129 250 142 277
129 251 138 278
129 252 136 282
129 253 134 285
129 254 129 286
129 255 126 287
129 256 122 288
129 257 119 291
129 258 117 292
129 259 114 291
129 260 108 293
129 261 105 293
129 262 103 296
279 370 234 253
279 371 236 250
279 372 243 249
279 373 248 251
279 374 251 252
279 375 253 251
279 376 259 252
279 377 267 252
279 378 275 253
279 379 285 253
279 380 297 255
279 381 303 255
279 382 304 254
279 383 313 256
279 384 314 256
279 385 330 256
279 386 334 258
279 387 344 260
279 388 353 260
279 389 361 261
279 390 348 266
514 532 519 362
514 533 519 366
514 534 517 359
514 535 515 362
514 536 512 360
514 537 510 358
514 538 507 361
514 539 506 356
514 540 504 357
514 541 502 358
514 542 500 353
514 543 497 356
514 544 496 354
514 545 492 354
514 546 491 354
514 547 488 349
514 548 486 349
514 549 484 349
514 550 481 348
514 551 479 346
514 552 477 345
514 553 474 345
514 554 472 345
514 555 471 342
514 556 468 342
514 557 466 342
514 558 463 342
514 559 462 341
514 560 457 339
514 561 455 341
514 562 454 337
514 563 452 337
514 564 451 336
514 565 450 336
514 566 448 333
514 567 446 331
514 568 443 332
514 569 442 331
514 570 439 330
514 571 437 331
514 572 437 329
514 573 436 328
514 574 432 327
514 575 429 325
514 576 426 323
514 577 421 322
514 578 420 321
514 579 426 320
527 542 549 402
527 543 551 402
527 544 547 407
527 545 547 405
527 546 544 407
527 547 542 406
527 548 540 408
527 549 536 412
527 550 536 408
527 551 533 412
527 552 532 411
527 553 534 414
527 554 529 414
527 555 524 415
527 556 523 417
527 557 521 416
527 558 519 416
527 559 518 414
527 560 513 420
527 561 511 415
527 562 510 420
527 563 506 422
527 564 505 422
527 565 502 425
527 566 503 425
527 567 497 426
527 568 495 427
527 569 494 425
527 570 492 427
527 571 488 429
527 572 484 431
527 573 482 429
527 574 479 434
527 575 473 434
527 576 467 436
527 577 463 436
527 578 459 439
527 579 461 437
564 600 379 475
564 601 376 467
564 602 374 462
564 603 376 458
564 604 374 459
564 605 370 460
564 606 367 460
564 607 362 460
564 608 360 460
564 609 357 460
564 610 354 461
564 611 351 461
564 612 348 462
564 613 344 463
564 614 342 463
564 615 338 463
564 616 334 464
564 617 330 464
564 618 327 464
564 619 323 465
564 620 321 466
564 621 317 466
564 622 313 466
564 623 310 466
564 624 305 466
564 625 302 466
564 626 299 467
564 627 295 467
564 628 291 468
564 629 288 468
564 630 285 468
564 631 280 469
564 632 276 469
564 633 272 469
564 634 269 469
564 635 265 470
564 636 263 471
564 637 258 471
564 638 254 471
564 639 251 471
564 640 246 471
564 641 243 471
564 642 238 471
564 643 233 472
564 644 229 472
564 645 227 472
564 646 224 473
564 647 218 472
564 648 214 473
564 649 209 473
564 650 208 473
564 651 202 474
564 652 196 474
564 653 194 474
564 654 194 475
672 741 486 266
672 742 487 261
672 743 483 261
672 744 478 258
672 745 474 258
672 746 472 258
672 747 468 257
672 748 465 257
672 749 456 257
672 750 449 255
672 751 453 256
672 752 448 256
672 753 439 258
672 754 434 255
672 755 421 254
672 756 424 255
672 757 418 255
672 758 410 254
672 759 396 254
672 760 399 253
672 761 394 253
672 762 387 252
672 763 383 252
672 764 378 249
672 765 371 251
672 766 356 247
672 767 361 249
672 768 355 249
672 769 348 248
672 770 333 247
672 771 339 247
672 772 333 248
672 773 327 247
672 774 321 246
672 775 339 246
672 776 311 246
672 777 306 246
672 778 324 246
752 809 15 358
752 810 17 356
752 811 16 349
752 812 13 347
752 813 15 349
752 814 18 345
752 815 21 342
752 816 25 339
752 817 30 335
752 818 35 332
752 819 40 330
752 820 46 327
752 821 52 324
752 822 57 321
752 823 63 319
752 824 68 317
752 825 72 314
752 826 78 311
752 827 83 309
752 828 88 307
752 829 93 305
752 830 97 303
752 831 101 300
752 832 106 298
752 833 111 296
752 834 116 293
752 835 112 293
781 837 451 258
781 838 443 257
781 839 436 257
781 840 434 255
781 841 425 257
781 842 419 257
781 843 411 257
781 844 406 254
781 845 400 253
781 846 397 253
781 847 391 253
781 848 384 252
781 849 378 252
781 850 374 251
781 851 367 251
781 852 360 251
781 853 355 250
781 854 349 250
781 855 346 248
781 856 341 247
781 857 336 248
781 858 329 247
781 859 327 246
855 915 239 248
855 916 242 247
855 917 256 249
855 918 261 247
855 919 276 251
855 920 283 251
855 921 287 251
855 922 292 251
855 923 307 254
855 924 309 256
855 925 324 258
855 926 337 258
855 927 348 259
855 928 354 260
855 929 349 259
922 1009 195 247
922 1010 211 246
922 1011 232 249
922 1012 235 248
922 1013 247 248
922 1014 250 249
922 1015 262 249
922 1016 264 250
922 1017 275 251
922 1018 287 251
922 1019 298 253
922 1020 308 254
922 1021 314 260
1100 1222 317 280
1100 1223 319 283
1100 1224 319 283
1100 1225 320 284
1100 1226 321 284
1100 1227 322 283
1100 1228 323 285
1100 1229 325 283
1100 1230 326 282
1100 1231 325 285
1100 1232 327 287
1100 1233 328 287
1100 1234 330 287
1100 1235 330 288
1100 1236 332 287
1100 1237 331 289
1100 1238 333 288
1100 1239 333 290
1100 1240 335 292
1100 1241 335 291
1100 1242 336 293
1100 1243 337 293
1100 1244 337 294
1100 1245 340 290
1100 1246 339 288
1100 1247 340 296
1100 1248 341 296
1100 1249 341 296
1100 1250 343 298
1100 1251 343 296
1100 1252 343 298
1100 1253 345 299
1100 1254 347 297
1100 1255 347 300
1100 1256 347 300
1100 1257 349 302
1100 1258 350 303
1100 1259 350 303
1100 1260 352 304
1100 1261 353 306
1100 1262 355 300
1100 1263 355 304
1100 1264 354 307
1100 1265 356 307
1100 1266 358 307
1100 1267 359 308
1100 1268 361 309
1100 1269 362 309
1100 1270 363 306
1100 1271 363 310
1100 1272 365 311
1100 1273 366 309
1100 1274 368 310
1100 1275 369 314
1100 1276 371 316
1100 1277 371 320
1120 1276 371 306
1120 1277 372 310
1120 1278 374 312
1120 1279 373 316
1120 1280 375 316
1120 1281 378 317
1120 1282 378 316
1120 1283 381 318
1120 1284 381 319
1120 1285 382 320
1120 1286 385 318
1120 1287 384 320
1120 1288 385 322
1120 1289 388 323
1120 1290 389 324
1120 1291 391 324
1120 1292 394 323
1120 1293 395 324
1120 1294 397 326
1120 1295 399 326
1120 1296 399 328
1120 1297 401 329
1120 1298 403 329
1120 1299 405 330
1120 1300 408 326
1120 1301 409 333
1120 1302 411 332
1120 1303 411 333
1120 1304 413 334
1120 1305 417 332
1120 1306 417 335
1120 1307 420 336
1120 1308 422 332
1120 1309 424 335
1120 1310 424 338
1120 1311 426 339
1120 1312 427 340
1120 1313 430 338
1120 1314 433 341
1120 1315 431 342
1120 1316 436 343
1120 1317 439 342
1120 1318 440 346
1120 1319 440 345
1120 1320 443 346
1120 1321 445 344
1120 1322 447 348
1120 1323 448 341
1120 1324 449 350
1120 1325 453 348
1120 1326 451 352
1120 1327 453 353
1120 1328 458 356
1135 1328 459 348
1135 1329 460 352
1135 1330 460 355
1135 1331 463 353
1135 1332 465 358
1135 1333 465 359
1135 1334 469 357
1135 1335 469 360
1135 1336 473 362
1135 1337 473 361
1135 1338 476 363
1135 1339 480 364
1135 1340 482 362
1135 1341 482 367
1135 1342 486 370
1135 1343 492 373
1135 1344 498 371
1135 1345 498 375
1135 1346 499 377
1135 1347 505 375
1135 1348 504 379
1135 1349 507 381
1135 1350 510 383
1135 1351 512 385
1135 1352 516 380
1142 1352 514 392
1142 1353 515 386
1142 1354 518 389
1142 1355 521 390
1142 1356 523 391
1142 1357 527 394
1142 1358 528 394
1142 1359 530 394
1142 1360 532 393
1142 1361 535 395
1142 1362 533 398
1142 1363 537 400
1142 1364 539 400
1142 1365 544 401
1142 1366 544 401
1142 1367 544 403
1142 1368 547 406
1142 1369 553 404
1142 1370 553 405
1142 1371 554 410
1142 1372 557 410
1142 1373 562 413
1142 1374 561 412
1142 1375 566 415
1142 1376 566 416
1142 1377 569 416
1142 1378 572 419
1142 1379 577 419
1142 1380 580 421
1142 1381 583 419
1142 1382 581 424
1142 1383 584 423
1142 1384 591 424
1142 1385 592 429
1142 1386 594 428
1142 1387 595 429
1142 1388 601 432
1142 1389 604 429
1142 1390 603 433
1142 1391 605 434
1142 1392 609 436
1142 1393 614 437
1142 1394 616 435
1142 1395 620 436
1142 1396 623 438
1142 1397 622 443
1142 1398 627 446
1142 1399 631 450
1223 1427 282 268
1223 1428 283 264
1223 1429 285 265
1223 1430 285 265
1223 1431 290 265
1223 1432 291 265
1223 1433 292 265
1223 1434 295 265
1223 1435 297 265
1223 1436 298 265
1223 1437 300 265
1223 1438 303 265
1223 1439 305 264
1223 1440 305 266
1223 1441 308 267
1223 1442 312 267
1223 1443 313 265
1223 1444 314 266
1223 1445 316 266
1223 1446 319 267
1223 1447 319 267
1223 1448 322 267
1223 1449 325 265
1223 1450 326 267
1223 1451 327 267
1223 1452 330 268
1223 1453 333 266
1223 1454 334 267
1223 1455 336 267
1223 1456 338 268
1223 1457 341 267
1223 1458 342 268
1223 1459 344 266
1223 1460 347 268
1223 1461 348 268
1223 1462 350 269
1223 1463 353 268
1223 1464 356 267
1223 1465 356 269
1223 1466 357 268
1223 1467 360 269
1223 1468 363 269
1223 1469 364 269
1223 1470 366 269
1223 1471 370 269
1223 1472 371 269
1223 1473 371 269
1223 1474 375 269
1223 1475 378 270
1223 1476 379 270
1223 1477 380 270
1223 1478 383 271
1223 1479 386 270
1223 1480 387 270
1223 1481 389 270
1223 1482 392 270
1223 1483 394 271
1223 1484 395 271
1223 1485 398 271
1223 1486 401 271
1223 1487 402 271
1223 1488 404 271
1223 1489 407 271
1223 1490 410 272
1223 1491 409 272
1223 1492 412 272
1223 1493 416 272
1223 1494 417 273
1223 1495 418 273
1223 1496 420 272
1223 1497 425 272
1223 1498 427 273
1223 1499 428 273
1223 1500 430 273
1223 1501 432 274
1223 1502 432 275
1223 1503 437 274
1223 1504 439 274
1223 1505 441 275
1223 1506 442 275
1223 1507 447 275
1223 1508 448 275
1223 1509 450 276
1223 1510 453 273
1223 1511 456 275
1223 1512 458 278
1223 1513 457 277
1223 1514 461 276
1238 1432 119 359
1238 1433 120 357
1238 1434 117 358
1238 1435 113 356
1238 1436 109 358
1238 1437 109 359
1238 1438 107 363
1238 1439 102 360
1238 1440 100 363
1238 1441 97 360
1238 1442 95 364
1238 1443 91 364
1238 1444 87 365
1238 1445 84 365
1238 1446 82 363
1238 1447 78 367
1238 1448 76 368
1238 1449 72 368
1238 1450 68 365
1238 1451 68 368
1238 1452 66 371
1238 1453 63 369
1238 1454 58 369
1238 1455 56 371
1238 1456 54 369
1238 1457 49 372
1238 1458 49 372
1238 1459 47 375
1238 1460 41 371
1238 1461 40 375
1238 1462 38 377
1238 1463 35 378
1238 1464 30 376
1288 1487 180 349
1288 1488 177 351
1288 1489 173 351
1288 1490 171 356
1288 1491 166 352
1288 1492 161 360
1288 1493 161 361
1288 1494 158 361
1288 1495 152 358
1288 1496 149 359
1288 1497 147 363
1288 1498 144 365
1288 1499 137 361
1288 1500 133 367
1288 1501 130 367
1288 1502 131 367
1288 1503 123 364
1288 1504 120 368
1288 1505 114 366
1288 1506 113 371
1288 1507 106 368
1288 1508 104 373
1288 1509 100 372
1288 1510 93 368
1288 1511 92 373
1420 1763 159 249
1420 1764 157 250
1420 1765 157 250
1420 1766 160 251
1420 1767 162 252
1420 1768 163 254
1420 1769 158 248
1420 1770 164 256
1420 1771 165 258
1420 1772 164 261
1420 1773 165 260
1420 1774 164 261
1420 1775 161 263
1420 1776 161 263
1420 1777 160 267
1420 1778 159 267
1420 1779 156 268
1420 1780 156 270
1420 1781 153 271
1420 1782 150 274
1420 1783 147 275
1420 1784 144 277
1420 1785 141 278
1420 1786 135 281
1420 1787 130 284
1420 1788 126 285
1420 1789 122 287
1420 1790 116 289
1420 1791 111 293
1420 1792 106 295
1420 1793 103 297
1420 1794 99 297
1420 1795 92 301
1420 1796 84 305
1420 1797 79 307
1420 1798 74 310
1420 1799 67 313
1420 1800 60 316
1420 1801 55 319
1420 1802 47 322
1420 1803 43 324
1420 1804 37 326
1420 1805 31 330
1420 1806 27 332
1420 1807 21 337
1420 1808 18 340
1420 1809 15 341
1420 1810 11 340
1420 1811 9 343
1420 1812 5 345
1420 1813 5 348
1692 2099 136 275
1692 2100 137 270
1692 2101 139 272
1692 2102 142 270
1692 2103 140 270
1692 2104 139 271
1692 2105 136 271
1692 2106 135 271
1692 2107 134 273
1692 2108 133 272
1692 2109 131 275
1692 2110 129 275
1692 2111 128 275
1692 2112 126 276
1692 2113 125 276
1692 2114 122 278
1692 2115 120 278
1692 2116 119 279
1692 2117 115 280
1692 2118 116 279
1692 2119 112 281
1692 2120 110 282
1692 2121 108 283
1692 2122 104 284
1692 2123 104 285
1692 2124 104 285
1692 2125 98 286
1692 2126 96 287
1692 2127 96 289
1692 2128 92 289
1692 2129 93 290
1692 2130 87 291
1692 2131 86 291
1692 2132 82 292
1692 2133 83 291
1692 2134 79 292
1692 2135 76 293
1692 2136 75 296
1692 2137 72 295
1692 2138 69 297
1692 2139 67 299
1692 2140 64 299
1692 2141 63 299
1739 2143 150 262
1739 2144 154 266
1739 2145 151 266
1739 2146 149 268
1739 2147 144 269
1739 2148 143 271
1739 2149 140 271
1739 2150 139 271
1739 2151 134 273
1739 2152 133 274
1739 2153 129 273
1739 2154 127 275
1739 2155 124 277
1739 2156 122 278
1739 2157 119 278
1739 2158 115 280
1739 2159 114 281
1739 2160 111 282
1739 2161 109 283
1739 2162 106 284
1739 2163 103 285
1739 2164 101 286
1739 2165 99 287
1739 2166 96 288
1739 2167 94 289
1739 2168 91 290
1739 2169 88 291
1739 2170 86 292
1739 2171 85 292
1739 2172 82 293
1739 2173 80 294
1739 2174 78 295
1739 2175 76 295
1739 2176 75 296
1739 2177 72 297
1739 2178 74 296
1739 2179 73 294
1747 2146 188 254
1747 2147 186 248
1747 2148 179 248
1747 2149 185 247
1747 2150 168 247
1747 2151 160 246
1747 2152 167 257
1747 2153 166 257
1747 2154 163 256
1747 2155 161 259
1747 2156 159 264
1747 2157 155 260
1747 2158 153 266
1747 2159 151 266
1747 2160 149 267
1747 2161 146 269
1747 2162 144 263
1747 2163 142 270
1747 2164 139 271
1747 2165 135 265
1747 2166 135 271
1747 2167 130 274
1747 2168 130 274
1747 2169 128 272
1747 2170 126 275
1747 2171 124 269
1747 2172 122 272
1747 2173 121 278
1747 2174 119 275
1747 2175 120 279
1747 2176 116 275
1747 2177 114 280
1747 2178 112 281
1747 2179 110 274
1747 2180 109 281
1747 2181 104 275
1747 2182 104 277
1747 2183 103 279
1747 2184 102 281
1747 2185 100 281
1747 2186 101 279
1747 2187 98 281
1747 2188 97 280
1747 2189 95 282
1747 2190 95 282
1747 2191 94 287
1747 2192 91 280
1747 2193 87 282
1747 2194 89 284
1747 2195 87 285
1747 2196 84 283
1747 2197 83 282
1747 2198 85 285
1747 2199 81 285
1747 2200 81 285
1747 2201 77 286
1747 2202 78 293
1747 2203 76 285
1747 2204 74 287
1747 2205 72 287
1747 2206 73 291
1747 2207 68 287
1747 2208 71 293
1747 2209 66 290
1747 2210 64 287
1747 2211 56 293
1747 2212 59 287
1747 2213 58 293
1747 2214 57 293
1747 2215 49 297
1747 2216 54 294
1747 2217 52 296
1747 2218 50 295
1747 2219 49 298
1747 2220 47 299
1747 2221 46 300
1747 2222 44 301
1747 2223 41 300
1747 2224 41 300
1747 2225 39 299
1747 2226 38 296
1747 2227 36 302
1747 2228 35 302
1747 2229 33 297
1747 2230 32 302
1747 2231 31 304
1747 2232 30 304
1747 2233 30 305
1747 2234 25 299
1747 2235 25 301
1747 2236 24 307
1747 2237 23 305
1747 2238 20 300
1747 2239 19 301
1747 2240 17 308
1747 2241 16 304
1747 2242 16 307
1747 2243 15 309
1747 2244 15 311
1747 2245 13 312
1747 2246 11 310
1747 2247 11 313
1747 2248 10 310
1747 2249 9 307
1747 2250 9 309
1747 2251 8 307
1747 2252 8 311
1747 2253 7 307
1747 2254 6 308
1747 2255 6 307
1747 2256 6 307
1747 2257 5 307
1747 2258 5 307
1866 2225 484 268
1866 2226 479 266
1866 2227 471 265
1866 2228 468 264
1866 2229 456 264
1866 2230 443 264
1866 2231 429 262
1866 2232 416 261
1866 2233 403 258
1866 2234 392 260
1866 2235 381 259
1866 2236 368 256
1866 2237 355 256
1866 2238 342 253
1866 2239 350 254
1883 2239 188 368
1883 2240 190 371
1883 2241 194 374
1883 2242 197 374
1883 2243 200 378
1883 2244 201 379
1883 2245 203 375
1883 2246 205 374
1883 2247 210 374
1883 2248 213 375
1883 2249 215 375
1883 2250 218 375
1883 2251 221 375
1883 2252 223 375
1883 2253 227 375
1883 2254 228 375
1883 2255 231 375
1883 2256 236 376
1883 2257 237 375
1883 2258 240 375
1883 2259 241 375
1883 2260 247 376
1883 2261 246 376
1883 2262 251 375
1883 2263 253 376
1883 2264 255 377
1883 2265 258 377
1883 2266 260 376
1883 2267 263 376
1883 2268 265 377
1883 2269 268 377
1883 2270 269 377
1883 2271 273 376
1883 2272 276 378
1883 2273 277 377
1883 2274 280 375
1883 2275 282 377
1883 2276 284 378
1883 2277 286 377
1883 2278 290 376
1883 2279 291 377
1883 2280 293 377
1883 2281 297 377
1883 2282 299 377
1883 2283 302 377
1883 2284 304 376
1883 2285 308 377
1883 2286 309 376
1883 2287 312 376
1883 2288 315 376
1883 2289 317 377
1883 2290 318 376
1883 2291 321 375
1883 2292 324 375
1883 2293 327 375
1883 2294 328 375
1883 2295 331 374
1883 2296 333 375
1883 2297 337 375
1883 2298 340 375
1883 2299 340 374
1883 2300 343 374
1883 2301 346 374
1883 2302 348 374
1883 2303 351 373
1883 2304 353 373
1883 2305 356 374
1904 2251 254 370
1904 2252 252 365
1904 2253 256 365
1904 2254 257 360
1904 2255 259 358
1904 2256 262 362
1904 2257 262 365
1904 2258 264 363
1904 2259 267 365
1904 2260 269 363
1904 2261 270 364
1904 2262 273 359
1904 2263 275 356
1904 2264 276 359
1904 2265 279 361
1904 2266 280 364
1904 2267 284 363
1904 2268 286 362
1904 2269 289 364
1904 2270 290 364
1904 2271 293 361
1904 2272 295 359
1904 2273 297 360
1904 2274 301 364
1904 2275 302 361
1904 2276 305 363
1904 2277 306 364
1904 2278 310 364
1904 2279 311 357
1904 2280 317 355
1904 2281 316 359
1904 2282 317 363
1904 2283 320 361
1904 2284 323 364
1904 2285 324 363
1904 2286 327 358
1904 2287 328 359
1904 2288 331 363
1904 2289 333 364
1904 2290 335 363
1904 2291 337 358
1904 2292 339 363
1904 2293 344 363
1904 2294 344 360
1904 2295 345 364
1904 2296 350 363
1904 2297 350 364
1904 2298 354 360
1904 2299 356 363
1904 2300 357 363
1904 2301 360 363
1904 2302 362 362
1904 2303 365 359
1904 2304 367 361
1904 2305 367 363
1904 2306 365 367
1904 2307 361 373
1904 2308 363 373
1904 2309 365 372
1966 2335 433 354
1966 2336 431 360
1966 2337 433 365
1966 2338 434 364
1966 2339 437 367
1966 2340 440 364
1966 2341 440 365
1966 2342 442 365
1966 2343 446 365
1966 2344 447 363
1966 2345 449 365
1966 2346 453 364
1966 2347 454 366
1966 2348 456 364
1966 2349 456 365
1966 2350 459 367
1966 2351 462 366
1966 2352 462 367
1966 2353 465 364
1966 2354 469 367
1966 2355 469 368
1966 2356 470 369
1966 2357 475 366
1966 2358 475 369
1966 2359 476 377
1966 2360 477 378
1966 2361 478 379
1966 2362 482 375
1966 2363 482 381
1966 2364 484 380
1966 2365 487 379
1966 2366 485 379
1966 2367 486 382
1966 2368 486 382
1966 2369 495 382
1966 2370 490 381
2082 2622 165 256
2082 2623 170 257
2082 2624 170 258
2082 2625 172 260
2082 2626 170 259
2082 2627 169 261
2082 2628 167 262
2082 2629 167 263
2082 2630 164 264
2082 2631 163 267
2082 2632 162 267
2082 2633 159 268
2082 2634 155 270
2082 2635 151 272
2082 2636 151 273
2082 2637 148 275
2082 2638 145 270
2082 2639 141 276
2082 2640 138 278
2082 2641 132 275
2082 2642 127 282
2082 2643 124 283
2082 2644 118 284
2082 2645 113 286
2082 2646 107 290
2082 2647 102 291
2082 2648 97 294
2082 2649 91 296
2082 2650 84 298
2082 2651 78 302
2082 2652 71 304
2082 2653 65 306
2082 2654 60 308
2082 2655 54 311
2082 2656 48 313
2082 2657 41 316
2082 2658 34 319
2082 2659 26 321
2082 2660 23 324
2082 2661 21 326
2082 2662 17 326
2082 2663 14 327
2082 2664 10 329
2082 2665 7 331
2082 2666 5 334
2107 2660 281 251
2107 2661 281 250
2107 2662 292 252
2107 2663 303 253
2107 2664 314 253
2107 2665 324 255
2107 2666 333 258
2107 2667 346 257
2107 2668 357 259
2107 2669 371 260
2107 2670 381 261
2107 2671 391 262
2107 2672 399 270
2701 3114 490 267
2701 3115 483 265
2701 3116 475 263
2701 3117 468 265
2701 3118 457 264
2701 3119 442 261
2701 3120 427 262
2701 3121 414 259
2701 3122 402 259
2701 3123 387 257
2701 3124 372 255
2701 3125 360 255
2701 3126 348 253
2701 3127 334 252
2701 3128 321 252
2701 3129 310 250
2701 3130 299 250
2701 3131 286 248
2701 3132 272 248
2701 3133 261 247
2701 3134 253 246
2733 3175 248 249
2733 3176 247 249
2733 3177 253 250
2733 3178 260 250
2733 3179 268 250
2733 3180 277 252
2733 3181 283 252
2733 3182 291 252
2733 3183 299 253
2733 3184 307 254
2733 3185 315 255
2733 3186 321 256
2733 3187 331 256
2733 3188 339 257
2733 3189 349 259
2733 3190 356 258
2733 3191 363 259
2733 3192 372 260
2733 3193 382 261
2733 3194 389 262
2733 3195 397 261
2733 3196 404 262
2733 3197 413 263
2733 3198 421 264
2733 3199 431 264
2733 3200 437 266
2733 3201 444 267
2733 3202 452 267
2733 3203 462 267
2733 3204 465 267
2733 3205 470 268
2733 3206 474 268
2733 3207 478 269
2733 3208 480 269
2733 3209 485 270
2733 3210 491 271
2856 3510 158 272
2856 3511 158 268
2856 3512 156 270
2856 3513 154 270
2856 3514 151 271
2856 3515 148 274
2856 3516 144 278
2856 3517 144 276
2856 3518 141 277
2856 3519 137 279
2856 3520 134 279
2856 3521 132 281
2856 3522 128 282
2856 3523 125 284
2856 3524 123 284
2856 3525 119 287
2856 3526 116 287
2856 3527 112 290
2856 3528 108 291
2856 3529 105 292
2856 3530 102 293
2856 3531 98 295
2856 3532 94 296
2856 3533 90 297
2856 3534 87 299
2856 3535 83 302
2856 3536 79 304
2856 3537 75 304
2856 3538 72 307
2856 3539 67 308
2856 3540 63 310
2856 3541 59 311
2856 3542 55 312
2856 3543 52 311
2856 3544 46 315
2856 3545 43 317
2856 3546 39 318
2856 3547 34 320
2856 3548 31 322
2856 3549 27 323
2856 3550 23 326
2856 3551 19 325
2856 3552 16 329
2856 3553 14 327
2856 3554 13 333
2856 3555 10 329
2856 3556 9 331
2856 3557 7 328
2856 3558 4 331
2861 3516 166 272
2861 3517 164 275
2861 3518 161 277
2861 3519 159 278
2861 3520 156 279
2861 3521 154 279
2861 3522 151 279
2861 3523 149 281
2861 3524 146 278
2861 3525 144 283
2861 3526 140 287
2861 3527 136 284
2861 3528 134 287
2861 3529 130 286
2861 3530 128 288
2861 3531 120 286
2861 3532 115 286
2861 3533 120 287
2861 3534 110 290
2861 3535 105 286
2861 3536 102 293
2861 3537 103 297
2861 3538 101 299
2861 3539 92 297
2861 3540 90 299
2861 3541 86 301
2861 3542 83 301
2861 3543 79 304
2861 3544 76 305
2861 3545 70 306
2861 3546 66 308
2861 3547 62 309
2861 3548 56 306
2861 3549 53 301
3465 4309 244 315
3465 4310 243 313
3465 4311 240 308
3465 4312 236 307
3465 4313 236 307
3465 4314 234 307
3465 4315 231 312
3465 4316 228 307
3465 4317 228 305
3465 4318 228 306
3465 4319 225 306
3465 4320 221 304
3465 4321 221 304
3465 4322 219 304
3465 4323 216 304
3465 4324 213 303
3465 4325 213 302
3465 4326 211 303
3465 4327 208 303
3465 4328 206 302
3465 4329 205 302
3465 4330 201 302
3465 4331 200 302
3465 4332 199 302
3465 4333 196 303
3465 4334 194 298
3465 4335 191 297
3465 4336 190 302
3465 4337 188 300
3465 4338 187 302
3465 4339 183 301
3465 4340 184 303
3465 4341 183 301
3465 4342 180 300
3465 4343 178 301
3465 4344 177 300
3465 4345 174 300
3465 4346 171 296
3465 4347 170 296
3465 4348 168 296
3465 4349 167 296
3465 4350 166 296
3465 4351 163 296
3465 4352 163 295
3465 4353 161 294
3465 4354 159 293
3465 4355 158 293
3465 4356 156 293
3520 4348 305 329
3520 4349 307 329
3520 4350 306 325
3520 4351 305 324
3520 4352 303 324
3520 4353 303 326
3520 4354 303 329
3520 4355 303 327
3520 4356 301 328
3520 4357 300 332
3520 4358 299 332
3520 4359 298 331
3520 4360 297 335
3520 4361 297 335
3520 4362 297 333
3520 4363 296 334
3520 4364 294 337
3520 4365 292 338
3520 4366 291 339
3520 4367 289 339
3520 4368 288 340
3520 4369 288 341
3520 4370 285 342
3520 4371 284 341
3520 4372 283 344
3520 4373 282 345
3520 4374 280 346
3520 4375 279 349
3520 4376 278 350
3520 4377 275 347
3520 4378 275 351
3520 4379 273 351
3520 4380 271 351
3520 4381 268 354
3520 4382 266 355
3520 4383 264 358
3520 4384 263 355
3520 4385 261 355
3520 4386 260 358
3520 4387 259 359
3520 4388 255 360
3520 4389 253 361
3520 4390 252 362
3520 4391 250 364
3520 4392 248 366
3520 4393 245 367
3520 4394 245 368
3520 4395 244 367
3520 4396 242 369
3520 4397 241 372
3520 4398 239 372
3520 4399 238 372
3520 4400 237 371
3520 4401 235 376
3520 4402 234 377
3520 4403 232 377
3520 4404 229 378
3520 4405 227 380
3520 4406 224 380
3520 4407 222 381
3520 4408 221 383
3520 4409 217 383
3520 4410 215 379
3595 4454 76 442
3595 4455 71 435
3595 4456 66 437
3595 4457 60 435
3595 4458 59 435
3595 4459 57 440
3595 4460 54 440
3595 4461 51 442
3595 4462 46 444
3595 4463 41 445
3595 4464 39 444
3595 4465 36 448
3595 4466 33 447
3595 4467 30 448
3595 4468 27 450
3595 4469 18 449
3595 4470 19 453
3595 4471 10 451
3595 4472 9 455
3595 4473 11 456
3595 4474 8 459
3595 4475 10 467
3595 4476 8 468
3640 4520 75 416
3640 4521 71 408
3640 4522 71 406
3640 4523 80 404
3640 4524 80 396
3640 4525 87 401
3640 4526 87 400
3640 4527 93 400
3640 4528 96 393
3640 4529 99 393
3640 4530 105 395
3640 4531 110 394
3640 4532 113 388
3640 4533 118 392
3640 4534 121 391
3640 4535 124 398
3640 4536 131 399
3718 4593 4 315
3718 4594 3 313
3718 4595 4 309
3718 4596 5 308
3718 4597 8 309
3718 4598 6 310
3718 4599 9 309
3718 4600 10 309
3718 4601 12 308
3718 4602 13 308
3718 4603 15 306
3718 4604 15 307
3718 4605 18 308
3718 4606 20 306
3718 4607 23 309
3718 4608 21 304
3718 4609 24 306
3718 4610 27 307
3718 4611 30 307
3718 4612 32 307
3718 4613 32 310
3718 4614 34 306
3718 4615 36 307
3718 4616 38 306
3718 4617 40 305
3718 4618 41 305
3718 4619 42 305
3718 4620 44 307
3718 4621 46 306
3718 4622 48 306
3718 4623 49 304
3718 4624 52 304
3718 4625 54 303
3718 4626 54 301
3718 4627 56 304
3718 4628 58 304
3718 4629 60 302
3718 4630 61 302
3718 4631 62 300
3718 4632 65 301
3718 4633 65 300
3718 4634 66 298
3718 4635 68 300
3718 4636 70 300
3718 4637 72 297
3718 4638 72 298
3718 4639 73 297
3718 4640 74 295
3718 4641 75 298
3718 4642 78 297
3718 4643 78 297
3718 4644 79 297
3718 4645 80 295
3718 4646 82 296
3718 4647 83 294
3718 4648 85 294
3718 4649 85 292
3718 4650 86 291
3718 4651 89 295
3718 4652 89 294
3718 4653 92 293
3825 4720 250 290
3825 4721 251 285
3825 4722 251 287
3825 4723 253 287
3825 4724 257 283
3825 4725 261 286
3825 4726 261 284
3825 4727 262 285
3825 4728 265 284
3825 4729 268 283
3825 4730 269 283
3825 4731 271 283
3825 4732 276 281
3825 4733 277 282
3825 4734 277 282
3825 4735 278 282
3825 4736 283 281
3825 4737 285 280
3825 4738 284 281
3825 4739 287 283
3825 4740 291 280
3825 4741 293 278
3825 4742 293 280
3825 4743 294 281
3825 4744 300 278
3825 4745 301 279
3825 4746 301 278
3825 4747 304 278
3825 4748 307 277
3825 4749 307 276
3825 4750 307 277
3825 4751 308 277
3825 4752 311 275
3825 4753 314 274
3825 4754 315 277
3825 4755 315 276
3825 4756 318 274
3825 4757 318 273
3825 4758 321 272
3825 4759 321 273
3825 4760 324 275
3825 4761 325 272
3825 4762 325 273
3825 4763 328 271
3825 4764 330 271
3825 4765 331 272
3825 4766 331 270
3825 4767 333 269
3825 4768 335 269
3825 4769 337 272
3825 4770 337 270
3825 4771 338 269
3825 4772 342 270
3825 4773 344 267
3825 4774 343 267
3825 4775 345 269
3825 4776 348 269
3983 4943 196 262
3983 4944 196 257
3983 4945 190 259
3983 4946 187 259
3983 4947 182 260
3983 4948 176 261
3983 4949 173 260
3983 4950 169 262
3983 4951 165 263
3983 4952 161 266
3983 4953 158 270
3983 4954 153 271
3983 4955 147 273
3983 4956 147 275
3983 4957 144 277
3983 4958 138 278
3983 4959 135 279
3983 4960 130 280
4063 5062 488 267
4063 5063 485 267
4063 5064 481 264
4063 5065 468 262
4063 5066 462 263
4063 5067 457 261
4063 5068 447 260
4063 5069 431 259
4063 5070 418 259
4063 5071 410 259
4063 5072 402 258
4063 5073 393 257
4063 5074 377 254
4063 5075 362 254
4063 5076 354 253
4063 5077 347 252
4063 5078 334 251
4063 5079 324 251
4063 5080 318 250
4063 5081 310 250
4063 5082 297 248
4063 5083 287 247
4129 5141 211 380
4129 5142 213 389
4129 5143 213 382
4129 5144 215 387
4129 5145 215 387
4129 5146 222 393
4129 5147 217 387
4129 5148 220 387
4129 5149 222 383
4129 5150 226 389
4129 5151 223 382
4129 5152 225 382
4129 5153 224 384
4129 5154 228 380
4129 5155 232 377
4129 5156 229 377
4129 5157 233 376
4129 5158 235 375
4129 5159 237 373
4129 5160 242 380
4129 5161 240 370
4129 5162 243 369
4129 5163 247 365
4129 5164 251 361
4129 5165 256 357
4129 5166 259 354
4129 5167 263 350
4129 5168 266 348
4129 5169 270 345
4129 5170 273 342
4129 5171 275 340
4299 5293 309 352
4299 5294 308 354
4299 5295 313 354
4299 5296 314 355
4299 5297 317 360
4299 5298 317 357
4299 5299 319 357
4299 5300 322 358
4299 5301 324 359
4299 5302 326 361
4299 5303 326 362
4299 5304 329 362
4299 5305 332 363
4299 5306 334 364
4299 5307 335 365
4299 5308 336 365
4299 5309 340 367
4299 5310 342 370
4299 5311 343 369
4299 5312 345 369
4299 5313 346 371
4299 5314 349 374
4299 5315 352 374
4299 5316 352 374
4299 5317 354 375
4299 5318 356 379
4299 5319 358 379
4299 5320 359 379
4299 5321 359 379
4299 5322 361 382
4299 5323 364 384
4299 5324 366 384
4299 5325 368 384
4299 5326 371 385
4299 5327 372 387
4299 5328 374 389
4299 5329 376 388
4299 5330 378 390
4299 5331 382 392
4299 5332 384 393
4299 5333 384 393
4299 5334 387 394
4299 5335 391 397
4299 5336 394 398
4299 5337 396 399
4299 5338 397 399
4299 5339 399 401
4299 5340 403 403
4299 5341 406 405
4299 5342 407 404
4299 5343 409 406
4299 5344 413 408
4299 5345 416 410
4299 5346 417 409
4299 5347 421 411
4299 5348 424 413
4299 5349 427 415
4299 5350 427 415
4299 5351 428 415
4313 5326 354 397
4313 5327 355 391
4313 5328 355 399
4313 5329 359 392
4313 5330 362 394
4313 5331 365 396
4313 5332 366 398
4313 5333 369 398
4313 5334 373 400
4313 5335 374 403
4313 5336 375 401
4313 5337 377 403
4313 5338 380 404
4313 5339 384 406
4313 5340 387 407
4313 5341 388 408
4313 5342 393 406
4313 5343 392 411
4313 5344 396 414
4313 5345 397 413
4313 5346 402 415
4313 5347 404 416
4313 5348 405 417
4313 5349 407 420
4313 5350 410 418
4313 5351 412 422
4313 5352 416 424
4313 5353 418 424
4313 5354 424 426
4313 5355 425 429
4313 5356 427 430
4313 5357 429 430
4313 5358 432 433
4313 5359 429 441
4349 5397 237 249
4349 5398 248 250
4349 5399 247 250
4349 5400 255 251
4349 5401 264 251
4349 5402 272 252
4349 5403 282 253
4349 5404 292 254
4349 5405 302 254
4349 5406 312 256
4349 5407 321 257
4349 5408 328 258
4349 5409 342 258
4349 5410 351 259
4349 5411 356 259
4349 5412 363 261
4349 5413 374 262
4349 5414 384 263
4349 5415 393 264
4349 5416 402 265
4349 5417 411 265
4349 5418 418 265
4349 5419 427 266
4349 5420 435 268
4349 5421 445 267
4349 5422 453 267
4349 5423 465 268
4349 5424 471 268
4349 5425 474 267
4349 5426 467 266
4349 5427 458 265
4349 5428 439 261
4349 5429 423 261
4349 5430 409 258
4349 5431 393 257
4349 5432 380 258
4349 5433 367 255
4349 5434 355 254
4349 5435 341 252
4349 5436 327 252
4349 5437 314 250
4349 5438 303 249
4349 5439 293 248
4365 5440 257 250
4365 5441 259 250
4365 5442 262 248
4365 5443 260 249
4365 5444 280 253
4365 5445 290 255
4365 5446 303 256
4365 5447 315 257
4365 5448 328 258
4365 5449 340 260
4365 5450 351 259
4365 5451 363 261
4365 5452 373 260
4365 5453 388 264
4365 5454 402 265
4365 5455 416 265
4365 5456 428 266
4365 5457 443 268
4365 5458 452 267
4365 5459 464 269
4365 5460 473 270
4365 5461 480 271
4365 5462 489 276
4450 5684 468 268
4450 5685 458 263
4450 5686 440 260
4450 5687 421 259
4450 5688 404 258
4450 5689 386 256
4450 5690 369 255
4450 5691 353 254
4450 5692 341 252
4450 5693 324 251
4450 5694 308 250
4450 5695 293 248
4450 5696 277 248
4450 5697 264 247
4517 5739 369 261
4517 5740 365 256
4517 5741 352 256
4517 5742 339 254
4517 5743 326 252
4517 5744 317 252
4517 5745 307 251
4517 5746 293 249
4517 5747 280 249
4517 5748 271 248
4517 5749 262 247
4536 5806 429 278
4536 5807 431 275
4536 5808 429 273
4536 5809 427 274
4536 5810 426 273
4536 5811 426 274
4536 5812 423 274
4536 5813 419 273
4536 5814 418 273
4536 5815 417 274
4536 5816 418 273
4536 5817 416 270
4536 5818 414 273
4536 5819 412 273
4536 5820 411 272
4536 5821 410 270
4536 5822 407 272
4536 5823 404 272
4536 5824 402 272
4536 5825 402 271
4536 5826 401 269
4536 5827 397 271
4536 5828 396 271
4536 5829 396 270
4536 5830 394 271
4536 5831 393 272
4536 5832 389 270
4536 5833 388 270
4536 5834 387 270
4536 5835 387 270
4536 5836 385 270
4536 5837 382 270
4536 5838 381 271
4536 5839 380 269
4536 5840 378 269
4536 5841 377 269
4536 5842 374 269
4536 5843 373 265
4536 5844 372 268
4536 5845 370 268
4536 5846 367 267
4536 5847 365 269
4536 5848 365 268
4536 5849 364 268
4536 5850 362 266
4536 5851 359 267
4536 5852 357 267
4536 5853 356 267
4536 5854 356 267
4536 5855 354 266
4536 5856 350 266
4536 5857 349 266
4536 5858 349 266
4536 5859 345 267
4536 5860 344 263
4536 5861 342 266
4536 5862 340 267
4536 5863 341 266
4536 5864 338 265
4536 5865 335 266
4536 5866 335 265
4536 5867 334 266
4536 5868 331 269
4536 5869 327 272
4555 5868 330 261
4555 5869 333 262
4555 5870 329 265
4555 5871 327 266
4555 5872 327 264
4555 5873 323 268
4555 5874 321 266
4555 5875 320 265
4555 5876 319 265
4555 5877 317 265
4555 5878 315 265
4555 5879 313 265
4555 5880 313 265
4555 5881 311 264
4555 5882 310 264
4555 5883 307 264
4555 5884 305 265
4555 5885 304 264
4555 5886 301 264
4555 5887 299 263
4555 5888 298 263
4555 5889 298 264
4555 5890 298 264
4555 5891 294 263
4555 5892 293 262
4555 5893 290 262
4555 5894 291 263
4555 5895 289 263
4555 5896 286 263
4555 5897 284 262
4555 5898 284 263
4555 5899 282 263
4555 5900 281 262
4555 5901 278 263
4555 5902 276 262
4555 5903 276 262
4555 5904 274 263
4555 5905 272 263
4555 5906 272 262
4555 5907 269 262
4555 5908 268 260
4555 5909 267 261
4555 5910 265 261
4555 5911 263 261
4555 5912 263 261
4555 5913 261 261
4555 5914 259 261
4555 5915 256 260
4555 5916 257 261
4555 5917 255 261
4555 5918 254 260
4555 5919 251 260
4555 5920 249 261
4555 5921 248 260
4555 5922 248 260
4555 5923 246 260
4555 5924 242 260
4555 5925 240 260
4555 5926 241 260
4555 5927 241 262
4555 5928 236 259
4555 5929 236 260
4555 5930 235 261
4555 5931 233 264
4555 5932 231 260
4555 5933 229 260
4555 5934 227 260
4555 5935 227 261
4555 5936 225 261
4555 5937 224 259
4555 5938 221 259
4555 5939 221 260
4555 5940 219 259
4555 5941 217 259
4555 5942 215 255
4555 5943 215 258
4555 5944 213 259
4555 5945 212 258
4555 5946 211 259
4555 5947 207 259
4636 5987 486 268
4636 5988 483 265
4636 5989 475 265
4636 5990 468 265
4636 5991 456 263
4636 5992 445 263
4636 5993 435 261
4636 5994 420 260
4636 5995 406 259
4636 5996 393 258
4636 5997 380 257
4636 5998 366 256
4636 5999 354 255
4636 6000 341 253
4636 6001 328 252
4636 6002 318 251
4636 6003 310 250
4636 6004 295 250
4636 6005 286 248
4636 6006 273 248
4636 6007 262 247
4636 6008 253 246
4668 6059 354 253
4668 6060 352 254
4668 6061 348 253
4668 6062 345 253
4668 6063 341 252
4668 6064 339 252
4668 6065 336 251
4668 6066 332 250
4668 6067 328 251
4668 6068 310 254
4668 6069 325 253
4668 6070 336 255
4668 6071 344 255
4668 6072 366 260
4668 6073 383 262
4668 6074 400 264
4668 6075 415 267
4668 6076 431 267
4668 6077 446 266
4668 6078 463 268
4668 6079 471 269
4668 6080 480 270
4668 6081 491 271
4683 6087 263 259
4683 6088 271 251
4683 6089 284 251
4683 6090 299 252
4683 6091 313 248
4683 6092 328 257
4683 6093 342 259
4683 6094 355 259
4683 6095 368 261
4683 6096 383 262
4683 6097 399 264
4683 6098 415 266
4683 6099 431 266
4683 6100 444 267
4683 6101 457 270
4683 6102 469 269
4683 6103 475 270
4683 6104 486 271
4802 6208 102 274
4802 6209 102 281
4802 6210 101 282
4802 6211 99 284
4802 6212 98 286
4802 6213 96 286
4802 6214 93 286
4802 6215 91 288
4802 6216 90 289
4802 6217 88 290
4802 6218 86 293
4802 6219 83 293
4802 6220 82 292
4802 6221 79 294
4802 6222 78 296
4802 6223 75 297
4802 6224 72 298
4802 6225 69 298
4802 6226 66 299
4802 6227 64 301
4802 6228 61 298
4802 6229 57 301
4802 6230 55 301
4802 6231 51 300
4802 6232 47 303
4802 6233 46 304
4802 6234 42 305
4802 6235 37 303
4802 6236 33 301
4802 6237 30 306
4802 6238 26 308
4802 6239 21 307
4802 6240 16 304
4802 6241 14 304
4802 6242 11 307
4802 6243 8 308
4802 6244 6 306
4802 6245 4 305
4848 6267 311 255
4848 6268 310 255
4848 6269 316 254
4848 6270 322 256
4848 6271 328 256
4848 6272 332 257
4848 6273 338 257
4848 6274 344 258
4848 6275 351 259
4848 6276 358 259
4848 6277 363 259
4848 6278 368 259
4848 6279 376 260
4848 6280 384 261
4848 6281 391 262
4848 6282 398 262
4848 6283 406 263
4848 6284 413 264
4848 6285 421 265
4848 6286 430 265
4848 6287 439 266
4848 6288 447 266
4848 6289 454 267
4848 6290 462 268
4848 6291 471 269
4848 6292 474 268
4848 6293 478 268
4848 6294 485 271
4848 6295 489 276
4853 6274 518 387
4853 6275 516 389
4853 6276 517 390
4853 6277 516 390
4853 6278 515 392
4853 6279 513 392
4853 6280 509 397
4853 6281 510 394
4853 6282 509 395
4853 6283 508 395
4853 6284 507 396
4853 6285 503 401
4853 6286 504 398
4853 6287 502 399
4853 6288 501 400
4853 6289 499 404
4853 6290 495 406
4853 6291 494 402
4853 6292 493 407
4853 6293 491 407
4853 6294 488 406
4853 6295 487 410
4853 6296 486 411
4853 6297 484 412
4853 6298 480 412
4853 6299 482 409
4853 6300 481 409
4853 6301 477 415
4853 6302 475 416
4853 6303 476 413
4853 6304 474 414
4853 6305 470 420
4853 6306 468 421
4853 6307 466 420
4853 6308 463 422
4853 6309 464 423
4853 6310 460 423
4853 6311 458 422
4853 6312 460 424
4853 6313 457 429
4853 6314 453 426
4853 6315 455 426
4853 6316 456 426
4891 6314 453 438
4891 6315 448 440
4891 6316 448 434
4891 6317 450 431
4891 6318 449 432
4891 6319 447 432
4891 6320 444 436
4891 6321 442 437
4891 6322 438 440
4891 6323 438 441
4891 6324 432 443
4891 6325 436 439
4891 6326 434 441
4891 6327 431 443
4891 6328 431 444
4891 6329 427 448
4891 6330 425 445
4891 6331 422 446
4891 6332 419 451
4891 6333 419 455
4891 6334 419 452
4891 6335 414 454
4891 6336 414 454
4891 6337 412 453
4891 6338 408 460
4891 6339 406 461
4891 6340 407 458
4891 6341 402 463
4891 6342 399 464
4891 6343 398 466
4891 6344 395 467
4891 6345 395 468
4891 6346 392 467
4891 6347 390 467
4891 6348 384 468
4891 6349 378 471
4891 6350 377 471
4941 6398 356 261
4941 6399 362 262
4941 6400 369 262
4941 6401 373 262
4941 6402 378 263
4941 6403 384 264
4941 6404 392 265
4941 6405 398 265
4941 6406 403 266
4941 6407 411 265
4941 6408 418 267
4941 6409 426 267
4941 6410 434 269
4941 6411 441 268
4941 6412 447 270
4941 6413 451 270
4941 6414 460 268
4941 6415 466 271
4941 6416 473 272
4941 6417 478 272
4941 6418 481 272
4941 6419 489 273
4986 6455 490 270
4986 6456 484 264
4986 6457 478 262
4986 6458 472 262
4986 6459 463 263
4986 6460 454 261
4986 6461 444 259
4986 6462 432 259
4986 6463 421 258
4986 6464 407 257
4986 6465 399 256
4986 6466 406 249
5102 6565 98 304
5102 6566 97 300
5102 6567 96 301
5102 6568 93 300
5102 6569 91 301
5102 6570 88 301
5102 6571 85 304
5102 6572 82 308
5102 6573 80 309
5102 6574 79 310
5102 6575 75 312
5102 6576 71 314
5102 6577 70 315
5102 6578 66 317
5102 6579 64 319
5102 6580 61 319
5102 6581 57 321
5102 6582 53 321
5102 6583 50 322
5102 6584 44 326
5102 6585 41 326
5102 6586 39 325
5102 6587 37 325
5102 6588 34 326
5102 6589 30 327
5102 6590 27 326
5102 6591 23 326
5102 6592 19 327
5102 6593 15 328
5102 6594 11 328
5102 6595 9 329
5102 6596 12 329
5102 6597 8 330
5102 6598 4 330
5106 6566 120 276
5106 6567 116 283
5106 6568 113 285
5106 6569 119 286
5106 6570 115 289
5106 6571 114 292
5106 6572 112 293
5106 6573 111 294
5106 6574 109 296
5106 6575 106 296
5106 6576 102 299
5106 6577 103 301
5106 6578 101 299
5106 6579 92 301
5106 6580 94 304
5106 6581 85 304
5106 6582 90 307
5106 6583 88 307
5106 6584 77 310
5106 6585 80 306
5106 6586 75 311
5106 6587 72 312
5106 6588 69 313
5106 6589 71 316
5106 6590 62 315
5106 6591 59 321
5106 6592 57 318
5106 6593 55 321
5106 6594 53 323
5106 6595 52 324
5106 6596 49 323
5106 6597 46 324
5106 6598 41 324
5106 6599 37 325
5106 6600 35 326
5106 6601 32 326
5106 6602 30 326
5106 6603 25 324
5106 6604 17 325
5106 6605 10 325
5106 6606 7 326
5106 6607 4 326
5106 6608 3 326
5158 6662 623 339
5158 6663 625 338
5158 6664 625 335
5158 6665 624 337
5158 6666 623 336
5158 6667 623 335
5158 6668 621 336
5158 6669 619 338
5158 6670 620 335
5158 6671 619 337
5158 6672 618 340
5158 6673 615 343
5158 6674 614 342
5158 6675 615 341
5158 6676 612 341
5158 6677 612 343
5158 6678 609 345
5158 6679 609 345
5158 6680 605 346
5158 6681 606 346
5158 6682 604 346
5158 6683 603 345
5158 6684 600 348
5158 6685 599 351
5158 6686 597 351
5158 6687 599 348
5158 6688 597 351
5158 6689 597 348
5158 6690 593 351
5158 6691 594 350
5158 6692 593 350
5158 6693 591 353
5158 6694 589 355
5158 6695 586 356
5158 6696 588 355
5158 6697 584 357
5158 6698 583 359
5158 6699 584 357
5158 6700 582 359
5158 6701 578 362
5158 6702 579 358
5158 6703 575 364
5158 6704 573 363
5158 6705 575 361
5158 6706 574 361
5158 6707 572 366
5158 6708 571 364
5158 6709 567 367
5158 6710 569 365
5172 6710 562 377
5172 6711 565 371
5172 6712 565 367
5172 6713 562 367
5172 6714 560 369
5172 6715 558 370
5172 6716 556 372
5172 6717 557 366
5172 6718 554 368
5172 6719 550 374
5172 6720 550 374
5172 6721 546 374
5172 6722 544 378
5172 6723 541 376
5172 6724 539 376
5172 6725 538 378
5172 6726 538 374
5172 6727 534 380
5172 6728 532 382
5172 6729 530 381
5172 6730 528 381
5172 6731 525 382
5172 6732 525 386
5172 6733 521 384
5172 6734 519 384
5172 6735 519 385
5172 6736 514 386
5172 6737 512 387
5172 6738 510 387
5172 6739 508 388
5172 6740 504 389
5172 6741 505 388
5172 6742 500 390
5172 6743 498 391
5172 6744 495 392
5172 6745 493 393
5172 6746 491 392
5172 6747 489 393
5172 6748 484 394
5172 6749 482 396
5172 6750 481 396
5172 6751 481 396
5172 6752 476 397
5172 6753 472 398
5172 6754 470 400
5197 6754 474 408
5197 6755 468 406
5197 6756 464 400
5197 6757 459 404
5197 6758 457 402
5197 6759 456 401
5197 6760 453 402
5197 6761 448 404
5197 6762 446 405
5197 6763 446 405
5197 6764 442 405
5197 6765 437 406
5197 6766 433 407
5197 6767 431 408
5197 6768 430 408
5197 6769 427 409
5197 6770 422 411
5197 6771 419 412
5197 6772 416 412
5197 6773 412 415
5197 6774 409 414
5197 6775 406 414
5197 6776 405 414
5197 6777 400 416
5197 6778 396 417
5197 6779 393 418
5197 6780 393 417
5197 6781 390 418
5197 6782 384 420
5197 6783 380 422
5197 6784 379 422
5197 6785 378 422
5197 6786 373 425
5197 6787 368 427
5197 6788 366 427
5197 6789 362 428
5197 6790 359 429
5197 6791 354 431
5197 6792 353 431
5197 6793 351 432
5197 6794 346 434
5197 6795 342 436
5197 6796 339 437
5197 6797 338 436
5197 6798 334 438
5197 6799 328 440
5197 6800 327 441
5197 6801 325 442
5197 6802 323 442
5197 6803 318 445
5197 6804 313 447
5197 6805 312 448
5197 6806 309 447
5197 6807 304 449
5197 6808 299 450
5197 6809 296 452
5197 6810 295 452
5197 6811 289 455
5197 6812 283 457
5197 6813 283 457
5197 6814 280 457
5197 6815 275 458
5197 6816 268 460
5197 6817 268 460
5197 6818 267 461
5233 6933 247 250
5233 6934 250 251
5233 6935 261 250
5233 6936 270 251
5233 6937 279 253
5233 6938 291 253
5233 6939 302 254
5233 6940 313 257
5233 6941 326 256
5233 6942 338 257
5233 6943 350 258
5233 6944 360 261
5233 6945 371 262
5233 6946 384 263
5233 6947 397 263
5233 6948 407 267
5233 6949 419 265
5233 6950 432 266
5233 6951 445 268
5233 6952 458 269
5233 6953 470 270
5233 6954 473 270
5236 6962 232 249
5236 6963 239 247
5236 6964 246 248
5236 6965 248 249
5236 6966 262 250
5236 6967 274 250
5236 6968 285 252
5236 6969 296 252
5236 6970 310 254
5236 6971 325 255
5236 6972 339 259
5236 6973 354 259
5236 6974 367 261
5236 6975 382 261
5236 6976 399 263
5236 6977 411 264
5236 6978 428 266
5236 6979 445 265
5236 6980 443 265
5236 6981 448 265
5236 6982 474 269
5236 6983 482 272
5290 7159 217 426
5290 7160 219 428
5290 7161 220 434
5290 7162 224 438
5290 7163 230 440
5290 7164 237 434
5290 7165 237 438
5290 7166 238 433
5290 7167 246 431
5290 7168 250 432
5290 7169 255 430
5290 7170 262 433
5290 7171 261 434
5290 7172 263 431
5290 7173 267 433
5290 7174 270 426
5290 7175 274 429
5290 7176 278 421
5290 7177 284 424
5290 7178 287 424
5290 7179 293 423
5290 7180 294 421
5290 7181 297 425
5290 7182 301 423
5290 7183 309 422
5290 7184 311 418
5290 7185 312 421
5290 7186 319 416
5290 7187 324 418
5290 7188 324 418
5290 7189 328 417
5290 7190 335 415
5290 7191 337 417
5290 7192 339 418
5290 7193 343 414
5290 7194 350 408
5290 7195 352 410
5290 7196 358 404
5290 7197 360 405
5290 7198 363 409
5290 7199 364 409
5290 7200 368 402
5290 7201 375 401
5290 7202 376 399
5290 7203 378 404
5290 7204 383 399
5290 7205 387 401
5290 7206 389 403
5290 7207 394 400
5348 7263 353 263
5348 7264 354 261
5348 7265 360 262
5348 7266 363 261
5348 7267 365 262
5348 7268 367 263
5348 7269 371 262
5348 7270 375 263
5348 7271 379 263
5348 7272 384 263
5348 7273 385 263
5348 7274 389 263
5348 7275 395 265
5348 7276 397 264
5348 7277 402 265
5348 7278 405 265
5348 7279 407 265
5348 7280 412 264
5348 7281 414 265
5348 7282 418 266
5348 7283 420 266
5348 7284 424 266
5348 7285 428 267
5348 7286 432 268
5348 7287 435 268
5348 7288 441 268
5348 7289 442 269
5348 7290 446 270
5348 7291 452 271
5348 7292 455 270
5348 7293 458 270
5348 7294 459 270
5348 7295 467 273
5348 7296 467 273
5348 7297 471 272
5348 7298 477 275
5348 7299 477 272
5348 7300 482 275
5348 7301 482 275
5348 7302 488 279
5369 7325 558 457
5369 7326 557 451
5369 7327 554 451
5369 7328 551 452
5369 7329 548 453
5369 7330 545 453
5369 7331 541 453
5369 7332 538 455
5369 7333 537 455
5369 7334 533 454
5369 7335 528 455
5369 7336 528 465
5369 7337 523 456
5369 7338 520 457
5369 7339 514 460
5369 7340 515 456
5369 7341 510 457
5369 7342 505 457
5369 7343 503 458
5369 7344 502 459
5369 7345 498 458
5369 7346 493 459
5369 7347 491 459
5369 7348 488 460
5369 7349 485 461
5369 7350 481 460
5369 7351 478 461
5369 7352 474 462
5369 7353 470 462
5369 7354 467 462
5369 7355 465 463
5369 7356 461 462
5369 7357 455 463
5369 7358 453 463
5369 7359 451 463
5369 7360 447 463
5369 7361 442 463
5369 7362 439 463
5369 7363 435 464
5369 7364 431 464
5369 7365 427 464
5369 7366 424 464
5369 7367 419 464
5369 7368 416 465
5369 7369 413 465
5369 7370 409 465
5369 7371 404 465
5369 7372 401 465
5369 7373 398 466
5369 7374 394 465
5369 7375 389 465
5369 7376 386 465
5369 7377 382 466
5369 7378 377 466
5369 7379 374 464
5369 7380 371 465
5369 7381 368 465
5369 7382 362 465
5369 7383 358 465
5369 7384 356 465
5369 7385 353 465
5369 7386 348 465
5369 7387 343 464
5369 7388 340 465
5369 7389 336 464
5369 7390 331 464
5369 7391 328 464
5369 7392 326 465
5369 7393 319 464
5369 7394 314 464
5369 7395 313 464
5369 7396 310 464
5369 7397 303 463
5369 7398 300 464
5369 7399 299 465
5369 7400 295 464
5369 7401 287 464
5369 7402 285 464
5369 7403 283 464
5369 7404 277 463
5369 7405 273 464
5369 7406 271 464
5369 7407 268 464
5369 7408 259 464
5369 7409 257 464
5369 7410 256 464
5369 7411 249 464
5369 7412 248 462
5369 7413 244 463
5369 7414 239 463
5369 7415 231 463
5369 7416 229 464
5369 7417 227 464
5369 7418 224 463
5369 7419 219 463
5369 7420 217 463
5369 7421 215 464
5369 7422 210 463
5369 7423 203 463
5369 7424 198 458
5369 7425 196 463
5369 7426 194 463
5369 7427 190 463
5369 7428 188 464
5369 7429 183 463
5369 7430 176 464
5369 7431 174 464
5369 7432 171 472
5369 7433 174 474
5379 7392 249 250
5379 7393 254 250
5379 7394 263 251
5379 7395 275 251
5379 7396 289 253
5379 7397 303 255
5379 7398 317 256
5379 7399 329 258
5379 7400 342 259
5379 7401 358 259
5379 7402 373 262
5379 7403 389 263
5379 7404 403 265
5379 7405 416 265
5379 7406 434 267
5379 7407 451 269
5379 7408 466 269
5379 7409 478 271
5379 7410 483 271
5379 7411 488 279
5416 7446 114 461
5416 7447 118 462
5416 7448 115 462
5416 7449 113 462
5416 7450 108 461
5416 7451 101 461
5416 7452 99 462
5416 7453 98 462
5416 7454 96 460
5416 7455 92 460
5416 7456 87 459
5416 7457 79 456
5416 7458 76 457
5416 7459 75 458
5416 7460 72 457
5416 7461 67 451
5416 7462 69 457
5416 7463 66 456
5416 7464 64 456
5416 7465 60 456
5416 7466 55 455
5416 7467 52 455
5416 7468 50 455
5416 7469 46 454
5416 7470 40 452
5416 7471 42 453
5416 7472 39 452
5416 7473 31 450
5416 7474 32 450
5416 7475 30 451
5416 7476 28 450
5416 7477 25 449
5416 7478 22 448
5416 7479 17 448
5416 7480 11 456
5510 7589 484 267
5510 7590 484 267
5510 7591 480 264
5510 7592 471 264
5510 7593 455 263
5510 7594 440 261
5510 7595 432 259
5510 7596 420 261
5510 7597 405 258
5510 7598 392 258
5510 7599 379 257
5510 7600 360 255
5510 7601 345 254
5510 7602 335 251
5510 7603 327 251
5510 7604 316 250
5510 7605 308 250
5510 7606 294 249
5510 7607 280 248
5510 7608 268 247
5510 7609 257 247
5701 8068 488 266
5701 8069 485 262
5701 8070 476 261
5701 8071 468 260
5701 8072 450 259
5701 8073 436 258
5701 8074 422 256
5701 8075 407 255
5701 8076 392 254
5701 8077 376 253
5701 8078 360 251
5701 8079 345 250
5701 8080 331 250
5720 8081 300 249
5720 8082 299 248
5720 8083 294 248
5720 8084 293 249
5720 8085 319 257
5720 8086 329 257
5720 8087 340 259
5720 8088 351 258
5720 8089 363 259
5720 8090 376 259
5720 8091 387 263
5720 8092 398 266
5720 8093 408 265
5788 8162 241 249
5788 8163 249 250
5788 8164 249 251
5788 8165 261 252
5788 8166 274 252
5788 8167 286 253
5788 8168 296 253
5788 8169 307 256
5788 8170 317 257
5788 8171 333 258
5788 8172 347 258
5788 8173 347 264
5802 8177 461 468
5802 8178 461 462
5802 8179 455 462
5802 8180 454 460
5802 8181 449 457
5802 8182 448 459
5802 8183 445 457
5802 8184 441 456
5802 8185 438 453
5802 8186 433 451
5802 8187 432 450
5802 8188 429 449
5802 8189 425 441
5802 8190 424 444
5802 8191 419 441
5802 8192 416 441
5802 8193 414 437
5802 8194 409 435
5802 8195 407 435
5802 8196 404 432
5802 8197 401 431
5802 8198 398 428
5802 8199 395 428
5802 8200 390 424
5802 8201 388 423
5802 8202 386 423
5802 8203 383 419
5802 8204 379 418
5802 8205 376 417
5802 8206 370 424
5829 8211 359 400
5829 8212 358 399
5829 8213 354 402
5829 8214 352 398
5829 8215 349 398
5829 8216 345 398
5829 8217 344 397
5829 8218 342 395
5829 8219 339 394
5829 8220 337 391
5829 8221 334 390
5829 8222 330 388
5829 8223 328 388
5829 8224 327 387
5829 8225 325 387
5829 8226 323 383
5829 8227 319 381
5829 8228 319 381
5829 8229 314 379
5829 8230 312 377
5829 8231 311 377
5829 8232 310 376
5829 8233 307 372
5829 8234 304 373
5829 8235 302 373
5829 8236 300 368
5829 8237 296 369
5829 8238 295 367
5829 8239 294 366
5829 8240 291 363
5829 8241 289 367
5829 8242 289 375
5894 8285 354 261
5894 8286 339 254
5894 8287 325 254
5894 8288 311 251
5894 8289 297 251
5894 8290 286 251
5894 8291 275 249
5894 8292 261 248
5894 8293 252 248
5894 8294 246 246
5894 8295 235 246
5897 8287 66 288
5897 8288 64 287
5897 8289 62 278
5897 8290 60 288
5897 8291 59 288
5897 8292 59 284
5897 8293 57 285
5897 8294 54 289
5897 8295 53 287
5897 8296 51 292
5897 8297 51 289
5897 8298 49 289
5897 8299 48 289
5897 8300 45 289
5897 8301 43 289
5897 8302 42 289
5897 8303 43 291
5897 8304 39 290
5897 8305 39 291
5897 8306 37 292
5897 8307 35 292
5897 8308 34 293
5897 8309 31 292
5897 8310 30 293
5897 8311 31 294
5897 8312 28 297
5897 8313 27 292
5897 8314 26 297
5897 8315 24 298
5897 8316 23 298
5897 8317 20 299
5897 8318 20 299
5897 8319 18 297
5897 8320 15 300
5897 8321 15 300
5897 8322 12 301
5897 8323 9 301
5897 8324 7 302
5897 8325 5 302
5897 8326 5 303
5897 8327 3 303
5897 8328 4 309
5998 8419 284 380
5998 8420 279 387
5998 8421 279 388
5998 8422 276 388
5998 8423 270 388
5998 8424 268 387
5998 8425 266 389
5998 8426 260 388
5998 8427 258 388
5998 8428 257 389
5998 8429 253 390
5998 8430 247 389
5998 8431 246 389
5998 8432 244 389
5998 8433 239 389
5998 8434 236 390
5998 8435 235 390
5998 8436 230 390
5998 8437 226 390
5998 8438 225 390
5998 8439 220 391
5998 8440 214 388
5998 8441 214 391
5998 8442 212 391
5998 8443 207 390
5998 8444 204 391
5998 8445 202 391
5998 8446 199 391
5998 8447 196 389
5998 8448 193 392
5998 8449 190 391
5998 8450 186 391
5998 8451 182 391
5998 8452 181 392
5998 8453 175 391
5998 8454 174 391
5998 8455 172 391
5998 8456 167 392
5998 8457 161 390
5998 8458 162 390
5998 8459 161 391
5998 8460 154 390
5998 8461 153 390
5998 8462 150 390
5998 8463 145 390
5998 8464 142 389
5998 8465 142 390
5998 8466 139 390
5998 8467 133 388
5998 8468 132 388
5998 8469 132 389
5998 8470 128 388
5998 8471 124 389
5998 8472 120 387
5998 8473 119 389
5998 8474 114 387
5998 8475 114 388
5998 8476 109 387
5998 8477 104 386
5998 8478 102 388
5998 8479 101 388
5998 8480 101 391
5998 8481 96 387
5998 8482 90 386
5998 8483 90 388
5998 8484 86 384
5998 8485 84 387
5998 8486 81 392
5998 8487 79 392
6001 8421 306 256
6001 8422 306 256
6001 8423 319 257
6001 8424 333 258
6001 8425 347 259
6001 8426 361 261
6001 8427 373 261
6001 8428 385 263
6001 8429 399 265
6001 8430 415 266
6001 8431 429 268
6001 8432 441 268
6001 8433 454 271
6001 8434 467 269
6001 8435 474 272
6001 8436 483 272
6001 8437 489 277
6141 8600 202 253
6141 8601 206 251
6141 8602 208 248
6141 8603 207 248
6141 8604 207 248
6141 8605 215 250
6141 8606 212 251
6141 8607 208 252
6141 8608 206 250
6141 8609 201 249
6141 8610 199 249
6141 8611 193 255
6141 8612 190 256
6141 8613 187 257
6141 8614 184 257
6141 8615 179 258
6141 8616 175 259
6141 8617 171 259
6141 8618 167 260
6141 8619 166 261
6141 8620 161 265
6141 8621 157 267
6141 8622 154 269
6141 8623 154 271
6141 8624 149 271
6141 8625 145 273
6145 8614 158 270
6145 8615 156 268
6145 8616 153 269
6145 8617 150 269
6145 8618 146 273
6145 8619 144 269
6145 8620 140 273
6145 8621 136 275
6145 8622 131 275
6145 8623 126 281
6145 8624 125 279
6145 8625 118 281
6145 8626 115 282
6145 8627 110 284
6145 8628 105 287
6145 8629 104 287
6145 8630 108 282
6145 8631 104 289
6145 8632 111 286
6145 8633 110 283
6145 8634 105 289
6145 8635 100 292
6145 8636 96 294
6145 8637 90 297
6145 8638 83 300
6145 8639 82 299
6145 8640 77 303
6145 8641 71 305
6145 8642 67 308
6145 8643 60 311
6145 8644 56 313
6145 8645 50 316
6145 8646 45 319
6145 8647 38 322
6145 8648 32 324
6145 8649 27 326
6145 8650 17 327
6145 8651 12 328
6145 8652 9 328
6145 8653 4 331
6150 8633 82 298
6150 8634 82 299
6150 8635 76 300
6150 8636 70 304
6150 8637 65 307
6150 8638 59 311
6150 8639 57 311
6150 8640 50 314
6150 8641 47 317
6150 8642 38 320
6150 8643 33 323
6150 8644 26 323
6150 8645 21 324
6150 8646 17 325
6150 8647 12 327
6150 8648 8 328
6150 8649 5 332
6222 8794 82 296
6222 8795 82 297
6222 8796 79 297
6222 8797 79 297
6222 8798 78 294
6222 8799 77 295
6222 8800 76 296
6222 8801 75 301
6222 8802 75 301
6222 8803 75 299
6222 8804 74 301
6222 8805 72 303
6222 8806 71 304
6222 8807 69 304
6222 8808 68 305
6222 8809 68 305
6222 8810 67 303
6222 8811 68 307
6222 8812 65 307
6222 8813 65 308
6222 8814 62 309
6222 8815 62 305
6222 8816 61 310
6222 8817 59 311
6222 8818 59 307
6222 8819 59 310
6222 8820 58 312
6222 8821 58 313
6222 8822 55 314
6222 8823 53 312
6222 8824 53 315
6222 8825 54 315
6222 8826 51 315
6222 8827 51 317
6222 8828 49 318
6222 8829 48 319
6222 8830 47 320
6222 8831 45 321
6222 8832 46 322
6222 8833 44 323
6222 8834 42 324
6222 8835 41 324
6222 8836 41 323
6222 8837 37 324
6222 8838 37 325
6222 8839 36 328
6222 8840 37 328
6222 8841 34 328
6222 8842 33 327
6222 8843 30 328
6222 8844 32 329
6222 8845 27 326
6222 8846 27 328
6222 8847 27 328
6222 8848 25 329
6222 8849 23 329
6222 8850 22 330
6222 8851 20 330
6222 8852 19 330
6222 8853 18 330
6222 8854 16 330
6327 8925 342 259
6327 8926 353 259
6327 8927 361 260
6327 8928 371 261
6327 8929 381 262
6327 8930 393 263
6327 8931 404 264
6327 8932 414 265
6327 8933 423 266
6327 8934 433 266
6327 8935 444 267
6327 8936 454 268
6327 8937 466 269
6327 8938 471 269
6327 8939 475 270
6327 8940 481 271
6327 8941 488 268
6342 8948 275 253
6342 8949 282 254
6342 8950 293 254
6342 8951 303 256
6342 8952 315 257
6342 8953 324 257
6342 8954 333 259
6342 8955 345 259
6342 8956 357 261
6342 8957 368 262
6342 8958 380 264
6342 8959 390 264
6342 8960 408 266
6342 8961 421 266
6342 8962 432 268
6342 8963 443 270
6342 8964 447 270
6342 8965 459 271
6342 8966 469 269
6342 8967 475 271
6342 8968 482 272
6342 8969 489 276
6502 9427 427 258
6502 9428 428 257
6502 9429 427 257
6502 9430 426 258
6502 9431 426 262
6502 9432 424 256
6502 9433 423 257
6502 9434 421 259
6502 9435 419 257
6502 9436 418 260
6502 9437 416 258
6502 9438 414 260
6502 9439 413 258
6502 9440 411 257
6502 9441 410 258
6502 9442 407 258
6502 9443 405 259
6502 9444 403 259
6502 9445 400 260
6502 9446 399 257
6502 9447 397 260
6502 9448 395 258
6502 9449 393 260
6502 9450 391 258
6502 9451 389 259
6502 9452 385 260
6502 9453 383 261
6502 9454 381 260
6502 9455 381 260
6502 9456 378 259
6502 9457 375 262
6502 9458 373 261
6502 9459 372 262
6502 9460 369 263
6502 9461 368 262
6502 9462 365 263
6502 9463 363 262
6502 9464 361 262
6502 9465 359 261
6502 9466 357 263
6502 9467 353 261
6502 9468 351 262
6502 9469 349 262
6502 9470 348 262
6502 9471 345 262
6502 9472 342 262
6502 9473 340 262
6502 9474 338 261
6502 9475 337 262
6502 9476 333 263
6502 9477 331 262
6502 9478 328 262
6502 9479 327 262
6502 9480 325 262
6502 9481 322 264
6502 9482 320 262
6502 9483 318 262
6502 9484 316 264
6502 9485 313 264
6502 9486 311 261
6502 9487 309 264
6502 9488 308 264
6502 9489 305 264
6502 9490 302 263
6502 9491 301 263
6502 9492 299 264
6502 9493 295 264
6502 9494 293 264
6502 9495 292 264
6502 9496 290 265
6502 9497 286 263
6502 9498 284 265
6502 9499 282 262
6502 9500 281 264
6502 9501 277 263
6502 9502 276 264
6502 9503 273 264
6502 9504 271 260
6502 9505 269 264
6502 9506 268 265
6502 9507 270 260
6502 9508 266 260
6502 9509 263 260
6502 9510 261 255
6502 9511 270 258
6502 9512 270 250
6502 9513 263 250
6502 9514 254 251
6502 9515 252 249
6502 9516 253 251
6502 9517 249 252
6585 9522 563 379
6585 9523 561 376
6585 9524 562 375
6585 9525 558 379
6585 9526 557 381
6585 9527 559 379
6585 9528 556 380
6585 9529 552 385
6585 9530 552 392
6585 9531 550 387
6585 9532 547 379
6585 9533 547 387
6585 9534 545 389
6585 9535 545 390
6585 9536 543 393
6585 9537 540 396
6585 9538 539 390
6585 9539 537 391
6585 9540 537 396
6585 9541 533 399
6585 9542 531 395
6585 9543 530 399
6585 9544 526 401
6585 9545 526 402
6585 9546 524 400
6585 9547 521 401
6585 9548 519 403
6585 9549 516 404
6585 9550 515 405
6585 9551 513 405
6585 9552 510 406
6585 9553 507 409
6585 9554 505 408
6585 9555 504 412
6585 9556 501 412
6585 9557 499 412
6585 9558 497 415
6585 9559 494 420
6585 9560 491 421
6585 9561 491 422
6585 9562 487 422
6585 9563 485 420
6585 9564 482 426
6585 9565 479 425
6585 9566 477 429
6585 9567 474 433
6585 9568 471 433
6585 9569 468 434
6585 9570 465 434
6585 9571 463 436
6585 9572 461 433
6585 9573 459 437
6585 9574 456 439
6585 9575 452 437
6585 9576 449 440
6585 9577 446 444
6585 9578 443 447
6585 9579 442 445
6585 9580 437 451
6585 9581 434 451
6585 9582 431 454
6585 9583 429 451
6585 9584 425 456
6585 9585 422 452
6585 9586 418 458
6585 9587 414 459
6585 9588 410 459
6585 9589 407 459
6585 9590 404 461
6585 9591 400 462
6585 9592 394 462
6585 9593 393 463
6585 9594 390 463
6585 9595 384 465
6585 9596 381 465
6585 9597 376 467
6585 9598 371 468
6585 9599 368 467
6585 9600 365 468
6585 9601 360 470
6585 9602 356 470
6585 9603 353 471
6585 9604 349 471
6585 9605 344 472
6585 9606 340 473
6585 9607 338 474
6585 9608 331 476
6609 9539 127 281
6609 9540 126 280
6609 9541 122 281
6609 9542 119 283
6609 9543 115 285
6609 9544 110 287
6609 9545 109 287
6609 9546 107 290
6609 9547 105 291
6609 9548 100 296
6609 9549 98 296
6609 9550 97 295
6609 9551 94 299
6609 9552 92 299
6609 9553 90 297
6609 9554 88 298
6609 9555 84 307
6609 9556 85 304
6609 9557 84 305
6609 9558 83 302
6609 9559 82 303
6609 9560 79 309
6609 9561 77 308
6609 9562 74 310
6609 9563 74 310
6609 9564 73 307
6609 9565 71 308
6609 9566 72 302
6609 9567 69 302
6609 9568 68 304
6609 9569 64 304
6609 9570 65 307
6627 9556 164 277
6627 9557 163 281
6627 9558 162 280
6627 9559 161 280
6627 9560 158 280
6627 9561 159 281
6627 9562 156 283
6627 9563 151 280
6627 9564 150 281
6627 9565 148 282
6627 9566 145 282
6627 9567 142 280
6627 9568 140 281
6627 9569 137 281
6627 9570 136 283
6627 9571 133 283
6627 9572 130 283
6627 9573 129 284
6627 9574 126 284
6627 9575 123 283
6627 9576 122 285
6627 9577 119 285
6627 9578 117 284
6627 9579 114 286
6627 9580 112 286
6627 9581 109 286
6627 9582 106 286
6627 9583 106 287
6627 9584 101 285
6627 9585 100 285
6627 9586 97 287
6627 9587 96 289
6627 9588 93 288
6627 9589 91 288
6627 9590 90 289
6627 9591 88 289
6627 9592 86 290
6627 9593 82 289
6627 9594 81 291
6627 9595 79 291
6627 9596 75 291
6627 9597 73 292
6627 9598 71 292
6627 9599 69 293
6627 9600 66 290
6627 9601 64 294
6627 9602 63 295
6627 9603 61 294
6627 9604 57 293
6627 9605 55 293
6627 9606 52 294
6627 9607 51 296
6627 9608 46 297
6627 9609 46 295
6627 9610 45 296
6627 9611 39 297
6627 9612 40 297
6627 9613 36 299
6627 9614 33 296
6627 9615 34 299
6627 9616 31 301
6627 9617 30 299
6627 9618 24 298
6627 9619 24 301
6627 9620 21 300
6627 9621 18 300
6627 9622 15 302
6627 9623 14 302
6627 9624 11 301
6627 9625 8 302
6627 9626 9 304
6627 9627 8 305
6627 9628 4 303
6627 9629 3 302
6684 9610 484 268
6684 9611 477 266
6684 9612 471 265
6684 9613 459 266
6684 9614 445 263
6684 9615 431 262
6684 9616 417 261
6684 9617 402 260
6684 9618 386 257
6684 9619 374 257
6684 9620 363 256
6684 9621 348 257
6684 9622 334 255
6684 9623 321 252
6684 9624 307 251
6684 9625 296 250
6684 9626 285 249
6684 9627 270 248
6684 9628 258 247
6684 9629 253 246
6728 9652 232 255
6728 9653 237 251
6728 9654 247 251
6728 9655 250 251
6728 9656 266 253
6728 9657 278 253
6728 9658 292 255
6728 9659 309 256
6728 9660 326 259
6728 9661 345 260
6728 9662 360 259
6728 9663 370 247
6773 9693 278 253
6773 9694 281 251
6773 9695 294 252
6773 9696 306 253
6773 9697 317 254
6773 9698 330 257
6773 9699 341 257
6773 9700 353 259
6773 9701 367 260
6773 9702 382 262
6773 9703 394 263
6773 9704 407 264
6773 9705 420 265
6773 9706 436 266
6773 9707 450 267
6773 9708 463 269
6773 9709 469 269
6773 9710 476 270
6773 9711 485 271
6894 9863 491 266
6894 9864 484 265
6894 9865 477 265
6894 9866 471 263
6894 9867 459 263
6894 9868 444 261
6894 9869 428 261
6894 9870 415 259
6894 9871 403 250
6894 9872 387 257
6894 9873 372 256
6894 9874 355 254
6894 9875 346 254
6894 9876 333 251
6894 9877 314 250
6894 9878 300 249
6894 9879 292 249
6894 9880 278 248
6894 9881 266 246
6950 9977 277 317
6950 9978 278 314
6950 9979 281 310
6950 9980 280 310
6950 9981 282 310
6950 9982 284 309
6950 9983 284 313
6950 9984 286 312
6950 9985 287 312
6950 9986 289 316
6950 9987 291 317
6950 9988 293 317
6950 9989 294 318
6950 9990 297 323
6950 9991 299 321
6950 9992 300 319
6950 9993 302 320
6950 9994 303 321
6950 9995 306 323
6950 9996 307 321
6950 9997 309 321
6950 9998 312 328
6950 9999 318 331
6950 10000 321 327
6950 10001 324 329
6950 10002 328 330
6950 10003 331 335
6950 10004 333 337
6950 10005 336 333
6950 10006 338 335
6950 10007 341 331
6950 10008 345 337
6950 10009 347 334
7021 10049 443 380
7021 10050 445 381
7021 10051 448 383
7021 10052 450 387
7021 10053 454 389
7021 10054 456 392
7021 10055 460 391
7021 10056 463 391
7021 10057 466 393
7021 10058 469 395
7021 10059 473 395
7021 10060 475 392
7021 10061 477 399
7021 10062 480 396
7021 10063 484 402
7021 10064 487 406
7021 10065 488 404
7021 10066 491 406
7021 10067 494 406
7021 10068 499 402
7021 10069 501 404
7021 10070 503 411
7021 10071 506 410
7021 10072 510 415
7021 10073 512 410
7021 10074 517 405
7021 10075 520 405
7021 10076 523 406
7021 10077 525 414
7021 10078 527 422
7021 10079 531 420
7021 10080 534 417
7021 10081 536 421
7021 10082 540 429
7021 10083 542 429
7022 10049 441 355
7022 10050 439 357
7022 10051 436 359
7022 10052 432 357
7022 10053 428 360
7022 10054 424 364
7022 10055 424 361
7022 10056 421 359
7022 10057 418 361
7022 10058 415 365
7022 10059 410 365
7022 10060 410 360
7022 10061 407 364
7022 10062 403 367
7022 10063 401 366
7022 10064 398 364
7022 10065 396 366
7022 10066 391 369
7022 10067 389 365
7022 10068 386 371
7022 10069 382 373
7022 10070 381 372
7022 10071 378 369
7022 10072 375 371
7022 10073 371 373
7022 10074 368 376
7022 10075 366 371
7022 10076 363 375
7022 10077 359 380
7022 10078 356 376
7022 10079 352 377
7022 10080 347 382
7022 10081 346 378
7022 10082 343 379
7022 10083 337 385
7022 10084 336 384
7022 10085 333 380
7022 10086 325 386
7022 10087 326 383
7022 10088 322 383
7022 10089 316 390
7022 10090 316 384
7022 10091 312 390
7022 10092 310 390
7022 10093 306 387
7022 10094 302 392
7022 10095 298 392
7022 10096 295 389
7022 10097 291 392
7022 10098 287 396
7022 10099 285 394
7022 10100 282 390
7022 10101 278 392
7022 10102 274 398
7022 10103 271 393
7022 10104 268 398
7022 10105 261 399
7022 10106 261 400
7022 10107 255 394
7022 10108 253 395
7022 10109 247 402
7022 10110 247 402
7022 10111 240 399
7022 10112 236 405
7022 10113 233 407
7022 10114 230 405
7022 10115 226 401
7022 10116 221 408
7022 10117 219 404
7022 10118 215 404
7022 10119 213 410
7022 10120 206 412
7022 10121 204 411
7022 10122 201 407
7022 10123 197 409
7022 10124 193 411
7022 10125 189 409
7022 10126 185 409
7022 10127 182 413
7022 10128 178 417
7022 10129 174 412
7022 10130 171 413
7022 10131 167 415
7022 10132 164 416
7022 10133 160 416
7022 10134 156 416
7022 10135 151 423
7022 10136 150 423
7022 10137 147 422
7022 10138 142 418
7022 10139 138 420
7022 10140 133 423
7022 10141 127 419
7068 10088 557 449
7068 10089 560 444
7068 10090 563 445
7068 10091 567 440
7068 10092 569 439
7068 10093 573 438
7068 10094 574 447
7068 10095 578 444
7068 10096 581 445
7068 10097 587 441
7068 10098 591 443
7068 10099 592 449
7068 10100 595 453
7068 10101 599 454
7068 10102 604 447
7068 10103 607 447
7068 10104 608 455
7068 10105 610 462
7068 10106 614 464
7068 10107 619 462
7068 10108 623 460
7068 10109 626 462
7068 10110 630 464
7068 10111 634 459
7102 10126 459 335
7102 10127 460 338
7102 10128 461 340
7102 10129 464 338
7102 10130 465 342
7102 10131 466 344
7102 10132 472 345
7102 10133 475 344
7102 10134 477 344
7102 10135 481 349
7102 10136 482 346
7102 10137 485 349
7102 10138 487 349
7102 10139 491 351
7102 10140 493 352
7102 10141 500 355
7102 10142 503 353
7102 10143 506 357
7102 10144 510 359
7102 10145 515 357
7102 10146 518 356
7102 10147 522 361
7102 10148 526 359
7102 10149 529 359
7102 10150 532 364
7102 10151 535 361
7102 10152 537 364
7102 10153 542 365
7102 10154 546 368
7102 10155 549 367
7102 10156 550 368
7102 10157 554 369
7102 10158 558 370
7102 10159 561 371
7102 10160 562 373
7102 10161 566 375
7102 10162 568 374
7102 10163 570 376
7102 10164 574 378
7102 10165 577 378
7102 10166 580 380
7102 10167 583 384
7102 10168 588 382
7102 10169 589 384
7102 10170 593 385
7102 10171 594 385
7102 10172 598 386
7102 10173 600 388
7102 10174 604 389
7102 10175 606 390
7102 10176 609 390
7102 10177 612 392
7102 10178 616 395
7102 10179 618 394
7102 10180 623 396
7102 10181 626 399
7102 10182 628 398
7102 10183 630 399
7102 10184 633 400
7102 10185 633 402
7102 10186 636 404
7121 10143 120 423
7121 10144 114 425
7121 10145 110 427
7121 10146 106 426
7121 10147 99 430
7121 10148 96 429
7121 10149 93 431
7121 10150 88 428
7121 10151 85 430
7121 10152 78 432
7121 10153 74 430
7121 10154 70 434
7121 10155 66 434
7121 10156 62 436
7121 10157 58 433
7121 10158 55 432
7121 10159 51 434
7121 10160 48 433
7121 10161 44 435
7121 10162 42 434
7121 10163 37 438
7121 10164 33 437
7121 10165 29 434
7121 10166 25 435
7121 10167 20 434
7121 10168 16 435
7121 10169 14 436
7121 10170 10 436
7121 10171 8 438
7121 10172 5 437
7121 10173 3 436
7209 10249 522 467
7209 10250 513 461
7209 10251 518 455
7209 10252 516 447
7209 10253 514 445
7209 10254 510 446
7209 10255 508 441
7209 10256 505 440
7209 10257 503 438
7209 10258 498 438
7209 10259 496 435
7209 10260 491 435
7209 10261 492 430
7209 10262 489 433
7209 10263 487 427
7209 10264 486 427
7209 10265 481 426
7209 10266 480 424
7209 10267 478 418
7209 10268 476 418
7209 10269 475 416
7209 10270 472 414
7209 10271 470 413
7209 10272 466 414
7209 10273 465 412
7209 10274 464 410
7209 10275 462 407
7209 10276 460 405
7209 10277 460 401
7222 10277 456 407
7222 10278 457 407
7222 10279 455 401
7222 10280 452 402
7222 10281 451 398
7222 10282 449 394
7222 10283 448 394
7222 10284 446 392
7222 10285 444 393
7222 10286 442 390
7222 10287 440 391
7222 10288 439 387
7222 10289 436 387
7222 10290 435 386
7222 10291 433 383
7222 10292 432 381
7222 10293 429 382
7222 10294 427 382
7222 10295 425 378
7222 10296 423 377
7222 10297 421 376
7222 10298 419 375
7222 10299 419 369
7222 10300 415 372
7222 10301 414 370
7222 10302 411 372
7222 10303 408 371
7222 10304 407 368
7222 10305 405 365
7222 10306 403 365
7222 10307 401 363
7222 10308 398 363
7222 10309 395 364
7222 10310 394 361
7222 10311 393 361
7222 10312 390 357
7222 10313 389 360
7222 10314 386 360
7222 10315 383 362
7234 10293 101 279
7234 10294 101 282
7234 10295 100 279
7234 10296 99 282
7234 10297 98 282
7234 10298 96 285
7234 10299 94 285
7234 10300 94 283
7234 10301 93 285
7234 10302 92 284
7234 10303 91 286
7234 10304 91 286
7234 10305 89 287
7234 10306 88 288
7234 10307 88 292
7234 10308 85 287
7234 10309 84 289
7234 10310 82 290
7234 10311 82 289
7234 10312 80 289
7234 10313 80 291
7234 10314 78 290
7234 10315 77 291
7234 10316 75 291
7234 10317 74 292
7234 10318 73 291
7234 10319 72 294
7234 10320 70 295
7234 10321 70 294
7234 10322 67 295
7234 10323 67 299
7234 10324 66 296
7234 10325 64 298
7234 10326 63 299
7234 10327 62 300
7234 10328 60 300
7234 10329 60 300
7234 10330 58 303
7234 10331 59 305
7234 10332 55 303
7234 10333 53 302
7234 10334 52 304
7234 10335 52 307
7234 10336 50 304
7234 10337 49 306
7234 10338 47 308
7234 10339 46 308
7234 10340 44 310
7234 10341 43 306
7234 10342 41 308
7234 10343 41 309
7234 10344 39 312
7234 10345 37 313
7234 10346 36 310
7234 10347 36 314
7234 10348 35 315
7234 10349 33 315
7234 10350 31 314
7234 10351 30 318
7234 10352 29 315
7234 10353 27 315
7234 10354 26 316
7234 10355 25 321
7234 10356 22 320
7234 10357 20 318
7272 10343 157 292
7272 10344 159 294
7272 10345 161 295
7272 10346 163 295
7272 10347 164 296
7272 10348 167 297
7272 10349 167 295
7272 10350 171 297
7272 10351 172 298
7272 10352 174 299
7272 10353 177 301
7272 10354 178 302
7272 10355 181 302
7272 10356 182 302
7272 10357 182 304
7272 10358 185 302
7272 10359 187 303
7272 10360 188 303
7272 10361 191 304
7272 10362 193 306
7272 10363 193 303
7272 10364 196 305
7272 10365 197 304
7272 10366 197 305
7272 10367 200 304
7272 10368 202 307
7272 10369 204 305
7272 10370 204 304
7272 10371 206 306
7272 10372 207 306
7272 10373 211 307
7272 10374 212 314
7272 10375 213 309
7272 10376 216 315
7272 10377 218 312
7272 10378 220 314
7272 10379 220 309
7272 10380 222 310
7272 10381 223 311
7272 10382 227 314
7272 10383 228 316
7272 10384 231 320
7272 10385 231 317
7272 10386 233 319
7272 10387 234 316
7272 10388 235 315
7272 10389 240 328
7272 10390 241 325
7272 10391 243 325
7272 10392 245 324
7272 10393 248 327
7272 10394 250 329
7318 10394 164 262
7318 10395 165 262
7318 10396 164 260
7318 10397 160 261
7318 10398 157 257
7318 10399 157 263
7318 10400 155 263
7318 10401 152 265
7318 10402 147 260
7318 10403 146 266
7318 10404 145 267
7318 10405 142 268
7318 10406 139 271
7318 10407 136 267
7318 10408 134 267
7318 10409 134 272
7318 10410 132 273
7318 10411 130 274
7318 10412 127 273
7318 10413 125 276
7318 10414 123 277
7318 10415 121 278
7318 10416 116 275
7318 10417 117 280
7318 10418 114 281
7318 10419 110 281
7318 10420 106 281
7318 10421 103 282
7318 10422 102 282
7318 10423 98 282
7318 10424 94 286
7318 10425 92 289
7318 10426 87 284
7327 10407 273 341
7327 10408 276 340
7327 10409 276 342
7327 10410 277 338
7327 10411 278 336
7327 10412 280 340
7327 10413 282 339
7327 10414 284 342
7327 10415 288 344
7327 10416 289 347
7327 10417 291 349
7327 10418 292 345
7327 10419 293 344
7327 10420 297 345
7327 10421 298 347
7327 10422 300 349
7327 10423 301 348
7327 10424 304 351
7327 10425 307 350
7327 10426 309 352
7327 10427 310 351
7327 10428 314 352
7327 10429 315 355
7327 10430 317 356
7327 10431 319 355
7327 10432 321 359
7327 10433 324 360
7327 10434 327 362
7327 10435 331 359
7327 10436 331 361
7327 10437 333 358
7403 10500 523 450
7403 10501 524 444
7403 10502 530 443
7403 10503 533 446
7403 10504 537 449
7403 10505 539 447
7403 10506 541 454
7403 10507 547 460
7403 10508 550 455
7403 10509 554 456
7403 10510 559 454
7403 10511 562 456
7403 10512 567 456
7403 10513 571 457
7403 10514 573 459
7403 10515 577 461
7403 10516 581 463
7403 10517 584 468
7403 10518 588 469
7403 10519 594 466
7403 10520 598 468
7403 10521 603 471
7403 10522 607 472
7403 10523 610 472
7403 10524 614 472
7403 10525 619 473
7403 10526 623 473
7403 10527 627 474
7403 10528 630 474
7403 10529 635 475
7689 10793 260 425
7689 10794 260 422
7689 10795 257 422
7689 10796 255 422
7689 10797 249 425
7689 10798 249 428
7689 10799 245 427
7689 10800 241 425
7689 10801 238 420
7689 10802 235 420
7689 10803 231 424
7689 10804 229 426
7689 10805 227 428
7689 10806 224 424
7689 10807 220 426
7689 10808 216 419
7689 10809 212 414
7689 10810 211 419
7689 10811 208 424
7689 10812 206 423
7689 10813 202 421
7689 10814 201 423
7689 10815 196 419
7689 10816 192 424
7689 10817 191 424
7689 10818 186 427
7689 10819 185 434
7689 10820 178 434
7689 10821 180 435
7689 10822 179 434
7689 10823 177 434
8375 11623 480 267
8375 11624 474 264
8375 11625 470 263
8375 11626 457 263
8375 11627 443 262
8375 11628 427 261
8375 11629 413 260
8375 11630 402 259
8375 11631 388 258
8375 11632 373 257
8375 11633 359 256
8375 11634 347 253
8375 11635 337 251
8375 11636 322 252
8375 11637 308 250
8375 11638 295 249
8375 11639 284 248
8375 11640 274 248
8375 11641 261 246
8539 11809 162 246
8539 11810 164 248
8539 11811 165 254
8539 11812 166 253
8539 11813 167 256
8539 11814 165 251
8539 11815 164 251
8539 11816 160 251
8539 11817 162 252
8539 11818 162 255
8539 11819 163 254
8539 11820 167 255
8539 11821 156 260
8539 11822 153 261
8539 11823 150 262
8539 11824 149 263
8539 11825 146 264
8539 11826 141 266
8539 11827 139 268
8539 11828 136 270
8539 11829 133 271
8539 11830 130 271
8539 11831 125 273
8539 11832 123 274
8539 11833 119 276
8539 11834 115 276
8539 11835 113 279
8539 11836 108 281
8539 11837 104 282
8539 11838 103 289
8539 11839 98 286
8539 11840 94 292
8539 11841 90 288
8539 11842 88 290
8539 11843 86 292
8539 11844 79 291
8539 11845 77 295
8539 11846 73 298
8539 11847 70 299
8539 11848 65 300
8539 11849 61 304
8539 11850 59 306
8539 11851 54 307
8539 11852 51 307
8539 11853 47 310
8539 11854 44 311
8539 11855 41 314
8539 11856 34 316
8539 11857 32 317
8539 11858 26 319
8539 11859 23 320
8539 11860 19 320
8539 11861 16 322
8539 11862 15 322
8539 11863 12 323
8539 11864 10 323
8539 11865 7 326
8539 11866 4 332
8577 11837 132 280
8577 11838 131 283
8577 11839 127 284
8577 11840 123 283
8577 11841 121 286
8577 11842 118 286
8577 11843 113 280
8577 11844 109 275
8577 11845 107 283
8577 11846 102 277
8577 11847 100 280
8577 11848 96 282
8577 11849 90 278
8577 11850 85 282
8577 11851 83 285
8577 11852 81 286
8577 11853 78 295
8577 11854 74 296
8577 11855 71 294
8577 11856 66 296
8577 11857 62 298
8577 11858 55 298
8577 11859 49 298
8577 11860 52 309
8577 11861 48 306
8577 11862 41 304
8577 11863 41 307
8577 11864 37 312
8577 11865 25 319
8577 11866 27 314
8577 11867 25 314
8577 11868 22 320
8577 11869 19 321
8577 11870 15 321
8577 11871 13 323
8577 11872 10 324
8577 11873 8 326
8577 11874 6 327
8577 11875 4 329
8577 11876 3 330
8629 11865 214 246
8629 11866 240 250
8629 11867 241 250
8629 11868 239 248
8629 11869 249 249
8629 11870 258 250
8629 11871 268 250
8629 11872 279 252
8629 11873 290 251
8629 11874 301 253
8629 11875 311 253
8629 11876 321 254
8629 11877 333 254
8629 11878 345 255
8629 11879 360 257
8629 11880 357 258
8643 11880 380 259
8643 11881 380 260
8643 11882 388 260
8643 11883 401 261
8643 11884 410 262
8643 11885 420 264
8643 11886 432 265
8643 11887 443 265
8643 11888 452 266
8643 11889 463 266
8643 11890 468 267
8643 11891 476 267
8643 11892 479 268
8643 11893 485 269
8643 11894 489 275
8668 11907 236 250
8668 11908 236 250
8668 11909 239 250
8668 11910 249 250
8668 11911 257 252
8668 11912 265 253
8668 11913 272 253
8668 11914 280 254
8668 11915 289 255
8668 11916 297 256
8668 11917 303 257
8668 11918 316 258
8668 11919 322 257
8668 11920 332 260
8668 11921 339 259
8668 11922 347 261
8668 11923 357 260
8668 11924 366 262
8668 11925 377 263
8668 11926 383 264
8668 11927 403 263
8668 11928 410 262
8668 11929 404 263
8668 11930 416 264
8668 11931 428 267
8668 11932 437 268
8668 11933 447 269
8668 11934 455 270
8668 11935 463 271
8668 11936 467 270
8668 11937 475 272
8668 11938 474 272
8798 12036 417 263
8798 12037 406 259
8798 12038 392 258
8798 12039 379 257
8798 12040 369 256
8798 12041 358 256
8798 12042 346 254
8798 12043 334 253
8798 12044 323 251
8798 12045 313 251
8798 12046 304 250
8798 12047 291 249
8798 12048 281 249
8798 12049 270 248
8798 12050 262 247
8798 12051 255 246
8924 12340 239 247
8924 12341 248 248
8924 12342 257 249
8924 12343 264 250
8924 12344 272 250
8924 12345 282 251
8924 12346 292 251
8924 12347 302 253
8924 12348 310 254
8924 12349 317 255
8924 12350 329 255
8924 12351 338 256
8924 12352 348 258
8924 12353 357 259
8924 12354 365 259
8924 12355 374 259
8924 12356 387 261
8924 12357 394 261
8924 12358 404 262
8924 12359 410 263
8924 12360 420 264
8924 12361 430 266
8924 12362 439 267
8924 12363 448 267
8924 12364 455 268
8924 12365 464 269
8924 12366 469 268
8924 12367 473 269
8924 12368 476 269
8924 12369 481 270
8924 12370 484 271
8931 12360 513 465
8931 12361 516 465
8931 12362 514 462
8931 12363 523 463
8931 12364 525 458
8931 12365 524 460
8931 12366 528 455
8931 12367 531 451
8931 12368 532 454
8931 12369 536 452
8931 12370 535 457
8931 12371 541 453
8931 12372 543 451
8931 12373 546 451
8931 12374 549 450
8931 12375 551 449
8931 12376 553 445
8931 12377 556 447
8931 12378 557 445
8931 12379 560 444
8931 12380 563 445
8931 12381 565 448
8931 12382 569 441
8931 12383 569 443
8931 12384 569 449
8931 12385 569 448
8931 12386 571 446
8931 12387 578 443
8931 12388 579 444
8983 12403 486 264
8983 12404 478 262
8983 12405 472 262
8983 12406 461 262
8983 12407 446 261
8983 12408 430 259
8983 12409 414 258
8983 12410 401 257
8983 12411 387 256
8983 12412 372 255
8983 12413 356 254
8983 12414 343 251
8983 12415 331 251
8983 12416 315 251
8983 12417 302 249
8983 12418 291 248
8983 12419 279 246
9197 12738 26 295
9197 12739 27 296
9197 12740 27 295
9197 12741 29 294
9197 12742 30 295
9197 12743 32 293
9197 12744 33 293
9197 12745 35 292
9197 12746 35 292
9197 12747 36 292
9197 12748 39 291
9197 12749 41 290
9197 12750 42 292
9197 12751 44 290
9197 12752 47 290
9197 12753 48 289
9197 12754 48 290
9197 12755 49 288
9197 12756 52 287
9197 12757 52 287
9197 12758 55 286
9197 12759 57 284
9197 12760 59 284
9197 12761 60 284
9197 12762 60 284
9197 12763 63 283
9197 12764 64 282
9197 12765 65 282
9197 12766 66 283
9197 12767 68 280
9197 12768 68 280
9197 12769 70 279
9197 12770 70 279
9197 12771 72 278
9197 12772 73 277
9197 12773 75 278
9197 12774 76 277
9197 12775 77 277
9197 12776 79 278
9197 12777 80 276
9197 12778 83 276
9197 12779 83 276
9197 12780 85 276
9197 12781 86 275
9197 12782 88 274
9197 12783 89 275
9197 12784 90 275
9197 12785 91 274
9197 12786 93 270
9197 12787 92 273
9197 12788 95 274
9332 12966 289 247
9332 12967 279 247
9332 12968 272 247
9332 12969 256 247
9332 12970 255 248
9332 12971 253 248
9332 12972 253 248
9332 12973 251 249
9332 12974 271 250
9332 12975 291 252
9332 12976 296 253
9332 12977 298 253
9332 12978 313 254
9332 12979 331 256
9332 12980 344 256
9332 12981 358 257
9332 12982 370 258
9332 12983 381 260
9332 12984 395 261
9332 12985 410 262
9332 12986 422 263
9332 12987 434 265
9332 12988 449 266
9332 12989 463 267
9332 12990 473 266
9332 12991 480 268