219 882 484 268
219 883 480 265
219 884 469 263
219 885 454 263
219 886 433 261
219 887 414 260
219 888 398 259
219 889 383 257
219 890 363 255
219 891 346 254
219 892 330 253
219 893 315 252
219 894 297 251
219 895 280 249
219 896 266 248
219 897 256 247
640 1858 206 246
640 1859 217 246
640 1860 231 248
640 1861 247 250
640 1862 259 250
640 1863 273 251
640 1864 290 253
640 1865 306 253
640 1866 320 255
640 1867 336 257
640 1868 353 258
640 1869 372 259
640 1870 390 261
640 1871 406 261
640 1872 422 264
640 1873 448 265
640 1874 466 267
640 1875 481 269
643 1961 234 255
643 1962 236 253
643 1963 245 253
643 1964 244 252
643 1965 253 254
643 1966 265 255
643 1967 276 254
643 1968 287 255
643 1969 295 256
643 1970 304 256
643 1971 315 258
643 1972 325 258
643 1973 334 259
643 1974 344 261
643 1975 355 260
643 1976 366 263
643 1977 376 263
643 1978 386 264
643 1979 398 265
643 1980 410 265
643 1981 420 265
643 1982 432 266
643 1983 443 268
643 1984 453 267
643 1985 450 269
647 1990 155 246
647 1991 159 246
647 1992 162 247
647 1993 164 248
647 1994 166 249
647 1995 168 250
647 1996 169 250
647 1997 169 253
647 1998 170 255
647 1999 170 256
647 2000 150 250
647 2001 166 253
647 2002 171 254
647 2003 164 264
647 2004 161 265
647 2005 157 267
647 2006 156 269
647 2007 150 272
647 2008 148 275
647 2009 145 276
647 2010 139 279
647 2011 133 282
647 2012 130 285
647 2013 123 287
647 2014 117 290
647 2015 111 294
647 2016 103 297
647 2017 97 301
647 2018 91 303
647 2019 82 307
647 2020 75 311
647 2021 68 315
647 2022 60 318
647 2023 51 322
647 2024 42 327
647 2025 34 330
647 2026 27 335
647 2027 21 340
647 2028 16 342
647 2029 8 346
647 2030 7 348
647 2031 3 354
702 2295 128 282
702 2296 124 283
702 2297 120 281
702 2298 119 285
702 2299 114 288
702 2300 110 286
702 2301 108 281
702 2302 117 286
702 2303 120 291
702 2304 117 285
702 2305 112 287
702 2306 109 289
702 2307 108 289
702 2308 101 292
702 2309 96 295
702 2310 92 297
702 2311 87 298
702 2312 83 300
702 2313 78 302
702 2314 74 304
702 2315 68 306
702 2316 64 309
702 2317 58 310
702 2318 52 313
702 2319 46 316
702 2320 47 318
766 2904 207 246
766 2905 221 246
766 2906 238 250
766 2907 255 251
766 2908 266 250
766 2909 281 252
766 2910 296 253
766 2911 312 253
766 2912 327 256
766 2913 343 257
766 2914 362 259
766 2915 378 261
766 2916 391 261
766 2917 408 263
766 2918 425 264
766 2919 433 265
796 2997 141 475
796 2998 144 474
796 2999 145 474
796 3000 147 474
796 3001 151 474
796 3002 154 474
796 3003 153 474
796 3004 158 474
796 3005 160 474
796 3006 163 473
796 3007 164 473
796 3008 167 473
796 3009 169 473
796 3010 171 473
796 3011 175 472
796 3012 176 472
796 3013 179 473
796 3014 182 472
796 3015 183 471
796 3016 186 472
796 3017 189 471
796 3018 191 471
796 3019 194 471
796 3020 196 472
796 3021 199 471
796 3022 201 471
796 3023 204 471
796 3024 208 471
796 3025 208 471
796 3026 210 471
796 3027 214 471
796 3028 215 471
796 3029 218 471
796 3030 220 471
796 3031 223 470
796 3032 226 470
796 3033 228 471
796 3034 231 470
796 3035 231 469
796 3036 236 469
796 3037 238 470
796 3038 238 469
796 3039 242 470
796 3040 245 465
796 3041 246 469
796 3042 249 469
796 3043 249 469
796 3044 253 468
796 3045 256 469
796 3046 259 468
796 3047 260 467
796 3048 263 468
796 3049 265 468
796 3050 266 468
796 3051 267 465
796 3052 270 467
796 3053 272 466
796 3054 277 467
796 3055 279 467
796 3056 282 465
796 3057 283 467
796 3058 286 466
796 3059 288 467
796 3060 292 467
796 3061 287 457
796 3062 286 461
876 3076 344 471
876 3077 348 469
876 3078 347 466
876 3079 350 465
876 3080 351 466
876 3081 356 467
876 3082 357 466
876 3083 363 465
876 3084 365 466
876 3085 369 466
876 3086 374 466
876 3087 379 466
876 3088 383 464
876 3089 387 464
876 3090 393 462
876 3091 397 460
876 3092 401 460
876 3093 405 460
876 3094 410 457
876 3095 416 455
876 3096 415 458
876 3097 418 457
876 3098 421 455
876 3099 425 454
876 3100 429 454
876 3101 432 452
876 3102 436 453
876 3103 440 452
876 3104 443 451
876 3105 445 450
876 3106 448 450
876 3107 451 450
876 3108 448 452
981 3254 213 471
981 3255 214 467
981 3256 220 466
981 3257 225 466
981 3258 229 466
981 3259 233 466
981 3260 239 465
981 3261 243 465
981 3262 249 465
981 3263 253 464
981 3264 258 464
981 3265 262 464
981 3266 266 464
981 3267 270 463
981 3268 274 463
981 3269 284 463
981 3270 289 462
981 3271 289 462
981 3272 295 461
981 3273 301 461
981 3274 305 461
981 3275 307 461
981 3276 315 459
981 3277 321 458
981 3278 324 460
981 3279 327 459
981 3280 337 458
981 3281 342 458
981 3282 343 458
981 3283 349 455
981 3284 356 458
981 3285 359 456
981 3286 362 455
981 3287 364 454
981 3288 374 454
981 3289 377 453
981 3290 379 453
981 3291 384 452
981 3292 391 452
981 3293 394 452
981 3294 396 451
981 3295 403 450
981 3296 409 449
981 3297 411 449
981 3298 413 448
981 3299 420 446
981 3300 424 447
981 3301 428 446
981 3302 431 445
981 3303 437 443
981 3304 441 443
981 3305 444 443
981 3306 447 440
981 3307 451 439
981 3308 456 441
981 3309 459 439
981 3310 463 437
981 3311 468 437
981 3312 474 436
981 3313 481 433
981 3314 486 433
981 3315 491 431
981 3316 495 430
981 3317 501 429
981 3318 506 427
981 3319 510 428
981 3320 507 434
981 3321 516 438
1046 3763 84 325
1046 3764 87 325
1046 3765 88 320
1046 3766 90 322
1046 3767 92 323
1046 3768 95 319
1046 3769 91 319
1046 3770 91 318
1046 3771 90 318
1046 3772 92 315
1046 3773 93 315
1046 3774 96 314
1046 3775 97 316
1046 3776 101 313
1046 3777 103 312
1046 3778 104 312
1046 3779 106 312
1046 3780 108 311
1046 3781 109 310
1046 3782 111 310
1046 3783 113 310
1046 3784 115 310
1046 3785 115 308
1046 3786 118 309
1046 3787 120 310
1046 3788 121 308
1046 3789 122 309
1046 3790 124 304
1046 3791 124 305
1046 3792 127 305
1046 3793 129 306
1046 3794 130 308
1046 3795 132 306
1046 3796 136 305
1046 3797 138 304
1046 3798 138 305
1046 3799 140 304
1046 3800 144 302
1046 3801 146 302
1046 3802 146 303
1046 3803 147 307
1046 3804 150 302
1046 3805 155 301
1046 3806 159 302
1046 3807 158 302
1046 3808 159 302
1046 3809 162 297
1064 3821 205 298
1064 3822 207 298
1064 3823 204 296
1064 3824 206 296
1064 3825 208 296
1064 3826 210 296
1064 3827 211 297
1064 3828 214 296
1064 3829 215 294
1064 3830 217 295
1064 3831 218 296
1064 3832 220 295
1064 3833 223 295
1064 3834 221 292
1064 3835 224 295
1064 3836 226 295
1064 3837 227 295
1064 3838 229 293
1064 3839 232 292
1064 3840 232 292
1064 3841 234 292
1064 3842 237 291
1064 3843 238 290
1064 3844 240 291
1064 3845 242 291
1064 3846 243 291
1064 3847 244 291
1064 3848 246 292
1064 3849 248 290
1064 3850 249 289
1064 3851 251 287
1064 3852 253 288
1064 3853 255 289
1064 3854 255 287
1064 3855 256 287
1064 3856 257 286
1064 3857 260 286
1064 3858 264 286
1064 3859 264 285
1064 3860 264 285
1064 3861 267 285
1064 3862 269 284
1064 3863 270 285
1064 3864 270 283
1064 3865 271 283
1064 3866 272 284
1064 3867 275 283
1064 3868 276 279
1064 3869 277 282
1064 3870 278 282
1064 3871 281 283
1064 3872 280 281
1064 3873 280 281
1064 3874 282 281
1064 3875 283 280
1064 3876 284 282
1064 3877 285 280
1064 3878 285 279
1064 3879 287 280
1064 3880 288 281
1064 3881 288 280
1064 3882 290 278
1064 3883 291 279
1064 3884 292 279
1227 4571 234 248
1227 4572 243 249
1227 4573 250 249
1227 4574 253 252
1227 4575 265 252
1227 4576 275 252
1227 4577 285 253
1227 4578 298 252
1227 4579 311 255
1227 4580 323 256
1227 4581 333 257
1227 4582 348 258
1227 4583 361 258
1227 4584 373 259
1227 4585 385 261
1227 4586 400 262
1227 4587 415 263
1227 4588 428 265
1227 4589 440 265
1227 4590 455 266
1227 4591 463 267
1227 4592 475 269
1227 4593 480 270
1372 5023 235 250
1372 5024 235 250
1372 5025 250 251
1372 5026 262 251
1372 5027 274 253
1372 5028 290 254
1372 5029 307 255
1372 5030 323 257
1372 5031 337 258
1372 5032 358 259
1372 5033 376 261
1372 5034 385 262
1372 5035 401 263
1372 5036 420 266
1372 5037 439 266
1372 5038 458 267
1372 5039 475 268
1372 5040 479 267
1372 5041 488 267
1483 6178 221 259
1483 6179 225 251
1483 6180 233 249
1483 6181 244 251
1483 6182 253 252
1483 6183 262 253
1483 6184 272 253
1483 6185 286 254
1483 6186 298 254
1483 6187 310 256
1483 6188 322 257
1483 6189 335 258
1483 6190 347 259
1483 6191 361 259
1483 6192 376 262
1483 6193 390 264
1483 6194 405 265
1483 6195 418 266
1483 6196 433 266
1483 6197 449 269
1483 6198 462 270
1483 6199 470 268
1791 7546 222 253
1791 7547 232 250
1791 7548 244 252
1791 7549 257 252
1791 7550 267 254
1791 7551 278 254
1791 7552 291 255
1791 7553 303 256
1791 7554 315 257
1791 7555 324 259
1791 7556 335 259
1791 7557 346 259
1791 7558 358 260
1791 7559 372 261
1791 7560 381 262
1791 7561 394 263
1791 7562 404 263
1791 7563 415 265
1791 7564 427 266
1791 7565 436 266
1791 7566 446 267
1814 8062 480 264
1814 8063 475 264
1814 8064 462 264
1814 8065 445 262
1814 8066 425 260
1814 8067 409 260
1814 8068 397 258
1814 8069 379 257
1814 8070 359 255
1814 8071 343 254
1814 8072 325 253
1814 8073 310 251
1814 8074 293 250
1814 8075 276 249
1814 8076 261 247
1814 8077 249 246
1814 8078 240 246
1863 8768 478 267
1863 8769 472 263
1863 8770 459 262
1863 8771 439 259
1863 8772 415 260
1863 8773 395 258
1863 8774 375 256
1863 8775 355 253
1863 8776 335 252
1863 8777 316 250
1863 8778 300 250
1863 8779 285 248
1863 8780 269 247
1952 9141 404 260
1952 9142 395 258
1952 9143 375 258
1952 9144 353 255
1952 9145 334 254
1952 9146 319 253
1952 9147 301 250
1952 9148 284 249
1952 9149 268 248
1952 9150 255 247
1952 9151 246 246
2065 9673 148 284
2065 9674 143 282
2065 9675 142 284
2065 9676 141 281
2065 9677 149 281
2065 9678 149 283
2065 9679 143 284
2065 9680 138 288
2065 9681 136 289
2065 9682 129 292
2065 9683 129 294
2065 9684 121 297
2065 9685 115 299
2065 9686 110 301
2065 9687 105 303
2065 9688 99 305
2065 9689 94 308
2065 9690 89 310
2065 9691 81 313
2065 9692 75 317
2065 9693 70 319
2091 9788 482 267
2091 9789 471 264
2091 9790 462 264
2091 9791 443 263
2091 9792 422 261
2091 9793 404 259
2091 9794 385 258
2091 9795 363 257
2091 9796 343 255
2091 9797 325 253
2091 9798 309 252
2091 9799 293 250
2091 9800 276 249
2091 9801 261 248
2091 9802 249 247
2091 9803 232 247
2091 9804 218 248
2091 9805 222 250
2096 9837 462 263
2096 9838 458 264
2096 9839 441 262
2096 9840 425 259
2096 9841 406 259
2096 9842 390 258
2096 9843 372 257
2096 9844 353 254
2096 9845 338 253
2096 9846 323 252
2096 9847 308 250
2096 9848 292 249
2096 9849 279 248
2096 9850 266 248
2096 9851 257 247
2150 10184 235 250
2150 10185 242 251
2150 10186 250 251
2150 10187 257 252
2150 10188 269 251
2150 10189 281 252
2150 10190 293 254
2150 10191 304 254
2150 10192 319 256
2150 10193 326 256
2150 10194 333 257
2150 10195 339 257
2150 10196 359 260
2150 10197 371 260
2150 10198 380 262
2150 10199 389 263
2150 10200 401 264
2150 10201 413 265
2150 10202 423 266
2150 10203 433 267
2150 10204 445 267
2150 10205 456 268
2150 10206 465 268
2150 10207 469 268
2150 10208 474 267
2150 10209 478 269
2175 10230 380 430
2175 10231 380 429
2175 10232 376 430
2175 10233 369 431
2175 10234 365 432
2175 10235 362 433
2175 10236 358 435
2175 10237 354 435
2175 10238 349 436
2175 10239 342 437
2175 10240 339 438
2175 10241 336 440
2175 10242 330 441
2175 10243 323 442
2175 10244 321 443
2175 10245 316 443
2175 10246 309 445
2175 10247 307 447
2175 10248 301 448
2175 10249 293 447
2175 10250 291 451
2175 10251 287 452
2175 10252 279 452
2175 10253 275 453
2175 10254 273 454
2175 10255 265 455
2175 10256 261 458
2175 10257 257 458
2175 10258 249 458
2175 10259 245 458
2175 10260 241 460
2175 10261 237 460
2175 10262 231 461
2175 10263 227 462
2175 10264 222 462
2175 10265 214 462
2175 10266 209 463
2175 10267 206 463
2175 10268 209 468
2175 10269 203 469
2175 10270 200 469
2275 10457 113 313
2275 10458 114 314
2275 10459 113 313
2275 10460 117 312
2275 10461 124 314
2275 10462 127 313
2275 10463 131 313
2275 10464 134 312
2275 10465 140 312
2275 10466 140 310
2275 10467 142 310
2275 10468 146 312
2275 10469 150 310
2275 10470 151 310
2275 10471 155 308
2275 10472 156 307
2275 10473 159 307
2275 10474 161 308
2275 10475 167 307
2275 10476 169 308
2275 10477 171 306
2275 10478 171 302
2275 10479 176 303
2275 10480 180 297
2275 10481 185 302
2275 10482 188 302
2275 10483 188 302
2275 10484 195 301
2275 10485 199 300
2275 10486 202 301
2275 10487 204 299
2275 10488 207 298
2275 10489 207 299
2275 10490 211 298
2275 10491 215 297
2275 10492 217 296
2275 10493 218 295
2275 10494 222 296
2275 10495 227 293
2275 10496 229 294
2275 10497 231 292
2275 10498 235 293
2275 10499 235 292
2275 10500 239 292
2275 10501 241 290
2275 10502 243 290
2275 10503 245 290
2275 10504 245 291
2659 11594 330 405
2659 11595 325 408
2659 11596 331 407
2659 11597 335 409
2659 11598 339 414
2659 11599 342 414
2659 11600 345 411
2659 11601 347 417
2659 11602 349 420
2659 11603 351 420
2659 11604 353 422
2659 11605 355 424
2659 11606 358 425
2659 11607 361 427
2659 11608 363 430
2659 11609 364 432
2659 11610 366 432
2659 11611 369 435
2659 11612 371 436
2659 11613 373 438
2659 11614 375 439
2659 11615 379 442
2659 11616 381 444
2659 11617 376 447
2659 11618 377 447
2659 11619 380 448
2659 11620 383 453
2659 11621 386 453
2659 11622 391 455
2659 11623 390 455
2659 11624 393 458
2659 11625 397 460
2659 11626 400 461
2659 11627 403 463
2659 11628 408 464
2659 11629 413 464
2659 11630 420 465
2659 11631 420 467
2659 11632 419 474
2659 11633 421 475
2660 11596 317 404
2660 11597 320 409
2660 11598 322 410
2660 11599 323 410
2660 11600 325 413
2660 11601 326 418
2660 11602 329 420
2660 11603 331 420
2660 11604 333 420
2660 11605 335 426
2660 11606 337 427
2660 11607 339 428
2660 11608 341 431
2660 11609 344 429
2660 11610 348 434
2660 11611 350 436
2660 11612 353 438
2660 11613 354 442
2660 11614 357 444
2660 11615 361 441
2660 11616 363 447
2668 11725 509 469
2668 11726 496 464
2668 11727 479 458
2668 11728 463 453
2668 11729 449 444
2668 11730 436 435
2668 11731 423 426
2668 11732 411 418
2668 11733 398 410
2668 11734 385 402
2679 11733 448 412
2679 11734 436 404
2679 11735 425 398
2679 11736 416 391
2679 11737 405 385
2679 11738 397 380
2679 11739 388 376
2679 11740 378 370
2679 11741 368 365
2679 11742 361 361
2679 11743 352 357
2679 11744 344 354
2679 11745 340 351
2703 11750 269 321
2703 11751 267 320
2703 11752 259 318
2703 11753 251 313
2703 11754 243 311
2703 11755 237 309
2703 11756 231 307
2703 11757 225 305
2703 11758 218 300
2703 11759 214 299
2703 11760 209 297
2703 11761 206 293
2703 11762 203 292
2703 11763 202 297
2727 11788 247 252
2727 11789 246 253
2727 11790 257 252
2727 11791 270 253
2727 11792 284 253
2727 11793 296 255
2727 11794 308 257
2727 11795 321 258
2727 11796 332 259
2727 11797 348 260
2727 11798 363 261
2727 11799 370 266
2736 11983 162 246
2736 11984 163 246
2736 11985 166 248
2736 11986 168 249
2736 11987 169 250
2736 11988 171 252
2736 11989 171 254
2736 11990 172 255
2736 11991 171 258
2736 11992 170 259
2736 11993 168 261
2736 11994 165 264
2736 11995 162 267
2736 11996 159 268
2736 11997 154 272
2736 11998 150 274
2736 11999 146 277
2736 12000 140 280
2736 12001 133 283
2736 12002 128 285
2736 12003 122 289
2736 12004 115 292
2736 12005 108 295
2736 12006 100 299
2736 12007 93 303
2736 12008 85 306
2736 12009 76 310
2736 12010 68 315
2736 12011 59 319
2736 12012 50 322
2736 12013 41 326
2736 12014 32 332
2736 12015 26 336
2736 12016 20 341
2736 12017 16 341
2736 12018 11 345
2736 12019 6 351