139 97 255 251
139 98 263 253
139 99 271 253
139 100 281 254
139 101 293 254
139 102 306 255
139 103 306 254
139 104 313 254
139 105 306 255
139 106 335 259
139 107 346 260
139 108 357 260
139 109 368 261
139 110 378 262
139 111 395 263
139 112 411 263
139 113 407 262
139 114 405 263
139 115 410 262
399 347 17 355
399 348 18 355
399 349 20 355
399 350 24 354
399 351 27 354
399 352 31 355
399 353 34 355
399 354 37 356
399 355 41 355
399 356 44 354
399 357 47 354
399 358 50 352
399 359 54 352
399 360 58 351
399 361 60 353
399 362 64 351
399 363 67 353
399 364 71 348
399 365 74 346
399 366 78 345
399 367 82 346
399 368 84 348
399 369 88 344
399 370 92 345
399 371 96 343
399 372 97 341
399 373 100 345
399 374 104 340
399 375 106 343
399 376 110 340
399 377 114 342
399 378 117 341
399 379 122 340
399 380 124 335
399 381 127 339
399 382 129 340
399 383 134 339
399 384 138 336
399 385 142 337
399 386 144 338
399 387 149 336
399 388 151 331
399 389 154 333
399 390 156 335
399 391 162 333
399 392 165 333
399 393 167 332
399 394 171 329
399 395 179 329
399 396 178 331
470 408 204 318
470 409 203 319
470 410 206 321
470 411 208 317
470 412 209 321
470 413 214 316
470 414 215 317
470 415 218 315
470 416 221 313
470 417 223 314
470 418 226 314
470 419 228 315
470 420 232 311
470 421 234 312
470 422 237 314
470 423 240 312
470 424 243 309
470 425 246 307
470 426 248 311
470 427 252 310
470 428 255 308
470 429 257 307
470 430 259 309
470 431 265 306
470 432 266 305
470 433 268 307
470 434 272 307
470 435 275 305
470 436 277 306
470 437 281 301
470 438 283 302
470 439 286 300
470 440 289 303
470 441 292 303
470 442 295 299
470 443 297 300
470 444 299 302
470 445 304 300
470 446 306 299
470 447 306 301
470 448 310 300
470 449 314 298
470 450 316 296
470 451 319 297
470 452 321 299
470 453 326 295
470 454 328 296
470 455 328 297
470 456 333 292
470 457 335 297
470 458 338 293
470 459 340 292
470 460 343 294
470 461 346 293
470 462 349 291
470 463 352 290
470 464 354 292
470 465 357 290
470 466 359 290
470 467 362 289
470 468 362 293
470 469 368 290
470 470 370 288
470 471 372 288
470 472 374 287
470 473 377 287
470 474 380 289
470 475 383 287
470 476 385 287
470 477 387 288
470 478 391 287
470 479 394 286
470 480 396 284
470 481 398 284
470 482 399 288
470 483 403 284
470 484 406 284
470 485 408 286
470 486 411 284
470 487 413 282
470 488 415 283
470 489 418 283
470 490 419 279
498 427 274 330
498 428 274 330
498 429 276 331
498 430 278 330
498 431 282 331
498 432 287 331
498 433 287 332
498 434 289 331
498 435 295 332
498 436 298 332
498 437 299 332
498 438 302 332
498 439 307 334
498 440 309 334
498 441 311 333
498 442 315 333
498 443 319 334
498 444 320 335
498 445 322 336
498 446 327 335
498 447 331 335
498 448 333 336
498 449 335 334
498 450 339 334
498 451 342 335
498 452 344 336
498 453 347 335
498 454 351 335
498 455 354 336
498 456 356 336
498 457 360 336
498 458 364 336
498 459 367 337
498 460 368 337
498 461 373 338
498 462 377 338
498 463 378 339
498 464 380 339
498 465 385 339
498 466 388 340
498 467 390 339
498 468 391 340
498 469 397 340
498 470 401 341
498 471 402 341
498 472 405 341
498 473 409 341
498 474 413 341
498 475 414 342
498 476 418 340
498 477 422 342
498 478 424 342
498 479 426 343
498 480 430 341
498 481 434 342
498 482 435 342
498 483 438 344
498 484 442 343
498 485 446 344
498 486 449 345
498 487 450 345
498 488 453 344
498 489 458 344
498 490 460 343
498 491 462 342
498 492 464 342
498 493 468 340
498 494 471 343
498 495 472 343
498 496 476 343
498 497 480 344
498 498 481 343
498 499 487 347
498 500 489 342
498 501 492 345
498 502 494 345
498 503 494 343
498 504 500 342
498 505 503 343
591 487 245 250
591 488 246 250
591 489 254 251
591 490 263 251
591 491 274 252
591 492 283 252
591 493 293 254
591 494 303 255
591 495 315 256
591 496 325 257
591 497 334 257
591 498 351 259
591 499 363 260
591 500 370 260
591 501 381 260
591 502 389 261
591 503 403 263
591 504 415 265
591 505 424 265
591 506 434 270
591 507 446 272
591 508 456 271
591 509 464 270
591 510 471 269
591 511 475 272
1296 1204 491 355
1296 1205 490 355
1296 1206 488 354
1296 1207 487 355
1296 1208 482 355
1296 1209 479 355
1296 1210 479 355
1296 1211 475 355
1296 1212 470 356
1296 1213 467 357
1296 1214 467 357
1296 1215 464 357
1296 1216 458 357
1296 1217 456 358
1296 1218 455 358
1296 1219 450 359
1296 1220 446 359
1296 1221 444 360
1296 1222 442 360
1296 1223 438 360
1296 1224 433 360
1296 1225 432 361
1296 1226 428 361
1296 1227 424 361
1296 1228 421 362
1296 1229 418 362
1296 1230 414 363
1296 1231 410 363
1296 1232 408 364
1296 1233 407 363
1296 1234 400 363
1296 1235 396 364
1296 1236 394 365
1296 1237 392 364
1296 1238 387 364
1296 1239 384 365
1296 1240 383 365
1296 1241 378 363
1296 1242 377 369
1336 1242 372 365
1336 1243 371 365
1336 1244 369 366
1336 1245 364 365
1336 1246 361 367
1336 1247 358 368
1336 1248 357 367
1336 1249 350 367
1336 1250 346 368
1336 1251 345 368
1336 1252 343 369
1336 1253 338 370
1336 1254 334 370
1336 1255 332 371
1336 1256 329 370
1336 1257 324 370
1336 1258 320 372
1336 1259 320 372
1336 1260 318 373
1336 1261 313 373
1336 1262 308 374
1336 1263 307 374
1336 1264 303 375
1336 1265 297 375
1336 1266 294 376
1336 1267 292 376
1336 1268 289 376
1336 1269 283 377
1336 1270 281 379
1336 1271 279 378
1336 1272 274 378
1336 1273 270 379
1336 1274 269 381
1336 1275 266 381
1336 1276 261 382
1336 1277 255 382
1336 1278 255 383
1336 1279 251 383
1336 1280 246 384
1336 1281 243 385
1336 1282 241 385
1336 1283 237 385
1336 1284 232 386
1336 1285 231 387
1336 1286 228 388
1336 1287 223 387
1336 1288 219 388
1336 1289 217 389
1336 1290 214 389
1336 1291 209 390
1336 1292 204 390
1336 1293 202 391
1336 1294 200 391
1336 1295 194 391
1336 1296 190 392
1336 1297 188 392
1336 1298 184 392
1336 1299 179 394
1336 1300 175 394
1336 1301 173 394
1336 1302 168 394
1336 1303 163 394
1336 1304 160 395
1336 1305 159 396
1336 1306 153 396
1336 1307 149 397
1336 1308 145 398
1336 1309 142 398
1336 1310 135 392
1336 1311 135 398
1336 1312 132 399
1336 1313 125 398
1336 1314 121 400
1336 1315 117 400
1336 1316 115 400
1336 1317 110 398
1336 1318 106 400
1336 1319 104 400
1336 1320 100 401
1336 1321 95 401
1336 1322 91 402
1336 1323 86 403
1336 1324 85 403
1336 1325 79 403
1336 1326 77 404
1336 1327 75 404
1336 1328 69 402
1336 1329 64 403
1336 1330 60 408
1336 1331 58 411
1543 1429 206 267
1543 1430 209 264
1543 1431 210 263
1543 1432 213 262
1543 1433 215 264
1543 1434 217 263
1543 1435 219 264
1543 1436 220 264
1543 1437 224 264
1543 1438 224 265
1543 1439 227 263
1543 1440 230 262
1543 1441 232 264
1543 1442 235 264
1543 1443 235 264
1543 1444 237 267
1543 1445 240 265
1543 1446 242 266
1543 1447 244 267
1543 1448 246 267
1543 1449 250 266
1543 1450 251 267
1543 1451 252 268
1543 1452 256 268
1543 1453 258 268
1543 1454 259 268
1543 1455 263 268
1543 1456 266 268
1543 1457 266 269
1543 1458 268 269
1543 1459 272 269
1543 1460 274 270
1543 1461 276 269
1543 1462 279 270
1543 1463 281 270
1543 1464 282 270
1543 1465 286 270
1543 1466 289 271
1543 1467 290 271
1543 1468 293 271
1543 1469 296 271
1543 1470 299 272
1543 1471 300 271
1543 1472 303 272
1543 1473 307 272
1543 1474 308 272
1543 1475 311 272
1543 1476 314 272
1543 1477 315 273
1543 1478 317 272
1543 1479 322 272
1543 1480 323 273
1543 1481 325 273
1543 1482 327 272
1543 1483 330 273
1543 1484 332 273
1543 1485 335 273
1543 1486 338 274
1543 1487 340 274
1543 1488 342 274
1543 1489 346 273
1543 1490 347 274
1543 1491 349 274
1543 1492 353 275
1543 1493 356 274
1543 1494 357 275
1543 1495 359 275
1543 1496 363 275
1543 1497 365 275
1543 1498 368 275
1543 1499 371 276
1543 1500 373 276
1567 1461 447 476
1567 1462 450 475
1567 1463 453 474
1567 1464 457 474
1567 1465 462 473
1567 1466 463 473
1567 1467 466 471
1567 1468 469 471
1567 1469 472 471
1567 1470 476 470
1567 1471 478 470
1567 1472 482 469
1567 1473 485 466
1567 1474 488 466
1567 1475 491 464
1567 1476 492 466
1567 1477 497 461
1567 1478 500 459
1567 1479 504 462
1567 1480 505 458
1567 1481 508 456
1567 1482 510 456
1567 1483 514 455
1567 1484 516 450
1567 1485 517 452
1567 1486 520 452
1567 1487 523 448
1567 1488 522 449
1567 1489 527 445
1567 1490 526 446
1567 1491 523 451
1567 1492 521 451
1653 1517 56 318
1653 1518 56 320
1653 1519 53 323
1653 1520 44 323
1653 1521 43 324
1653 1522 38 326
1653 1523 32 328
1653 1524 31 329
1653 1525 24 331
1653 1526 22 332
1653 1527 14 334
1653 1528 14 337
1653 1529 10 338
1653 1530 9 339
1653 1531 6 342
1653 1532 4 345
1653 1533 3 348
1739 1600 375 262
1739 1601 379 262
1739 1602 392 260
1739 1603 402 264
1739 1604 412 265
1739 1605 425 266
1739 1606 439 267
1739 1607 450 266
1739 1608 459 269
1739 1609 468 268
1739 1610 474 270
1739 1611 474 277
1785 1647 160 246
1785 1648 162 247
1785 1649 164 248
1785 1650 166 249
1785 1651 166 249
1785 1652 167 251
1785 1653 168 251
1785 1654 170 252
1785 1655 171 252
1785 1656 170 254
1785 1657 170 255
1785 1658 169 258
1785 1659 168 258
1785 1660 167 258
1785 1661 165 259
1785 1662 164 260
1785 1663 162 261
1785 1664 162 261
1785 1665 160 262
1785 1666 160 264
1785 1667 158 264
1785 1668 156 266
1785 1669 152 267
1785 1670 150 268
1785 1671 148 269
1785 1672 146 269
1785 1673 144 270
1785 1674 140 272
1785 1675 138 273
1785 1676 138 274
1785 1677 133 275
1785 1678 132 277
1785 1679 128 277
1785 1680 125 278
1785 1681 123 279
1785 1682 120 279
1785 1683 117 282
1785 1684 113 283
1785 1685 111 284
1785 1686 109 286
1785 1687 106 287
1785 1688 104 287
1785 1689 102 289
1785 1690 100 290
1785 1691 98 291
1785 1692 95 293
1785 1693 98 288
1785 1694 92 295
1785 1695 92 296
1785 1696 91 297
1785 1697 87 301
1785 1698 91 300
1785 1699 89 301
1785 1700 90 303
1785 1701 92 304
1785 1702 94 304
1785 1703 97 305
1785 1704 98 306
1785 1705 101 308
1785 1706 102 309
1785 1707 105 309
1785 1708 108 310
1785 1709 111 311
1785 1710 113 311
1785 1711 116 311
1785 1712 119 311
1785 1713 123 311
1785 1714 125 313
1785 1715 126 312
1785 1716 129 313
1785 1717 131 312
1785 1718 131 313
1785 1719 133 310
1785 1720 138 315
1891 1766 490 255
1891 1767 484 267
1891 1768 478 262
1891 1769 465 262
1891 1770 454 262
1891 1771 447 262
1891 1772 435 261
1891 1773 420 259
1891 1774 408 258
1891 1775 396 259
1891 1776 383 257
1891 1777 370 254
1891 1778 356 254
1891 1779 344 254
1891 1780 331 254
1891 1781 323 253
1891 1782 328 247
1891 1783 337 261
1977 1816 227 262
1977 1817 228 262
1977 1818 231 261
1977 1819 233 260
1977 1820 234 261
1977 1821 236 262
1977 1822 238 258
1977 1823 242 261
1977 1824 242 261
1977 1825 245 261
1977 1826 248 261
1977 1827 249 261
1977 1828 250 261
1977 1829 253 262
1977 1830 255 262
1977 1831 257 263
1977 1832 259 263
1977 1833 261 263
1977 1834 263 263
1977 1835 264 263
1977 1836 267 263
1977 1837 269 263
1977 1838 271 263
1977 1839 272 263
1977 1840 275 264
1977 1841 277 264
1977 1842 277 263
1977 1843 279 263
1977 1844 283 264
1977 1845 284 264
1977 1846 285 264
1977 1847 288 264
1977 1848 291 265
1977 1849 291 260
1977 1850 293 266
1977 1851 295 265
1977 1852 298 265
1977 1853 299 267
1977 1854 301 267
1977 1855 304 269
1977 1856 306 267
1977 1857 307 267
1977 1858 310 268
1977 1859 312 268
1977 1860 314 268
1977 1861 315 268
1977 1862 318 268
1977 1863 321 268
1977 1864 322 268
1977 1865 322 269
1977 1866 325 269
1977 1867 329 269
1977 1868 330 269
1977 1869 333 269
1977 1870 335 270
1977 1871 337 270
1977 1872 338 271
1977 1873 341 271
1977 1874 345 271
1977 1875 350 274
1977 1876 350 269
1977 1877 353 264
2159 1931 205 246
2159 1932 207 249
2159 1933 214 249
2159 1934 219 251
2159 1935 229 254
2159 1936 232 258
2159 1937 233 263
2159 1938 234 262
2159 1939 235 264
2159 1940 236 263
2159 1941 237 265
2159 1942 239 264
2159 1943 241 265
2159 1944 240 264
2159 1945 242 265
2159 1946 242 266
2159 1947 244 265
2159 1948 244 266
2159 1949 245 266
2159 1950 245 266
2159 1951 247 266
2159 1952 247 278
2159 1953 251 283
2258 2003 487 269
2258 2004 484 269
2258 2005 479 267
2258 2006 476 265
2258 2007 471 265
2258 2008 465 264
2258 2009 458 265
2258 2010 450 262
2258 2011 442 264
2258 2012 435 263
2258 2013 429 262
2258 2014 421 262
2258 2015 413 262
2258 2016 407 261
2258 2017 400 258
2258 2018 393 260
2258 2019 386 259
2258 2020 379 258
2258 2021 374 258
2258 2022 367 257
2258 2023 358 257
2258 2024 363 255
2272 2013 297 283
2272 2014 294 284
2272 2015 293 284
2272 2016 295 284
2272 2017 294 285
2272 2018 296 285
2272 2019 298 286
2272 2020 297 286
2272 2021 300 286
2272 2022 300 286
2272 2023 301 287
2272 2024 301 287
2272 2025 302 288
2272 2026 303 288
2272 2027 304 288
2272 2028 304 289
2272 2029 305 289
2272 2030 308 290
2272 2031 308 290
2272 2032 308 290
2272 2033 307 290
2272 2034 310 289
2272 2035 311 291
2272 2036 311 290
2272 2037 312 291
2272 2038 314 292
2272 2039 314 292
2272 2040 314 292
2272 2041 316 290
2272 2042 318 293
2272 2043 315 292
2272 2044 319 293
2272 2045 320 293
2272 2046 321 294
2272 2047 322 295
2272 2048 324 295
2272 2049 324 296
2272 2050 324 296
2272 2051 326 296
2272 2052 324 297
2272 2053 327 298
2272 2054 329 296
2272 2055 328 298
2272 2056 330 297
2272 2057 331 299
2272 2058 332 299
2272 2059 333 299
2272 2060 333 299
2272 2061 333 296
2272 2062 336 298
2272 2063 336 300
2272 2064 336 300
2272 2065 339 300
2272 2066 338 301
2272 2067 340 302
2272 2068 339 303
2272 2069 343 303
2272 2070 343 302
2272 2071 343 304
2272 2072 345 304
2272 2073 347 306
2272 2074 345 305
2272 2075 347 304
2272 2076 349 306
2272 2077 349 306
2272 2078 350 306
2272 2079 353 306
2272 2080 353 306
2272 2081 356 307
2272 2082 358 307
2272 2083 357 308
2272 2084 357 308
2272 2085 360 308
2272 2086 360 307
2272 2087 361 309
2272 2088 362 309
2272 2089 360 309
2272 2090 364 310
2272 2091 366 310
2272 2092 365 308
2272 2093 368 312
2272 2094 369 311
2272 2095 371 312
2272 2096 372 311
2272 2097 370 313
2272 2098 374 314
2272 2099 374 313
2272 2100 373 314
2272 2101 375 313
2272 2102 377 312
2272 2103 379 315
2272 2104 378 315
2272 2105 379 317
2272 2106 381 315
2272 2107 384 316
2272 2108 384 315
2272 2109 384 317
2272 2110 386 317
2272 2111 384 319
2272 2112 386 318
2272 2113 390 318
2272 2114 388 322
2272 2115 391 321
2272 2116 392 321
2272 2117 393 319
2272 2118 394 321
2272 2119 395 319
2272 2120 396 322
2272 2121 396 323
2272 2122 400 322
2272 2123 400 322
2272 2124 399 324
2272 2125 403 323
2272 2126 400 325
2272 2127 401 325
2272 2128 406 323
2272 2129 408 326
2272 2130 409 325
2272 2131 409 324
2272 2132 410 328
2272 2133 412 325
2272 2134 412 327
2272 2135 413 328
2272 2136 414 330
2272 2137 415 329
2272 2138 416 329
2272 2139 418 327
2272 2140 419 326
2272 2141 421 329
2272 2142 421 331
2272 2143 422 330
2272 2144 423 331
2272 2145 425 334
2272 2146 426 331
2272 2147 428 331
2272 2148 430 332
2272 2149 430 331
2272 2150 430 334
2272 2151 432 335
2272 2152 433 336
2272 2153 433 336
2272 2154 435 336
2272 2155 437 340
2272 2156 438 338
2272 2157 439 339
2272 2158 441 336
2272 2159 443 337
2272 2160 443 336
2272 2161 444 341
2272 2162 444 339
2272 2163 448 340
2272 2164 447 338
2272 2165 448 338
2272 2166 450 338
2272 2167 452 342
2272 2168 452 342
2272 2169 455 339
2272 2170 455 343
2272 2171 455 345
2272 2172 460 344
2272 2173 461 344
2272 2174 465 344
2272 2175 467 346
2272 2176 469 346
2272 2177 468 343
2272 2178 470 345
2272 2179 472 347
2272 2180 474 347
2272 2181 474 349
2272 2182 476 348
2272 2183 477 348
2272 2184 480 349
2272 2185 482 346
2272 2186 483 349
2272 2187 484 349
2272 2188 486 350
2272 2189 487 351
2272 2190 489 351
2272 2191 489 352
2272 2192 489 352
2272 2193 493 351
2272 2194 496 352
2272 2195 497 352
2272 2196 497 355
2272 2197 499 354
2272 2198 501 356
2272 2199 503 354
2272 2200 504 355
2272 2201 505 357
2272 2202 509 353
2272 2203 508 357
2272 2204 509 358
2272 2205 512 356
2272 2206 507 356
2509 2134 195 247
2509 2135 206 247
2509 2136 211 247
2509 2137 215 248
2509 2138 236 250
2509 2139 248 252
2509 2140 260 257
2509 2141 273 257
2509 2142 275 266
2565 2213 359 268
2565 2214 366 259
2565 2215 378 260
2565 2216 388 261
2565 2217 402 261
2565 2218 415 262
2565 2219 429 271
2565 2220 440 269
2565 2221 451 270
2565 2222 460 271
2565 2223 470 267
2565 2224 476 267
2565 2225 483 268
2644 2294 97 302
2644 2295 101 297
2644 2296 110 295
2644 2297 119 294
2644 2298 120 293
2644 2299 127 289
2644 2300 131 288
2644 2301 135 285
2644 2302 140 283
2644 2303 145 281
2644 2304 149 277
2644 2305 153 275
2644 2306 156 273
2644 2307 160 272
2644 2308 164 271
2644 2309 170 270
2644 2310 173 269
2644 2311 176 268
2644 2312 179 267
2644 2313 183 266
2644 2314 187 264
2644 2315 189 263
2644 2316 192 263
2644 2317 191 258
2644 2318 194 256
2796 2403 179 254
2796 2404 180 255
2796 2405 179 256
2796 2406 178 256
2796 2407 179 257
2796 2408 179 257
2796 2409 178 258
2796 2410 176 261
2796 2411 175 260
2796 2412 176 261
2796 2413 175 262
2796 2414 173 262
2796 2415 172 263
2796 2416 170 264
2796 2417 170 265
2796 2418 168 267
2796 2419 166 267
2796 2420 166 267
2796 2421 163 267
2796 2422 161 269
2796 2423 160 269
2796 2424 157 267
2796 2425 156 273
2796 2426 153 274
2796 2427 152 275
2796 2428 149 276
2796 2429 147 277
2796 2430 145 278
2796 2431 142 279
2796 2432 139 281
2796 2433 136 282
2796 2434 134 283
2796 2435 132 284
2796 2436 128 286
2796 2437 126 287
2832 2435 152 275
2832 2436 149 279
2832 2437 147 280
2832 2438 144 281
2832 2439 142 282
2832 2440 140 282
2832 2441 136 282
2832 2442 133 287
2832 2443 129 288
2832 2444 126 288
2832 2445 123 290
2832 2446 120 290
2832 2447 116 294
2832 2448 112 296
2832 2449 107 298
2832 2450 105 300
2832 2451 103 301
2832 2452 97 303
2832 2453 92 306
2832 2454 91 304
2832 2455 88 306
3152 3046 286 254
3152 3047 296 255
3152 3048 305 256
3152 3049 316 257
3152 3050 331 258
3152 3051 344 258
3152 3052 352 259
3152 3053 362 260
3152 3054 372 260
3152 3055 384 260
3152 3056 398 264
3152 3057 410 265
3152 3058 428 266
3152 3059 440 268
3152 3060 447 272
3152 3061 457 272
3152 3062 465 273
3152 3063 474 276
3152 3064 471 276
3319 3202 164 360
3319 3203 165 355
3319 3204 166 355
3319 3205 167 356
3319 3206 168 357
3319 3207 170 357
3319 3208 172 360
3319 3209 174 354
3319 3210 175 359
3319 3211 176 360
3319 3212 180 363
3319 3213 181 365
3319 3214 183 365
3319 3215 185 364
3319 3216 187 367
3319 3217 187 367
3319 3218 190 364
3319 3219 190 369
3319 3220 192 372
3319 3221 195 372
3319 3222 196 374
3319 3223 199 373
3319 3224 200 376
3319 3225 201 372
3319 3226 203 375
3319 3227 204 377
3319 3228 207 379
3319 3229 209 380
3319 3230 211 384
3319 3231 212 380
3319 3232 214 384
3319 3233 215 386
3319 3234 217 385
3319 3235 220 386
3319 3236 221 388
3319 3237 223 391
3319 3238 225 392
3319 3239 227 397
3319 3240 229 391
3319 3241 232 399
3319 3242 234 397
3319 3243 237 395
3319 3244 238 396
3319 3245 240 401
3319 3246 243 404
3319 3247 246 400
3319 3248 248 402
3319 3249 249 410
3319 3250 253 405
3319 3251 256 409
3319 3252 258 408
3319 3253 260 410
3319 3254 261 413
3319 3255 264 414
3319 3256 266 417
3319 3257 269 421
3319 3258 272 423
3319 3259 274 417
3319 3260 276 419
3319 3261 279 423
3319 3262 281 429
3319 3263 285 426
3319 3264 288 427
3319 3265 291 424
3362 3277 328 454
3362 3278 329 450
3362 3279 331 450
3362 3280 333 452
3362 3281 336 455
3362 3282 340 454
3362 3283 343 455
3362 3284 344 462
3362 3285 349 463
3362 3286 352 463
3362 3287 354 463
3362 3288 356 465
3362 3289 360 466
3362 3290 366 466
3362 3291 369 467
3362 3292 373 469
3362 3293 376 469
3362 3294 379 469
3362 3295 384 471
3362 3296 387 473
3362 3297 392 473
3362 3298 394 474
3362 3299 397 475
3397 3319 165 264
3397 3320 163 261
3397 3321 163 263
3397 3322 163 264
3397 3323 161 267
3397 3324 160 267
3397 3325 158 268
3397 3326 159 269
3397 3327 154 271
3397 3328 152 273
3397 3329 150 275
3397 3330 145 276
3397 3331 145 277
3397 3332 141 280
3397 3333 137 279
3397 3334 133 281
3397 3335 129 284
3397 3336 125 287
3397 3337 121 284
3397 3338 117 291
3397 3339 113 293
3397 3340 109 295
3397 3341 105 296
3397 3342 100 298
3397 3343 96 300
3397 3344 93 301
3397 3345 89 303
3397 3346 85 305
3397 3347 80 307
3397 3348 76 309
3397 3349 72 310
3397 3350 69 311
3397 3351 64 313
3397 3352 61 314
3397 3353 57 316
3397 3354 54 318
3397 3355 49 319
3397 3356 46 321
3628 3473 416 367
3628 3474 420 366
3628 3475 419 363
3628 3476 423 364
3628 3477 424 366
3628 3478 428 362
3628 3479 431 366
3628 3480 433 369
3628 3481 435 369
3628 3482 440 366
3628 3483 443 371
3628 3484 446 373
3628 3485 447 372
3628 3486 452 374
3628 3487 455 375
3628 3488 457 376
3628 3489 459 377
3628 3490 465 374
3628 3491 468 379
3628 3492 469 381
3628 3493 475 380
3628 3494 478 382
3628 3495 480 384
3628 3496 481 385
3628 3497 486 384
3628 3498 489 385
3628 3499 492 387
3628 3500 495 389
3628 3501 496 389
3628 3502 503 391
3628 3503 504 392
3628 3504 506 394
3628 3505 512 393
3628 3506 516 396
3628 3507 518 397
3628 3508 521 397
3628 3509 525 398
3628 3510 528 400
3628 3511 530 402
3628 3512 531 403
3628 3513 538 402
3628 3514 542 406
3628 3515 544 407
3628 3516 544 405
4207 4113 139 269
4207 4114 138 274
4207 4115 134 272
4207 4116 132 273
4207 4117 127 274
4207 4118 123 276
4207 4119 121 277
4207 4120 116 279
4207 4121 109 281
4207 4122 106 281
4207 4123 114 282
4207 4124 118 284
4207 4125 114 286
4207 4126 110 288
4207 4127 112 288
4207 4128 104 289
4207 4129 99 292
4207 4130 96 295
4207 4131 91 295
4207 4132 88 297
4207 4133 84 299
4207 4134 79 301
4207 4135 75 301
4207 4136 72 304
4207 4137 66 305
4207 4138 61 307
4207 4139 58 309
4207 4140 55 310
4207 4141 51 315
4207 4142 49 319
4450 4352 392 323
4450 4353 391 324
4450 4354 388 323
4450 4355 387 324
4450 4356 382 321
4450 4357 381 320
4450 4358 380 320
4450 4359 378 320
4450 4360 374 318
4450 4361 373 317
4450 4362 371 318
4450 4363 367 316
4450 4364 366 315
4450 4365 364 314
4450 4366 364 315
4450 4367 361 314
4450 4368 359 311
4450 4369 358 312
4450 4370 355 309
4450 4371 352 309
4450 4372 351 308
4450 4373 347 308
4450 4374 348 308
4450 4375 345 305
4450 4376 343 305
4450 4377 342 307
4450 4378 338 304
4450 4379 337 303
4450 4380 335 302
4450 4381 335 304
4450 4382 332 302
4450 4383 330 302
4450 4384 327 300
4450 4385 328 298
4581 4487 192 256
4581 4488 197 255
4581 4489 182 261
4581 4490 181 262
4581 4491 173 256
4581 4492 176 262
4581 4493 176 264
4581 4494 175 269
4581 4495 174 264
4581 4496 178 258
4581 4497 171 267
4581 4498 171 268
4581 4499 168 269
4581 4500 167 268
4581 4501 163 268
4581 4502 164 270
4581 4503 163 269
4581 4504 161 270
4581 4505 162 275
4581 4506 159 271
4581 4507 158 271
4581 4508 157 270
4581 4509 155 271
4581 4510 155 271
4581 4511 151 271
4581 4512 151 272
4581 4513 151 272
4581 4514 149 273
4581 4515 148 272
4581 4516 146 273
4581 4517 145 272
4581 4518 142 272
4581 4519 142 273
4581 4520 141 272
4581 4521 140 274
4581 4522 139 274
4581 4523 138 273
4581 4524 134 274
4581 4525 135 275
4581 4526 133 275
4581 4527 133 280
4581 4528 131 277
4581 4529 128 275
4581 4530 128 276
4581 4531 126 274
4581 4532 125 278
4581 4533 124 277
4581 4534 122 277
4581 4535 121 277
4581 4536 117 275
4581 4537 117 277
4581 4538 115 277
4581 4539 116 277
4581 4540 115 277
4581 4541 114 278
4581 4542 110 278
4581 4543 109 278
4581 4544 109 278
4581 4545 107 279
4581 4546 105 279
4581 4547 106 278
4581 4548 103 279
4581 4549 102 279
4581 4550 102 279
4581 4551 99 279
4581 4552 100 279
4581 4553 99 279
4581 4554 97 279
4581 4555 95 277
4581 4556 93 273
4581 4557 93 273
4581 4558 93 280
4581 4559 90 279
4581 4560 90 272
4581 4561 93 265
4581 4562 97 263
4581 4563 96 261
4884 4786 139 274
4884 4787 140 278
4884 4788 146 281
4884 4789 142 281
4884 4790 139 284
4884 4791 135 285
4884 4792 131 288
4884 4793 128 290
4884 4794 123 291
4884 4795 118 293
4884 4796 112 294
4884 4797 107 296
4884 4798 101 301
4884 4799 98 303
4884 4800 85 304
4884 4801 79 306
4884 4802 82 309
5049 4915 181 264
5049 4916 180 265
5049 4917 176 266
5049 4918 173 267
5049 4919 175 269
5049 4920 171 269
5049 4921 171 271
5049 4922 166 270
5049 4923 164 268
5049 4924 163 269
5049 4925 165 270
5049 4926 162 270
5049 4927 160 270
5049 4928 160 271
5049 4929 158 271
5049 4930 158 273
5049 4931 152 274
5049 4932 155 275
5049 4933 153 275
5049 4934 153 277
5049 4935 152 281
5049 4936 149 281
5049 4937 148 281
5049 4938 147 282
5049 4939 145 282
5049 4940 144 283
5049 4941 141 285
5049 4942 138 286
5049 4943 134 287
5049 4944 136 287
5049 4945 134 289
5049 4946 128 289
5049 4947 128 291
5049 4948 125 291
5049 4949 123 293
5049 4950 119 293
5049 4951 116 294
5049 4952 113 293
5049 4953 111 294
5049 4954 109 295
5049 4955 106 299
5049 4956 104 300
5049 4957 103 301
5049 4958 100 301
5049 4959 93 302
5049 4960 90 305
5049 4961 88 304
5049 4962 86 305
5049 4963 86 305
5049 4964 81 306
5049 4965 77 307
5049 4966 78 308
5049 4967 79 305
5060 4930 370 269
5060 4931 368 262
5060 4932 381 261
5060 4933 394 264
5060 4934 406 266
5060 4935 418 266
5060 4936 429 267
5060 4937 442 269
5060 4938 456 271
5060 4939 465 270
5060 4940 471 271
5060 4941 474 276
5175 5021 175 269
5175 5022 175 261
5175 5023 173 251
5175 5024 173 252
5175 5025 171 254
5175 5026 169 253
5175 5027 168 253
5175 5028 167 257
5175 5029 165 258
5175 5030 162 259
5175 5031 160 259
5175 5032 158 262
5175 5033 155 265
5175 5034 155 265
5175 5035 153 265
5175 5036 148 267
5175 5037 145 267
5175 5038 144 268
5175 5039 142 270
5175 5040 139 270
5175 5041 135 269
5175 5042 133 273
5175 5043 131 273
5175 5044 128 271
5175 5045 124 276
5175 5046 122 276
5175 5047 119 279
5175 5048 114 280
5175 5049 112 281
5175 5050 109 282
5175 5051 107 284
5175 5052 104 285
5175 5053 99 288
5175 5054 97 287
5175 5055 92 286
5175 5056 88 291
5175 5057 84 291
5175 5058 82 292
5175 5059 79 296
5175 5060 75 293
5175 5061 71 297
5175 5062 67 299
5175 5063 63 298
5175 5064 60 304
5175 5065 56 302
5175 5066 52 307
5175 5067 48 309
5175 5068 43 312
5175 5069 40 313
5175 5070 34 314
5175 5071 29 316
5175 5072 27 318
5175 5073 23 317
5175 5074 21 322
5175 5075 17 324
5175 5076 16 323
5175 5077 13 326
5175 5078 11 327
5175 5079 10 330
5175 5080 7 331
5175 5081 5 330
5175 5082 3 333
5274 5067 113 291
5274 5068 109 293
5274 5069 105 290
5274 5070 103 297
5274 5071 99 298
5274 5072 95 302
5274 5073 90 301
5274 5074 89 303
5274 5075 85 305
5274 5076 82 306
5274 5077 78 307
5274 5078 75 311
5274 5079 71 310
5274 5080 67 315
5274 5081 64 315
5274 5082 60 316
5274 5083 57 320
5277 5068 83 313
5277 5069 79 315
5277 5070 76 316
5277 5071 73 319
5277 5072 69 320
5277 5073 63 322
5277 5074 59 323
5277 5075 56 324
5277 5076 53 328
5277 5077 51 328
5277 5078 45 331
5277 5079 41 332
5277 5080 36 333
5277 5081 34 338
5277 5082 28 338
5277 5083 28 342
5277 5084 20 344
5277 5085 22 346
5277 5086 20 348
5452 5268 134 278
5452 5269 134 278
5452 5270 131 280
5452 5271 125 282
5452 5272 121 284
5452 5273 118 287
5452 5274 113 288
5452 5275 108 291
5452 5276 103 293
5452 5277 98 295
5452 5278 94 297
5452 5279 87 300
5452 5280 81 303
5452 5281 76 306
5452 5282 70 308
5452 5283 63 311
5452 5284 55 314
5452 5285 50 316
5452 5286 44 320
5452 5287 35 323
5452 5288 28 328
5452 5289 24 331
5452 5290 21 334
5452 5291 17 333
5452 5292 13 335
5452 5293 10 338
5452 5294 5 341
5917 5782 274 466
5917 5783 271 464
5917 5784 268 465
5917 5785 260 464
5917 5786 253 463
5917 5787 251 464
5917 5788 248 464
5917 5789 240 464
5917 5790 231 463
5917 5791 230 463
5917 5792 226 462
5917 5793 215 462
5917 5794 211 462
5917 5795 210 462
5917 5796 204 462
5917 5797 194 461
5917 5798 193 461
5917 5799 191 461
5917 5800 182 460
5917 5801 174 460
5917 5802 174 460
5917 5803 168 458
5917 5804 161 459
5917 5805 156 458
5917 5806 154 458
5917 5807 147 450
6040 5947 353 254
6040 5948 352 259
6040 5949 367 261
6040 5950 383 262
6040 5951 397 263
6040 5952 410 265
6040 5953 423 266
6040 5954 439 267
6040 5955 455 269
6040 5956 466 268
6040 5957 473 269
6040 5958 482 270
6334 6214 248 251
6334 6215 254 252
6334 6216 258 252
6334 6217 269 254
6334 6218 282 254
6334 6219 293 255
6334 6220 305 256
6334 6221 319 257
6334 6222 333 259
6334 6223 348 258
6334 6224 361 260
6334 6225 373 262
6334 6226 388 262
6334 6227 402 264
6334 6228 415 265
6334 6229 430 266
6334 6230 446 268
6334 6231 459 268
6334 6232 467 269
6334 6233 475 270
6334 6234 483 271
6998 6754 552 445
6998 6755 549 447
6998 6756 555 445
6998 6757 555 441
6998 6758 552 441
6998 6759 549 447
6998 6760 546 451
6998 6761 544 447
6998 6762 543 446
6998 6763 540 451
6998 6764 537 453
6998 6765 536 451
6998 6766 533 456
6998 6767 530 460
6998 6768 527 464
6998 6769 526 457
6998 6770 524 461
6998 6771 521 463
6998 6772 518 467
6998 6773 516 466
6998 6774 513 467
6998 6775 510 469
6998 6776 507 470
6998 6777 506 471
6998 6778 502 471
6998 6779 500 472
6998 6780 497 474
6998 6781 495 475
6998 6782 491 475
7148 6843 194 375
7148 6844 191 380
7148 6845 189 371
7148 6846 195 371
7148 6847 195 376
7148 6848 195 373
7148 6849 191 376
7148 6850 187 374
7148 6851 187 374
7148 6852 185 379
7148 6853 183 385
7148 6854 179 383
7148 6855 180 382
7148 6856 179 388
7148 6857 178 385
7148 6858 173 388
7148 6859 175 393
7148 6860 172 395
7148 6861 171 394
7148 6862 170 395
7148 6863 169 399
7148 6864 166 398
7148 6865 164 400
7148 6866 161 399
7148 6867 160 407
7148 6868 158 411
7148 6869 156 404
7148 6870 154 408
7148 6871 154 412
7148 6872 151 411
7148 6873 145 412
7148 6874 143 413
7148 6875 143 419
7148 6876 141 418
7148 6877 136 417
7148 6878 138 421
7148 6879 132 423
7148 6880 130 425
7148 6881 127 425
7148 6882 130 431
7148 6883 128 429
7148 6884 126 432
7148 6885 125 434
7148 6886 122 433
7148 6887 118 438
7148 6888 116 438
7534 7032 520 427
7534 7033 522 419
7534 7034 520 418
7534 7035 519 412
7534 7036 519 415
7534 7037 518 420
7534 7038 516 424
7534 7039 516 424
7534 7040 514 424
7534 7041 514 422
7534 7042 512 426
7534 7043 508 424
7534 7044 506 427
7534 7045 503 427
7534 7046 502 429
7534 7047 500 429
7534 7048 497 428
7534 7049 493 432
7534 7050 488 427
7534 7051 490 433
7534 7052 487 434
7534 7053 483 435
7534 7054 478 433
7534 7055 479 435
7534 7056 474 436
7534 7057 472 439
7534 7058 468 441
7534 7059 466 438
7534 7060 462 440
7534 7061 461 443
7534 7062 457 445
7534 7063 454 443
7534 7064 452 444
7534 7065 449 448
7534 7066 444 449
7534 7067 441 450
7534 7068 439 448
7534 7069 436 452
7534 7070 433 453
7534 7071 428 452
7534 7072 428 453
7534 7073 424 456
7534 7074 419 457
7534 7075 415 456
7534 7076 413 458
7534 7077 415 466
7602 7077 405 454
7602 7078 407 459
7602 7079 402 459
7602 7080 400 460
7602 7081 398 460
7602 7082 394 461
7602 7083 392 461
7602 7084 388 462
7602 7085 382 463
7602 7086 383 463
7602 7087 379 464
7602 7088 375 465
7602 7089 369 465
7602 7090 369 466
7602 7091 367 466
7602 7092 364 467
7602 7093 360 468
7602 7094 357 468
7602 7095 353 468
7602 7096 350 469
7602 7097 344 469
7602 7098 340 469
7602 7099 336 470
7602 7100 332 471
7602 7101 328 471
7602 7102 326 471
7602 7103 322 472
7779 7311 483 267
7779 7312 478 264
7779 7313 471 265
7779 7314 459 264
7779 7315 449 262
7779 7316 439 261
7779 7317 427 260
7779 7318 414 259
7779 7319 405 258
7779 7320 396 259
7779 7321 384 257
7779 7322 373 256
7779 7323 365 256
7779 7324 357 254
7779 7325 350 254
7779 7326 338 253
7779 7327 331 253
7779 7328 325 251
7779 7329 314 253
7779 7330 317 252
7786 7346 198 261
7786 7347 195 261
7786 7348 194 259
7786 7349 200 259
7786 7350 194 261
7786 7351 184 262
7786 7352 178 264
7786 7353 180 264
7786 7354 176 266
7786 7355 172 266
7786 7356 168 268
7786 7357 163 269
7786 7358 158 271
7786 7359 154 274
7786 7360 149 274
7786 7361 145 276
7786 7362 139 280
7786 7363 134 281
7786 7364 130 284
7786 7365 126 285
7786 7366 120 288
7786 7367 115 291
7786 7368 110 294
7786 7369 105 296
7786 7370 98 299
7786 7371 90 303
7786 7372 85 305
7786 7373 79 308
7786 7374 71 311
7786 7375 63 316
7786 7376 56 319
7786 7377 49 323
7786 7378 41 327
7786 7379 31 331
7786 7380 25 335
7786 7381 22 339
7786 7382 18 339
7786 7383 13 341
7786 7384 7 345
7786 7385 5 350
7795 7375 541 476
7795 7376 543 475
7795 7377 545 473
7795 7378 547 473
7795 7379 548 471
7795 7380 551 471
7795 7381 551 468
7795 7382 554 469
7795 7383 556 466
7795 7384 556 467
7795 7385 560 464
7795 7386 563 461
7795 7387 565 459
7795 7388 566 457
7795 7389 568 458
7795 7390 571 458
7795 7391 572 452
7795 7392 575 450
7795 7393 575 447
7795 7394 577 443
7795 7395 579 444
7795 7396 582 441
7795 7397 582 442
7795 7398 585 442
7795 7399 584 435
7795 7400 586 432
7795 7401 587 433
7795 7402 588 427
7795 7403 586 424
7810 7394 195 251
7810 7395 206 250
7810 7396 211 252
7810 7397 201 247
7810 7398 204 247
7810 7399 199 249
7810 7400 209 246
7810 7401 213 249
7810 7402 220 252
7810 7403 231 249
7810 7404 235 252
7810 7405 245 251
7810 7406 252 252
7810 7407 258 254
7810 7408 265 255
7810 7409 275 254
7810 7410 282 254
7810 7411 292 255
7810 7412 299 255
7810 7413 306 257
7810 7414 313 258
7810 7415 324 258
7810 7416 332 258
7810 7417 337 264
7810 7418 340 268
7810 7419 335 270
7810 7420 332 270
7810 7421 330 269
7810 7422 329 270
7810 7423 327 269
7810 7424 324 270
7810 7425 322 267
7810 7426 322 269
7810 7427 317 269
7810 7428 315 267
7810 7429 314 268
7810 7430 312 267
7898 7472 148 441
7898 7473 147 441
7898 7474 148 446
7898 7475 146 444
7898 7476 146 443
7898 7477 146 442
7898 7478 144 440
7898 7479 143 439
7898 7480 142 437
7898 7481 140 436
7898 7482 138 433
7898 7483 136 432
7898 7484 134 430
7898 7485 134 430
7898 7486 132 427
7898 7487 131 427
7898 7488 130 426
7898 7489 129 424
7898 7490 127 422
7898 7491 125 420
7898 7492 124 418
7898 7493 123 417
7898 7494 121 418
7898 7495 120 416
7898 7496 119 413
7898 7497 118 413
7898 7498 117 411
7898 7499 116 408
7898 7500 114 407
7898 7501 113 406
7898 7502 111 405
7898 7503 110 404
7898 7504 108 405
7898 7505 107 403
7898 7506 105 402
7898 7507 103 400
7898 7508 102 397
7898 7509 101 401
7898 7510 99 397
7898 7511 98 396
7898 7512 97 394
7898 7513 95 395
7898 7514 95 392
7898 7515 94 390
7898 7516 92 389
7898 7517 91 389
7898 7518 92 391
7898 7519 93 392
8092 7727 487 267
8092 7728 482 268
8092 7729 477 265
8092 7730 472 264
8092 7731 465 264
8092 7732 455 265
8092 7733 444 263
8092 7734 433 262
8092 7735 423 260
8092 7736 414 260
8092 7737 404 261
8092 7738 393 260
8092 7739 385 259
8092 7740 377 257
8092 7741 365 257
8092 7742 356 255
8092 7743 347 256
8092 7744 347 255
8092 7745 337 254
8180 7871 207 303
8180 7872 206 306
8180 7873 209 310
8180 7874 212 309
8180 7875 212 308
8180 7876 214 308
8180 7877 217 310
8180 7878 218 312
8180 7879 220 311
8180 7880 222 310
8180 7881 224 312
8180 7882 226 314
8180 7883 228 314
8180 7884 229 315
8180 7885 232 315
8180 7886 233 315
8180 7887 235 316
8180 7888 237 317
8180 7889 240 317
8180 7890 240 317
8180 7891 243 318
8180 7892 245 319
8180 7893 246 319
8180 7894 249 320
8180 7895 250 321
8180 7896 252 319
8180 7897 253 321
8180 7898 255 322
8180 7899 258 323
8180 7900 258 321
8180 7901 260 324
8180 7902 263 325
8180 7903 265 325
8180 7904 267 325
8180 7905 268 327
8180 7906 271 327
8180 7907 272 328
8180 7908 274 328
8180 7909 276 329
8180 7910 279 329
8180 7911 281 328
8180 7912 282 331
8180 7913 285 331
8180 7914 286 332
8180 7915 288 329
8180 7916 291 333
8180 7917 293 334
8180 7918 295 333
8180 7919 297 335
8180 7920 300 335
8180 7921 302 336
8180 7922 304 335
8180 7923 305 337
8180 7924 309 338
8180 7925 311 337
8180 7926 312 337
8180 7927 316 339
8180 7928 318 340
8180 7929 320 340
8180 7930 323 342
8180 7931 325 342
8180 7932 327 341
8180 7933 329 343
8180 7934 333 344
8180 7935 334 345
8180 7936 336 343
8180 7937 339 346
8180 7938 342 346
8180 7939 343 346
8180 7940 345 346
8180 7941 349 347
8180 7942 351 349
8180 7943 354 348
8180 7944 356 350
8180 7945 359 351
8180 7946 361 352
8180 7947 364 351
8180 7948 367 352
8180 7949 368 353
8180 7950 372 352
8180 7951 376 354
8180 7952 377 355
8180 7953 381 355
8180 7954 382 355
8180 7955 385 356
8180 7956 389 357
8180 7957 390 357
8180 7958 393 356
8180 7959 397 359
8180 7960 399 361
8180 7961 401 360
8180 7962 404 362
8180 7963 407 362
8180 7964 409 363
8180 7965 412 361
8180 7966 416 365
8180 7967 418 365
8301 7964 440 356
8301 7965 442 355
8301 7966 437 356
8301 7967 433 353
8301 7968 426 359
8301 7969 427 361
8301 7970 428 361
8301 7971 424 361
8301 7972 431 366
8301 7973 434 369
8301 7974 437 370
8301 7975 438 371
8301 7976 442 369
8301 7977 446 371
8301 7978 447 372
8301 7979 448 372
8301 7980 453 374
8301 7981 456 374
8301 7982 459 374
8301 7983 460 374
8301 7984 464 376
8301 7985 468 377
8301 7986 467 378
8301 7987 472 377
8301 7988 476 379
8301 7989 479 380
8301 7990 482 379
8301 7991 484 381
8301 7992 488 381
8301 7993 488 381
8301 7994 493 380
8301 7995 497 383
8301 7996 499 385
8301 7997 500 384
8301 7998 505 382
8301 7999 509 386
8301 8000 509 387
8301 8001 512 388
8301 8002 518 388
8301 8003 519 389
8301 8004 521 389
8301 8005 527 388
8301 8006 530 391
8301 8007 533 392
8301 8008 532 392
8301 8009 538 393
8301 8010 542 394
8301 8011 543 393
8301 8012 548 392
8301 8013 550 395
8301 8014 553 397
8301 8015 553 396
8301 8016 556 397
8301 8017 563 394
8301 8018 563 394
8599 8233 235 253
8599 8234 245 252
8599 8235 246 251
8599 8236 254 251
8599 8237 262 253
8599 8238 271 254
8599 8239 285 248
8599 8240 289 249
8599 8241 302 248
8599 8242 307 249
8599 8243 317 250
8599 8244 325 257
8599 8245 332 258
8599 8246 342 259
8599 8247 352 260
8599 8248 359 260
8599 8249 368 258
8599 8250 377 259
8599 8251 386 263
8599 8252 395 258
8599 8253 401 264
8599 8254 410 266
8599 8255 420 266
8599 8256 428 267
8599 8257 437 268
8599 8258 443 268
8599 8259 437 267
8701 8301 394 276
8701 8302 394 275
8701 8303 393 276
8701 8304 388 275
8701 8305 386 274
8701 8306 385 275
8701 8307 381 274
8701 8308 378 274
8701 8309 377 274
8701 8310 374 273
8701 8311 367 273
8701 8312 368 274
8701 8313 365 273
8701 8314 361 272
8701 8315 359 272
8701 8316 359 272
8701 8317 354 271
8701 8318 352 272
8701 8319 350 272
8701 8320 347 272
8701 8321 342 271
8701 8322 342 272
8701 8323 341 272
8701 8324 335 271
8701 8325 333 271
8701 8326 332 271
8701 8327 327 271
8701 8328 325 270
8701 8329 324 271
8701 8330 321 271
8701 8331 316 270
8701 8332 316 270
8701 8333 314 269
8701 8334 309 269
8701 8335 307 269
8701 8336 306 270
8701 8337 303 269
8701 8338 298 269
8701 8339 296 269
8701 8340 295 269
8701 8341 290 268
8701 8342 289 268
8701 8343 288 268
8701 8344 283 268
8701 8345 281 268
8701 8346 279 267
8701 8347 276 267
8701 8348 273 268
8701 8349 272 267
8701 8350 269 267
8701 8351 266 267
8701 8352 264 267
8701 8353 261 266
8701 8354 258 267
8701 8355 256 267
8701 8356 252 266
8701 8357 250 267
8701 8358 248 266
8701 8359 246 265
8701 8360 243 264
8701 8361 240 265
8701 8362 237 264
8701 8363 235 264
8701 8364 233 264
8701 8365 232 263
8719 8314 426 278
8719 8315 426 275
8719 8316 424 274
8719 8317 421 274
8719 8318 419 273
8719 8319 419 275
8719 8320 415 274
8719 8321 413 273
8719 8322 411 273
8719 8323 410 274
8719 8324 408 273
8719 8325 404 272
8719 8326 403 274
8719 8327 402 272
8719 8328 400 273
8719 8329 397 270
8719 8330 395 272
8719 8331 394 273
8719 8332 392 272
8719 8333 390 270
8719 8334 387 272
8719 8335 386 271
8719 8336 383 271
8719 8337 380 271
8719 8338 379 271
8719 8339 378 271
8719 8340 375 270
8719 8341 372 271
8719 8342 371 270
8719 8343 370 270
8719 8344 366 271
8719 8345 364 270
8719 8346 364 270
8719 8347 361 269
8719 8348 358 270
8719 8349 358 267
8719 8350 355 268
8719 8351 352 270
8719 8352 351 268
8719 8353 349 270
8719 8354 348 270
8719 8355 345 269
8719 8356 343 268
8719 8357 344 266
8719 8358 340 269
8719 8359 338 268
8719 8360 335 268
8719 8361 334 268
8719 8362 332 268
8719 8363 331 268
8719 8364 328 267
8719 8365 326 267
8719 8366 327 266
8719 8367 323 267
8719 8368 320 267
8719 8369 319 266
8719 8370 317 266
8719 8371 315 266
8719 8372 313 266
8719 8373 311 266
8719 8374 308 265
8719 8375 312 260
8719 8376 319 260
8719 8377 318 263
8719 8378 311 260
8990 8659 170 247
8990 8660 167 248
8990 8661 170 247
8990 8662 167 249
8990 8663 166 253
8990 8664 165 255
8990 8665 165 251
8990 8666 164 256
8990 8667 163 257
8990 8668 161 259
8990 8669 159 258
8990 8670 157 260
8990 8671 151 260
8990 8672 150 261
8990 8673 150 262
8990 8674 148 267
8990 8675 144 264
8990 8676 142 264
8990 8677 138 265
8990 8678 134 273
8990 8679 134 273
8990 8680 129 273
8990 8681 124 276
8990 8682 120 277
8990 8683 116 277
8990 8684 111 279
8990 8685 109 281
8990 8686 103 281
8990 8687 99 286
8990 8688 95 288
8990 8689 90 290
8990 8690 85 292
8990 8691 79 294
8990 8692 76 296
8990 8693 69 297
8990 8694 64 296
8990 8695 58 300
8990 8696 54 306
8990 8697 51 307
8990 8698 44 308
8990 8699 37 311
8990 8700 32 313
8990 8701 28 315
8990 8702 22 317
8990 8703 18 319
8990 8704 15 323
8990 8705 12 325
8990 8706 10 326
8990 8707 8 327
8990 8708 5 328
9007 8683 149 260
9007 8684 153 263
9007 8685 142 262
9007 8686 140 263
9007 8687 136 266
9007 8688 133 269
9007 8689 128 270
9007 8690 124 272
9007 8691 119 273
9007 8692 118 274
9007 8693 109 277
9007 8694 113 280
9007 8695 108 281
9007 8696 99 282
9007 8697 100 282
9007 8698 95 285
9007 8699 91 290
9007 8700 85 288
9007 8701 82 294
9007 8702 77 294
9007 8703 72 298
9007 8704 55 299
9007 8705 53 297
9007 8706 56 302
9007 8707 53 305
9007 8708 47 307
9007 8709 42 306
9007 8710 38 311
9007 8711 31 310
9007 8712 27 313
9007 8713 14 314
9007 8714 12 317
9007 8715 9 320
9007 8716 7 324
9007 8717 4 326
9050 8706 160 267
9050 8707 160 268
9050 8708 157 269
9050 8709 156 271
9050 8710 154 271
9050 8711 150 274
9050 8712 148 275
9050 8713 145 276
9050 8714 143 278
9050 8715 142 279
9050 8716 136 280
9050 8717 135 280
9050 8718 130 283
9050 8719 127 284
9050 8720 123 286
9050 8721 126 286
9050 8722 121 287
9050 8723 117 289
9050 8724 112 290
9050 8725 113 291
9050 8726 109 291
9050 8727 106 293
9050 8728 106 297
9050 8729 103 299
9050 8730 100 300
9050 8731 97 300
9050 8732 95 302
9050 8733 86 302
9050 8734 87 302
9050 8735 87 303
9050 8736 80 305
9050 8737 77 307
9050 8738 80 308
9050 8739 71 307
9050 8740 71 308
9050 8741 67 310
9050 8742 67 310
9050 8743 64 312
9050 8744 61 313
9050 8745 59 314
9050 8746 61 315
9050 8747 60 317
9050 8748 56 316
9050 8749 55 318
9050 8750 52 318
9050 8751 53 320
9050 8752 50 320
9050 8753 49 323
9050 8754 48 323
9069 8723 154 276
9069 8724 152 276
9069 8725 149 279
9069 8726 148 279
9069 8727 146 280
9069 8728 142 281
9069 8729 140 280
9069 8730 138 282
9069 8731 135 284
9069 8732 133 285
9069 8733 131 289
9069 8734 128 288
9069 8735 125 290
9069 8736 123 291
9069 8737 119 291
9069 8738 115 296
9069 8739 113 297
9069 8740 110 299
9069 8741 106 300
9069 8742 105 302
9069 8743 100 299
9069 8744 103 295
9069 8745 102 292
9069 8746 99 294
9069 8747 96 297
9069 8748 96 295
9069 8749 91 297
9069 8750 88 299
9287 8973 155 264
9287 8974 156 263
9287 8975 154 265
9287 8976 151 266
9287 8977 149 267
9287 8978 147 269
9287 8979 144 271
9287 8980 141 273
9287 8981 137 276
9287 8982 134 276
9287 8983 129 277
9287 8984 126 279
9287 8985 122 280
9287 8986 119 282
9287 8987 114 285
9287 8988 107 288
9287 8989 102 290
9287 8990 100 290
9287 8991 94 293
9287 8992 89 295
9287 8993 84 298
9287 8994 77 300
9287 8995 72 303
9287 8996 66 305
9287 8997 59 308
9287 8998 53 311
9287 8999 48 316
9287 9000 47 315
9377 9050 251 251
9377 9051 258 251
9377 9052 269 253
9377 9053 281 252
9377 9054 291 254
9377 9055 304 255
9377 9056 318 257
9377 9057 332 258
9377 9058 344 260
9377 9059 356 260
9377 9060 371 259
9377 9061 386 260
9377 9062 401 264
9377 9063 421 265
9377 9064 438 267
9377 9065 452 267
9377 9066 464 267
9377 9067 468 269
9377 9068 476 270
9377 9069 481 270
9494 9128 436 430
9494 9129 434 435
9494 9130 438 431
9494 9131 439 436
9494 9132 444 440
9494 9133 447 442
9494 9134 449 442
9494 9135 452 446
9494 9136 455 449
9494 9137 458 448
9494 9138 464 451
9494 9139 465 454
9494 9140 469 454
9494 9141 473 456
9494 9142 476 460
9494 9143 480 462
9494 9144 481 460
9494 9145 487 464
9494 9146 489 465
9494 9147 492 461
9519 9145 257 246
9519 9146 249 249
9519 9147 249 251
9519 9148 257 252
9519 9149 269 253
9519 9150 280 254
9519 9151 290 255
9519 9152 299 256
9519 9153 311 257
9519 9154 322 259
9519 9155 334 260
9519 9156 345 261
9519 9157 356 259
9519 9158 369 261
9519 9159 383 261
9519 9160 394 264
9519 9161 405 265
9519 9162 419 266
9519 9163 434 267
9519 9164 446 268
9519 9165 458 268
9519 9166 466 270
9519 9167 477 270
9519 9168 484 272
9629 9237 554 443
9629 9238 555 438
9629 9239 552 442
9629 9240 551 442
9629 9241 546 443
9629 9242 539 444
9629 9243 541 445
9629 9244 537 446
9629 9245 533 447
9629 9246 529 447
9629 9247 527 448
9629 9248 521 448
9629 9249 519 449
9629 9250 517 449
9629 9251 512 451
9629 9252 506 454
9629 9253 506 451
9629 9254 503 452
9629 9255 496 453
9629 9256 495 454
9629 9257 490 452
9629 9258 486 455
9629 9259 482 456
9629 9260 479 455
9629 9261 477 456
9629 9262 472 456
9629 9263 468 457
9629 9264 468 460
9807 9297 501 452
9807 9298 498 451
9807 9299 497 450
9807 9300 492 450
9807 9301 487 449
9807 9302 486 449
9807 9303 480 444
9807 9304 477 446
9807 9305 473 447
9807 9306 466 443
9807 9307 461 445
9807 9308 460 441
9807 9309 458 440
9807 9310 458 435
9807 9311 451 437
9807 9312 448 439
9807 9313 448 435
9807 9314 442 435
9807 9315 436 433
9807 9316 437 433
9807 9317 433 432
9807 9318 429 428
9807 9319 426 430
9807 9320 421 426
9807 9321 418 427
9807 9322 415 427
9807 9323 414 425
9807 9324 415 426
9836 9306 478 264
9836 9307 474 262
9836 9308 464 266
9836 9309 460 262
9836 9310 448 262
9836 9311 441 263
9836 9312 412 259
9836 9313 399 258
9836 9314 383 256
9836 9315 367 255
9836 9316 353 254
9836 9317 359 257
9841 9308 287 458
9841 9309 287 459
9841 9310 281 458
9841 9311 280 458
9841 9312 276 457
9841 9313 271 457
9841 9314 266 457
9841 9315 260 457
9841 9316 255 457
9841 9317 254 456
9841 9318 250 456
9841 9319 248 454
9841 9320 243 455
9841 9321 238 454
9841 9322 235 455
9841 9323 232 455
9841 9324 227 455
9841 9325 223 454
9841 9326 221 454
9841 9327 216 452
9841 9328 211 452
9841 9329 207 452
9841 9330 204 452
9841 9331 201 453
9841 9332 195 452
9841 9333 193 452
9841 9334 190 451
9841 9335 184 451
9841 9336 179 451
9841 9337 175 436
9841 9338 179 446
9887 9329 392 417
9887 9330 391 417
9887 9331 391 417
9887 9332 385 414
9887 9333 383 414
9887 9334 381 414
9887 9335 377 413
9887 9336 371 411
9887 9337 371 412
9887 9338 369 411
9887 9339 364 408
9887 9340 359 408
9887 9341 357 407
9887 9342 349 406
9887 9343 349 405
9887 9344 348 405
9887 9345 346 405
9887 9346 342 404
9887 9347 338 402
9887 9348 336 403
9887 9349 332 401
9887 9350 326 399
9887 9351 326 400
9887 9352 324 399
9887 9353 318 395
9887 9354 316 395
9887 9355 314 396
9887 9356 311 395
9887 9357 307 391
9887 9358 306 394
9887 9359 305 394
10022 9423 170 334
10022 9424 172 336
10022 9425 170 334
10022 9426 168 334
10022 9427 166 336
10022 9428 165 332
10022 9429 165 333
10022 9430 161 333
10022 9431 161 334
10022 9432 158 331
10022 9433 156 329
10022 9434 155 327
10022 9435 154 328
10022 9436 152 326
10022 9437 150 325
10022 9438 151 326
10022 9439 149 322
10022 9440 147 323
10022 9441 145 325
10022 9442 145 325
10022 9443 142 321
10022 9444 142 321
10022 9445 139 321
10022 9446 137 320
10022 9447 137 321
10022 9448 136 321
10022 9449 134 321
10022 9450 131 319
10022 9451 127 318
10022 9452 127 319
10022 9453 126 318
10022 9454 126 317
10022 9455 124 317
10022 9456 122 316
10022 9457 121 316
10022 9458 118 315
10022 9459 116 314
10022 9460 115 314
10022 9461 113 312
10022 9462 112 312
10022 9463 110 310
10022 9464 109 310
10022 9465 108 312
10061 9450 495 475
10061 9451 487 474
10061 9452 482 474
10061 9453 479 473
10061 9454 474 472
10061 9455 468 472
10061 9456 463 470
10061 9457 459 470
10061 9458 455 469
10061 9459 449 468
10061 9460 444 466
10061 9461 439 466
10061 9462 435 466
10061 9463 431 465
10061 9464 427 463
10061 9465 420 463
10061 9466 415 463
10061 9467 412 462
10061 9468 409 461
10061 9469 402 458
10061 9470 397 457
10061 9471 398 459
10061 9472 393 455
10061 9473 388 453
10061 9474 383 452
10061 9475 381 453
10061 9476 376 450
10061 9477 370 448
10061 9478 368 447
10061 9479 366 447
10061 9480 362 443
10061 9481 356 441
10061 9482 353 439
10061 9483 352 440
10061 9484 351 440
10182 9524 208 387
10182 9525 208 388
10182 9526 203 386
10182 9527 204 387
10182 9528 198 383
10182 9529 195 382
10182 9530 194 383
10182 9531 192 383
10182 9532 186 380
10182 9533 182 379
10182 9534 179 378
10182 9535 176 377
10182 9536 174 376
10182 9537 171 375
10182 9538 168 374
10182 9539 168 376
10182 9540 166 375
10182 9541 160 374
10182 9542 154 373
10182 9543 152 372
10182 9544 150 370
10182 9545 148 369
10182 9546 145 367
10182 9547 146 365
10182 9548 143 364
10733 9868 3 354
10733 9869 5 354
10733 9870 7 352
10733 9871 9 351
10733 9872 11 349
10733 9873 12 349
10733 9874 13 345
10733 9875 15 347
10733 9876 17 345
10733 9877 18 345
10733 9878 21 341
10733 9879 23 339
10733 9880 24 339
10733 9881 28 333
10733 9882 32 335
10733 9883 36 332
10733 9884 39 326
10733 9885 43 324
10733 9886 47 325
10733 9887 51 324
10733 9888 54 319
10733 9889 59 320
10733 9890 62 315
10733 9891 56 319
11045 10296 295 261
11045 10297 296 253
11045 10298 300 257
11045 10299 308 255
11045 10300 317 256
11045 10301 324 257
11045 10302 331 257
11045 10303 336 258
11045 10304 345 258
11045 10305 354 259
11045 10306 358 262
11045 10307 366 262
11045 10308 374 264
11045 10309 384 264
11045 10310 391 263
11045 10311 400 264
11045 10312 407 265
11045 10313 415 264
11045 10314 426 265
11045 10315 429 266
11045 10316 440 268
11045 10317 447 268
11045 10318 454 267
11045 10319 460 268
11045 10320 470 268
11045 10321 474 265
11045 10322 474 262
11292 10477 429 268
11292 10478 438 271
11292 10479 452 272
11292 10480 460 271
11292 10481 465 267
11292 10482 466 266
11292 10483 448 266
11292 10484 432 260
11292 10485 410 259
11292 10486 389 258
11292 10487 372 256
11292 10488 356 254
11292 10489 336 253
11292 10490 320 251
11292 10491 305 251
11292 10492 289 249
11292 10493 269 247
11292 10494 257 246
11378 10646 162 369
11378 10647 159 369
11378 10648 162 368
11378 10649 170 367
11378 10650 172 367
11378 10651 172 368
11378 10652 176 368
11378 10653 181 366
11378 10654 184 367
11378 10655 184 368
11378 10656 189 367
11378 10657 196 367
11378 10658 200 368
11378 10659 199 369
11378 10660 209 367
11378 10661 219 368
11378 10662 223 368
11378 10663 224 369
11378 10664 230 369
11378 10665 236 369
11378 10666 238 368
11378 10667 242 369
11378 10668 249 367
11378 10669 249 369
11378 10670 253 369
11378 10671 260 367
11378 10672 264 369
11378 10673 264 368
11378 10674 269 368
11378 10675 276 367
11378 10676 278 368
11378 10677 279 369
11378 10678 282 368
11378 10679 290 367
11378 10680 292 368
11378 10681 291 368
11378 10682 295 367
11378 10683 301 367
11378 10684 305 368
11378 10685 304 369
11378 10686 309 368
11378 10687 314 368
11378 10688 317 367
11378 10689 318 367
11378 10690 320 367
11378 10691 325 368
11378 10692 331 366
11378 10693 331 368
11378 10694 333 368
11378 10695 338 367
11378 10696 344 366
11378 10697 345 366
11378 10698 346 367
11378 10699 351 366
11378 10700 357 365
11378 10701 357 366
11378 10702 360 366
11378 10703 366 365
11378 10704 370 365
11378 10705 370 365
11378 10706 372 366
11378 10707 376 365
11378 10708 383 364
11378 10709 382 365
11378 10710 386 364
11378 10711 392 364
11378 10712 396 363
11378 10713 397 363
11378 10714 398 364
11378 10715 404 363
11378 10716 407 363
11378 10717 408 364
11378 10718 411 364
11378 10719 416 363
11378 10720 421 362
11378 10721 420 363
11378 10722 423 362
11378 10723 428 362
11378 10724 433 361
11378 10725 433 362
11378 10726 435 361
11378 10727 438 361
11378 10728 444 361
11378 10729 445 360
11378 10730 447 361
11378 10731 452 360
11378 10732 456 360
11378 10733 458 360
11378 10734 458 361
11378 10735 463 360
11378 10736 468 359
11378 10737 468 360
11378 10738 471 360
11378 10739 474 361
11378 10740 479 359
11378 10741 481 358
11378 10742 482 360
11378 10743 486 359
11378 10744 491 358
11378 10745 493 356
11378 10746 493 359
11378 10747 497 359
11378 10748 502 358
11378 10749 501 357
12043 11365 409 262
12043 11366 402 261
12043 11367 395 262
12043 11368 386 261
12043 11369 380 259
12043 11370 373 260
12043 11371 365 259
12043 11372 357 257
12043 11373 350 258
12043 11374 343 257
12043 11375 336 256
12043 11376 329 255
12043 11377 323 255
12043 11378 317 255
12043 11379 310 254
12043 11380 308 251
12043 11381 296 252
12043 11382 295 250
12043 11383 289 249
12043 11384 283 249
12043 11385 277 248
12043 11386 264 250
12043 11387 265 248
12043 11388 260 247
12043 11389 250 248
12043 11390 241 248
12043 11391 246 246
12258 11483 256 424
12258 11484 258 423
12258 11485 261 425
12258 11486 261 424
12258 11487 264 426
12258 11488 271 428
12258 11489 275 429
12258 11490 276 431
12258 11491 278 429
12258 11492 286 432
12258 11493 291 434
12258 11494 291 436
12258 11495 292 435
12258 11496 298 438
12258 11497 302 438
12258 11498 304 440
12258 11499 308 440
12258 11500 315 443
12258 11501 321 444
12258 11502 321 445
12258 11503 323 446
12258 11504 328 448
12258 11505 335 450
12258 11506 338 451
12258 11507 339 451
12258 11508 345 454
12258 11509 351 456
12258 11510 354 458
12258 11511 354 457
12258 11512 359 459
12258 11513 366 460
12258 11514 368 461
12258 11515 371 462
12258 11516 374 463
12306 11513 501 266
12306 11514 489 266
12306 11515 484 267
12306 11516 477 265
12306 11517 470 265
12306 11518 463 266
12306 11519 450 265
12306 11520 437 260
12306 11521 425 259
12306 11522 415 259
12306 11523 403 255
12306 11524 387 260
12306 11525 375 258
12306 11526 364 257
12306 11527 361 257
12432 11607 87 418
12432 11608 87 414
12432 11609 87 414
12432 11610 88 415
12432 11611 93 414
12432 11612 98 412
12432 11613 101 411
12432 11614 101 413
12432 11615 105 412
12432 11616 110 410
12432 11617 114 410
12432 11618 114 412
12432 11619 117 410
12432 11620 121 408
12432 11621 125 408
12432 11622 128 408
12432 11623 128 408
12432 11624 131 407
12432 11625 138 405
12432 11626 141 405
12432 11627 140 405
12432 11628 142 406
12432 11629 148 403
12432 11630 152 403
12432 11631 154 403
12432 11632 155 402
12432 11633 159 404
12432 11634 161 399
12432 11635 164 401
12432 11636 167 401
12432 11637 169 401
12432 11638 175 399
12432 11639 172 395
12817 12136 488 266
12817 12137 483 269
12817 12138 478 265
12817 12139 472 264
12817 12140 465 265
12817 12141 455 265
12817 12142 442 264
12817 12143 429 263
12817 12144 417 261
12817 12145 407 261
12817 12146 396 260
12817 12147 384 258
12817 12148 375 258
12817 12149 365 257
12817 12150 360 260
12889 12207 408 440
12889 12208 405 448
12889 12209 399 449
12889 12210 397 450
12889 12211 397 451
12889 12212 392 451
12889 12213 387 452
12889 12214 384 454
12889 12215 382 454
12889 12216 380 455
12889 12217 374 454
12889 12218 369 457
12889 12219 370 456
12889 12220 368 458
12889 12221 361 459
12889 12222 357 459
12889 12223 355 464
12889 12224 354 461
12889 12225 348 461
12889 12226 342 462
12889 12227 339 462
12889 12228 340 463
12889 12229 334 463
12889 12230 328 463
12889 12231 325 463
12889 12232 324 464
12889 12233 320 464
12889 12234 314 464
12889 12235 310 464
12889 12236 308 465
12889 12237 306 465
12889 12238 298 464
12889 12239 295 465
12889 12240 292 465
12889 12241 290 465
12889 12242 284 465
12889 12243 279 465
12889 12244 276 465
12889 12245 273 465
12889 12246 267 465
12889 12247 263 465
12889 12248 260 465
12889 12249 258 465
12889 12250 254 465
12889 12251 247 464
12889 12252 244 464
12889 12253 242 464
12889 12254 239 464
12889 12255 232 464
12889 12256 228 464
12889 12257 226 464
12889 12258 225 463
12889 12259 220 463
12889 12260 212 463
12889 12261 211 463
12889 12262 210 463
12889 12263 206 462
12889 12264 197 462
12889 12265 195 462
12889 12266 195 462
12889 12267 191 462
12889 12268 183 461
12889 12269 180 462
12889 12270 179 462
12889 12271 177 461
12889 12272 168 459
12889 12273 164 460
12889 12274 165 459
12889 12275 163 460
12889 12276 157 458
12889 12277 151 458
12889 12278 149 458
12889 12279 148 458
12889 12280 141 457
12889 12281 135 456
12889 12282 135 456
12889 12283 134 456
12889 12284 129 455
12889 12285 127 455
12897 12221 234 254
12897 12222 240 254
12897 12223 244 252
12897 12224 249 252
12897 12225 239 250
12897 12226 246 253
12897 12227 254 254
12897 12228 261 254
12897 12229 272 254
12897 12230 282 255
12897 12231 288 257
12897 12232 297 257
12897 12233 308 257
12897 12234 316 258
12897 12235 326 259
12897 12236 335 260
12897 12237 343 261
12897 12238 353 262
12897 12239 364 262
12897 12240 374 263
12897 12241 381 264
13609 12921 59 451
13609 12922 62 448
13609 12923 64 450
13609 12924 68 449
13609 12925 74 444
13609 12926 79 444
13609 12927 81 446
13609 12928 85 442
13609 12929 92 441
13609 12930 96 442
13609 12931 98 441
13609 12932 103 438
13609 12933 109 437
13609 12934 114 437
13609 12935 122 434
13609 12936 126 433
13609 12937 127 433
13609 12938 129 434
13609 12939 135 431
13609 12940 142 430
13609 12941 144 430
13609 12942 147 430
13609 12943 154 426
13609 12944 159 425
13609 12945 160 427
13609 12946 164 425
13609 12947 172 422
13609 12948 176 422
13609 12949 178 423
13609 12950 183 419
13609 12951 190 417
13609 12952 191 416
13609 12953 193 418
13609 12954 200 415
13609 12955 205 414
13609 12956 208 414
13609 12957 213 410
13609 12958 218 408
13609 12959 220 410
13609 12960 223 410
13609 12961 228 407
13609 12962 232 405
13609 12963 235 405
13609 12964 239 406
13609 12965 245 400
13609 12966 248 399
13609 12967 250 400
13609 12968 256 398
13609 12969 255 396
13653 12969 262 395
13653 12970 262 396
13653 12971 264 397
13653 12972 271 392
13653 12973 274 391
13653 12974 275 393
13653 12975 279 391
13653 12976 285 388
13653 12977 288 390
13653 12978 290 388
13653 12979 294 387
13653 12980 301 384
13653 12981 301 385
13653 12982 304 384
13653 12983 309 383
13653 12984 314 382
13653 12985 315 382
13653 12986 320 379
13653 12987 326 377
13653 12988 327 377
13653 12989 330 377
13653 12990 334 375
13653 12991 338 373
13653 12992 340 375
13653 12993 343 374
13653 12994 349 371
13653 12995 351 371
13653 12996 352 371
13653 12997 356 369
13653 12998 360 367
13653 12999 363 368
13653 13000 366 367
13653 13001 371 364
13653 13002 373 363
13653 13003 375 364
13653 13004 378 362
13653 13005 383 360
13653 13006 385 361
13653 13007 387 360
13653 13008 392 358
13653 13009 395 357
13653 13010 397 356
13653 13011 398 357
13653 13012 404 355
13653 13013 406 355
13653 13014 409 353
13653 13015 408 349
13755 13084 168 268
13755 13085 168 264
13755 13086 165 265
13755 13087 164 264
13755 13088 160 269
13755 13089 162 268
13755 13090 157 268
13755 13091 158 271
13755 13092 157 271
13755 13093 150 274
13755 13094 146 275
13755 13095 149 271
13755 13096 148 275
13755 13097 144 277
13755 13098 139 277
13755 13099 136 282
13755 13100 132 284
13755 13101 132 284
13755 13102 128 281
13755 13103 124 286
13755 13104 125 285
13755 13105 123 284
13755 13106 118 285
13755 13107 117 288
13755 13108 116 287
13755 13109 113 289
13755 13110 112 289
13755 13111 109 291
13755 13112 105 295
13755 13113 100 295
13755 13114 101 291
13755 13115 101 290
13774 13097 157 269
13774 13098 156 268
13774 13099 153 269
13774 13100 152 274
13774 13101 150 275
13774 13102 148 273
13774 13103 146 273
13774 13104 144 278
13774 13105 143 278
13774 13106 140 279
13774 13107 138 280
13774 13108 136 279
13774 13109 127 281
13774 13110 131 282
13774 13111 129 283
13774 13112 127 285
13774 13113 126 286
13774 13114 123 286
13774 13115 120 288
13774 13116 118 288
13774 13117 115 287
13774 13118 113 290
13774 13119 109 292
13774 13120 106 290
13774 13121 103 296
13774 13122 100 297
13774 13123 96 296
13774 13124 92 299
13774 13125 88 299
13782 13102 84 308
13782 13103 79 312
13782 13104 80 309
13782 13105 78 308
13782 13106 76 308
13782 13107 73 310
13782 13108 78 306
13782 13109 89 305
13782 13110 86 306
13782 13111 81 307
13782 13112 74 309
13782 13113 75 313
13782 13114 67 312
13782 13115 67 315
13782 13116 62 317
13782 13117 59 317
13782 13118 45 313
13782 13119 40 317
13782 13120 43 322
13782 13121 41 323
13782 13122 39 327
13782 13123 35 328
13782 13124 32 329
13782 13125 24 330
13882 13148 280 263
13882 13149 279 263
13882 13150 277 264
13882 13151 275 264
13882 13152 273 264
13882 13153 273 264
13882 13154 272 261
13882 13155 267 261
13882 13156 263 262
13882 13157 266 265
13882 13158 264 265
13882 13159 262 263
13882 13160 263 257
13882 13161 257 258
13882 13162 258 264
13882 13163 255 264
13882 13164 254 265
13882 13165 253 265
13882 13166 251 265
13882 13167 249 264
13882 13168 248 264
13882 13169 246 264
13882 13170 244 264
13882 13171 243 264
13882 13172 241 265
13882 13173 240 265
13882 13174 238 263
13882 13175 236 265
13882 13176 234 265
13882 13177 234 265
13882 13178 231 264
13882 13179 231 264
13882 13180 228 262
13882 13181 227 266
13882 13182 225 266
13882 13183 224 266
13882 13184 221 267
13882 13185 220 265
13882 13186 219 267
13882 13187 218 265
13882 13188 217 265
13882 13189 215 267
13882 13190 214 267
13882 13191 211 268
13882 13192 211 269
13882 13193 209 268
13882 13194 207 269
13882 13195 206 266
13882 13196 204 269
13882 13197 203 269
13882 13198 201 269
13882 13199 200 267
13882 13200 198 268
13882 13201 197 269
13882 13202 195 271
13882 13203 194 268
13882 13204 192 268
13882 13205 190 268
13882 13206 189 269
13882 13207 187 269
13882 13208 186 269
13882 13209 184 270
13882 13210 181 270
13882 13211 179 269
13882 13212 178 269
13882 13213 171 269
13882 13214 171 269
13882 13215 169 269
13882 13216 168 269
13882 13217 165 270
13882 13218 164 270
13882 13219 163 269
13882 13220 160 270
13882 13221 159 269
13882 13222 158 270
13882 13223 156 271
13882 13224 155 272
13882 13225 152 271
13882 13226 151 272
13882 13227 150 271
13882 13228 147 272
13882 13229 145 271
13882 13230 143 272
13882 13231 143 271
13882 13232 143 273
13882 13233 139 272
13882 13234 138 272
13882 13235 137 273
13882 13236 135 271
13882 13237 132 272
13882 13238 131 274
13882 13239 130 273
13882 13240 129 273
13882 13241 125 272
13882 13242 125 272
13882 13243 123 274
13882 13244 121 273
13882 13245 119 272
13882 13246 118 273
13882 13247 116 274
13923 13284 490 266
13923 13285 483 267
13923 13286 478 264
13923 13287 469 265
13923 13288 459 264
13923 13289 447 263
13923 13290 436 262
13923 13291 422 261
13923 13292 408 260
13923 13293 396 258
13923 13294 385 257
13923 13295 372 257
13923 13296 362 256
13923 13297 351 256
13923 13298 340 256
13923 13299 328 255
13923 13300 318 251
13923 13301 306 252
13923 13302 296 253
13923 13303 287 252
13923 13304 278 252
13923 13305 266 251
13923 13306 257 250
13923 13307 249 249
13923 13308 242 249
13923 13309 241 249
13923 13310 233 248