63 431 166 275
63 432 169 276
63 433 171 277
63 434 174 277
63 435 176 276
63 436 177 278
63 437 181 280
63 438 184 281
63 439 190 281
63 440 192 282
63 441 195 279
63 442 201 281
63 443 203 286
63 444 206 286
63 445 208 285
63 446 214 287
63 447 217 287
63 448 220 288
63 449 225 289
63 450 227 288
63 451 231 288
63 452 236 288
63 453 237 291
63 454 241 293
63 455 242 295
63 456 249 295
63 457 251 295
63 458 255 294
63 459 259 297
63 460 262 298
63 461 267 298
63 462 272 299
63 463 277 298
63 464 279 301
63 465 284 302
63 466 288 301
63 467 290 303
63 468 295 303
63 469 299 303
63 470 303 305
63 471 309 305
63 472 311 306
63 473 313 306
63 474 316 306
63 475 319 308
63 476 323 305
63 477 325 308
63 478 324 309
273 914 186 246
273 915 195 247
273 916 207 248
273 917 215 248
273 918 223 249
273 919 234 249
273 920 246 251
273 921 256 252
273 922 269 252
273 923 282 254
273 924 292 255
273 925 306 256
273 926 317 258
273 927 330 258
273 928 343 258
273 929 359 261
273 930 371 262
273 931 384 261
273 932 400 264
273 933 418 266
273 934 432 266
273 935 454 266
273 936 470 266
273 937 473 264
273 938 471 265
273 939 482 265
273 940 501 267
403 1900 439 262
403 1901 438 258
403 1902 431 257
403 1903 423 257
403 1904 413 257
403 1905 403 256
403 1906 393 255
403 1907 387 254
403 1908 378 254
403 1909 370 253
403 1910 361 251
403 1911 354 251
403 1912 345 250
403 1913 335 250
403 1914 327 249
403 1915 320 248
403 1916 313 248
403 1917 305 248
403 1918 297 247
403 1919 290 247
403 1920 282 246
506 2641 108 475
506 2642 112 475
506 2643 114 475
506 2644 115 473
506 2645 117 472
506 2646 121 471
506 2647 123 470
506 2648 125 469
506 2649 127 470
506 2650 130 468
506 2651 133 468
506 2652 134 471
506 2653 135 467
506 2654 137 466
506 2655 139 465
506 2656 141 464
506 2657 142 463
506 2658 144 463
506 2659 146 461
506 2660 149 461
506 2661 149 460
506 2662 151 463
506 2663 152 457
506 2664 153 458
506 2665 156 461
506 2666 156 459
506 2667 159 451
506 2668 160 452
506 2669 160 452
506 2670 163 449
506 2671 166 452
506 2672 168 448
506 2673 165 446
506 2674 168 447
506 2675 169 447
506 2676 160 443
779 3136 164 246
779 3137 164 247
779 3138 166 249
779 3139 167 249
779 3140 166 251
779 3141 166 252
779 3142 166 253
779 3143 166 254
779 3144 166 256
779 3145 164 257
779 3146 162 259
779 3147 161 260
779 3148 161 262
779 3149 158 264
779 3150 158 265
779 3151 155 267
779 3152 153 269
779 3153 150 271
779 3154 147 272
779 3155 144 275
779 3156 142 276
779 3157 137 279
779 3158 133 281
779 3159 128 282
779 3160 124 285
779 3161 120 287
779 3162 114 290
779 3163 108 292
779 3164 103 295
779 3165 98 298
779 3166 91 300
779 3167 86 303
779 3168 80 305
779 3169 74 309
779 3170 68 311
779 3171 62 314
779 3172 56 316
779 3173 50 319
779 3174 41 323
779 3175 35 325
779 3176 32 326
779 3177 26 327
779 3178 24 330
779 3179 21 334
779 3180 18 334
779 3181 16 335
779 3182 13 334
779 3183 11 335
779 3184 9 338
779 3185 6 341
779 3186 4 347
838 3334 139 292
838 3335 139 288
838 3336 142 287
838 3337 146 284
838 3338 151 282
838 3339 154 280
838 3340 158 280
838 3341 162 277
838 3342 166 275
838 3343 169 274
838 3344 171 270
838 3345 175 271
838 3346 179 269
838 3347 180 264
838 3348 184 264
838 3349 186 264
838 3350 189 261
838 3351 192 260
838 3352 194 261
838 3353 195 259
838 3354 195 258
956 4119 327 251
956 4120 321 249
956 4121 313 251
956 4122 299 253
956 4123 311 254
956 4124 325 255
956 4125 339 255
956 4126 360 260
956 4127 378 262
956 4128 393 264
956 4129 408 264
956 4130 426 266
956 4131 441 266
956 4132 456 269
956 4133 468 269
956 4134 478 270
956 4135 488 268
1079 4412 217 311
1079 4413 219 308
1079 4414 220 305
1079 4415 220 309
1079 4416 224 308
1079 4417 226 311
1079 4418 226 311
1079 4419 227 308
1079 4420 229 311
1079 4421 232 311
1079 4422 232 312
1079 4423 234 311
1079 4424 236 314
1079 4425 237 317
1079 4426 240 316
1079 4427 242 316
1079 4428 243 318
1079 4429 245 317
1079 4430 246 319
1079 4431 249 319
1079 4432 250 320
1079 4433 252 323
1079 4434 253 324
1079 4435 256 323
1079 4436 256 323
1079 4437 258 325
1079 4438 261 327
1079 4439 261 330
1079 4440 262 328
1079 4441 265 328
1079 4442 267 328
1079 4443 267 330
1079 4444 270 329
1079 4445 272 331
1079 4446 274 332
1079 4447 276 331
1079 4448 277 333
1079 4449 280 335
1079 4450 281 335
1079 4451 283 336
1079 4452 286 332
1082 4471 327 362
1082 4472 329 357
1082 4473 332 358
1082 4474 335 361
1082 4475 338 361
1082 4476 340 362
1082 4477 343 364
1082 4478 346 366
1082 4479 347 367
1082 4480 351 367
1082 4481 354 370
1082 4482 356 370
1082 4483 359 372
1082 4484 361 374
1082 4485 362 369
1082 4486 365 374
1082 4487 367 376
1082 4488 371 379
1082 4489 374 380
1082 4490 375 380
1082 4491 377 386
1082 4492 381 384
1082 4493 383 387
1082 4494 386 385
1082 4495 390 391
1082 4496 392 390
1082 4497 396 390
1082 4498 397 394
1082 4499 401 393
1082 4500 404 394
1082 4501 407 398
1082 4502 411 401
1082 4503 412 400
1082 4504 416 400
1082 4505 416 402
1082 4506 421 405
1082 4507 423 404
1082 4508 426 408
1082 4509 431 410
1082 4510 436 410
1082 4511 435 411
1082 4512 438 412
1082 4513 442 418
1082 4514 445 417
1082 4515 448 419
1082 4516 452 419
1082 4517 455 422
1082 4518 460 421
1082 4519 462 422
1082 4520 466 425
1082 4521 471 427
1082 4522 472 429
1296 5849 336 256
1296 5850 346 258
1296 5851 354 259
1296 5852 363 259
1296 5853 373 261
1296 5854 383 261
1296 5855 391 263
1296 5856 400 264
1296 5857 409 265
1296 5858 419 266
1296 5859 427 266
1296 5860 435 266
1296 5861 446 268
1296 5862 454 268
1296 5863 462 269
1296 5864 469 270
1296 5865 474 270
1296 5866 478 269
1296 5867 482 270
1296 5868 488 272
1307 5875 328 256
1307 5876 329 260
1307 5877 330 256
1307 5878 334 256
1307 5879 337 257
1307 5880 342 260
1307 5881 343 261
1307 5882 348 260
1307 5883 352 261
1307 5884 356 261
1307 5885 359 262
1307 5886 364 261
1307 5887 367 262
1307 5888 371 263
1307 5889 374 262
1307 5890 379 260
1307 5891 383 263
1307 5892 386 260
1307 5893 389 260
1307 5894 393 261
1307 5895 397 264
1307 5896 401 264
1307 5897 405 262
1307 5898 407 265
1307 5899 413 266
1307 5900 418 264
1307 5901 419 266
1307 5902 423 263
1307 5903 426 266
1307 5904 431 265
1307 5905 434 267
1307 5906 437 265
1307 5907 440 266
1307 5908 444 267
1307 5909 447 268
1307 5910 451 269
1307 5911 456 269
1307 5912 459 269
1307 5913 462 267
1307 5914 465 271
1307 5915 468 271
1307 5916 472 268
1307 5917 476 271
1307 5918 479 272
1307 5919 480 273
1307 5920 482 274
1335 5934 451 331
1335 5935 449 335
1335 5936 446 337
1335 5937 444 335
1335 5938 442 336
1335 5939 441 335
1335 5940 439 338
1335 5941 437 331
1335 5942 434 329
1335 5943 433 326
1335 5944 431 331
1335 5945 428 330
1335 5946 428 329
1335 5947 427 327
1335 5948 425 327
1335 5949 423 322
1335 5950 419 322
1335 5951 422 322
1335 5952 419 322
1335 5953 419 321
1335 5954 417 322
1335 5955 414 320
1335 5956 411 319
1335 5957 410 317
1335 5958 409 317
1335 5959 407 314
1335 5960 406 319
1335 5961 402 312
1335 5962 403 314
1335 5963 400 311
1335 5964 398 312
1335 5965 397 311
1335 5966 395 309
1335 5967 393 308
1335 5968 392 306
1395 6433 324 318
1395 6434 327 316
1395 6435 330 319
1395 6436 331 318
1395 6437 332 318
1395 6438 333 319
1395 6439 336 320
1395 6440 336 320
1395 6441 337 320
1395 6442 339 320
1395 6443 338 321
1395 6444 341 321
1395 6445 343 321
1395 6446 344 323
1395 6447 344 321
1395 6448 347 323
1395 6449 347 323
1395 6450 349 324
1395 6451 350 324
1395 6452 350 323
1395 6453 352 323
1395 6454 354 325
1395 6455 356 325
1395 6456 356 325
1395 6457 358 325
1395 6458 359 326
1395 6459 363 327
1395 6460 365 328
1395 6461 365 325
1395 6462 364 327
1395 6463 363 332
1395 6464 368 329
1395 6465 368 328
1395 6466 373 329
1395 6467 370 328
1395 6468 372 330
1395 6469 374 330
1395 6470 375 330
1395 6471 375 331
1395 6472 376 332
1395 6473 379 332
1395 6474 380 332
1395 6475 382 332
1395 6476 383 332
1395 6477 383 332
1395 6478 386 333
1395 6479 387 334
1395 6480 388 334
1395 6481 389 334
1395 6482 390 335
1395 6483 394 336
1395 6484 394 336
1395 6485 396 336
1395 6486 397 335
1395 6487 400 336
1395 6488 402 338
1395 6489 404 339
1395 6490 402 338
1395 6491 403 338
1395 6492 405 338
1554 7000 519 353
1554 7001 519 353
1554 7002 503 354
1554 7003 492 354
1554 7004 475 357
1554 7005 459 362
1554 7006 448 367
1554 7007 443 370
1554 7008 429 379
1554 7009 414 393
1554 7010 407 401
1554 7011 395 417
1554 7012 385 437
1554 7013 383 450
1554 7014 379 471
1559 7028 422 266
1559 7029 415 261
1559 7030 400 258
1559 7031 384 257
1559 7032 367 255
1559 7033 352 255
1559 7034 338 253
1559 7035 321 252
1559 7036 305 250
1559 7037 293 249
1559 7038 279 248
1559 7039 263 248
1585 7243 414 475
1585 7244 418 474
1585 7245 421 473
1585 7246 424 474
1585 7247 426 472
1585 7248 429 471
1585 7249 433 471
1585 7250 437 471
1585 7251 440 471
1585 7252 442 471
1585 7253 445 470
1585 7254 449 469
1585 7255 452 470
1585 7256 454 468
1585 7257 457 467
1585 7258 459 467
1585 7259 462 467
1585 7260 467 465
1585 7261 470 467
1585 7262 472 464
1585 7263 475 463
1585 7264 479 462
1585 7265 481 461
1585 7266 484 460
1585 7267 486 458
1585 7268 488 457
1585 7269 491 456
1585 7270 494 456
1585 7271 496 457
1585 7272 498 458
1585 7273 502 455
1585 7274 505 453
1585 7275 509 450
1585 7276 509 453
1585 7277 509 457
1794 8601 330 476
1794 8602 315 470
1794 8603 305 462
1794 8604 299 458
1794 8605 283 447
1794 8606 269 435
1794 8607 263 433
1794 8608 248 423
1794 8609 241 419
1794 8610 233 415
1794 8611 227 411
1794 8612 222 410
1794 8613 213 406
2065 10127 418 400
2065 10128 419 398
2065 10129 416 398
2065 10130 410 397
2065 10131 408 396
2065 10132 405 398
2065 10133 403 398
2065 10134 396 398
2065 10135 395 399
2065 10136 393 399
2065 10137 388 399
2065 10138 385 401
2065 10139 382 401
2065 10140 378 401
2065 10141 375 401
2065 10142 372 402
2065 10143 368 403
2065 10144 363 403
2065 10145 360 404
2065 10146 355 405
2065 10147 353 404
2065 10148 349 407
2065 10149 345 409
2065 10150 341 406
2065 10151 338 410
2065 10152 333 412
2065 10153 329 411
2065 10154 326 414
2065 10155 323 416
2065 10156 317 416
2065 10157 316 419
2075 10157 310 420
2075 10158 310 421
2075 10159 304 423
2075 10160 300 425
2075 10161 294 427
2075 10162 290 429
2075 10163 286 426
2075 10164 281 431
2075 10165 278 434
2075 10166 273 436
2075 10167 267 437
2075 10168 264 439
2075 10169 260 440
2075 10170 253 443
2075 10171 247 441
2075 10172 247 445
2075 10173 238 445
2075 10174 235 451
2075 10175 229 450
2075 10176 224 450
2075 10177 221 454
2075 10178 216 455
2075 10179 210 455
2511 12848 232 249
2511 12849 236 248
2511 12850 238 248
2511 12851 248 249
2511 12852 257 250
2511 12853 270 252
2511 12854 282 252
2511 12855 293 253
2511 12856 303 255
2511 12857 317 255
2511 12858 330 256
2511 12859 344 258
2511 12860 356 258
2511 12861 365 258
2511 12862 380 260
2511 12863 394 262
2511 12864 408 263
2511 12865 423 265
2511 12866 438 266
2511 12867 453 267
2511 12868 463 273
2559 13120 3 458
2559 13121 6 460
2559 13122 8 458
2559 13123 11 457
2559 13124 15 458
2559 13125 19 454
2559 13126 24 454
2559 13127 28 454
2559 13128 33 452
2559 13129 37 452
2559 13130 40 452
2559 13131 46 452
2559 13132 50 450
2559 13133 55 448
2559 13134 58 447
2559 13135 63 448
2559 13136 67 447
2559 13137 71 447
2559 13138 75 445
2559 13139 80 442
2559 13140 84 445
2559 13141 88 442
2559 13142 90 440
2583 13141 102 448
2583 13142 98 443
2583 13143 97 438
2583 13144 101 437
2583 13145 104 437
2583 13146 109 436
2583 13147 113 432
2583 13148 118 432
2583 13149 120 433
2583 13150 125 430
2583 13151 129 429
2583 13152 132 430
2583 13153 136 429
2583 13154 145 425
2583 13155 148 425
2583 13156 151 424
2583 13157 154 423
2583 13158 158 422
2583 13159 162 420
2583 13160 167 419
2583 13161 170 418
2583 13162 176 419
2583 13163 176 421
2583 13164 180 414
2583 13165 184 415
2583 13166 188 413
2583 13167 192 414
2583 13168 196 415
2583 13169 200 412
2583 13170 204 410
2583 13171 207 409
2583 13172 209 410
2583 13173 217 409
2583 13174 221 408
2583 13175 225 408
2583 13176 227 408
2583 13177 233 406
2583 13178 237 405
2583 13179 237 407
2583 13180 243 406
2583 13181 251 404
2583 13182 253 406
2583 13183 258 404
2583 13184 262 406
2583 13185 267 404
2583 13186 269 405
2583 13187 275 403
2583 13188 277 402
2583 13189 280 403
2583 13190 284 399
2583 13191 288 396
2583 13192 290 397
2583 13193 292 397
2583 13194 296 402
2583 13195 294 410