25 257 212 247
25 258 224 248
25 259 235 248
25 260 245 249
25 261 255 249
25 262 265 250
25 263 277 251
25 264 288 252
25 265 299 254
25 266 309 254
25 267 322 256
25 268 334 257
25 269 344 257
25 270 356 259
25 271 365 260
25 272 377 261
25 273 389 262
25 274 391 267
35 417 454 263
35 418 448 264
35 419 435 263
35 420 424 261
35 421 414 261
35 422 401 260
35 423 387 259
35 424 374 257
35 425 362 256
35 426 352 255
35 427 342 252
35 428 329 250
35 429 318 250
35 430 315 250
35 431 304 249
84 640 202 258
84 641 200 259
84 642 194 259
84 643 193 261
84 644 188 261
84 645 186 263
84 646 181 265
84 647 176 265
84 648 173 267
84 649 169 269
84 650 166 269
84 651 163 272
84 652 160 272
84 653 157 273
84 654 154 274
84 655 151 277
84 656 146 276
84 657 146 279
84 658 142 280
84 659 139 283
84 660 133 285
84 661 138 283
84 662 140 280
84 663 136 282
84 664 134 284
84 665 130 288
84 666 126 289
112 671 200 259
112 672 195 260
112 673 195 258
112 674 189 263
112 675 186 264
112 676 181 265
112 677 186 262
112 678 181 264
112 679 177 267
112 680 173 267
112 681 169 269
112 682 165 271
112 683 161 273
112 684 155 276
112 685 151 278
112 686 147 280
112 687 142 282
112 688 136 285
112 689 130 287
112 690 123 290
112 691 117 293
112 692 111 295
112 693 105 299
112 694 99 302
112 695 92 305
112 696 83 308
112 697 75 312
112 698 70 315
112 699 63 317
112 700 54 321
112 701 46 325
112 702 38 329
112 703 29 333
112 704 25 336
112 705 22 339
112 706 17 341
112 707 13 342
112 708 8 346
112 709 4 350
136 897 489 269
136 898 481 265
136 899 473 265
136 900 459 266
136 901 445 263
136 902 430 262
136 903 413 261
136 904 396 260
136 905 380 257
136 906 363 256
136 907 353 259
303 1977 473 255
303 1978 472 255
303 1979 471 256
303 1980 468 256
303 1981 466 255
303 1982 462 254
303 1983 459 252
303 1984 454 252
303 1985 452 252
303 1986 447 252
303 1987 445 252
303 1988 442 257
303 1989 437 255
303 1990 435 253
303 1991 431 254
303 1992 428 252
303 1993 424 254
303 1994 420 256
303 1995 418 254
303 1996 413 251
303 1997 411 250
303 1998 408 251
303 1999 403 250
303 2000 402 250
303 2001 397 251
303 2002 394 251
303 2003 392 249
303 2004 387 251
303 2005 384 252
303 2006 380 252
303 2007 377 251
303 2008 373 251
303 2009 370 250
303 2010 366 252
303 2011 362 249
303 2012 359 250
303 2013 355 250
303 2014 350 250
303 2015 348 249
303 2016 344 249
303 2017 342 249
303 2018 339 249
303 2019 338 253
303 2020 335 246
438 3202 490 266
438 3203 484 264
438 3204 476 263
438 3205 471 263
438 3206 463 263
438 3207 447 261
438 3208 433 260
438 3209 418 259
438 3210 404 258
438 3211 392 257
438 3212 380 256
438 3213 368 255
438 3214 353 254
438 3215 339 251
438 3216 325 251
438 3217 313 250
438 3218 302 250
438 3219 292 249
438 3220 280 247
438 3221 266 246
540 3575 274 426
540 3576 274 421
540 3577 268 419
540 3578 265 413
540 3579 261 413
540 3580 252 419
540 3581 251 419
540 3582 248 415
540 3583 243 418
540 3584 237 421
540 3585 235 422
540 3586 230 420
540 3587 226 417
540 3588 221 421
540 3589 220 423
540 3590 215 422
540 3591 208 422
540 3592 203 422
540 3593 202 423
540 3594 197 422
540 3595 192 415
540 3596 188 422
540 3597 186 423
540 3598 179 422
540 3599 175 422
540 3600 171 422
540 3601 165 422
540 3602 161 416
540 3603 159 422
540 3604 155 423
540 3605 151 419
540 3606 144 418
540 3607 143 420
540 3608 139 423
540 3609 135 416
540 3610 132 422
540 3611 126 421
540 3612 123 422
540 3613 118 426
643 3992 253 402
643 3993 251 402
643 3994 254 403
643 3995 262 400
643 3996 264 401
643 3997 268 398
643 3998 272 402
643 3999 276 394
643 4000 280 399
643 4001 285 398
643 4002 288 397
643 4003 295 397
643 4004 296 397
643 4005 301 396
643 4006 307 397
643 4007 309 395
643 4008 313 395
643 4009 315 395
643 4010 321 393
643 4011 324 394
643 4012 329 395
643 4013 333 392
643 4014 339 393
643 4015 340 391
643 4016 343 390
643 4017 347 390
643 4018 352 390
643 4019 356 384
643 4020 360 384
643 4021 365 387
643 4022 367 386
643 4023 371 386
643 4024 373 386
643 4025 379 382
643 4026 382 379
643 4027 386 380
643 4028 389 379
643 4029 390 379
824 5303 490 272
824 5304 488 264
824 5305 478 264
824 5306 471 264
824 5307 460 263
824 5308 446 261
824 5309 434 261
824 5310 422 260
824 5311 412 258
824 5312 402 258
824 5313 391 256
824 5314 380 256
824 5315 371 255
824 5316 361 254
824 5317 353 253
824 5318 343 252
824 5319 336 251
824 5320 326 250
824 5321 319 249
824 5322 311 249
824 5323 306 248
824 5324 298 249
824 5325 291 248
824 5326 279 249
824 5327 275 250
824 5328 270 250
824 5329 263 247
824 5330 258 247
824 5331 251 247
824 5332 243 246
824 5333 244 246
824 5334 241 247
824 5335 238 247
850 5347 154 268
850 5348 155 267
850 5349 149 269
850 5350 145 273
850 5351 139 275
850 5352 135 277
850 5353 130 280
850 5354 124 283
850 5355 118 285
850 5356 110 288
850 5357 104 292
850 5358 98 294
850 5359 92 297
850 5360 85 302
850 5361 78 305
850 5362 70 309
850 5363 62 312
850 5364 53 316
850 5365 45 320
850 5366 36 324
850 5367 28 328
850 5368 23 333
850 5369 19 338
850 5370 14 337
850 5371 10 340
850 5372 6 345
901 5433 134 361
901 5434 134 362
901 5435 135 367
901 5436 134 368
901 5437 131 368
901 5438 128 365
901 5439 129 370
901 5440 128 371
901 5441 127 373
901 5442 124 373
901 5443 123 372
901 5444 119 375
901 5445 114 375
901 5446 113 377
901 5447 115 379
901 5448 113 380
901 5449 111 379
901 5450 106 380
901 5451 108 384
901 5452 104 384
901 5453 99 381
901 5454 98 384
901 5455 100 387
901 5456 98 386
901 5457 93 388
901 5458 94 389
901 5459 92 391
901 5460 87 391
901 5461 82 390
901 5462 80 391
901 5463 82 395
901 5464 81 392
901 5465 79 397
901 5466 77 399
901 5467 74 396
901 5468 70 399
901 5469 65 397
901 5470 68 403
901 5471 65 406
901 5472 64 404
901 5473 62 407
901 5474 58 408
901 5475 50 402
901 5476 52 406
901 5477 45 410
901 5478 47 414
901 5479 46 411
901 5480 40 414
901 5481 37 409
901 5482 40 417
901 5483 35 417
901 5484 27 422
901 5485 24 420
901 5486 23 421
901 5487 20 422
901 5488 23 424
901 5489 21 426
901 5490 13 423
901 5491 12 426
901 5492 10 429
901 5493 9 430
901 5494 8 431
901 5495 10 434
901 5496 4 435
901 5497 3 433
1007 6562 214 247
1007 6563 226 248
1007 6564 239 249
1007 6565 254 250
1007 6566 270 250
1007 6567 286 253
1007 6568 304 254
1007 6569 321 256
1007 6570 339 258
1007 6571 358 258
1007 6572 376 261
1007 6573 396 263
1007 6574 412 265
1007 6575 428 266
1007 6576 448 267
1007 6577 465 268
1007 6578 475 270
1007 6579 485 270
1022 6782 486 266
1022 6783 479 263
1022 6784 472 264
1022 6785 459 263
1022 6786 444 262
1022 6787 431 260
1022 6788 419 259
1022 6789 404 258
1022 6790 388 257
1022 6791 374 256
1022 6792 360 254
1022 6793 348 253
1022 6794 336 251
1022 6795 323 250
1022 6796 310 249
1022 6797 297 249
1022 6798 287 248
1022 6799 276 247
1022 6800 263 246
1056 7071 487 266
1056 7072 479 263
1056 7073 470 262
1056 7074 454 262
1056 7075 441 259
1056 7076 429 260
1056 7077 413 258
1056 7078 394 257
1056 7079 378 255
1056 7080 363 254
1056 7081 349 253
1056 7082 337 250
1136 7314 235 250
1136 7315 247 248
1136 7316 247 249
1136 7317 264 250
1136 7318 279 251
1136 7319 294 253
1136 7320 311 255
1136 7321 331 257
1136 7322 350 263
1141 7411 237 247
1141 7412 247 248
1141 7413 249 249
1141 7414 259 249
1141 7415 271 250
1141 7416 282 251
1141 7417 294 252
1141 7418 304 253
1141 7419 316 252
1141 7420 329 253
1141 7421 339 254
1141 7422 351 256
1141 7423 364 258
1141 7424 375 259
1141 7425 388 260
1141 7426 399 262
1141 7427 412 262
1141 7428 425 263
1141 7429 437 265
1141 7430 450 265
1141 7431 462 266
1141 7432 470 267
1141 7433 477 267
1141 7434 483 268
1141 7435 500 264
1148 7525 137 247
1148 7526 141 248
1148 7527 144 250
1148 7528 146 252
1148 7529 149 253
1148 7530 150 254
1148 7531 151 257
1148 7532 154 260
1148 7533 154 261
1148 7534 152 263
1148 7535 152 264
1148 7536 151 267
1148 7537 150 269
1148 7538 148 271
1148 7539 145 273
1148 7540 142 276
1148 7541 138 278
1148 7542 134 281
1148 7543 130 283
1148 7544 124 288
1148 7545 117 291
1148 7546 110 296
1148 7547 100 301
1148 7548 90 305
1148 7549 80 311
1148 7550 67 318
1148 7551 55 323
1148 7552 45 328
1148 7553 31 335
1148 7554 17 341
1148 7555 11 345
1243 8313 500 266
1243 8314 490 263
1243 8315 482 264
1243 8316 474 264
1243 8317 465 262
1243 8318 445 262
1243 8319 431 260
1243 8320 416 259
1243 8321 399 257
1243 8322 382 256
1243 8323 365 254
1243 8324 348 251
1243 8325 335 251
1243 8326 323 250
1243 8327 307 248
1243 8328 293 248
1243 8329 274 247
1243 8330 261 246
1300 9560 479 266
1300 9561 472 265
1300 9562 463 265
1300 9563 447 263
1300 9564 431 262
1300 9565 419 260
1300 9566 406 260
1300 9567 390 258
1300 9568 375 257
1300 9569 359 256
1300 9570 344 255
1300 9571 329 251
1300 9572 315 250
1300 9573 303 250
1300 9574 292 250
1300 9575 288 250
1317 9800 485 263
1317 9801 478 262
1317 9802 469 261
1317 9803 454 261
1317 9804 443 260
1317 9805 431 260
1317 9806 417 257
1317 9807 404 256
1317 9808 389 256
1317 9809 376 255
1317 9810 367 254
1317 9811 356 253
1317 9812 344 252
1317 9813 334 252
1317 9814 325 250
1317 9815 315 249
1317 9816 308 251
1317 9817 303 250
1317 9818 295 248
1317 9819 287 249
1317 9820 279 248
1317 9821 273 248
1317 9822 266 248
1317 9823 259 248
1317 9824 254 248
1317 9825 248 249
1317 9826 241 249
1317 9827 233 250
1317 9828 228 251
1317 9829 223 253
1317 9830 220 252
1317 9831 216 253
1318 9830 199 257
1318 9831 197 257
1318 9832 203 256
1318 9833 198 257
1318 9834 194 258
1318 9835 187 260
1318 9836 181 262
1318 9837 177 264
1318 9838 172 266
1318 9839 166 268
1318 9840 161 270
1318 9841 155 272
1318 9842 150 276
1318 9843 143 278
1318 9844 139 281
1318 9845 134 283
1318 9846 127 285
1318 9847 121 287
1318 9848 114 291
1318 9849 107 294
1318 9850 101 298
1318 9851 96 302
1318 9852 87 303
1318 9853 80 307
1318 9854 72 311
1318 9855 64 314
1318 9856 56 318
1318 9857 48 322
1318 9858 42 325
1318 9859 33 329
1318 9860 26 333
1318 9861 22 338
1318 9862 17 339
1318 9863 13 340
1318 9864 8 344
1318 9865 5 349
1440 10676 225 250
1440 10677 233 251
1440 10678 238 252
1440 10679 237 249
1440 10680 248 250
1440 10681 258 251
1440 10682 270 252
1440 10683 281 253
1440 10684 293 254
1440 10685 302 255
1440 10686 313 256
1440 10687 324 257
1440 10688 338 258
1440 10689 350 259
1440 10690 361 260
1440 10691 375 262
1440 10692 390 263
1440 10693 405 265
1440 10694 418 266
1440 10695 431 266
1440 10696 444 268
1440 10697 456 269
1440 10698 463 270
1440 10699 473 271
1440 10700 479 272
1440 10701 488 271
1441 10677 370 440
1441 10678 371 436
1441 10679 375 438
1441 10680 376 439
1441 10681 380 439
1441 10682 383 443
1441 10683 386 444
1441 10684 388 446
1441 10685 388 447
1441 10686 395 451
1441 10687 397 451
1441 10688 400 453
1441 10689 404 455
1441 10690 406 457
1441 10691 408 458
1441 10692 411 459
1441 10693 417 461
1441 10694 419 463
1441 10695 423 466
1441 10696 427 464
1441 10697 431 465
1441 10698 433 466
1441 10699 438 467
1441 10700 442 468
1441 10701 447 469
1441 10702 451 470
1441 10703 454 471
1441 10704 456 471
1441 10705 461 473
1441 10706 465 473
1441 10707 473 475
1441 10708 478 475
1441 10709 482 476
1467 10737 219 256
1467 10738 217 257
1467 10739 214 259
1467 10740 206 260
1467 10741 203 260
1467 10742 198 261
1467 10743 194 262
1467 10744 189 263
1467 10745 184 264
1467 10746 180 266
1467 10747 176 267
1467 10748 173 266
1467 10749 168 270
1467 10750 163 269
1467 10751 160 273
1467 10752 156 274
1467 10753 154 275
1467 10754 150 275
1467 10755 156 273
1467 10756 152 275
1467 10757 155 275
1467 10758 153 277
1467 10759 147 278
1467 10760 142 281
1480 10769 60 302
1480 10770 54 317
1480 10771 49 318
1480 10772 41 320
1480 10773 32 326
1480 10774 24 330
1480 10775 18 333
1480 10776 13 335
1580 11273 249 357
1580 11274 244 353
1580 11275 245 352
1580 11276 245 355
1580 11277 244 356
1580 11278 247 360
1580 11279 250 361
1580 11280 250 362
1580 11281 251 361
1580 11282 253 362
1580 11283 257 362
1580 11284 257 362
1580 11285 259 362
1580 11286 260 364
1580 11287 261 364
1580 11288 263 366
1580 11289 266 368
1580 11290 268 369
1580 11291 269 372
1580 11292 271 371
1580 11293 273 374
1580 11294 274 372
1580 11295 276 375
1580 11296 278 376
1580 11297 279 376
1580 11298 281 377
1580 11299 284 378
1580 11300 288 379
1580 11301 288 382
1580 11302 291 383
1580 11303 292 382
1580 11304 295 384
1580 11305 297 385
1580 11306 299 386
1580 11307 300 386
1580 11308 303 387
1580 11309 309 388
1580 11310 311 391
1580 11311 311 393
1580 11312 313 391
1580 11313 318 393
1580 11314 321 395
1580 11315 321 395
1580 11316 323 394
1582 11285 276 369
1582 11286 276 365
1582 11287 276 360
1582 11288 279 360
1582 11289 283 365
1582 11290 284 363
1582 11291 285 366
1582 11292 287 365
1582 11293 289 367
1582 11294 292 368
1582 11295 294 369
1582 11296 294 371
1582 11297 298 370
1582 11298 303 372
1582 11299 302 373
1582 11300 303 372
1582 11301 307 373
1582 11302 310 378
1582 11303 311 376
1582 11304 313 373
1582 11305 316 371
1582 11306 320 376
1582 11307 320 379
1582 11308 322 380
1582 11309 326 381
1582 11310 328 381
1582 11311 332 384
1582 11312 331 383
1582 11313 334 387
1582 11314 339 383
1582 11315 341 378
1588 11326 351 408
1588 11327 355 411
1588 11328 356 410
1588 11329 361 406
1588 11330 363 412
1588 11331 368 414
1588 11332 376 410
1588 11333 380 412
1588 11334 383 409
1588 11335 385 414
1588 11336 388 416
1588 11337 389 415
1588 11338 395 417
1588 11339 397 421
1588 11340 398 422
1588 11341 400 419
1588 11342 402 421
1588 11343 406 424
1588 11344 410 425
1588 11345 412 426
1588 11346 416 426
1588 11347 418 428
1588 11348 422 431
1588 11349 424 433
1588 11350 426 433
1588 11351 429 435
1588 11352 435 437
1588 11353 434 438
1588 11354 438 439
1588 11355 442 439
1588 11356 445 441
1588 11357 446 444
1588 11358 448 445
1588 11359 450 445
1588 11360 457 445
1588 11361 459 451
1588 11362 463 451
1588 11363 464 451
1588 11364 466 453
1588 11365 472 454
1588 11366 473 457
1588 11367 475 457
1588 11368 478 458
1588 11369 483 459
1588 11370 489 460
1588 11371 490 460
1588 11372 494 461
1588 11373 497 463
1588 11374 500 463
1588 11375 507 464
1588 11376 508 469
1654 12241 173 264
1654 12242 172 260
1654 12243 171 262
1654 12244 169 264
1654 12245 167 265
1654 12246 166 267
1654 12247 163 269
1654 12248 160 270
1654 12249 159 271
1654 12250 155 272
1654 12251 154 274
1654 12252 151 275
1654 12253 149 277
1654 12254 146 277
1654 12255 144 279
1654 12256 140 281
1654 12257 137 283
1654 12258 135 284
1654 12259 131 285
1654 12260 128 287
1654 12261 124 287
1654 12262 119 290
1654 12263 115 292
1654 12264 114 293
1654 12265 110 293
1654 12266 106 296
1654 12267 101 298
1654 12268 97 299
1654 12269 93 301
1654 12270 88 302
1654 12271 83 304
1654 12272 79 306
1654 12273 73 308
1654 12274 67 310
1654 12275 63 311
1654 12276 57 312
1654 12277 51 315
1654 12278 46 318
1654 12279 40 320
1654 12280 33 323
1654 12281 27 324
1654 12282 22 327
1654 12283 17 329
1654 12284 13 331
1654 12285 10 332
1654 12286 7 334
1654 12287 5 342
1670 12330 106 290
1670 12331 111 289
1670 12332 103 292
1670 12333 96 295
1670 12334 89 298
1670 12335 81 301
1670 12336 74 305
1670 12337 67 307
1670 12338 61 310
1670 12339 53 314
1670 12340 44 317
1670 12341 37 320
1670 12342 43 319
1670 12343 38 321