273 252 247 251
273 253 253 253
273 254 266 253
273 255 278 254
273 256 290 255
273 257 304 256
273 258 319 257
273 259 332 259
273 260 345 259
273 261 361 261
273 262 373 260
273 263 388 263
273 264 404 264
273 265 421 266
273 266 435 266
273 267 450 268
273 268 464 269
273 269 472 270
273 270 479 271
489 481 212 402
489 482 213 402
489 483 210 401
489 484 207 405
489 485 205 404
489 486 198 405
489 487 194 404
489 488 191 407
489 489 186 406
489 490 183 411
489 491 177 410
489 492 175 410
489 493 173 414
489 494 167 415
489 495 161 414
489 496 159 415
489 497 156 419
489 498 150 422
489 499 146 422
489 500 143 423
489 501 141 426
489 502 135 428
489 503 130 426
489 504 126 429
489 505 125 426
489 506 121 430
535 505 119 438
535 506 116 440
535 507 117 436
535 508 115 439
535 509 112 441
535 510 105 440
535 511 100 448
535 512 97 445
535 513 96 448
535 514 92 451
535 515 87 453
535 516 86 455
535 517 79 458
535 518 75 456
535 519 72 459
535 520 68 462
535 521 68 464
535 522 62 463
535 523 59 466
535 524 56 467
535 525 51 468
535 526 48 469
567 522 190 466
567 523 189 467
567 524 192 467
567 525 196 467
567 526 200 466
567 527 204 466
567 528 207 465
567 529 210 464
567 530 212 464
567 531 214 461
567 532 221 464
567 533 225 464
567 534 228 463
567 535 231 460
567 536 234 462
567 537 237 462
567 538 240 460
567 539 246 455
567 540 246 455
567 541 252 459
567 542 257 458
567 543 259 456
567 544 261 452
567 545 263 456
567 546 271 458
567 547 275 454
567 548 276 452
567 549 276 453
567 550 284 455
567 551 287 453
567 552 285 447
567 553 290 447
567 554 290 445
567 555 295 444
567 556 297 445
567 557 305 445
567 558 302 444
567 559 309 440
567 560 311 442
567 561 311 443
567 562 314 439
567 563 321 439
567 564 323 442
567 565 322 437
567 566 324 440
567 567 328 438
567 568 333 438
567 569 335 437
567 570 338 438
567 571 337 436
567 572 343 438
567 573 348 434
567 574 351 436
567 575 353 436
721 631 190 354
721 632 193 350
721 633 192 350
721 634 192 347
721 635 188 347
721 636 187 343
721 637 185 345
721 638 182 344
721 639 178 343
721 640 177 341
721 641 177 341
721 642 175 340
721 643 173 338
721 644 173 337
721 645 171 337
721 646 169 337
721 647 167 331
721 648 164 333
721 649 161 330
721 650 160 333
721 651 159 332
721 652 157 328
721 653 155 327
721 654 153 330
721 655 151 328
721 656 148 329
721 657 146 328
721 658 145 325
721 659 143 326
721 660 141 324
721 661 140 325
721 662 138 323
721 663 136 323
721 664 136 322
721 665 132 321
721 666 129 317
721 667 128 323
721 668 125 321
914 918 361 264
914 919 361 262
914 920 372 263
914 921 378 263
914 922 386 264
914 923 396 265
914 924 405 266
914 925 413 267
914 926 416 272
914 927 412 271
914 928 420 272
914 929 419 267
914 930 425 268
914 931 435 268
914 932 443 269
914 933 448 271
914 934 457 271
914 935 467 272
914 936 474 274
914 937 477 269
914 938 484 266
1078 1192 230 255
1078 1193 232 255
1078 1194 234 253
1078 1195 235 253
1078 1196 236 254
1078 1197 239 257
1078 1198 239 255
1078 1199 241 257
1078 1200 244 252
1078 1201 245 255
1078 1202 246 254
1078 1203 247 257
1078 1204 249 258
1078 1205 251 254
1078 1206 252 254
1078 1207 253 256
1078 1208 256 257
1078 1209 257 255
1078 1210 258 253
1078 1211 259 258
1078 1212 261 257
1078 1213 263 253
1078 1214 265 256
1078 1215 267 256
1078 1216 268 257
1078 1217 269 254
1078 1218 271 255
1078 1219 273 259
1078 1220 275 255
1078 1221 277 254
1078 1222 278 254
1078 1223 279 255
1078 1224 281 257
1078 1225 282 258
1078 1226 284 256
1078 1227 286 255
1078 1228 287 258
1078 1229 290 255
1078 1230 292 255
1078 1231 293 256
1078 1232 295 256
1078 1233 296 256
1078 1234 301 259
1078 1235 300 255
1078 1236 301 258
1078 1237 303 259
1078 1238 304 259
1078 1239 307 254
1078 1240 310 254
1078 1241 309 257
1078 1242 309 253
1078 1243 307 254
1078 1244 317 256
1078 1245 317 256
1078 1246 316 256
1078 1247 319 256
1078 1248 322 256
1078 1249 323 255
1078 1250 324 259
1078 1251 325 260
1078 1252 327 259
1078 1253 329 257
1078 1254 331 258
1078 1255 332 260
1078 1256 335 256
1078 1257 336 256
1078 1258 338 260
1078 1259 341 257
1078 1260 340 260
1078 1261 344 256
1078 1262 348 256
1078 1263 350 257
1078 1264 349 257
1078 1265 351 256
1078 1266 352 256
1078 1267 354 256
1078 1268 356 258
1078 1269 355 255
1078 1270 358 253
1078 1271 361 257
1078 1272 360 253
1078 1273 362 254
1078 1274 363 254
1078 1275 365 252
1078 1276 367 253
1078 1277 368 255
1078 1278 370 255
1078 1279 371 253
1078 1280 371 252
1078 1281 373 252
1078 1282 374 252
1078 1283 374 251
1078 1284 376 252
1078 1285 378 251
1078 1286 379 251
1078 1287 380 251
1078 1288 381 251
1078 1289 382 250
1078 1290 383 249
1512 1657 487 266
1512 1658 481 264
1512 1659 472 263
1512 1660 459 264
1512 1661 446 262
1512 1662 431 260
1512 1663 416 259
1512 1664 399 258
1512 1665 386 257
1512 1666 373 256
1512 1667 358 255
1512 1668 346 254
1512 1669 334 253
1512 1670 319 252
1512 1671 306 251
1512 1672 296 249
1512 1673 285 249
1512 1674 272 248
1512 1675 259 247
1512 1676 253 246
1512 1677 245 247
1885 2047 88 288
1885 2048 91 291
1885 2049 92 293
1885 2050 90 294
1885 2051 87 297
1885 2052 82 301
1885 2053 77 301
1885 2054 74 305
1885 2055 68 305
1885 2056 65 308
1885 2057 62 309
1885 2058 54 309
1885 2059 49 312
1885 2060 47 314
1885 2061 42 315
1885 2062 39 321
1885 2063 33 320
1885 2064 29 324
1885 2065 25 325
1885 2066 24 327
1885 2067 20 331
1885 2068 10 333
1885 2069 8 333
1885 2070 5 336
1885 2071 3 340
1967 2093 31 474
1967 2094 34 473
1967 2095 36 472
1967 2096 40 472
1967 2097 40 471
1967 2098 48 470
1967 2099 52 469
1967 2100 55 468
1967 2101 57 467
1967 2102 58 465
1967 2103 60 462
1967 2104 62 459
1967 2105 64 458
1967 2106 65 455
1967 2107 66 452
1967 2108 67 451
1967 2109 69 451
1967 2110 71 449
1967 2111 69 444
1967 2112 70 443
1967 2113 72 440
1967 2114 72 438
1967 2115 73 435
1967 2116 75 434
1967 2117 75 431
1967 2118 76 429
1967 2119 77 427
1967 2120 78 426
1967 2121 79 424
1967 2122 80 422
1967 2123 81 419
1967 2124 81 418
1967 2125 83 416
1967 2126 85 418
1967 2127 84 418
1967 2128 86 412
1967 2129 87 410
1967 2130 88 408
1967 2131 89 407
1967 2132 91 405
1967 2133 91 403
1967 2134 92 402
1967 2135 93 400
1967 2136 95 398
1967 2137 96 397
1967 2138 98 397
1967 2139 97 393
1967 2140 99 394
1967 2141 98 389
1967 2142 99 388
1967 2143 100 387
1967 2144 100 386
1967 2145 102 384
1967 2146 103 383
1967 2147 105 383
1967 2148 103 378
1967 2149 105 378
1967 2150 106 377
1967 2151 106 376
1967 2152 108 374
1967 2153 109 373
1967 2154 110 371
1967 2155 111 371
1967 2156 112 370
1967 2157 114 368
1967 2158 115 370
1967 2159 117 370
1967 2160 118 365
1967 2161 120 363
1967 2162 121 362
2022 2125 559 356
2022 2126 557 352
2022 2127 555 353
2022 2128 553 351
2022 2129 549 350
2022 2130 546 349
2022 2131 545 348
2022 2132 542 346
2022 2133 539 346
2022 2134 536 351
2022 2135 532 345
2022 2136 531 344
2022 2137 528 343
2022 2138 525 341
2022 2139 520 347
2022 2140 517 344
2022 2141 515 339
2022 2142 512 338
2022 2143 509 338
2022 2144 506 338
2022 2145 504 337
2022 2146 501 337
2022 2147 497 338
2022 2148 493 336
2022 2149 489 335
2022 2150 487 333
2022 2151 484 333
2022 2152 482 332
2022 2153 478 332
2022 2154 475 332
2022 2155 472 329
2022 2156 469 328
2022 2157 467 326
2022 2158 464 327
2022 2159 461 327
2022 2160 459 325
2022 2161 457 327
2022 2162 454 325
2022 2163 451 323
2022 2164 449 323
2022 2165 447 324
2022 2166 445 324
2022 2167 442 321
2022 2168 440 321
2022 2169 437 325
2022 2170 436 328
2061 2150 129 274
2061 2151 135 270
2061 2152 132 271
2061 2153 129 273
2061 2154 124 276
2061 2155 115 278
2061 2156 112 280
2061 2157 113 281
2061 2158 110 283
2061 2159 106 284
2061 2160 103 286
2061 2161 99 288
2061 2162 94 290
2061 2163 90 292
2061 2164 86 294
2061 2165 81 296
2061 2166 77 298
2061 2167 72 301
2061 2168 67 303
2061 2169 61 306
2061 2170 57 307
2061 2171 53 311
2061 2172 48 313
2061 2173 42 317
2061 2174 37 319
2061 2175 32 322
2061 2176 27 326
2061 2177 23 326
2061 2178 20 330
2061 2179 18 333
2061 2180 14 333
2061 2181 13 334
2061 2182 10 335
2061 2183 8 337
2061 2184 6 339
2061 2185 3 338
2150 2223 106 288
2150 2224 109 288
2150 2225 103 289
2150 2226 103 286
2150 2227 97 291
2150 2228 93 292
2150 2229 88 297
2150 2230 82 299
2150 2231 84 296
2150 2232 85 297
2150 2233 95 300
2150 2234 95 289
2150 2235 92 293
2150 2236 88 293
2150 2237 84 294
2150 2238 83 296
2150 2239 79 298
2150 2240 76 299
2150 2241 73 302
2150 2242 70 303
2150 2243 67 305
2150 2244 64 306
2150 2245 59 307
2150 2246 58 311
2150 2247 54 312
2150 2248 51 313
2150 2249 48 315
2150 2250 44 317
2150 2251 42 320
2150 2252 38 320
2150 2253 35 323
2150 2254 31 325
2150 2255 27 326
2150 2256 24 330
2150 2257 20 332
2150 2258 16 333
2150 2259 13 335
2150 2260 9 337
2162 2231 242 475
2162 2232 244 473
2162 2233 245 473
2162 2234 249 472
2162 2235 251 471
2162 2236 253 470
2162 2237 255 469
2162 2238 255 469
2162 2239 258 467
2162 2240 260 466
2162 2241 260 465
2162 2242 262 464
2162 2243 264 462
2162 2244 265 459
2162 2245 266 458
2162 2246 267 456
2162 2247 270 454
2162 2248 273 458
2162 2249 271 452
2162 2250 273 451
2162 2251 275 449
2162 2252 276 448
2162 2253 277 446
2162 2254 279 444
2162 2255 282 446
2162 2256 282 445
2162 2257 282 439
2162 2258 283 438
2162 2259 283 432
2162 2260 283 431
2162 2261 278 434
2162 2262 283 431
2162 2263 286 443
2162 2264 285 427
2162 2265 287 427
2162 2266 288 426
2162 2267 291 421
2162 2268 291 424
2162 2269 293 423
2162 2270 294 418
2162 2271 296 421
2162 2272 297 420
2162 2273 300 417
2162 2274 301 415
2162 2275 304 414
2162 2276 304 413
2162 2277 305 414
2162 2278 305 402
2162 2279 307 406
2162 2280 307 404
2162 2281 309 404
2543 2527 239 463
2543 2528 242 461
2543 2529 259 459
2543 2530 261 458
2543 2531 263 454
2543 2532 265 455
2543 2533 269 452
2543 2534 273 453
2543 2535 275 452
2543 2536 280 451
2543 2537 277 446
2543 2538 275 440
2543 2539 280 438
2543 2540 281 445
2543 2541 279 440
2543 2542 285 446
2543 2543 287 446
2543 2544 291 454
2543 2545 302 459
2574 2543 414 260
2574 2544 416 258
2574 2545 405 258
2574 2546 395 256
2574 2547 390 256
2574 2548 381 254
2574 2549 372 253
2574 2550 362 254
2574 2551 356 253
2574 2552 348 252
2574 2553 339 252
2574 2554 331 251
2574 2555 322 250
2574 2556 315 249
2574 2557 309 250
2574 2558 301 249
2574 2559 294 248
2574 2560 286 247
2574 2561 280 247
2574 2562 273 246
2574 2563 269 246
2574 2564 262 246
2574 2565 257 246
2581 2551 326 443
2581 2552 328 441
2581 2553 328 436
2581 2554 327 433
2581 2555 330 433
2581 2556 332 430
2581 2557 336 430
2581 2558 339 434
2581 2559 342 431
2581 2560 345 427
2581 2561 347 427
2581 2562 351 427
2581 2563 356 430
2581 2564 358 427
2581 2565 360 425
2581 2566 363 424
2581 2567 367 427
2581 2568 370 425
2581 2569 372 428
2581 2570 375 423
2581 2571 378 422
2581 2572 381 423
2581 2573 383 420
2581 2574 387 423
2581 2575 391 423
2581 2576 392 418
2581 2577 392 417
2581 2578 395 416
2581 2579 397 421
2581 2580 402 414
2581 2581 404 414
2581 2582 408 412
2581 2583 408 414
2581 2584 411 411
2581 2585 414 410
2830 2928 531 423
2830 2929 530 427
2830 2930 528 431
2830 2931 526 432
2830 2932 523 434
2830 2933 521 436
2830 2934 519 435
2830 2935 516 435
2830 2936 514 436
2830 2937 513 443
2830 2938 511 443
2830 2939 507 446
2830 2940 505 449
2830 2941 503 452
2830 2942 500 449
2830 2943 498 449
2830 2944 496 452
2830 2945 495 455
2830 2946 493 458
2830 2947 489 462
2830 2948 488 464
2830 2949 485 466
2830 2950 483 463
2830 2951 480 464
2830 2952 480 468
2830 2953 477 470
2879 2982 282 303
2879 2983 281 302
2879 2984 278 309
2879 2985 278 303
2879 2986 275 308
2879 2987 274 310
2879 2988 271 311
2879 2989 269 310
2879 2990 269 312
2879 2991 267 313
2879 2992 266 308
2879 2993 263 314
2879 2994 261 315
2879 2995 259 316
2879 2996 257 311
2879 2997 255 316
2879 2998 254 318
2879 2999 252 318
2879 3000 249 318
2879 3001 247 319
2879 3002 244 320
2879 3003 242 321
2879 3004 240 321
2879 3005 239 321
2879 3006 237 322
2879 3007 236 322
2879 3008 232 324
2879 3009 230 326
2879 3010 229 321
2879 3011 227 324
2879 3012 224 327
2879 3013 223 327
2879 3014 222 329
2879 3015 220 329
2879 3016 216 325
2879 3017 214 332
2879 3018 212 330
2879 3019 211 330
2879 3020 209 328
2879 3021 207 334
2879 3022 206 336
2879 3023 206 340
3009 3062 107 382
3009 3063 104 383
3009 3064 101 379
3009 3065 98 385
3009 3066 93 384
3009 3067 90 382
3009 3068 91 387
3009 3069 88 387
3009 3070 83 385
3009 3071 80 391
3009 3072 75 388
3009 3073 74 387
3009 3074 72 389
3009 3075 69 395
3009 3076 68 397
3009 3077 64 397
3009 3078 58 393
3009 3079 56 400
3009 3080 52 397
3009 3081 50 403
3009 3082 45 405
3009 3083 41 402
3009 3084 38 401
3009 3085 38 409
3009 3086 35 409
3066 3096 477 251
3066 3097 475 252
3066 3098 490 266
3066 3099 486 264
3066 3100 482 263
3066 3101 474 259
3066 3102 465 262
3066 3103 461 261
3066 3104 451 260
3066 3105 443 260
3066 3106 430 262
3066 3107 421 260
3066 3108 413 259
3066 3109 400 258
3066 3110 389 257
3066 3111 380 256
3066 3112 371 255
3066 3113 359 252
3066 3114 349 252
3066 3115 356 254
3681 4259 182 260
3681 4260 179 262
3681 4261 176 261
3681 4262 173 261
3681 4263 171 265
3681 4264 166 265
3681 4265 161 267
3681 4266 159 266
3681 4267 158 266
3681 4268 154 266
3681 4269 151 270
3681 4270 147 272
3681 4271 144 273
3681 4272 140 275
3681 4273 135 276
3681 4274 135 277
3681 4275 130 277
3681 4276 129 280
3681 4277 124 282
3681 4278 120 283
3681 4279 117 284
3681 4280 113 283
3681 4281 109 288
3681 4282 106 290
3681 4283 102 291
3681 4284 97 293
3681 4285 95 295
3681 4286 91 297
3681 4287 87 300
3681 4288 83 301
3681 4289 80 302
3681 4290 77 304
4067 4678 350 259
4067 4679 349 259
4067 4680 354 260
4067 4681 362 260
4067 4682 369 261
4067 4683 373 261
4067 4684 376 262
4067 4685 383 262
4067 4686 386 262
4067 4687 393 263
4067 4688 400 264
4067 4689 410 264
4067 4690 413 265
4067 4691 420 265
4067 4692 426 265
4067 4693 433 266
4067 4694 439 266
4067 4695 447 267
4067 4696 456 265
4067 4697 463 266
4067 4698 469 266
4067 4699 476 267
4067 4700 469 270
4067 4701 466 270
4067 4702 473 271
4067 4703 482 272
4067 4704 487 266
4273 4924 168 267
4273 4925 166 268
4273 4926 162 268
4273 4927 162 269
4273 4928 161 271
4273 4929 158 271
4273 4930 159 272
4273 4931 159 274
4273 4932 154 275
4273 4933 154 275
4273 4934 150 275
4273 4935 150 277
4273 4936 148 278
4273 4937 145 280
4273 4938 142 280
4273 4939 141 282
4273 4940 136 283
4273 4941 134 283
4273 4942 131 285
4273 4943 128 285
4273 4944 126 287
4273 4945 120 286
4273 4946 117 290
4273 4947 113 290
4273 4948 112 291
4273 4949 110 293
4273 4950 106 293
4273 4951 102 296
4273 4952 97 299
4273 4953 94 300
4273 4954 92 301
4273 4955 88 302
4273 4956 83 304
4273 4957 83 306
4273 4958 78 307
4273 4959 73 309
4273 4960 72 310
4273 4961 69 312
4273 4962 65 314
4273 4963 63 314
4273 4964 58 316
4273 4965 52 316
4273 4966 50 319
4273 4967 49 321
4273 4968 46 322
4273 4969 39 324
4273 4970 40 324
4273 4971 34 327
4273 4972 32 327
4273 4973 26 330
4273 4974 23 332
4273 4975 20 332
4273 4976 17 335
4273 4977 12 336
4273 4978 11 338
4273 4979 10 339
4273 4980 5 343
4273 4981 5 344
4468 5305 452 265
4468 5306 447 266
4468 5307 423 261
4468 5308 404 261
4468 5309 386 259
4468 5310 363 257
4468 5311 341 256
4468 5312 324 254
4468 5313 306 253
4468 5314 285 250
4468 5315 266 249
4468 5316 250 248
4468 5317 234 246
4733 5607 72 309
4733 5608 70 314
4733 5609 64 317
4733 5610 58 320
4733 5611 51 323
4733 5612 47 325
4733 5613 40 327
4733 5614 34 332
4733 5615 28 334
4733 5616 22 337
4733 5617 14 341
4733 5618 8 345
4736 5610 84 310
4736 5611 82 306
4736 5612 77 309
4736 5613 73 313
4736 5614 67 317
4736 5615 60 317
4736 5616 56 321
4736 5617 49 323
4736 5618 41 326
4736 5619 35 329
4736 5620 29 333
4736 5621 24 337
4736 5622 16 340
4736 5623 8 342
4736 5624 4 347
4908 5702 485 266
4908 5703 480 265
4908 5704 470 264
4908 5705 461 265
4908 5706 449 264
4908 5707 434 263
4908 5708 421 260
4908 5709 406 260
4908 5710 390 258
4908 5711 378 256
4908 5712 365 256
4908 5713 352 254
4908 5714 340 254
4908 5715 328 254
4908 5716 316 253
4908 5717 304 251
4908 5718 289 249
4908 5719 294 249
4908 5720 283 251
4908 5721 271 251
4994 5851 552 346
4994 5852 550 341
4994 5853 548 347
4994 5854 546 345
4994 5855 545 342
4994 5856 545 340
4994 5857 543 342
4994 5858 541 340
4994 5859 540 339
4994 5860 538 339
4994 5861 539 337
4994 5862 535 340
4994 5863 533 340
4994 5864 531 339
4994 5865 529 336
4994 5866 529 338
4994 5867 527 338
4994 5868 525 339
4994 5869 523 336
4994 5870 521 339
4994 5871 519 338
4994 5872 518 335
4994 5873 516 339
4994 5874 513 341
4994 5875 512 338
4994 5876 510 337
4994 5877 508 338
4994 5878 506 339
4994 5879 503 338
4994 5880 502 337
4994 5881 500 336
4994 5882 498 337
4994 5883 496 337
4994 5884 494 335
4994 5885 491 336
4994 5886 490 333
4994 5887 489 335
4994 5888 488 335
4994 5889 486 335
4994 5890 484 334
4994 5891 483 336
4994 5892 482 334
4994 5893 480 334
4994 5894 478 334
4994 5895 476 334
4994 5896 474 333
4994 5897 473 332
4994 5898 471 331
4994 5899 470 332
4994 5900 469 332
4994 5901 467 331
4994 5902 465 330
4994 5903 465 330
4994 5904 463 329
4994 5905 463 330
4994 5906 461 329
4994 5907 459 324
4994 5908 460 325
4994 5909 459 327
4994 5910 458 323
4994 5911 457 327
4994 5912 455 326
4994 5913 453 325
4994 5914 452 321
4994 5915 451 321
4994 5916 451 322
4994 5917 450 322
4994 5918 450 321
4994 5919 449 320
4994 5920 446 318
4994 5921 448 318
4994 5922 446 318
4994 5923 445 321
4994 5924 444 322
4994 5925 442 320
4994 5926 440 320
4994 5927 439 316
4994 5928 438 319
5045 5897 139 290
5045 5898 134 291
5045 5899 132 292
5045 5900 130 295
5045 5901 124 296
5045 5902 119 298
5045 5903 113 300
5045 5904 102 299
5045 5905 101 303
5045 5906 95 305
5045 5907 90 308
5045 5908 86 307
5045 5909 77 308
5045 5910 73 310
5045 5911 66 311
5045 5912 81 300
5277 6188 452 260
5277 6189 447 262
5277 6190 446 260
5277 6191 444 260
5277 6192 442 259
5277 6193 439 259
5277 6194 434 259
5277 6195 430 259
5277 6196 426 260
5277 6197 420 259
5277 6198 414 259
5277 6199 408 261
5277 6200 401 257
5277 6201 395 259
5277 6202 388 258
5277 6203 382 258
5277 6204 376 257
5277 6205 368 257
5277 6206 361 257
5277 6207 356 256
5277 6208 351 256
5277 6209 344 256
5277 6210 339 255
5277 6211 335 254
5277 6212 329 255
5277 6213 322 254
5277 6214 317 254
5277 6215 309 254
5277 6216 305 254
5277 6217 297 254
5277 6218 292 252
5277 6219 285 250
5277 6220 281 250
5277 6221 273 249
5277 6222 266 250
5277 6223 261 248
5277 6224 256 248
5277 6225 252 248
5277 6226 248 247
5304 6234 601 401
5304 6235 596 402
5304 6236 596 396
5304 6237 595 394
5304 6238 591 396
5304 6239 588 395
5304 6240 587 394
5304 6241 582 393
5304 6242 578 393
5304 6243 577 390
5304 6244 574 389
5304 6245 568 392
5304 6246 565 392
5304 6247 565 391
5304 6248 563 387
5304 6249 558 386
5304 6250 556 386
5304 6251 554 382
5304 6252 549 380
5304 6253 548 379
5304 6254 544 379
5304 6255 541 379
5304 6256 537 377
5304 6257 536 373
5304 6258 533 377
5304 6259 529 373
5304 6260 525 375
5304 6261 524 374
5324 6263 515 374
5324 6264 516 369
5324 6265 514 367
5324 6266 509 371
5324 6267 505 368
5324 6268 505 365
5324 6269 504 362
5324 6270 496 368
5324 6271 497 358
5324 6272 494 361
5324 6273 492 360
5324 6274 486 358
5324 6275 485 361
5324 6276 486 352
5324 6277 482 358
5324 6278 476 358
5324 6279 476 356
5324 6280 471 360
5324 6281 466 358
5324 6282 466 355
5324 6283 465 351
5324 6284 461 352
5324 6285 459 350
5324 6286 458 349
5324 6287 455 352
5324 6288 453 348
5324 6289 449 349
5324 6290 447 347
5324 6291 446 344
5324 6292 443 345
5324 6293 440 343
5324 6294 440 340
5324 6295 435 342
5324 6296 431 343
5324 6297 430 342
5324 6298 430 337
5324 6299 426 339
5324 6300 423 340
5324 6301 423 335
5324 6302 419 336
5324 6303 416 335
5324 6304 415 336
5670 6489 24 427
5670 6490 27 431
5670 6491 30 433
5670 6492 32 431
5670 6493 35 432
5670 6494 38 433
5670 6495 41 432
5670 6496 41 429
5670 6497 44 428
5670 6498 47 431
5670 6499 50 430
5670 6500 51 428
5670 6501 54 427
5670 6502 55 429
5670 6503 58 427
5670 6504 60 426
5670 6505 63 426
5670 6506 64 426
5670 6507 69 426
5670 6508 72 427
5670 6509 72 423
5670 6510 75 423
5670 6511 79 424
5670 6512 82 424
5670 6513 84 421
5670 6514 84 418
5670 6515 87 420
5670 6516 91 419
5670 6517 92 418
5670 6518 94 417
5670 6519 97 418
5670 6520 101 418
5670 6521 103 416
5670 6522 105 414
5670 6523 106 415
5670 6524 109 414
5670 6525 110 411
5670 6526 112 411
5670 6527 116 411
5670 6528 117 411
5670 6529 118 408
5670 6530 116 402
5993 7045 484 268
5993 7046 483 268
5993 7047 468 265
5993 7048 462 264
5993 7049 453 263
5993 7050 441 264
5993 7051 429 262
5993 7052 419 258
5993 7053 410 265
5993 7054 402 259
5993 7055 395 259
5993 7056 384 258
5993 7057 371 253
5993 7058 361 257
5993 7059 359 255
6004 7058 4 356
6004 7059 4 354
6004 7060 6 353
6004 7061 9 351
6004 7062 12 349
6004 7063 12 347
6004 7064 15 346
6004 7065 16 345
6004 7066 20 343
6004 7067 25 342
6004 7068 27 340
6004 7069 28 339
6004 7070 32 337
6004 7071 34 336
6004 7072 36 335
6004 7073 39 334
6004 7074 41 332
6004 7075 44 331
6004 7076 47 330
6004 7077 50 329
6004 7078 56 327
6004 7079 58 325
6004 7080 64 323
6004 7081 66 322
6004 7082 69 321
6004 7083 72 319
6004 7084 74 318
6004 7085 76 318
6004 7086 78 317
6004 7087 79 314
6004 7088 83 313
6004 7089 88 312
6004 7090 89 310
6004 7091 93 310
6004 7092 96 309
6004 7093 97 307
6004 7094 99 307
6004 7095 101 306
6004 7096 103 304
6004 7097 104 304
6004 7098 107 303
6004 7099 108 302
6004 7100 110 301
6004 7101 112 300
6004 7102 113 299
6004 7103 115 298
6004 7104 116 297
6004 7105 118 296
6004 7106 120 295
6004 7107 121 295
6004 7108 122 294
6004 7109 124 294
6004 7110 125 293
6004 7111 126 293
6004 7112 127 291
6004 7113 129 291
6298 7255 371 260
6298 7256 375 260
6298 7257 383 261
6298 7258 393 262
6298 7259 404 263
6298 7260 420 264
6298 7261 433 265
6298 7262 438 265
6298 7263 450 266
6298 7264 463 268
6298 7265 469 268
6298 7266 474 270
6298 7267 481 271
6298 7268 488 273
6401 7331 150 407
6401 7332 147 408
6401 7333 144 410
6401 7334 142 408
6401 7335 140 413
6401 7336 138 409
6401 7337 138 411
6401 7338 133 413
6401 7339 135 416
6401 7340 134 417
6401 7341 131 418
6401 7342 129 417
6401 7343 127 421
6401 7344 125 421
6401 7345 124 421
6401 7346 123 424
6401 7347 122 426
6401 7348 121 427
6401 7349 121 429
6401 7350 117 430
6401 7351 115 431
6401 7352 116 433
6401 7353 117 436
6401 7354 113 439
6401 7355 110 437
6401 7356 107 443
6401 7357 110 443
6401 7358 108 443
6401 7359 106 443
6401 7360 105 445
6401 7361 103 451
6401 7362 101 446
6465 7419 304 256
6465 7420 312 256
6465 7421 326 257
6465 7422 342 258
6465 7423 361 261
6465 7424 380 262
6465 7425 402 264
6465 7426 425 266
6465 7427 442 266
6465 7428 459 268
6465 7429 469 270
6465 7430 480 271
6573 7589 336 250
6573 7590 357 251
6573 7591 365 251
6573 7592 376 252
6573 7593 388 253
6573 7594 400 252
6573 7595 409 255
6573 7596 419 256
6573 7597 430 257
6573 7598 435 258
6573 7599 448 259
6573 7600 456 259
6573 7601 467 259
6573 7602 476 257
6573 7603 478 262
6573 7604 483 263
6573 7605 495 250
6776 7757 325 258
6776 7758 334 260
6776 7759 345 260
6776 7760 357 261
6776 7761 367 262
6776 7762 377 262
6776 7763 388 264
6776 7764 400 264
6776 7765 412 265
6776 7766 420 266
6776 7767 429 267
6776 7768 441 268
6776 7769 450 269
6776 7770 461 269
6776 7771 468 270
6776 7772 470 271
6779 7764 255 246
6779 7765 241 250
6779 7766 235 250
6779 7767 244 250
6779 7768 254 251
6779 7769 262 251
6779 7770 271 253
6779 7771 282 254
6779 7772 290 254
6779 7773 299 255
6779 7774 309 257
6779 7775 320 257
6779 7776 329 258
6779 7777 337 258
6779 7778 348 258
6779 7779 359 260
6779 7780 366 259
6779 7781 375 260
6779 7782 386 262
6779 7783 396 263
6779 7784 407 265
6779 7785 416 265
6779 7786 423 265
6779 7787 435 267
6779 7788 442 267
6779 7789 451 270
6779 7790 461 269
6779 7791 466 271
6779 7792 489 276
7367 8437 153 247
7367 8438 158 248
7367 8439 161 251
7367 8440 165 256
7367 8441 162 262
7367 8442 159 264
7367 8443 154 267
7367 8444 149 271
7367 8445 142 274
7367 8446 138 278
7367 8447 131 282
7367 8448 121 287
7367 8449 113 291
7367 8450 108 294
7367 8451 98 299
7367 8452 92 302
7367 8453 86 304
7367 8454 80 308
7367 8455 71 313
7367 8456 64 316
7367 8457 57 319
7367 8458 52 321
7367 8459 45 325
7367 8460 40 328
7367 8461 32 330
7367 8462 25 334
7367 8463 21 338
7367 8464 18 340
7367 8465 14 343
7367 8466 12 342
7367 8467 9 342
7367 8468 6 345
7367 8469 3 344
7589 8670 171 264
7589 8671 170 262
7589 8672 167 266
7589 8673 165 266
7589 8674 162 267
7589 8675 159 268
7589 8676 157 268
7589 8677 154 270
7589 8678 149 270
7589 8679 147 272
7589 8680 144 273
7589 8681 140 274
7589 8682 140 273
7589 8683 136 276
7589 8684 134 277
7589 8685 128 277
7589 8686 129 279
7589 8687 126 280
7589 8688 123 281
7589 8689 120 282
7589 8690 117 282
7589 8691 115 283
7589 8692 114 284
7589 8693 111 285
7589 8694 106 286
7589 8695 104 287
7589 8696 105 289
7589 8697 103 290
7589 8698 98 291
7589 8699 96 292
7589 8700 94 293
7589 8701 92 293
7589 8702 90 294
7589 8703 89 296
7589 8704 86 297
7589 8705 83 296
7589 8706 81 298
7707 8736 68 305
7707 8737 65 306
7707 8738 57 306
7707 8739 53 311
7707 8740 52 313
7707 8741 47 314
7707 8742 42 315
7707 8743 38 319
7707 8744 32 321
7707 8745 27 323
7707 8746 22 322
7707 8747 18 328
7707 8748 15 326
7707 8749 12 330
7707 8750 10 332
7707 8751 10 329
7779 8846 531 367
7779 8847 528 368
7779 8848 526 372
7779 8849 524 379
7779 8850 522 373
7779 8851 520 374
7779 8852 516 376
7779 8853 515 376
7779 8854 513 375
7779 8855 510 378
7779 8856 506 379
7779 8857 499 380
7779 8858 493 382
7779 8859 488 384
7779 8860 486 384
7779 8861 484 385
7779 8862 479 386
7779 8863 477 388
7779 8864 475 385
7779 8865 471 390
7779 8866 468 390
7779 8867 466 392
7779 8868 464 392
7779 8869 459 394
7779 8870 457 393
7779 8871 456 394
7779 8872 452 396
7779 8873 448 398
7779 8874 446 398
7779 8875 443 397
7779 8876 438 400
7779 8877 436 402
7779 8878 433 400
7779 8879 431 403
7779 8880 427 405
7779 8881 424 405
7779 8882 422 403
7779 8883 418 407
7779 8884 414 409
7779 8885 412 408
7779 8886 410 407
7779 8887 406 412
7779 8888 403 414
7779 8889 398 414
7779 8890 392 423
7779 8891 391 417
7779 8892 390 418
7779 8893 387 417
7779 8894 383 421
7779 8895 380 422
7779 8896 376 421
7779 8897 373 423
7779 8898 367 425
7779 8899 365 425
7779 8900 364 423
7779 8901 357 428
7779 8902 353 430
7779 8903 352 431
7779 8904 349 431
7779 8905 340 433
7779 8906 338 434
7779 8907 337 433
7779 8908 337 438
7779 8909 335 436
7779 8910 332 435
7832 8945 66 324
7832 8946 72 325
7832 8947 76 323
7832 8948 81 319
7832 8949 84 316
7832 8950 88 317
7832 8951 90 312
7832 8952 94 310
7832 8953 99 310
7832 8954 102 311
7832 8955 105 308
7832 8956 109 307
7832 8957 113 305
7832 8958 115 299
7832 8959 118 294
7832 8960 122 300
7832 8961 126 297
7881 8995 404 357
7881 8996 404 364
7881 8997 405 364
7881 8998 409 362
7881 8999 410 365
7881 9000 415 367
7881 9001 416 368
7881 9002 419 366
7881 9003 422 363
7881 9004 424 369
7881 9005 427 370
7881 9006 428 368
7881 9007 433 371
7881 9008 437 373
7881 9009 440 371
7881 9010 446 375
7881 9011 451 374
7881 9012 454 376
7881 9013 459 377
7881 9014 462 375
7881 9015 467 377
7881 9016 470 380
7881 9017 473 379
7881 9018 475 378
7881 9019 477 381
7881 9020 481 383
7926 9041 535 411
7926 9042 539 406
7926 9043 541 413
7926 9044 546 415
7926 9045 548 413
7926 9046 551 416
7926 9047 555 417
7926 9048 559 416
7926 9049 563 419
7926 9050 569 412
7926 9051 570 422
7926 9052 572 419
7926 9053 575 422
7926 9054 578 423
7926 9055 584 420
7926 9056 585 420
7926 9057 590 424
7926 9058 594 422
7926 9059 595 422
7926 9060 598 421
7926 9061 599 423
7926 9062 605 424
7926 9063 607 421
7926 9064 609 420
7926 9065 611 424
7926 9066 616 424
7926 9067 618 424
7926 9068 621 425
7926 9069 623 420
7926 9070 626 424
7926 9071 629 424
7926 9072 633 422
7926 9073 634 423
7926 9074 635 429
8202 9536 235 249
8202 9537 242 251
8202 9538 238 253
8202 9539 248 252
8202 9540 253 254
8202 9541 258 253
8202 9542 265 254
8202 9543 271 253
8202 9544 278 253
8202 9545 286 254
8202 9546 294 257
8202 9547 300 257
8202 9548 306 257
8202 9549 314 257
8202 9550 321 258
8202 9551 328 258
8202 9552 336 258
8202 9553 344 258
8202 9554 353 260
8202 9555 359 259
8202 9556 354 260
8202 9557 353 267
8288 9654 594 334
8288 9655 594 334
8288 9656 594 335
8288 9657 592 336
8288 9658 591 336
8288 9659 589 336
8288 9660 587 338
8288 9661 586 341
8288 9662 585 342
8288 9663 583 338
8288 9664 581 340
8288 9665 580 343
8288 9666 577 344
8288 9667 574 343
8288 9668 571 346
8288 9669 568 346
8288 9670 565 345
8288 9671 561 348
8288 9672 557 344
8288 9673 554 346
8288 9674 553 349
8288 9675 549 349
8288 9676 547 346
8288 9677 543 350
8288 9678 540 350
8288 9679 538 347
8288 9680 535 350
8288 9681 532 351
8288 9682 530 351
8288 9683 527 349
8288 9684 524 352
8288 9685 522 352
8288 9686 519 352
8288 9687 517 353
8288 9688 513 350
8288 9689 512 354
8288 9690 509 354
8288 9691 508 349
8292 9698 487 356
8292 9699 487 356
8292 9700 484 352
8292 9701 481 357
8292 9702 479 356
8292 9703 476 355
8292 9704 472 357
8292 9705 470 355
8292 9706 468 356
8292 9707 467 356
8292 9708 463 357
8292 9709 460 358
8292 9710 459 357
8292 9711 457 357
8292 9712 454 358
8292 9713 450 359
8292 9714 450 358
8292 9715 448 359
8292 9716 444 361
8292 9717 442 361
8292 9718 438 362
8292 9719 432 363
8292 9720 426 364
8292 9721 422 364
8292 9722 419 365
8292 9723 416 366
8292 9724 414 366
8292 9725 408 367
8292 9726 406 368
8292 9727 405 368
8292 9728 399 370
8292 9729 397 370
8292 9730 395 370
8292 9731 393 371
8292 9732 390 372
8292 9733 387 373
8292 9734 385 373
8292 9735 383 373
8292 9736 378 375
8292 9737 376 376
8292 9738 374 377
8292 9739 372 376
8292 9740 370 376
8292 9741 366 377
8292 9742 364 378
8292 9743 361 379
8292 9744 358 378
8292 9745 355 380
8292 9746 353 380
8292 9747 350 383
8292 9748 348 382
8292 9749 345 383
8292 9750 341 382
8292 9751 338 383
8292 9752 336 384
8292 9753 338 384
8292 9754 333 385
8292 9755 329 386
8292 9756 326 386
8292 9757 325 386
8292 9758 322 387
8292 9759 317 388
8292 9760 315 390
8292 9761 314 389
8292 9762 312 390
8292 9763 309 390
8292 9764 306 392
8292 9765 304 394
8292 9766 303 392
8292 9767 302 396
8292 9768 299 391
8292 9769 299 395
8489 9930 414 266
8489 9931 416 267
8489 9932 414 269
8489 9933 412 267
8489 9934 421 272
8489 9935 419 262
8489 9936 399 257
8489 9937 392 256
8489 9938 367 256
8489 9939 364 254
8489 9940 360 256
8489 9941 351 256
8489 9942 335 255
8489 9943 348 256
8543 9974 425 261
8543 9975 438 262
8543 9976 449 261
8543 9977 461 263
8543 9978 473 264
8543 9979 479 264
8543 9980 481 271
8543 9981 485 269
8543 9982 479 267
8543 9983 488 261
8543 9984 474 264
8543 9985 468 266
8543 9986 455 264
8543 9987 437 263
8543 9988 415 259
8543 9989 399 259
8543 9990 384 257
8543 9991 364 256
8780 10336 237 251
8780 10337 245 250
8780 10338 247 251
8780 10339 257 253
8780 10340 268 253
8780 10341 276 254
8780 10342 290 256
8780 10343 302 256
8780 10344 316 257
8780 10345 326 259
8780 10346 353 258
8780 10347 356 258
8780 10348 362 257
8780 10349 362 257
8780 10350 333 252
8780 10351 324 251
8780 10352 315 249
8780 10353 303 248
8780 10354 295 248
8780 10355 290 249
8780 10356 283 248
8780 10357 275 247
8780 10358 267 247
8780 10359 262 246
8786 10364 224 247
8786 10365 227 246
8786 10366 230 249
8786 10367 234 247
8786 10368 261 253
8786 10369 271 254
8786 10370 283 254
8786 10371 297 255
8786 10372 308 256
8786 10373 315 257
8786 10374 327 259
8786 10375 337 258
8786 10376 351 259
8786 10377 363 261
8786 10378 376 262
8786 10379 387 262
8786 10380 402 266
8786 10381 416 265
8786 10382 426 265
8786 10383 438 269
8786 10384 454 269
8786 10385 465 270
8786 10386 471 272
8786 10387 488 270
8786 10388 490 275
8849 10419 400 258
8849 10420 386 257
8849 10421 368 256
8849 10422 349 253
8849 10423 335 253
8849 10424 321 251
8849 10425 304 249
8849 10426 290 249
8849 10427 277 248
8849 10428 265 247
8849 10429 271 249
8860 10438 450 259
8860 10439 447 261
8860 10440 434 259
8860 10441 420 258
8860 10442 409 256
8860 10443 398 255
8860 10444 382 254
8860 10445 371 253
8860 10446 360 252
8860 10447 349 251
8860 10448 339 251
8860 10449 327 250
8860 10450 314 250
8860 10451 302 248
8860 10452 290 248
8860 10453 277 246
8860 10454 279 246
9089 10802 256 252
9089 10803 273 253
9089 10804 290 254
9089 10805 305 255
9089 10806 322 258
9089 10807 341 259
9089 10808 357 260
9089 10809 370 260
9089 10810 390 262
9089 10811 411 265
9089 10812 428 265
9089 10813 444 267
9089 10814 460 268
9089 10815 468 269
9089 10816 481 271
9373 11204 161 418
9373 11205 162 423
9373 11206 165 414
9373 11207 167 414
9373 11208 170 412
9373 11209 173 410
9373 11210 173 410
9373 11211 176 408
9373 11212 179 405
9373 11213 179 405
9373 11214 181 404
9373 11215 183 403
9373 11216 185 400
9373 11217 187 400
9373 11218 189 399
9373 11219 191 396
9373 11220 191 402
9373 11221 194 395
9373 11222 196 394
9373 11223 199 391
9373 11224 200 390
9373 11225 203 390
9373 11226 204 389
9373 11227 206 387
9373 11228 207 386
10099 12058 362 342
10099 12059 370 343
10099 12060 371 348
10099 12061 375 346
10099 12062 381 349
10099 12063 384 350
10099 12064 390 350
10099 12065 391 354
10099 12066 396 355
10099 12067 400 355
10099 12068 402 360
10099 12069 405 358
10099 12070 409 359
10099 12071 411 361
10099 12072 413 361
10099 12073 419 361
10099 12074 421 365
10099 12075 424 365
10099 12076 427 362
10099 12077 429 361
10099 12078 430 368
10099 12079 432 370
10099 12080 436 371
10129 12084 444 373
10129 12085 447 369
10129 12086 450 373
10129 12087 451 377
10129 12088 454 378
10129 12089 458 380
10129 12090 462 377
10129 12091 463 381
10129 12092 466 381
10129 12093 469 382
10129 12094 473 381
10129 12095 474 385
10129 12096 476 388
10129 12097 479 387
10129 12098 485 385
10129 12099 487 388
10129 12100 487 390
10129 12101 491 391
10129 12102 496 391
10129 12103 498 391
10129 12104 499 396
10129 12105 504 394
10129 12106 506 395
10129 12107 511 396
10129 12108 509 403
10129 12109 513 405
10160 12120 555 412
10160 12121 560 418
10160 12122 563 419
10160 12123 569 421
10160 12124 572 419
10160 12125 572 424
10160 12126 577 426
10160 12127 585 422
10160 12128 587 426
10160 12129 588 430
10160 12130 591 429
10160 12131 598 430
10160 12132 600 431
10160 12133 602 434
10160 12134 606 435
10160 12135 614 432
10160 12136 615 438
10160 12137 619 440
10160 12138 627 440
10160 12139 629 446
10160 12140 631 449
10258 12375 241 251
10258 12376 248 251
10258 12377 250 252
10258 12378 261 252
10258 12379 273 254
10258 12380 283 254
10258 12381 295 256
10258 12382 306 256
10258 12383 320 257
10258 12384 332 258
10258 12385 342 259
10258 12386 356 261
10258 12387 371 262
10258 12388 385 263
10258 12389 399 264
10258 12390 414 265
10258 12391 426 267
10258 12392 439 267
10258 12393 453 270
10258 12394 465 269
10258 12395 470 270
10258 12396 477 271
10258 12397 484 272
10264 12401 466 280
10264 12402 478 261
10264 12403 474 260
10264 12404 471 259
10264 12405 467 259
10264 12406 462 261
10264 12407 459 258
10264 12408 457 261
10264 12409 452 261
10264 12410 448 259
10264 12411 446 258
10264 12412 441 258
10264 12413 437 258
10264 12414 433 257
10264 12415 426 256
10264 12416 429 255
10264 12417 431 254
10264 12418 422 254
10264 12419 418 253
10264 12420 415 250
10264 12421 415 258
10264 12422 408 258
10264 12423 404 257
10342 12623 634 278
10342 12624 629 272
10342 12625 625 269
10342 12626 618 268
10342 12627 614 268
10342 12628 609 267
10342 12629 604 267
10342 12630 599 267
10342 12631 596 266
10342 12632 591 266
10342 12633 586 266
10342 12634 582 266
10342 12635 579 264
10342 12636 575 264
10342 12637 569 263
10342 12638 560 254
10343 12638 487 265
10343 12639 484 264
10343 12640 483 257
10343 12641 474 256
10343 12642 472 255
10343 12643 466 255
10343 12644 464 255
10343 12645 455 255
10343 12646 445 253
10343 12647 435 253
10343 12648 424 250
10343 12649 414 250
10343 12650 405 249
10343 12651 394 249
10343 12652 386 247
10343 12653 378 247
10343 12654 367 246
10343 12655 357 247
10343 12656 353 260
10343 12657 373 248
10343 12658 361 258
10362 12717 167 263
10362 12718 165 265
10362 12719 165 265
10362 12720 163 267
10362 12721 163 267
10362 12722 162 269
10362 12723 160 269
10362 12724 159 271
10362 12725 160 271
10362 12726 157 273
10362 12727 157 273
10362 12728 154 276
10362 12729 152 275
10362 12730 150 277
10362 12731 149 280
10362 12732 147 281
10362 12733 144 283
10362 12734 141 285
10362 12735 139 284
10362 12736 137 286
10362 12737 136 289
10362 12738 133 290
10362 12739 131 289
10362 12740 128 293
10362 12741 124 294
10362 12742 122 296
10362 12743 119 297
10362 12744 118 298
10362 12745 123 299
10415 12756 91 298
10415 12757 97 296
10415 12758 100 299
10415 12759 97 297
10415 12760 95 299
10415 12761 92 299
10415 12762 91 301
10415 12763 89 301
10415 12764 87 303
10415 12765 83 305
10415 12766 80 307
10415 12767 77 308
10415 12768 75 309
10415 12769 70 310
10415 12770 66 313
10415 12771 65 313
10415 12772 62 313
10415 12773 58 316
10415 12774 56 317
10415 12775 52 319
10415 12776 50 319
10415 12777 47 320
10415 12778 44 322
10415 12779 41 324
10415 12780 37 325
10415 12781 35 326
10415 12782 29 329