67 472 576 332
67 473 576 331
67 474 574 331
67 475 571 331
67 476 569 331
67 477 567 330
67 478 566 330
67 479 564 330
67 480 562 329
67 481 559 329
67 482 557 329
67 483 555 330
67 484 552 331
67 485 550 331
67 486 547 331
67 487 545 330
67 488 543 329
67 489 539 331
67 490 537 330
67 491 535 329
67 492 533 330
67 493 531 330
67 494 528 331
67 495 526 328
67 496 524 330
67 497 522 329
67 498 519 327
67 499 516 327
67 500 516 326
67 501 513 326
67 502 511 328
67 503 510 328
67 504 507 324
67 505 506 327
67 506 503 326
67 507 501 325
67 508 499 326
67 509 496 324
67 510 493 324
67 511 491 322
67 512 489 323
67 513 488 324
67 514 485 321
67 515 482 321
67 516 480 319
67 517 478 319
67 518 476 318
67 519 475 318
67 520 472 318
67 521 470 315
67 522 468 316
67 523 466 314
67 524 464 313
67 525 464 313
67 526 462 314
67 527 460 313
67 528 459 312
67 529 458 311
67 530 457 309
67 531 456 309
67 532 456 309
67 533 455 307
67 534 454 305
67 535 454 306
67 536 453 305
67 537 453 302
67 538 452 305
67 539 452 304
67 540 452 299
67 541 452 299
67 542 451 296
67 543 451 295
67 544 450 299
67 545 450 303
70 477 502 340
70 478 502 344
70 479 499 346
70 480 502 342
70 481 501 342
70 482 498 341
70 483 497 340
70 484 494 339
70 485 493 340
70 486 491 337
70 487 488 337
70 488 485 339
70 489 484 335
70 490 482 338
70 491 479 341
70 492 477 340
70 493 475 336
70 494 472 335
70 495 472 332
70 496 469 333
70 497 467 335
70 498 464 334
70 499 463 334
70 500 461 338
70 501 457 333
70 502 452 334
70 503 453 337
70 504 451 337
70 505 451 332
70 506 449 330
70 507 447 334
70 508 445 333
70 509 442 329
70 510 440 328
70 511 439 333
70 512 437 327
70 513 435 326
70 514 435 325
70 515 432 326
70 516 430 325
70 517 428 324
70 518 427 324
70 519 426 324
70 520 424 322
70 521 423 319
70 522 422 318
70 523 420 320
70 524 419 319
70 525 418 318
72 480 491 343
72 481 490 344
72 482 487 342
72 483 484 339
72 484 483 337
72 485 481 337
72 486 479 339
72 487 477 335
72 488 477 331
72 489 475 329
72 490 476 326
72 491 475 319
72 492 475 319
72 493 475 318
72 494 473 317
72 495 471 315
72 496 471 318
72 497 469 314
72 498 468 313
72 499 467 317
72 500 467 316
72 501 466 313
72 502 465 312
72 503 464 313
72 504 463 313
72 505 461 310
72 506 461 306
72 507 460 309
72 508 459 309
72 509 458 307
72 510 456 306
72 511 455 307
72 512 454 307
72 513 454 302
72 514 457 302
72 515 455 307
72 516 452 307
72 517 452 303
72 518 452 299
72 519 451 302
72 520 450 305
72 521 450 299
77 489 632 280
77 490 626 273
77 491 619 272
77 492 611 271
77 493 597 269
77 494 585 267
77 495 576 265
77 496 569 262
77 497 563 254
93 501 493 262
93 502 486 260
93 503 476 259
93 504 469 257
93 505 457 256
93 506 446 255
93 507 437 254
93 508 424 254
93 509 409 252
93 510 401 252
93 511 395 251
93 512 380 250
93 513 373 249
93 514 367 249
93 515 354 247
93 516 338 247
93 517 329 246
194 993 327 430
194 994 327 428
194 995 330 428
194 996 334 432
194 997 338 430
194 998 341 429
194 999 344 429
194 1000 349 425
194 1001 354 422
194 1002 357 422
194 1003 360 422
194 1004 364 420
194 1005 366 423
194 1006 371 421
194 1007 374 418
194 1008 377 423
194 1009 380 417
194 1010 383 416
194 1011 386 415
194 1012 390 414
194 1013 392 417
194 1014 397 415
194 1015 401 412
194 1016 405 410
194 1017 408 410
194 1018 411 410
194 1019 414 409
194 1020 414 407
417 2050 161 259
417 2051 161 256
417 2052 161 261
417 2053 161 260
417 2054 160 264
417 2055 158 262
417 2056 158 265
417 2057 155 267
417 2058 154 268
417 2059 152 269
417 2060 150 272
417 2061 146 274
417 2062 143 276
417 2063 139 279
417 2064 136 280
417 2065 132 284
417 2066 128 285
417 2067 124 289
417 2068 117 291
417 2069 111 294
417 2070 106 297
417 2071 99 300
417 2072 92 303
417 2073 86 306
417 2074 80 310
417 2075 71 313
417 2076 62 317
417 2077 56 320
417 2078 47 324
417 2079 37 329
417 2080 28 334
417 2081 23 338
417 2082 20 337
417 2083 15 340
417 2084 7 344
417 2085 4 349
418 2238 634 449
418 2239 634 447
418 2240 630 445
418 2241 626 437
418 2242 621 434
418 2243 617 431
418 2244 610 429
418 2245 604 422
418 2246 600 418
418 2247 595 417
418 2248 591 411
418 2249 584 408
418 2250 581 405
418 2251 575 399
418 2252 571 397
418 2253 567 393
418 2254 563 391
418 2255 557 387
418 2256 553 381
418 2257 550 378
418 2258 546 376
418 2259 542 377
418 2260 536 370
418 2261 532 366
418 2262 529 364
418 2263 525 361
418 2264 520 362
418 2265 516 358
418 2266 512 354
418 2267 509 352
418 2268 506 348
418 2269 502 348
418 2270 499 344
418 2271 494 341
418 2272 493 338
418 2273 489 338
418 2274 486 334
418 2275 481 331
418 2276 479 329
418 2277 477 326
418 2278 475 323
418 2279 472 322
418 2280 472 320
418 2281 467 317
418 2282 464 314
418 2283 462 312
418 2284 461 311
418 2285 458 310
418 2286 456 311
418 2287 454 306
418 2288 453 305
418 2289 452 305
418 2290 452 303
418 2291 451 301
418 2292 449 302
418 2293 448 297
418 2294 450 296
418 2295 447 297
418 2296 445 294
418 2297 444 295
418 2298 442 294
418 2299 441 297
418 2300 440 295
418 2301 438 296
418 2302 435 295
418 2303 433 295
418 2304 430 295
418 2305 427 295
418 2306 423 294
418 2307 421 295
418 2308 418 293
418 2309 417 292
418 2310 415 291
418 2311 413 289
418 2312 412 289
418 2313 411 289
418 2314 410 292
655 3619 240 246
655 3620 246 251
655 3621 256 252
655 3622 267 252
655 3623 277 253
655 3624 286 254
655 3625 298 255
655 3626 309 255
655 3627 318 256
655 3628 331 258
655 3629 343 259
655 3630 349 261
701 3735 145 302
701 3736 147 307
701 3737 150 306
701 3738 150 307
701 3739 152 307
701 3740 154 308
701 3741 158 305
701 3742 159 305
701 3743 159 305
701 3744 162 305
701 3745 165 303
701 3746 167 304
701 3747 168 302
701 3748 169 305
701 3749 171 303
701 3750 173 301
701 3751 175 302
701 3752 176 302
701 3753 179 301
701 3754 181 301
701 3755 181 301
701 3756 183 301
701 3757 185 306
701 3758 187 301
701 3759 189 299
701 3760 191 302
701 3761 194 301
701 3762 196 298
701 3763 198 298
701 3764 198 299
701 3765 201 300
701 3766 203 299
701 3767 205 298
701 3768 206 299
701 3769 207 297
701 3770 211 297
701 3771 214 295
701 3772 214 294
701 3773 215 296
701 3774 216 295
701 3775 219 294
701 3776 221 294
701 3777 219 295
701 3778 224 293
701 3779 227 293
701 3780 228 293
701 3781 228 293
701 3782 229 296
701 3783 233 292
701 3784 234 292
701 3785 236 293
701 3786 237 292
701 3787 241 292
701 3788 242 291
701 3789 243 292
701 3790 246 290
701 3791 248 290
701 3792 250 290
701 3793 250 290
701 3794 253 290
701 3795 255 289
701 3796 253 287
784 3915 636 384
784 3916 635 381
784 3917 633 377
784 3918 631 377
784 3919 629 373
784 3920 627 371
784 3921 623 368
784 3922 621 367
784 3923 619 364
784 3924 617 361
784 3925 614 358
784 3926 611 356
784 3927 610 354
784 3928 608 352
784 3929 605 351
784 3930 602 348
784 3931 599 346
784 3932 598 344
784 3933 594 343
784 3934 593 340
784 3935 591 339
784 3936 589 338
784 3937 587 333
784 3938 585 332
784 3939 585 330
784 3940 583 329
784 3941 583 328
784 3942 583 327
784 3943 582 330
901 4041 368 303
901 4042 372 300
901 4043 374 302
901 4044 377 302
901 4045 379 305
901 4046 382 307
901 4047 385 309
901 4048 388 312
901 4049 392 312
901 4050 395 315
901 4051 399 317
901 4052 403 320
901 4053 405 323
901 4054 409 324
901 4055 413 327
901 4056 419 329
901 4057 422 332
901 4058 425 334
901 4059 430 337
901 4060 434 343
901 4061 437 342
901 4062 444 346
901 4063 449 347
901 4064 455 349
901 4065 457 354
901 4066 464 355
901 4067 472 359
901 4068 475 362
901 4069 479 364
901 4070 484 368
901 4071 491 371
901 4072 496 373
901 4073 498 376
901 4074 503 376
914 4084 564 416
914 4085 567 419
914 4086 574 422
914 4087 582 427
914 4088 587 428
914 4089 595 432
914 4090 601 438
914 4091 605 440
914 4092 613 446
914 4093 616 447
917 4088 577 437
917 4089 584 442
917 4090 589 445
917 4091 596 449
917 4092 601 453
917 4093 607 455
917 4094 615 462
917 4095 619 466
917 4096 626 468
917 4097 631 475
940 4128 184 349
940 4129 183 350
940 4130 182 350
940 4131 183 349
940 4132 182 342
940 4133 180 345
940 4134 181 345
940 4135 178 344
940 4136 177 346
940 4137 176 350
940 4138 176 351
940 4139 174 349
940 4140 173 349
940 4141 171 351
940 4142 170 354
940 4143 167 356
940 4144 167 354
940 4145 167 359
940 4146 165 359
940 4147 164 363
940 4148 163 359
940 4149 160 366
940 4150 160 369
940 4151 158 362
940 4152 155 362
940 4153 154 366
940 4154 155 369
940 4155 153 368
940 4156 150 367
940 4157 149 373
940 4158 147 377
940 4159 146 379
940 4160 143 374
940 4161 141 373
940 4162 141 377
940 4163 140 376
940 4164 139 381
940 4165 136 385
940 4166 135 386
940 4167 133 382
940 4168 131 382
1021 4222 484 267
1021 4223 478 264
1021 4224 472 264
1021 4225 461 264
1021 4226 446 262
1021 4227 429 261
1021 4228 416 259
1021 4229 404 259
1021 4230 388 257
1021 4231 373 256
1021 4232 360 254
1021 4233 349 253
1021 4234 332 252
1021 4235 319 251
1021 4236 306 250
1021 4237 295 249
1021 4238 284 248
1021 4239 270 247
1174 4693 635 472
1174 4694 629 470
1174 4695 623 466
1174 4696 616 465
1174 4697 610 458
1174 4698 604 457
1174 4699 598 449
1174 4700 592 441
1174 4701 588 439
1174 4702 580 432
1174 4703 575 431
1179 4706 552 408
1179 4707 552 407
1179 4708 549 405
1179 4709 545 401
1179 4710 540 393
1179 4711 535 389
1179 4712 533 385
1179 4713 529 385
1179 4714 524 377
1179 4715 521 376
1179 4716 517 368
1179 4717 514 363
1179 4718 510 364
1179 4719 507 358
1179 4720 504 355
1179 4721 499 353
1179 4722 496 351
1179 4723 492 346
1179 4724 489 343
1179 4725 486 342
1179 4726 483 338
1179 4727 479 334
1179 4728 476 335
1179 4729 473 326
1179 4730 471 321
1179 4731 467 321
1179 4732 465 319
1179 4733 462 316
1179 4734 460 312
1179 4735 458 310
1179 4736 458 311
1179 4737 457 307
1179 4738 453 305
1179 4739 451 303
1179 4740 450 302
1179 4741 449 301
1179 4742 446 298
1179 4743 445 298
1179 4744 444 297
1179 4745 442 296
1179 4746 442 297
1179 4747 441 297
1179 4748 438 296
1179 4749 435 297
1179 4750 432 296
1179 4751 429 295
1179 4752 426 295
1179 4753 421 295
1179 4754 418 292
1179 4755 415 289
1179 4756 412 287
1179 4757 408 288
1179 4758 406 285
1179 4759 404 285
1179 4760 401 285
1179 4761 398 284
1179 4762 396 280
1179 4763 395 280
1179 4764 392 281
1179 4765 389 277
1179 4766 387 276
1179 4767 386 277
1179 4768 384 275
1179 4769 382 273
1179 4770 380 272
1179 4771 378 273
1179 4772 376 271
1179 4773 375 269
1179 4774 372 270
1179 4775 372 268
1179 4776 371 267
1179 4777 369 266
1179 4778 368 266
1179 4779 367 268
1179 4780 367 270
1179 4781 370 270
1358 5576 460 263
1358 5577 463 267
1358 5578 467 267
1358 5579 459 268
1358 5580 442 261
1358 5581 431 261
1358 5582 420 260
1358 5583 407 258
1358 5584 394 257
1358 5585 381 256
1358 5586 371 255
1358 5587 360 255
1358 5588 356 254
1416 5723 360 289
1416 5724 360 288
1416 5725 363 288
1416 5726 365 292
1416 5727 366 293
1416 5728 369 292
1416 5729 370 296
1416 5730 373 296
1416 5731 374 300
1416 5732 376 301
1416 5733 378 303
1416 5734 379 303
1416 5735 382 305
1416 5736 386 310
1416 5737 388 310
1416 5738 390 314
1416 5739 394 315
1416 5740 397 318
1416 5741 400 318
1416 5742 403 319
1416 5743 406 322
1416 5744 409 325
1416 5745 413 327
1416 5746 416 329
1416 5747 418 329
1416 5748 421 333
1416 5749 424 337
1416 5750 427 337
1416 5751 430 339
1416 5752 435 342
1416 5753 439 347
1416 5754 441 347
1416 5755 444 350
1416 5756 447 350
1416 5757 452 355
1416 5758 454 359
1416 5759 461 360
1416 5760 465 364
1416 5761 468 366
1416 5762 471 368
1416 5763 476 371
1416 5764 479 374
1416 5765 483 378
1416 5766 487 379
1416 5767 491 383
1416 5768 493 389
1416 5769 498 386
1422 5745 471 262
1422 5746 467 262
1422 5747 454 260
1422 5748 435 259
1422 5749 419 258
1422 5750 408 258
1422 5751 394 255
1422 5752 379 255
1422 5753 364 252
1422 5754 351 252
1422 5755 339 251
1422 5756 324 249
1422 5757 313 248
1422 5758 298 248
1446 5770 503 394
1446 5771 505 398
1446 5772 509 400
1446 5773 512 404
1446 5774 519 407
1446 5775 523 411
1446 5776 528 415
1446 5777 531 416
1446 5778 534 421
1446 5779 540 425
1446 5780 543 427
1446 5781 550 433
1446 5782 553 434
1446 5783 557 439
1446 5784 562 445
1446 5785 565 444
1446 5786 571 449
1446 5787 574 453
1446 5788 582 456
1446 5789 585 459
1446 5790 588 462
1446 5791 598 466
1446 5792 599 468
1446 5793 604 470
1508 5821 237 250
1508 5822 246 251
1508 5823 248 251
1508 5824 258 251
1508 5825 269 250
1508 5826 277 251
1508 5827 287 255
1508 5828 299 256
1508 5829 310 257
1508 5830 320 257
1508 5831 330 258
1508 5832 343 260
1508 5833 353 261
1508 5834 364 261
1508 5835 377 263
1508 5836 390 264
1508 5837 401 265
1508 5838 413 266
1508 5839 427 267
1508 5840 440 268
1508 5841 452 269
1508 5842 463 270
1508 5843 473 271
1508 5844 479 271
1508 5845 484 273
1546 5879 226 246
1546 5880 230 246
1546 5881 242 247
1546 5882 256 249
1546 5883 267 250
1546 5884 277 251
1546 5885 292 252
1546 5886 303 253
1546 5887 315 254
1546 5888 329 255
1546 5889 345 256
1546 5890 360 257
1546 5891 372 259
1546 5892 385 259
1546 5893 401 261
1546 5894 415 262
1546 5895 428 264
1546 5896 444 265
1546 5897 460 266
1546 5898 469 267
1546 5899 475 267
1979 7319 502 369
1979 7320 504 370
1979 7321 505 366
1979 7322 508 370
1979 7323 509 368
1979 7324 511 370
1979 7325 512 372
1979 7326 514 370
1979 7327 516 376
1979 7328 517 373
1979 7329 518 375
1979 7330 520 376
1979 7331 523 376
1979 7332 526 372
1979 7333 525 376
1979 7334 529 382
1979 7335 529 382
1979 7336 530 382
1979 7337 530 385
1979 7338 536 389
1979 7339 538 387
1979 7340 539 389
1979 7341 541 388
1979 7342 542 386
1979 7343 547 383
1979 7344 550 386
1979 7345 552 389
1979 7346 553 391
1979 7347 554 394
1979 7348 551 396
1979 7349 554 396
1979 7350 559 400
1979 7351 559 397
1979 7352 559 400
2061 7516 174 246
2061 7517 179 251
2061 7518 177 248
2061 7519 178 249
2061 7520 179 250
2061 7521 178 252
2061 7522 179 253
2061 7523 179 254
2061 7524 177 255
2061 7525 176 257
2061 7526 174 258
2061 7527 171 260
2061 7528 170 262
2061 7529 168 264
2061 7530 165 266
2061 7531 160 267
2061 7532 158 270
2061 7533 154 271
2061 7534 150 275
2061 7535 145 276
2061 7536 142 279
2061 7537 137 281
2061 7538 132 283
2061 7539 127 286
2061 7540 123 288
2061 7541 115 291
2061 7542 111 294
2061 7543 105 296
2061 7544 99 299
2061 7545 92 303
2061 7546 85 306
2061 7547 78 309
2061 7548 71 312
2061 7549 64 316
2061 7550 65 322
2139 7905 244 253
2139 7906 242 253
2139 7907 252 253
2139 7908 261 254
2139 7909 267 254
2139 7910 275 255
2139 7911 283 255
2139 7912 290 255
2139 7913 296 255
2139 7914 306 256
2139 7915 313 257
2139 7916 319 257
2139 7917 325 258
2139 7918 333 258
2139 7919 340 258
2139 7920 347 259
2139 7921 354 260
2139 7922 361 261
2139 7923 369 261
2139 7924 376 261
2139 7925 384 262
2139 7926 392 263
2139 7927 399 264
2139 7928 407 264
2139 7929 414 265
2139 7930 423 265
2139 7931 429 266
2139 7932 438 267
2139 7933 446 267
2139 7934 456 268
2139 7935 462 271
2139 7936 469 272
2139 7937 478 271
2139 7938 482 270
2139 7939 488 274
2148 7923 232 249
2148 7924 236 249
2148 7925 242 250
2148 7926 249 251
2148 7927 259 252
2148 7928 268 253
2148 7929 278 254
2148 7930 289 255
2148 7931 299 255
2148 7932 308 256
2148 7933 319 256
2148 7934 331 257
2148 7935 340 259
2148 7936 349 259
2148 7937 362 261
2148 7938 373 262
2148 7939 383 263
2148 7940 392 263
2148 7941 403 265
2148 7942 413 264
2148 7943 423 266
2148 7944 433 266
2148 7945 443 268
2148 7946 454 270
2148 7947 462 268
2148 7948 468 270
2148 7949 473 271
2148 7950 479 271
2148 7951 483 271
2148 7952 489 275
2320 8402 222 248
2320 8403 237 248
2320 8404 242 249
2320 8405 251 247
2320 8406 256 252
2320 8407 265 251
2320 8408 275 253
2320 8409 284 253
2320 8410 295 250
2320 8411 307 255
2320 8412 317 255
2320 8413 326 256
2320 8414 336 256
2320 8415 348 257
2320 8416 349 264
2323 8418 381 260
2323 8419 392 261
2323 8420 402 261
2323 8421 414 260
2323 8422 427 264
2323 8423 438 265
2323 8424 449 267
2323 8425 462 265
2323 8426 471 265
2323 8427 478 267
2323 8428 482 267
2323 8429 489 277
2434 8742 124 287
2434 8743 123 286
2434 8744 119 286
2434 8745 117 289
2434 8746 114 289
2434 8747 110 291
2434 8748 107 292
2434 8749 101 293
2434 8750 100 295
2434 8751 95 297
2434 8752 92 299
2434 8753 93 297
2434 8754 89 298
2434 8755 83 302
2434 8756 80 302
2434 8757 78 303
2434 8758 74 305
2434 8759 69 306
2434 8760 68 309
2434 8761 72 305
2434 8762 70 304
2434 8763 74 305
2434 8764 71 307
2434 8765 67 307
2434 8766 63 309
2434 8767 60 312
2434 8768 56 314
2434 8769 55 317
2434 8770 49 317
2494 8908 487 268
2494 8909 477 264
2494 8910 465 265
2494 8911 449 263
2494 8912 434 261
2494 8913 413 260
2494 8914 393 258
2494 8915 377 257
2494 8916 362 255
2494 8917 344 253
2494 8918 327 252
2494 8919 313 251
2494 8920 298 250
2494 8921 283 248
2494 8922 268 247
2605 9136 636 365
2605 9137 635 364
2605 9138 634 363
2605 9139 629 365
2605 9140 625 360
2605 9141 623 359
2605 9142 621 358
2605 9143 617 357
2605 9144 613 356
2605 9145 611 354
2605 9146 610 353
2605 9147 607 352
2605 9148 603 352
2605 9149 600 350
2605 9150 599 348
2605 9151 597 348
2605 9152 594 345
2605 9153 591 346
2605 9154 588 344
2605 9155 586 343
2605 9156 585 343
2605 9157 584 342
2605 9158 581 342
2605 9159 579 341
2605 9160 577 341
2605 9161 576 339
2605 9162 575 338
2605 9163 574 338
2605 9164 573 335
2605 9165 573 338
2605 9166 572 335
2605 9167 571 332
2605 9168 572 334
2605 9169 570 332
2613 9197 5 343
2613 9198 8 341
2613 9199 10 340
2613 9200 13 337
2613 9201 15 335
2613 9202 19 333
2613 9203 24 331
2613 9204 29 329
2613 9205 35 326
2613 9206 39 325
2613 9207 44 323
2613 9208 54 321
2613 9209 60 319
2613 9210 63 317
2613 9211 67 315
2613 9212 72 312
2613 9213 77 310
2613 9214 83 307
2613 9215 86 306
2613 9216 97 305
2613 9217 102 302
2613 9218 109 300
2613 9219 110 299
2613 9220 115 297
2613 9221 120 294
2613 9222 124 292
2613 9223 127 291
2613 9224 133 289
2613 9225 135 285
2613 9226 138 286
2613 9227 143 284
2613 9228 146 282
2613 9229 149 279
2613 9230 151 280
2613 9231 156 278
2613 9232 161 277
2613 9233 162 276
2613 9234 165 272
2613 9235 170 273
2613 9236 174 272
2613 9237 176 268
2613 9238 179 270
2613 9239 181 268
2613 9240 184 266
2613 9241 184 264
2613 9242 188 263
2613 9243 191 262
2613 9244 192 261
2613 9245 194 260
2613 9246 195 258
2687 9331 6 351
2687 9332 8 349
2687 9333 12 349
2687 9334 16 349
2687 9335 20 345
2687 9336 22 345
2687 9337 26 342
2687 9338 33 338
2687 9339 40 335
2687 9340 47 332
2687 9341 55 327
2687 9342 63 324
2687 9343 71 320
2687 9344 78 317
2687 9345 83 314
2687 9346 91 310
2687 9347 97 308
2687 9348 102 304
2687 9349 110 301
2687 9350 117 298
2687 9351 122 296
2687 9352 127 293
2687 9353 133 291
2687 9354 139 288
2687 9355 144 285
2687 9356 148 283
2687 9357 153 282
2687 9358 153 279
3029 9955 513 433
3029 9956 514 433
3029 9957 521 433
3029 9958 529 431
3029 9959 532 428
3029 9960 538 431
3029 9961 545 428
3029 9962 552 427
3029 9963 556 429
3029 9964 565 425
3029 9965 571 425
3029 9966 575 424
3029 9967 580 424
3029 9968 587 423
3029 9969 592 422
3029 9970 595 422
3029 9971 601 422
3029 9972 608 420
3029 9973 611 420
3029 9974 616 419
3029 9975 620 417
3029 9976 625 418
3320 10807 31 420
3320 10808 37 415
3320 10809 44 416
3320 10810 52 418
3320 10811 58 418
3320 10812 65 419
3320 10813 72 419
3320 10814 79 422
3320 10815 87 423
3320 10816 91 426
3320 10817 102 425
3320 10818 110 426
3320 10819 120 427
3320 10820 128 430
3320 10821 136 430
3320 10822 146 429
3320 10823 155 432
3320 10824 160 432
3697 11471 415 370
3697 11472 416 368
3697 11473 419 369
3697 11474 421 372
3697 11475 424 372
3697 11476 426 372
3697 11477 430 372
3697 11478 431 377
3697 11479 433 374
3697 11480 435 376
3697 11481 439 375
3697 11482 442 377
3697 11483 443 377
3697 11484 445 378
3697 11485 450 378
3697 11486 451 379
3697 11487 452 382
3697 11488 455 382
3697 11489 458 385
3697 11490 461 384
3697 11491 463 385
3697 11492 466 387
3697 11493 470 387
3697 11494 471 389
3697 11495 476 385
3697 11496 477 389
3697 11497 479 390
3697 11498 481 393
3697 11499 485 394
3697 11500 487 395
3697 11501 489 396
3697 11502 492 399
3697 11503 495 397
3697 11504 497 398
3697 11505 502 395
3716 11505 499 404
3716 11506 502 400
3716 11507 505 402
3716 11508 508 403
3716 11509 512 408
3716 11510 513 408
3716 11511 516 406
3716 11512 518 411
3716 11513 521 408
3716 11514 524 412
3716 11515 527 411
3716 11516 532 413
3716 11517 531 412
3716 11518 534 418
3716 11519 537 416
3716 11520 540 419
3716 11521 543 420
3716 11522 546 421
3716 11523 549 421
3716 11524 550 427
3716 11525 553 424
3716 11526 558 424
3716 11527 559 428
3716 11528 563 427
3716 11529 567 428
3716 11530 569 429
3716 11531 572 431
3752 11620 13 408
3752 11621 13 408
3752 11622 15 409
3752 11623 18 405
3752 11624 20 405
3752 11625 25 412
3752 11626 29 411
3752 11627 32 411
3752 11628 36 414
3752 11629 41 415
3752 11630 42 418
3752 11631 46 420
3752 11632 54 423
3752 11633 56 425
3752 11634 60 429
3752 11635 67 432
3752 11636 70 436
3752 11637 78 438
3752 11638 75 432
3752 11639 76 430
3939 12094 173 260
3939 12095 173 261
3939 12096 170 262
3939 12097 172 264
3939 12098 165 264
3939 12099 168 265
3939 12100 165 266
3939 12101 160 268
3939 12102 163 268
3939 12103 156 270
3939 12104 154 271
3939 12105 152 271
3939 12106 150 273
3939 12107 151 274
3939 12108 146 275
3939 12109 145 277
3939 12110 146 278
3939 12111 140 278
3939 12112 143 279
3939 12113 135 281
3939 12114 133 282
3939 12115 133 282
3939 12116 130 284
3939 12117 128 286
3939 12118 123 287
3939 12119 124 288
3939 12120 119 290
3939 12121 115 290
3939 12122 114 292
3939 12123 107 294
3939 12124 108 294
3939 12125 100 297
3939 12126 98 298
3939 12127 97 299
3939 12128 94 300
3939 12129 87 302
3939 12130 83 306
3939 12131 80 305
3939 12132 77 308
3939 12133 73 310
3939 12134 69 311
3939 12135 65 312
3939 12136 62 313
3939 12137 61 315
3939 12138 59 317
3939 12139 56 318
3942 12099 151 277
3942 12100 149 277
3942 12101 146 279
3942 12102 144 280
3942 12103 140 281
3942 12104 140 282
3942 12105 137 283
3942 12106 135 284
3942 12107 133 284
3942 12108 130 287
3942 12109 126 288
3942 12110 126 290
3942 12111 123 290
3942 12112 121 291
3942 12113 118 293
3942 12114 113 294
3942 12115 112 295
3942 12116 109 296
3942 12117 107 296
3942 12118 103 297
3942 12119 98 298
3942 12120 95 300
3942 12121 91 302
3942 12122 90 303
3942 12123 87 306
3942 12124 83 306
3942 12125 79 307
3942 12126 73 309
3942 12127 73 310
3942 12128 68 312
3942 12129 64 314
3942 12130 60 316
3942 12131 56 318
3942 12132 53 320
3942 12133 48 320
3942 12134 44 324
3942 12135 40 323
3942 12136 42 317
3942 12137 37 319