9 9 428 363
9 10 432 359
9 11 435 358
9 12 436 360
9 13 440 361
9 14 441 363
9 15 443 361
9 16 444 362
9 17 445 365
9 18 447 366
9 19 449 365
9 20 451 367
9 21 453 369
9 22 455 370
9 23 458 368
9 24 459 368
9 25 461 372
9 26 462 370
9 27 463 372
9 28 466 373
9 29 469 375
9 30 471 374
9 31 473 374
9 32 474 375
9 33 477 378
9 34 479 378
9 35 480 377
9 36 483 380
9 37 485 381
9 38 488 381
9 39 490 380
9 40 490 383
9 41 493 384
9 42 495 386
9 43 497 387
9 44 499 386
9 45 501 388
9 46 504 389
9 47 505 391
9 48 509 390
9 49 510 391
9 50 512 394
9 51 514 394
9 52 516 396
9 53 519 398
9 54 523 396
9 55 522 398
9 56 526 399
9 57 531 397
9 58 531 396
9 59 532 402
9 60 536 396
9 61 538 398
9 62 542 395
64 72 566 416
64 73 566 416
64 74 567 418
64 75 570 416
64 76 574 420
64 77 576 419
64 78 577 419
64 79 578 421
64 80 583 421
64 81 586 421
64 82 588 424
64 83 591 424
64 84 593 426
64 85 596 427
64 86 599 427
64 87 601 428
64 88 603 430
64 89 607 431
64 90 609 432
64 91 611 432
64 92 613 435
64 93 617 436
64 94 615 437
64 95 622 436
64 96 623 437
64 97 625 439
64 98 628 440
64 99 631 440
64 100 633 444
64 101 635 447
64 102 634 448
149 239 635 404
149 240 635 399
149 241 634 399
149 242 632 398
149 243 630 398
149 244 631 398
149 245 629 398
149 246 628 397
149 247 623 397
149 248 621 397
149 249 620 396
149 250 617 396
149 251 614 395
149 252 612 396
149 253 611 395
149 254 609 395
149 255 605 396
149 256 604 395
149 257 603 396
149 258 600 395
149 259 596 397
149 260 595 396
149 261 594 396
149 262 592 396
149 263 587 396
149 264 584 396
149 265 584 396
149 266 582 396
149 267 576 395
149 268 576 395
149 269 574 389
149 270 571 393
149 271 570 393
149 272 568 393
149 273 566 388
149 274 563 392
149 275 561 389
149 276 559 393
149 277 558 390
149 278 555 392
149 279 551 391
149 280 550 390
149 281 547 391
149 282 544 392
149 283 541 391
149 284 539 391
149 285 536 391
149 286 534 392
149 287 530 392
149 288 528 391
149 289 527 390
149 290 524 391
149 291 521 390
149 292 519 389
149 293 517 388
149 294 515 388
149 295 512 387
149 296 510 386
149 297 507 386
149 298 506 385
149 299 503 385
149 300 506 386
293 397 594 370
293 398 594 368
293 399 595 363
293 400 593 364
293 401 591 363
293 402 588 365
293 403 589 367
293 404 595 367
293 405 592 368
293 406 588 369
293 407 586 369
293 408 581 373
293 409 580 370
293 410 578 371
293 411 581 373
293 412 581 373
293 413 576 375
293 414 574 375
293 415 573 377
293 416 573 375
293 417 569 379
293 418 569 379
293 419 568 380
293 420 565 382
293 421 560 380
293 422 561 381
293 423 560 384
293 424 555 381
293 425 558 381
293 426 555 384
293 427 551 386
293 428 548 387
293 429 550 388
293 430 543 388
293 431 541 390
293 432 543 387
293 433 540 388
293 434 543 389
293 435 539 386
293 436 537 389
456 531 597 365
456 532 597 366
456 533 594 369
456 534 592 370
456 535 589 371
456 536 589 371
456 537 586 371
456 538 584 374
456 539 581 374
456 540 579 378
456 541 575 378
456 542 573 377
456 543 572 381
456 544 568 378
456 545 566 381
456 546 564 386
456 547 561 383
456 548 557 386
456 549 554 386
456 550 551 386
456 551 549 387
456 552 544 388
456 553 541 389
456 554 537 392
456 555 535 396
456 556 532 394
456 557 529 394
456 558 524 397
456 559 522 396
456 560 518 397
456 561 516 396
456 562 512 395
456 563 509 395
469 562 515 412
469 563 510 412
469 564 500 409
469 565 498 412
469 566 496 413
469 567 495 409
469 568 490 412
469 569 487 412
469 570 482 412
469 571 479 412
469 572 476 414
469 573 471 416
469 574 468 418
469 575 465 419
469 576 462 420
469 577 457 423
469 578 452 424
469 579 449 425
469 580 446 426
469 581 442 428
469 582 437 431
469 583 432 435
469 584 427 434
469 585 425 436
469 586 421 436
469 587 416 438
469 588 411 440
469 589 407 442
469 590 407 440
481 590 401 444
481 591 398 446
481 592 392 447
481 593 388 448
481 594 384 450
481 595 379 452
481 596 375 454
481 597 368 456
481 598 362 459
481 599 359 456
481 600 355 460
481 601 349 464
481 602 343 465
481 603 337 466
481 604 335 467
481 605 328 467
481 606 323 468
481 607 318 470
481 608 313 471
481 609 309 471
481 610 304 472
481 611 297 474
481 612 290 474
481 613 285 476
760 902 302 292
760 903 303 292
760 904 305 293
760 905 307 294
760 906 307 298
760 907 310 296
760 908 314 298
760 909 314 299
760 910 315 299
760 911 318 299
760 912 320 298
760 913 321 301
760 914 324 302
760 915 326 301
760 916 328 301
760 917 328 302
760 918 331 303
760 919 333 304
760 920 334 303
760 921 336 304
760 922 338 305
760 923 339 306
760 924 339 306
760 925 340 306
760 926 342 307
760 927 344 308
760 928 344 308
760 929 345 307
760 930 347 309
760 931 347 310
760 932 349 309
760 933 349 311
760 934 351 309
760 935 351 312
760 936 352 313
760 937 354 312
760 938 355 313
760 939 355 314
760 940 356 314
760 941 357 315
760 942 358 313
760 943 360 316
760 944 360 317
760 945 362 316
760 946 363 316
760 947 364 317
760 948 365 319
760 949 366 319
760 950 368 320
760 951 369 319
760 952 369 321
760 953 371 322
760 954 371 322
760 955 373 321
760 956 374 322
760 957 374 323
760 958 375 323
760 959 376 323
760 960 377 322
760 961 378 323
824 1017 161 251
824 1018 171 251
824 1019 181 252
824 1020 192 246
824 1021 200 247
824 1022 210 255
824 1023 220 256
824 1024 232 257
824 1025 239 258
824 1026 244 269
824 1027 249 267
824 1028 251 267
828 1021 145 275
828 1022 141 275
828 1023 139 274
828 1024 139 273
828 1025 138 275
828 1026 136 274
828 1027 134 274
828 1028 132 274
828 1029 130 275
828 1030 129 277
828 1031 127 274
828 1032 123 275
828 1033 122 276
828 1034 120 275
828 1035 118 276
828 1036 117 276
828 1037 115 279
828 1038 111 277
828 1039 111 284
828 1040 109 278
828 1041 107 279
828 1042 105 283
828 1043 103 278
828 1044 101 283
828 1045 99 281
828 1046 98 279
828 1047 92 282
828 1048 95 281
828 1049 93 281
828 1050 90 280
828 1051 89 283
828 1052 91 282
828 1053 86 282
828 1054 85 282
828 1055 82 282
828 1056 81 284
828 1057 79 283
828 1058 78 284
828 1059 78 283
828 1060 75 284
828 1061 70 286
828 1062 70 283
828 1063 65 296
828 1064 64 298
829 1022 378 462
829 1023 381 456
829 1024 386 454
829 1025 387 453
829 1026 391 451
829 1027 394 449
829 1028 396 449
829 1029 402 447
829 1030 403 449
829 1031 406 446
829 1032 413 444
829 1033 415 443
829 1034 414 441
829 1035 418 438
829 1036 418 439
829 1037 425 439
829 1038 425 438
829 1039 432 432
829 1040 433 438
829 1041 436 433
829 1042 437 432
829 1043 438 430
829 1044 441 430
829 1045 442 430
829 1046 443 431
884 1067 512 396
884 1068 514 396
884 1069 518 397
884 1070 521 396
884 1071 523 396
884 1072 523 397
884 1073 524 396
884 1074 528 395
884 1075 531 394
884 1076 532 396
884 1077 537 393
884 1078 538 392
884 1079 540 391
884 1080 542 390
884 1081 543 389
884 1082 548 388
884 1083 551 384
884 1084 554 387
884 1085 556 385
884 1086 556 386
884 1087 558 385
884 1088 561 383
884 1089 565 383
884 1090 569 379
884 1091 572 377
884 1092 573 378
884 1093 573 379
884 1094 576 376
884 1095 577 375
884 1096 577 379
884 1097 584 375
884 1098 584 372
884 1099 589 371
884 1100 590 370
900 1087 397 335
900 1088 393 336
900 1089 396 331
900 1090 399 330
900 1091 400 331
900 1092 398 332
900 1093 396 333
900 1094 398 333
900 1095 399 333
900 1096 399 334
900 1097 400 335
900 1098 401 337
900 1099 401 336
900 1100 402 337
900 1101 401 339
900 1102 402 338
900 1103 404 338
900 1104 404 338
900 1105 407 339
900 1106 408 341
900 1107 408 342
900 1108 410 341
900 1109 411 343
900 1110 413 343
900 1111 415 344
900 1112 416 345
900 1113 418 345
900 1114 418 346
900 1115 421 349
900 1116 422 346
900 1117 423 349
900 1118 424 351
900 1119 426 351
900 1120 429 350
900 1121 429 352
900 1122 431 351
900 1123 432 353
900 1124 434 352
900 1125 435 354
900 1126 438 355
900 1127 439 355
900 1128 441 356
900 1129 443 356
900 1130 443 358
900 1131 446 359
900 1132 448 358
900 1133 448 361
900 1134 451 362
900 1135 453 364
900 1136 454 364
900 1137 457 363
900 1138 458 364
900 1139 460 365
900 1140 463 367
900 1141 464 367
900 1142 465 367
900 1143 468 369
900 1144 469 370
900 1145 470 370
900 1146 473 371
900 1147 475 370
900 1148 476 373
900 1149 478 375
900 1150 480 372
900 1151 482 376
900 1152 483 377
900 1153 484 376
900 1154 485 379
900 1155 489 377
900 1156 491 381
900 1157 493 380
900 1158 494 382
900 1159 498 384
900 1160 499 383
900 1161 503 384
900 1162 501 387
900 1163 507 386
900 1164 512 387
900 1165 513 388
900 1166 507 391
900 1167 514 391
900 1168 520 390
900 1169 523 390
900 1170 526 392
900 1171 525 394
900 1172 531 393
900 1173 527 395
900 1174 530 396
952 1182 556 399
952 1183 561 397
952 1184 559 404
952 1185 559 411
952 1186 564 409
952 1187 566 408
952 1188 570 408
952 1189 571 409
952 1190 573 410
952 1191 576 409
952 1192 579 409
952 1193 582 411
952 1194 583 412
952 1195 584 412
952 1196 589 412
952 1197 592 411
952 1198 593 415
952 1199 594 417
952 1200 598 416
952 1201 601 415
952 1202 602 419
952 1203 603 420
952 1204 607 419
952 1205 611 420
952 1206 613 422
952 1207 614 424
952 1208 615 423
952 1209 620 423
952 1210 621 426
952 1211 623 427
952 1212 624 426
952 1213 628 427
952 1214 630 431
952 1215 631 433
952 1216 631 434
952 1217 632 434
952 1218 635 437
952 1219 635 440
977 1295 635 443
977 1296 634 438
977 1297 632 439
977 1298 629 436
977 1299 625 433
977 1300 621 432
977 1301 620 431
977 1302 617 428
977 1303 612 427
977 1304 608 427
977 1305 604 424
977 1306 602 423
977 1307 599 422
977 1308 594 421
977 1309 591 418
977 1310 586 417
977 1311 584 417
977 1312 581 414
977 1313 579 411
977 1314 575 412
977 1315 573 411
977 1316 569 408
977 1317 565 407
977 1318 561 407
977 1319 563 401
977 1320 559 405
977 1321 558 404
977 1322 551 406
994 1319 558 396
994 1320 555 396
994 1321 552 394
994 1322 549 393
994 1323 545 391
994 1324 540 392
994 1325 537 392
994 1326 533 391
994 1327 530 391
994 1328 527 390
994 1329 524 390
994 1330 520 386
994 1331 516 387
994 1332 512 386
994 1333 510 384
994 1334 507 383
994 1335 504 382
994 1336 500 377
994 1337 496 378
994 1338 492 378
994 1339 489 377
994 1340 486 376
994 1341 483 374
994 1342 481 372
994 1343 479 369
994 1344 473 367
994 1345 470 367
994 1346 466 369
994 1347 465 368
994 1348 462 364
994 1349 460 361
994 1350 457 360
994 1351 454 361
994 1352 450 359
994 1353 446 359
994 1354 443 355
994 1355 441 354
994 1356 440 353
994 1357 437 354
994 1358 437 352
1026 1358 432 350
1026 1359 429 350
1026 1360 427 351
1026 1361 424 351
1026 1362 424 346
1026 1363 422 345
1026 1364 418 344
1026 1365 414 342
1026 1366 413 341
1026 1367 410 344
1026 1368 409 338
1026 1369 408 339
1026 1370 405 338
1026 1371 402 336
1026 1372 400 335
1026 1373 397 336
1026 1374 394 336
1026 1375 393 335
1026 1376 391 331
1026 1377 390 332
1026 1378 388 329
1026 1379 385 327
1026 1380 385 328
1026 1381 382 328
1026 1382 381 324
1026 1383 379 324
1026 1384 378 323
1026 1385 377 328
1046 1385 373 321
1046 1386 372 323
1046 1387 370 321
1046 1388 368 320
1046 1389 366 320
1046 1390 363 317
1046 1391 364 316
1046 1392 361 316
1046 1393 358 313
1046 1394 357 315
1046 1395 354 314
1046 1396 353 311
1046 1397 352 311
1046 1398 352 308
1046 1399 349 308
1046 1400 345 309
1046 1401 344 309
1046 1402 343 308
1046 1403 341 305
1046 1404 340 306
1046 1405 339 305
1046 1406 336 303
1046 1407 333 302
1046 1408 333 302
1046 1409 330 303
1046 1410 327 299
1046 1411 327 299
1046 1412 326 297
1046 1413 323 298
1046 1414 321 297
1046 1415 319 298
1046 1416 317 295
1046 1417 316 294
1046 1418 316 294
1046 1419 314 295
1046 1420 312 293
1046 1421 310 292
1046 1422 308 289
1046 1423 307 289
1046 1424 306 288
1046 1425 305 289
1046 1426 305 287
1046 1427 302 287
1046 1428 299 286
1046 1429 298 286
1046 1430 297 286
1046 1431 296 285
1046 1432 298 287
1046 1433 297 286
1125 1551 156 246
1125 1552 160 249
1125 1553 169 247
1125 1554 176 248
1125 1555 184 249
1125 1556 192 250
1125 1557 198 251
1125 1558 206 251
1125 1559 214 252
1125 1560 222 256
1125 1561 230 254
1125 1562 239 255
1125 1563 248 256
1125 1564 256 257
1125 1565 265 258
1125 1566 275 258
1125 1567 286 259
1125 1568 296 260
1125 1569 304 260
1125 1570 315 259
1125 1571 324 261
1141 1572 375 264
1141 1573 371 259
1141 1574 375 258
1141 1575 367 266
1141 1576 377 267
1141 1577 389 268
1141 1578 403 266
1141 1579 410 269
1141 1580 422 267
1141 1581 434 268
1141 1582 446 270
1141 1583 459 270
1141 1584 468 271
1141 1585 477 272
1141 1586 487 276
1329 1691 608 358
1329 1692 610 358
1329 1693 607 358
1329 1694 606 359
1329 1695 604 361
1329 1696 603 361
1329 1697 601 362
1329 1698 599 361
1329 1699 597 364
1329 1700 596 365
1329 1701 594 365
1329 1702 591 366
1329 1703 589 366
1329 1704 587 369
1329 1705 585 367
1329 1706 584 369
1329 1707 582 371
1329 1708 579 371
1329 1709 576 372
1329 1710 575 372
1329 1711 573 373
1329 1712 571 376
1329 1713 569 375
1329 1714 567 376
1329 1715 565 378
1329 1716 563 380
1329 1717 561 380
1329 1718 558 381
1329 1719 557 381
1329 1720 555 385
1329 1721 552 382
1329 1722 551 385
1329 1723 549 385
1329 1724 548 386
1329 1725 544 388
1329 1726 543 388
1329 1727 540 389
1329 1728 538 388
1329 1729 537 391
1329 1730 538 390
1560 2087 345 257
1560 2088 348 253
1560 2089 339 260
1560 2090 346 261
1560 2091 355 265
1560 2092 363 266
1560 2093 371 267
1560 2094 380 267
1560 2095 389 267
1560 2096 397 268
1560 2097 408 266
1560 2098 419 267
1560 2099 428 268
1560 2100 437 268
1560 2101 444 269
1560 2102 455 270
1560 2103 463 271
1560 2104 474 271
1560 2105 480 272
1560 2106 486 276
1582 2159 634 381
1582 2160 630 381
1582 2161 628 382
1582 2162 626 383
1582 2163 622 383
1582 2164 618 383
1582 2165 616 385
1582 2166 612 383
1582 2167 609 384
1582 2168 605 384
1582 2169 604 383
1582 2170 602 377
1582 2171 598 382
1582 2172 597 385
1582 2173 592 380
1582 2174 589 381
1582 2175 586 377
1582 2176 582 377
1582 2177 579 381
1582 2178 576 376
1582 2179 572 379
1582 2180 570 382
1582 2181 568 384
1582 2182 565 383
1582 2183 562 384
1582 2184 559 385
1582 2185 555 382
1582 2186 552 386
1582 2187 550 389
1582 2188 549 387
1582 2189 546 388
1582 2190 543 390
1582 2191 540 392
1582 2192 538 391
1582 2193 535 393
1582 2194 532 395
1582 2195 529 396
1582 2196 527 396
1582 2197 525 395
1582 2198 522 399
1582 2199 518 395
1582 2200 516 394
1582 2201 513 394
1582 2202 511 395
1582 2203 509 394
1617 2218 458 423
1617 2219 455 425
1617 2220 451 427
1617 2221 448 428
1617 2222 444 427
1617 2223 439 429
1617 2224 436 431
1617 2225 435 435
1617 2226 431 435
1617 2227 427 436
1617 2228 422 438
1617 2229 416 439
1617 2230 415 440
1617 2231 412 442
1617 2232 407 445
1617 2233 404 447
1617 2234 397 450
1617 2235 393 449
1617 2236 393 451
1617 2237 387 451
1617 2238 382 458
1617 2239 378 458
1617 2240 381 455
1687 2425 558 387
1687 2426 558 389
1687 2427 558 387
1687 2428 558 387
1687 2429 561 387
1687 2430 561 384
1687 2431 561 383
1687 2432 564 383
1687 2433 563 385
1687 2434 568 379
1687 2435 566 380
1687 2436 568 381
1687 2437 569 381
1687 2438 571 379
1687 2439 572 376
1687 2440 573 375
1687 2441 574 374
1687 2442 576 375
1687 2443 578 376
1687 2444 580 375
1687 2445 582 372
1687 2446 584 370
1687 2447 583 370
1687 2448 585 368
1687 2449 587 370
1687 2450 589 368
1687 2451 591 369
1687 2452 592 366
1687 2453 592 366
1687 2454 594 367
1687 2455 596 364
1687 2456 598 364
1687 2457 599 363
1687 2458 601 359
1687 2459 603 360
1687 2460 603 360
1687 2461 605 359
1687 2462 606 357
1687 2463 609 358
1687 2464 610 358
1687 2465 612 357
1687 2466 612 355
1687 2467 610 359
1687 2468 615 353
1687 2469 616 355
1687 2470 618 353
1687 2471 619 354
1687 2472 622 350
1687 2473 622 352
1687 2474 620 349
1721 2513 137 292
1721 2514 141 294
1721 2515 137 293
1721 2516 138 297
1721 2517 146 297
1721 2518 149 298
1721 2519 145 298
1721 2520 146 298
1721 2521 154 294
1721 2522 156 293
1721 2523 157 292
1721 2524 156 292
1721 2525 157 293
1721 2526 161 292
1721 2527 161 293
1721 2528 163 293
1721 2529 165 292
1721 2530 166 291
1721 2531 168 290
1721 2532 171 289
1721 2533 171 288
1721 2534 174 287
1721 2535 175 289
1721 2536 177 288
1721 2537 179 288
1721 2538 180 288
1721 2539 182 288
1721 2540 185 289
1721 2541 186 288
1721 2542 187 288
1721 2543 188 288
1721 2544 191 289
1721 2545 193 289
1721 2546 194 290
1721 2547 196 290
1721 2548 197 291
1721 2549 200 291
1721 2550 202 292
1721 2551 202 292
1721 2552 204 292
1721 2553 205 294
1721 2554 208 295
1721 2555 208 293
1721 2556 211 295
1721 2557 213 297
1721 2558 215 297
1721 2559 215 296
1721 2560 216 299
1721 2561 221 300
1721 2562 222 300
1721 2563 222 298
1721 2564 224 298
1721 2565 226 299
1721 2566 230 299
1721 2567 231 298
1721 2568 231 297
1721 2569 233 300
1721 2570 235 298
1721 2571 238 300
1721 2572 240 298
1721 2573 240 298
1721 2574 243 298
1721 2575 246 297
1721 2576 247 299
1721 2577 248 297
1721 2578 251 297
1721 2579 251 297
1721 2580 256 298
1721 2581 254 298
1721 2582 257 298
1721 2583 259 298
1721 2584 261 298
1721 2585 262 298
1721 2586 265 299
1721 2587 267 298
1721 2588 271 298
1721 2589 271 298
1721 2590 273 298
1721 2591 275 297
1721 2592 278 301
1721 2593 280 302
1721 2594 280 301
1721 2595 282 302
1721 2596 287 304
1721 2597 286 303
1721 2598 287 304
1721 2599 287 304
1721 2600 290 302
1733 2604 299 297
1733 2605 300 296
1733 2606 301 296
1733 2607 303 293
1733 2608 305 297
1733 2609 306 297
1733 2610 307 297
1733 2611 311 299
1733 2612 311 299
1733 2613 313 301
1733 2614 313 299
1733 2615 313 301
1733 2616 315 300
1733 2617 317 301
1733 2618 319 301
1733 2619 319 301
1733 2620 320 302
1733 2621 322 302
1733 2622 323 303
1733 2623 324 303
1733 2624 325 303
1733 2625 325 304
1733 2626 328 302
1733 2627 329 303
1733 2628 330 305
1733 2629 332 305
1733 2630 332 304
1733 2631 333 306
1733 2632 335 306
1733 2633 336 306
1733 2634 336 305
1733 2635 337 307
1733 2636 340 306
1733 2637 341 306
1733 2638 341 308
1733 2639 343 308
1733 2640 343 307
1733 2641 343 309
1733 2642 346 310
1733 2643 345 311
1733 2644 347 310
1733 2645 348 312
1733 2646 346 313
1733 2647 351 309
1733 2648 352 314
1733 2649 352 314
1733 2650 355 313
1733 2651 355 315
1733 2652 355 315
1733 2653 356 315
1733 2654 357 315
1733 2655 358 317
1733 2656 361 315
1733 2657 362 318
1733 2658 364 318
1733 2659 364 318
1733 2660 367 320
1733 2661 368 322
1733 2662 368 322
1733 2663 369 321
1733 2664 368 323
1733 2665 372 323
1733 2666 374 324
1733 2667 376 324
1733 2668 377 324
1733 2669 377 325
1733 2670 378 326
1733 2671 380 327
1733 2672 380 328
1733 2673 382 328
1733 2674 384 328
1733 2675 387 325
1747 2668 587 375
1747 2669 587 378
1747 2670 586 374
1747 2671 584 380
1747 2672 582 385
1747 2673 579 384
1747 2674 578 379
1747 2675 575 379
1747 2676 574 382
1747 2677 570 382
1747 2678 569 378
1747 2679 565 382
1747 2680 563 382
1747 2681 562 383
1747 2682 559 381
1747 2683 559 380
1747 2684 556 382
1747 2685 552 386
1747 2686 552 382
1747 2687 548 383
1747 2688 545 383
1747 2689 541 384
1747 2690 542 382
1747 2691 540 383
1747 2692 538 381
1747 2693 535 382
1747 2694 534 381
1747 2695 532 382
1747 2696 531 381
1747 2697 527 381
1747 2698 525 380
1747 2699 525 380
1747 2700 523 379
1747 2701 521 378
1747 2702 517 378
1747 2703 516 379
1747 2704 516 377
1747 2705 513 376
1747 2706 511 376
1747 2707 509 375
1747 2708 509 375
1747 2709 507 374
1747 2710 506 373
1747 2711 504 373
1747 2712 504 372
1747 2713 503 372
1747 2714 502 371
1747 2715 501 370
1747 2716 499 370
1747 2717 499 370
1747 2718 498 369
1747 2719 497 369
1747 2720 496 367
1747 2721 494 366
1747 2722 494 366
1747 2723 493 366
1747 2724 492 365
1747 2725 489 364
1747 2726 487 364
1747 2727 486 368
1747 2728 488 362
1747 2729 486 363
1747 2730 483 363
1747 2731 482 361
1747 2732 483 360
1790 2739 483 374
1790 2740 483 377
1790 2741 488 378
1790 2742 488 378
1790 2743 489 378
1790 2744 493 378
1790 2745 495 381
1790 2746 497 382
1790 2747 499 381
1790 2748 501 382
1790 2749 503 382
1790 2750 506 384
1790 2751 507 386
1790 2752 509 385
1790 2753 511 385
1790 2754 513 387
1790 2755 515 389
1790 2756 517 388
1790 2757 517 389
1790 2758 522 390
1790 2759 523 393
1790 2760 526 394
1790 2761 528 393
1790 2762 529 393
1790 2763 532 395
1790 2764 533 397
1790 2765 535 396
1790 2766 540 396
1790 2767 541 394
1790 2768 543 401
1790 2769 545 397
1790 2770 549 398
1798 2757 449 352
1798 2758 450 349
1798 2759 450 349
1798 2760 449 348
1798 2761 448 348
1798 2762 446 348
1798 2763 446 347
1798 2764 445 346
1798 2765 444 345
1798 2766 441 344
1798 2767 441 344
1798 2768 440 344
1798 2769 438 340
1798 2770 438 342
1798 2771 437 342
1798 2772 435 342
1798 2773 435 341
1798 2774 434 340
1798 2775 431 340
1798 2776 430 340
1798 2777 430 339
1798 2778 430 339
1798 2779 429 339
1798 2780 428 338
1798 2781 425 341
1798 2782 426 337
1798 2783 425 337
1798 2784 424 337
1798 2785 423 336
1798 2786 421 335
1798 2787 421 335
1798 2788 420 335
1798 2789 419 334
1798 2790 417 334
1798 2791 416 333
1798 2792 415 333
1798 2793 414 333
1798 2794 409 336
1798 2795 410 336
1798 2796 411 337
1798 2797 410 337
1798 2798 409 331
1798 2799 408 330
1798 2800 407 331
1798 2801 407 330
1798 2802 405 330
1798 2803 405 329
1798 2804 403 328
1798 2805 401 328
1798 2806 401 328
1798 2807 399 326
1798 2808 398 326
1798 2809 402 318
1805 2770 541 407
1805 2771 542 410
1805 2772 549 406
1805 2773 556 408
1805 2774 554 409
1805 2775 555 409
1805 2776 556 408
1805 2777 561 409
1805 2778 565 410
1805 2779 566 411
1805 2780 568 411
1805 2781 571 411
1805 2782 574 413
1805 2783 575 414
1805 2784 577 415
1805 2785 580 414
1805 2786 583 415
1805 2787 584 417
1805 2788 587 420
1805 2789 588 420
1805 2790 592 419
1805 2791 594 421
1805 2792 596 423
1805 2793 598 425
1805 2794 598 424
1805 2795 606 425
1805 2796 607 425
1805 2797 609 428
1805 2798 610 429
1805 2799 612 427
1805 2800 616 429
1805 2801 617 430
1805 2802 619 432
1805 2803 621 431
1805 2804 625 431
1805 2805 628 433
1805 2806 630 435
1805 2807 630 437
1805 2808 632 436
1805 2809 635 436
1805 2810 635 441
1805 2811 635 443
1805 2812 636 449
1831 2815 390 335
1831 2816 390 331
1831 2817 391 331
1831 2818 391 331
1831 2819 398 338
1831 2820 400 341
1831 2821 402 342
1831 2822 402 341
1831 2823 404 343
1831 2824 407 344
1831 2825 408 344
1831 2826 411 345
1831 2827 414 345
1831 2828 414 347
1831 2829 416 348
1831 2830 418 348
1831 2831 421 348
1831 2832 421 351
1831 2833 424 350
1831 2834 427 352
1831 2835 429 353
1831 2836 428 355
1831 2837 432 355
1831 2838 436 354
1831 2839 436 356
1831 2840 438 357
1831 2841 439 358
1831 2842 443 357
1831 2843 444 361
1831 2844 447 362
1831 2845 449 361
1831 2846 448 364
1831 2847 453 363
1831 2848 455 365
1831 2849 457 366
1831 2850 459 364
1831 2851 461 367
1831 2852 464 369
1831 2853 466 368
1831 2854 466 371
1831 2855 463 368
1833 2819 461 367
1833 2820 461 367
1833 2821 463 370
1833 2822 465 372
1833 2823 466 373
1833 2824 469 373
1833 2825 472 374
1833 2826 471 377
1833 2827 476 375
1833 2828 479 376
1833 2829 481 378
1833 2830 482 380
1833 2831 484 380
1833 2832 487 386
1833 2833 491 383
1833 2834 494 383
1833 2835 496 383
1833 2836 498 386
1833 2837 500 387
1833 2838 503 389
1833 2839 508 389
1833 2840 508 390
1833 2841 511 392
1833 2842 516 393
1833 2843 518 394
1833 2844 521 396
1833 2845 518 397
1867 2856 552 410
1867 2857 559 413
1867 2858 559 412
1867 2859 563 412
1867 2860 564 415
1867 2861 568 416
1867 2862 572 417
1867 2863 574 418
1867 2864 577 420
1867 2865 581 420
1867 2866 584 421
1867 2867 587 423
1867 2868 590 425
1867 2869 592 427
1867 2870 596 427
1867 2871 600 429
1867 2872 604 429
1867 2873 607 429
1867 2874 609 430
1867 2875 612 432
1867 2876 614 433
1867 2877 618 435
1867 2878 621 437
1867 2879 623 438
1867 2880 626 439
1867 2881 631 439
1867 2882 633 441
1867 2883 635 444
1867 2884 635 446
1890 2871 256 248
1890 2872 247 249
1890 2873 253 249
1890 2874 252 251
1890 2875 262 251
1890 2876 278 255
1890 2877 287 256
1890 2878 297 258
1890 2879 305 258
1890 2880 313 259
1890 2881 323 257
1890 2882 333 260
1890 2883 342 260
1890 2884 351 262
1890 2885 360 263
1890 2886 369 263
1890 2887 370 267
1915 2888 556 406
1915 2889 555 409
1915 2890 554 411
1915 2891 558 413
1915 2892 566 411
1915 2893 566 412
1915 2894 569 414
1915 2895 575 415
1915 2896 577 416
1915 2897 577 416
1915 2898 581 419
1915 2899 580 421
1915 2900 585 419
1915 2901 589 422
1915 2902 592 424
1915 2903 594 426
1915 2904 594 427
1915 2905 600 427
1915 2906 604 429
1915 2907 606 430
1915 2908 609 430
1915 2909 612 431
1915 2910 616 431
1915 2911 618 433
1915 2912 618 436
1915 2913 625 436
1915 2914 628 436
1915 2915 627 439
1915 2916 631 439
1915 2917 633 439
1915 2918 634 442
1915 2919 635 443
2058 2973 210 335
2058 2974 209 338
2058 2975 210 339
2058 2976 213 341
2058 2977 213 339
2058 2978 214 340
2058 2979 216 340
2058 2980 217 341
2058 2981 221 343
2058 2982 221 343
2058 2983 223 342
2058 2984 225 341
2058 2985 228 344
2058 2986 231 344
2058 2987 232 344
2058 2988 232 344
2058 2989 236 345
2058 2990 239 346
2058 2991 240 345
2058 2992 242 346
2058 2993 243 346
2058 2994 246 346
2058 2995 249 347
2058 2996 250 348
2058 2997 253 347
2058 2998 255 347
2058 2999 256 349
2058 3000 260 349
2058 3001 261 349
2058 3002 264 348
2058 3003 265 349
2058 3004 269 350
2058 3005 271 350
2058 3006 273 349
2058 3007 275 350
2058 3008 278 351
2058 3009 280 350
2058 3010 283 351
2058 3011 285 349
2058 3012 288 351
2058 3013 291 353
2058 3014 292 353
2058 3015 295 352
2058 3016 297 353
2058 3017 300 353
2058 3018 301 354
2058 3019 303 354
2058 3020 305 353
2058 3021 307 354
2058 3022 311 355
2058 3023 313 356
2058 3024 313 356
2058 3025 317 356
2058 3026 317 357
2058 3027 320 358
2058 3028 321 359
2058 3029 325 358
2058 3030 326 359
2058 3031 329 360
2058 3032 330 361
2058 3033 332 361
2058 3034 334 361
2058 3035 337 363
2058 3036 338 364
2058 3037 339 363
2058 3038 342 363
2058 3039 343 365
2058 3040 346 367
2058 3041 347 368
2058 3042 348 368
2058 3043 351 368
2058 3044 352 369
2058 3045 355 370
2058 3046 356 371
2058 3047 358 370
2058 3048 360 372
2058 3049 363 374
2058 3050 364 373
2058 3051 368 373
2058 3052 369 374
2058 3053 371 376
2058 3054 373 376
2058 3055 375 375
2058 3056 379 377
2058 3057 381 377
2058 3058 383 379
2058 3059 384 379
2058 3060 387 379
2058 3061 391 380
2058 3062 392 380
2058 3063 396 381
2058 3064 397 381
2058 3065 401 380
2058 3066 405 381
2058 3067 407 381
2058 3068 407 382
2058 3069 411 381
2058 3070 415 382
2058 3071 417 384
2058 3072 419 384
2058 3073 420 384
2058 3074 424 384
2058 3075 427 384
2058 3076 430 387
2058 3077 431 386
2058 3078 434 384
2058 3079 437 383
2058 3080 437 379
2122 3056 399 450
2122 3057 401 448
2122 3058 400 447
2122 3059 405 449
2122 3060 407 444
2122 3061 407 447
2122 3062 413 444
2122 3063 415 443
2122 3064 419 442
2122 3065 419 442
2122 3066 422 440
2122 3067 425 441
2122 3068 426 441
2122 3069 429 442
2122 3070 432 435
2122 3071 436 433
2122 3072 435 435
2122 3073 441 431
2122 3074 443 430
2122 3075 445 433
2122 3076 452 431
2122 3077 454 428
2122 3078 455 430
2122 3079 461 429
2122 3080 463 426
2122 3081 462 430
2122 3082 463 426
2143 3080 163 248
2143 3081 170 249
2143 3082 177 249
2143 3083 185 248
2143 3084 191 249
2143 3085 200 249
2143 3086 210 246
2143 3087 214 246
2143 3088 220 255
2143 3089 228 254
2143 3090 239 253
2143 3091 246 255
2143 3092 253 256
2143 3093 261 257
2143 3094 271 257
2143 3095 280 259
2143 3096 289 260
2143 3097 298 259
2143 3098 306 260
2206 3114 305 272
2206 3115 304 270
2206 3116 303 270
2206 3117 300 269
2206 3118 298 271
2206 3119 296 270
2206 3120 296 269
2206 3121 294 268
2206 3122 290 268
2206 3123 290 268
2206 3124 289 269
2206 3125 287 269
2206 3126 284 269
2206 3127 285 266
2206 3128 282 268
2206 3129 280 270
2206 3130 279 268
2206 3131 277 268
2206 3132 274 270
2206 3133 274 270
2206 3134 270 269
2206 3135 269 269
2206 3136 268 269
2206 3137 267 272
2206 3138 265 270
2206 3139 261 270
2206 3140 259 270
2206 3141 258 269
2206 3142 257 269
2206 3143 253 271
2206 3144 252 271
2206 3145 250 269
2206 3146 248 271
2206 3147 247 269
2206 3148 244 269
2206 3149 242 268
2206 3150 242 269
2206 3151 240 269
2206 3152 236 266
2206 3153 237 267
2206 3154 233 266
2206 3155 231 267
2206 3156 230 267
2206 3157 228 267
2206 3158 226 267
2206 3159 223 273
2206 3160 223 273
2206 3161 222 273
2206 3162 221 274
2206 3163 219 274
2206 3164 218 274
2206 3165 217 275
2206 3166 216 276
2206 3167 213 276
2206 3168 212 276
2206 3169 209 276
2206 3170 209 277
2206 3171 208 277
2206 3172 207 276
2206 3173 204 277
2206 3174 202 278
2206 3175 201 278
2206 3176 202 281
2220 3125 552 413
2220 3126 554 415
2220 3127 555 414
2220 3128 559 414
2220 3129 562 414
2220 3130 565 416
2220 3131 568 416
2220 3132 571 417
2220 3133 574 417
2220 3134 577 418
2220 3135 580 421
2220 3136 584 420
2220 3137 585 418
2220 3138 588 422
2220 3139 592 424
2220 3140 595 425
2220 3141 599 424
2220 3142 600 425
2220 3143 603 429
2220 3144 607 427
2220 3145 610 427
2220 3146 613 430
2220 3147 615 432
2220 3148 618 431
2220 3149 621 430
2220 3150 623 433
2220 3151 625 436
2220 3152 626 436
2220 3153 631 436
2220 3154 633 438
2220 3155 634 441
2220 3156 635 443
2437 3486 77 275
2437 3487 84 273
2437 3488 80 274
2437 3489 79 271
2437 3490 77 270
2437 3491 70 274
2437 3492 70 274
2437 3493 66 276
2437 3494 62 276
2437 3495 59 276
2437 3496 56 277
2437 3497 54 278
2437 3498 49 280
2437 3499 47 283
2437 3500 43 282
2437 3501 40 284
2437 3502 37 284
2437 3503 34 291
2437 3504 31 286
2437 3505 28 287
2437 3506 26 291
2437 3507 25 289
2437 3508 22 290
2437 3509 19 293
2437 3510 17 294
2437 3511 16 295
2437 3512 14 296
2437 3513 13 298
2437 3514 12 297
2437 3515 12 300
2437 3516 13 299
2437 3517 15 301
2437 3518 11 301
2437 3519 11 302
2437 3520 9 304
2437 3521 8 304
2437 3522 8 306
2437 3523 6 307
2437 3524 3 316
2437 3525 4 311
2437 3526 6 309
2437 3527 4 313
2860 3895 173 249
2860 3896 183 250
2860 3897 189 247
2860 3898 203 250
2860 3899 205 248
2860 3900 210 247
2860 3901 200 249
2860 3902 209 250
2860 3903 216 252
2860 3904 227 254
2860 3905 238 253
2860 3906 245 256
2860 3907 254 256
2860 3908 265 257
2860 3909 277 259
2860 3910 289 259
2860 3911 299 261
2860 3912 310 262
2939 4100 171 287
2939 4101 172 286
2939 4102 172 285
2939 4103 174 287
2939 4104 174 285
2939 4105 175 287
2939 4106 176 286
2939 4107 174 286
2939 4108 177 286
2939 4109 177 286
2939 4110 178 286
2939 4111 179 285
2939 4112 181 286
2939 4113 183 286
2939 4114 184 285
2939 4115 185 285
2939 4116 186 285
2939 4117 187 286
2939 4118 188 286
2939 4119 189 286
2939 4120 191 287
2939 4121 193 287
2939 4122 193 288
2939 4123 195 287
2939 4124 195 288
2939 4125 196 288
2939 4126 197 289
2939 4127 198 289
2939 4128 199 290
2939 4129 200 291
2939 4130 202 290
2939 4131 203 290
2939 4132 204 292
2939 4133 204 292
2939 4134 206 292
2939 4135 208 293
2939 4136 209 295
2939 4137 210 295
2939 4138 211 295
2939 4139 212 293
2939 4140 214 297
2939 4141 217 300
2939 4142 217 298
2939 4143 218 297
2939 4144 221 300
2939 4145 222 300
2939 4146 222 298
2939 4147 225 299
2939 4148 228 300
2939 4149 229 300
2939 4150 230 299
2939 4151 231 297
2939 4152 233 299
2939 4153 236 299
2939 4154 237 299
2939 4155 237 300
2939 4156 240 299
2939 4157 242 300
2939 4158 243 300
2939 4159 244 300
2939 4160 246 301
2939 4161 249 301
2939 4162 250 300
2939 4163 250 300
2939 4164 252 300
2939 4165 255 301
2939 4166 257 302
2939 4167 258 302
2939 4168 260 301
2939 4169 263 302
2939 4170 264 303
2939 4171 263 302
2939 4172 267 302
2939 4173 268 301
2939 4174 271 303
2939 4175 272 303
2939 4176 274 303
2939 4177 276 304
2939 4178 278 303
2939 4179 280 304
2939 4180 279 305
2939 4181 281 305
2939 4182 283 306
2939 4183 286 305
2939 4184 287 306
2939 4185 290 304
2939 4186 291 308
2939 4187 293 308
2939 4188 294 305
2939 4189 294 309
2939 4190 298 310
2939 4191 302 311
2939 4192 301 310
2939 4193 301 306
2939 4194 303 309
2939 4195 308 303
2939 4196 308 304
2939 4197 311 303
2939 4198 315 303
2939 4199 316 302
2939 4200 314 303
2939 4201 316 305
2939 4202 318 306
2939 4203 318 304
2939 4204 321 305
2939 4205 322 305
2939 4206 323 304
2939 4207 325 305
2939 4208 328 305
2939 4209 328 304
2939 4210 330 307
2939 4211 331 308
2939 4212 332 309
2939 4213 331 307
2939 4214 335 308
2939 4215 336 311
2939 4216 339 310
2939 4217 341 310
2939 4218 340 310
2939 4219 342 311
2939 4220 343 312
2939 4221 343 312
2939 4222 346 313
2939 4223 347 315
2939 4224 348 317
2939 4225 350 314
2996 4156 319 256
2996 4157 311 257
2996 4158 303 258
2996 4159 295 260
2996 4160 285 259
2996 4161 274 258
2996 4162 264 256
2996 4163 257 253
2996 4164 249 253
2996 4165 239 253
2996 4166 231 253
2996 4167 219 253
2996 4168 212 247
2996 4169 203 247
2996 4170 198 247
3014 4254 394 336
3014 4255 393 336
3014 4256 395 337
3014 4257 397 339
3014 4258 398 339
3014 4259 399 340
3014 4260 400 340
3014 4261 401 341
3014 4262 404 342
3014 4263 406 343
3014 4264 407 344
3014 4265 408 343
3014 4266 409 344
3014 4267 411 345
3014 4268 413 347
3014 4269 414 347
3014 4270 416 349
3014 4271 418 350
3014 4272 420 348
3014 4273 423 348
3014 4274 424 351
3014 4275 426 352
3014 4276 427 353
3014 4277 429 355
3014 4278 433 354
3014 4279 434 355
3014 4280 435 358
3014 4281 438 356
3014 4282 440 357
3014 4283 441 357
3014 4284 444 358
3014 4285 445 359
3014 4286 447 360
3014 4287 449 361
3014 4288 452 362
3014 4289 452 361
3014 4290 454 362
3014 4291 456 364
3014 4292 457 363
3014 4293 459 365
3014 4294 461 367
3014 4295 462 367
3014 4296 465 367
3014 4297 467 368
3014 4298 467 369
3014 4299 470 371
3014 4300 472 371
3014 4301 473 371
3014 4302 476 373
3014 4303 478 373
3014 4304 480 374
3014 4305 483 374
3014 4306 483 375
3014 4307 486 376
3014 4308 488 376
3014 4309 491 379
3014 4310 492 379
3014 4311 495 379
3014 4312 499 382
3014 4313 500 382
3014 4314 502 382
3014 4315 505 382
3014 4316 506 384
3014 4317 509 385
3014 4318 511 386
3014 4319 513 387
3014 4320 516 388
3014 4321 518 390
3014 4322 520 388
3014 4323 524 388
3014 4324 526 391
3014 4325 528 391
3014 4326 530 390
3014 4327 535 389
3014 4328 537 390
3014 4329 538 389
3014 4330 542 388
3014 4331 544 387
3014 4332 546 387
3014 4333 548 386
3014 4334 552 384
3014 4335 552 384
3014 4336 555 384
3014 4337 557 384
3014 4338 560 382
3014 4339 561 381
3014 4340 563 380
3014 4341 565 378
3014 4342 565 380
3014 4343 568 379
3014 4344 571 378
3014 4345 572 376
3014 4346 574 375
3014 4347 573 375
3014 4348 574 374
3014 4349 576 376
3014 4350 576 374
3014 4351 578 373
3014 4352 580 372
3014 4353 582 371
3014 4354 582 371
3014 4355 583 372
3014 4356 585 369
3014 4357 587 369
3014 4358 588 368
3014 4359 590 368
3014 4360 592 367
3014 4361 594 366
3014 4362 595 366
3014 4363 597 365
3014 4364 597 364
3014 4365 598 362
3014 4366 600 363
3014 4367 602 363
3014 4368 603 361
3014 4369 605 361
3014 4370 606 360
3014 4371 609 358
3014 4372 608 359
3014 4373 611 357
3014 4374 612 356
3014 4375 612 356
3014 4376 614 357
3014 4377 615 357
3014 4378 617 355
3126 4371 636 447
3126 4372 635 443
3126 4373 633 443
3126 4374 633 440
3126 4375 632 439
3126 4376 630 439
3126 4377 629 437
3126 4378 626 434
3126 4379 625 435
3126 4380 621 435
3126 4381 619 434
3126 4382 617 430
3126 4383 615 432
3126 4384 612 430
3126 4385 610 427
3126 4386 608 427
3126 4387 605 426
3126 4388 604 425
3126 4389 601 425
3126 4390 599 423
3126 4391 596 423
3126 4392 595 422
3126 4393 593 421
3126 4394 591 421
3126 4395 589 418
3126 4396 587 419
3126 4397 586 418
3126 4398 584 417
3126 4399 581 415
3126 4400 578 415
3126 4401 583 415
3423 4912 448 430
3423 4913 447 433
3423 4914 446 430
3423 4915 444 432
3423 4916 443 433
3423 4917 440 433
3423 4918 439 435
3423 4919 434 435
3423 4920 432 436
3423 4921 429 441
3423 4922 425 442
3423 4923 425 446
3423 4924 422 443
3423 4925 419 441
3423 4926 414 443
3423 4927 413 449
3423 4928 407 444
3423 4929 404 445
3423 4930 400 454
3423 4931 395 450
3423 4932 393 455
3423 4933 390 452
3423 4934 387 456
3423 4935 383 454
3423 4936 386 456
3424 4913 503 414
3424 4914 500 412
3424 4915 499 414
3424 4916 493 415
3424 4917 494 412
3424 4918 496 413
3424 4919 492 412
3424 4920 490 412
3424 4921 489 415
3424 4922 486 412
3424 4923 487 415
3424 4924 484 417
3424 4925 480 418
3424 4926 479 418
3424 4927 475 419
3424 4928 471 418
3424 4929 468 420
3424 4930 464 422
3424 4931 462 422
3424 4932 459 424
3424 4933 455 429
3424 4934 455 426
3424 4935 450 425
3424 4936 447 428
3424 4937 444 430
3424 4938 441 429
3424 4939 440 431
3424 4940 435 433
3424 4941 433 434
3424 4942 430 439
3469 4967 356 246
3469 4968 346 246
3469 4969 340 252
3469 4970 331 257
3469 4971 322 258
3469 4972 315 250
3469 4973 308 251
3469 4974 301 255
3469 4975 292 253
3469 4976 286 255
3469 4977 277 251
3469 4978 271 253
3469 4979 266 254
3469 4980 259 251
3469 4981 254 252
3469 4982 249 256
3469 4983 242 251
3469 4984 236 251
3469 4985 234 257
3469 4986 229 260
3469 4987 224 260
3469 4988 219 257
3537 5019 138 281
3537 5020 137 289
3537 5021 132 290
3537 5022 129 291
3537 5023 126 291
3537 5024 125 293
3537 5025 122 293
3537 5026 118 298
3537 5027 114 300
3537 5028 110 301
3537 5029 106 301
3537 5030 102 304
3537 5031 97 303
3537 5032 94 306
3537 5033 89 303
3537 5034 85 308
3537 5035 82 308
3537 5036 79 311
3646 5191 351 254
3646 5192 345 255
3646 5193 337 249
3646 5194 346 259
3646 5195 331 255
3646 5196 321 253
3646 5197 308 253
3646 5198 294 254
3646 5199 270 251
3646 5200 270 251
3646 5201 256 251
3646 5202 230 248
3646 5203 218 248
3646 5204 219 254
3716 5325 635 445
3716 5326 634 436
3716 5327 633 436
3716 5328 629 434
3716 5329 624 433
3716 5330 623 432
3716 5331 619 429
3716 5332 613 428
3716 5333 611 427
3716 5334 607 425
3716 5335 600 423
3716 5336 596 423
3716 5337 594 419
3716 5338 591 419
3716 5339 586 419
3716 5340 583 415
3716 5341 579 414
3716 5342 573 413
3716 5343 571 412
3716 5344 569 410
3716 5345 563 412
3716 5346 562 408
3716 5347 557 406
3716 5348 557 400
3716 5349 553 402
3716 5350 551 403
3726 5354 532 393
3726 5355 527 391
3726 5356 524 391
3726 5357 522 388
3726 5358 518 389
3726 5359 515 387
3726 5360 510 384
3726 5361 505 384
3726 5362 503 383
3726 5363 501 380
3726 5364 498 380
3726 5365 494 379
3726 5366 491 376
3726 5367 487 376
3726 5368 483 374
3726 5369 480 373
3726 5370 476 370
3726 5371 475 370
3726 5372 474 370
3726 5373 471 368
3726 5374 466 366
3726 5375 462 366
3726 5376 461 363
3726 5377 459 361
3726 5378 455 362
3726 5379 453 360
3726 5380 449 359
3726 5381 445 357
3726 5382 444 356
3726 5383 442 354
3726 5384 439 354
3726 5385 437 353
3726 5386 434 351
3726 5387 431 349
3726 5388 427 349
3726 5389 426 348
3726 5390 424 346
3726 5391 421 346
3726 5392 418 344
3726 5393 416 342
3726 5394 412 341
3726 5395 409 341
3726 5396 409 341
3726 5397 405 339
3726 5398 403 339
3726 5399 401 337
3726 5400 398 335
3726 5401 394 334
3726 5402 393 333
3726 5403 393 331
3726 5404 391 333
3726 5405 388 333
3726 5406 385 328
3726 5407 382 327
3726 5408 379 325
3726 5409 377 324
3726 5410 377 324
3726 5411 376 324
3726 5412 374 322
3726 5413 370 321
3726 5414 367 318
3726 5415 366 320
3726 5416 366 317
3726 5417 364 318
3726 5418 361 317
3726 5419 358 314
3726 5420 357 314
3726 5421 354 314
3726 5422 354 313
3726 5423 352 311
3726 5424 350 312
3726 5425 348 310
3726 5426 344 308
3726 5427 344 309
3726 5428 342 306
3726 5429 341 306
3726 5430 340 308
3726 5431 338 306
3726 5432 336 303
3726 5433 334 304
3726 5434 333 303
3726 5435 332 301
3726 5436 331 301
3726 5437 329 301
3726 5438 326 299
3726 5439 322 298
3726 5440 321 296
3726 5441 322 296
3726 5442 320 295
3726 5443 319 297
3726 5444 318 295
3726 5445 316 294
3726 5446 313 291
3726 5447 313 293
3726 5448 313 293
3726 5449 311 291
3726 5450 309 291
3726 5451 307 290
3726 5452 305 288
3726 5453 304 288
3726 5454 303 288
3726 5455 302 287
3726 5456 301 288
3726 5457 299 287
3726 5458 296 285
3726 5459 295 285
3726 5460 294 285
3726 5461 293 283
3726 5462 293 283
3726 5463 291 283
3726 5464 290 282
3726 5465 286 282
3726 5466 285 282
3726 5467 286 282
3726 5468 282 277
3726 5469 283 283
3726 5470 281 283
3734 5368 625 349
3734 5369 628 348
3734 5370 627 350
3734 5371 622 351
3734 5372 626 349
3734 5373 621 350
3734 5374 622 349
3734 5375 621 352
3734 5376 619 352
3734 5377 618 353
3734 5378 616 355
3734 5379 614 356
3734 5380 614 355
3734 5381 612 356
3734 5382 610 355
3734 5383 608 359
3734 5384 608 362
3734 5385 606 359
3734 5386 604 362
3734 5387 601 362
3734 5388 600 363
3734 5389 598 364
3734 5390 597 363
3734 5391 595 365
3734 5392 592 365
3734 5393 592 369
3734 5394 590 368
3734 5395 588 369
3734 5396 586 370
3734 5397 584 372
3734 5398 582 371
3734 5399 580 372
3734 5400 575 373
3734 5401 578 375
3734 5402 575 377
3734 5403 574 380
3734 5404 572 380
3734 5405 569 378
3734 5406 566 381
3734 5407 563 382
3734 5408 562 382
3734 5409 558 386
3734 5410 554 382
3734 5411 555 385
3734 5412 553 386
3734 5413 551 388
3734 5414 548 387
3734 5415 545 392
3734 5416 543 392
3734 5417 540 392
3734 5418 538 392
3734 5419 535 396
3734 5420 533 397
3734 5421 530 396
3734 5422 526 399
3734 5423 524 401
3734 5424 528 398
3734 5425 524 400
3734 5426 522 399
3734 5427 520 398
3785 5462 384 449
3785 5463 387 453
3785 5464 381 456
3785 5465 379 459
3785 5466 374 459
3785 5467 368 459
3785 5468 364 461
3785 5469 361 462
3785 5470 359 462
3785 5471 352 463
3785 5472 348 463
3785 5473 344 464
3785 5474 335 464
3785 5475 330 465
3785 5476 325 467
3785 5477 321 467
3785 5478 315 468
3785 5479 314 468
3785 5480 309 469
3785 5481 309 471
3884 5706 636 442
3884 5707 634 438
3884 5708 633 437
3884 5709 628 433
3884 5710 627 432
3884 5711 625 433
3884 5712 622 431
3884 5713 620 430
3884 5714 617 429
3884 5715 614 428
3884 5716 611 427
3884 5717 607 424
3884 5718 605 424
3884 5719 602 424
3884 5720 599 423
3884 5721 598 421
3884 5722 593 419
3884 5723 590 419
3884 5724 588 419
3884 5725 585 415
3884 5726 582 414
3884 5727 580 414
3884 5728 577 413
3884 5729 575 411
3884 5730 572 411
3884 5731 569 410
3884 5732 567 413
3884 5733 564 409
3884 5734 560 412
3884 5735 555 412
3884 5736 555 414
3902 5738 551 392
3902 5739 548 393
3902 5740 546 391
3902 5741 542 392
3902 5742 538 392
3902 5743 536 392
3902 5744 535 391
3902 5745 532 391
3902 5746 529 391
3902 5747 527 390
3902 5748 524 390
3902 5749 520 387
3902 5750 517 387
3902 5751 515 386
3902 5752 513 384
3902 5753 510 383
3902 5754 508 383
3902 5755 506 383
3902 5756 503 382
3902 5757 500 380
3902 5758 497 379
3902 5759 495 376
3902 5760 494 376
3902 5761 491 375
3902 5762 489 375
3902 5763 486 374
3902 5764 484 374
3902 5765 481 371
3902 5766 478 370
3902 5767 476 369
3902 5768 475 368
3902 5769 476 371
3903 5740 478 416
3903 5741 477 416
3903 5742 475 414
3903 5743 471 417
3903 5744 468 419
3903 5745 466 418
3903 5746 464 421
3903 5747 462 421
3903 5748 459 423
3903 5749 455 423
3903 5750 452 424
3903 5751 447 426
3903 5752 446 426
3903 5753 444 428
3903 5754 441 430
3903 5755 438 430
3903 5756 435 430
3903 5757 433 433
3903 5758 428 434
3903 5759 425 435
3903 5760 424 436
3903 5761 422 438
3903 5762 419 438
3903 5763 414 439
3903 5764 411 439
3903 5765 408 441
3903 5766 405 443
3903 5767 402 437
3909 5744 147 267
3909 5745 146 270
3909 5746 153 264
3909 5747 150 266
3909 5748 148 272
3909 5749 145 274
3909 5750 142 276
3909 5751 138 280
3909 5752 138 281
3909 5753 133 284
3909 5754 129 283
3909 5755 125 285
3909 5756 124 289
3909 5757 119 289
3909 5758 116 292
3909 5759 111 290
3909 5760 108 290
3909 5761 107 296
3909 5762 109 298
3909 5763 105 295
3909 5764 101 298
3909 5765 99 293
3909 5766 98 298
3909 5767 96 299
3909 5768 95 301
3909 5769 97 290
3909 5770 100 299
3940 5769 472 367
3940 5770 469 367
3940 5771 467 365
3940 5772 465 366
3940 5773 462 364
3940 5774 460 362
3940 5775 457 362
3940 5776 457 361
3940 5777 454 359
3940 5778 452 359
3940 5779 450 358
3940 5780 446 355
3940 5781 443 356
3940 5782 443 355
3940 5783 440 353
3940 5784 439 352
3940 5785 437 352
3940 5786 434 352
3940 5787 432 351
3940 5788 430 346
3940 5789 427 348
3940 5790 426 347
3940 5791 425 347
3940 5792 423 346
3940 5793 422 346
3940 5794 419 344
3940 5795 416 342
3940 5796 413 338
3940 5797 413 341
3940 5798 411 339
3940 5799 409 339
3940 5800 408 338
3940 5801 408 339
3940 5802 404 338
3940 5803 402 336
3940 5804 399 334
3940 5805 399 335
3940 5806 398 332
3940 5807 397 333
3940 5808 394 331
3940 5809 393 332
3940 5810 391 331
3940 5811 388 329
3940 5812 387 329
3940 5813 385 327
3940 5814 385 327
3940 5815 384 326
3940 5816 383 327
3940 5817 381 324
3940 5818 379 324
3940 5819 380 324
3956 5805 64 322
3956 5806 63 323
3956 5807 61 323
3956 5808 65 317
3956 5809 60 318
3956 5810 59 319
3956 5811 58 320
3956 5812 56 322
3956 5813 52 322
3956 5814 45 324
3956 5815 46 326
3956 5816 41 327
3956 5817 37 328
3956 5818 32 330
3956 5819 27 333
3956 5820 22 335
3956 5821 19 338
3956 5822 16 340
3956 5823 13 343
3956 5824 10 348
3956 5825 7 346
3956 5826 4 349
3958 5805 92 301
3958 5806 91 301
3958 5807 90 302
3958 5808 89 305
3958 5809 88 303
3958 5810 85 306
3958 5811 83 308
3958 5812 81 309
3958 5813 78 313
3958 5814 74 310
3958 5815 71 315
3958 5816 68 319
3958 5817 65 315
3958 5818 60 321
3958 5819 56 321
3958 5820 52 323
3958 5821 47 326
3958 5822 42 330
3958 5823 36 332
3958 5824 32 330
3958 5825 27 334
3958 5826 21 335
3958 5827 16 338
3958 5828 11 341
3958 5829 8 344
3958 5830 6 346
3958 5831 3 354
4017 5867 415 346
4017 5868 414 350
4017 5869 417 351
4017 5870 420 349
4017 5871 421 350
4017 5872 423 353
4017 5873 425 352
4017 5874 426 353
4017 5875 429 356
4017 5876 430 356
4017 5877 434 356
4017 5878 437 356
4017 5879 439 358
4017 5880 441 360
4017 5881 441 361
4017 5882 444 361
4017 5883 446 361
4017 5884 448 363
4017 5885 451 363
4017 5886 452 363
4017 5887 457 368
4017 5888 459 366
4017 5889 458 368
4017 5890 462 370
4017 5891 463 372
4017 5892 465 371
4017 5893 469 372
4017 5894 471 374
4017 5895 472 374
4017 5896 474 376
4017 5897 476 376
4017 5898 479 378
4017 5899 480 380
4017 5900 483 379
4017 5901 485 381
4017 5902 488 381
4017 5903 490 384
4017 5904 494 385
4017 5905 495 381
4017 5906 495 384
4017 5907 498 388
4017 5908 502 388
4017 5909 503 389
4017 5910 506 390
4017 5911 510 390
4017 5912 511 390
4017 5913 510 392
4099 5931 567 413
4099 5932 567 417
4099 5933 572 416
4099 5934 570 418
4099 5935 576 417
4099 5936 580 419
4099 5937 584 422
4099 5938 587 422
4099 5939 589 423
4099 5940 591 425
4099 5941 595 425
4099 5942 597 427
4099 5943 601 427
4099 5944 605 430
4099 5945 609 429
4099 5946 610 430
4099 5947 613 432
4099 5948 617 434
4099 5949 621 433
4099 5950 624 435
4099 5951 626 436
4099 5952 629 438
4099 5953 633 441
4099 5954 634 441
4099 5955 632 443
4099 5956 630 453
4099 5957 634 456
4101 5932 190 288
4101 5933 191 288
4101 5934 194 289
4101 5935 195 289
4101 5936 197 289
4101 5937 199 290
4101 5938 201 291
4101 5939 203 291
4101 5940 205 292
4101 5941 206 293
4101 5942 208 293
4101 5943 210 294
4101 5944 211 292
4101 5945 213 293
4101 5946 214 296
4101 5947 215 298
4101 5948 220 300
4101 5949 220 299
4101 5950 222 301
4101 5951 224 300
4101 5952 226 300
4101 5953 227 300
4101 5954 229 300
4101 5955 231 301
4101 5956 233 298
4101 5957 235 298
4101 5958 237 299
4101 5959 239 298
4101 5960 241 298
4101 5961 242 298
4101 5962 245 298
4101 5963 248 298
4101 5964 250 299
4101 5965 250 298
4101 5966 253 298
4101 5967 256 299
4101 5968 257 299
4101 5969 260 299
4101 5970 263 299
4101 5971 263 298
4101 5972 266 300
4101 5973 269 301
4101 5974 271 300
4101 5975 274 300
4101 5976 274 300
4101 5977 276 302
4101 5978 280 302
4101 5979 282 303
4101 5980 284 304
4101 5981 286 305
4101 5982 288 305
4101 5983 289 303
4101 5984 292 307
4101 5985 296 308
4101 5986 295 306
4196 6002 325 303
4196 6003 326 303
4196 6004 329 303
4196 6005 330 305
4196 6006 331 305
4196 6007 333 305
4196 6008 334 306
4196 6009 335 306
4196 6010 336 307
4196 6011 338 308
4196 6012 339 309
4196 6013 340 309
4196 6014 342 310
4196 6015 343 310
4196 6016 344 311
4196 6017 347 311
4196 6018 348 312
4196 6019 350 313
4196 6020 352 313
4196 6021 353 314
4196 6022 355 315
4196 6023 357 315
4196 6024 358 316
4196 6025 358 316
4196 6026 361 318
4196 6027 362 319
4196 6028 363 319
4196 6029 364 319
4196 6030 365 321
4196 6031 366 321
4196 6032 368 323
4196 6033 370 322
4196 6034 371 323
4196 6035 373 324
4196 6036 375 324
4196 6037 375 325
4196 6038 379 326
4196 6039 379 327
4196 6040 380 327
4196 6041 381 329
4196 6042 384 329
4196 6043 385 329
4196 6044 387 330
4196 6045 389 331
4196 6046 391 332
4196 6047 392 334
4196 6048 393 334
4196 6049 393 335
4196 6050 396 336
4196 6051 397 338
4196 6052 399 339
4196 6053 401 337
4196 6054 403 337
4196 6055 404 339
4196 6056 405 339
4196 6057 406 341
4196 6058 408 341
4196 6059 410 342
4196 6060 412 343
4196 6061 411 342
4196 6062 413 344
4196 6063 416 344
4196 6064 415 344
4196 6065 416 345
4196 6066 417 346
4196 6067 419 346
4196 6068 420 348
4196 6069 421 349
4196 6070 422 349
4196 6071 424 350
4196 6072 424 351
4196 6073 427 351
4196 6074 428 352
4196 6075 430 353
4196 6076 433 353
4196 6077 434 354
4196 6078 437 355
4196 6079 437 356
4196 6080 440 356
4196 6081 441 357
4196 6082 443 359
4196 6083 445 359
4196 6084 447 359
4196 6085 449 360
4196 6086 450 361
4196 6087 452 363
4196 6088 455 364
4196 6089 456 364
4196 6090 459 367
4196 6091 462 366
4196 6092 465 366
4196 6093 465 368
4196 6094 469 368
4196 6095 469 369
4196 6096 472 369
4196 6097 474 370
4196 6098 477 373
4196 6099 479 372
4196 6100 481 373
4196 6101 483 373
4196 6102 485 375
4196 6103 486 375
4196 6104 489 377
4196 6105 491 378
4196 6106 493 378
4196 6107 494 378
4196 6108 497 379
4196 6109 500 380
4196 6110 504 382
4196 6111 505 383
4196 6112 505 381
4296 6133 556 412
4296 6134 557 412
4296 6135 559 411
4296 6136 562 413
4296 6137 563 412
4296 6138 565 412
4296 6139 569 411
4296 6140 571 411
4296 6141 574 412
4296 6142 576 414
4296 6143 576 415
4296 6144 579 416
4296 6145 581 417
4296 6146 584 418
4296 6147 586 419
4296 6148 589 421
4296 6149 592 422
4296 6150 595 423
4296 6151 596 425
4296 6152 599 426
4296 6153 602 428
4296 6154 602 429
4296 6155 606 427
4296 6156 610 428
4296 6157 613 430
4296 6158 615 431
4296 6159 616 433
4296 6160 620 434
4296 6161 623 435
4296 6162 624 436
4296 6163 629 437
4296 6164 632 438
4296 6165 633 439
4296 6166 633 442
4296 6167 635 444
4343 6209 380 268
4343 6210 381 259
4343 6211 388 259
4343 6212 384 264
4343 6213 395 265
4343 6214 408 266
4343 6215 421 267
4343 6216 433 268
4343 6217 448 269
4343 6218 458 270
4343 6219 469 270
4343 6220 480 271
4343 6221 488 277
4373 6248 388 447
4373 6249 389 451
4373 6250 394 448
4373 6251 394 452
4373 6252 401 449
4373 6253 403 443
4373 6254 409 443
4373 6255 413 439
4373 6256 417 440
4373 6257 420 438
4373 6258 426 435
4373 6259 425 442
4373 6260 430 438
4373 6261 434 432
4373 6262 437 430
4373 6263 440 432
4373 6264 443 429
4373 6265 447 427
4373 6266 450 426
4373 6267 454 433
4373 6268 453 427
4388 6268 225 287
4388 6269 223 291
4388 6270 224 293
4388 6271 224 293
4388 6272 225 296
4388 6273 227 296
4388 6274 228 294
4388 6275 228 299
4388 6276 230 297
4388 6277 232 295
4388 6278 234 296
4388 6279 234 296
4388 6280 236 297
4388 6281 236 299
4388 6282 237 296
4388 6283 235 300
4388 6284 240 297
4388 6285 235 301
4388 6286 238 298
4388 6287 238 300
4388 6288 239 304
4388 6289 239 300
4388 6290 240 300
4388 6291 241 298
4388 6292 242 299
4388 6293 242 300
4388 6294 242 301
4388 6295 243 303
4388 6296 246 301
4388 6297 246 301
4388 6298 246 300
4388 6299 246 302
4388 6300 250 301
4388 6301 249 302
4388 6302 248 303
4388 6303 252 303
4388 6304 253 305
4388 6305 250 304
4388 6306 255 304
4388 6307 256 305
4388 6308 257 305
4388 6309 255 308
4388 6310 258 305
4388 6311 261 306
4388 6312 260 306
4388 6313 261 305
4388 6314 261 306
4388 6315 263 306
4388 6316 264 302
4388 6317 264 307
4388 6318 261 308
4388 6319 262 305
4388 6320 261 305
4388 6321 262 309
4388 6322 264 309
4388 6323 267 308
4388 6324 265 309
4388 6325 265 310
4388 6326 268 310
4388 6327 267 311
4388 6328 268 312
4388 6329 269 312
4388 6330 270 311
4388 6331 270 313
4388 6332 273 312
4388 6333 274 313
4388 6334 272 315
4388 6335 273 316
4388 6336 277 313
4388 6337 279 315
4388 6338 281 315
4388 6339 280 315
4388 6340 281 315
4388 6341 283 316
4388 6342 284 316
4388 6343 284 317
4388 6344 283 314
4388 6345 285 318
4388 6346 286 316
4396 6289 515 397
4396 6290 516 396
4396 6291 518 398
4396 6292 520 397
4396 6293 524 396
4396 6294 526 398
4396 6295 528 396
4396 6296 530 396
4396 6297 532 393
4396 6298 535 394
4396 6299 535 392
4396 6300 539 392
4396 6301 540 391
4396 6302 543 392
4396 6303 545 389
4396 6304 547 386
4396 6305 548 387
4396 6306 551 387
4396 6307 552 386
4396 6308 556 383
4396 6309 556 385
4396 6310 560 382
4396 6311 561 382
4396 6312 563 380
4396 6313 565 378
4396 6314 566 379
4396 6315 569 377
4396 6316 572 376
4396 6317 573 375
4396 6318 574 374
4396 6319 576 373
4396 6320 578 373
4396 6321 580 373
4396 6322 583 371
4396 6323 583 375
4396 6324 587 369
4396 6325 588 371
4396 6326 590 368
4396 6327 591 366
4396 6328 593 366
4396 6329 596 365
4396 6330 596 367
4796 6945 275 476
4796 6946 277 475
4796 6947 283 476
4796 6948 287 475
4796 6949 292 474
4796 6950 296 473
4796 6951 299 473
4796 6952 306 471
4796 6953 310 471
4796 6954 314 471
4796 6955 320 470
4796 6956 323 470
4796 6957 328 468
4796 6958 333 469
4796 6959 337 467
4796 6960 341 467
4796 6961 344 466
4796 6962 349 466
4796 6963 355 465
4796 6964 358 464
4796 6965 361 463
4796 6966 366 463
4796 6967 372 458
4796 6968 375 459
4796 6969 379 458
4796 6970 381 460
4796 6971 384 459
4796 6972 391 457
4796 6973 396 454
4796 6974 397 455
4796 6975 401 446
4796 6976 405 449
4796 6977 408 450
4796 6978 410 450
4796 6979 411 457
4811 6979 416 439
4811 6980 419 439
4811 6981 423 441
4811 6982 424 443
4811 6983 430 437
4811 6984 432 439
4811 6985 437 432
4811 6986 438 435
4811 6987 444 429
4811 6988 447 427
4811 6989 449 427
4811 6990 452 427
4811 6991 455 426
4811 6992 460 423
4811 6993 460 424
4811 6994 465 421
4811 6995 468 425
4811 6996 470 422
4811 6997 474 418
4811 6998 477 419
4811 6999 478 420
4811 7000 476 429
4841 7024 547 396
4841 7025 549 392
4841 7026 554 387
4841 7027 556 385
4841 7028 557 387
4841 7029 558 387
4841 7030 563 386
4841 7031 565 379
4841 7032 568 379
4841 7033 568 379
4841 7034 570 381
4841 7035 571 379
4841 7036 576 374
4841 7037 577 377
4841 7038 578 374
4841 7039 579 378
4841 7040 583 372
4841 7041 585 371
4841 7042 586 372
4841 7043 586 375
4841 7044 589 372
4841 7045 593 367
4841 7046 594 368
4841 7047 596 366
4841 7048 597 365
4841 7049 599 368
4841 7050 599 368
4841 7051 602 366
4841 7052 606 361
4841 7053 608 360
4841 7054 610 359
4841 7055 612 360
4841 7056 614 359
4841 7057 616 358
4841 7058 615 362
4841 7059 619 359
4841 7060 619 355
4898 7073 198 255
4898 7074 194 256
4898 7075 192 256
4898 7076 187 257
4898 7077 190 257
4898 7078 183 258
4898 7079 182 259
4898 7080 196 261
4898 7081 193 264
4898 7082 190 264
4898 7083 186 263
4898 7084 183 264
4898 7085 180 266
4898 7086 176 267
4898 7087 173 267
4898 7088 170 268
4898 7089 166 272
4898 7090 164 271
4898 7091 161 272
4898 7092 158 273
4898 7093 155 275
4898 7094 153 278
4898 7095 150 277
4898 7096 148 278
4898 7097 145 280
4898 7098 143 281
4898 7099 140 282
4898 7100 138 283
4898 7101 137 285
4898 7102 134 286
4898 7103 132 288
4898 7104 129 288
4898 7105 128 290
4898 7106 126 290
4898 7107 124 292
4898 7108 121 294
4898 7109 119 295
4898 7110 117 296
4898 7111 109 298
4898 7112 113 299
4898 7113 110 300
4898 7114 108 302
4898 7115 105 304
4898 7116 103 305
4898 7117 100 311
4898 7118 97 308
4898 7119 93 314
4898 7120 90 312
4898 7121 88 314
4898 7122 83 316
4898 7123 80 318
4898 7124 77 320
4898 7125 74 322
4898 7126 70 323
4898 7127 65 325
4898 7128 61 327
4898 7129 57 329
4898 7130 53 331
4898 7131 50 333
4898 7132 45 335
4898 7133 40 338
4898 7134 35 340
4898 7135 31 342
4898 7136 26 342
4939 7111 96 302
4939 7112 95 304
4939 7113 91 305
4939 7114 88 307
4939 7115 86 309
4939 7116 82 309
4939 7117 81 311
4939 7118 77 312
4939 7119 72 314
4939 7120 70 316
4939 7121 67 317
4939 7122 63 320
4939 7123 59 321
4939 7124 54 322
4939 7125 50 326
4939 7126 47 326
4939 7127 42 328
4939 7128 37 331
4939 7129 32 332
4939 7130 25 336
4939 7131 19 337
4939 7132 14 339
4939 7133 10 341
4939 7134 5 344
4939 7135 5 346
5004 7220 354 263
5004 7221 352 262
5004 7222 362 263
5004 7223 372 264
5004 7224 383 265
5004 7225 391 265
5004 7226 399 267
5004 7227 409 267
5004 7228 421 268
5004 7229 431 269
5004 7230 439 268
5004 7231 446 270
5004 7232 458 271
5004 7233 468 271
5004 7234 473 272
5004 7235 475 273
5004 7236 482 273
5004 7237 488 277
5009 7282 636 345
5009 7283 635 346
5009 7284 635 346
5009 7285 632 346
5009 7286 630 346
5009 7287 629 349
5009 7288 626 349
5009 7289 625 350
5009 7290 623 351
5009 7291 621 351
5009 7292 619 352
5009 7293 618 351
5009 7294 616 354
5009 7295 614 355
5009 7296 613 353
5009 7297 610 357
5009 7298 608 357
5009 7299 606 358
5009 7300 604 358
5009 7301 600 362
5009 7302 600 361
5009 7303 599 362
5009 7304 595 364
5009 7305 593 365
5009 7306 591 365
5009 7307 588 366
5009 7308 588 368
5009 7309 585 368
5009 7310 584 369
5009 7311 582 370
5009 7312 579 372
5009 7313 578 372
5009 7314 575 372
5009 7315 574 375
5009 7316 571 376
5009 7317 570 376
5009 7318 568 377
5009 7319 564 380
5009 7320 562 380
5009 7321 560 381
5009 7322 557 383
5009 7323 555 384
5009 7324 553 384
5009 7325 551 385
5009 7326 548 388
5009 7327 546 387
5009 7328 544 389
5009 7329 540 391
5009 7330 536 392
5009 7331 535 393
5009 7332 531 395
5009 7333 530 396
5009 7334 528 396
5009 7335 523 397
5009 7336 522 399
5009 7337 520 396
5009 7338 517 396
5009 7339 513 397
5028 7309 364 268
5028 7310 364 269
5028 7311 357 265
5028 7312 365 266
5028 7313 374 267
5028 7314 385 267
5028 7315 398 266
5028 7316 409 267
5028 7317 421 268
5028 7318 430 269
5028 7319 440 269
5028 7320 451 270
5028 7321 462 271
5028 7322 473 274
5028 7323 481 275
5028 7324 487 277
5199 7493 262 257
5199 7494 274 259
5199 7495 285 259
5199 7496 296 259
5199 7497 305 259
5199 7498 320 260
5199 7499 333 260
5199 7500 345 261
5199 7501 353 264
5199 7502 367 270
5199 7503 377 271
5199 7504 395 265
5199 7505 406 266
5199 7506 418 266
5199 7507 430 268
5199 7508 445 269
5199 7509 459 271
5199 7510 471 271
5199 7511 479 272
5199 7512 488 277
5299 7657 369 255
5299 7658 368 255
5299 7659 360 255
5299 7660 350 261
5299 7661 340 258
5299 7662 326 257
5299 7663 316 257
5299 7664 306 255
5299 7665 296 258
5299 7666 284 258
5299 7667 272 255
5299 7668 261 254
5299 7669 252 254
5299 7670 243 254
5299 7671 234 253
5299 7672 225 250
5299 7673 208 247
5517 8095 106 299
5517 8096 105 301
5517 8097 107 302
5517 8098 103 302
5517 8099 100 303
5517 8100 96 307
5517 8101 94 308
5517 8102 91 309
5517 8103 87 311
5517 8104 86 313
5517 8105 84 313
5517 8106 81 315
5517 8107 83 314
5517 8108 75 318
5517 8109 73 319
5517 8110 68 321
5517 8111 72 320
5517 8112 68 322
5517 8113 64 324
5517 8114 60 325
5517 8115 56 327
5517 8116 52 329
5517 8117 47 331
5517 8118 41 333
5517 8119 36 335
5517 8120 31 338
5517 8121 27 340
5517 8122 34 336
5524 8132 480 278
5524 8133 479 277
5524 8134 478 277
5524 8135 479 278
5524 8136 475 278
5524 8137 471 280
5524 8138 469 279
5524 8139 468 279
5524 8140 466 279
5524 8141 464 279
5524 8142 460 279
5524 8143 459 281
5524 8144 457 279
5524 8145 455 279
5524 8146 453 279
5524 8147 451 279
5524 8148 448 279
5524 8149 445 280
5524 8150 443 279
5524 8151 442 282
5524 8152 440 279
5524 8153 437 278
5524 8154 435 279
5524 8155 435 278
5524 8156 431 278
5524 8157 429 277
5524 8158 427 279
5524 8159 425 278
5524 8160 422 278
5524 8161 419 278
5524 8162 418 276
5524 8163 415 277
5524 8164 413 278
5524 8165 412 276
5524 8166 410 275
5524 8167 407 276
5524 8168 405 276
5524 8169 403 277
5524 8170 399 278
5524 8171 397 278
5524 8172 397 276
5524 8173 395 276
5524 8174 394 275
5524 8175 390 275
5524 8176 387 275
5524 8177 387 274
5524 8178 385 275
5524 8179 381 275
5524 8180 381 276
5524 8181 375 274
5524 8182 375 276
5524 8183 374 276
5524 8184 372 275
5524 8185 370 274
5524 8186 367 272
5524 8187 366 273
5524 8188 363 273
5524 8189 362 273
5524 8190 358 273
5524 8191 357 273
5524 8192 355 272
5524 8193 352 272
5524 8194 351 272
5524 8195 350 272
5524 8196 347 273
5524 8197 343 273
5524 8198 342 275
5524 8199 340 272
5524 8200 338 271
5524 8201 336 272
5524 8202 334 271
5524 8203 331 271
5524 8204 328 271
5524 8205 328 273
5524 8206 325 270
5524 8207 322 272
5524 8208 320 271
5524 8209 319 272
5524 8210 317 271
5524 8211 315 269
5524 8212 313 269
5524 8213 311 271
5524 8214 309 270
5524 8215 306 269
5524 8216 304 270
5524 8217 303 270
5524 8218 298 268
5524 8219 297 268
5524 8220 296 270
5524 8221 293 269
5524 8222 291 269
5524 8223 290 270
5524 8224 288 270
5524 8225 285 271
5524 8226 283 269
5524 8227 281 269
5524 8228 279 269
5524 8229 277 270
5524 8230 273 267
5524 8231 273 268
5524 8232 269 268
5524 8233 267 267
5524 8234 266 269
5524 8235 266 268
5524 8236 262 266
5524 8237 262 267
5524 8238 260 268
5524 8239 256 267
5524 8240 254 267
5524 8241 253 267
5524 8242 250 267
5524 8243 249 268
5524 8244 247 267
5524 8245 245 266
5524 8246 244 267
5524 8247 240 265
5524 8248 238 266
5524 8249 237 266
5524 8250 239 267
5553 8264 207 255
5553 8265 215 252
5553 8266 224 255
5553 8267 233 257
5553 8268 241 256
5553 8269 249 257
5553 8270 256 257
5553 8271 266 258
5553 8272 275 259
5553 8273 284 259
5553 8274 292 260
5553 8275 300 261
5553 8276 310 262
5553 8277 321 262
5553 8278 328 263
5553 8279 337 264
5553 8280 347 264
5553 8281 357 265
5553 8282 367 266
5614 8400 320 472
5614 8401 323 469
5614 8402 326 471
5614 8403 329 470
5614 8404 333 470
5614 8405 338 469
5614 8406 342 468
5614 8407 344 465
5614 8408 346 465
5614 8409 351 467
5614 8410 354 466
5614 8411 356 461
5614 8412 360 460
5614 8413 364 459
5614 8414 367 459
5614 8415 371 459
5614 8416 366 462
5614 8417 363 460
5614 8418 367 457
5614 8419 370 457
5614 8420 371 456
5614 8421 373 455
5614 8422 378 454
5614 8423 382 452
5614 8424 385 450
5614 8425 387 450
5614 8426 391 449
5614 8427 397 448
5614 8428 399 446
5614 8429 403 445
5614 8430 401 446
5614 8431 407 443
5614 8432 410 442
5614 8433 411 441
5614 8434 414 438
5614 8435 417 437
5614 8436 421 438
5614 8437 421 437
5614 8438 424 435
5614 8439 433 434
5614 8440 431 433
5620 8417 378 454
5620 8418 381 456
5620 8419 383 452
5620 8420 387 451
5620 8421 389 448
5620 8422 394 451
5620 8423 398 447
5620 8424 400 447
5620 8425 400 445
5620 8426 405 444
5620 8427 408 442
5620 8428 412 444
5620 8429 415 443
5620 8430 418 441
5620 8431 421 441
5620 8432 424 440
5620 8433 427 438
5620 8434 428 435
5620 8435 431 437
5620 8436 435 434
5620 8437 438 432
5620 8438 442 431
5620 8439 446 428
5620 8440 448 425
5620 8441 450 427
5620 8442 452 426
5620 8443 455 424
5620 8444 458 424
5620 8445 460 424
5620 8446 464 419
5620 8447 466 418
5620 8448 469 416
5620 8449 471 415
5620 8450 473 414
5620 8451 475 412
5620 8452 479 414
5620 8453 482 414
5620 8454 484 410
5620 8455 486 410
5620 8456 489 409
5620 8457 491 408
5703 8528 296 256
5703 8529 309 258
5703 8530 318 257
5703 8531 330 259
5703 8532 342 260
5703 8533 353 261
5703 8534 367 261
5703 8535 382 263
5703 8536 395 265
5703 8537 411 266
5703 8538 427 267
5703 8539 440 267
5703 8540 453 269
5703 8541 466 270
5703 8542 475 272
5703 8543 483 272
5768 8622 290 253
5768 8623 289 255
5768 8624 298 256
5768 8625 308 256
5768 8626 319 257
5768 8627 331 258
5768 8628 343 260
5768 8629 353 260
5768 8630 364 261
5768 8631 377 261
5768 8632 389 263
5768 8633 400 265
5768 8634 411 266
5768 8635 425 267
5799 8703 485 261
5799 8704 479 271
5799 8705 481 260
5799 8706 475 258
5799 8707 472 263
5799 8708 471 264
5799 8709 467 260
5799 8710 463 258
5799 8711 462 263
5799 8712 457 260
5799 8713 453 258
5799 8714 451 260
5799 8715 447 259
5799 8716 445 258
5799 8717 443 258
5799 8718 438 257
5799 8719 436 258
5799 8720 434 258
5799 8721 429 258
5799 8722 426 258
5799 8723 424 258
5799 8724 421 258
5799 8725 418 258
5799 8726 415 259
5799 8727 412 258
5799 8728 411 257
5799 8729 406 257
5799 8730 403 256
5799 8731 404 259
5799 8732 395 253
5799 8733 396 254
5799 8734 393 253
5967 9061 145 247
5967 9062 149 247
5967 9063 132 246
5967 9064 135 246
5967 9065 138 250
5967 9066 142 251
5967 9067 146 252
5967 9068 151 251
5967 9069 155 251
5967 9070 161 252
5967 9071 166 252
5967 9072 171 252
5967 9073 178 253
5967 9074 182 252
5967 9075 191 252
5967 9076 200 252
5967 9077 203 251
5967 9078 209 254
5967 9079 215 255
5967 9080 221 256
5967 9081 232 256
5967 9082 240 256
5967 9083 242 257
5967 9084 253 256
5967 9085 263 257
5967 9086 272 258
5967 9087 280 259
5967 9088 288 260
5967 9089 298 259
5967 9090 309 261
5967 9091 318 262
5967 9092 328 262
5967 9093 337 264
5967 9094 347 265
5967 9095 360 265
5967 9096 371 267
6011 9183 636 445
6011 9184 634 440
6011 9185 632 438
6011 9186 628 438
6011 9187 625 435
6011 9188 623 436
6011 9189 619 433
6011 9190 614 432
6011 9191 611 431
6011 9192 607 430
6011 9193 605 426
6011 9194 601 426
6011 9195 597 425
6011 9196 593 424
6011 9197 589 422
6011 9198 587 419
6011 9199 583 421
6011 9200 580 417
6011 9201 576 420
6011 9202 573 418
6011 9203 569 416
6011 9204 564 413
6011 9205 562 417
6011 9206 558 415
6011 9207 555 412
6011 9208 550 413
6029 9211 543 396
6029 9212 540 397
6029 9213 537 396
6029 9214 535 396
6029 9215 531 396
6029 9216 528 395
6029 9217 525 393
6029 9218 522 393
6029 9219 519 393
6029 9220 517 390
6029 9221 514 388
6029 9222 512 388
6029 9223 509 386
6029 9224 506 384
6029 9225 503 384
6029 9226 501 384
6029 9227 499 382
6029 9228 496 382
6029 9229 493 381
6029 9230 490 380
6029 9231 488 378
6029 9232 486 375
6029 9233 483 376
6029 9234 480 376
6029 9235 478 374
6029 9236 474 373
6029 9237 472 374
6029 9238 470 371
6029 9239 468 371
6029 9240 464 368
6029 9241 462 367
6029 9242 460 367
6029 9243 457 366
6029 9244 455 363
6029 9245 451 362
6029 9246 450 362
6029 9247 448 360
6029 9248 446 360
6029 9249 443 360
6029 9250 441 359
6029 9251 438 358
6029 9252 437 356
6029 9253 435 355
6029 9254 432 354
6029 9255 430 353
6029 9256 428 356
6029 9257 426 351
6029 9258 423 351
6029 9259 421 351
6029 9260 419 349
6029 9261 419 349
6029 9262 416 348
6029 9263 413 347
6029 9264 412 348
6029 9265 410 344
6029 9266 408 344
6029 9267 405 344
6029 9268 405 347
6029 9269 405 352
6040 9233 199 253
6040 9234 211 256
6040 9235 222 248
6040 9236 236 248
6040 9237 242 249
6040 9238 254 249
6040 9239 266 253
6040 9240 280 256
6040 9241 293 257
6040 9242 303 258
6040 9243 321 257
6040 9244 331 258
6040 9245 345 256
6040 9246 365 258
6040 9247 373 258
6040 9248 391 259
6040 9249 402 263
6040 9250 424 261
6040 9251 441 263
6040 9252 449 269
6044 9240 340 265
6044 9241 338 255
6044 9242 349 253
6044 9243 362 254
6044 9244 377 253
6044 9245 392 256
6044 9246 409 262
6044 9247 428 262
6044 9248 435 263
6044 9249 452 266
6044 9250 467 261
6044 9251 481 262
6044 9252 481 269
6044 9253 469 270
6044 9254 480 269
6067 9269 402 338
6067 9270 400 339
6067 9271 397 339
6067 9272 395 338
6067 9273 393 338
6067 9274 392 337
6067 9275 390 335
6067 9276 387 333
6067 9277 385 334
6067 9278 383 335
6067 9279 382 332
6067 9280 381 331
6067 9281 378 331
6067 9282 376 328
6067 9283 375 330
6067 9284 373 330
6067 9285 370 326
6067 9286 369 326
6067 9287 368 326
6067 9288 366 322
6067 9289 363 325
6067 9290 362 321
6067 9291 360 319
6067 9292 360 322
6067 9293 358 322
6067 9294 355 320
6067 9295 355 317
6067 9296 353 316
6067 9297 351 318
6067 9298 348 315
6067 9299 348 313
6067 9300 347 313
6067 9301 346 315
6067 9302 345 312
6067 9303 343 312
6075 9288 320 252
6075 9289 328 258
6075 9290 336 259
6075 9291 342 260
6075 9292 352 261
6075 9293 361 265
6075 9294 370 266
6075 9295 379 267
6075 9296 390 267
6075 9297 401 268
6075 9298 413 270
6075 9299 423 270
6075 9300 433 271
6285 9476 563 269
6285 9477 569 268
6285 9478 564 269
6285 9479 566 269
6285 9480 575 273
6285 9481 583 277
6285 9482 591 281
6285 9483 595 285
6285 9484 602 286
6285 9485 610 287
6285 9486 610 287
6285 9487 612 296
6285 9488 615 293
6285 9489 618 292
6285 9490 618 290
6377 9631 182 377
6377 9632 183 377
6377 9633 183 377
6377 9634 184 372
6377 9635 186 373
6377 9636 189 373
6377 9637 190 372
6377 9638 191 369
6377 9639 192 360
6377 9640 193 366
6377 9641 194 367
6377 9642 196 364
6377 9643 197 363
6377 9644 199 363
6377 9645 200 361
6377 9646 201 354
6377 9647 202 354
6377 9648 206 349
6377 9649 205 357
6377 9650 206 354
6377 9651 208 353
6377 9652 210 352
6377 9653 211 350
6377 9654 212 347
6377 9655 214 347
6377 9656 214 349
6377 9657 215 339
6377 9658 216 345
6377 9659 217 344
6377 9660 218 345
6377 9661 220 343
6377 9662 224 346
6377 9663 223 342
6377 9664 225 341
6377 9665 226 339
6377 9666 227 339
6377 9667 229 336
6377 9668 231 335
6377 9669 232 335
6377 9670 235 334
6377 9671 235 334
6377 9672 236 334
6377 9673 239 332
6377 9674 239 332
6377 9675 240 331
6377 9676 242 331
6377 9677 244 328
6377 9678 245 328
6377 9679 246 329
6377 9680 249 325
6377 9681 249 326
6377 9682 250 325
6377 9683 252 324
6377 9684 254 322
6377 9685 258 319
6377 9686 257 322
6377 9687 259 321
6377 9688 260 319
6377 9689 261 319
6377 9690 263 319
6377 9691 265 317
6377 9692 267 313
6377 9693 268 315
6377 9694 269 315
6377 9695 271 315
6377 9696 272 313
6377 9697 274 314
6377 9698 275 313
6377 9699 278 310
6377 9700 278 308
6377 9701 280 311
6377 9702 280 310
6377 9703 282 309
6377 9704 283 309
6377 9705 285 309
6377 9706 284 309
6448 9803 162 261
6448 9804 161 259
6448 9805 162 261
6448 9806 161 259
6448 9807 162 262
6448 9808 160 265
6448 9809 160 263
6448 9810 159 265
6448 9811 157 266
6448 9812 156 271
6448 9813 155 271
6448 9814 152 273
6448 9815 150 276
6448 9816 148 276
6448 9817 145 279
6448 9818 143 283
6448 9819 139 285
6448 9820 135 288
6448 9821 131 290
6448 9822 127 291
6448 9823 123 294
6448 9824 119 297
6448 9825 114 298
6448 9826 109 302
6448 9827 105 303
6448 9828 100 307
6448 9829 94 310
6448 9830 88 312
6448 9831 84 315
6448 9832 78 316
6448 9833 72 320
6448 9834 66 324
6448 9835 59 326
6448 9836 53 328
6448 9837 59 323
6610 10053 226 246
6610 10054 226 246
6610 10055 227 248
6610 10056 233 255
6610 10057 242 256
6610 10058 251 256
6610 10059 260 257
6610 10060 270 259
6610 10061 281 258
6610 10062 292 259
6610 10063 301 262
6610 10064 310 264
6612 10055 345 467
6612 10056 350 465
6612 10057 352 464
6612 10058 356 463
6612 10059 360 463
6612 10060 364 462
6612 10061 368 457
6612 10062 372 458
6612 10063 376 455
6612 10064 380 453
6612 10065 383 452
6612 10066 387 452
6612 10067 391 450
6612 10068 394 447
6612 10069 398 445
6612 10070 402 446
6612 10071 406 442
6612 10072 410 441
6612 10073 412 440
6612 10074 416 441
6612 10075 419 437
6612 10076 423 437
6612 10077 427 442
6612 10078 431 437
6612 10079 433 432
6612 10080 438 431
6612 10081 440 433
6612 10082 445 427
6612 10083 447 427
6612 10084 450 426
6612 10085 454 425
6612 10086 457 423
6612 10087 461 423
6612 10088 463 423
6612 10089 466 422
6612 10090 470 420
6612 10091 472 418
6612 10092 474 420
6612 10093 475 422
6612 10094 479 418
6612 10095 483 414
6612 10096 485 417
6612 10097 489 413
6612 10098 492 413
6612 10099 495 415
6612 10100 498 411
6612 10101 496 417
6612 10102 500 415
6660 10109 350 264
6660 10110 363 254
6660 10111 365 248
6660 10112 370 253
6660 10113 377 254
6660 10114 385 255
6660 10115 375 256
6660 10116 376 268
6660 10117 383 268
6660 10118 400 269
6660 10119 409 270
6660 10120 416 271
6660 10121 422 272
6660 10122 429 272
6660 10123 437 272
6660 10124 444 272
6660 10125 455 274
6660 10126 462 275
6660 10127 468 275
6660 10128 477 276
6661 10109 289 249
6661 10110 297 252
6661 10111 302 257
6661 10112 304 257
6661 10113 312 251
6661 10114 319 250
6661 10115 324 250
6661 10116 332 248
6661 10117 335 252
6661 10118 342 253
6661 10119 345 258
6661 10120 354 258
6661 10121 360 265
6661 10122 367 266
6661 10123 375 267
6661 10124 381 267
6661 10125 389 268
6669 10122 367 247
6669 10123 375 247
6669 10124 383 249
6669 10125 391 250
6669 10126 400 257
6669 10127 406 257
6669 10128 416 251
6669 10129 423 259
6669 10130 432 252
6669 10131 439 260
6669 10132 449 261
6669 10133 460 261
6669 10134 468 262
6669 10135 475 268
6669 10136 484 263
6669 10137 496 255
6848 10472 175 256
6848 10473 173 256
6848 10474 174 257
6848 10475 172 257
6848 10476 172 259
6848 10477 171 259
6848 10478 170 261
6848 10479 169 259
6848 10480 167 261
6848 10481 166 263
6848 10482 164 263
6848 10483 164 266
6848 10484 160 267
6848 10485 158 270
6848 10486 157 271
6848 10487 153 271
6848 10488 152 273
6848 10489 149 276
6848 10490 145 277
6848 10491 143 280
6848 10492 138 282
6848 10493 136 284
6848 10494 132 289
6848 10495 126 292
6848 10496 122 293
6848 10497 117 295
6848 10498 112 300
6848 10499 105 302
6848 10500 98 306
6848 10501 91 310
6848 10502 84 312
6848 10503 76 315
6848 10504 69 317
6848 10505 61 321
6848 10506 52 325
6848 10507 44 328
6848 10508 36 332
6848 10509 28 335
6848 10510 24 339
6848 10511 19 340
6848 10512 14 344
6848 10513 12 344
6848 10514 7 348
6965 10629 305 257
6965 10630 308 257
6965 10631 321 257
6965 10632 334 260
6965 10633 346 259
6965 10634 357 261
6965 10635 371 263
6965 10636 385 264
6965 10637 398 265
6965 10638 412 265
6965 10639 423 266
6965 10640 434 266
6965 10641 448 268
6965 10642 461 270
6965 10643 467 271
6965 10644 473 272
6965 10645 480 272
6965 10646 488 273
6980 10682 251 327
6980 10683 250 328
6980 10684 249 326
6980 10685 249 324
6980 10686 250 325
6980 10687 250 328
6980 10688 253 332
6980 10689 252 329
6980 10690 254 328
6980 10691 254 330
6980 10692 255 331
6980 10693 255 331
6980 10694 257 330
6980 10695 257 332
6980 10696 258 335
6980 10697 258 335
6980 10698 260 335
6980 10699 261 335
6980 10700 261 337
6980 10701 263 336
6980 10702 262 338
6980 10703 263 335
6980 10704 264 340
6980 10705 265 339
6980 10706 266 340
6980 10707 268 342
6980 10708 269 342
6980 10709 271 341
6980 10710 271 342
6980 10711 273 345
6980 10712 275 345
6980 10713 276 345
6980 10714 278 346
6980 10715 280 347
6980 10716 282 347
6980 10717 285 348
6980 10718 288 349
6980 10719 290 349
6980 10720 294 349
6980 10721 295 349
6980 10722 297 349
6980 10723 301 351
6980 10724 303 350
6980 10725 305 350
6980 10726 309 351
6980 10727 312 352
6980 10728 314 351
6980 10729 316 352
6980 10730 319 353
6980 10731 323 352
6980 10732 327 353
6980 10733 331 353
6980 10734 332 353
6980 10735 335 353
6980 10736 339 355
6980 10737 342 355
6980 10738 345 355
6980 10739 347 356
6980 10740 351 356
6980 10741 353 358
6980 10742 356 356
6980 10743 355 353
6996 10781 460 369
6996 10782 461 369
6996 10783 460 369
6996 10784 461 370
6996 10785 464 371
6996 10786 467 371
6996 10787 469 373
6996 10788 470 374
6996 10789 473 375
6996 10790 475 379
6996 10791 478 376
6996 10792 480 376
6996 10793 483 378
6996 10794 485 379
6996 10795 487 380
6996 10796 490 380
6996 10797 490 381
6996 10798 494 383
6996 10799 497 384
6996 10800 500 384
6996 10801 504 387
6996 10802 507 388
6996 10803 507 388
6996 10804 510 390
6996 10805 511 391
6996 10806 515 391
6996 10807 517 392
6996 10808 521 393
6996 10809 522 394
6996 10810 524 395
6996 10811 527 396
6996 10812 530 397
6996 10813 532 397
6996 10814 535 398
6996 10815 533 399
6996 10816 534 402
6996 10817 539 402
6996 10818 540 405
6996 10819 543 406
6996 10820 545 407
6996 10821 547 410
6996 10822 550 409
7021 10822 559 412
7021 10823 558 412
7021 10824 560 413
7021 10825 563 414
7021 10826 563 414
7021 10827 566 416
7021 10828 570 417
7021 10829 573 419
7021 10830 577 419
7021 10831 579 420
7021 10832 583 422
7021 10833 585 422
7021 10834 588 423
7021 10835 590 426
7021 10836 593 426
7021 10837 599 427
7021 10838 601 430
7021 10839 603 430
7021 10840 607 431
7021 10841 609 432
7021 10842 611 438
7021 10843 618 435
7021 10844 620 435
7021 10845 623 438
7021 10846 623 442
7021 10847 629 438
7021 10848 631 440
7021 10849 633 441
7084 10908 564 388
7084 10909 560 389
7084 10910 557 389
7084 10911 556 390
7084 10912 553 390
7084 10913 550 391
7084 10914 545 392
7084 10915 543 392
7084 10916 539 394
7084 10917 536 394
7084 10918 535 395
7084 10919 533 396
7084 10920 529 398
7084 10921 526 398
7084 10922 523 398
7084 10923 521 400
7084 10924 517 397
7084 10925 517 397
7084 10926 519 404
7084 10927 514 403
7084 10928 511 418
7084 10929 508 418
7084 10930 502 423
7084 10931 500 422
7114 10930 499 411
7114 10931 497 412
7114 10932 495 412
7114 10933 493 417
7114 10934 490 413
7114 10935 486 416
7114 10936 485 418
7114 10937 479 415
7114 10938 478 416
7114 10939 476 419
7114 10940 472 418
7114 10941 470 422
7114 10942 466 421
7114 10943 462 422
7114 10944 460 425
7114 10945 457 424
7114 10946 454 426
7114 10947 449 428
7114 10948 444 428
7114 10949 441 429
7114 10950 438 433
7114 10951 436 434
7114 10952 434 436
7114 10953 430 435
7114 10954 425 437
7114 10955 424 441
7114 10956 418 441
7114 10957 413 442
7114 10958 410 444
7114 10959 407 444
7114 10960 404 449
7114 10961 402 451
7114 10962 395 450
7114 10963 392 449
7114 10964 389 455
7114 10965 386 455
7114 10966 379 459
7114 10967 376 459
7114 10968 376 460
7114 10969 372 455
7145 10947 433 262
7145 10948 422 262
7145 10949 411 261
7145 10950 401 260
7145 10951 391 258
7145 10952 380 258
7145 10953 368 257
7145 10954 357 257
7145 10955 349 256
7145 10956 339 255
7145 10957 326 255
7145 10958 315 253
7145 10959 307 249
7145 10960 298 250
7145 10961 295 251
7145 10962 297 256
7145 10963 288 256
7145 10964 278 255
7157 10963 588 369
7157 10964 587 369
7157 10965 585 369
7157 10966 583 371
7157 10967 581 372
7157 10968 580 375
7157 10969 578 373
7157 10970 577 372
7157 10971 574 376
7157 10972 572 377
7157 10973 570 379
7157 10974 567 379
7157 10975 564 379
7157 10976 564 381
7157 10977 560 380
7157 10978 557 384
7157 10979 554 386
7157 10980 550 386
7157 10981 548 387
7157 10982 547 388
7157 10983 544 388
7157 10984 541 390
7157 10985 540 391
7157 10986 537 392
7157 10987 534 393
7157 10988 532 393
7157 10989 530 395
7157 10990 526 394
7157 10991 521 394
7157 10992 520 396
7157 10993 521 400
7157 10994 517 405
7157 10995 514 407
7198 11001 491 412
7198 11002 491 414
7198 11003 487 412
7198 11004 485 412
7198 11005 484 414
7198 11006 479 414
7198 11007 475 416
7198 11008 473 417
7198 11009 467 419
7198 11010 462 421
7198 11011 462 422
7198 11012 461 422
7198 11013 456 423
7198 11014 452 425
7198 11015 450 426
7198 11016 444 429
7198 11017 439 431
7198 11018 437 431
7198 11019 434 432
7198 11020 430 436
7198 11021 426 435
7198 11022 425 439
7198 11023 419 439
7198 11024 415 440
7198 11025 413 442
7198 11026 408 441
7198 11027 405 444
7198 11028 402 444
7198 11029 397 450
7198 11030 393 446
7198 11031 388 451
7198 11032 384 453
7198 11033 381 453
7198 11034 377 453
7198 11035 372 459
7198 11036 368 458
7198 11037 366 460
7198 11038 359 461
7198 11039 357 462
7198 11040 352 463
7198 11041 347 463
7198 11042 343 464
7198 11043 338 465
7198 11044 335 467
7198 11045 328 467
7198 11046 323 468
7198 11047 319 469
7198 11048 314 469
7198 11049 308 469
7198 11050 304 470
7198 11051 300 471
7198 11052 295 471
7198 11053 287 473
7198 11054 281 473
7198 11055 275 473
7198 11056 272 474
7198 11057 266 475
7198 11058 260 476
7302 11304 302 255
7302 11305 315 257
7302 11306 328 257
7302 11307 340 258
7302 11308 351 259
7302 11309 365 260
7302 11310 381 261
7302 11311 393 262
7302 11312 405 263
7302 11313 420 265
7302 11314 436 266
7302 11315 443 267
7302 11316 453 269
7302 11317 464 271
7326 11332 232 261
7326 11333 207 252
7326 11334 210 253
7326 11335 212 257
7326 11336 222 261
7326 11337 216 259
7326 11338 218 260
7326 11339 223 260
7326 11340 229 258
7326 11341 242 260
7326 11342 238 256
7326 11343 244 256
7326 11344 250 256
7326 11345 256 257
7326 11346 261 257
7326 11347 267 257
7326 11348 273 257
7326 11349 279 258
7326 11350 284 258
7326 11351 289 258
7326 11352 296 259
7326 11353 304 257
7326 11354 309 258
7326 11355 316 259
7326 11356 323 259
7326 11357 331 259
7326 11358 339 260
7326 11359 347 261
7326 11360 352 264
7326 11361 361 265
7326 11362 372 266
7328 11332 277 251
7328 11333 283 256
7328 11334 290 260
7328 11335 298 261
7328 11336 305 257
7328 11337 311 262
7328 11338 319 263
7328 11339 328 263
7328 11340 337 264
7328 11341 345 261
7328 11342 352 266
7328 11343 361 266
7328 11344 371 267
7328 11345 381 269
7328 11346 389 270
7328 11347 399 270
7328 11348 409 271
7328 11349 420 271
7328 11350 430 273
7328 11351 440 274
7328 11352 452 274
7328 11353 463 276
7328 11354 475 276
7328 11355 487 278
7453 11445 434 360
7453 11446 435 358
7453 11447 437 358
7453 11448 440 358
7453 11449 442 363
7453 11450 444 360
7453 11451 448 360
7453 11452 446 360
7453 11453 450 361
7453 11454 452 368
7453 11455 452 363
7453 11456 457 363
7453 11457 458 364
7453 11458 458 365
7453 11459 462 368
7453 11460 467 366
7453 11461 466 369
7453 11462 468 373
7453 11463 473 371
7453 11464 475 371
7453 11465 478 370
7453 11466 480 373
7453 11467 483 374
7453 11468 485 373
7453 11469 488 374
7453 11470 490 376
7453 11471 492 375
7453 11472 496 375
7453 11473 500 377
7453 11474 502 378
7453 11475 504 377
7453 11476 506 377
7453 11477 509 380
7453 11478 510 381
7453 11479 513 380
7453 11480 516 380
7453 11481 519 382
7453 11482 522 383
7453 11483 525 382
7453 11484 527 382
7453 11485 529 384
7453 11486 531 384
7453 11487 532 383
7453 11488 537 383
7453 11489 539 385
7453 11490 541 385
7453 11491 542 384
7453 11492 546 383
7453 11493 550 383
7453 11494 550 382
7453 11495 553 382
7453 11496 556 381
7453 11497 558 380
7453 11498 560 381
7453 11499 561 382
7453 11500 563 379
7453 11501 566 379
7453 11502 569 376
7453 11503 570 375
7453 11504 575 375
7747 12049 486 266
7747 12050 478 264
7747 12051 470 264
7747 12052 462 266
7747 12053 449 265
7747 12054 436 264
7747 12055 421 263
7747 12056 405 261
7747 12057 392 260
7747 12058 379 259
7747 12059 364 257
7747 12060 349 257
7747 12061 335 255
7747 12062 341 260
7760 12105 325 303
7760 12106 326 304
7760 12107 329 303
7760 12108 331 305
7760 12109 332 306
7760 12110 333 306
7760 12111 335 306
7760 12112 337 307
7760 12113 339 306
7760 12114 340 306
7760 12115 342 309
7760 12116 343 310
7760 12117 345 310
7760 12118 347 310
7760 12119 348 311
7760 12120 349 311
7760 12121 350 313
7760 12122 351 314
7760 12123 353 314
7760 12124 356 313
7760 12125 357 315
7760 12126 357 317
7760 12127 359 316
7760 12128 360 318
7760 12129 360 317
7760 12130 363 319
7760 12131 364 319
7760 12132 365 321
7760 12133 367 323
7760 12134 369 323
7760 12135 370 323
7760 12136 373 322
7760 12137 374 324
7760 12138 375 325
7760 12139 378 324
7760 12140 380 327
7760 12141 381 328
7760 12142 382 328
7760 12143 383 330
7760 12144 386 331
7760 12145 387 333
7760 12146 389 331
7760 12147 391 333
7760 12148 392 335
7760 12149 394 333
7760 12150 395 335
7760 12151 395 334
7766 12151 398 338
7766 12152 400 338
7766 12153 402 337
7766 12154 403 339
7766 12155 405 340
7766 12156 406 342
7766 12157 408 342
7766 12158 412 344
7766 12159 414 345
7766 12160 415 343
7766 12161 416 345
7766 12162 419 347
7766 12163 420 349
7766 12164 423 347
7766 12165 425 346
7766 12166 427 351
7766 12167 430 351
7766 12168 430 352
7766 12169 432 354
7766 12170 435 355
7766 12171 436 354
7766 12172 439 353
7766 12173 441 356
7766 12174 444 356
7766 12175 446 359
7766 12176 447 360
7766 12177 450 363
7766 12178 451 360
7766 12179 454 360
7766 12180 455 365
7766 12181 458 365
7766 12182 460 366
7766 12183 462 368
7766 12184 464 370
7766 12185 464 370
7766 12186 468 368
7766 12187 470 374
7766 12188 473 376
7766 12189 474 375
7766 12190 477 376
7766 12191 479 378
7766 12192 480 379
7766 12193 481 379
7766 12194 485 382
7766 12195 489 383
7766 12196 489 381
7766 12197 491 384
7766 12198 495 383
7766 12199 496 388
7766 12200 498 388
7766 12201 500 388
7766 12202 506 388
7766 12203 507 391
7766 12204 509 391
7766 12205 514 394
7766 12206 517 397
7766 12207 516 396
7766 12208 522 395
7766 12209 525 400
7766 12210 525 400
7766 12211 527 400
7766 12212 531 404
7766 12213 528 406
7766 12214 530 409
7766 12215 534 413
7782 12220 559 417
7782 12221 555 414
7782 12222 559 415
7782 12223 566 417
7782 12224 567 420
7782 12225 569 419
7782 12226 573 419
7782 12227 577 421
7782 12228 578 423
7782 12229 582 423
7782 12230 589 423
7782 12231 592 424
7782 12232 596 425
7782 12233 599 426
7782 12234 603 432
7782 12235 601 432
7782 12236 606 432
7782 12237 612 432
7782 12238 613 433
7782 12239 614 436
7782 12240 619 437
7782 12241 622 438
7782 12242 631 438
7782 12243 632 438
7782 12244 632 441
7782 12245 634 446
7782 12246 632 449
7782 12247 633 454
7912 12458 375 455
7912 12459 377 454
7912 12460 380 452
7912 12461 383 451
7912 12462 386 451
7912 12463 390 448
7912 12464 392 447
7912 12465 396 447
7912 12466 398 446
7912 12467 401 444
7912 12468 404 443
7912 12469 407 443
7912 12470 409 442
7912 12471 412 440
7912 12472 414 438
7912 12473 417 438
7912 12474 421 437
7912 12475 423 435
7912 12476 425 434
7912 12477 428 434
7912 12478 431 432
7912 12479 434 430
7912 12480 436 430
7912 12481 439 430
7912 12482 443 428
7912 12483 446 427
7912 12484 448 426
7912 12485 450 426
7912 12486 449 433
7912 12487 446 439
7928 12471 403 447
7928 12472 404 446
7928 12473 402 444
7928 12474 406 448
7928 12475 408 442
7928 12476 411 441
7928 12477 413 444
7928 12478 415 438
7928 12479 417 439
7928 12480 419 441
7928 12481 425 438
7928 12482 424 436
7928 12483 427 432
7928 12484 431 433
7928 12485 432 435
7928 12486 436 430
7928 12487 437 433
7928 12488 439 432
7928 12489 441 432
7928 12490 443 432
7928 12491 446 429
7928 12492 452 428
7928 12493 454 427
7928 12494 457 424
7928 12495 458 425
7928 12496 460 425
7928 12497 462 424
7928 12498 468 420
7928 12499 469 421
7928 12500 472 425
7928 12501 473 420
7928 12502 476 418
7928 12503 477 417
7938 12476 220 263
7938 12477 220 263
7938 12478 221 264
7938 12479 225 264
7938 12480 226 266
7938 12481 226 266
7938 12482 230 264
7938 12483 233 266
7938 12484 234 265
7938 12485 237 264
7938 12486 237 266
7938 12487 240 266
7938 12488 240 267
7938 12489 244 266
7938 12490 247 267
7938 12491 248 265
7938 12492 249 264
7938 12493 251 267
7938 12494 254 267
7938 12495 256 266
7938 12496 256 266
7938 12497 260 267
7938 12498 262 266
7938 12499 262 269
7938 12500 267 267
7938 12501 266 266
7938 12502 271 268
7938 12503 271 268
7938 12504 273 268
7938 12505 275 268
7938 12506 275 269
7938 12507 279 269
7938 12508 280 269
7938 12509 282 269
7938 12510 284 268
7938 12511 287 268
7938 12512 291 269
7938 12513 293 269
7938 12514 292 271
7938 12515 295 269
7938 12516 295 270
7938 12517 297 271
7938 12518 301 270
7938 12519 305 268
7938 12520 304 272
7938 12521 308 272
7938 12522 310 270
7938 12523 311 270
7938 12524 313 271
7938 12525 315 271
7938 12526 317 271
7938 12527 320 270
7938 12528 321 272
7938 12529 325 271
7938 12530 326 271
7938 12531 329 270
7938 12532 332 272
7938 12533 334 275
7938 12534 335 270
7938 12535 336 272
7938 12536 339 271
7938 12537 341 274
7938 12538 344 272
7938 12539 346 274
7938 12540 349 272
7938 12541 353 259
7938 12542 351 272
7938 12543 354 274
7938 12544 355 275
7938 12545 354 279
8008 12529 485 255
8008 12530 476 249
8008 12531 463 253
8008 12532 445 251
8008 12533 440 252
8008 12534 430 249
8008 12535 418 249
8008 12536 406 250
8008 12537 394 256
8008 12538 387 265
8008 12539 378 265
8008 12540 367 264
8142 12724 635 443
8142 12725 634 440
8142 12726 632 438
8142 12727 631 438
8142 12728 627 436
8142 12729 624 435
8142 12730 621 434
8142 12731 618 433
8142 12732 616 431
8142 12733 613 430
8142 12734 610 430
8142 12735 606 428
8142 12736 602 427
8142 12737 598 426
8142 12738 596 425
8142 12739 593 425
8142 12740 591 422
8142 12741 589 421
8142 12742 585 421
8142 12743 581 420
8142 12744 578 417
8142 12745 575 417
8142 12746 572 415
8142 12747 570 414
8142 12748 567 414
8142 12749 563 412
8142 12750 560 414
8142 12751 557 411
8142 12752 555 412
8142 12753 553 409
8142 12754 555 408
8169 12754 550 408
8169 12755 547 406
8169 12756 544 405
8169 12757 543 400
8169 12758 540 401
8169 12759 537 398
8169 12760 534 398
8169 12761 531 397
8169 12762 530 396
8169 12763 527 395
8169 12764 524 394
8169 12765 520 393
8169 12766 518 390
8169 12767 516 390
8169 12768 513 389
8169 12769 511 387
8169 12770 508 386
8169 12771 506 386
8169 12772 504 385
8169 12773 501 383
8169 12774 498 382
8169 12775 496 382
8169 12776 494 380
8169 12777 492 383
8169 12778 490 378
8169 12779 488 377
8169 12780 484 376
8169 12781 482 374
8169 12782 480 374
8169 12783 477 373
8169 12784 476 372
8169 12785 473 371
8169 12786 471 370
8169 12787 469 371
8169 12788 466 367
8169 12789 465 367
8169 12790 461 367
8169 12791 459 364
8169 12792 458 364
8169 12793 455 363
8169 12794 453 361
8169 12795 449 360
8169 12796 448 363
8169 12797 446 359
8169 12798 443 359
8169 12799 441 357
8169 12800 439 356
8169 12801 437 355
8169 12802 434 354
8169 12803 433 353
8169 12804 430 352
8169 12805 429 351
8169 12806 426 351
8169 12807 425 349
8169 12808 423 350
8169 12809 421 349
8169 12810 418 346
8169 12811 417 346
8169 12812 415 345
8169 12813 413 344
8169 12814 411 344
8169 12815 408 342
8169 12816 408 342
8169 12817 405 340
8169 12818 403 339
8169 12819 402 339
8169 12820 400 338
8169 12821 399 338
8169 12822 397 338
8169 12823 394 337
8169 12824 392 335
8169 12825 391 335
8169 12826 389 332
8169 12827 387 333
8169 12828 386 330
8169 12829 384 330
8169 12830 382 330
8169 12831 380 328
8169 12832 378 327
8169 12833 377 326
8169 12834 375 326
8169 12835 377 326
8185 12783 625 354
8185 12784 623 354
8185 12785 620 357
8185 12786 619 357
8185 12787 616 357
8185 12788 616 358
8185 12789 614 359
8185 12790 612 360
8185 12791 611 364
8185 12792 608 361
8185 12793 607 363
8185 12794 604 364
8185 12795 603 364
8185 12796 602 365
8185 12797 601 364
8185 12798 598 367
8185 12799 596 369
8185 12800 594 369
8185 12801 591 371
8185 12802 591 370
8185 12803 588 371
8185 12804 587 372
8185 12805 586 379
8185 12806 582 379
8185 12807 579 377
8185 12808 577 380
8185 12809 575 377
8185 12810 575 379
8185 12811 573 383
8185 12812 570 386
8185 12813 570 392
8185 12814 566 389
8185 12815 561 388
8185 12816 558 389
8259 12944 313 297
8259 12945 313 299
8259 12946 315 297
8259 12947 316 297
8259 12948 317 299
8259 12949 318 300
8259 12950 321 302
8259 12951 321 299
8259 12952 323 302
8259 12953 322 303
8259 12954 325 301
8259 12955 326 303
8259 12956 327 303
8259 12957 328 304
8259 12958 330 304
8259 12959 331 305
8259 12960 334 306
8259 12961 333 304
8259 12962 336 306
8259 12963 336 307
8259 12964 337 308
8259 12965 338 308
8259 12966 339 308
8259 12967 340 310
8259 12968 341 310
8259 12969 343 310
8259 12970 344 311
8259 12971 347 311
8259 12972 346 311
8259 12973 348 314
8259 12974 349 312
8259 12975 352 313
8259 12976 353 314
8259 12977 354 313
8259 12978 355 315
8259 12979 356 315
8259 12980 357 316
8259 12981 359 316
8259 12982 360 317
8259 12983 362 318
8259 12984 362 320
8259 12985 364 320
8259 12986 365 320
8259 12987 367 320
8259 12988 369 322
8259 12989 369 323
8259 12990 371 324
8259 12991 372 324
8259 12992 374 323
8259 12993 375 325
8259 12994 377 325
8259 12995 378 326
8259 12996 379 326
8259 12997 380 330
8259 12998 380 329
8259 12999 381 329
8259 13000 383 329
8259 13001 384 331
8259 13002 385 332
8259 13003 387 331
8259 13004 388 332
8259 13005 389 336
8259 13006 391 332
8259 13007 394 334
8259 13008 392 337
8259 13009 393 337
8259 13010 395 338
8259 13011 397 337
8259 13012 397 335
8259 13013 399 338
8259 13014 399 341
8259 13015 402 340
8259 13016 403 341
8259 13017 403 342
8259 13018 407 342
8259 13019 408 343
8259 13020 408 344
8259 13021 411 346
8259 13022 410 347
8259 13023 413 344
8259 13024 414 343
8259 13025 415 347
8259 13026 419 348
8259 13027 419 350
8259 13028 420 350
8259 13029 418 352
8313 13050 467 366
8313 13051 465 370
8313 13052 467 371
8313 13053 469 370
8313 13054 472 371
8313 13055 474 372
8313 13056 476 372
8313 13057 479 372
8313 13058 479 373
8313 13059 483 375
8313 13060 485 375
8313 13061 488 375
8313 13062 489 378
8313 13063 490 378
8313 13064 491 379
8313 13065 495 380
8313 13066 497 382
8313 13067 499 381
8313 13068 501 382
8313 13069 502 384
8313 13070 505 384
8313 13071 508 386
8313 13072 510 386
8313 13073 512 387
8313 13074 513 388
8313 13075 517 389
8313 13076 519 389
8313 13077 521 391
8313 13078 523 391
8313 13079 525 393
8313 13080 529 393
8313 13081 530 394
8313 13082 532 394
8313 13083 535 395
8313 13084 535 396
8313 13085 540 396
8313 13086 541 398
8313 13087 540 397
8313 13088 542 401
8315 13052 493 418
8315 13053 494 415
8315 13054 492 415
8315 13055 489 415
8315 13056 487 416
8315 13057 485 416
8315 13058 481 418
8315 13059 479 420
8315 13060 476 420
8315 13061 474 424
8315 13062 470 423
8315 13063 469 424
8315 13064 466 425
8315 13065 461 425
8315 13066 458 426
8315 13067 456 427
8315 13068 456 429
8315 13069 452 429
8315 13070 449 431
8315 13071 447 432
8315 13072 445 433
8315 13073 441 434
8315 13074 438 435
8315 13075 436 436
8315 13076 433 439
8315 13077 431 438
8315 13078 430 439
8315 13079 425 440
8315 13080 421 442
8315 13081 418 443
8315 13082 417 444
8315 13083 414 446
8315 13084 413 447
8315 13085 408 448
8315 13086 406 448
8315 13087 405 448
8315 13088 401 450
8315 13089 396 452
8315 13090 394 453
8315 13091 389 456
8315 13092 387 458
8315 13093 384 457
8315 13094 381 456
8315 13095 375 460
8315 13096 373 461
8315 13097 369 463
8315 13098 367 464
8315 13099 363 467
8315 13100 359 467
8315 13101 356 467
8315 13102 351 468
8315 13103 348 468
8315 13104 344 469
8315 13105 341 470
8315 13106 339 471
8315 13107 335 471
8315 13108 331 471
8315 13109 326 472
8315 13110 323 472
8315 13111 321 472
8315 13112 317 473
8315 13113 313 475
8315 13114 309 475
8315 13115 305 475
8315 13116 302 475
8315 13117 298 476
8352 13092 555 412
8352 13093 558 414
8352 13094 560 410
8352 13095 562 406
8352 13096 565 411
8352 13097 567 410
8352 13098 569 410
8352 13099 573 411
8352 13100 575 412
8352 13101 576 413
8352 13102 578 413
8352 13103 581 413
8352 13104 583 417
8352 13105 585 418
8352 13106 587 418
8352 13107 590 417
8352 13108 593 420
8352 13109 593 423
8352 13110 596 423
8352 13111 599 422
8352 13112 602 424
8352 13113 603 427
8352 13114 605 426
8352 13115 609 426
8352 13116 610 427
8352 13117 612 429
8352 13118 612 429
8352 13119 617 429
8352 13120 619 432
8352 13121 621 433
8352 13122 622 433
8352 13123 628 434
8352 13124 629 436
8352 13125 632 436
8352 13126 632 438
8352 13127 634 439
8352 13128 635 440
8352 13129 636 445
8352 13130 633 453
8367 13102 65 318
8367 13103 72 312
8367 13104 64 316
8367 13105 56 320
8367 13106 49 322
8367 13107 42 326
8367 13108 33 330
8367 13109 27 334
8367 13110 23 338
8367 13111 18 339
8367 13112 16 339
8367 13113 11 343
8367 13114 6 348
8407 13180 394 357
8407 13181 398 358
8407 13182 400 359
8407 13183 403 361
8407 13184 407 366
8407 13185 407 367
8407 13186 411 367
8407 13187 414 369
8407 13188 417 369
8407 13189 418 370
8407 13190 421 369
8407 13191 423 370
8407 13192 427 370
8407 13193 428 370
8407 13194 432 370
8407 13195 434 368
8407 13196 437 369
8407 13197 438 372
8407 13198 440 372
8407 13199 443 372
8407 13200 445 372
8407 13201 447 375
8407 13202 449 374
8407 13203 452 374
8407 13204 456 375
8407 13205 457 375
8407 13206 461 373
8407 13207 467 371
8407 13208 469 370
8407 13209 471 371
8407 13210 474 372
8407 13211 476 372
8407 13212 476 376
8407 13213 477 377
8407 13214 483 375
8407 13215 484 376
8407 13216 486 377
8407 13217 488 378
8407 13218 490 379
8407 13219 490 375
8407 13220 493 380
8407 13221 498 381