2 38 236 251
2 39 239 252
2 40 253 252
2 41 264 253
2 42 276 254
2 43 291 257
2 44 307 257
2 45 321 258
2 46 333 259
2 47 350 260
2 48 364 262
2 49 377 263
2 50 396 266
2 51 410 266
2 52 425 268
2 53 444 269
2 54 459 270
2 55 465 270
2 56 475 272
2 57 487 271
387 2991 361 258
387 2992 369 258
387 2993 369 264
387 2994 371 268
387 2995 376 268
387 2996 382 269
387 2997 396 267
387 2998 397 268
387 2999 402 271
387 3000 411 269
387 3001 418 272
387 3002 423 271
387 3003 431 272
387 3004 438 274
387 3005 443 273
387 3006 447 274
387 3007 462 274
387 3008 462 276
387 3009 472 275
387 3010 478 275
400 3010 199 246
400 3011 202 248
400 3012 212 247
400 3013 215 247
400 3014 226 250
400 3015 236 250
400 3016 239 250
400 3017 240 250
400 3018 247 249
400 3019 246 248
400 3020 242 253
400 3021 247 256
400 3022 254 256
400 3023 262 256
400 3024 268 257
400 3025 277 255
400 3026 281 257
400 3027 286 258
400 3028 294 259
400 3029 305 260
561 3680 241 247
561 3681 249 248
561 3682 250 247
561 3683 245 253
561 3684 248 255
561 3685 257 256
561 3686 266 256
561 3687 274 255
561 3688 279 256
561 3689 287 256
561 3690 299 260
561 3691 307 260
561 3692 313 261
561 3693 321 262
561 3694 332 263
561 3695 340 263
561 3696 346 264
561 3697 357 265
561 3698 370 263
561 3699 376 264
561 3700 385 265
561 3701 396 265
595 4158 314 258
595 4159 323 259
595 4160 339 259
595 4161 352 261
595 4162 362 262
595 4163 375 263
595 4164 392 265
595 4165 406 266
595 4166 417 267
595 4167 434 269
595 4168 453 270
595 4169 464 270
595 4170 468 271
595 4171 476 272
595 4172 487 273
708 5123 224 249
708 5124 230 250
708 5125 230 250
708 5126 248 250
708 5127 258 251
708 5128 268 252
708 5129 285 254
708 5130 300 256
708 5131 311 256
708 5132 321 257
708 5133 339 259
708 5134 361 260
708 5135 357 269
1088 7641 152 275
1088 7642 154 272
1088 7643 152 274
1088 7644 148 277
1088 7645 144 277
1088 7646 140 282
1088 7647 135 284
1088 7648 131 285
1088 7649 126 289
1088 7650 120 292
1088 7651 115 294
1088 7652 109 298
1088 7653 102 300
1088 7654 97 302
1088 7655 91 306
1088 7656 83 310
1088 7657 77 311
1088 7658 70 315
1088 7659 62 319
1088 7660 53 323
1088 7661 46 326
1088 7662 40 329
1088 7663 29 334
1088 7664 24 337
1088 7665 21 341
1088 7666 16 341
1088 7667 11 342
1088 7668 8 346
1088 7669 3 352
1252 7915 510 376
1252 7916 507 377
1252 7917 510 378
1252 7918 512 379
1252 7919 513 380
1252 7920 515 379
1252 7921 518 381
1252 7922 520 382
1252 7923 522 383
1252 7924 523 382
1252 7925 527 381
1252 7926 527 385
1252 7927 529 386
1252 7928 531 386
1252 7929 532 386
1252 7930 534 386
1252 7931 538 388
1252 7932 538 390
1252 7933 540 390
1252 7934 542 389
1252 7935 546 388
1252 7936 545 392
1252 7937 547 393
1252 7938 548 392
1252 7939 549 392
1252 7940 551 393
1252 7941 553 395
1252 7942 555 396
1252 7943 557 395
1252 7944 561 395
1252 7945 559 397
1252 7946 560 399
1252 7947 563 400
1252 7948 563 401
1252 7949 560 405
1266 7924 399 387
1266 7925 397 387
1266 7926 398 392
1266 7927 400 391
1266 7928 401 390
1266 7929 403 391
1266 7930 406 393
1266 7931 409 394
1266 7932 411 395
1266 7933 411 395
1266 7934 413 395
1266 7935 418 401
1266 7936 419 399
1266 7937 421 398
1266 7938 422 399
1266 7939 424 400
1266 7940 428 402
1266 7941 430 403
1266 7942 431 403
1266 7943 433 404
1266 7944 435 406
1266 7945 439 408
1266 7946 441 409
1266 7947 441 408
1266 7948 444 409
1266 7949 448 411
1266 7950 453 412
1266 7951 453 410
1266 7952 453 413
1266 7953 457 413
1266 7954 461 414
1266 7955 466 415
1266 7956 468 417
1266 7957 469 415
1266 7958 472 416
1266 7959 477 417
1266 7960 479 418
1266 7961 480 417
1266 7962 481 418
1266 7963 484 420
1266 7964 487 420
1266 7965 491 423
1266 7966 492 425
1266 7967 497 424
1266 7968 495 423
1266 7969 498 426
1266 7970 500 423
1266 7971 502 427
1266 7972 502 429
1266 7973 504 431
1266 7974 505 430
1266 7975 509 427
1530 8944 231 252
1530 8945 239 252
1530 8946 243 253
1530 8947 251 253
1530 8948 262 255
1530 8949 272 255
1530 8950 282 257
1530 8951 295 257
1530 8952 308 258
1530 8953 319 258
1530 8954 330 261
1530 8955 344 259
1530 8956 355 263
1530 8957 367 264
1530 8958 381 265
1530 8959 395 266
1530 8960 408 267
1530 8961 429 267
1530 8962 437 267
1530 8963 446 267
1530 8964 456 267
1530 8965 468 271
1530 8966 474 272
1530 8967 482 273
1577 9065 240 326
1577 9066 242 323
1577 9067 242 320
1577 9068 245 323
1577 9069 246 326
1577 9070 250 326
1577 9071 253 325
1577 9072 253 322
1577 9073 256 320
1577 9074 256 322
1577 9075 260 314
1577 9076 261 311
1577 9077 263 312
1577 9078 264 312
1577 9079 267 310
1577 9080 267 310
1577 9081 270 313
1577 9082 273 309
1577 9083 273 307
1577 9084 274 307
1577 9085 276 304
1577 9086 277 311
1577 9087 281 313
1577 9088 280 309
1577 9089 284 305
1577 9090 284 300
1577 9091 285 301
1577 9092 285 309
1577 9093 289 300
1577 9094 289 297
1577 9095 292 296
1577 9096 293 301
1577 9097 296 298
1577 9098 297 296
1577 9099 298 294
1577 9100 299 293
1577 9101 300 294
1577 9102 302 291
1577 9103 304 292
1577 9104 306 297
1621 9250 359 264
1621 9251 356 259
1621 9252 341 257
1621 9253 326 256
1621 9254 315 254
1621 9255 304 254
1621 9256 289 254
1621 9257 278 252
1621 9258 267 251
1621 9259 255 251
1621 9260 248 249
1621 9261 243 250
2012 10755 273 254
2012 10756 284 257
2012 10757 295 257
2012 10758 309 258
2012 10759 323 259
2012 10760 335 260
2012 10761 347 261
2012 10762 363 263
2012 10763 375 264
2012 10764 388 265
2012 10765 404 266
2012 10766 418 268
2012 10767 431 268
2012 10768 446 270
2012 10769 463 271
2012 10770 471 271
2012 10771 476 272
2012 10772 480 278
2349 12633 218 255
2349 12634 218 258
2349 12635 220 258
2349 12636 222 261
2349 12637 222 265
2349 12638 225 261
2349 12639 227 262
2349 12640 229 262
2349 12641 229 259
2349 12642 231 257
2349 12643 233 257
2349 12644 235 261
2349 12645 237 261
2349 12646 238 260
2349 12647 239 261
2349 12648 242 261
2349 12649 243 261
2349 12650 245 261
2349 12651 246 261
2349 12652 249 261
2349 12653 250 262
2349 12654 251 262
2349 12655 254 262
2349 12656 256 263
2349 12657 257 263
2349 12658 258 263
2349 12659 260 262
2349 12660 263 262
2349 12661 265 263
2349 12662 267 259
2349 12663 268 259
2349 12664 271 263
2349 12665 273 265
2349 12666 273 263
2349 12667 275 260
2349 12668 278 264
2349 12669 279 264
2349 12670 279 263
2349 12671 282 263
2349 12672 285 265
2349 12673 287 264
2349 12674 287 264
2349 12675 289 264
2349 12676 291 264
2349 12677 294 260
2349 12678 296 261
2349 12679 299 264
2349 12680 301 263
2349 12681 302 265
2349 12682 303 265
2349 12683 304 265
2349 12684 307 265
2349 12685 308 265
2349 12686 309 265
2349 12687 312 261
2349 12688 315 263
2349 12689 318 265
2349 12690 317 269
2349 12691 318 266
2349 12692 321 265
2349 12693 322 266
2349 12694 325 262
2349 12695 325 264
2349 12696 329 267
2349 12697 330 264
2349 12698 333 267
2349 12699 333 267
2349 12700 336 263
2888 14721 287 267
2888 14722 285 265
2888 14723 290 266
2888 14724 293 266
2888 14725 295 265
2888 14726 301 267
2888 14727 304 266
2888 14728 305 266
2888 14729 312 267
2888 14730 314 268
2888 14731 317 267
2888 14732 322 268
2888 14733 325 268
2888 14734 327 267
2888 14735 333 268
2888 14736 337 269
2888 14737 338 269
2888 14738 344 270
2888 14739 346 270
2888 14740 349 269
2888 14741 355 270
2888 14742 357 269
2888 14743 361 270
2888 14744 367 271
2888 14745 368 270
2888 14746 372 272
2888 14747 378 272
2888 14748 381 272
2888 14749 383 272
2888 14750 389 272
2888 14751 391 272
2888 14752 394 271
2888 14753 400 273
2888 14754 401 273
2888 14755 406 273
2888 14756 413 274
2888 14757 413 274
2888 14758 417 274
2888 14759 424 275
2888 14760 424 275
2888 14761 428 275
2888 14762 435 276
2888 14763 436 276
2888 14764 439 277
2888 14765 446 277
2888 14766 446 276
2888 14767 453 274