119 174 408 380
119 175 403 383
119 176 402 385
119 177 402 385
119 178 398 386
119 179 395 388
119 180 393 391
119 181 390 389
119 182 388 390
119 183 386 391
119 184 384 391
119 185 382 394
119 186 378 394
119 187 375 393
119 188 371 395
119 189 367 394
119 190 366 398
119 191 365 397
119 192 361 398
119 193 358 397
119 194 354 395
119 195 352 398
119 196 347 398
119 197 345 398
119 198 342 399
119 199 338 399
119 200 337 398
119 201 331 396
119 202 328 398
119 203 322 395
119 204 320 394
119 205 319 394
119 206 318 395
119 207 314 396
119 208 309 395
141 225 249 403
141 226 248 403
141 227 252 402
141 228 245 402
141 229 245 403
141 230 242 403
141 231 239 403
141 232 235 403
141 233 233 404
141 234 229 403
141 235 227 404
141 236 226 405
141 237 221 405
141 238 218 406
141 239 215 405
141 240 213 406
141 241 209 406
141 242 207 408
141 243 205 408
141 244 197 408
141 245 195 409
141 246 190 409
141 247 187 409
141 248 182 411
141 249 180 411
141 250 179 411
141 251 175 411
141 252 172 411
141 253 169 413
141 254 168 413
141 255 165 415
141 256 160 414
141 257 158 415
141 258 154 415
141 259 153 416
141 260 151 415
141 261 147 416
141 262 149 416
141 263 147 415
141 264 144 415
141 265 140 417
141 266 138 417
141 267 135 418
141 268 134 419
141 269 131 418
141 270 129 420
141 271 127 421
141 272 125 421
141 273 122 421
141 274 119 424
141 275 116 422
141 276 113 422
141 277 109 417
141 278 109 423
141 279 105 423
141 280 104 424
141 281 105 424
282 398 284 397
282 399 288 402
282 400 293 411
282 401 300 422
282 402 307 431
282 403 313 437
282 404 320 441
282 405 316 429
282 406 314 433
282 407 312 436
282 408 320 438
315 411 264 400
315 412 264 405
315 413 260 427
315 414 260 445
315 415 248 431
315 416 253 435
315 417 263 441
315 418 268 444
315 419 287 450
315 420 291 449
315 421 296 461
437 473 164 268
437 474 162 269
437 475 161 271
437 476 159 272
437 477 156 273
437 478 155 275
437 479 152 276
437 480 147 278
437 481 144 279
437 482 143 280
437 483 140 282
437 484 138 283
437 485 134 286
437 486 130 286
437 487 129 288
437 488 123 290
437 489 119 292
437 490 118 293
437 491 114 295
437 492 110 296
437 493 107 298
437 494 103 300
437 495 97 301
437 496 95 299
437 497 92 300
437 498 88 302
437 499 83 304
437 500 77 306
437 501 75 307
437 502 68 309
437 503 66 312
437 504 62 313
437 505 63 308
437 506 64 311
437 507 60 313
464 521 631 356
464 522 625 358
464 523 624 359
464 524 620 353
464 525 619 347
464 526 615 351
464 527 625 349
464 528 611 349
464 529 608 349
464 530 608 349
464 531 602 349
464 532 603 352
464 533 596 349
464 534 608 350
464 535 592 350
464 536 590 351
464 537 584 350
464 538 588 350
464 539 579 349
464 540 574 350
464 541 571 349
464 542 568 349
464 543 549 348
464 544 550 348
464 545 544 347
464 546 533 346
464 547 535 347
464 548 515 345
464 549 511 345
464 550 506 345
464 551 509 346
464 552 500 345
464 553 485 342
464 554 481 344
464 555 474 342
464 556 482 343
464 557 472 356
515 564 413 337
515 565 420 339
515 566 412 339
515 567 391 340
515 568 416 340
515 569 395 342
515 570 395 340
515 571 381 344
515 572 371 348
515 573 357 348
515 574 349 349
515 575 352 352
515 576 358 348
515 577 352 357
515 578 346 362
515 579 348 365
515 580 336 369
515 581 319 376
515 582 338 375
515 583 321 376
515 584 316 387
515 585 310 394
515 586 306 404
515 587 291 390
556 581 187 394
556 582 180 401
556 583 171 406
556 584 162 413
556 585 165 427
556 586 152 422
556 587 176 438
556 588 148 443
575 589 297 398
575 590 302 423
575 591 308 413
575 592 322 398
575 593 323 426
575 594 321 397
575 595 340 398
575 596 353 399
575 597 361 399
575 598 351 390
575 599 345 385
685 718 249 247
685 719 254 248
685 720 260 249
685 721 269 249
685 722 274 250
685 723 281 250
685 724 288 251
685 725 296 252
685 726 303 252
685 727 309 252
685 728 317 254
685 729 325 253
685 730 331 254
685 731 337 254
685 732 345 256
685 733 353 256
685 734 360 256
685 735 367 257
685 736 374 258
685 737 381 258
685 738 388 259
685 739 396 260
685 740 404 261
685 741 411 261
685 742 417 262
685 743 425 263
685 744 434 263
685 745 445 264
685 746 453 265
685 747 457 265
685 748 463 266
685 749 469 266
685 750 465 266
685 751 466 266
689 721 286 468
689 722 283 465
689 723 284 462
689 724 287 462
689 725 290 462
689 726 292 459
689 727 297 459
689 728 299 457
689 729 303 456
689 730 306 455
689 731 308 455
689 732 310 453
689 733 314 454
689 734 315 453
689 735 318 450
689 736 321 451
689 737 322 450
689 738 325 449
689 739 329 449
689 740 333 447
689 741 333 447
689 742 339 447
689 743 341 444
689 744 345 444
689 745 349 442
689 746 349 446
689 747 354 441
689 748 357 440
689 749 357 438
689 750 365 437
689 751 367 437
689 752 372 435
689 753 376 434
689 754 382 433
689 755 384 431
689 756 387 431
689 757 391 429
689 758 393 429
689 759 400 428
689 760 403 427
689 761 407 427
689 762 408 427
689 763 411 426
689 764 414 426
689 765 416 425
689 766 422 425
689 767 421 425
689 768 428 424
689 769 432 425
689 770 428 427
689 771 432 424
689 772 435 425
689 773 441 425
689 774 441 425
689 775 444 424
689 776 446 424
689 777 448 424
689 778 454 424
689 779 454 423
689 780 456 424
689 781 460 423
689 782 462 423
689 783 467 422
689 784 464 422
689 785 471 422
689 786 471 422
689 787 472 422
689 788 476 423
689 789 479 423
689 790 484 422
689 791 483 422
689 792 482 424
689 793 487 424
689 794 492 424
689 795 494 421
689 796 494 425
689 797 500 426
689 798 501 426
689 799 507 427
689 800 510 428
689 801 511 423
689 802 512 427
689 803 517 429
689 804 517 430
689 805 516 430
689 806 520 433
689 807 524 435
689 808 528 434
689 809 530 429
689 810 534 429
785 977 177 254
785 978 170 256
785 979 170 248
785 980 172 248
785 981 172 254
785 982 170 252
785 983 169 251
785 984 169 248
785 985 169 251
785 986 166 252
785 987 163 248
785 988 162 255
785 989 163 255
785 990 161 259
785 991 160 257
785 992 160 262
785 993 155 262
785 994 153 264
785 995 152 266
785 996 150 268
785 997 147 268
785 998 146 270
785 999 141 270
785 1000 140 272
785 1001 139 272
785 1002 134 275
785 1003 132 273
785 1004 128 276
785 1005 124 281
785 1006 122 279
785 1007 117 281
785 1008 116 283
785 1009 111 285
785 1010 108 287
785 1011 106 289
785 1012 102 290
785 1013 97 291
785 1014 96 293
785 1015 91 294
785 1016 87 295
785 1017 84 296
785 1018 79 297
785 1019 77 299
785 1020 71 301
785 1021 67 303
785 1022 63 303
785 1023 60 304
785 1024 55 305
785 1025 53 307
785 1026 51 309
785 1027 46 310
785 1028 43 311
785 1029 39 312
785 1030 37 314
785 1031 30 316
785 1032 28 314
785 1033 27 317
785 1034 24 319
785 1035 22 320
785 1036 20 321
785 1037 19 321
785 1038 17 324
785 1039 16 324
785 1040 14 327
785 1041 12 328
785 1042 11 328
785 1043 9 328
785 1044 7 333
785 1045 7 333
785 1046 4 328
806 1011 136 291
806 1012 134 293
806 1013 131 294
806 1014 131 295
806 1015 126 297
806 1016 123 299
806 1017 121 300
806 1018 119 298
806 1019 113 301
806 1020 112 304
806 1021 107 306
806 1022 106 307
806 1023 104 308
806 1024 98 309
806 1025 97 309
806 1026 95 312
806 1027 92 313
806 1028 88 315
806 1029 83 315
806 1030 64 306
806 1031 75 319
934 1186 85 288
934 1187 90 289
934 1188 90 286
934 1189 93 285
934 1190 93 284
934 1191 102 285
934 1192 100 281
934 1193 104 280
934 1194 109 278
934 1195 113 275
934 1196 116 276
934 1197 122 275
934 1198 128 272
934 1199 129 272
934 1200 133 270
934 1201 137 270
934 1202 142 269
934 1203 146 268
934 1204 150 267
934 1205 157 266
934 1206 160 264
934 1207 169 261
934 1208 169 259
934 1209 170 257
934 1210 179 258
934 1211 183 259
934 1212 187 260
934 1213 185 257
934 1214 191 257
934 1215 195 260
983 1361 417 473
983 1362 417 474
983 1363 413 474
983 1364 408 474
983 1365 406 471
983 1366 401 470
983 1367 398 469
983 1368 389 467
983 1369 387 467
983 1370 385 467
983 1371 383 466
983 1372 380 461
983 1373 372 463
983 1374 369 460
983 1375 368 460
983 1376 365 458
983 1377 360 455
983 1378 359 456
983 1379 354 452
983 1380 354 448
983 1381 349 447
983 1382 354 439
1062 1515 497 448
1062 1516 501 444
1062 1517 497 442
1062 1518 492 438
1062 1519 488 439
1062 1520 484 435
1062 1521 480 438
1062 1522 477 436
1062 1523 473 434
1062 1524 469 430
1062 1525 468 428
1062 1526 463 425
1062 1527 459 428
1062 1528 455 424
1062 1529 452 423
1062 1530 447 422
1062 1531 446 422
1062 1532 445 421
1062 1533 442 419
1062 1534 438 413
1062 1535 435 417
1062 1536 432 412
1062 1537 429 410
1062 1538 427 412
1062 1539 424 411
1062 1540 420 406
1062 1541 417 409
1062 1542 413 406
1062 1543 409 402
1062 1544 408 403
1094 1544 403 406
1094 1545 405 404
1094 1546 403 399
1094 1547 401 398
1094 1548 396 396
1094 1549 392 396
1094 1550 390 395
1094 1551 388 395
1094 1552 384 394
1094 1553 382 392
1094 1554 381 392
1094 1555 376 391
1094 1556 373 392
1094 1557 371 388
1094 1558 368 386
1094 1559 367 386
1094 1560 363 388
1094 1561 360 384
1094 1562 359 383
1094 1563 354 381
1094 1564 352 383
1094 1565 350 381
1094 1566 348 379
1094 1567 345 379
1094 1568 343 378
1094 1569 340 375
1094 1570 337 375
1094 1571 336 373
1094 1572 333 375
1094 1573 329 372
1094 1574 326 373
1094 1575 326 371
1094 1576 325 370
1094 1577 320 368
1094 1578 318 369
1094 1579 316 367
1094 1580 313 368
1094 1581 313 365
1094 1582 311 368
1094 1583 309 367
1094 1584 306 362
1094 1585 305 363
1094 1586 302 361
1094 1587 300 366
1219 1746 103 268
1219 1747 103 271
1219 1748 102 268
1219 1749 102 275
1219 1750 98 265
1219 1751 97 271
1219 1752 97 273
1219 1753 96 272
1219 1754 95 272
1219 1755 93 272
1219 1756 92 273
1219 1757 90 272
1219 1758 90 271
1219 1759 88 275
1219 1760 86 273
1219 1761 85 272
1219 1762 85 277
1219 1763 84 277
1219 1764 82 276
1219 1765 80 276
1219 1766 78 283
1219 1767 78 284
1219 1768 78 283
1219 1769 79 283
1219 1770 79 281
1219 1771 81 285
1219 1772 87 286
1219 1773 88 285
1219 1774 89 284
1219 1775 91 283
1219 1776 91 285
1219 1777 94 284
1219 1778 97 283
1219 1779 99 281
1219 1780 100 285
1219 1781 103 282
1219 1782 105 283
1219 1783 105 280
1219 1784 106 284
1219 1785 108 283
1219 1786 111 280
1219 1787 115 282
1219 1788 114 279
1219 1789 116 279
1219 1790 118 278
1219 1791 120 278
1219 1792 120 275
1219 1793 123 279
1219 1794 124 277
1219 1795 128 277
1219 1796 129 278
1219 1797 131 279
1219 1798 130 276
1219 1799 134 278
1219 1800 135 277
1219 1801 138 277
1219 1802 138 275
1219 1803 141 271
1219 1804 142 273
1219 1805 143 275
1219 1806 146 272
1219 1807 148 274
1219 1808 154 273
1219 1809 158 274
1219 1810 160 270
1219 1811 163 267
1219 1812 164 267
1219 1813 169 262
1323 1961 340 257
1323 1962 348 257
1323 1963 352 259
1323 1964 358 258
1323 1965 370 259
1323 1966 379 260
1323 1967 388 261
1323 1968 399 261
1323 1969 410 263
1323 1970 421 264
1323 1971 428 265
1323 1972 439 266
1323 1973 451 267
1323 1974 462 267
1323 1975 468 267
1323 1976 473 268
1323 1977 478 267
1323 1978 483 268
1323 1979 489 275
1362 2126 423 459
1362 2127 420 457
1362 2128 418 458
1362 2129 414 457
1362 2130 411 455
1362 2131 406 453
1362 2132 403 452
1362 2133 399 451
1362 2134 399 449
1362 2135 396 447
1362 2136 390 445
1362 2137 390 444
1362 2138 385 441
1362 2139 381 442
1362 2140 378 442
1362 2141 378 441
1362 2142 375 440
1362 2143 370 435
1362 2144 370 433
1362 2145 368 434
1362 2146 362 430
1362 2147 359 429
1362 2148 356 433
1362 2149 356 427
1362 2150 353 424
1362 2151 349 424
1362 2152 345 423
1362 2153 347 421
1365 2153 342 420
1365 2154 340 419
1365 2155 340 417
1365 2156 337 418
1365 2157 335 421
1365 2158 335 420
1365 2159 333 412
1365 2160 330 412
1365 2161 327 411
1365 2162 324 412
1365 2163 323 408
1365 2164 321 408
1365 2165 319 407
1365 2166 317 406
1365 2167 316 404
1365 2168 313 403
1365 2169 312 403
1365 2170 310 401
1365 2171 308 399
1365 2172 306 399
1365 2173 304 397
1365 2174 303 397
1365 2175 301 395
1365 2176 300 393
1365 2177 297 393
1365 2178 295 389
1365 2179 293 390
1365 2180 289 383
1365 2181 288 378
1416 2279 117 447
1416 2280 117 442
1416 2281 126 440
1416 2282 137 435
1416 2283 147 430
1416 2284 152 425
1416 2285 161 421
1416 2286 164 421
1416 2287 166 417
1416 2288 168 416
1416 2289 174 412
1416 2290 180 409
1416 2291 182 410
1416 2292 186 404
1416 2293 191 404
1416 2294 189 410
1429 2290 336 252
1429 2291 355 255
1429 2292 380 255
1429 2293 407 258
1429 2294 429 260
1429 2295 451 263
1429 2296 466 264
1429 2297 480 264
1429 2298 500 260
1528 2529 228 472
1528 2530 235 469
1528 2531 251 467
1528 2532 256 466
1528 2533 261 466
1528 2534 268 465
1528 2535 274 465
1528 2536 279 463
1528 2537 287 463
1528 2538 294 462
1528 2539 302 462
1528 2540 306 460
1528 2541 312 459
1528 2542 317 458
1528 2543 322 458
1528 2544 330 456
1528 2545 334 454
1528 2546 336 452
1528 2547 340 450
1528 2548 345 450
1528 2549 347 447
1528 2550 351 446
1528 2551 353 445
1528 2552 358 445
1528 2553 359 444
1528 2554 363 442
1528 2555 365 440
1528 2556 368 440
1528 2557 371 441
1528 2558 373 438
1528 2559 378 437
1528 2560 379 438
1528 2561 381 436
1528 2562 383 435
1528 2563 387 434
1528 2564 391 432
1528 2565 394 434
1528 2566 395 433
1528 2567 399 433
1528 2568 400 430
1528 2569 403 428
1528 2570 405 429
1528 2571 408 427
1528 2572 411 427
1528 2573 415 427
1528 2574 416 424
1528 2575 419 425
1528 2576 421 424
1528 2577 423 422
1528 2578 427 421
1528 2579 430 420
1528 2580 430 419
1530 2547 255 246
1530 2548 275 247
1530 2549 293 247
1530 2550 306 248
1530 2551 318 249
1530 2552 336 251
1530 2553 348 251
1530 2554 362 253
1530 2555 375 255
1530 2556 390 256
1530 2557 404 258
1530 2558 395 248
1532 2559 219 247
1532 2560 226 248
1532 2561 237 248
1532 2562 237 248
1532 2563 248 250
1532 2564 260 250
1532 2565 270 251
1532 2566 280 252
1532 2567 293 252
1532 2568 305 254
1532 2569 316 255
1532 2570 327 256
1532 2571 340 257
1532 2572 351 258
1532 2573 362 258
1532 2574 375 260
1532 2575 388 260
1532 2576 400 261
1532 2577 411 264
1532 2578 426 265
1532 2579 441 266
1532 2580 454 267
1532 2581 466 267
1532 2582 475 267
1532 2583 479 269
1532 2584 486 270
1540 2580 431 420
1540 2581 435 419
1540 2582 440 417
1540 2583 443 418
1540 2584 446 415
1540 2585 444 416
1540 2586 447 416
1540 2587 449 416
1540 2588 452 415
1540 2589 454 415
1540 2590 456 412
1540 2591 460 411
1540 2592 462 410
1540 2593 464 412
1540 2594 465 412
1540 2595 468 411
1540 2596 469 407
1540 2597 472 408
1540 2598 475 407
1540 2599 477 405
1540 2600 482 401
1540 2601 484 403
1540 2602 483 404
1540 2603 485 404
1540 2604 488 401
1540 2605 489 401
1540 2606 491 401
1540 2607 496 400
1540 2608 496 399
1540 2609 499 398
1540 2610 504 398
1540 2611 503 398
1540 2612 505 394
1540 2613 509 392
1540 2614 507 399
1582 2685 41 424
1582 2686 47 429
1582 2687 49 427
1582 2688 50 428
1582 2689 52 425
1582 2690 53 425
1582 2691 55 422
1582 2692 54 420
1582 2693 59 420
1582 2694 62 416
1582 2695 63 417
1582 2696 66 417
1582 2697 64 417
1582 2698 67 411
1582 2699 68 410
1582 2700 71 407
1582 2701 71 406
1582 2702 70 401
1582 2703 73 401
1582 2704 75 400
1582 2705 77 399
1582 2706 79 396
1582 2707 80 395
1582 2708 82 395
1582 2709 85 394
1582 2710 87 391
1582 2711 86 390
1582 2712 87 383
1582 2713 93 388
1582 2714 99 393
1959 3058 165 255
1959 3059 170 249
1959 3060 168 249
1959 3061 166 258
1959 3062 164 263
1959 3063 162 260
1959 3064 163 261
1959 3065 161 264
1959 3066 160 265
1959 3067 157 266
1959 3068 156 268
1959 3069 155 270
1959 3070 153 271
1959 3071 152 273
1959 3072 147 275
1959 3073 145 276
1959 3074 142 278
1959 3075 137 280
1959 3076 134 282
1959 3077 128 284
1959 3078 124 285
1959 3079 121 289
1959 3080 116 290
1959 3081 112 292
1959 3082 106 295
1959 3083 100 298
1959 3084 94 301
1959 3085 89 303
1959 3086 83 305
1959 3087 76 308
1959 3088 70 311
1959 3089 63 314
1959 3090 57 317
1959 3091 51 319
1959 3092 44 322
1959 3093 37 325
1959 3094 29 329
1959 3095 26 332
1959 3096 23 334
1959 3097 16 336
1959 3098 16 336
1959 3099 12 338
1959 3100 8 341
1959 3101 4 345
1969 3074 3 407
1969 3075 3 406
1969 3076 4 409
1969 3077 5 404
1969 3078 6 405
1969 3079 7 406
1969 3080 8 409
1969 3081 9 409
1969 3082 10 408
1969 3083 12 408
1969 3084 14 410
1969 3085 16 415
1969 3086 17 414
1969 3087 19 416
1969 3088 21 419
1969 3089 23 424
1969 3090 26 426
1969 3091 28 428
1969 3092 33 437
1969 3093 37 436
1969 3094 46 440
1969 3095 48 445
1969 3096 52 449
1969 3097 59 453
1969 3098 65 455
1969 3099 62 450
2075 3303 60 374
2075 3304 60 375
2075 3305 63 379
2075 3306 63 380
2075 3307 65 383
2075 3308 64 377
2075 3309 63 386
2075 3310 65 374
2075 3311 66 378
2075 3312 68 379
2075 3313 69 380
2075 3314 69 378
2075 3315 70 375
2075 3316 70 368
2075 3317 71 369
2075 3318 74 365
2075 3319 75 366
2075 3320 77 367
2075 3321 75 362
2075 3322 79 362
2075 3323 82 361
2075 3324 84 360
2075 3325 86 360
2075 3326 89 358
2075 3327 87 357
2075 3328 92 356
2075 3329 94 355
2075 3330 94 349
2075 3331 97 354
2075 3332 99 352
2075 3333 100 347
2075 3334 104 350
2075 3335 105 350
2075 3336 107 350
2075 3337 108 349
2075 3338 108 348
2075 3339 112 348
2075 3340 113 348
2075 3341 116 345
2075 3342 118 344
2075 3343 120 342
2075 3344 124 342
2075 3345 125 342
2075 3346 125 340
2075 3347 128 341
2075 3348 130 340
2075 3349 130 340
2075 3350 134 340
2075 3351 135 339
2075 3352 138 338
2075 3353 140 339
2075 3354 141 342
2088 3313 620 476
2088 3314 616 475
2088 3315 612 475
2088 3316 610 474
2088 3317 605 474
2088 3318 601 472
2088 3319 599 470
2088 3320 595 470
2088 3321 590 471
2088 3322 585 470
2088 3323 581 468
2088 3324 575 469
2088 3325 568 467
2088 3326 567 467
2088 3327 562 466
2088 3328 558 466
2088 3329 553 464
2088 3330 551 465
2088 3331 546 462
2088 3332 541 461
2088 3333 538 462
2088 3334 538 460
2088 3335 535 458
2088 3336 529 457
2088 3337 525 455
2088 3338 522 454
2088 3339 518 453
2088 3340 514 452
2088 3341 512 451
2088 3342 508 451
2088 3343 505 448
2088 3344 501 447
2088 3345 499 447
2088 3346 494 444
2088 3347 495 441
2088 3348 486 441
2088 3349 483 440
2088 3350 480 440
2088 3351 481 437
2088 3352 474 435
2088 3353 473 438
2088 3354 472 445
2112 3332 487 267
2112 3333 481 268
2112 3334 477 266
2112 3335 472 267
2112 3336 465 266
2112 3337 455 265
2112 3338 446 264
2112 3339 438 263
2112 3340 425 262
2112 3341 415 261
2112 3342 405 260
2112 3343 396 260
2112 3344 385 259
2112 3345 375 258
2112 3346 364 256
2112 3347 356 256
2112 3348 348 255
2112 3349 339 254
2112 3350 348 255
2150 3370 408 412
2150 3371 405 407
2150 3372 400 406
2150 3373 398 407
2150 3374 394 403
2150 3375 387 401
2150 3376 385 403
2150 3377 383 401
2150 3378 381 399
2150 3379 378 397
2150 3380 374 397
2150 3381 371 392
2150 3382 367 392
2150 3383 364 392
2150 3384 362 390
2150 3385 359 390
2150 3386 357 388
2150 3387 354 386
2150 3388 352 386
2150 3389 348 384
2150 3390 345 384
2150 3391 345 382
2150 3392 343 380
2150 3393 343 381
2150 3394 340 380
2150 3395 338 380
2150 3396 335 375
2150 3397 333 375
2150 3398 329 374
2150 3399 327 374
2150 3400 326 373
2150 3401 325 371
2150 3402 322 372
2150 3403 320 371
2150 3404 319 369
2150 3405 317 366
2150 3406 313 367
2150 3407 311 366
2150 3408 310 365
2150 3409 310 364
2150 3410 307 363
2150 3411 304 362
2150 3412 303 361
2150 3413 300 360
2150 3414 298 357
2150 3415 296 359
2150 3416 294 358
2150 3417 293 357
2150 3418 290 354
2150 3419 288 355
2150 3420 287 354
2150 3421 285 352
2150 3422 282 351
2150 3423 280 351
2150 3424 278 350
2150 3425 277 349
2150 3426 274 348
2150 3427 272 347
2150 3428 271 347
2150 3429 269 345
2150 3430 267 344
2150 3431 265 344
2150 3432 262 344
2150 3433 262 343
2150 3434 261 341
2150 3435 259 339
2150 3436 257 339
2150 3437 256 338
2150 3438 254 338
2150 3439 252 338
2150 3440 249 337
2150 3441 249 336
2150 3442 246 334
2150 3443 246 335
2150 3444 244 331
2150 3445 241 332
2150 3446 239 331
2150 3447 238 331
2150 3448 237 330
2150 3449 235 330
2150 3450 233 328
2150 3451 233 329
2150 3452 230 326
2150 3453 229 326
2150 3454 227 326
2150 3455 225 324
2150 3456 224 324
2150 3457 222 323
2150 3458 221 322
2150 3459 219 320
2150 3460 217 320
2150 3461 216 319
2150 3462 215 319
2150 3463 212 318
2150 3464 214 319
2150 3465 211 317
2150 3466 211 316
2150 3467 207 315
2150 3468 206 314
2150 3469 206 315
2150 3470 205 314
2150 3471 204 313
2150 3472 203 312
2150 3473 202 313
2150 3474 201 311
2150 3475 199 310
2150 3476 197 309
2150 3477 196 308
2150 3478 195 309
2150 3479 194 308
2150 3480 193 308
2150 3481 192 307
2150 3482 191 306
2150 3483 190 304
2150 3484 188 303
2150 3485 187 306
2150 3486 186 303
2150 3487 184 302
2150 3488 181 301
2150 3489 182 306
2320 3509 553 366
2320 3510 553 367
2320 3511 551 371
2320 3512 550 369
2320 3513 549 371
2320 3514 548 372
2320 3515 546 373
2320 3516 544 371
2320 3517 543 373
2320 3518 542 375
2320 3519 540 376
2320 3520 538 375
2320 3521 537 378
2320 3522 535 377
2320 3523 534 377
2320 3524 532 377
2320 3525 530 379
2320 3526 528 379
2320 3527 526 379
2320 3528 524 384
2320 3529 523 383
2320 3530 520 382
2320 3531 519 383
2320 3532 517 384
2320 3533 515 385
2320 3534 513 384
2320 3535 511 386
2320 3536 510 387
2320 3537 508 388
2320 3538 504 387
2320 3539 503 389
2320 3540 501 389
2320 3541 498 389
2320 3542 496 392
2320 3543 494 391
2320 3544 492 393
2320 3545 489 393
2320 3546 487 394
2320 3547 485 395
2320 3548 483 395
2320 3549 480 397
2320 3550 478 398
2320 3551 475 399
2320 3552 473 399
2320 3553 470 400
2320 3554 468 401
2320 3555 465 400
2320 3556 462 401
2320 3557 458 403
2320 3558 456 402
2320 3559 453 402
2320 3560 451 402
2320 3561 448 404
2320 3562 446 409
2320 3563 442 405
2320 3564 438 406
2320 3565 435 407
2320 3566 432 406
2320 3567 429 408
2320 3568 427 408
2320 3569 425 410
2320 3570 421 410
2320 3571 419 410
2320 3572 416 410
2320 3573 413 411
2320 3574 411 411
2320 3575 408 412
2320 3576 405 413
2320 3577 403 414
2320 3578 400 415
2320 3579 397 416
2320 3580 394 416
2320 3581 391 416
2320 3582 386 418
2320 3583 385 418
2320 3584 381 418
2320 3585 379 420
2320 3586 376 420
2320 3587 373 422
2320 3588 370 421
2320 3589 365 423
2320 3590 362 424
2320 3591 362 424
2320 3592 359 428
2320 3593 354 426
2320 3594 351 427
2320 3595 349 426
2320 3596 345 427
2320 3597 341 428
2320 3598 340 428
2320 3599 337 429
2320 3600 332 429
2320 3601 329 431
2320 3602 327 431
2320 3603 323 431
2320 3604 317 433
2320 3605 316 433
2320 3606 314 432
2320 3607 311 433
2320 3608 304 435
2320 3609 304 436
2320 3610 300 436
2320 3611 295 435
2320 3612 292 436
2320 3613 290 437
2320 3614 287 437
2320 3615 282 438
2320 3616 278 438
2320 3617 277 438
2320 3618 273 439
2320 3619 268 439
2320 3620 266 439
2320 3621 264 440
2320 3622 257 439
2320 3623 252 441
2320 3624 252 441
2320 3625 248 441
2320 3626 241 441
2320 3627 238 441
2320 3628 236 441
2320 3629 232 441
2320 3630 227 440
2320 3631 225 440
2320 3632 222 440
2320 3633 217 440
2320 3634 211 440
2320 3635 209 440
2320 3636 206 439
2320 3637 202 438
2320 3638 199 439
2320 3639 197 438
2320 3640 193 437
2320 3641 188 436
2320 3642 186 438
2320 3643 184 437
2320 3644 177 434
2320 3645 175 435
2320 3646 173 435
2320 3647 170 434
2320 3648 165 433
2320 3649 162 433
2320 3650 159 432
2320 3651 153 432
2320 3652 150 431
2320 3653 148 431
2320 3654 144 430
2320 3655 140 430
2320 3656 137 430
2320 3657 136 429
2320 3658 132 430
2320 3659 128 429
2320 3660 126 429
2320 3661 123 428
2320 3662 120 427
2320 3663 116 426
2320 3664 114 427
2320 3665 108 427
2320 3666 106 426
2320 3667 100 425
2320 3668 98 425
2320 3669 96 425
2320 3670 95 424
2320 3671 92 423
2320 3672 88 423
2320 3673 84 422
2320 3674 82 423
2320 3675 77 422
2320 3676 74 421
2320 3677 72 422
2320 3678 70 422
2320 3679 66 422
2320 3680 59 424
2320 3681 61 422
2320 3682 57 420
2320 3683 54 420
2320 3684 51 419
2320 3685 48 420
2320 3686 43 420
2320 3687 34 418
2320 3688 30 417
2320 3689 26 417
2320 3690 22 414
2320 3691 20 415
2320 3692 16 415
2320 3693 15 414
2320 3694 11 415
2320 3695 9 413
2320 3696 8 411
2320 3697 4 407
2492 3808 486 268
2492 3809 480 264
2492 3810 470 264
2492 3811 459 264
2492 3812 446 262
2492 3813 433 261
2492 3814 417 260
2492 3815 401 259
2492 3816 395 250
2808 4329 151 247
2808 4330 153 249
2808 4331 154 250
2808 4332 157 251
2808 4333 158 252
2808 4334 158 253
2808 4335 159 253
2808 4336 161 255
2808 4337 161 256
2808 4338 161 257
2808 4339 160 258
2808 4340 160 259
2808 4341 159 260
2808 4342 158 263
2808 4343 157 264
2808 4344 155 264
2808 4345 153 265
2808 4346 153 267
2808 4347 148 268
2808 4348 149 270
2808 4349 145 271
2808 4350 141 272
2808 4351 139 274
2808 4352 137 275
2808 4353 134 277
2808 4354 133 278
2808 4355 130 280
2808 4356 124 281
2808 4357 120 283
2808 4358 116 284
2808 4359 115 287
2808 4360 109 289
2808 4361 103 293
2808 4362 97 294
2808 4363 97 294
2808 4364 92 297
2808 4365 89 299
2808 4366 83 302
2808 4367 77 304
2808 4368 68 306
2808 4369 67 309
2808 4370 60 312
2808 4371 53 315
2808 4372 63 315
2970 4582 68 396
2970 4583 70 396
2970 4584 70 389
2970 4585 71 387
2970 4586 70 386
2970 4587 72 384
2970 4588 73 385
2970 4589 76 385
2970 4590 80 382
2970 4591 83 381
2970 4592 85 380
2970 4593 84 380
2970 4594 88 378
2970 4595 87 377
2970 4596 92 376
2970 4597 91 370
2970 4598 95 374
2970 4599 97 373
2970 4600 100 372
2970 4601 100 371
2970 4602 101 368
2970 4603 102 370
2970 4604 104 369
2970 4605 105 369
2970 4606 107 362
2970 4607 111 366
2970 4608 113 366
2970 4609 116 364
2970 4610 115 361
2970 4611 115 359
2970 4612 116 362
2970 4613 118 360
2970 4614 120 354
2970 4615 122 357
2970 4616 124 356
2970 4617 126 355
2970 4618 127 355
2970 4619 129 353
2970 4620 129 353
2970 4621 132 352
2970 4622 135 353
2970 4623 136 349
2970 4624 139 350
2970 4625 140 350
2970 4626 141 350
2970 4627 143 345
2970 4628 145 348
2970 4629 146 346
2970 4630 146 342
2970 4631 149 345
2970 4632 150 345
2970 4633 152 344
2970 4634 154 343
2970 4635 156 340
2970 4636 157 341
2970 4637 159 340
2970 4638 162 339
2970 4639 161 335
2970 4640 163 337
2970 4641 164 338
2970 4642 167 337
2970 4643 166 332
2970 4644 169 335
2970 4645 170 335
2970 4646 170 334
2970 4647 171 329
2970 4648 174 333
2970 4649 177 331
2970 4650 178 331
2970 4651 179 332
2970 4652 183 329
2970 4653 183 330
2970 4654 183 329
2970 4655 184 323
2970 4656 188 326
2970 4657 189 326
2970 4658 191 325
2970 4659 192 324
2970 4660 194 323
2970 4661 194 324
2970 4662 194 322
2970 4663 199 321
2970 4664 199 318
2970 4665 199 318
2970 4666 201 321
2970 4667 203 317
2970 4668 203 319
2970 4669 204 318
2970 4670 205 317
2970 4671 206 317
2970 4672 208 316
2970 4673 208 316
2970 4674 210 314
2970 4675 211 311
2970 4676 212 314
2970 4677 214 311
2970 4678 214 313
2970 4679 215 313
2970 4680 218 317
2970 4681 220 317
3006 4668 231 254
3006 4669 237 254
3006 4670 230 254
3006 4671 236 254
3006 4672 238 253
3006 4673 242 253
3006 4674 248 253
3006 4675 252 253
3006 4676 257 252
3006 4677 261 252
3006 4678 265 251
3006 4679 270 251
3006 4680 275 251
3006 4681 280 252
3006 4682 284 253
3006 4683 289 253
3006 4684 295 253
3006 4685 300 253
3006 4686 303 253
3006 4687 310 253
3006 4688 317 253
3006 4689 325 255
3006 4690 342 257
3006 4691 359 258
3006 4692 368 259
3006 4693 379 259
3006 4694 389 262
3006 4695 403 262
3006 4696 411 263
3006 4697 421 264
3006 4698 433 265
3006 4699 443 265
3006 4700 457 267
3006 4701 468 268
3006 4702 475 269
3006 4703 476 272
3007 4669 162 254
3007 4670 159 246
3007 4671 157 246
3007 4672 162 249
3007 4673 163 251
3007 4674 161 249
3007 4675 162 250
3007 4676 161 251
3007 4677 163 254
3007 4678 162 255
3007 4679 162 255
3007 4680 161 254
3007 4681 159 256
3007 4682 159 259
3007 4683 156 260
3007 4684 154 262
3007 4685 152 264
3007 4686 149 265
3007 4687 148 266
3007 4688 145 267
3007 4689 143 270
3007 4690 133 272
3007 4691 124 279
3007 4692 119 282
3007 4693 112 284
3007 4694 113 286
3007 4695 122 288
3012 4680 215 307
3012 4681 216 307
3012 4682 218 311
3012 4683 221 309
3012 4684 220 306
3012 4685 222 307
3012 4686 223 308
3012 4687 223 307
3012 4688 223 303
3012 4689 225 305
3012 4690 229 305
3012 4691 232 303
3012 4692 234 299
3012 4693 234 302
3012 4694 235 298
3012 4695 237 300
3012 4696 238 299
3012 4697 241 295
3012 4698 240 294
3012 4699 242 297
3012 4700 244 295
3012 4701 246 294
3012 4702 247 295
3012 4703 247 293
3012 4704 248 293
3012 4705 250 293
3012 4706 252 291
3012 4707 253 291
3012 4708 254 289
3012 4709 256 286
3012 4710 258 288
3012 4711 258 287
3012 4712 260 285
3012 4713 262 286
3012 4714 261 283
3012 4715 263 285
3012 4716 263 285
3012 4717 265 284
3012 4718 266 285
3012 4719 268 283
3012 4720 269 282
3012 4721 269 284
3012 4722 270 281
3012 4723 271 282
3012 4724 272 281
3227 4992 489 267
3227 4993 485 265
3227 4994 482 262
3227 4995 473 261
3227 4996 460 261
3227 4997 445 259
3227 4998 430 258
3227 4999 412 257
3227 5000 394 254
3227 5001 403 250
3315 5169 209 247
3315 5170 222 249
3315 5171 248 251
3315 5172 272 251
3315 5173 294 255
3315 5174 316 256
3315 5175 342 259
3315 5176 366 260
3380 5241 501 426
3380 5242 498 425
3380 5243 496 423
3380 5244 491 418
3380 5245 487 418
3380 5246 483 418
3380 5247 482 419
3380 5248 477 414
3380 5249 475 413
3380 5250 473 412
3380 5251 468 410
3380 5252 465 409
3380 5253 462 408
3380 5254 460 406
3380 5255 457 408
3380 5256 457 401
3380 5257 453 404
3380 5258 449 403
3380 5259 446 402
3380 5260 443 401
3380 5261 440 402
3380 5262 441 401
3380 5263 438 399
3380 5264 435 397
3380 5265 430 397
3380 5266 423 396
3380 5267 418 400
3415 5286 354 377
3415 5287 350 375
3415 5288 349 372
3415 5289 345 372
3415 5290 343 371
3415 5291 342 374
3415 5292 341 370
3415 5293 338 368
3415 5294 336 367
3415 5295 334 367
3415 5296 334 366
3415 5297 331 364
3415 5298 328 363
3415 5299 325 363
3415 5300 323 366
3415 5301 321 363
3415 5302 319 362
3415 5303 316 361
3415 5304 315 361
3415 5305 311 359
3415 5306 304 358
3415 5307 300 359
3415 5308 298 358
3415 5309 295 355
3415 5310 292 354
3415 5311 288 352
3415 5312 284 351
3415 5313 281 350
3415 5314 280 352
3415 5315 277 350
3415 5316 274 351
3415 5317 272 349
3415 5318 270 348
3415 5319 266 350
3448 5319 268 343
3448 5320 264 345
3448 5321 260 345
3448 5322 258 342
3448 5323 256 342
3448 5324 255 341
3448 5325 252 336
3448 5326 249 336
3448 5327 249 338
3448 5328 245 333
3448 5329 245 332
3448 5330 244 334
3448 5331 241 332
3448 5332 241 333
3448 5333 238 330
3448 5334 237 334
3448 5335 235 332
3448 5336 235 330
3448 5337 233 328
3448 5338 232 331
3448 5339 230 328
3448 5340 229 327
3448 5341 228 330
3448 5342 224 323
3448 5343 221 325
3448 5344 220 326
3448 5345 216 323
3448 5346 215 325
3448 5347 213 323
3448 5348 212 321
3448 5349 211 319
3448 5350 210 321
3448 5351 207 321
3448 5352 205 319
3448 5353 204 321
3448 5354 203 320
3448 5355 202 317
3448 5356 200 316
3448 5357 200 319
3448 5358 197 316
3448 5359 197 317
3448 5360 195 317
3448 5361 194 318
3448 5362 192 315
3448 5363 190 314
3448 5364 189 311
3448 5365 189 310
3448 5366 188 309
3448 5367 188 313
3448 5368 185 313
3448 5369 183 313
3448 5370 184 311
3731 5740 392 263
3731 5741 378 257
3731 5742 359 254
3731 5743 342 254
3731 5744 327 253
3731 5745 309 251
3731 5746 291 249
3731 5747 275 248
3731 5748 262 247
3751 5820 324 261
3751 5821 331 256
3751 5822 345 257
3751 5823 359 258
3751 5824 372 259
3751 5825 383 259
3751 5826 395 259
3751 5827 409 261
3751 5828 423 263
3751 5829 438 263
3751 5830 451 265
3751 5831 462 266
3751 5832 470 265
3751 5833 474 266
3853 5947 266 263
3853 5948 270 263
3853 5949 272 263
3853 5950 274 265
3853 5951 275 264
3853 5952 277 264
3853 5953 278 264
3853 5954 279 263
3853 5955 283 265
3853 5956 283 265
3853 5957 284 265
3853 5958 286 265
3853 5959 289 264
3853 5960 290 265
3853 5961 290 266
3853 5962 291 265
3853 5963 293 265
3853 5964 297 265
3853 5965 297 266
3853 5966 299 266
3853 5967 300 266
3853 5968 302 266
3853 5969 302 267
3853 5970 304 267
3853 5971 305 267
3853 5972 306 268
3853 5973 308 268
3853 5974 310 268
3853 5975 311 268
3853 5976 311 267
3853 5977 314 268
3853 5978 315 268
3853 5979 317 269
3853 5980 318 269
3853 5981 322 271
3853 5982 323 270
3853 5983 323 269
3853 5984 326 270
3853 5985 328 271
3853 5986 330 270
3853 5987 332 268
3853 5988 332 271
3853 5989 334 271
3853 5990 336 274
3853 5991 337 271
3853 5992 339 271
3853 5993 340 272
3853 5994 341 272
3853 5995 343 271
3853 5996 345 271
3853 5997 347 273
3853 5998 348 275
3853 5999 351 272
3853 6000 352 273
3853 6001 353 268
3853 6002 354 272
3853 6003 356 270
3853 6004 358 271
3853 6005 359 271
3853 6006 361 272
3853 6007 363 272
3853 6008 365 276
3853 6009 367 272
3853 6010 369 271
3853 6011 371 276
3853 6012 373 277
3853 6013 373 273
3853 6014 375 273
3853 6015 376 273
3853 6016 378 273
3853 6017 379 275
3863 5956 317 256
3863 5957 315 253
3863 5958 313 250
3863 5959 310 250
3863 5960 309 248
3863 5961 308 251
3863 5962 307 249
3863 5963 304 250
3863 5964 302 251
3863 5965 302 250
3863 5966 297 252
3863 5967 294 250
3863 5968 294 252
3863 5969 293 250
3863 5970 292 253
3863 5971 289 250
3863 5972 285 251
3863 5973 285 252
3863 5974 283 251
3863 5975 281 251
3863 5976 279 251
3863 5977 277 251
3863 5978 276 254
3863 5979 275 251
3863 5980 271 252
3863 5981 269 255
3863 5982 267 253
3863 5983 265 255
3863 5984 261 254
3863 5985 260 256
3863 5986 254 255
3863 5987 254 254
3863 5988 252 255
3863 5989 251 254
3863 5990 248 254
3863 5991 247 256
3863 5992 245 256
3863 5993 242 255
3863 5994 240 255
3863 5995 238 257
3863 5996 235 254
3863 5997 233 257
3863 5998 232 257
3863 5999 231 259
3863 6000 227 258
3863 6001 225 256
3863 6002 223 255
3863 6003 221 259
3863 6004 218 255
3863 6005 215 258
3863 6006 213 258
3863 6007 212 257
3863 6008 210 256
3863 6009 208 268
3885 6096 489 269
3885 6097 483 264
3885 6098 475 261
3885 6099 458 260
3885 6100 433 258
3885 6101 410 257
3885 6102 417 246
4026 6575 230 319
4026 6576 232 318
4026 6577 230 311
4026 6578 232 313
4026 6579 233 312
4026 6580 235 311
4026 6581 236 312
4026 6582 239 316
4026 6583 242 321
4026 6584 246 322
4026 6585 250 322
4026 6586 251 323
4026 6587 255 325
4026 6588 257 323
4026 6589 260 327
4026 6590 261 324
4026 6591 264 329
4026 6592 267 332
4026 6593 270 331
4026 6594 272 333
4026 6595 275 334
4026 6596 278 340
4026 6597 280 335
4026 6598 282 337
4026 6599 284 337
4026 6600 286 339
4026 6601 288 340
4026 6602 290 340
4026 6603 292 339
4026 6604 292 344
4026 6605 294 342
4026 6606 297 343
4026 6607 297 344
4026 6608 301 345
4026 6609 302 346
4026 6610 303 346
4026 6611 306 347
4026 6612 308 348
4026 6613 310 349
4026 6614 312 349
4026 6615 313 351
4026 6616 317 349
4026 6617 321 344
4047 6616 317 363
4047 6617 320 358
4047 6618 320 353
4047 6619 326 356
4047 6620 328 359
4047 6621 329 355
4047 6622 330 360
4047 6623 333 358
4047 6624 336 360
4047 6625 338 359
4047 6626 340 360
4047 6627 343 361
4047 6628 346 363
4047 6629 347 363
4047 6630 350 363
4047 6631 352 365
4047 6632 356 367
4047 6633 357 366
4047 6634 359 371
4047 6635 362 371
4047 6636 366 370
4047 6637 367 370
4047 6638 370 371
4047 6639 373 373
4047 6640 376 374
4047 6641 377 375
4047 6642 381 375
4047 6643 383 375
4047 6644 386 378
4047 6645 389 378
4047 6646 390 379
4047 6647 393 380
4047 6648 396 383
4047 6649 397 382
4047 6650 402 384
4047 6651 405 384
4047 6652 405 387
4047 6653 408 386
4047 6654 412 388
4047 6655 414 391
4047 6656 416 392
4047 6657 422 393
4047 6658 424 389
4047 6659 425 395
4047 6660 429 396
4047 6661 431 397
4047 6662 433 399
4047 6663 436 401
4047 6664 439 401
4047 6665 446 397
4047 6666 447 399
4062 6678 478 420
4062 6679 481 423
4062 6680 484 424
4062 6681 485 424
4062 6682 489 424
4062 6683 492 429
4062 6684 495 429
4062 6685 497 431
4062 6686 501 433
4062 6687 508 435
4062 6688 509 436
4062 6689 510 436
4062 6690 513 444
4062 6691 518 440
4062 6692 521 441
4062 6693 524 442
4062 6694 530 446
4062 6695 534 448
4062 6696 532 447
4062 6697 541 447
4062 6698 541 449
4062 6699 547 455
4062 6700 550 452
4062 6701 549 458
4062 6702 555 452
4062 6703 563 458
4062 6704 566 459
4062 6705 570 463
4062 6706 570 462
4062 6707 572 462
4062 6708 575 463
4062 6709 580 463
4062 6710 583 464
4062 6711 592 465
4062 6712 595 466
4062 6713 598 466
4062 6714 602 467
4062 6715 606 468
4100 6804 160 266
4100 6805 163 264
4100 6806 161 265
4100 6807 160 267
4100 6808 158 267
4100 6809 157 268
4100 6810 156 269
4100 6811 153 270
4100 6812 151 275
4100 6813 149 274
4100 6814 148 275
4100 6815 144 275
4100 6816 142 277
4100 6817 140 277
4100 6818 137 279
4100 6819 135 280
4100 6820 131 282
4100 6821 129 283
4100 6822 124 284
4100 6823 122 287
4100 6824 120 288
4100 6825 116 290
4100 6826 113 291
4100 6827 110 293
4100 6828 105 294
4100 6829 102 296
4100 6830 98 298
4100 6831 92 300
4100 6832 88 303
4100 6833 86 303
4100 6834 82 304
4100 6835 77 307
4100 6836 73 309
4100 6837 69 311
4100 6838 66 312
4100 6839 61 315
4100 6840 52 318
4100 6841 41 323
4100 6842 30 329
4100 6843 24 333
4100 6844 22 335
4100 6845 17 338
4100 6846 14 338
4100 6847 9 339
4100 6848 7 342
4100 6849 4 349
4118 6916 373 261
4118 6917 356 255
4118 6918 335 254
4118 6919 320 252
4118 6920 301 250
4118 6921 282 248
4118 6922 267 248
4118 6923 252 247
4262 7256 454 261
4262 7257 442 261
4262 7258 431 261
4262 7259 422 259
4262 7260 411 258
4262 7261 401 258
4262 7262 389 255
4262 7263 382 254
4262 7264 369 254
4262 7265 360 252
4262 7266 351 252
4262 7267 340 251
4262 7268 329 251
4262 7269 320 251
4262 7270 310 250
4262 7271 300 249
4262 7272 289 248
4262 7273 281 247
4262 7274 272 246
4262 7275 262 246
4278 7285 419 475
4278 7286 421 475
4278 7287 420 475
4278 7288 426 475
4278 7289 429 475
4278 7290 430 474
4278 7291 432 473
4278 7292 436 472
4278 7293 437 472
4278 7294 441 471
4278 7295 445 471
4278 7296 443 470
4278 7297 449 469
4278 7298 448 468
4278 7299 449 468
4278 7300 453 466
4278 7301 458 466
4278 7302 461 466
4278 7303 467 466
4278 7304 462 464
4278 7305 468 464
4278 7306 469 464
4278 7307 475 463
4278 7308 475 462
4278 7309 477 461
4278 7310 478 461
4278 7311 482 460
4278 7312 484 459
4278 7313 483 456
4278 7314 484 450
4278 7315 483 451
4278 7316 491 454
4278 7317 494 452
4278 7318 487 448
4498 7787 330 276
4498 7788 328 276
4498 7789 325 278
4498 7790 323 278
4498 7791 323 276
4498 7792 321 278
4498 7793 318 279
4498 7794 317 277
4498 7795 315 279
4498 7796 314 280
4498 7797 311 281
4498 7798 309 279
4498 7799 307 280
4498 7800 306 282
4498 7801 305 280
4498 7802 303 279
4498 7803 301 278
4498 7804 299 280
4498 7805 299 284
4498 7806 296 282
4498 7807 294 284
4498 7808 292 283
4498 7809 291 283
4498 7810 288 281
4498 7811 287 282
4498 7812 285 285
4498 7813 283 284
4498 7814 283 287
4498 7815 281 285
4498 7816 279 287
4498 7817 277 287
4498 7818 275 289
4498 7819 273 288
4498 7820 271 288
4498 7821 268 289
4498 7822 266 288
4498 7823 265 288
4498 7824 262 288
4498 7825 261 287
4498 7826 258 290
4498 7827 255 292
4498 7828 255 290
4498 7829 252 292
4498 7830 250 291
4498 7831 249 288
4498 7832 245 292
4498 7833 242 295
4498 7834 240 294
4498 7835 239 292
4498 7836 238 295
4498 7837 235 293
4498 7838 232 292
4498 7839 232 292
4498 7840 229 294
4498 7841 226 296
4498 7842 225 296
4498 7843 222 296
4498 7844 220 297
4498 7845 216 298
4498 7846 216 298
4498 7847 215 298
4498 7848 212 298
4498 7849 210 300
4498 7850 208 298
4498 7851 205 298
4498 7852 204 299
4498 7853 202 301
4498 7854 199 299
4498 7855 196 301
4498 7856 194 302
4498 7857 194 301
4498 7858 191 302
4498 7859 190 301
4498 7860 187 304
4498 7861 185 302
4498 7862 183 303
4498 7863 181 303
4498 7864 178 305
4498 7865 175 306
4498 7866 171 302
4498 7867 170 302
4498 7868 168 306
4498 7869 164 306
4498 7870 163 306
4498 7871 161 307
4498 7872 157 306
4498 7873 156 309
4498 7874 152 306
4498 7875 150 307
4498 7876 147 310
4498 7877 147 309
4498 7878 146 309
4498 7879 141 308
4498 7880 139 311
4498 7881 137 310
4498 7882 134 311
4498 7883 132 311
4498 7884 131 312
4498 7885 129 312
4498 7886 125 311
4498 7887 122 313
4498 7888 120 312
4498 7889 120 313
4498 7890 117 314
4498 7891 114 315
4498 7892 111 315
4498 7893 108 313
4498 7894 105 313
4498 7895 102 314
4498 7896 99 313
4498 7897 98 313
4498 7898 94 313
4498 7899 93 313
4498 7900 90 313
4498 7901 86 313
4498 7902 86 314
4498 7903 83 313
4498 7904 79 314
4498 7905 77 315
4498 7906 75 319
4498 7907 73 319
4498 7908 70 320
4498 7909 69 321
4498 7910 66 322
4498 7911 61 321
4498 7912 61 322
4498 7913 57 320
4498 7914 56 321
4498 7915 53 318
4663 8054 488 271
4663 8055 482 266
4663 8056 474 265
4663 8057 469 265
4663 8058 458 264
4663 8059 443 262
4663 8060 431 261
4663 8061 418 259
4663 8062 404 259
4663 8063 389 258
4663 8064 373 257
4663 8065 365 256
4758 8128 546 387
4758 8129 543 394
4758 8130 539 399
4758 8131 535 398
4758 8132 535 398
4758 8133 531 398
4758 8134 528 396
4758 8135 526 395
4758 8136 525 395
4758 8137 524 393
4758 8138 520 389
4758 8139 518 389
4758 8140 514 390
4758 8141 513 388
4758 8142 512 387
4758 8143 509 384
4758 8144 509 382
4758 8145 509 382
4758 8146 507 378
4758 8147 502 380
4758 8148 500 378
4758 8149 499 379
4758 8150 498 377
4758 8151 496 375
4758 8152 495 373
4758 8153 492 372
4758 8154 490 372
4758 8155 490 372
4758 8156 488 371
4758 8157 484 372
4758 8158 482 371
4758 8159 485 367
4783 8144 164 304
4783 8145 161 300
4783 8146 162 303
4783 8147 163 302
4783 8148 163 296
4783 8149 165 304
4783 8150 167 304
4783 8151 167 305
4783 8152 167 297
4783 8153 168 299
4783 8154 168 303
4783 8155 170 305
4783 8156 171 306
4783 8157 170 311
4783 8158 173 309
4783 8159 172 308
4783 8160 173 310
4783 8161 177 315
4783 8162 177 311
4783 8163 175 313
4783 8164 177 314
4783 8165 181 312
4783 8166 182 311
4783 8167 182 311
4783 8168 185 314
4783 8169 186 314
4783 8170 187 316
4783 8171 187 313
4783 8172 189 317
4783 8173 190 316
4783 8174 192 317
4783 8175 193 318
4783 8176 195 320
4783 8177 195 320
4783 8178 196 317
4783 8179 198 321
4783 8180 198 319
4783 8181 200 323
4783 8182 202 323
4783 8183 202 325
4783 8184 203 325
4783 8185 203 324
4783 8186 205 327
4783 8187 207 327
4783 8188 209 328
4783 8189 209 329
4783 8190 209 331
4783 8191 211 330
4783 8192 213 332
4783 8193 214 333
4783 8194 216 331
4783 8195 217 334
4783 8196 219 334
4783 8197 219 334
4783 8198 221 336
4783 8199 221 336
4783 8200 223 337
4783 8201 225 338
4783 8202 225 335
4783 8203 226 339
4783 8204 228 339
4783 8205 229 340
4783 8206 230 341
4783 8207 231 341
4783 8208 233 343
4783 8209 234 344
4783 8210 236 344
4783 8211 237 344
4783 8212 239 346
4783 8213 241 345
4783 8214 241 347
4783 8215 242 347
4783 8216 243 348
4783 8217 246 350
4783 8218 247 349
4783 8219 249 350
4783 8220 251 352
4783 8221 252 352
4783 8222 253 353
4783 8223 253 350
4783 8224 256 355
4783 8225 258 355
4783 8226 258 356
4783 8227 260 359
4783 8228 261 360
4783 8229 262 359
4783 8230 263 359
4783 8231 264 361
4783 8232 265 362
4783 8233 267 362
4783 8234 270 364
4783 8235 271 365
4783 8236 273 366
4783 8237 273 366
4783 8238 274 363
4783 8239 275 369
4783 8240 277 369
4783 8241 279 370
4783 8242 280 371
4783 8243 281 374
4783 8244 281 374
4783 8245 284 374
4783 8246 285 376
4783 8247 286 377
4783 8248 287 376
4783 8249 289 377
4783 8250 289 377
4783 8251 291 380
4783 8252 293 380
4783 8253 294 376
4910 8253 294 387
4910 8254 296 382
4910 8255 298 383
4910 8256 300 384
4910 8257 302 384
4910 8258 304 385
4910 8259 306 387
4910 8260 308 388
4910 8261 309 389
4910 8262 312 389
4910 8263 314 391
4910 8264 316 392
4910 8265 319 392
4910 8266 323 393
4910 8267 325 395
4910 8268 327 394
4910 8269 328 396
4910 8270 331 397
4910 8271 331 399
4910 8272 334 398
4910 8273 337 400
4910 8274 341 402
4910 8275 342 404
4910 8276 343 405
4910 8277 344 405
4910 8278 348 407
4910 8279 349 407
4910 8280 352 408
4910 8281 353 410
4910 8282 356 411
4910 8283 358 413
4910 8284 360 412
4910 8285 363 415
4910 8286 367 417
4910 8287 367 417
4910 8288 369 419
4910 8289 373 420
4910 8290 374 422
4910 8291 376 423
4910 8292 378 424
4910 8293 380 427
4910 8294 383 428
4910 8295 385 427
4910 8296 388 429
4910 8297 391 431
4910 8298 395 432
4910 8299 396 435
4910 8300 398 435
4910 8301 402 438
4910 8302 405 438
4910 8303 406 439
4910 8304 410 441
4910 8305 414 442
4910 8306 416 445
4910 8307 417 444
4910 8308 420 446
4910 8309 422 448
4910 8310 425 448
4910 8311 428 450
4910 8312 433 452
4910 8313 435 454
4910 8314 436 453
4910 8315 438 455
4910 8316 443 457
4910 8317 444 458
4910 8318 447 459
4910 8319 451 461
4910 8320 454 461
4910 8321 456 462
4910 8322 457 463
4910 8323 460 463
4910 8324 462 464
4910 8325 465 465
4910 8326 468 465
4910 8327 473 466
4910 8328 475 467
4910 8329 477 468
4910 8330 483 468
4910 8331 485 469
4910 8332 488 470
4910 8333 491 471
4910 8334 495 471
4910 8335 497 472
4910 8336 498 473
4910 8337 502 474
4910 8338 505 475
4910 8339 508 475
4926 8279 253 249
4926 8280 258 250
4926 8281 269 250
4926 8282 282 250
4926 8283 291 251
4926 8284 302 253
4926 8285 315 255
4926 8286 325 255
4926 8287 337 255
4926 8288 350 258
4926 8289 365 259
4926 8290 377 259
4926 8291 389 258
4926 8292 403 259
4926 8293 418 263
4926 8294 430 266
4926 8295 443 266
4926 8296 460 267
4926 8297 467 267
4926 8298 474 267
4926 8299 482 267
4926 8300 488 273
4987 8372 203 415
4987 8373 200 417
4987 8374 199 420
4987 8375 196 422
4987 8376 193 423
4987 8377 190 428
4987 8378 187 426
4987 8379 187 430
4987 8380 180 434
4987 8381 176 436
4987 8382 175 435
4987 8383 173 438
4987 8384 171 440
4987 8385 167 442
4987 8386 163 444
4987 8387 162 446
4987 8388 159 449
4987 8389 154 451
4987 8390 155 451
4987 8391 148 456
4987 8392 144 459
4987 8393 140 461
4987 8394 139 462
4987 8395 135 464
4987 8396 131 468
4987 8397 127 468
4987 8398 123 471
4987 8399 119 473
4987 8400 117 475
5105 8608 355 259
5105 8609 356 260
5105 8610 368 261
5105 8611 380 261
5105 8612 391 262
5105 8613 401 264
5105 8614 414 264
5105 8615 426 265
5105 8616 437 266
5105 8617 449 267
5105 8618 462 269
5105 8619 469 268
5105 8620 473 268
5105 8621 478 269
5105 8622 486 271
5214 8868 458 267
5214 8869 466 269
5214 8870 464 269
5214 8871 468 267
5214 8872 468 267
5214 8873 457 267
5214 8874 441 262
5214 8875 425 261
5214 8876 414 258
5214 8877 401 259
5214 8878 386 257
5214 8879 367 256
5214 8880 354 255
5214 8881 346 254
5214 8882 335 252
5214 8883 323 251
5214 8884 312 251
5214 8885 300 249
5214 8886 287 249
5214 8887 276 248
5214 8888 266 247
5214 8889 256 246
5239 8908 98 456
5239 8909 95 457
5239 8910 96 451
5239 8911 99 451
5239 8912 104 447
5239 8913 106 446
5239 8914 110 445
5239 8915 117 444
5239 8916 118 443
5239 8917 121 438
5239 8918 124 434
5239 8919 128 434
5239 8920 132 432
5239 8921 132 435
5239 8922 139 429
5239 8923 141 432
5239 8924 142 431
5239 8925 148 425
5239 8926 152 424
5239 8927 155 424
5239 8928 162 420
5239 8929 164 423
5239 8930 165 424
5239 8931 170 420
5239 8932 172 416
5239 8933 176 415
5239 8934 177 413
5239 8935 183 414
5239 8936 188 415
5239 8937 192 409
5239 8938 198 406
5239 8939 202 405
5239 8940 202 397
5278 8950 240 383
5278 8951 245 386
5278 8952 247 381
5278 8953 247 383
5278 8954 251 381
5278 8955 253 379
5278 8956 258 376
5278 8957 262 374
5278 8958 263 374
5278 8959 266 376
5278 8960 265 376
5278 8961 269 375
5278 8962 271 372
5278 8963 272 369
5278 8964 277 366
5278 8965 281 370
5278 8966 281 370
5278 8967 284 364
5278 8968 286 364
5278 8969 288 363
5278 8970 289 363
5278 8971 294 362
5278 8972 296 364
5278 8973 298 362
5278 8974 299 359
5278 8975 301 358
5278 8976 303 356
5278 8977 304 352
5278 8978 309 349
5333 9027 373 313
5333 9028 374 309
5333 9029 375 307
5333 9030 377 308
5333 9031 378 304
5333 9032 380 303
5333 9033 381 303
5333 9034 381 304
5333 9035 384 302
5333 9036 385 300
5333 9037 387 301
5333 9038 387 300
5333 9039 389 297
5333 9040 389 302
5333 9041 393 298
5333 9042 393 301
5333 9043 394 298
5333 9044 395 296
5333 9045 397 297
5333 9046 399 295
5333 9047 399 298
5333 9048 402 297
5333 9049 403 295
5333 9050 404 294
5333 9051 406 292
5333 9052 408 290
5333 9053 409 292
5333 9054 409 293
5333 9055 411 291
5333 9056 412 292
5333 9057 414 290
5333 9058 415 288
5333 9059 417 288
5333 9060 418 288
5333 9061 419 287
5333 9062 419 288
5333 9063 421 284
5333 9064 422 286
5333 9065 422 286
5333 9066 420 274
5333 9067 425 282
5333 9068 428 283
5333 9069 427 283
5333 9070 430 281
5333 9071 432 282
5333 9072 432 282
5333 9073 434 282
5333 9074 438 281
5333 9075 439 278
5333 9076 439 281
5333 9077 442 281
5333 9078 444 281
5333 9079 445 280
5333 9080 448 280
5333 9081 450 278
5333 9082 450 281
5333 9083 451 279
5333 9084 454 280
5631 9273 358 261
5631 9274 364 261
5631 9275 368 262
5631 9276 380 263
5631 9277 390 263
5631 9278 398 273
5631 9279 410 272
5631 9280 419 272
5631 9281 429 273
5631 9282 411 282
5631 9283 408 282
5631 9284 407 282
5631 9285 406 282
5631 9286 403 282
5631 9287 403 282
5631 9288 399 285
5631 9289 399 282
5631 9290 397 282
5631 9291 396 282
5631 9292 393 284
5631 9293 392 284
5631 9294 391 284
5631 9295 388 282
5631 9296 387 284
5631 9297 387 286
5631 9298 385 285
5631 9299 381 285
5631 9300 380 284
5631 9301 379 283
5631 9302 378 284
5631 9303 376 285
5631 9304 375 285
5631 9305 374 283
5631 9306 369 285
5631 9307 368 286
5631 9308 367 285
5631 9309 365 286
5631 9310 362 287
5631 9311 362 286
5631 9312 362 287
5631 9313 359 287
5631 9314 355 286
5631 9315 354 288
5631 9316 351 286
5631 9317 352 288
5631 9318 349 288
5631 9319 349 288
5631 9320 346 287
5631 9321 344 287
5631 9322 340 291
5631 9323 341 287
5631 9324 340 289
5631 9325 336 288
5631 9326 336 290
5631 9327 335 288
5631 9328 332 290
5631 9329 328 291
5631 9330 327 290
5631 9331 324 291
5631 9332 323 289
5631 9333 321 293
5631 9334 322 290
5631 9335 316 289
5631 9336 314 291
5631 9337 313 292
5631 9338 312 292
5631 9339 310 292
5631 9340 308 293
5631 9341 306 293
5631 9342 305 290
5631 9343 301 291
5793 9432 125 304
5793 9433 124 302
5793 9434 124 301
5793 9435 123 304
5793 9436 118 304
5793 9437 118 304
5793 9438 115 308
5793 9439 112 305
5793 9440 110 306
5793 9441 110 305
5793 9442 109 303
5793 9443 105 303
5793 9444 104 306
5793 9445 103 306
5793 9446 100 306
5793 9447 96 306
5793 9448 95 304
5793 9449 95 304
5793 9450 93 305
5793 9451 88 305
5793 9452 89 306
5793 9453 86 307
5793 9454 85 308
5793 9455 83 308
5793 9456 80 308
5793 9457 74 308
5793 9458 74 312
5793 9459 73 311
5793 9460 73 309
5793 9461 72 312
5793 9462 67 311
5793 9463 63 311
5793 9464 65 313
5793 9465 60 312
5793 9466 62 314
5793 9467 59 313
5793 9468 55 313
5793 9469 53 318
5793 9470 58 316
5793 9471 53 316
5793 9472 48 318
5793 9473 50 317
5793 9474 49 316
5793 9475 48 323
6522 10404 164 277
6522 10405 163 279
6522 10406 162 279
6522 10407 160 282
6522 10408 156 279
6522 10409 156 283
6522 10410 154 284
6522 10411 151 284
6522 10412 149 281
6522 10413 147 282
6522 10414 146 282
6522 10415 143 286
6522 10416 140 286
6522 10417 139 284
6522 10418 137 284
6522 10419 136 284
6522 10420 133 286
6522 10421 133 286
6522 10422 129 287
6522 10423 126 286
6522 10424 125 286
6522 10425 124 287
6522 10426 119 283
6522 10427 118 289
6522 10428 115 288
6522 10429 115 289
6522 10430 112 289
6522 10431 110 293
6522 10432 108 292
6522 10433 105 291
6522 10434 103 291
6522 10435 100 291
6522 10436 99 291
6522 10437 97 296
6522 10438 94 292
6522 10439 93 293
6522 10440 90 297
6522 10441 87 295
6522 10442 86 294
6522 10443 84 294
6522 10444 81 298
6522 10445 81 298
6540 10471 485 471
6540 10472 484 470
6540 10473 483 467
6540 10474 486 461
6540 10475 481 466
6540 10476 481 464
6540 10477 480 464
6540 10478 480 463
6540 10479 480 466
6540 10480 478 468
6540 10481 479 466
6540 10482 480 459
6540 10483 479 459
6540 10484 478 456
6540 10485 478 448
6540 10486 477 452
6540 10487 476 452
6540 10488 475 454
6540 10489 477 449
6540 10490 477 445
6540 10491 476 445
6540 10492 476 441
6540 10493 475 439
6540 10494 474 435
6540 10495 473 436
6540 10496 471 440
6540 10497 471 431
6540 10498 470 430
6540 10499 469 430
6540 10500 469 425
6540 10501 467 422
6540 10502 466 423
6540 10503 465 422
6540 10504 464 416
6540 10505 463 416
6540 10506 462 414
6540 10507 459 412
6540 10508 459 408
6540 10509 458 410
6540 10510 456 406
6540 10511 455 405
6540 10512 454 403
6540 10513 453 401
6540 10514 452 398
6540 10515 452 397
6540 10516 451 395
6540 10517 450 394
6540 10518 448 389
6540 10519 448 385
6540 10520 447 384
6540 10521 446 380
6540 10522 444 378
6540 10523 443 377
6540 10524 443 373
6540 10525 441 371
6540 10526 441 368
6540 10527 439 366
6540 10528 438 364
6540 10529 438 362
6540 10530 435 367
6688 10614 243 246
6688 10615 246 247
6688 10616 250 247
6688 10617 254 248
6688 10618 264 247
6688 10619 273 250
6688 10620 275 248
6688 10621 281 250
6688 10622 288 250
6688 10623 295 251
6688 10624 303 252
6688 10625 309 253
6688 10626 321 261
6688 10627 332 258
6688 10628 332 260
6688 10629 331 257
6688 10630 347 258
6688 10631 338 257
6688 10632 342 260
6688 10633 346 257
6868 10762 475 277
6868 10763 477 272
6868 10764 482 272
6868 10765 488 273
6868 10766 490 267
6868 10767 485 267
6868 10768 479 264
6868 10769 472 264
6868 10770 462 263
6868 10771 448 262
6868 10772 438 262
6868 10773 424 260
6868 10774 413 258
6868 10775 402 258
6868 10776 390 257
6868 10777 377 256
6868 10778 366 255
6868 10779 355 254
6868 10780 344 252
6868 10781 333 251
6868 10782 322 250
7040 10950 184 254
7040 10951 185 255
7040 10952 183 256
7040 10953 180 258
7040 10954 171 260
7040 10955 175 259
7040 10956 170 261
7040 10957 161 263
7040 10958 157 264
7040 10959 158 263
7040 10960 152 266
7040 10961 151 267
7040 10962 146 266
7040 10963 142 271
7040 10964 139 272
7040 10965 140 272
7040 10966 133 276
7040 10967 135 275
7040 10968 130 277
7040 10969 128 278
7040 10970 126 280
7040 10971 123 284
7040 10972 119 283
7040 10973 114 285
7040 10974 114 284
7040 10975 110 289
7040 10976 102 291
7040 10977 102 292
7040 10978 97 292
7040 10979 95 296
7040 10980 88 294
7125 11052 157 263
7125 11053 158 262
7125 11054 162 261
7125 11055 162 259
7125 11056 165 261
7125 11057 165 262
7125 11058 167 259
7125 11059 169 260
7125 11060 171 258
7125 11061 173 257
7125 11062 175 258
7125 11063 176 258
7125 11064 178 258
7125 11065 171 249
7125 11066 180 249
7125 11067 183 255
7125 11068 196 250
7125 11069 204 247
7125 11070 211 246
7125 11071 220 247
7125 11072 230 248
7125 11073 240 249
7125 11074 247 249
7125 11075 255 250
7125 11076 264 251
7125 11077 275 251
7125 11078 283 252
7125 11079 291 251
7125 11080 301 254
7125 11081 308 255
7125 11082 315 255
7125 11083 326 256
7125 11084 335 257
7125 11085 328 261
7128 11054 253 246
7128 11055 260 246
7128 11056 267 247
7128 11057 276 247
7128 11058 284 248
7128 11059 291 249
7128 11060 300 250
7128 11061 309 250
7128 11062 317 250
7128 11063 324 250
7128 11064 333 253
7128 11065 343 252
7128 11066 351 254
7128 11067 358 255
7128 11068 367 254
7128 11069 377 256
7128 11070 384 257
7128 11071 392 258
7128 11072 402 260
7128 11073 411 260
7128 11074 419 260
7128 11075 428 262
7128 11076 436 263
7128 11077 446 264
7128 11078 454 264
7128 11079 460 265
7128 11080 466 262
7128 11081 473 264
7128 11082 473 264
7128 11083 480 265
7128 11084 483 266
7128 11085 489 267
7231 11182 173 246
7231 11183 173 248
7231 11184 171 249
7231 11185 171 247
7231 11186 165 250
7231 11187 165 251
7231 11188 162 252
7231 11189 164 250
7231 11190 162 253
7231 11191 160 254
7231 11192 159 250
7231 11193 155 250
7231 11194 156 256
7231 11195 153 258
7231 11196 151 259
7231 11197 149 261
7231 11198 147 266
7231 11199 146 262
7231 11200 144 263
7231 11201 142 265
7231 11202 138 266
7231 11203 136 267
7231 11204 131 269
7231 11205 124 271
7231 11206 117 275
7231 11207 113 278
7231 11208 107 279
7231 11209 101 282
7231 11210 96 285
7231 11211 88 283
7231 11212 80 289
7231 11213 75 285
7231 11214 68 297
7231 11215 60 299
7231 11216 55 302
7231 11217 48 304
7231 11218 40 309
7231 11219 30 313
7231 11220 24 316
7231 11221 19 317
7231 11222 16 321
7231 11223 13 326
7231 11224 10 328
7231 11225 4 325
7238 11199 165 246
7238 11200 163 246
7238 11201 160 249
7238 11202 158 249
7238 11203 155 250
7238 11204 153 253
7238 11205 147 255
7238 11206 144 258
7238 11207 141 259
7238 11208 131 262
7238 11209 127 264
7238 11210 121 266
7238 11211 115 267
7238 11212 108 272
7238 11213 103 275
7238 11214 95 272
7238 11215 88 274
7238 11216 83 282
7238 11217 78 284
7238 11218 66 287
7238 11219 59 292
7238 11220 55 292
7238 11221 51 296
7238 11222 44 307
7238 11223 43 310
7238 11224 34 306
7238 11225 31 316
7238 11226 34 328
7371 11382 52 357
7371 11383 50 353
7371 11384 52 350
7371 11385 54 352
7371 11386 58 352
7371 11387 59 349
7371 11388 61 350
7371 11389 64 348
7371 11390 63 347
7371 11391 70 348
7371 11392 72 348
7371 11393 70 349
7371 11394 76 348
7371 11395 76 345
7371 11396 81 348
7371 11397 83 347
7371 11398 82 342
7371 11399 85 344
7371 11400 90 347
7371 11401 93 346
7371 11402 95 345
7371 11403 98 346
7371 11404 100 345
7371 11405 102 346
7371 11406 102 344
7371 11407 103 343
7371 11408 108 344
7371 11409 111 344
7371 11410 111 347
7371 11411 112 347
7371 11412 119 346
7371 11413 121 343
7371 11414 120 342
7371 11415 121 342
7371 11416 125 339
7371 11417 127 342
7371 11418 129 341
7371 11419 134 341
7371 11420 135 340
7371 11421 138 342
7371 11422 136 339
7414 11438 183 340
7414 11439 184 338
7414 11440 185 332
7414 11441 187 331
7414 11442 188 329
7414 11443 192 330
7414 11444 194 330
7414 11445 196 333
7414 11446 197 327
7414 11447 198 328
7414 11448 198 326
7414 11449 201 326
7414 11450 202 327
7414 11451 203 324
7414 11452 207 325
7414 11453 209 323
7414 11454 211 323
7414 11455 212 324
7414 11456 212 323
7414 11457 216 322
7414 11458 215 321
7414 11459 218 320
7414 11460 222 320
7414 11461 222 322
7414 11462 225 318
7414 11463 225 317
7414 11464 227 319
7414 11465 228 316
7414 11466 231 316
7414 11467 233 316
7414 11468 234 315
7414 11469 235 317
7414 11470 237 315
7414 11471 239 317
7414 11472 240 314
7414 11473 241 316
7414 11474 242 311
7414 11475 243 312
7414 11476 245 315
7414 11477 246 309
7414 11478 246 309
7414 11479 248 309
7414 11480 249 308
7414 11481 251 306
7414 11482 250 309
7414 11483 251 305
7414 11484 253 306
7414 11485 255 304
7414 11486 253 304
7414 11487 256 303
7422 11453 161 254
7422 11454 162 254
7422 11455 163 257
7422 11456 161 255
7422 11457 161 251
7422 11458 161 253
7422 11459 160 254
7422 11460 161 256
7422 11461 159 254
7422 11462 161 258
7422 11463 160 259
7422 11464 159 260
7422 11465 158 261
7422 11466 156 262
7422 11467 156 264
7422 11468 151 264
7422 11469 152 267
7422 11470 150 267
7422 11471 149 268
7422 11472 147 269
7422 11473 145 271
7422 11474 142 273
7422 11475 140 274
7422 11476 135 276
7422 11477 134 277
7422 11478 133 278
7422 11479 130 279
7422 11480 126 282
7422 11481 122 283
7422 11482 119 284
7422 11483 115 287
7422 11484 111 289
7422 11485 107 290
7422 11486 103 292
7422 11487 98 294
7422 11488 104 291
7457 11488 91 297
7457 11489 92 297
7457 11490 87 299
7457 11491 81 302
7457 11492 77 305
7457 11493 75 305
7457 11494 71 307
7457 11495 67 309
7457 11496 62 311
7457 11497 58 313
7457 11498 54 315
7457 11499 49 317
7457 11500 44 320
7457 11501 40 321
7457 11502 34 325
7457 11503 30 327
7457 11504 24 328
7457 11505 23 330
7457 11506 22 332
7457 11507 20 334
7457 11508 18 336
7457 11509 16 333
7457 11510 14 334
7457 11511 12 336
7457 11512 9 339
7457 11513 8 341
7457 11514 4 347
7457 11515 3 347
7492 11537 5 397
7492 11538 7 395
7492 11539 6 395
7492 11540 7 393
7492 11541 9 394
7492 11542 10 387
7492 11543 11 387
7492 11544 11 386
7492 11545 16 386
7492 11546 19 387
7492 11547 21 387
7492 11548 22 381
7492 11549 25 382
7492 11550 28 386
7492 11551 33 386
7492 11552 35 386
7492 11553 38 386
7492 11554 41 385
7492 11555 45 388
7492 11556 48 385
7492 11557 49 385
7492 11558 52 385
7492 11559 56 388
7492 11560 59 387
7492 11561 61 384
7492 11562 63 387
7492 11563 68 385
7492 11564 69 384
7492 11565 71 384
7492 11566 74 383
7492 11567 75 383
7492 11568 80 383
7492 11569 82 386
7492 11570 84 387
7492 11571 89 384
7492 11572 91 383
7492 11573 93 383
7492 11574 96 382
7492 11575 97 377
7492 11576 99 376
7539 11588 142 389
7539 11589 145 388
7539 11590 143 382
7539 11591 145 382
7539 11592 144 382
7539 11593 151 382
7539 11594 154 379
7539 11595 156 379
7539 11596 159 378
7539 11597 162 380
7539 11598 166 381
7539 11599 167 380
7539 11600 171 378
7539 11601 175 379
7539 11602 175 377
7539 11603 180 379
7539 11604 183 379
7539 11605 185 379
7539 11606 188 376
7539 11607 190 377
7539 11608 195 378
7539 11609 197 376
7539 11610 196 374
7539 11611 202 376
7539 11612 209 377
7539 11613 208 374
7539 11614 212 377
7539 11615 216 377
7539 11616 218 376
7539 11617 219 373
7539 11618 225 372
7539 11619 228 375
7539 11620 229 375
7539 11621 232 372
7539 11622 234 376
7539 11623 240 372
7539 11624 241 373
7539 11625 243 372
7539 11626 249 372
7539 11627 252 371
7539 11628 253 373
7539 11629 257 375
7539 11630 261 372
7539 11631 263 372
7539 11632 265 372
7539 11633 268 376
7539 11634 273 376
7539 11635 274 372
7539 11636 279 372
7539 11637 280 372
7539 11638 285 372
7539 11639 285 371
7539 11640 287 377
7539 11641 288 382
7573 11672 383 368
7573 11673 382 368
7573 11674 385 367
7573 11675 388 364
7573 11676 393 367
7573 11677 393 365
7573 11678 395 366
7573 11679 398 363
7573 11680 402 366
7573 11681 403 366
7573 11682 405 363
7573 11683 411 362
7573 11684 411 362
7573 11685 413 361
7573 11686 417 361
7573 11687 422 363
7573 11688 423 359
7573 11689 424 364
7573 11690 426 361
7573 11691 431 360
7573 11692 432 362
7573 11693 435 361
7573 11694 437 359
7573 11695 440 359
7573 11696 441 359
7573 11697 443 358
7573 11698 449 358
7573 11699 451 357
7573 11700 454 356
7573 11701 456 360
7573 11702 458 356
7573 11703 460 355
7573 11704 460 359
7573 11705 465 355
7573 11706 468 355
7573 11707 468 354
7573 11708 469 355
7573 11709 473 353
7573 11710 477 353
7573 11711 476 354
7573 11712 479 353
7573 11713 484 353
7573 11714 484 355
7573 11715 486 352
7573 11716 488 354
7573 11717 492 354
7573 11718 493 355
7573 11719 494 355
7573 11720 496 351
7573 11721 500 350
7573 11722 501 353
7573 11723 503 351
7573 11724 506 352
7573 11725 510 352
7573 11726 509 353
7573 11727 512 349
7573 11728 515 351
7573 11729 518 348
7573 11730 518 348
7573 11731 521 349
7573 11732 523 347
7573 11733 526 350
7573 11734 526 350
7573 11735 527 350
7573 11736 531 350
7573 11737 533 350
7573 11738 533 346
7573 11739 538 343
7573 11740 538 345
7573 11741 541 345
7573 11742 541 345
7573 11743 547 350
7573 11744 546 351
7573 11745 545 351
7579 11681 347 254
7579 11682 345 257
7579 11683 360 257
7579 11684 375 258
7579 11685 389 260
7579 11686 402 261
7579 11687 417 264
7579 11688 434 264
7579 11689 448 266
7579 11690 461 267
7579 11691 471 267
7579 11692 479 267
7579 11693 487 268
7679 11884 89 295
7679 11885 90 297
7679 11886 79 303
7679 11887 67 308
7679 11888 71 306
7679 11889 65 308
7679 11890 60 312
7679 11891 50 315
7679 11892 45 318
7679 11893 40 319
7679 11894 32 324
7679 11895 24 327
7679 11896 17 329
7679 11897 13 332
7679 11898 10 335
7679 11899 8 337
7679 11900 3 347
7707 11924 92 300
7707 11925 90 301
7707 11926 88 301
7707 11927 85 302
7707 11928 81 298
7707 11929 77 299
7707 11930 75 300
7707 11931 73 301
7707 11932 71 300
7707 11933 65 305
7707 11934 62 306
7707 11935 60 306
7707 11936 58 307
7707 11937 55 310
7707 11938 55 306
7707 11939 54 312
7707 11940 50 316
7707 11941 47 315
7707 11942 43 317
7707 11943 39 319
7707 11944 38 320
7707 11945 34 321
7707 11946 31 323
7707 11947 28 325
7707 11948 25 327
7707 11949 26 329
7707 11950 20 328
7712 11934 488 267
7712 11935 484 266
7712 11936 479 265
7712 11937 473 265
7712 11938 470 265
7712 11939 463 265
7712 11940 452 263
7712 11941 444 262
7712 11942 434 262
7712 11943 427 259
7712 11944 419 259
7712 11945 412 258
7712 11946 405 258
7712 11947 395 258
7712 11948 387 257
7712 11949 379 257
7712 11950 371 256
7712 11951 380 252
7772 11992 236 246
7772 11993 231 246
7772 11994 226 247
7772 11995 225 247
7772 11996 218 247
7772 11997 213 249
7772 11998 209 249
7772 11999 203 250
7772 12000 199 250
7772 12001 195 251
7772 12002 191 252
7772 12003 186 252
7772 12004 184 253
7772 12005 178 254
7772 12006 175 255
7772 12007 170 256
7772 12008 168 257
7772 12009 164 258
7772 12010 164 260
7772 12011 156 261
7772 12012 155 261
7772 12013 152 263
7772 12014 147 264
7772 12015 145 265
7772 12016 141 266
7772 12017 141 267
7772 12018 138 268
7772 12019 132 269
7772 12020 133 271
7772 12021 130 272
7772 12022 123 273
7772 12023 121 274
7772 12024 119 275
7772 12025 117 277
7772 12026 116 277
7772 12027 108 279
7772 12028 106 280
7772 12029 105 281
7772 12030 102 282
7772 12031 98 284
7772 12032 95 285
7772 12033 92 286
7772 12034 90 287
7772 12035 87 288
7772 12036 85 290
7772 12037 81 291
7772 12038 80 292
7772 12039 76 294
7772 12040 73 295
7772 12041 72 297
7772 12042 70 298
7772 12043 70 299
7772 12044 63 301
7772 12045 63 302
7772 12046 62 303
7772 12047 57 304
7772 12048 55 305
7772 12049 53 306
7772 12050 52 308
7772 12051 50 309
7772 12052 48 310
7772 12053 45 312
7772 12054 39 313
7772 12055 38 315
7772 12056 37 316
7772 12057 34 317
7772 12058 32 319
7772 12059 28 320
7772 12060 27 321
7772 12061 21 322
7772 12062 18 324
7772 12063 16 325
7772 12064 16 327
7772 12065 14 329
7772 12066 11 331
7772 12067 10 334
7772 12068 9 336
7772 12069 6 329
7772 12070 6 332
7772 12071 4 330
7772 12072 9 327
7779 12000 109 283
7779 12001 110 287
7779 12002 109 289
7779 12003 106 293
7779 12004 101 291
7779 12005 100 295
7779 12006 97 295
7779 12007 93 296
7779 12008 89 298
7779 12009 87 299
7779 12010 84 306
7779 12011 82 304
7779 12012 78 308
7779 12013 71 308
7779 12014 69 314
7779 12015 67 309
7779 12016 64 311
7779 12017 60 311
7779 12018 57 314
7820 12039 99 272
7820 12040 98 276
7820 12041 95 276
7820 12042 92 276
7820 12043 89 280
7820 12044 88 279
7820 12045 86 282
7820 12046 86 290
7820 12047 81 283
7820 12048 79 285
7820 12049 76 284
7820 12050 74 287
7820 12051 71 288
7820 12052 69 289
7820 12053 67 291
7820 12054 65 292
7820 12055 61 290
7820 12056 60 295
7820 12057 57 295
7820 12058 56 296
7820 12059 53 296
7820 12060 51 298
7820 12061 49 300
7820 12062 47 301
7820 12063 43 301
7820 12064 42 304
7820 12065 39 305
7820 12066 35 304
7820 12067 34 308
7820 12068 25 309
7820 12069 27 310
7820 12070 24 312
7820 12071 20 313
7820 12072 17 314
7820 12073 14 316
7820 12074 11 318
7820 12075 9 320
7820 12076 13 328
7820 12077 7 323
7820 12078 5 325
7820 12079 3 328
7850 12112 256 246
7850 12113 268 246
7850 12114 279 246
7850 12115 296 247
7850 12116 315 247
7850 12117 328 249
7850 12118 335 250
7850 12119 350 254
7850 12120 367 255
7850 12121 382 256
7850 12122 397 259
7850 12123 415 259
7850 12124 431 261
7850 12125 425 248
8223 12606 488 268
8223 12607 485 266
8223 12608 484 265
8223 12609 480 264
8223 12610 478 264
8223 12611 471 263
8223 12612 465 264
8223 12613 457 263
8223 12614 447 262
8223 12615 437 261
8223 12616 427 261
8223 12617 420 260
8223 12618 410 259
8223 12619 400 258
8223 12620 391 257
8223 12621 380 257
8223 12622 368 256
8223 12623 359 255
8223 12624 350 254
8223 12625 338 252
8223 12626 328 253
8223 12627 319 251
8223 12628 323 253
8223 12629 324 252