168 1207 274 253
168 1208 288 252
168 1209 302 255
168 1210 317 257
168 1211 332 258
168 1212 349 258
168 1213 366 259
168 1214 381 262
168 1215 396 263
168 1216 417 265
168 1217 433 266
168 1218 450 267
168 1219 465 268
168 1220 475 269
168 1221 482 271
201 1361 485 266
201 1362 475 264
201 1363 469 264
201 1364 459 264
201 1365 443 263
201 1366 427 262
201 1367 412 261
201 1368 399 258
201 1369 381 258
201 1370 368 257
201 1371 357 256
201 1372 341 254
201 1373 327 253
201 1374 316 256
219 1553 237 246
219 1554 250 247
219 1555 261 248
219 1556 273 249
219 1557 288 251
219 1558 298 252
219 1559 312 253
219 1560 327 254
219 1561 342 254
219 1562 355 256
219 1563 372 258
219 1564 389 259
219 1565 404 260
219 1566 418 262
219 1567 436 264
219 1568 452 264
219 1569 462 266
219 1570 475 267
219 1571 483 268
219 1572 491 269
239 1677 381 257
239 1678 378 258
239 1679 365 257
239 1680 350 256
239 1681 336 255
239 1682 322 253
239 1683 308 251
239 1684 295 252
239 1685 279 250
239 1686 266 249
239 1687 258 248
239 1688 251 246
393 1955 197 249
393 1956 224 249
393 1957 220 246
393 1958 229 247
393 1959 243 247
393 1960 249 248
393 1961 251 248
393 1962 259 249
393 1963 267 250
393 1964 277 249
393 1965 287 251
393 1966 297 251
393 1967 306 253
393 1968 317 254
393 1969 340 256
393 1970 360 258
393 1971 375 259
393 1972 391 260
393 1973 409 262
393 1974 427 264
393 1975 442 265
393 1976 459 265
393 1977 469 267
393 1978 478 268
393 1979 490 269
915 3132 144 279
915 3133 140 280
915 3134 143 278
915 3135 140 281
915 3136 137 283
915 3137 133 284
915 3138 130 285
915 3139 126 287
915 3140 123 288
915 3141 119 290
915 3142 115 292
915 3143 111 293
915 3144 108 294
915 3145 103 296
915 3146 100 298
915 3147 96 300
915 3148 91 300
915 3149 87 303
915 3150 83 304
915 3151 78 307
915 3152 75 309
915 3153 71 311
915 3154 65 312
915 3155 60 315
915 3156 56 316
915 3157 51 318
915 3158 46 320
915 3159 42 323
915 3160 38 325
915 3161 33 327
915 3162 28 329
915 3163 25 331
915 3164 30 335
962 3419 486 267
962 3420 479 268
962 3421 471 266
962 3422 469 264
962 3423 459 264
962 3424 446 263
962 3425 435 261
962 3426 425 261
962 3427 412 259
962 3428 400 259
962 3429 388 258
962 3430 377 257
962 3431 365 257
962 3432 354 256
962 3433 344 254
962 3434 333 254
962 3435 320 252
962 3436 310 251
962 3437 301 251
962 3438 289 250
962 3439 279 250
962 3440 270 249
962 3441 260 248
962 3442 250 247
1919 6688 5 339
1919 6689 12 335
1919 6690 16 332
1919 6691 19 332
1919 6692 23 330
1919 6693 28 325
1919 6694 36 322
1919 6695 42 320
1919 6696 50 317
1919 6697 56 314
1919 6698 64 312
1919 6699 72 308
1919 6700 79 305
1919 6701 86 303
1919 6702 93 300
1919 6703 90 306
1919 6704 88 306
1919 6705 92 305
1919 6706 101 301
1997 7053 228 246
1997 7054 237 246
1997 7055 247 248
1997 7056 259 248
1997 7057 273 250
1997 7058 283 251
1997 7059 294 252
1997 7060 306 253
1997 7061 317 254
1997 7062 331 255
1997 7063 344 256
1997 7064 357 257
1997 7065 369 258
1997 7066 382 259
1997 7067 394 260
1997 7068 406 261
1997 7069 421 262
1997 7070 433 263
1997 7071 444 264
1997 7072 460 266
1997 7073 468 267
1997 7074 475 268
1997 7075 483 268
1997 7076 487 269
1997 7077 501 261
2034 7144 453 264
2034 7145 441 264
2034 7146 426 262
2034 7147 412 262
2034 7148 398 260
2034 7149 383 259
2034 7150 371 258
2034 7151 358 257
2034 7152 343 256
2034 7153 330 255
2034 7154 318 254
2034 7155 304 253
2034 7156 291 251
2034 7157 296 256
2908 10084 185 393
2908 10085 184 389
2908 10086 190 389
2908 10087 190 389
2908 10088 193 389
2908 10089 202 389
2908 10090 203 389
2908 10091 205 389
2908 10092 209 388
2908 10093 215 388
2908 10094 217 389
2908 10095 217 389
2908 10096 223 387
2908 10097 230 388
2908 10098 230 388
2908 10099 232 388
2908 10100 238 387
2908 10101 242 387
2908 10102 243 388
2908 10103 247 391
2908 10104 252 387
2908 10105 257 387
2908 10106 257 387
2908 10107 261 386
2908 10108 268 386
2908 10109 270 387
2908 10110 271 387
2908 10111 275 386
2908 10112 283 386
2908 10113 282 386
2908 10114 284 386
2908 10115 289 385
2908 10116 295 384
2908 10117 295 385
2908 10118 298 385
2908 10119 306 385
2908 10120 309 385
2908 10121 308 385
2908 10122 313 384
2908 10123 320 384
2908 10124 321 385
2908 10125 322 385
2908 10126 329 383
2908 10127 334 384
2908 10128 335 384
2908 10129 336 382
2908 10130 341 383
2908 10131 347 383
2908 10132 348 384
2908 10133 350 384
2908 10134 357 383
2908 10135 360 383
2908 10136 361 383
2908 10137 362 389
2915 10140 387 384
2915 10141 386 388
2915 10142 390 388
2915 10143 393 380
2915 10144 398 381
2915 10145 399 382
2915 10146 401 381
2915 10147 408 380
2915 10148 410 379
2915 10149 412 380
2915 10150 415 378
2915 10151 422 377
2915 10152 422 379
2915 10153 424 377
2915 10154 427 377
2915 10155 434 376
2915 10156 434 376
2915 10157 436 377
2915 10158 440 375
2915 10159 446 375
2915 10160 446 375
2915 10161 449 376
2915 10162 452 374
2915 10163 456 373
2915 10164 458 376
2915 10165 461 374
2915 10166 466 370
2915 10167 469 373
2915 10168 470 374
2915 10169 474 372
2915 10170 479 372
2915 10171 480 372
2915 10172 482 372
2915 10173 486 371
2915 10174 490 371
2915 10175 491 371
2915 10176 494 371
2915 10177 499 370
2915 10178 502 370
2915 10179 502 369
2915 10180 505 369
2915 10181 511 369
2915 10182 513 369
2915 10183 514 370
2915 10184 519 369
2915 10185 522 367
2915 10186 523 368
2915 10187 524 372
3050 10746 436 263
3050 10747 438 263
3050 10748 428 262
3050 10749 421 262
3050 10750 410 261
3050 10751 399 260
3050 10752 392 258
3050 10753 381 258
3050 10754 372 257
3050 10755 364 257
3050 10756 354 256
3050 10757 346 255
3050 10758 337 254
3050 10759 328 253
3050 10760 319 253
3050 10761 311 253
3050 10762 303 252
3050 10763 300 250
3341 11675 161 416
3341 11676 158 415
3341 11677 156 413
3341 11678 155 414
3341 11679 152 415
3341 11680 153 415
3341 11681 150 416
3341 11682 151 417
3341 11683 149 418
3341 11684 148 418
3341 11685 146 417
3341 11686 146 420
3341 11687 143 421
3341 11688 143 425
3341 11689 139 425
3341 11690 141 424
3341 11691 138 425
3341 11692 137 424
3341 11693 136 426
3341 11694 135 426
3341 11695 131 424
3341 11696 131 427
3341 11697 128 429
3341 11698 125 433
3341 11699 127 429
3341 11700 123 432
3341 11701 122 436
3341 11702 122 432
3341 11703 120 434
3341 11704 120 433
3341 11705 120 434
3341 11706 117 435
3341 11707 114 437
3341 11708 112 442
3341 11709 112 442
3341 11710 111 442
3341 11711 108 444
3341 11712 108 448
3364 11700 61 323
3364 11701 59 325
3364 11702 57 326
3364 11703 53 328
3364 11704 50 329
3364 11705 46 330
3364 11706 43 331
3364 11707 38 333
3364 11708 34 335
3364 11709 30 338
3364 11710 24 344
3364 11711 21 346
3364 11712 15 348
3364 11713 13 350
3364 11714 9 351
3364 11715 8 355
3364 11716 4 358
3648 12708 311 254
3648 12709 309 254
3648 12710 317 255
3648 12711 327 255
3648 12712 335 257
3648 12713 344 257
3648 12714 354 258
3648 12715 364 258
3648 12716 373 259
3648 12717 381 260
3648 12718 392 262
3648 12719 399 262
3648 12720 409 263
3648 12721 420 265
3648 12722 428 265
3648 12723 437 266
3648 12724 450 269
3648 12725 456 271
3648 12726 453 267