81 150 488 269
81 151 481 267
81 152 474 266
81 153 469 265
81 154 461 264
81 155 449 263
81 156 436 261
81 157 422 261
81 158 410 259
81 159 396 258
81 160 385 258
81 161 372 257
81 162 360 255
81 163 346 253
81 164 335 254
81 165 321 255
81 166 308 251
81 167 299 249
81 168 287 249
81 169 276 248
81 170 264 246
81 171 258 246
175 278 484 270
175 279 479 265
175 280 472 265
175 281 466 264
175 282 455 263
175 283 443 262
175 284 429 254
175 285 419 254
175 286 411 253
175 287 396 259
175 288 384 257
175 289 373 254
175 290 362 255
175 291 350 253
175 292 338 253
175 293 327 252
175 294 316 251
263 436 133 270
263 437 138 273
263 438 125 275
263 439 121 278
263 440 117 279
263 441 113 282
263 442 109 283
263 443 105 285
263 444 101 287
263 445 98 289
263 446 95 290
263 447 91 294
263 448 87 296
263 449 83 297
263 450 80 300
263 451 76 302
263 452 72 305
263 453 65 307
263 454 74 303
307 527 517 389
307 528 518 382
307 529 520 381
307 530 515 381
307 531 511 382
307 532 508 382
307 533 507 384
307 534 504 382
307 535 502 383
307 536 500 383
307 537 497 383
307 538 495 384
307 539 491 384
307 540 489 384
307 541 486 384
307 542 484 385
307 543 483 384
307 544 480 384
307 545 478 384
307 546 476 386
307 547 473 385
307 548 470 386
307 549 468 388
307 550 464 388
307 551 462 388
307 552 461 386
307 553 457 387
307 554 454 390
307 555 453 391
307 556 450 390
307 557 447 389
307 558 443 389
307 559 442 390
307 560 438 393
307 561 437 392
307 562 433 390
307 563 430 390
307 564 429 394
307 565 428 391
307 566 424 391
307 567 423 392
307 568 417 394
307 569 417 393
307 570 414 392
307 571 410 392
307 572 406 392
307 573 403 393
307 574 403 395
307 575 400 392
307 576 395 393
307 577 389 393
307 578 389 396
307 579 388 393
307 580 386 393
307 581 384 393
307 582 378 394
307 583 377 394
307 584 375 394
307 585 371 394
307 586 366 397
307 587 364 394
307 588 363 395
307 589 361 394
307 590 355 394
307 591 352 394
307 592 351 396
307 593 350 395
307 594 346 395
307 595 341 396
307 596 337 397
307 597 336 396
307 598 335 395
307 599 332 396
307 600 325 396
307 601 324 397
307 602 324 397
307 603 321 396
307 604 317 397
307 605 312 397
307 606 310 397
307 607 309 397
307 608 306 397
307 609 301 397
307 610 300 397
307 611 297 398
307 612 297 397
307 613 292 398
307 614 287 398
307 615 285 398
307 616 284 399
307 617 283 399
307 618 279 399
307 619 273 398
307 620 272 398
307 621 270 399
307 622 271 398
307 623 265 398
307 624 259 398
307 625 257 399
307 626 256 399
307 627 256 398
307 628 252 398
307 629 245 399
307 630 244 399
307 631 244 399
307 632 240 398
307 633 235 398
307 634 231 399
307 635 230 399
307 636 230 398
307 637 226 398
307 638 221 398
307 639 220 398
307 640 218 399
307 641 217 399
307 642 213 399
307 643 207 399
307 644 205 399
307 645 204 399
307 646 200 398
307 647 197 399
307 648 193 398
307 649 193 398
307 650 190 398
307 651 187 398
307 652 182 397
307 653 178 398
307 654 178 399
307 655 178 398
307 656 172 397
307 657 167 397
307 658 167 398
307 659 165 398
307 660 163 398
307 661 158 400
307 662 153 398
307 663 151 399
307 664 151 402
307 665 150 399
307 666 144 398
307 667 141 399
307 668 140 399
307 669 138 399
307 670 134 398
307 671 130 399
307 672 127 399
307 673 125 398
307 674 124 400
307 675 119 400
307 676 115 400
307 677 114 400
307 678 113 399
307 679 110 399
307 680 106 399
307 681 103 399
307 682 101 400
307 683 96 398
307 684 96 399
307 685 91 399
307 686 88 399
307 687 89 399
307 688 86 399
307 689 84 399
307 690 79 399
307 691 78 400
307 692 72 401
307 693 69 395
307 694 68 395
307 695 66 399
307 696 67 400
307 697 64 399
307 698 62 400
307 699 63 407
307 700 63 407
378 683 497 475
378 684 475 476
378 685 452 474
378 686 437 472
378 687 414 467
378 688 392 461
378 689 371 452
470 751 186 264
470 752 195 246
470 753 202 248
470 754 212 248
470 755 225 250
470 756 235 250
470 757 249 251
470 758 259 251
470 759 269 252
470 760 283 252
470 761 296 254
470 762 308 255
470 763 320 257
470 764 332 258
470 765 345 259
470 766 358 259
470 767 374 260
470 768 384 261
470 769 395 263
470 770 408 263
470 771 421 266
470 772 433 267
470 773 443 268
470 774 452 268
470 775 463 267
470 776 469 269
470 777 466 269
495 786 126 466
495 787 126 455
495 788 130 439
495 789 141 425
495 790 155 413
495 791 165 406
495 792 183 396
495 793 200 390
495 794 220 382
495 795 242 375
495 796 257 370
496 788 151 475
496 789 158 460
496 790 169 447
496 791 177 439
496 792 192 428
496 793 207 418
496 794 224 410
496 795 244 402
524 808 487 270
524 809 483 266
524 810 477 266
524 811 468 264
524 812 460 263
524 813 448 263
524 814 436 261
524 815 421 261
524 816 406 259
524 817 392 257
524 818 380 259
524 819 371 255
524 820 360 254
524 821 349 254
543 823 339 392
543 824 338 390
543 825 339 390
543 826 336 390
543 827 334 394
543 828 328 391
543 829 326 392
543 830 327 393
543 831 324 390
543 832 320 392
543 833 316 392
543 834 315 394
543 835 316 392
543 836 314 392
543 837 310 393
543 838 306 395
543 839 305 392
543 840 306 394
543 841 304 397
543 842 299 393
543 843 295 392
543 844 295 394
543 845 296 394
543 846 293 392
543 847 290 393
543 848 285 395
543 849 284 393
543 850 286 394
543 851 282 392
543 852 279 394
543 853 277 395
543 854 273 395
543 855 274 396
543 856 274 393
543 857 269 394
543 858 265 397
543 859 263 395
543 860 265 391
543 861 263 397
543 862 260 396
543 863 255 397
543 864 253 397
543 865 254 396
543 866 253 397
543 867 250 396
543 868 244 396
543 869 241 395
543 870 241 397
543 871 248 388
543 872 248 377
543 873 244 380
543 874 251 383
543 875 248 382
543 876 246 383
550 831 353 267
550 832 364 261
550 833 360 261
550 834 372 260
550 835 385 263
550 836 395 264
550 837 406 266
550 838 418 267
550 839 432 267
550 840 443 267
550 841 453 269
550 842 466 270
550 843 474 270
550 844 479 270
550 845 487 271
708 952 267 250
708 953 276 253
708 954 286 254
708 955 293 254
708 956 301 255
708 957 311 260
708 958 321 260
708 959 329 259
708 960 339 259
708 961 346 260
708 962 358 259
708 963 369 261
708 964 378 261
708 965 387 262
708 966 397 263
708 967 409 264
708 968 418 266
708 969 427 266
708 970 437 267
708 971 449 267
708 972 457 268
708 973 465 269
708 974 472 269
708 975 476 269
708 976 480 272
708 977 483 275
778 1031 192 269
778 1032 189 272
778 1033 188 271
778 1034 187 271
778 1035 186 272
778 1036 184 270
778 1037 181 271
778 1038 179 270
778 1039 177 271
778 1040 175 271
778 1041 172 272
778 1042 172 273
778 1043 168 270
778 1044 166 272
778 1045 166 273
778 1046 164 273
778 1047 160 271
778 1048 158 273
778 1049 158 273
778 1050 157 273
778 1051 153 271
778 1052 151 269
778 1053 151 275
778 1054 149 274
778 1055 145 272
778 1056 143 276
778 1057 141 272
778 1058 140 274
778 1059 137 273
778 1060 135 272
778 1061 133 273
778 1062 133 272
778 1063 131 271
778 1064 129 274
778 1065 128 275
778 1066 126 273
778 1067 123 273
778 1068 123 277
778 1069 120 274
778 1070 118 276
778 1071 118 277
778 1072 116 275
778 1073 115 276
778 1074 114 276
778 1075 113 277
778 1076 110 276
778 1077 108 277
778 1078 107 276
778 1079 107 277
778 1080 106 276
778 1081 104 278
778 1082 100 277
778 1083 100 278
778 1084 97 277
778 1085 95 275
778 1086 94 276
778 1087 92 278
778 1088 90 280
778 1089 89 278
778 1090 87 276
778 1091 86 277
778 1092 83 278
778 1093 82 278
778 1094 80 278
778 1095 79 278
778 1096 77 279
778 1097 76 278
778 1098 74 279
778 1099 73 279
778 1100 70 279
778 1101 68 279
778 1102 67 280
778 1103 68 281
778 1104 64 276
778 1105 63 278
778 1106 60 275
822 1072 306 256
822 1073 322 258
822 1074 340 261
822 1075 354 261
822 1076 368 262
822 1077 386 263
822 1078 405 266
822 1079 420 267
822 1080 437 268
822 1081 456 269
822 1082 468 269
983 1302 30 328
983 1303 29 325
983 1304 31 324
983 1305 32 323
983 1306 35 323
983 1307 36 318
983 1308 38 319
983 1309 40 320
983 1310 45 320
983 1311 43 317
983 1312 44 317
983 1313 47 317
983 1314 48 314
983 1315 50 319
983 1316 52 315
983 1317 54 313
983 1318 55 311
983 1319 58 313
983 1320 59 312
983 1321 60 311
983 1322 62 310
983 1323 64 309
983 1324 66 309
983 1325 67 307
983 1326 68 309
983 1327 70 307
983 1328 72 305
983 1329 74 303
983 1330 77 306
983 1331 76 306
983 1332 78 303
983 1333 82 302
983 1334 83 302
983 1335 84 298
983 1336 85 301
983 1337 87 301
983 1338 89 300
983 1339 91 295
983 1340 91 297
983 1341 95 300
983 1342 98 298
983 1343 98 296
983 1344 101 298
983 1345 100 296
983 1346 102 297
983 1347 104 295
983 1348 106 294
983 1349 107 290
983 1350 107 291
983 1351 110 292
983 1352 111 292
983 1353 112 289
983 1354 115 290
983 1355 115 288
983 1356 116 286
983 1357 118 288
983 1358 121 287
983 1359 121 284
983 1360 123 285
983 1361 123 287
983 1362 125 286
1075 1349 490 264
1075 1350 486 266
1075 1351 478 264
1075 1352 472 263
1075 1353 461 261
1075 1354 447 260
1075 1355 436 259
1075 1356 424 260
1075 1357 410 258
1075 1358 395 257
1075 1359 383 257
1075 1360 372 260
1075 1361 361 254
1075 1362 348 255
1075 1363 332 259
1075 1364 322 251
1075 1365 310 250
1075 1366 298 249
1075 1367 286 249
1088 1367 127 292
1088 1368 125 291
1088 1369 122 294
1088 1370 121 292
1088 1371 120 293
1088 1372 117 293
1088 1373 115 292
1088 1374 114 293
1088 1375 113 292
1088 1376 112 294
1088 1377 109 295
1088 1378 108 294
1088 1379 103 295
1088 1380 104 295
1088 1381 102 294
1088 1382 101 295
1088 1383 98 295
1088 1384 96 295
1088 1385 94 295
1088 1386 93 294
1088 1387 91 295
1088 1388 90 295
1088 1389 88 295
1088 1390 86 296
1088 1391 84 294
1088 1392 82 297
1088 1393 82 297
1088 1394 80 297
1088 1395 79 296
1088 1396 76 296
1088 1397 74 297
1088 1398 73 298
1088 1399 71 298
1088 1400 70 298
1088 1401 68 299
1088 1402 68 301
1088 1403 65 300
1088 1404 63 298
1088 1405 61 300
1088 1406 61 302
1088 1407 58 301
1088 1408 56 302
1088 1409 57 303
1088 1410 54 301
1088 1411 54 302
1088 1412 49 302
1088 1413 48 300
1088 1414 48 301
1088 1415 45 300
1088 1416 44 303
1088 1417 42 301
1088 1418 42 304
1088 1419 39 302
1088 1420 37 305
1088 1421 37 304
1088 1422 35 305
1088 1423 33 303
1088 1424 30 304
1088 1425 29 304
1088 1426 27 303
1088 1427 26 304
1088 1428 23 304
1088 1429 21 305
1088 1430 22 305
1088 1431 17 305
1088 1432 17 305
1088 1433 15 305
1088 1434 15 305
1088 1435 14 306
1088 1436 10 307
1088 1437 10 306
1088 1438 8 308
1088 1439 7 306
1088 1440 6 307
1088 1441 4 307
1088 1442 5 308
1201 1477 238 316
1201 1478 238 316
1201 1479 237 317
1201 1480 235 318
1201 1481 235 317
1201 1482 234 322
1201 1483 233 323
1201 1484 231 321
1201 1485 230 323
1201 1486 231 326
1201 1487 229 322
1201 1488 228 322
1201 1489 227 325
1201 1490 227 327
1201 1491 223 324
1201 1492 221 324
1201 1493 222 320
1201 1494 222 320
1201 1495 220 322
1201 1496 220 327
1201 1497 219 328
1201 1498 218 333
1201 1499 216 332
1201 1500 215 329
1201 1501 215 331
1201 1502 212 329
1201 1503 212 330
1201 1504 211 334
1201 1505 209 333
1201 1506 209 333
1201 1507 207 331
1201 1508 205 334
1201 1509 204 338
1201 1510 203 337
1201 1511 202 336
1201 1512 201 336
1201 1513 199 339
1201 1514 199 340
1201 1515 196 341
1201 1516 195 338
1201 1517 192 335
1201 1518 193 342
1201 1519 191 339
1201 1520 189 342
1201 1521 190 343
1201 1522 189 345
1201 1523 187 344
1201 1524 185 344
1201 1525 182 346
1201 1526 182 347
1201 1527 180 351
1201 1528 177 351
1201 1529 178 348
1201 1530 176 350
1201 1531 176 350
1201 1532 174 350
1201 1533 172 351
1201 1534 169 352
1201 1535 169 354
1201 1536 167 354
1201 1537 165 353
1201 1538 163 356
1201 1539 161 360
1201 1540 161 356
1201 1541 159 356
1201 1542 159 362
1201 1543 156 359
1201 1544 156 360
1201 1545 155 359
1201 1546 153 360
1201 1547 153 361
1201 1548 150 364
1201 1549 148 363
1201 1550 145 364
1201 1551 143 366
1201 1552 141 361
1216 1504 485 269
1216 1505 478 267
1216 1506 469 265
1216 1507 459 265
1216 1508 440 264
1216 1509 424 262
1216 1510 409 261
1216 1511 389 258
1216 1512 371 257
1216 1513 356 257
1216 1514 342 256
1216 1515 324 254
1216 1516 307 251
1216 1517 294 254
1755 2536 320 355
1755 2537 318 353
1755 2538 323 355
1755 2539 325 358
1755 2540 327 359
1755 2541 330 356
1755 2542 333 358
1755 2543 336 361
1755 2544 337 361
1755 2545 340 360
1755 2546 345 363
1755 2547 347 365
1755 2548 350 365
1755 2549 353 363
1755 2550 356 367
1755 2551 357 366
1755 2552 360 366
1755 2553 363 367
1755 2554 369 369
1755 2555 370 368
1755 2556 371 371
1755 2557 379 373
1755 2558 381 373
1755 2559 383 375
1755 2560 384 374
1755 2561 389 377
1755 2562 393 376
1755 2563 395 379
1755 2564 397 379
1755 2565 403 379
1755 2566 407 380
1755 2567 408 379
1755 2568 413 379
1755 2569 417 383
1755 2570 420 384
1755 2571 423 383
1755 2572 428 386
1755 2573 426 387
1755 2574 429 387
1819 2610 209 261
1819 2611 211 261
1819 2612 211 260
1819 2613 213 261
1819 2614 215 259
1819 2615 216 260
1819 2616 218 260
1819 2617 220 260
1819 2618 221 260
1819 2619 224 260
1819 2620 225 261
1819 2621 228 261
1819 2622 229 261
1819 2623 230 260
1819 2624 233 258
1819 2625 234 259
1819 2626 236 260
1819 2627 238 258
1819 2628 239 260
1819 2629 241 259
1819 2630 243 259
1819 2631 244 258
1819 2632 246 257
1819 2633 247 258
1819 2634 249 257
1819 2635 251 256
1819 2636 252 256
1819 2637 253 257
1819 2638 255 257
1819 2639 256 258
1819 2640 259 254
1819 2641 260 259
1819 2642 261 256
1819 2643 264 257
1819 2644 264 256
1819 2645 267 257
1819 2646 267 254
1819 2647 268 256
1819 2648 270 255
1819 2649 272 252
1819 2650 274 255
1819 2651 275 255
1819 2652 277 256
1819 2653 277 256
1819 2654 279 253
1819 2655 281 255
1819 2656 283 255
1819 2657 284 252
1819 2658 286 253
1819 2659 288 252
1819 2660 289 255
1819 2661 290 255
1819 2662 291 250
1819 2663 292 252
1819 2664 295 251
1819 2665 297 250
1819 2666 298 249
1819 2667 298 249
1819 2668 300 252
1819 2669 301 250
1819 2670 301 249
1819 2671 304 248
1819 2672 305 251
1819 2673 307 252
1819 2674 308 250
1819 2675 310 251
1819 2676 312 249
1819 2677 313 250
1819 2678 314 248
1819 2679 315 247
1819 2680 317 249
1819 2681 319 249
1837 2639 477 381
1837 2640 479 383
1837 2641 479 384
1837 2642 476 384
1837 2643 474 385
1837 2644 470 386
1837 2645 467 386
1837 2646 466 387
1837 2647 463 386
1837 2648 462 388
1837 2649 460 388
1837 2650 457 389
1837 2651 454 389
1837 2652 452 389
1837 2653 450 390
1837 2654 445 391
1837 2655 444 395
1837 2656 441 390
1837 2657 439 391
1837 2658 436 391
1837 2659 433 391
1837 2660 430 395
1837 2661 427 393
1837 2662 424 393
1837 2663 422 393
1837 2664 419 393
1837 2665 418 394
1837 2666 414 394
1837 2667 410 395
1837 2668 406 396
1837 2669 404 397
1837 2670 402 396
1837 2671 400 400
1837 2672 398 400
1837 2673 395 398
1837 2674 391 401
1837 2675 386 399
1837 2676 385 399
1846 2675 377 397
1846 2676 376 397
1846 2677 380 400
1846 2678 379 400
1846 2679 376 400
1846 2680 376 400
1846 2681 372 401
1846 2682 367 401
1846 2683 362 402
1846 2684 359 402
1846 2685 358 402
1846 2686 355 403
1846 2687 352 403
1846 2688 349 403
1846 2689 344 404
1846 2690 341 405
1846 2691 339 405
1846 2692 336 405
1846 2693 330 406
1846 2694 329 406
1846 2695 328 408
1846 2696 323 408
1846 2697 316 407
1846 2698 316 409
1846 2699 311 407
1846 2700 308 408
1846 2701 305 409
1846 2702 303 409
1846 2703 299 409
1846 2704 294 410
1846 2705 292 411
1846 2706 290 410
1846 2707 285 411
1846 2708 281 411
1846 2709 280 412
1846 2710 276 412
1846 2711 269 413
1846 2712 269 414
1846 2713 268 413
1846 2714 261 414
1846 2715 257 414
1846 2716 256 415
1846 2717 253 414
1846 2718 246 415
1846 2719 243 415
1846 2720 242 415
1846 2721 237 415
1846 2722 233 415
1846 2723 232 416
1846 2724 228 417
1846 2725 224 417
1846 2726 220 418
1846 2727 217 416
1846 2728 214 417
1846 2729 209 416
1846 2730 209 417
1846 2731 205 418
1846 2732 201 419
1846 2733 196 418
1846 2734 194 419
1846 2735 192 418
1846 2736 185 419
1846 2737 182 418
1846 2738 182 419
1846 2739 179 418
1846 2740 173 417
1846 2741 170 418
1846 2742 169 418
1846 2743 165 417
1846 2744 161 417
1846 2745 159 418
1846 2746 156 418
1846 2747 152 421
1846 2748 146 417
1846 2749 145 417
1846 2750 142 416
1846 2751 138 415
1846 2752 141 419
1925 2791 64 470
1925 2792 68 464
1925 2793 74 454
1925 2794 83 446
1925 2795 92 439
1925 2796 102 435
1925 2797 115 429
2067 3045 124 286
2067 3046 122 284
2067 3047 122 283
2067 3048 120 284
2067 3049 122 284
2067 3050 123 285
2067 3051 119 285
2067 3052 119 286
2067 3053 118 285
2067 3054 117 286
2067 3055 117 287
2067 3056 114 288
2067 3057 112 288
2067 3058 112 288
2067 3059 111 288
2067 3060 111 289
2067 3061 112 289
2067 3062 108 289
2067 3063 108 289
2067 3064 107 290
2067 3065 105 291
2067 3066 105 291
2067 3067 104 290
2067 3068 104 291
2067 3069 101 292
2067 3070 101 293
2067 3071 98 295
2067 3072 98 295
2067 3073 95 295
2067 3074 92 298
2067 3075 91 298
2067 3076 88 299
2067 3077 85 300
2067 3078 81 302
2067 3079 79 303
2067 3080 76 304
2067 3081 72 305
2067 3082 69 308
2067 3083 65 310
2067 3084 62 311
2067 3085 57 313
2067 3086 55 319
2067 3087 51 318
2067 3088 46 319
2067 3089 44 321
2067 3090 40 324
2067 3091 36 325
2067 3092 33 327
2067 3093 29 329
2067 3094 25 331
2067 3095 21 333
2067 3096 22 329
2067 3097 22 323
2067 3098 19 325
2067 3099 16 328
2067 3100 11 328
2067 3101 10 333
2067 3102 8 333
2067 3103 6 334
2067 3104 8 334
2085 3079 83 293
2085 3080 85 293
2085 3081 89 292
2085 3082 93 295
2085 3083 90 297
2085 3084 86 299
2085 3085 82 301
2085 3086 81 302
2085 3087 74 301
2085 3088 72 305
2085 3089 67 307
2085 3090 65 307
2085 3091 60 311
2085 3092 58 312
2085 3093 54 315
2085 3094 51 315
2085 3095 47 319
2085 3096 45 319
2085 3097 41 323
2085 3098 35 324
2085 3099 33 326
2085 3100 28 329
2085 3101 27 324
2141 3226 626 351
2141 3227 623 349
2141 3228 622 353
2141 3229 620 350
2141 3230 619 351
2141 3231 615 350
2141 3232 614 352
2141 3233 613 351
2141 3234 612 350
2141 3235 610 350
2141 3236 607 351
2141 3237 605 353
2141 3238 604 349
2141 3239 603 351
2141 3240 599 350
2141 3241 598 351
2141 3242 592 354
2141 3243 594 350
2141 3244 593 351
2141 3245 590 352
2141 3246 589 349
2141 3247 588 349
2141 3248 587 348
2141 3249 584 351
2141 3250 583 349
2141 3251 580 349
2141 3252 579 348
2141 3253 577 349
2141 3254 575 349
2141 3255 572 352
2141 3256 572 347
2141 3257 570 349
2141 3258 569 348
2141 3259 566 349
2141 3260 564 350
2141 3261 562 353
2141 3262 561 348
2141 3263 559 350
2141 3264 556 350
2141 3265 555 349
2141 3266 553 347
2141 3267 552 349
2141 3268 549 350
2141 3269 545 350
2141 3270 545 349
2141 3271 542 348
2141 3272 539 348
2141 3273 538 349
2141 3274 536 348
2141 3275 535 347
2141 3276 535 349
2141 3277 530 350
2141 3278 528 346
2141 3279 526 347
2141 3280 526 349
2141 3281 523 347
2141 3282 521 350
2141 3283 518 347
2141 3284 517 348
2141 3285 515 349
2141 3286 512 350
2141 3287 510 345
2141 3288 508 349
2141 3289 504 351
2141 3290 504 352
2141 3291 502 345
2141 3292 501 344
2141 3293 498 349
2141 3294 497 348
2141 3295 494 348
2141 3296 492 345
2141 3297 490 345
2141 3298 489 345
2141 3299 484 350
2141 3300 482 348
2141 3301 479 348
2141 3302 480 347
2141 3303 478 345
2141 3304 476 347
2141 3305 473 345
2141 3306 470 345
2141 3307 470 346
2141 3308 466 345
2141 3309 465 345
2141 3310 464 343
2141 3311 461 343
2141 3312 458 342
2141 3313 455 342
2141 3314 455 339
2141 3315 452 343
2141 3316 450 341
2141 3317 446 345
2141 3318 445 343
2141 3319 443 343
2141 3320 442 339
2141 3321 441 340
2141 3322 438 340
2141 3323 437 345
2141 3324 434 342
2141 3325 431 341
2141 3326 430 341
2141 3327 427 342
2141 3328 425 338
2141 3329 424 339
2141 3330 421 340
2141 3331 420 343
2141 3332 418 342
2141 3333 416 339
2141 3334 414 338
2141 3335 412 341
2141 3336 408 342
2141 3337 407 338
2141 3338 405 339
2141 3339 404 338
2141 3340 401 341
2141 3341 398 341
2141 3342 397 340
2141 3343 392 340
2141 3344 391 340
2141 3345 390 341
2141 3346 388 340
2141 3347 387 341
2141 3348 386 339
2141 3349 383 339
2141 3350 381 338
2141 3351 379 338
2141 3352 377 338
2141 3353 375 338
2141 3354 373 338
2141 3355 371 338
2141 3356 370 334
2141 3357 368 334
2141 3358 366 336
2141 3359 364 338
2141 3360 361 337
2141 3361 359 337
2141 3362 357 333
2141 3363 355 337
2141 3364 352 336
2141 3365 351 336
2141 3366 346 336
2141 3367 346 342
2183 3287 370 261
2183 3288 366 260
2183 3289 375 261
2183 3290 381 262
2183 3291 389 263
2183 3292 399 264
2183 3293 406 264
2183 3294 414 266
2183 3295 424 266
2183 3296 434 267
2183 3297 441 266
2183 3298 449 267
2183 3299 455 267
2183 3300 464 269
2183 3301 465 269
2183 3302 473 270
2183 3303 477 276
2203 3309 314 257
2203 3310 319 258
2203 3311 330 259
2203 3312 344 260
2203 3313 357 262
2203 3314 369 262
2203 3315 379 263
2203 3316 393 264
2203 3317 407 266
2203 3318 420 266
2203 3319 431 267
2203 3320 442 268
2203 3321 455 271
2203 3322 468 270
2203 3323 472 271
2241 3367 347 330
2241 3368 344 335
2241 3369 342 336
2241 3370 340 336
2241 3371 339 333
2241 3372 337 336
2241 3373 335 332
2241 3374 332 334
2241 3375 331 333
2241 3376 329 336
2241 3377 328 335
2241 3378 326 335
2241 3379 323 333
2241 3380 322 332
2241 3381 319 332
2241 3382 318 329
2241 3383 316 333
2241 3384 314 331
2241 3385 311 333
2241 3386 311 332
2241 3387 310 332
2241 3388 307 328
2241 3389 304 331
2241 3390 304 331
2241 3391 301 330
2241 3392 301 331
2241 3393 298 331
2241 3394 295 330
2241 3395 295 329
2241 3396 295 329
2241 3397 293 330
2241 3398 290 327
2241 3399 289 328
2241 3400 287 325
2241 3401 285 324
2241 3402 284 328
2241 3403 280 328
2241 3404 280 326
2241 3405 279 327
2241 3406 276 324
2241 3407 275 324
2241 3408 273 325
2241 3409 271 326
2241 3410 269 325
2241 3411 268 325
2241 3412 265 325
2241 3413 264 325
2241 3414 262 324
2241 3415 260 328
2241 3416 259 324
2241 3417 257 323
2241 3418 256 324
2241 3419 255 323
2241 3420 252 319
2241 3421 251 323
2241 3422 250 322
2241 3423 247 324
2241 3424 246 320
2241 3425 245 318
2241 3426 243 321
2241 3427 242 322
2241 3428 242 328
2256 3385 484 265
2256 3386 479 265
2256 3387 469 263
2256 3388 461 263
2256 3389 446 260
2256 3390 430 260
2256 3391 419 260
2256 3392 406 257
2256 3393 389 257
2256 3394 375 256
2256 3395 363 253
2256 3396 351 254
2256 3397 337 252
2256 3398 322 251
2256 3399 307 251
2256 3400 297 249
2256 3401 286 248
2256 3402 275 248
2278 3428 240 316
2278 3429 239 320
2278 3430 237 321
2278 3431 234 321
2278 3432 235 320
2278 3433 231 323
2278 3434 230 319
2278 3435 228 319
2278 3436 227 319
2278 3437 225 316
2278 3438 223 316
2278 3439 222 315
2278 3440 220 319
2278 3441 219 319
2278 3442 216 318
2278 3443 214 315
2278 3444 213 316
2278 3445 211 316
2278 3446 209 316
2278 3447 207 315
2278 3448 206 314
2278 3449 204 314
2278 3450 203 319
2278 3451 200 315
2278 3452 198 312
2278 3453 196 312
2278 3454 194 312
2278 3455 193 316
2278 3456 191 314
2278 3457 191 312
2278 3458 190 316
2278 3459 189 315
2278 3460 186 311
2278 3461 185 312
2278 3462 183 313
2278 3463 183 313
2278 3464 182 310
2278 3465 181 313
2278 3466 180 313
2278 3467 179 312
2278 3468 175 311
2278 3469 174 312
2278 3470 174 312
2278 3471 171 308
2278 3472 169 307
2278 3473 169 307
2278 3474 169 311
2278 3475 168 310
2278 3476 165 310
2278 3477 163 306
2278 3478 163 310
2278 3479 161 310
2278 3480 158 305
2278 3481 158 305
2278 3482 156 309
2278 3483 156 306
2278 3484 155 309
2278 3485 154 310
2278 3486 153 307
2278 3487 150 306
2278 3488 151 310
2278 3489 153 314
2278 3490 151 316
2388 3489 346 260
2388 3490 356 262
2388 3491 355 262
2388 3492 363 262
2388 3493 374 263
2388 3494 384 264
2388 3495 394 265
2388 3496 403 265
2388 3497 413 266
2388 3498 427 267
2388 3499 442 267
2388 3500 445 267
2388 3501 452 269
2388 3502 460 269
2388 3503 470 270
2388 3504 474 271
2388 3505 479 271
2388 3506 487 272
2489 3668 189 476
2489 3669 193 475
2489 3670 195 475
2489 3671 199 475
2489 3672 201 474
2489 3673 207 473
2489 3674 210 472
2489 3675 213 472
2489 3676 216 472
2489 3677 220 471
2489 3678 224 470
2489 3679 228 470
2489 3680 231 470
2489 3681 234 469
2489 3682 237 468
2489 3683 240 468
2489 3684 242 468
2489 3685 246 467
2489 3686 250 466
2489 3687 253 466
2489 3688 255 465
2489 3689 258 465
2489 3690 262 464
2489 3691 266 463
2489 3692 269 463
2489 3693 272 460
2489 3694 274 462
2489 3695 276 457
2489 3696 279 462
2489 3697 281 459
2489 3698 285 460
2489 3699 287 457
2489 3700 290 458
2489 3701 293 457
2489 3702 296 457
2489 3703 300 466
2520 3703 302 449
2520 3704 305 454
2520 3705 306 454
2520 3706 309 454
2520 3707 315 450
2520 3708 319 450
2520 3709 320 450
2520 3710 323 450
2520 3711 328 447
2520 3712 331 448
2520 3713 335 446
2520 3714 336 447
2520 3715 341 445
2520 3716 343 444
2520 3717 346 443
2520 3718 348 441
2520 3719 352 440
2520 3720 355 440
2520 3721 359 439
2520 3722 362 438
2520 3723 364 438
2520 3724 366 438
2520 3725 370 434
2520 3726 372 436
2520 3727 374 433
2520 3728 376 434
2520 3729 374 439
2520 3730 377 439
2534 3729 381 432
2534 3730 384 431
2534 3731 385 431
2534 3732 389 430
2534 3733 389 428
2534 3734 393 426
2534 3735 396 425
2534 3736 397 425
2534 3737 399 426
2534 3738 402 424
2534 3739 406 422
2534 3740 407 423
2534 3741 412 421
2534 3742 414 420
2534 3743 414 419
2534 3744 417 419
2534 3745 420 417
2534 3746 422 419
2534 3747 424 416
2534 3748 425 414
2534 3749 431 414
2534 3750 431 413
2534 3751 434 414
2534 3752 437 413
2534 3753 437 412
2534 3754 443 409
2534 3755 442 411
2534 3756 444 410
2534 3757 447 410
2534 3758 451 408
2534 3759 451 407
2534 3760 457 408
2534 3761 454 407
2534 3762 457 406
2534 3763 454 411
2547 3768 473 399
2547 3769 472 401
2547 3770 474 400
2547 3771 478 396
2547 3772 482 397
2547 3773 482 399
2547 3774 485 395
2547 3775 486 397
2547 3776 487 396
2547 3777 489 395
2547 3778 492 393
2547 3779 493 393
2547 3780 494 393
2547 3781 499 393
2547 3782 498 392
2547 3783 502 391
2547 3784 504 390
2547 3785 506 389
2547 3786 507 388
2547 3787 509 389
2547 3788 511 388
2547 3789 514 387
2547 3790 515 386
2547 3791 517 385
2547 3792 518 386
2547 3793 522 385
2547 3794 526 383
2547 3795 525 384
2547 3796 526 383
2547 3797 530 380
2547 3798 533 380
2547 3799 532 383
2547 3800 532 381
2547 3801 534 380
2547 3802 536 378
2547 3803 538 377
2547 3804 538 376
2547 3805 539 377
2547 3806 546 375
2547 3807 543 376
2547 3808 547 374
2547 3809 546 376
2547 3810 550 372
2547 3811 548 373
2547 3812 550 372
2547 3813 551 371
2547 3814 551 371
2547 3815 553 370
2547 3816 557 371
2547 3817 555 371
2547 3818 557 368
2547 3819 562 366
2547 3820 561 367
2547 3821 564 366
2547 3822 562 365
2547 3823 563 366
2547 3824 566 364
2547 3825 566 365
2547 3826 569 362
2547 3827 570 364
2547 3828 574 360
2562 3803 635 434
2562 3804 634 434
2562 3805 632 433
2562 3806 630 432
2562 3807 629 427
2562 3808 627 431
2562 3809 626 424
2562 3810 621 430
2562 3811 621 423
2562 3812 616 422
2562 3813 617 418
2562 3814 611 418
2562 3815 607 417
2562 3816 604 417
2562 3817 601 415
2562 3818 598 415
2562 3819 595 413
2562 3820 592 412
2562 3821 594 405
2562 3822 586 410
2562 3823 583 410
2562 3824 579 408
2562 3825 582 401
2567 3816 4 307
2567 3817 5 308
2567 3818 5 307
2567 3819 8 307
2567 3820 10 306
2567 3821 13 306
2567 3822 15 308
2567 3823 17 305
2567 3824 20 306
2567 3825 22 306
2567 3826 26 306
2567 3827 26 303
2567 3828 30 304
2567 3829 32 303
2567 3830 34 305
2567 3831 36 304
2567 3832 40 306
2567 3833 41 303
2567 3834 42 303
2567 3835 44 304
2567 3836 46 304
2567 3837 50 301
2567 3838 52 302
2567 3839 55 303
2567 3840 59 305
2567 3841 59 302
2567 3842 61 303
2567 3843 64 302
2567 3844 68 302
2567 3845 68 302
2567 3846 71 298
2567 3847 72 302
2567 3848 77 301
2567 3849 77 298
2567 3850 80 301
2567 3851 81 300
2567 3852 84 303
2567 3853 86 298
2567 3854 90 299
2567 3855 91 299
2567 3856 92 298
2567 3857 94 299
2567 3858 98 300
2567 3859 99 296
2567 3860 101 296
2567 3861 103 300
2567 3862 107 297
2567 3863 108 298
2567 3864 110 295
2567 3865 112 299
2567 3866 116 297
2567 3867 117 296
2567 3868 119 296
2567 3869 121 296
2567 3870 122 293
2567 3871 125 294
2567 3872 127 294
2567 3873 131 294
2567 3874 132 294
2567 3875 134 293
2567 3876 136 294
2584 3835 540 407
2584 3836 545 399
2584 3837 541 398
2584 3838 538 396
2584 3839 535 395
2584 3840 532 394
2584 3841 533 387
2584 3842 527 393
2584 3843 524 391
2584 3844 520 391
2584 3845 517 391
2584 3846 514 390
2584 3847 510 397
2584 3848 508 388
2584 3849 505 388
2584 3850 502 389
2584 3851 500 385
2584 3852 496 385
2584 3853 493 384
2584 3854 494 377
2584 3855 488 382
2584 3856 488 375
2584 3857 482 380
2584 3858 479 380
2584 3859 477 379
2584 3860 474 378
2584 3861 474 371
2626 3860 172 258
2626 3861 168 259
2626 3862 167 260
2626 3863 167 263
2626 3864 164 263
2626 3865 166 266
2626 3866 163 266
2626 3867 163 265
2626 3868 162 266
2626 3869 160 266
2626 3870 158 266
2626 3871 156 267
2626 3872 154 267
2626 3873 152 268
2626 3874 150 269
2626 3875 150 269
2626 3876 150 269
2626 3877 144 280
2626 3878 144 283
2626 3879 143 277
2626 3880 140 273
2626 3881 138 281
2626 3882 137 280
2626 3883 132 277
2626 3884 129 278
2626 3885 128 280
2626 3886 126 280
2626 3887 122 282
2626 3888 120 283
2626 3889 117 284
2626 3890 113 286
2626 3891 110 287
2626 3892 108 289
2626 3893 105 290
2626 3894 100 292
2626 3895 96 294
2626 3896 93 296
2626 3897 90 298
2626 3898 86 299
2626 3899 82 301
2626 3900 78 303
2626 3901 74 305
2626 3902 71 306
2626 3903 66 308
2626 3904 61 311
2626 3905 56 313
2626 3906 51 315
2626 3907 47 317
2626 3908 42 318
2626 3909 37 322
2626 3910 32 324
2626 3911 27 325
2626 3912 22 329
2626 3913 18 331
2626 3914 15 334
2626 3915 12 336
2626 3916 10 336
2626 3917 8 336
2626 3918 4 336
2628 3861 469 385
2628 3862 467 377
2628 3863 466 376
2628 3864 463 375
2628 3865 460 374
2628 3866 456 373
2628 3867 456 371
2628 3868 453 366
2628 3869 451 366
2628 3870 448 365
2628 3871 443 370
2628 3872 439 369
2628 3873 437 368
2628 3874 434 368
2628 3875 431 367
2628 3876 430 365
2628 3877 427 365
2628 3878 423 367
2628 3879 422 363
2628 3880 420 363
2628 3881 418 356
2628 3882 414 362
2628 3883 411 360
2628 3884 412 353
2628 3885 407 358
2628 3886 405 358
2628 3887 402 358
2628 3888 400 357
2628 3889 397 357
2628 3890 394 355
2628 3891 392 354
2628 3892 389 353
2628 3893 388 355
2628 3894 385 359
2656 3887 152 276
2656 3888 148 275
2656 3889 142 274
2656 3890 143 271
2656 3891 140 277
2656 3892 137 279
2656 3893 130 278
2656 3894 128 277
2656 3895 123 281
2656 3896 124 284
2656 3897 117 283
2656 3898 115 286
2656 3899 112 287
2656 3900 108 286
2656 3901 106 289
2656 3902 103 294
2656 3903 95 289
2656 3904 93 292
2656 3905 89 300
2656 3906 85 302
2656 3907 81 304
2656 3908 78 305
2656 3909 74 304
2656 3910 68 308
2656 3911 67 305
2656 3912 61 311
2656 3913 56 315
2656 3914 51 318
2656 3915 47 321
2656 3916 41 322
2656 3917 36 324
2656 3918 31 327
2656 3919 26 329
2656 3920 26 333
2656 3921 24 344
2660 3894 387 346
2660 3895 383 351
2660 3896 380 350
2660 3897 378 349
2660 3898 376 350
2660 3899 374 350
2660 3900 370 347
2660 3901 368 347
2660 3902 366 346
2660 3903 364 346
2660 3904 364 339
2660 3905 359 344
2660 3906 357 344
2660 3907 355 342
2660 3908 353 343
2660 3909 351 341
2660 3910 349 336
2660 3911 348 334
2660 3912 345 339
2660 3913 343 339
2660 3914 340 338
2660 3915 338 337
2660 3916 336 336
2660 3917 336 331
2660 3918 332 335
2660 3919 330 334
2660 3920 329 334
2660 3921 327 334
2660 3922 324 333
2660 3923 322 332
2660 3924 321 332
2660 3925 318 331
2660 3926 317 330
2660 3927 315 330
2660 3928 313 328
2660 3929 311 328
2660 3930 309 327
2660 3931 307 327
2660 3932 306 326
2660 3933 303 325
2660 3934 303 320
2660 3935 300 324
2660 3936 297 323
2660 3937 296 323
2660 3938 295 323
2660 3939 292 322
2660 3940 290 322
2660 3941 289 322
2660 3942 287 321
2660 3943 286 319
2660 3944 283 319
2660 3945 281 319
2660 3946 278 318
2660 3947 278 313
2660 3948 277 312
2660 3949 276 311
2660 3950 273 315
2660 3951 271 314
2660 3952 269 315
2660 3953 268 314
2660 3954 266 308
2660 3955 263 314
2660 3956 264 313
2660 3957 262 312
2660 3958 259 311
2660 3959 257 311
2660 3960 258 307
2660 3961 255 310
2660 3962 254 304
2660 3963 251 309
2660 3964 250 309
2660 3965 248 308
2660 3966 247 308
2660 3967 245 308
2660 3968 244 307
2660 3969 241 307
2660 3970 238 312
2675 3917 213 271
2675 3918 212 273
2675 3919 213 273
2675 3920 215 273
2675 3921 218 273
2675 3922 218 273
2675 3923 221 271
2675 3924 222 271
2675 3925 223 271
2675 3926 225 272
2675 3927 228 271
2675 3928 228 271
2675 3929 230 270
2675 3930 233 270
2675 3931 235 271
2675 3932 236 270
2675 3933 239 269
2675 3934 240 269
2675 3935 242 268
2675 3936 244 271
2675 3937 247 268
2675 3938 247 269
2675 3939 250 266
2675 3940 251 272
2675 3941 252 268
2675 3942 255 268
2675 3943 256 266
2675 3944 258 268
2675 3945 261 268
2675 3946 262 266
2675 3947 263 265
2675 3948 265 268
2675 3949 267 268
2675 3950 269 263
2675 3951 271 263
2675 3952 272 263
2675 3953 274 266
2675 3954 276 262
2675 3955 278 264
2675 3956 280 262
2675 3957 281 262
2675 3958 283 261
2675 3959 284 263
2675 3960 286 263
2675 3961 287 260
2675 3962 290 261
2675 3963 292 263
2675 3964 293 260
2675 3965 294 261
2675 3966 296 260
2675 3967 298 263
2675 3968 300 260
2675 3969 301 260
2675 3970 303 259
2675 3971 305 259
2675 3972 307 259
2675 3973 308 258
2675 3974 309 259
2675 3975 312 258
2675 3976 313 259
2675 3977 315 260
2675 3978 316 258
2675 3979 318 261
2675 3980 318 260
2675 3981 320 258
2675 3982 321 258
2675 3983 322 258
2675 3984 324 259
2675 3985 326 258
2675 3986 326 259
2675 3987 327 259
2675 3988 329 256
2675 3989 331 258
2675 3990 331 255
2675 3991 333 258
2675 3992 335 258
2675 3993 335 259
2675 3994 338 254
2675 3995 339 253
2675 3996 340 255
2675 3997 341 254
2675 3998 344 253
2675 3999 345 252
2675 4000 346 252
2675 4001 347 255
2675 4002 350 254
2675 4003 351 254
2675 4004 352 252
2675 4005 353 252
2675 4006 356 252
2675 4007 358 254
2675 4008 359 255
2675 4009 360 254
2675 4010 360 251
2675 4011 362 253
2675 4012 364 252
2675 4013 365 253
2675 4014 367 254
2675 4015 369 253
2675 4016 371 254
2675 4017 371 254
2675 4018 372 252
2675 4019 373 252
2675 4020 375 253
2675 4021 375 251
2675 4022 377 253
2675 4023 376 253
2675 4024 374 253
2772 4113 122 297
2772 4114 119 293
2772 4115 122 292
2772 4116 122 292
2772 4117 123 289
2772 4118 123 289
2772 4119 124 288
2772 4120 124 290
2772 4121 125 293
2772 4122 127 291
2772 4123 129 294
2772 4124 129 292
2772 4125 130 293
2772 4126 130 294
2772 4127 131 295
2772 4128 132 297
2772 4129 133 298
2772 4130 136 299
2772 4131 136 300
2772 4132 136 296
2772 4133 137 297
2772 4134 139 300
2772 4135 141 302
2772 4136 140 299
2772 4137 142 300
2772 4138 144 303
2772 4139 143 301
2772 4140 145 301
2772 4141 146 300
2772 4142 149 305
2772 4143 148 304
2772 4144 149 303
2772 4145 153 307
2772 4146 153 309
2772 4147 154 309
2772 4148 156 307
2772 4149 157 309
2772 4150 158 306
2772 4151 158 306
2772 4152 161 309
2772 4153 163 305
2772 4154 164 310
2772 4155 163 308
2772 4156 165 308
2772 4157 167 313
2772 4158 169 314
2772 4159 170 315
2772 4160 172 311
2772 4161 174 311
2772 4162 174 317
2772 4163 174 317
2772 4164 177 312
2772 4165 176 315
2772 4166 177 317
2772 4167 180 316
2772 4168 182 322
2772 4169 183 318
2772 4170 183 323
2772 4171 185 323
2772 4172 186 325
2772 4173 186 321
2772 4174 188 324
2772 4175 191 325
2772 4176 192 325
2772 4177 191 324
2772 4178 193 326
2772 4179 195 331
2772 4180 196 327
2772 4181 196 329
2772 4182 198 332
2772 4183 199 330
2772 4184 200 329
2772 4185 202 334
2772 4186 202 335
2772 4187 204 335
2772 4188 204 333
2772 4189 205 337
2772 4190 208 335
2772 4191 209 339
2772 4192 209 335
2772 4193 211 342
2772 4194 211 338
2772 4195 212 340
2772 4196 213 340
2772 4197 214 345
2772 4198 218 345
2772 4199 216 342
2772 4200 218 342
2772 4201 220 347
2772 4202 222 352
2772 4203 223 350
2772 4204 224 349
2772 4205 226 352
2772 4206 228 353
2772 4207 230 356
2772 4208 230 357
2772 4209 231 355
2772 4210 233 357
2772 4211 235 359
2772 4212 236 357
2772 4213 238 359
2772 4214 240 365
2772 4215 241 361
2772 4216 242 363
2772 4217 244 366
2772 4218 246 369
2772 4219 246 366
2772 4220 250 367
2772 4221 251 369
2772 4222 253 373
2772 4223 254 374
2772 4224 257 368
2772 4225 258 375
2772 4226 259 376
2772 4227 261 378
2772 4228 263 376
2772 4229 266 379
2772 4230 265 378
2772 4231 267 378
2772 4232 269 381
2772 4233 270 384
2772 4234 271 385
2772 4235 274 387
2772 4236 275 386
2907 4231 168 256
2907 4232 171 251
2907 4233 169 252
2907 4234 166 253
2907 4235 164 251
2907 4236 162 252
2907 4237 159 255
2907 4238 156 255
2907 4239 153 256
2907 4240 151 258
2907 4241 149 258
2907 4242 145 259
2907 4243 142 260
2907 4244 139 261
2907 4245 137 260
2907 4246 133 262
2907 4247 130 263
2907 4248 128 264
2907 4249 124 265
2907 4250 121 265
2907 4251 119 265
2907 4252 116 267
2907 4253 112 269
2907 4254 110 269
2907 4255 107 271
2907 4256 104 271
2907 4257 103 271
2907 4258 101 272
2907 4259 97 273
2907 4260 95 273
2907 4261 94 274
2907 4262 93 274
2907 4263 90 275
2907 4264 87 276
2907 4265 86 275
2907 4266 85 278
2907 4267 86 274
2907 4268 83 279
2907 4269 79 274
2924 4236 281 395
2924 4237 277 392
2924 4238 278 389
2924 4239 280 393
2924 4240 284 392
2924 4241 283 397
2924 4242 285 397
2924 4243 289 395
2924 4244 291 399
2924 4245 292 403
2924 4246 295 400
2924 4247 299 404
2924 4248 301 406
2924 4249 301 406
2924 4250 304 406
2924 4251 307 410
2924 4252 310 413
2924 4253 311 410
2924 4254 312 409
2924 4255 317 413
2924 4256 319 417
2924 4257 320 415
2924 4258 323 416
2924 4259 327 421
2924 4260 329 424
2924 4261 332 424
2924 4262 334 425
2924 4263 337 429
2924 4264 340 428
2924 4265 344 428
2924 4266 345 433
2924 4267 348 436
2924 4268 350 434
2924 4269 353 434
2924 4270 358 437
2924 4271 360 442
2924 4272 362 440
2924 4273 364 442
2924 4274 368 444
2924 4275 373 446
2924 4276 375 446
2924 4277 375 448
2924 4278 380 450
2924 4279 386 444
2924 4280 386 450
2924 4281 389 454
2924 4282 391 458
2924 4283 396 459
2924 4284 396 457
2924 4285 400 461
2924 4286 404 461
2924 4287 408 462
2924 4288 412 464
2924 4289 415 463
2924 4290 418 464
2924 4291 425 466
2924 4292 430 466
2924 4293 431 466
2924 4294 440 471
2924 4295 443 468
2924 4296 447 468
2924 4297 451 470
2924 4298 456 470
2924 4299 459 472
2924 4300 463 472
2924 4301 467 472
2924 4302 472 473
3018 4287 485 439
3018 4288 483 434
3018 4289 478 436
3018 4290 474 436
3018 4291 473 434
3018 4292 469 436
3018 4293 463 437
3018 4294 461 439
3018 4295 460 438
3018 4296 459 439
3018 4297 453 441
3018 4298 451 442
3018 4299 448 440
3018 4300 444 441
3018 4301 441 440
3018 4302 436 443
3018 4303 435 440
3018 4304 434 443
3018 4305 429 443
3018 4306 424 441
3018 4307 421 446
3018 4308 418 444
3018 4309 416 446
3018 4310 411 446
3018 4311 409 449
3018 4312 407 446
3018 4313 402 449
3018 4314 397 450
3018 4315 397 449
3018 4316 394 452
3018 4317 390 451
3018 4318 386 452
3018 4319 383 455
3018 4320 381 457
3018 4321 378 455
3018 4322 372 459
3018 4323 369 458
3018 4324 369 458
3018 4325 365 459
3018 4326 357 459
3018 4327 354 458
3018 4328 354 459
3018 4329 352 459
3018 4330 344 459
3018 4331 339 461
3018 4332 339 462
3018 4333 337 461
3018 4334 330 465
3018 4335 325 462
3018 4336 325 464
3018 4337 323 465
3018 4338 314 463
3048 4317 404 421
3048 4318 401 415
3048 4319 398 417
3048 4320 396 417
3048 4321 391 420
3048 4322 390 419
3048 4323 380 421
3048 4324 379 420
3048 4325 372 420
3048 4326 371 423
3048 4327 367 421
3048 4328 360 421
3048 4329 356 421
3048 4330 350 418
3048 4331 348 421
3048 4332 345 421
3048 4333 340 421
3048 4334 333 419
3048 4335 328 420
3048 4336 322 422
3048 4337 322 423
3048 4338 317 421
3048 4339 310 421
3048 4340 307 419
3048 4341 302 419
3048 4342 297 415
3048 4343 294 421
3048 4344 287 420
3048 4345 285 419
3048 4346 278 420
3048 4347 277 422
3048 4348 270 420
3048 4349 267 420
3048 4350 261 418
3048 4351 257 419
3048 4352 257 419
3048 4353 249 416
3048 4354 247 414
3048 4355 241 414
3048 4356 240 413
3048 4357 235 412
3048 4358 233 407
3048 4359 232 407
3048 4360 228 406
3048 4361 227 401
3048 4362 226 401
3048 4363 226 400
3048 4364 223 397
3048 4365 222 396
3048 4366 225 400
3084 4385 179 415
3084 4386 176 409
3084 4387 172 413
3084 4388 167 414
3084 4389 165 420
3084 4390 161 423
3084 4391 156 427
3084 4392 153 428
3084 4393 146 427
3084 4394 143 432
3084 4395 140 436
3084 4396 135 438
3084 4397 128 443
3084 4398 124 445
3084 4399 119 448
3084 4400 115 452
3084 4401 112 455
3084 4402 115 460
3302 4742 256 330
3302 4743 254 327
3302 4744 249 326
3302 4745 249 326
3302 4746 248 328
3302 4747 250 329
3302 4748 247 329
3302 4749 245 330
3302 4750 243 329
3302 4751 244 332
3302 4752 242 331
3302 4753 241 333
3302 4754 240 333
3302 4755 239 334
3302 4756 239 335
3302 4757 239 335
3302 4758 237 336
3302 4759 236 338
3302 4760 234 334
3302 4761 234 339
3302 4762 232 341
3302 4763 231 341
3302 4764 231 338
3302 4765 230 341
3302 4766 228 344
3302 4767 226 344
3302 4768 226 346
3302 4769 224 346
3302 4770 223 346
3302 4771 221 347
3302 4772 220 346
3302 4773 220 349
3302 4774 218 351
3302 4775 217 349
3302 4776 217 350
3302 4777 213 354
3302 4778 212 352
3302 4779 212 354
3302 4780 211 354
3302 4781 208 354
3302 4782 208 356
3302 4783 206 357
3302 4784 206 357
3302 4785 204 360
3302 4786 202 361
3302 4787 202 359
3302 4788 199 361
3302 4789 198 359
3302 4790 196 363
3302 4791 195 363
3302 4792 195 363
3302 4793 193 364
3302 4794 192 367
3302 4795 191 368
3302 4796 189 370
3302 4797 187 368
3302 4798 185 369
3302 4799 183 369
3302 4800 185 367
3302 4801 182 372
3302 4802 178 372
3302 4803 179 374
3302 4804 177 376
3302 4805 174 377
3302 4806 174 377
3302 4807 171 376
3302 4808 170 379
3302 4809 168 381
3302 4810 167 382
3302 4811 166 382
3302 4812 165 384
3302 4813 161 386
3302 4814 162 385
3302 4815 160 386
3302 4816 156 386
3302 4817 155 389
3302 4818 154 391
3302 4819 151 390
3302 4820 152 391
3302 4821 148 393
3302 4822 149 396
3302 4823 145 395
3302 4824 146 396
3302 4825 145 397
3302 4826 140 399
3302 4827 138 400
3302 4828 140 401
3302 4829 138 401
3302 4830 133 404
3302 4831 132 407
3302 4832 133 407
3302 4833 129 405
3302 4834 129 409
3302 4835 125 409
3302 4836 126 409
3302 4837 125 410
3302 4838 123 411
3302 4839 117 413
3302 4840 118 417
3302 4841 113 414
3302 4842 112 416
3302 4843 110 417
3302 4844 111 419
3302 4845 108 422
3302 4846 105 419
3302 4847 104 422
3302 4848 101 425
3302 4849 99 426
3302 4850 96 428
3302 4851 94 426
3302 4852 92 427
3302 4853 91 430
3302 4854 89 433
3302 4855 90 432
3302 4856 88 434
3302 4857 83 434
3302 4858 79 434
3302 4859 82 438
3302 4860 77 438
3302 4861 74 439
3302 4862 72 444
3302 4863 69 440
3302 4864 69 446
3302 4865 68 446
3302 4866 66 446
3302 4867 61 450
3302 4868 59 450
3302 4869 57 452
3302 4870 54 453
3302 4871 52 454
3302 4872 50 455
3302 4873 47 452
3302 4874 45 458
3302 4875 42 460
3302 4876 40 459
3302 4877 38 460
3302 4878 34 460
3302 4879 32 464
3302 4880 29 465
3302 4881 29 465
3302 4882 26 464
3302 4883 22 464
3302 4884 21 465
3302 4885 24 467
3302 4886 17 467
3302 4887 13 470
3302 4888 13 468
3302 4889 11 468
3302 4890 9 472
3302 4891 6 470
3302 4892 5 473
3302 4893 4 474
3302 4894 3 476
3334 4783 213 305
3334 4784 215 305
3334 4785 216 305
3334 4786 217 306
3334 4787 217 302
3334 4788 219 303
3334 4789 218 306
3334 4790 221 305
3334 4791 223 310
3334 4792 222 308
3334 4793 225 309
3334 4794 226 308
3334 4795 227 310
3334 4796 227 310
3334 4797 228 311
3334 4798 229 310
3334 4799 230 311
3334 4800 233 309
3334 4801 234 311
3334 4802 235 309
3334 4803 236 312
3334 4804 239 314
3334 4805 240 314
3334 4806 241 316
3334 4807 242 312
3334 4808 243 316
3334 4809 244 316
3334 4810 245 318
3334 4811 246 317
3334 4812 249 317
3334 4813 250 319
3334 4814 250 318
3334 4815 252 319
3334 4816 254 316
3334 4817 254 321
3334 4818 255 321
3334 4819 257 320
3334 4820 258 320
3334 4821 259 323
3334 4822 261 323
3334 4823 262 323
3334 4824 263 319
3334 4825 265 324
3334 4826 265 322
3334 4827 267 326
3334 4828 268 325
3334 4829 270 326
3334 4830 270 327
3334 4831 272 327
3334 4832 274 329
3334 4833 273 326
3334 4834 276 330
3334 4835 277 331
3334 4836 277 332
3334 4837 279 331
3334 4838 282 330
3334 4839 283 331
3334 4840 284 332
3334 4841 285 334
3334 4842 287 329
3334 4843 288 334
3334 4844 289 334
3334 4845 291 333
3334 4846 292 331
3334 4847 294 335
3334 4848 294 338
3334 4849 297 337
3334 4850 298 338
3334 4851 300 337
3334 4852 300 334
3334 4853 303 339
3334 4854 304 340
3334 4855 305 343
3408 4855 304 334
3408 4856 306 338
3408 4857 309 344
3408 4858 309 345
3408 4859 310 343
3408 4860 312 340
3408 4861 314 347
3408 4862 315 345
3408 4863 316 348
3408 4864 317 343
3408 4865 320 347
3408 4866 319 348
3408 4867 322 348
3408 4868 323 351
3408 4869 325 349
3408 4870 327 353
3408 4871 328 351
3408 4872 331 348
3408 4873 331 355
3408 4874 333 350
3408 4875 335 351
3408 4876 337 353
3408 4877 339 355
3408 4878 342 359
3408 4879 343 357
3408 4880 345 360
3408 4881 345 360
3408 4882 347 358
3408 4883 351 359
3408 4884 351 360
3408 4885 352 361
3408 4886 354 361
3408 4887 356 362
3408 4888 358 363
3408 4889 360 365
3408 4890 361 362
3408 4891 363 363
3408 4892 365 364
3408 4893 366 367
3408 4894 367 372
3430 4877 127 475
3430 4878 125 467
3430 4879 132 466
3430 4880 132 466
3430 4881 136 465
3430 4882 145 465
3430 4883 149 464
3430 4884 154 464
3430 4885 158 463
3430 4886 162 464
3430 4887 167 463
3430 4888 172 463
3430 4889 178 463
3430 4890 181 463
3430 4891 185 462
3430 4892 191 462
3430 4893 194 461
3430 4894 200 461
3430 4895 200 461
3430 4896 205 461
3430 4897 212 460
3430 4898 219 459
3430 4899 220 459
3430 4900 223 458
3430 4901 230 457
3430 4902 236 455
3430 4903 237 455
3430 4904 240 454
3430 4905 247 453
3430 4906 254 452
3430 4907 254 451
3430 4908 257 451
3430 4909 265 450
3430 4910 272 447
3430 4911 273 447
3430 4912 276 454
3451 4912 279 436
3451 4913 282 445
3451 4914 289 445
3451 4915 289 444
3451 4916 292 443
3451 4917 297 441
3451 4918 306 439
3451 4919 306 439
3451 4920 309 437
3451 4921 316 436
3451 4922 321 435
3451 4923 323 436
3451 4924 325 434
3451 4925 333 432
3451 4926 337 430
3451 4927 338 430
3451 4928 342 429
3451 4929 349 427
3451 4930 352 427
3451 4931 354 425
3451 4932 357 424
3451 4933 363 421
3451 4934 368 422
3451 4935 370 421
3451 4936 372 420
3451 4937 378 417
3451 4938 382 418
3451 4939 383 417
3451 4940 387 416
3451 4941 393 414
3451 4942 395 421
3557 5062 297 467
3557 5063 297 471
3557 5064 302 469
3557 5065 305 469
3557 5066 308 468
3557 5067 313 467
3557 5068 317 466
3557 5069 320 466
3557 5070 324 465
3557 5071 328 465
3557 5072 333 464
3557 5073 338 463
3557 5074 341 463
3557 5075 344 462
3557 5076 346 460
3557 5077 350 459
3557 5078 355 458
3557 5079 359 458
3557 5080 359 458
3557 5081 363 455
3557 5082 368 451
3557 5083 371 451
3557 5084 373 452
3557 5085 375 449
3557 5086 379 444
3557 5087 383 443
3557 5088 384 442
3557 5089 387 440
3557 5090 390 444
3557 5091 388 449
3557 5092 391 449
3557 5093 396 451
3557 5094 397 446
3557 5095 396 438
3557 5096 399 439
3557 5097 402 442
3557 5098 408 437
3557 5099 409 437
3732 5269 215 246
3732 5270 243 248
3732 5271 258 249
3732 5272 253 250
3732 5273 266 250
3732 5274 275 252
3732 5275 299 253
3732 5276 322 254
3732 5277 336 256
3732 5278 349 257
3732 5279 365 258
3732 5280 373 259
3732 5281 375 253
3884 5520 394 476
3884 5521 396 475
3884 5522 401 475
3884 5523 402 475
3884 5524 405 474
3884 5525 405 475
3884 5526 410 473
3884 5527 412 473
3884 5528 415 473
3884 5529 416 472
3884 5530 419 471
3884 5531 419 470
3884 5532 419 469
3884 5533 424 469
3884 5534 426 468
3884 5535 430 468
3884 5536 430 467
3884 5537 430 467
3884 5538 432 469
3884 5539 435 465
3884 5540 436 465
3884 5541 438 465
3884 5542 441 464
3884 5543 444 464
3884 5544 448 463
3884 5545 447 463
3884 5546 448 463
3884 5547 450 461
3884 5548 450 459
3884 5549 454 457
3884 5550 457 454
3884 5551 459 456
3884 5552 462 455
3884 5553 464 457
3884 5554 461 453
4233 6126 184 246
4233 6127 191 247
4233 6128 201 248
4233 6129 210 248
4233 6130 234 247
4233 6131 236 247
4233 6132 235 247
4233 6133 246 249
4233 6134 255 252
4233 6135 263 253
4233 6136 274 254
4233 6137 285 255
4233 6138 294 256
4233 6139 306 257
4233 6140 316 258
4233 6141 325 259
4233 6142 337 259
4233 6143 349 260
4233 6144 358 262
4233 6145 371 262
4233 6146 379 264
4233 6147 391 264
4233 6148 402 266
4233 6149 413 266
4233 6150 423 267
4233 6151 436 269
4233 6152 446 268
4233 6153 456 270
4233 6154 465 270
4233 6155 470 270
4233 6156 475 272
4233 6157 480 273
4388 6259 262 325
4388 6260 263 322
4388 6261 265 322
4388 6262 267 323
4388 6263 268 323
4388 6264 271 325
4388 6265 272 324
4388 6266 274 323
4388 6267 276 326
4388 6268 277 323
4388 6269 278 326
4388 6270 280 329
4388 6271 283 332
4388 6272 284 330
4388 6273 286 330
4388 6274 288 332
4388 6275 289 332
4388 6276 291 333
4388 6277 293 334
4388 6278 295 334
4388 6279 297 335
4388 6280 299 339
4388 6281 301 338
4388 6282 300 337
4388 6283 303 338
4388 6284 304 339
4388 6285 308 340
4388 6286 308 340
4388 6287 309 341
4388 6288 311 341
4388 6289 314 342
4388 6290 314 342
4388 6291 317 342
4388 6292 317 344
4388 6293 320 345
4388 6294 320 346
4388 6295 323 347
4388 6296 324 346
4388 6297 327 348
4388 6298 327 349
4388 6299 328 349
4388 6300 331 346
4476 6340 403 379
4476 6341 398 383
4476 6342 403 387
4476 6343 405 394
4476 6344 404 395
4476 6345 408 396
4476 6346 410 398
4476 6347 409 400
4476 6348 414 397
4476 6349 418 395
4476 6350 420 394
4476 6351 422 398
4476 6352 423 407
4476 6353 420 411
4476 6354 424 409
4476 6355 430 407
4476 6356 427 414
4476 6357 432 428
4526 6382 228 247
4526 6383 238 250
4526 6384 241 249
4526 6385 247 250
4526 6386 255 250
4526 6387 262 251
4526 6388 272 252
4526 6389 282 253
4526 6390 291 254
4526 6391 302 254
4526 6392 313 256
4526 6393 325 257
4526 6394 333 258
4526 6395 344 258
4526 6396 356 260
4526 6397 368 260
4526 6398 380 261
4526 6399 390 262
4526 6400 400 262
4526 6401 411 264
4526 6402 423 265
4526 6403 433 266
4526 6404 443 268
4526 6405 455 267
4526 6406 465 268
4526 6407 471 269
4526 6408 477 270
4526 6409 479 271
4526 6410 489 270
4530 6385 282 420
4530 6386 284 427
4530 6387 288 428
4530 6388 291 430
4530 6389 294 430
4530 6390 296 433
4530 6391 300 434
4530 6392 303 435
4530 6393 306 436
4530 6394 308 438
4530 6395 310 439
4530 6396 313 440
4530 6397 318 443
4530 6398 321 445
4530 6399 324 446
4530 6400 327 446
4530 6401 330 449
4530 6402 333 454
4530 6403 335 459
4530 6404 338 454
4530 6405 342 456
4530 6406 345 456
4530 6407 349 458
4530 6408 353 460
4530 6409 356 461
4530 6410 359 462
4530 6411 365 462
4530 6412 368 467
4530 6413 372 464
4530 6414 375 465
4530 6415 380 469
4530 6416 384 466
4530 6417 385 468
4595 6550 243 250
4595 6551 242 249
4595 6552 251 250
4595 6553 263 253
4595 6554 274 254
4595 6555 285 254
4595 6556 294 255
4595 6557 305 256
4595 6558 315 257
4595 6559 329 258
4595 6560 339 260
4595 6561 349 261
4595 6562 361 262
4595 6563 373 263
4595 6564 383 264
4595 6565 394 265
4595 6566 407 266
4595 6567 421 267
4595 6568 433 268
4595 6569 446 269
4595 6570 457 270
4595 6571 464 270
4595 6572 470 270
4595 6573 476 271
4595 6574 481 273
4680 6665 209 246
4680 6666 220 247
4680 6667 228 247
4680 6668 237 249
4680 6669 248 249
4680 6670 258 250
4680 6671 268 250
4680 6672 278 250
4680 6673 290 250
4680 6674 301 251
4680 6675 312 253
4680 6676 325 255
4680 6677 336 256
4680 6678 348 258
4680 6679 361 259
4680 6680 373 259
4680 6681 384 260
4680 6682 397 261
4680 6683 411 255
4680 6684 423 264
4680 6685 435 264
4680 6686 448 266
4680 6687 460 267
4680 6688 469 267
4680 6689 475 268
4680 6690 481 267
4690 6696 309 476
4690 6697 306 475
4690 6698 304 474
4690 6699 301 473
4690 6700 298 472
4690 6701 293 471
4690 6702 289 470
4690 6703 286 469
4690 6704 284 469
4690 6705 281 467
4690 6706 277 467
4690 6707 275 466
4690 6708 272 466
4690 6709 267 464
4690 6710 265 463
4690 6711 263 462
4690 6712 262 462
4690 6713 257 466
4690 6714 255 460
4690 6715 250 456
4690 6716 248 454
4690 6717 246 454
4690 6718 243 451
4690 6719 239 451
4690 6720 237 449
4690 6721 235 449
4690 6722 232 456
5021 6886 131 286
5021 6887 127 285
5021 6888 125 282
5021 6889 125 284
5021 6890 121 282
5021 6891 119 285
5021 6892 118 286
5021 6893 115 285
5021 6894 113 285
5021 6895 111 285
5021 6896 109 284
5021 6897 106 285
5021 6898 104 287
5021 6899 105 288
5021 6900 100 286
5021 6901 99 287
5021 6902 98 287
5021 6903 97 288
5021 6904 95 288
5021 6905 92 288
5021 6906 90 289
5021 6907 88 289
5021 6908 86 288
5021 6909 83 289
5021 6910 81 289
5021 6911 80 289
5021 6912 80 291
5021 6913 76 288
5021 6914 74 289
5021 6915 72 291
5021 6916 71 293
5021 6917 67 289
5021 6918 64 293
5021 6919 64 290
5021 6920 64 290
5021 6921 59 290
5021 6922 56 294
5021 6923 56 291
5021 6924 53 289
5021 6925 51 292
5021 6926 48 291
5021 6927 47 294
5021 6928 45 289
5021 6929 43 293
5021 6930 42 294
5021 6931 40 295
5021 6932 37 294
5021 6933 35 295
5021 6934 34 296
5021 6935 30 294
5021 6936 31 295
5021 6937 28 297
5021 6938 26 292
5021 6939 27 300
5021 6940 24 293
5021 6941 24 298
5021 6942 20 293
5021 6943 17 298
5021 6944 14 302
5021 6945 13 300
5021 6946 12 302
5021 6947 10 301
5021 6948 7 299
5021 6949 6 303
5021 6950 6 302
5021 6951 3 300
5204 7036 121 475
5204 7037 124 475
5204 7038 123 475
5204 7039 126 474
5204 7040 128 474
5204 7041 130 473
5204 7042 134 473
5204 7043 140 473
5204 7044 136 472
5204 7045 140 472
5204 7046 144 471
5204 7047 147 470
5204 7048 149 470
5204 7049 151 470
5204 7050 155 469
5204 7051 160 468
5204 7052 160 469
5204 7053 164 468
5204 7054 166 467
5204 7055 168 470
5204 7056 172 466
5204 7057 178 465
5204 7058 179 465
5204 7059 181 464
5204 7060 184 464
5204 7061 188 463
5204 7062 191 463
5204 7063 193 462
5204 7064 194 462
5204 7065 196 459
5204 7066 200 459
5204 7067 202 455
5204 7068 204 454
5204 7069 203 455
5204 7070 209 453
5204 7071 211 452
5204 7072 214 450
5204 7073 215 451
5204 7074 214 451
5204 7075 218 448
5204 7076 219 444
5204 7077 221 444
5204 7078 223 445
5204 7079 224 445
5204 7080 228 440
5204 7081 229 438
5204 7082 231 439
5204 7083 233 438
5204 7084 234 441
5204 7085 236 435
5204 7086 238 434
5204 7087 239 434
5204 7088 241 433
5204 7089 243 433
5204 7090 242 430
5204 7091 247 430
5204 7092 249 429
5204 7093 250 427
5204 7094 253 427
5204 7095 253 425
5204 7096 256 425
5204 7097 259 424
5204 7098 262 425
5204 7099 264 422
5204 7100 266 422
5204 7101 267 421
5204 7102 269 422
5204 7103 271 420
5204 7104 271 421
5204 7105 274 417
5204 7106 276 417
5204 7107 279 413
5204 7108 280 416
5204 7109 281 413
5204 7110 283 414
5204 7111 284 414
5204 7112 285 415
5204 7113 288 411
5204 7114 289 409
5204 7115 291 409
5204 7116 294 408
5204 7117 296 406
5204 7118 297 404
5204 7119 298 405
5204 7120 300 408
5204 7121 301 402
5204 7122 303 401
5204 7123 305 401
5204 7124 306 401
5204 7125 309 399
5204 7126 311 398
5204 7127 313 396
5204 7128 314 396
5204 7129 316 394
5204 7130 318 397
5204 7131 319 393
5204 7132 321 393
5204 7133 323 392
5204 7134 324 394
5204 7135 326 390
5204 7136 328 390
5204 7137 330 389
5204 7138 332 388
5204 7139 333 387
5204 7140 335 386
5204 7141 337 387
5204 7142 338 386
5204 7143 341 383
5204 7144 343 387
5204 7145 345 383
5204 7146 345 383
5204 7147 348 381
5204 7148 349 380
5204 7149 351 379
5204 7150 352 379
5204 7151 355 378
5204 7152 355 375
5204 7153 357 377
5204 7154 358 376
5204 7155 360 376
5204 7156 362 375
5204 7157 365 373
5208 7037 159 384
5208 7038 160 381
5208 7039 159 384
5208 7040 156 385
5208 7041 154 384
5208 7042 154 387
5208 7043 152 389
5208 7044 151 389
5208 7045 149 392
5208 7046 148 393
5208 7047 144 394
5208 7048 143 393
5208 7049 142 397
5208 7050 140 398
5208 7051 137 405
5208 7052 136 398
5208 7053 139 404
5208 7054 132 403
5208 7055 130 404
5208 7056 132 407
5208 7057 127 407
5208 7058 125 408
5208 7059 127 411
5208 7060 124 414
5208 7061 122 415
5208 7062 120 420
5208 7063 113 414
5208 7064 116 418
5208 7065 111 418
5208 7066 113 421
5208 7067 110 423
5208 7068 104 424
5208 7069 103 425
5272 7080 144 291
5272 7081 144 288
5272 7082 142 289
5272 7083 142 291
5272 7084 137 292
5272 7085 136 292
5272 7086 130 292
5272 7087 130 293
5272 7088 128 294
5272 7089 123 295
5272 7090 125 297
5272 7091 118 298
5272 7092 116 299
5272 7093 112 298
5272 7094 109 299
5272 7095 111 299
5272 7096 101 302
5272 7097 104 299
5272 7098 92 304
5272 7099 85 303
5272 7100 79 304
5272 7101 76 305
5272 7102 75 305
5272 7103 71 305
5272 7104 67 305
5272 7105 58 304
5272 7106 59 305
5272 7107 54 304
5272 7108 52 305
5272 7109 48 304
5272 7110 44 304
5272 7111 41 302
5272 7112 38 306
5272 7113 32 306
5272 7114 33 304
5272 7115 31 301
5272 7116 31 299
5336 7131 456 453
5336 7132 458 445
5336 7133 453 443
5336 7134 451 438
5336 7135 448 439
5336 7136 443 439
5336 7137 439 436
5336 7138 436 434
5336 7139 434 433
5336 7140 429 431
5336 7141 426 428
5336 7142 421 428
5336 7143 419 426
5336 7144 415 423
5336 7145 410 422
5336 7146 409 420
5336 7147 407 419
5336 7148 402 416
5336 7149 399 415
5336 7150 396 413
5336 7151 393 413
5336 7152 390 409
5336 7153 385 408
5336 7154 385 407
5336 7155 381 406
5336 7156 376 403
5336 7157 374 401
5336 7158 370 390
5336 7159 368 387
5336 7160 364 395
5336 7161 365 385
5336 7162 361 394
5336 7163 358 394
5336 7164 354 392
5336 7165 351 390
5336 7166 349 389
5336 7167 345 388
5336 7168 342 386
5336 7169 340 384
5336 7170 339 385
5336 7171 335 382
5336 7172 333 376
5336 7173 335 376
5359 7173 329 379
5359 7174 327 377
5359 7175 326 375
5359 7176 321 375
5359 7177 320 373
5359 7178 319 371
5359 7179 317 371
5359 7180 314 369
5359 7181 310 369
5359 7182 309 366
5359 7183 308 366
5359 7184 304 364
5359 7185 303 362
5359 7186 301 360
5359 7187 299 360
5359 7188 296 357
5359 7189 294 357
5359 7190 293 353
5359 7191 290 353
5359 7192 287 352
5359 7193 286 352
5359 7194 285 352
5359 7195 282 346
5359 7196 281 344
5386 7196 279 350
5386 7197 278 348
5386 7198 277 345
5386 7199 274 346
5386 7200 272 344
5386 7201 270 343
5386 7202 269 342
5386 7203 267 341
5386 7204 265 340
5386 7205 262 339
5386 7206 261 338
5386 7207 259 336
5386 7208 258 335
5386 7209 256 332
5386 7210 254 332
5386 7211 251 327
5386 7212 252 331
5386 7213 250 331
5386 7214 250 330
5386 7215 248 328
5386 7216 246 327
5386 7217 245 326
5386 7218 243 324
5386 7219 240 320
5386 7220 241 323
5386 7221 241 327
5386 7222 240 324
5386 7223 237 320
5386 7224 237 317
5386 7225 236 319
5386 7226 234 317
5386 7227 232 314
5386 7228 233 313
5386 7229 231 316
5386 7230 231 319
5386 7231 229 314
5386 7232 228 315
5386 7233 226 313
5386 7234 225 315
5386 7235 224 315
5826 8027 471 276
5826 8028 469 280
5826 8029 487 269
5826 8030 484 267
5826 8031 480 267
5826 8032 476 265
5826 8033 472 264
5826 8034 467 264
5826 8035 454 262
5826 8036 449 264
5826 8037 440 263
5826 8038 431 262
5826 8039 424 262
5826 8040 414 261
5826 8041 404 261
5826 8042 396 259
5826 8043 388 258
5826 8044 380 257
5826 8045 369 257
5826 8046 359 256
5826 8047 352 255
5826 8048 344 255
5826 8049 334 255
5826 8050 326 254
5826 8051 318 252
5826 8052 311 252
5826 8053 301 251
5826 8054 292 249
5826 8055 285 249
5826 8056 278 248
5826 8057 269 248
5826 8058 261 247
5826 8059 255 246
5826 8060 250 246
5905 8138 175 258
5905 8139 175 259
5905 8140 175 260
5905 8141 175 261
5905 8142 175 261
5905 8143 173 263
5905 8144 173 265
5905 8145 173 264
5905 8146 172 266
5905 8147 168 267
5905 8148 167 264
5905 8149 166 267
5905 8150 163 267
5905 8151 161 269
5905 8152 159 273
5905 8153 157 273
5905 8154 154 272
5905 8155 152 273
5905 8156 148 278
5905 8157 147 275
5905 8158 145 277
5905 8159 142 278
5905 8160 139 282
5905 8161 138 281
5905 8162 135 286
5905 8163 134 286
5905 8164 132 288
5905 8165 131 288
5905 8166 129 291
5905 8167 127 291
5905 8168 126 293
5905 8169 125 298
5905 8170 123 298
5905 8171 125 297
5905 8172 125 300
5905 8173 124 302
5905 8174 123 303
5905 8175 125 302
5905 8176 124 305
5905 8177 125 303
5905 8178 125 308
5905 8179 126 308
5905 8180 128 307
5947 8185 137 311
5947 8186 140 311
5947 8187 142 321
5947 8188 145 314
5947 8189 147 314
5947 8190 148 321
5947 8191 148 320
5947 8192 152 323
5947 8193 157 323
5947 8194 156 323
5947 8195 159 324
5947 8196 160 325
5947 8197 161 326
5947 8198 163 326
5947 8199 165 327
5947 8200 165 328
5947 8201 168 329
5947 8202 172 329
5947 8203 173 333
5947 8204 172 331
5947 8205 174 332
5947 8206 177 333
5947 8207 178 335
5947 8208 178 333
5947 8209 180 338
5947 8210 181 337
5947 8211 183 341
5947 8212 183 342
5947 8213 181 338
5947 8214 184 345
5947 8215 182 347
5947 8216 185 348
5947 8217 184 348
5947 8218 184 349
5947 8219 185 354
5947 8220 184 355
5947 8221 183 354
5947 8222 182 355
5947 8223 179 354
5947 8224 178 359
5947 8225 175 361
5947 8226 174 363
5947 8227 171 367
5947 8228 171 370
5947 8229 171 365
5947 8230 172 364
5947 8231 172 362
5957 8193 179 340
5957 8194 179 337
5957 8195 179 334
5957 8196 184 334
5957 8197 184 334
5957 8198 187 332
5957 8199 191 336
5957 8200 192 334
5957 8201 197 337
5957 8202 201 337
5957 8203 202 336
5957 8204 204 339
5957 8205 207 333
5957 8206 210 333
5957 8207 212 335
5957 8208 215 337
5957 8209 219 337
5957 8210 219 339
5957 8211 221 335
5957 8212 223 333
5957 8213 227 337
5957 8214 229 337
5957 8215 232 335
5957 8216 233 338
5957 8217 236 339
5957 8218 240 338
5957 8219 242 343
5957 8220 243 338
5957 8221 244 340
5957 8222 247 336
5957 8223 250 333
5957 8224 252 338
5957 8225 254 338
5957 8226 258 341
5957 8227 261 342
5957 8228 262 343
5957 8229 265 343
5957 8230 266 342
5957 8231 268 339
5957 8232 270 339
5957 8233 272 343
5957 8234 275 344
5957 8235 278 344
5957 8236 282 346
5957 8237 282 341
5957 8238 284 345
5957 8239 286 345
5957 8240 290 342
5957 8241 292 346
5957 8242 295 347
5957 8243 297 346
5957 8244 300 347
5957 8245 303 346
5957 8246 304 342
5957 8247 306 344
5957 8248 309 343
5957 8249 312 347
5957 8250 316 349
5957 8251 317 349
5957 8252 319 344
5957 8253 322 344
6266 8490 75 394
6266 8491 76 395
6266 8492 75 397
6266 8493 76 394
6266 8494 76 396
6266 8495 76 397
6266 8496 77 399
6266 8497 77 399
6266 8498 77 401
6266 8499 75 402
6266 8500 75 406
6266 8501 78 408
6266 8502 78 409
6266 8503 76 412
6266 8504 77 415
6266 8505 76 417
6266 8506 78 420
6266 8507 78 423
6266 8508 79 426
6266 8509 79 430
6266 8510 80 432
6266 8511 80 436
6266 8512 81 440
6266 8513 82 444
6266 8514 82 447
6266 8515 83 450
6266 8516 84 454
6266 8517 87 457
6266 8518 88 464
6266 8519 90 466
6266 8520 91 466
6266 8521 92 470
6266 8522 94 471
6266 8523 94 475
6266 8524 109 474
6275 8493 52 376
6275 8494 49 376
6275 8495 48 374
6275 8496 50 375
6275 8497 46 371
6275 8498 47 377
6275 8499 54 378
6275 8500 56 379
6275 8501 52 377
6275 8502 58 379
6275 8503 59 379
6275 8504 60 381
6275 8505 62 381
6275 8506 63 383
6275 8507 65 385
6275 8508 65 388
6275 8509 66 389
6275 8510 66 392
6275 8511 68 395
6275 8512 69 398
6275 8513 71 402
6275 8514 70 404
6275 8515 72 406
6275 8516 72 410
6275 8517 74 413
6275 8518 75 416
6275 8519 75 419
6275 8520 76 424
6275 8521 77 426
6275 8522 78 429
6275 8523 79 434
6275 8524 80 437
6275 8525 81 441
6275 8526 82 443
6387 8631 339 257
6387 8632 339 258
6387 8633 351 259
6387 8634 364 260
6387 8635 380 261
6387 8636 396 262
6387 8637 406 264
6387 8638 420 265
6387 8639 439 266
6387 8640 455 268
6387 8641 468 268
6387 8642 475 270
6387 8643 485 271
6402 8641 206 246
6402 8642 208 246
6402 8643 212 246
6402 8644 216 247
6402 8645 222 246
6402 8646 226 246
6402 8647 231 246
6402 8648 232 247
6402 8649 239 247
6402 8650 242 247
6402 8651 247 247
6402 8652 251 247
6402 8653 254 248
6402 8654 259 248
6402 8655 262 247
6402 8656 265 247
6402 8657 270 247
6402 8658 273 247
6402 8659 277 248
6402 8660 282 248
6402 8661 286 248
6402 8662 289 247
6402 8663 293 248
6402 8664 298 248
6402 8665 302 249
6402 8666 307 250
6402 8667 311 250
6402 8668 317 250
6402 8669 323 250
6402 8670 327 251
6402 8671 332 251
6402 8672 339 252
6402 8673 345 254
6402 8674 351 253
6402 8675 356 254
6402 8676 362 254
6402 8677 370 254
6402 8678 377 256
6402 8679 384 255
6402 8680 386 256
6402 8681 398 256
6402 8682 406 257
6402 8683 413 257
6402 8684 422 258
6402 8685 431 257
6402 8686 437 257
6402 8687 445 260
6402 8688 454 261
6402 8689 449 267
6402 8690 442 269
6402 8691 444 269
6839 9539 368 475
6839 9540 374 476
6839 9541 378 475
6839 9542 382 474
6839 9543 384 475
6839 9544 389 474
6839 9545 391 472
6839 9546 394 471
6839 9547 396 471
6839 9548 399 470
6839 9549 404 470
6839 9550 406 470
6839 9551 407 470
6839 9552 410 469
6839 9553 415 468
6839 9554 415 467
6839 9555 418 467
6839 9556 419 467
6839 9557 426 466
6839 9558 426 466
6839 9559 428 465
6839 9560 432 464
6839 9561 436 464
6839 9562 437 464
6839 9563 438 464
6839 9564 441 463
6839 9565 444 462
6839 9566 448 460
6839 9567 452 461
6839 9568 456 459
6839 9569 460 457
6839 9570 462 456
6839 9571 465 455
6839 9572 468 454
6839 9573 473 453
6839 9574 476 451
6839 9575 480 451
6839 9576 484 450
6839 9577 485 449
6839 9578 487 448
6839 9579 491 448
6839 9580 494 447
6839 9581 496 445
6839 9582 499 445
6839 9583 501 444
6839 9584 504 442
6839 9585 508 442
6839 9586 508 442
6839 9587 510 442
6839 9588 513 441
6839 9589 515 439
6839 9590 518 436
6839 9591 521 437
6839 9592 522 436
6839 9593 525 435
6839 9594 527 433
6839 9595 528 432
6839 9596 529 432
6839 9597 534 432
6839 9598 533 432
6839 9599 535 429
6839 9600 531 434
6865 9600 541 426
6865 9601 541 428
6865 9602 543 429
6865 9603 546 427
6865 9604 549 426
6865 9605 549 426
6865 9606 550 426
6865 9607 551 426
6865 9608 553 423
6865 9609 555 423
6865 9610 558 421
6865 9611 561 421
6865 9612 561 420
6865 9613 564 421
6865 9614 565 418
6865 9615 568 418
6865 9616 569 419
6865 9617 571 418
6865 9618 573 417
6865 9619 575 416
6865 9620 576 414
6865 9621 577 416
6865 9622 581 415
6865 9623 583 412
6865 9624 583 413
6865 9625 584 413
6865 9626 588 412
6865 9627 588 411
6865 9628 591 414
6865 9629 593 410
6865 9630 594 409
6865 9631 596 409
6865 9632 598 408
6865 9633 599 406
6865 9634 601 404
6865 9635 601 406
6865 9636 603 405
6865 9637 605 403
6865 9638 605 403
6865 9639 609 401
6865 9640 609 401
6865 9641 610 400
6865 9642 612 399
6865 9643 614 398
6865 9644 613 397
6865 9645 616 398
6865 9646 615 396
6865 9647 616 395
6865 9648 616 393
6865 9649 618 394
6865 9650 620 393
6865 9651 619 391
6865 9652 622 390
6865 9653 626 390
6865 9654 624 389
6865 9655 624 389
6865 9656 624 388
6865 9657 625 385
6865 9658 627 380
6865 9659 626 386
6865 9660 628 383
6865 9661 626 388
6865 9662 624 386
6987 9853 319 257
6987 9854 329 258
6987 9855 325 264
6987 9856 322 261
6987 9857 317 261
6987 9858 319 262
6987 9859 320 263
6987 9860 322 263
6987 9861 323 263
6987 9862 325 262
6987 9863 325 263
6987 9864 327 262
6987 9865 329 264
6987 9866 331 264
6987 9867 331 262
6987 9868 333 263
6987 9869 335 263
6987 9870 337 263
6987 9871 336 263
6987 9872 338 264
6987 9873 339 263
6987 9874 342 264
6987 9875 342 264
6987 9876 344 263
6987 9877 347 263
6987 9878 348 263
6987 9879 348 264
6987 9880 349 263
6987 9881 351 263
6987 9882 354 263
6987 9883 355 265
6987 9884 356 265
6987 9885 357 264
6987 9886 360 264
6987 9887 360 264
6987 9888 361 265
6987 9889 363 265
6987 9890 366 265
6987 9891 366 264
6987 9892 368 264
6987 9893 371 264
6987 9894 371 266
6987 9895 372 264
6987 9896 374 265
6987 9897 376 266
6987 9898 378 266
6987 9899 378 265
6987 9900 380 265
6987 9901 383 266
6987 9902 383 265
6987 9903 386 266
6987 9904 386 267
6987 9905 388 267
6987 9906 389 266
6987 9907 391 266
6987 9908 393 266
6987 9909 395 268
6987 9910 396 267
6987 9911 396 267
6987 9912 399 266
6987 9913 402 268
6987 9914 401 269
6987 9915 403 269
6987 9916 405 268
6987 9917 408 268
6987 9918 409 268
6987 9919 409 268
6987 9920 411 268
6987 9921 414 269
6987 9922 415 269
6987 9923 415 269
6987 9924 418 269
6987 9925 420 270
6987 9926 421 269
6987 9927 421 271
6987 9928 425 270
6987 9929 426 270
6987 9930 427 271
6987 9931 429 270
6987 9932 433 270
6987 9933 436 271
6987 9934 438 272
6987 9935 440 272
6987 9936 441 271
6987 9937 444 270
6987 9938 446 271
6987 9939 448 271
6987 9940 450 273
6987 9941 451 272
6987 9942 453 275
6987 9943 458 274
6987 9944 459 273
6987 9945 459 272
6987 9946 461 273
6987 9947 464 274
6987 9948 465 273
6987 9949 466 273
6987 9950 467 276
6987 9951 470 274
6987 9952 471 274
6987 9953 471 276
6987 9954 475 274
6987 9955 478 276
6987 9956 478 274
6987 9957 478 276
6987 9958 481 277
6987 9959 481 276
6987 9960 482 279
7133 10082 154 273
7133 10083 154 270
7133 10084 151 271
7133 10085 148 273
7133 10086 146 274
7133 10087 145 275
7133 10088 143 276
7133 10089 137 278
7133 10090 138 279
7133 10091 130 282
7133 10092 131 283
7133 10093 129 284
7133 10094 123 286
7133 10095 121 288
7133 10096 120 288
7133 10097 112 292
7133 10098 110 292
7133 10099 109 294
7133 10100 106 297
7133 10101 99 298
7133 10102 98 294
7423 10496 419 261
7423 10497 408 260
7423 10498 398 258
7423 10499 386 256
7423 10500 374 256
7423 10501 359 255
7423 10502 353 255
7423 10503 339 255
7423 10504 327 253
7423 10505 314 251
7423 10506 304 251
7423 10507 295 249
7423 10508 284 248
7423 10509 275 247
7423 10510 265 247
7423 10511 257 246
7423 10512 266 247
7798 10927 450 435
7798 10928 445 431
7798 10929 445 432
7798 10930 452 430
7798 10931 454 428
7798 10932 456 428
7798 10933 460 427
7798 10934 462 427
7798 10935 466 426
7798 10936 470 425
7798 10937 475 423
7798 10938 476 424
7798 10939 477 423
7798 10940 483 422
7798 10941 483 421
7798 10942 488 420
7798 10943 492 420
7798 10944 492 419
7798 10945 493 417
7798 10946 498 417
7798 10947 501 417
7798 10948 504 416
7798 10949 505 415
7798 10950 506 409
7798 10951 505 405
7913 11060 446 474
7913 11061 442 475
7913 11062 443 472
7913 11063 441 471
7913 11064 439 471
7913 11065 434 470
7913 11066 432 469
7913 11067 429 468
7913 11068 427 468
7913 11069 424 467
7913 11070 423 466
7913 11071 420 465
7913 11072 418 464
7913 11073 414 464
7913 11074 412 463
7913 11075 412 462
7913 11076 409 465
7913 11077 405 461
7913 11078 403 460
7913 11079 402 458
7913 11080 400 458
7913 11081 398 456
7913 11082 394 454
7913 11083 392 452
7913 11084 392 450
7913 11085 388 448
7913 11086 386 447
7913 11087 383 446
7913 11088 383 445
7913 11089 380 444
7913 11090 379 445
7913 11091 377 441
7913 11092 376 439
7913 11093 375 438
7913 11094 373 435
7913 11095 371 439
7913 11096 370 436
7913 11097 371 436
7913 11098 370 436
7913 11099 369 432
7913 11100 369 425
7913 11101 368 424
7913 11102 368 427
7913 11103 366 426
7913 11104 366 423
7913 11105 366 418
7913 11106 365 422
7941 11130 324 384
7941 11131 323 389
7941 11132 320 387
7941 11133 317 387
7941 11134 314 386
7941 11135 314 385
7941 11136 313 383
7941 11137 311 383
7941 11138 308 382
7941 11139 306 382
7941 11140 303 380
7941 11141 301 381
7941 11142 298 379
7941 11143 297 378
7941 11144 296 377
7941 11145 294 376
7941 11146 292 376
7941 11147 290 374
7941 11148 288 374
7941 11149 287 375
7941 11150 284 372
7941 11151 281 372
7941 11152 282 370
7941 11153 280 369
7941 11154 277 368
7941 11155 277 367
7941 11156 274 370
7941 11157 273 366
7941 11158 270 364
7941 11159 269 363
7941 11160 267 366
7941 11161 267 363
7941 11162 265 362
7941 11163 264 359
7941 11164 261 359
7941 11165 259 360
7941 11166 259 359
7941 11167 256 359
7941 11168 255 361
7941 11169 251 357
7941 11170 251 362
7959 11170 251 350
7959 11171 250 355
7959 11172 247 355
7959 11173 243 357
7959 11174 244 354
7959 11175 242 353
7959 11176 241 351
7959 11177 240 345
7959 11178 238 351
7959 11179 238 351
7959 11180 237 349
7959 11181 235 348
7959 11182 233 351
7959 11183 232 347
7959 11184 229 347
7959 11185 229 346
7959 11186 226 345
7959 11187 225 345
7959 11188 224 345
7959 11189 222 344
7959 11190 219 347
7959 11191 218 342
7959 11192 218 342
7959 11193 216 341
7959 11194 214 339
7959 11195 211 340
7959 11196 210 340
7959 11197 209 339
7959 11198 208 339
7959 11199 207 338
7959 11200 205 338
7959 11201 204 342
7959 11202 201 339
7959 11203 200 335
7959 11204 200 335
7959 11205 198 333
7959 11206 195 334
7959 11207 195 333
7959 11208 194 332
7959 11209 193 336
7959 11210 192 334
7959 11211 191 331
7959 11212 190 333
7959 11213 190 330
7959 11214 189 328
7959 11215 186 326
7959 11216 185 328
7959 11217 183 328
7959 11218 185 328
7959 11219 181 324
7959 11220 180 327
7959 11221 180 328
7959 11222 180 325
7959 11223 178 323
7959 11224 176 327
7959 11225 175 322
7959 11226 175 322
7959 11227 174 321
7959 11228 172 321
7959 11229 172 320
7959 11230 169 318
7959 11231 170 319
7959 11232 168 318
7959 11233 166 318
7959 11234 165 320
7959 11235 166 317
7959 11236 165 317
7959 11237 162 316
7959 11238 161 315
7959 11239 160 315
7959 11240 159 315
7959 11241 157 312
7959 11242 156 314
7959 11243 156 313
7959 11244 155 313
7959 11245 154 313
7959 11246 154 310
7959 11247 153 309
7959 11248 152 308
7959 11249 150 312
7959 11250 150 311
7959 11251 149 310
7959 11252 148 310
7959 11253 149 310
7959 11254 149 306
7959 11255 145 303
7959 11256 146 307
7959 11257 144 305
7959 11258 144 305
7959 11259 143 305
7959 11260 142 304
7959 11261 143 304
7959 11262 141 301
7959 11263 141 300
7959 11264 139 301
7959 11265 138 300
7959 11266 138 299
7959 11267 137 301
7959 11268 137 301
7959 11269 135 302
7959 11270 135 302
7959 11271 133 300
7959 11272 133 297
7959 11273 132 298
7959 11274 132 299
7959 11275 131 299
7959 11276 129 298
7959 11277 128 298
7959 11278 126 296
7959 11279 128 295
7959 11280 127 294
7959 11281 126 291
7959 11282 124 293
7959 11283 124 290
7959 11284 125 293
7959 11285 124 293
7959 11286 124 293
7959 11287 122 291
7959 11288 123 292
7959 11289 123 291
7959 11290 121 289
7959 11291 122 290
7959 11292 121 291
7959 11293 119 290
7959 11294 120 289
7959 11295 120 288
8393 11957 492 404
8393 11958 491 409
8393 11959 490 413
8393 11960 487 408
8393 11961 486 406
8393 11962 484 408
8393 11963 484 405
8393 11964 482 405
8393 11965 480 404
8393 11966 480 403
8393 11967 477 400
8393 11968 476 398
8393 11969 474 398
8393 11970 472 400
8393 11971 472 396
8393 11972 470 398
8393 11973 467 394
8393 11974 467 393
8393 11975 464 393
8393 11976 462 392
8393 11977 461 389
8393 11978 460 389
8393 11979 459 389
8393 11980 456 392
8393 11981 456 388
8393 11982 452 385
8393 11983 450 386
8393 11984 450 385
8393 11985 448 384
8393 11986 446 383
8393 11987 445 383
8393 11988 443 381
8393 11989 442 381
8393 11990 439 381
8393 11991 436 380
8393 11992 434 378
8393 11993 433 378
8393 11994 431 376
8393 11995 430 377
8393 11996 427 378
8393 11997 426 378
8393 11998 424 375
8393 11999 422 374
8393 12000 421 373
8393 12001 418 372
8393 12002 416 374
8393 12003 415 372
8393 12004 412 369
8393 12005 411 368
8393 12006 410 371
8393 12007 407 370
8393 12008 405 367
8393 12009 404 369
8393 12010 402 368
8393 12011 399 366
8393 12012 399 365
8393 12013 397 366
8393 12014 396 365
8393 12015 394 364
8393 12016 393 362
8393 12017 395 367
8393 12018 399 373
8435 12017 385 362
8435 12018 390 361
8435 12019 387 361
8435 12020 387 359
8435 12021 385 362
8435 12022 384 359
8435 12023 383 356
8435 12024 381 356
8435 12025 380 357
8435 12026 378 356
8435 12027 376 358
8435 12028 375 356
8435 12029 373 354
8435 12030 371 353
8435 12031 371 353
8435 12032 368 351
8435 12033 367 352
8435 12034 365 350
8435 12035 363 349
8435 12036 361 348
8435 12037 359 350
8435 12038 358 347
8435 12039 357 347
8435 12040 356 347
8435 12041 353 345
8435 12042 352 349
8435 12043 350 346
8435 12044 350 344
8435 12045 347 344
8435 12046 345 343
8435 12047 346 343
8435 12048 342 342
8435 12049 342 341
8435 12050 340 340
8435 12051 339 343
8435 12052 336 342
8435 12053 336 341
8435 12054 334 340
8435 12055 332 339
8435 12056 331 340
8435 12057 329 338
8435 12058 328 334
8435 12059 327 336
8435 12060 329 337
8720 12476 378 421
8720 12477 380 418
8720 12478 379 417
8720 12479 374 415
8720 12480 369 418
8720 12481 367 414
8720 12482 365 414
8720 12483 361 417
8720 12484 355 421
8720 12485 355 421
8720 12486 353 420
8720 12487 348 421
8720 12488 341 421
8720 12489 341 421
8720 12490 336 423
8720 12491 333 424
8720 12492 327 424
8720 12493 327 424
8720 12494 323 424
8720 12495 318 425
8720 12496 316 424
8720 12497 312 425
8720 12498 310 426
8720 12499 302 425
8720 12500 301 427
8720 12501 299 426
8720 12502 295 426
8720 12503 290 426
8720 12504 287 427
8720 12505 286 427
8720 12506 281 425
8720 12507 275 426
8720 12508 273 427
8720 12509 270 426
8720 12510 267 426
8720 12511 261 426
8720 12512 258 428
8720 12513 258 427
8720 12514 252 427
8720 12515 246 426
8720 12516 247 426
8720 12517 241 425
8720 12518 240 425
8720 12519 234 425
8720 12520 231 426
8720 12521 229 423
8720 12522 224 424
8720 12523 220 425
8720 12524 216 424
8720 12525 213 423
8720 12526 210 422
8720 12527 206 423
8720 12528 205 424
8720 12529 199 423
8720 12530 197 424
8720 12531 196 423
8720 12532 192 422
8720 12533 194 428
8720 12534 192 427
8720 12535 189 427
9129 12831 257 252
9129 12832 256 246
9129 12833 269 249
9129 12834 293 258
9129 12835 291 263
9129 12836 293 264
9129 12837 295 263
9129 12838 296 263
9129 12839 299 269
9129 12840 300 264
9129 12841 302 263
9129 12842 305 273
9129 12843 305 268
9129 12844 308 264
9129 12845 312 265
9129 12846 315 264
9129 12847 316 264
9129 12848 319 264
9129 12849 321 265
9129 12850 323 266
9129 12851 324 265
9129 12852 325 267
9129 12853 329 269
9129 12854 331 269
9129 12855 333 271
9129 12856 333 273
9471 13011 235 436
9471 13012 229 433
9471 13013 224 429
9471 13014 225 430
9471 13015 229 428
9471 13016 231 427
9471 13017 233 425
9471 13018 234 424
9471 13019 236 424
9471 13020 236 420
9471 13021 238 414
9471 13022 238 421
9471 13023 243 419
9471 13024 243 416
9471 13025 245 416
9471 13026 247 415
9471 13027 246 414
9471 13028 249 413
9471 13029 251 411
9471 13030 250 413
9471 13031 254 409
9471 13032 256 410
9471 13033 257 407
9471 13034 258 407
9471 13035 260 406
9471 13036 266 403
9471 13037 269 403
9471 13038 265 401
9471 13039 270 399
9471 13040 273 400
9471 13041 275 400
9471 13042 277 399
9471 13043 277 399
9471 13044 273 404
9471 13045 284 408
9471 13046 291 404
9471 13047 292 402
9471 13048 294 401
9471 13049 295 400