79 213 143 284
79 214 150 281
79 215 151 281
79 216 149 282
79 217 151 279
79 218 151 279
79 219 152 280
79 220 154 277
79 221 153 277
79 222 155 276
79 223 157 274
79 224 161 273
79 225 157 274
79 226 161 273
79 227 161 269
79 228 164 271
79 229 167 271
79 230 167 268
79 231 167 267
79 232 168 271
79 233 172 267
79 234 170 266
79 235 173 265
79 236 175 265
79 237 174 264
79 238 178 263
79 239 179 265
79 240 179 261
79 241 180 262
79 242 184 260
79 243 184 261
79 244 185 260
79 245 187 259
79 246 189 259
79 247 189 259
79 248 191 258
79 249 191 260
79 250 191 257
79 251 189 257
79 252 194 256
79 253 193 257
79 254 194 258
79 255 193 257
79 256 194 254
79 257 198 253
79 258 198 255
330 602 231 311
330 603 229 309
330 604 225 308
330 605 222 306
330 606 218 305
330 607 214 303
330 608 211 302
330 609 209 299
330 610 206 298
330 611 202 296
330 612 197 292
330 613 194 291
330 614 190 289
330 615 187 288
330 616 183 287
330 617 179 288
330 618 175 285
330 619 173 284
330 620 171 284
330 621 168 283
330 622 171 281
371 670 282 259
371 671 288 260
371 672 296 260
371 673 301 262
371 674 308 262
371 675 315 263
371 676 323 263
371 677 329 264
371 678 339 262
371 679 350 262
371 680 353 265
371 681 364 263
371 682 373 264
371 683 379 265
371 684 386 267
371 685 400 266
371 686 405 270
371 687 410 270
371 688 420 270
371 689 419 267
381 680 390 269
381 681 395 265
381 682 403 262
381 683 408 264
381 684 415 262
381 685 421 262
381 686 427 261
381 687 420 260
381 688 429 261
381 689 434 269
381 690 443 270
381 691 452 271
381 692 462 272
381 693 473 273
381 694 480 275
381 695 488 277
390 690 245 250
390 691 255 252
390 692 267 253
390 693 279 253
390 694 289 255
390 695 300 255
390 696 313 256
390 697 322 257
390 698 334 258
390 699 349 260
390 700 363 260
390 701 375 262
390 702 386 263
390 703 400 265
390 704 414 266
390 705 426 267
390 706 437 267
390 707 451 269
390 708 463 270
390 709 469 270
390 710 476 271
390 711 484 272
923 1182 247 386
923 1183 243 389
923 1184 245 391
923 1185 242 391
923 1186 241 391
923 1187 239 392
923 1188 237 393
923 1189 236 398
923 1190 234 394
923 1191 231 394
923 1192 229 391
923 1193 227 391
923 1194 226 394
923 1195 223 394
923 1196 225 399
923 1197 221 398
923 1198 217 400
923 1199 215 398
923 1200 211 398
923 1201 211 395
923 1202 207 399
923 1203 206 395
923 1204 201 396
923 1205 200 396
923 1206 199 397
923 1207 198 399
923 1208 194 398
923 1209 194 398
923 1210 190 399
923 1211 188 406
923 1212 186 403
923 1213 185 403
923 1214 181 403
923 1215 181 404
923 1216 177 406
923 1217 176 406
923 1218 174 409
923 1219 174 407
923 1220 170 409
923 1221 171 412
923 1222 168 410
923 1223 166 411
923 1224 166 414
923 1225 161 414
923 1226 158 415
923 1227 156 413
923 1228 155 415
923 1229 151 410
1213 1688 402 256
1213 1689 392 260
1213 1690 384 259
1213 1691 372 258
1213 1692 362 257
1213 1693 351 259
1213 1694 343 256
1213 1695 334 255
1213 1696 321 254
1213 1697 315 253
1213 1698 307 253
1213 1699 297 255
1213 1700 287 251
1213 1701 280 253
1213 1702 271 250
1213 1703 263 252
1213 1704 256 253
1213 1705 247 253
1213 1706 239 252
1213 1707 228 251
1313 1805 222 472
1313 1806 223 471
1313 1807 227 471
1313 1808 230 470
1313 1809 235 469
1313 1810 238 468
1313 1811 242 468
1313 1812 247 467
1313 1813 253 466
1313 1814 256 466
1313 1815 259 465
1313 1816 264 464
1313 1817 268 463
1313 1818 272 463
1313 1819 274 462
1313 1820 278 461
1313 1821 284 460
1313 1822 286 460
1313 1823 290 459
1313 1824 293 455
1313 1825 301 456
1313 1826 301 456
1313 1827 305 453
1313 1828 310 451
1313 1829 315 450
1313 1830 317 449
1313 1831 320 449
1313 1832 326 445
1313 1833 329 444
1313 1834 330 444
1313 1835 334 442
1313 1836 341 440
1313 1837 343 441
1313 1838 346 440
1313 1839 350 436
1313 1840 356 437
1313 1841 357 434
1313 1842 359 436
1313 1843 365 433
1313 1844 366 439
1349 1822 528 442
1349 1823 530 444
1349 1824 535 444
1349 1825 535 442
1349 1826 534 439
1349 1827 533 435
1349 1828 536 430
1349 1829 539 431
1349 1830 541 432
1349 1831 542 433
1349 1832 546 432
1349 1833 551 430
1349 1834 553 428
1349 1835 556 428
1349 1836 557 430
1349 1837 562 426
1349 1838 566 423
1349 1839 568 425
1349 1840 569 428
1349 1841 571 428
1349 1842 575 427
1349 1843 581 422
1349 1844 581 424
1349 1845 584 426
1349 1846 587 422
1349 1847 591 418
1349 1848 594 417
1349 1849 595 421
1349 1850 595 423
1349 1851 599 422
1349 1852 605 416
1349 1853 606 418
1349 1854 608 418
1349 1855 610 416
1349 1856 612 413
1349 1857 615 411
1349 1858 615 413
1349 1859 617 415
1349 1860 618 416
1349 1861 622 416
1368 1836 572 434
1368 1837 570 432
1368 1838 575 434
1368 1839 579 434
1368 1840 581 431
1368 1841 583 431
1368 1842 588 432
1368 1843 591 431
1368 1844 594 429
1368 1845 597 428
1368 1846 598 427
1368 1847 598 429
1368 1848 601 427
1368 1849 605 426
1368 1850 606 424
1368 1851 610 426
1368 1852 614 424
1368 1853 617 424
1368 1854 620 421
1368 1855 621 418
1368 1856 622 422
1368 1857 626 421
1368 1858 627 418
1368 1859 630 417
1368 1860 632 418
1368 1861 634 419
1368 1862 636 423
1368 1863 632 424
1368 1864 636 426
1368 1865 634 421
1368 1866 634 409
1368 1867 635 411
1368 1868 636 414
1368 1869 635 420
1651 2536 388 263
1651 2537 378 263
1651 2538 365 262
1651 2539 360 261
1651 2540 367 252
1651 2541 361 257
1651 2542 349 256
1651 2543 340 255
1651 2544 324 254
1651 2545 315 253
1651 2546 305 252
1651 2547 295 252
1651 2548 281 250
1651 2549 270 249
1651 2550 265 249
1651 2551 246 248
1651 2552 245 252
1651 2553 232 246
1660 2552 420 262
1660 2553 410 260
1660 2554 397 259
1660 2555 384 258
1660 2556 373 257
1660 2557 363 256
1660 2558 350 255
1660 2559 336 253
1660 2560 327 253
1660 2561 317 252
1660 2562 305 251
1660 2563 297 250
1660 2564 286 249
1660 2565 275 248
1660 2566 264 247
1660 2567 254 247
1743 2825 400 262
1743 2826 392 256
1743 2827 384 255
1743 2828 376 254
1743 2829 366 254
1743 2830 357 252
1743 2831 347 254
1743 2832 339 252
1743 2833 331 252
1743 2834 323 252
1743 2835 315 252
1743 2836 305 251
1743 2837 299 248
1743 2838 288 254
1743 2839 279 254
1743 2840 271 252
1743 2841 269 258
1759 2855 217 255
1759 2856 211 257
1759 2857 206 255
1759 2858 201 252
1759 2859 195 258
1759 2860 191 260
1759 2861 186 261
1759 2862 181 263
1759 2863 176 266
1759 2864 171 267
1759 2865 167 269
1759 2866 162 271
1759 2867 158 273
1759 2868 155 275
1759 2869 149 276
1759 2870 145 279
1759 2871 141 282
1759 2872 135 284
1759 2873 130 287
1759 2874 125 288
1759 2875 120 292
1759 2876 115 294
1759 2877 104 296
1759 2878 100 298
1759 2879 96 302
1759 2880 89 306
1759 2881 85 310
1759 2882 79 314
1795 2882 72 324
1795 2883 71 319
1795 2884 63 321
1795 2885 56 322
1795 2886 43 325
1795 2887 35 328
1795 2888 28 329
1795 2889 20 336
1795 2890 13 339
1795 2891 8 343
1795 2892 5 346
1892 3583 295 256
1892 3584 298 257
1892 3585 313 257
1892 3586 326 258
1892 3587 339 259
1892 3588 354 260
1892 3589 370 262
1892 3590 385 262
1892 3591 399 264
1892 3592 412 265
1892 3593 427 266
1892 3594 444 267
1892 3595 460 269
1892 3596 469 270
1892 3597 475 271
1892 3598 479 279
2206 4469 236 257
2206 4470 236 248
2206 4471 235 249
2206 4472 248 249
2206 4473 261 250
2206 4474 272 251
2206 4475 284 252
2206 4476 298 253
2206 4477 312 254
2206 4478 324 255
2206 4479 336 256
2206 4480 352 258
2206 4481 357 263
2261 4858 238 251
2261 4859 231 248
2261 4860 241 248
2261 4861 250 250
2261 4862 257 250
2261 4863 267 251
2261 4864 277 253
2261 4865 285 254
2261 4866 296 254
2261 4867 305 256
2261 4868 315 256
2261 4869 326 257
2261 4870 337 258
2261 4871 347 259
2261 4872 356 260
2261 4873 367 260
2261 4874 378 261
2261 4875 387 263
2261 4876 399 263
2261 4877 410 264
2261 4878 420 265
2261 4879 429 266
2261 4880 441 266
2261 4881 436 267
2382 5528 417 266
2382 5529 410 261
2382 5530 416 262
2382 5531 416 262
2382 5532 405 261
2382 5533 396 260
2382 5534 389 259
2382 5535 381 259
2382 5536 373 258
2382 5537 366 257
2382 5538 360 256
2382 5539 351 256
2382 5540 343 255
2382 5541 338 255
2382 5542 330 255
2382 5543 324 254
2382 5544 318 254
2382 5545 310 253
2382 5546 303 255
2382 5547 296 253
2382 5548 291 255
2382 5549 283 254
2382 5550 276 254
2382 5551 268 253
2382 5552 264 256
2382 5553 258 257
2382 5554 252 257
2382 5555 247 257
2382 5556 239 257
2382 5557 235 258
2382 5558 230 260
2382 5559 221 261
2382 5560 218 261
2382 5561 214 262
2382 5562 205 264
2382 5563 200 265
2382 5564 196 266
2382 5565 191 268
2382 5566 184 270
2382 5567 175 271
2382 5568 175 274
2382 5569 167 276
2382 5570 161 279
2382 5571 159 281
2403 5576 97 307
2403 5577 92 304
2403 5578 95 305
2403 5579 94 304
2403 5580 97 309
2403 5581 89 311
2403 5582 81 314
2403 5583 73 318
2403 5584 66 321
2403 5585 57 324
2403 5586 48 328
2403 5587 39 331
2403 5588 32 334
2403 5589 19 335
2403 5590 16 341
2403 5591 7 341
2403 5592 4 346
2498 6496 100 292
2498 6497 100 293
2498 6498 100 293
2498 6499 96 293
2498 6500 99 291
2498 6501 103 294
2498 6502 100 295
2498 6503 92 292
2498 6504 94 292
2498 6505 94 290
2498 6506 97 291
2498 6507 99 291
2498 6508 102 292
2498 6509 111 291
2498 6510 106 291
2498 6511 109 289
2498 6512 119 289
2498 6513 113 289
2498 6514 117 290
2498 6515 119 288
2498 6516 128 288
2498 6517 125 289
2498 6518 127 288
2498 6519 130 287
2498 6520 138 284
2498 6521 133 285
2498 6522 136 286
2498 6523 143 282
2498 6524 139 284
2498 6525 139 282
2498 6526 141 282
2498 6527 143 282
2498 6528 145 281
2498 6529 146 281
2498 6530 147 280
2498 6531 147 280
2498 6532 149 278
2498 6533 146 276
2498 6534 146 278
2498 6535 146 277
2498 6536 147 274
2498 6537 150 274
2498 6538 155 274
2498 6539 156 272
2498 6540 152 273
2498 6541 157 273
2498 6542 159 272
2498 6543 162 271
2498 6544 161 271
2498 6545 159 269
2498 6546 164 269
2498 6547 161 268
2498 6548 162 269
2498 6549 167 269
2498 6550 166 266
2498 6551 171 266
2498 6552 176 265
2498 6553 169 261
2498 6554 172 264
2498 6555 175 264
2498 6556 182 264
2498 6557 179 263
2498 6558 183 262
2498 6559 185 262
2498 6560 187 259
2498 6561 184 260
2958 8196 488 420
2958 8197 484 419
2958 8198 479 417
2958 8199 477 414
2958 8200 473 412
2958 8201 469 409
2958 8202 465 405
2958 8203 463 405
2958 8204 460 400
2958 8205 455 396
2958 8206 452 395
2958 8207 451 392
2958 8208 447 389
2958 8209 445 385
2958 8210 441 382
2958 8211 439 382
2958 8212 436 378
2958 8213 434 376
3008 8247 239 260
3008 8248 245 260
3008 8249 245 252
3008 8250 243 252
3008 8251 249 253
3008 8252 257 252
3008 8253 264 254
3008 8254 272 256
3008 8255 281 256
3008 8256 291 257
3008 8257 298 256
3008 8258 306 257
3008 8259 317 258
3008 8260 326 259
3008 8261 335 258
3008 8262 347 258
3008 8263 355 259
3008 8264 365 261
3008 8265 379 262
3008 8266 391 262
3008 8267 399 264
3008 8268 411 265
3008 8269 423 266
3008 8270 434 266
3008 8271 445 267
3008 8272 459 268
3008 8273 467 269
3008 8274 472 269
3008 8275 479 271
3008 8276 488 268
3272 8632 333 262
3272 8633 342 261
3272 8634 342 258
3272 8635 345 252
3272 8636 338 253
3272 8637 328 252
3272 8638 316 251
3272 8639 303 251
3272 8640 294 250
3272 8641 285 249
3272 8642 275 249
3272 8643 266 248
3272 8644 245 247
3272 8645 247 252
3444 9558 464 267
3444 9559 452 267
3444 9560 437 264
3444 9561 424 264
3444 9562 411 262
3444 9563 395 261
3444 9564 380 259
3444 9565 367 259
3444 9566 355 257
3444 9567 341 257
3444 9568 328 255
3444 9569 315 255
3444 9570 301 254
3444 9571 290 252
3444 9572 278 251
3444 9573 264 250
3444 9574 254 249
3444 9575 246 248
3451 9607 372 256
3451 9608 362 257
3451 9609 350 256
3451 9610 340 255
3451 9611 331 254
3451 9612 318 254
3451 9613 309 252
3451 9614 297 250
3451 9615 289 251
3451 9616 279 249
3451 9617 268 249
3451 9618 258 248
3451 9619 252 248
3451 9620 241 246
3451 9621 231 246
3451 9622 223 246
3515 9707 430 261
3515 9708 419 260
3515 9709 409 260
3515 9710 396 258
3515 9711 386 258
3515 9712 376 257
3515 9713 363 256
3515 9714 353 255
3515 9715 344 253
3515 9716 333 253
3515 9717 320 252
3515 9718 311 251
3515 9719 302 250
3515 9720 291 250
3515 9721 282 249
3515 9722 273 249
3515 9723 263 247
3515 9724 255 247
3515 9725 248 246
3521 9728 468 259
3521 9729 460 264
3521 9730 447 263
3521 9731 438 265
3521 9732 426 262
3521 9733 415 261
3521 9734 403 260
3521 9735 393 257
3521 9736 384 258
3521 9737 371 257
3521 9738 362 255
3521 9739 352 255
3521 9740 341 254
3521 9741 329 253
3521 9742 323 255
3802 11092 192 257
3802 11093 190 258
3802 11094 186 259
3802 11095 184 260
3802 11096 180 261
3802 11097 177 262
3802 11098 176 263
3802 11099 172 263
3802 11100 169 263
3802 11101 165 267
3802 11102 162 268
3802 11103 161 269
3802 11104 159 270
3802 11105 162 270
3802 11106 158 271
3802 11107 150 273
3802 11108 147 275
3802 11109 141 276
3802 11110 141 277
3802 11111 144 276
3802 11112 140 278
3802 11113 131 281
3802 11114 130 282
3802 11115 127 283
3802 11116 129 283
3802 11117 120 287
3802 11118 117 288
3802 11119 115 289
3802 11120 111 291
3802 11121 113 289
3802 11122 118 295
3814 11120 135 289
3814 11121 133 290
3814 11122 129 291
3814 11123 127 292
3814 11124 124 292
3814 11125 122 294
3814 11126 114 290
3814 11127 112 287
3814 11128 109 291
3814 11129 99 283
3814 11130 102 288
3814 11131 99 289
3814 11132 97 295
3814 11133 94 292
3814 11134 90 292
3814 11135 89 293
3814 11136 87 294
3814 11137 85 296
3814 11138 85 302
3814 11139 85 309
3814 11140 80 303
3814 11141 76 298
3814 11142 75 296
3814 11143 76 299
3814 11144 71 300
3814 11145 73 302
3814 11146 70 303
3814 11147 65 302
3814 11148 64 303
3814 11149 68 304
3814 11150 67 306
3814 11151 64 304
3814 11152 64 305
3814 11153 63 305
3814 11154 60 306
3814 11155 60 306
3814 11156 59 306
3814 11157 59 306
3814 11158 55 307
3814 11159 58 306
3814 11160 57 307
3814 11161 53 307
3814 11162 54 308
3814 11163 54 308
3814 11164 50 307
3814 11165 50 307
3814 11166 51 308
3814 11167 49 308
3814 11168 47 309
3814 11169 46 310
3814 11170 48 310
3814 11171 43 310
3814 11172 42 317
3814 11173 43 311
3814 11174 38 313
3814 11175 37 313
3998 11816 243 251
3998 11817 243 251
3998 11818 253 252
3998 11819 264 251
3998 11820 273 254
3998 11821 282 254
3998 11822 293 255
3998 11823 302 255
3998 11824 311 256
3998 11825 322 257
3998 11826 333 257
3998 11827 342 259
3998 11828 352 259
3998 11829 364 259
3998 11830 373 261
3998 11831 383 262
3998 11832 394 263
3998 11833 408 264
3998 11834 416 265
3998 11835 428 266
3998 11836 441 267
3998 11837 452 269
3998 11838 463 270
3998 11839 469 270
3998 11840 478 271
3998 11841 486 271
4183 12085 633 275
4183 12086 628 272
4183 12087 621 271
4183 12088 611 270
4183 12089 605 272
4183 12090 594 270
4183 12091 589 269
4183 12092 579 268
4183 12093 572 265
4183 12094 567 266
4183 12095 558 253
4185 12095 486 267
4185 12096 486 267
4185 12097 484 260
4185 12098 476 259
4185 12099 470 258
4185 12100 455 258
4185 12101 444 258
4185 12102 431 258
4185 12103 417 256
4185 12104 404 255
4185 12105 393 255
4185 12106 380 252
4185 12107 372 258
4344 12511 80 475
4344 12512 84 475
4344 12513 85 474
4344 12514 90 473
4344 12515 94 472
4344 12516 98 471
4344 12517 101 471
4344 12518 101 470
4344 12519 98 466
4344 12520 103 466
4344 12521 105 465
4344 12522 109 464
4344 12523 108 463
4344 12524 113 463
4344 12525 116 460
4344 12526 120 457
4344 12527 122 449
4344 12528 128 456
4344 12529 127 460
4344 12530 135 459
4344 12531 137 457
4344 12532 141 456
4344 12533 143 454
4344 12534 148 452
4344 12535 148 453
4344 12536 139 452
4344 12537 142 449
4344 12538 140 451
4344 12539 145 447
4344 12540 145 446
4344 12541 148 446
4344 12542 147 451
4344 12543 145 448
4370 12575 291 420
4370 12576 292 416
4370 12577 294 416
4370 12578 298 414
4370 12579 304 412
4370 12580 308 412
4370 12581 310 414
4370 12582 315 411
4370 12583 319 409
4370 12584 323 411
4370 12585 327 409
4370 12586 330 409
4370 12587 337 408
4370 12588 338 409
4370 12589 341 408
4370 12590 346 407
4370 12591 352 406
4370 12592 355 405
4370 12593 356 407
4370 12594 363 404
4370 12595 368 404
4370 12596 369 403
4370 12597 372 405
4370 12598 378 401
4370 12599 380 403
4370 12600 383 402
4370 12601 388 401
4370 12602 393 400
4370 12603 395 399
4370 12604 394 399
4503 12962 133 280
4503 12963 130 281
4503 12964 131 284
4503 12965 126 284
4503 12966 122 288
4503 12967 120 290
4503 12968 118 290
4503 12969 120 293
4503 12970 117 295
4503 12971 114 296
4503 12972 109 297
4503 12973 108 297
4503 12974 105 299
4503 12975 101 301
4503 12976 99 304
4503 12977 94 306
4503 12978 89 308
4503 12979 86 308
4503 12980 81 308
4503 12981 80 310
4503 12982 76 313
4503 12983 72 315
4503 12984 63 313
4503 12985 63 318
4503 12986 60 318
4503 12987 57 321
4503 12988 45 322
4503 12989 42 322
4503 12990 40 323
4503 12991 39 325
4503 12992 30 328