21 10 251 427
21 11 256 423
21 12 258 420
21 13 263 424
21 14 264 425
21 15 267 426
21 16 269 427
21 17 270 425
21 18 272 428
21 19 273 428
21 20 274 429
21 21 278 432
21 22 279 430
21 23 281 436
21 24 283 435
21 25 285 436
21 26 290 439
21 27 291 441
21 28 292 441
21 29 298 442
21 30 300 442
21 31 302 444
21 32 305 445
21 33 308 445
21 34 310 448
21 35 312 445
21 36 313 451
21 37 317 450
21 38 321 452
21 39 324 453
21 40 326 453
21 41 327 454
21 42 331 457
21 43 333 458
21 44 338 460
21 45 341 460
21 46 345 460
21 47 347 461
21 48 350 462
21 49 351 463
21 50 354 461
21 51 357 463
21 52 358 467
21 53 363 465
21 54 366 465
21 55 370 465
21 56 375 467
21 57 379 467
21 58 381 467
21 59 383 469
21 60 384 469
21 61 388 469
21 62 393 470
21 63 395 470
21 64 401 471
21 65 404 471
21 66 407 471
21 67 408 472
21 68 412 473
21 69 418 474
21 70 421 474
21 71 422 475
21 72 427 475
21 73 431 475
21 74 434 476
81 60 122 289
81 61 121 286
81 62 117 289
81 63 114 290
81 64 110 292
81 65 107 294
81 66 103 296
81 67 99 298
81 68 97 299
81 69 97 300
81 70 88 304
81 71 82 307
81 72 79 308
81 73 74 311
81 74 69 312
81 75 67 315
81 76 67 315
81 77 60 318
81 78 67 316
81 79 70 318
83 61 156 424
83 62 152 424
83 63 147 425
83 64 146 428
83 65 144 429
83 66 142 430
83 67 140 426
83 68 140 432
83 69 138 435
83 70 132 435
83 71 130 436
83 72 125 439
83 73 124 439
83 74 121 440
83 75 120 436
83 76 119 444
83 77 115 445
83 78 112 448
83 79 108 444
83 80 105 449
83 81 101 451
83 82 101 453
83 83 98 456
83 84 93 457
83 85 92 456
83 86 87 459
83 87 85 460
83 88 82 464
83 89 77 463
83 90 76 462
83 91 76 466
83 92 73 465
83 93 69 466
83 94 62 466
83 95 60 467
83 96 59 468
83 97 56 469
83 98 55 469
83 99 53 469
83 100 50 473
83 101 48 471
83 102 46 475
83 103 40 473
83 104 33 475
196 127 300 256
196 128 305 256
196 129 312 258
196 130 321 257
196 131 329 259
196 132 335 259
196 133 344 259
196 134 349 260
196 135 355 260
196 136 361 261
196 137 367 261
196 138 373 262
196 139 377 262
196 140 381 262
196 141 385 263
196 142 389 263
196 143 390 264
196 144 393 264
196 145 402 265
196 146 405 264
196 147 413 264
196 148 410 265
196 149 415 266
196 150 416 266
196 151 419 266
196 152 416 265
196 153 424 265
196 154 421 267
196 155 429 268
196 156 433 267
196 157 435 267
196 158 438 268
196 159 438 267
196 160 440 267
196 161 437 267
196 162 442 267
196 163 441 268
196 164 448 268
196 165 456 270
196 166 457 269
196 167 450 270
196 168 443 268
281 178 313 336
281 179 311 339
281 180 312 340
281 181 312 341
281 182 314 343
281 183 316 342
281 184 317 344
281 185 318 345
281 186 320 346
281 187 318 347
281 188 322 346
281 189 324 347
281 190 325 349
281 191 327 349
281 192 327 348
281 193 328 350
281 194 330 352
281 195 333 352
281 196 335 352
281 197 335 354
281 198 337 354
281 199 339 354
281 200 339 358
281 201 343 356
281 202 343 358
281 203 345 358
281 204 348 358
281 205 349 359
281 206 350 361
281 207 353 360
281 208 355 363
281 209 358 364
281 210 359 364
281 211 361 365
281 212 364 366
281 213 366 368
281 214 366 368
281 215 367 368
281 216 370 370
281 217 372 371
281 218 374 372
281 219 372 374
714 602 412 381
714 603 408 379
714 604 408 380
714 605 411 379
714 606 413 380
714 607 416 384
714 608 419 379
714 609 423 377
714 610 422 384
714 611 424 385
714 612 425 386
714 613 428 387
714 614 431 386
714 615 433 386
714 616 432 391
714 617 437 387
714 618 437 390
714 619 439 391
714 620 441 388
714 621 443 394
714 622 446 394
714 623 451 392
714 624 451 395
714 625 451 397
714 626 452 400
714 627 455 398
714 628 460 399
714 629 466 399
714 630 464 402
714 631 464 402
714 632 469 404
714 633 467 405
714 634 466 399
839 800 5 475
839 801 8 475
839 802 9 475
839 803 16 475
839 804 22 475
839 805 26 474
839 806 32 475
839 807 37 474
839 808 42 474
839 809 47 473
839 810 49 474
839 811 54 474
839 812 62 473
839 813 67 474
839 814 71 474
839 815 75 473
839 816 80 473
839 817 85 473
839 818 90 472
839 819 97 472
839 820 102 472
839 821 105 472
839 822 111 471
839 823 115 471
839 824 120 471
839 825 126 471
839 826 130 470
839 827 137 470
839 828 142 470
839 829 148 469
839 830 153 469
839 831 157 469
839 832 162 469
839 833 166 469
839 834 172 468
839 835 177 468
839 836 179 468
839 837 185 467
839 838 191 467
839 839 197 467
839 840 206 467
839 841 209 466
839 842 214 466
839 843 221 466
839 844 223 466
839 845 229 465
839 846 237 465
839 847 240 464
839 848 245 464
839 849 252 463
839 850 254 463
839 851 262 463
839 852 267 463
839 853 272 463
839 854 274 463
839 855 274 466
863 840 226 289
863 841 226 291
863 842 228 290
863 843 230 288
863 844 229 288
863 845 235 286
863 846 236 288
863 847 237 285
863 848 237 285
863 849 241 285
863 850 243 285
863 851 244 284
863 852 246 284
863 853 248 284
863 854 252 283
863 855 251 284
863 856 254 283
863 857 255 283
863 858 259 282
863 859 258 282
863 860 258 286
863 861 262 281
863 862 266 281
863 863 267 282
863 864 268 283
863 865 270 281
863 866 272 280
863 867 274 280
863 868 276 280
863 869 277 279
863 870 279 280
863 871 280 279
863 872 283 279
863 873 285 279
863 874 288 278
863 875 288 278
863 876 290 278
863 877 293 278
863 878 294 277
863 879 296 277
863 880 297 277
863 881 299 277
863 882 301 277
863 883 303 276
863 884 304 276
863 885 307 276
863 886 307 276
863 887 308 275
863 888 310 275
863 889 312 274
863 890 312 277
863 891 315 274
863 892 316 274
863 893 318 273
863 894 319 276
867 855 283 462
867 856 290 462
867 857 289 462
867 858 295 462
867 859 302 462
867 860 306 461
867 861 310 461
867 862 316 460
867 863 321 460
867 864 327 460
867 865 330 460
867 866 334 459
867 867 342 458
867 868 347 457
867 869 351 456
867 870 354 455
867 871 361 455
867 872 366 454
867 873 371 453
867 874 377 453
867 875 381 452
867 876 386 450
867 877 390 450
867 878 393 449
867 879 398 448
867 880 403 448
867 881 408 446
867 882 413 446
867 883 416 446
867 884 423 443
867 885 426 444
867 886 431 443
867 887 433 442
867 888 440 441
867 889 443 440
867 890 445 443
867 891 449 440
867 892 457 439
867 893 460 438
867 894 463 437
867 895 473 436
867 896 477 437
867 897 480 435
867 898 484 435
867 899 490 434
867 900 493 433
867 901 497 432
867 902 499 432
867 903 504 432
867 904 509 430
867 905 513 429
867 906 516 429
867 907 520 428
867 908 527 426
867 909 530 426
867 910 533 425
867 911 537 424
867 912 542 422
867 913 543 423
867 914 547 422
867 915 547 422
932 969 174 318
932 970 177 315
932 971 181 316
932 972 181 315
932 973 183 318
932 974 186 319
932 975 186 320
932 976 188 320
932 977 190 321
932 978 189 321
932 979 190 322
932 980 192 320
932 981 193 324
932 982 195 321
932 983 195 325
932 984 197 327
932 985 198 328
932 986 200 325
932 987 201 329
932 988 201 331
932 989 203 331
932 990 204 332
932 991 205 333
932 992 205 334
932 993 207 330
932 994 209 333
932 995 210 334
932 996 211 338
932 997 211 340
932 998 214 341
932 999 216 341
932 1000 216 342
932 1001 218 344
932 1002 219 347
932 1003 220 345
932 1004 221 346
932 1005 222 345
932 1006 224 348
932 1007 225 348
932 1008 225 349
932 1009 227 351
932 1010 229 353
932 1011 229 353
932 1012 231 355
932 1013 234 354
932 1014 236 357
932 1015 236 358
932 1016 237 357
932 1017 238 359
932 1018 240 362
932 1019 241 361
932 1020 244 362
932 1021 246 364
932 1022 246 366
932 1023 248 366
932 1024 250 369
932 1025 252 370
932 1026 255 370
932 1027 256 372
932 1028 256 372
932 1029 258 374
932 1030 262 375
932 1031 261 376
932 1032 264 377
932 1033 268 378
932 1034 268 380
932 1035 271 381
932 1036 271 379
932 1037 272 383
932 1038 275 386
932 1039 278 386
932 1040 280 387
932 1041 281 390
932 1042 283 388
932 1043 284 392
932 1044 286 393
932 1045 287 395
932 1046 290 396
932 1047 293 397
932 1048 295 400
932 1049 298 400
932 1050 299 401
932 1051 300 402
932 1052 302 405
932 1053 305 405
932 1054 309 401
976 1054 310 417
976 1055 311 410
976 1056 311 410
976 1057 315 412
976 1058 317 414
976 1059 319 414
976 1060 323 414
976 1061 324 417
976 1062 327 422
976 1063 329 420
976 1064 331 424
976 1065 332 426
976 1066 334 428
976 1067 337 430
976 1068 341 432
976 1069 343 434
976 1070 345 434
976 1071 347 437
976 1072 348 438
976 1073 350 439
976 1074 353 440
976 1075 357 443
976 1076 360 446
976 1077 363 447
976 1078 364 451
976 1079 366 450
976 1080 370 453
976 1081 374 455
976 1082 379 457
976 1083 381 457
976 1084 382 460
976 1085 384 463
976 1086 386 463
976 1087 391 464
976 1088 397 466
976 1089 400 467
976 1090 401 468
976 1091 403 468
976 1092 404 468
976 1093 408 470
976 1094 416 471
976 1095 419 473
976 1096 422 474
976 1097 427 474
976 1098 429 474
1181 1244 192 441
1181 1245 196 436
1181 1246 194 436
1181 1247 193 442
1181 1248 191 441
1181 1249 187 442
1181 1250 187 445
1181 1251 184 445
1181 1252 182 446
1181 1253 181 447
1181 1254 180 451
1181 1255 179 448
1181 1256 175 450
1181 1257 173 453
1181 1258 173 456
1181 1259 167 457
1181 1260 165 457
1181 1261 163 462
1181 1262 158 463
1181 1263 156 462
1181 1264 154 464
1181 1265 150 464
1181 1266 152 464
1181 1267 145 466
1181 1268 143 468
1181 1269 141 468
1181 1270 141 465
1373 1432 6 355
1373 1433 8 353
1373 1434 8 352
1373 1435 11 352
1373 1436 13 351
1373 1437 15 349
1373 1438 17 345
1373 1439 19 346
1373 1440 21 342
1373 1441 23 343
1373 1442 26 341
1373 1443 31 339
1373 1444 32 338
1373 1445 34 338
1373 1446 36 337
1373 1447 40 338
1373 1448 43 338
1373 1449 45 338
1373 1450 47 337
1373 1451 49 337
1373 1452 52 336
1373 1453 56 336
1373 1454 57 339
1373 1455 59 334
1373 1456 63 332
1373 1457 65 333
1373 1458 67 330
1373 1459 69 330
1373 1460 70 324
1373 1461 73 327
1373 1462 75 327
1373 1463 76 326
1373 1464 79 321
1373 1465 80 320
1373 1466 83 319
1373 1467 86 319
1373 1468 89 318
1373 1469 91 317
1373 1470 93 316
1373 1471 94 318
1373 1472 96 317
1373 1473 97 316
1373 1474 101 316
1373 1475 104 315
1373 1476 106 313
1373 1477 108 314
1373 1478 109 312
1373 1479 112 312
1373 1480 114 309
1373 1481 116 310
1373 1482 118 309
1373 1483 120 308
1373 1484 122 307
1373 1485 123 307
1373 1486 125 305
1373 1487 128 304
1373 1488 131 303
1373 1489 132 304
1373 1490 134 302
1373 1491 136 300
1373 1492 138 301
1373 1493 141 299
1373 1494 143 299
1373 1495 143 301
1373 1496 146 300
1373 1497 147 298
1373 1498 149 295
1373 1499 151 295
1373 1500 153 293
1373 1501 155 292
1373 1502 156 292
1373 1503 158 290
1373 1504 161 290
1373 1505 162 290
1373 1506 164 290
1373 1507 167 289
1373 1508 170 290
1373 1509 171 289
1373 1510 173 287
1373 1511 173 289
1373 1512 176 289
1373 1513 179 288
1373 1514 179 287
1373 1515 182 285
1373 1516 184 286
1373 1517 186 285
1373 1518 187 284
1373 1519 188 284
1373 1520 190 283
1373 1521 192 283
1373 1522 194 282
1373 1523 196 282
1373 1524 197 282
1373 1525 200 282
1373 1526 201 279
1373 1527 203 280
1373 1528 206 281
1373 1529 206 279
1373 1530 206 279
1373 1531 210 278
1373 1532 211 276
1373 1533 214 277
1373 1534 218 276
1373 1535 217 274
1373 1536 218 276
1373 1537 219 274
1373 1538 223 274
1373 1539 224 273
1373 1540 226 274
1373 1541 227 271
1373 1542 230 272
1373 1543 232 273
1373 1544 234 271
1373 1545 235 272
1373 1546 238 271
1373 1547 239 270
1373 1548 242 271
1373 1549 244 270
1373 1550 246 270
1373 1551 247 270
1373 1552 249 269
1373 1553 251 269
1373 1554 253 268
1373 1555 256 265
1373 1556 257 267
1373 1557 259 268
1373 1558 259 267
1373 1559 260 266
1373 1560 262 266
1373 1561 266 265
1373 1562 267 263
1373 1563 268 264
1373 1564 270 262
1373 1565 272 264
1373 1566 275 263
1373 1567 276 263
1373 1568 276 263
1373 1569 278 258
1544 1549 436 393
1544 1550 434 390
1544 1551 438 397
1544 1552 435 391
1544 1553 441 397
1544 1554 439 392
1544 1555 440 393
1544 1556 441 390
1544 1557 443 393
1544 1558 445 397
1544 1559 446 395
1544 1560 449 394
1544 1561 450 396
1544 1562 451 394
1544 1563 455 397
1544 1564 458 399
1544 1565 458 401
1544 1566 461 399
1544 1567 463 401
1544 1568 463 400
1544 1569 467 404
1544 1570 469 404
1544 1571 471 405
1544 1572 473 403
1544 1573 475 406
1544 1574 477 408
1544 1575 478 409
1544 1576 480 409
1544 1577 483 411
1544 1578 483 410
1544 1579 486 413
1544 1580 488 413
1544 1581 487 413
1544 1582 491 413
1544 1583 493 415
1544 1584 494 415
1544 1585 498 416
1544 1586 500 416
1544 1587 501 418
1544 1588 503 418
1544 1589 506 419
1544 1590 507 420
1544 1591 508 422
1544 1592 511 420
1544 1593 515 419
1645 1688 633 474
1645 1689 630 475
1645 1690 629 474
1645 1691 626 473
1645 1692 622 472
1645 1693 619 471
1645 1694 616 470
1645 1695 613 470
1645 1696 609 470
1645 1697 605 469
1645 1698 600 468
1645 1699 597 468
1645 1700 597 470
1645 1701 588 467
1645 1702 589 466
1645 1703 586 466
1645 1704 582 465
1645 1705 579 465
1645 1706 570 464
1645 1707 571 457
1645 1708 566 463
1645 1709 568 464
1645 1710 561 462
1645 1711 559 461
1645 1712 557 461
1645 1713 553 460
1645 1714 545 459
1645 1715 545 453
1645 1716 539 458
1645 1717 536 457
1645 1718 533 463
1672 1718 540 447
1672 1719 534 453
1672 1720 526 454
1672 1721 528 454
1672 1722 518 451
1672 1723 517 450
1672 1724 512 450
1672 1725 511 445
1672 1726 508 447
1672 1727 509 446
1672 1728 502 445
1672 1729 498 443
1672 1730 494 440
1672 1731 492 438
1672 1732 490 440
1672 1733 489 439
1672 1734 485 437
1672 1735 487 430
1672 1736 479 437
1672 1737 477 435
1672 1738 475 433
1672 1739 468 432
1672 1740 467 434
1672 1741 465 432
1672 1742 462 430
1672 1743 458 433
1672 1744 456 428
1672 1745 453 426
1672 1746 451 420
1672 1747 450 416
1672 1748 447 416
1710 1746 442 435
1710 1747 440 434
1710 1748 442 431
1710 1749 443 423
1710 1750 440 423
1710 1751 438 421
1710 1752 432 421
1710 1753 429 419
1710 1754 429 416
1710 1755 421 416
1710 1756 417 416
1710 1757 417 421
1710 1758 415 414
1710 1759 409 413
1710 1760 406 412
1710 1761 405 409
1710 1762 400 410
1710 1763 396 409
1710 1764 392 408
1710 1765 392 409
1710 1766 389 407
1710 1767 391 407
1710 1768 383 405
1710 1769 382 405
1710 1770 379 404
1710 1771 373 401
1710 1772 372 408
1710 1773 370 403
1710 1774 367 399
1710 1775 365 407
1710 1776 361 397
1710 1777 360 397
1710 1778 355 394
1710 1779 354 390
1710 1780 350 393
1710 1781 351 389
1710 1782 348 391
1710 1783 343 397
1710 1784 340 389
1710 1785 341 388
1710 1786 340 389
1710 1787 335 386
1710 1788 333 390
1710 1789 330 386
1710 1790 328 386
1710 1791 326 383
1710 1792 321 383
1710 1793 322 379
1710 1794 319 381
1710 1795 315 379
1710 1796 311 381
1710 1797 310 380
1710 1798 310 380
1710 1799 307 377
1710 1800 303 375
1710 1801 302 377
1710 1802 299 374
1710 1803 295 372
1710 1804 294 368
1710 1805 293 372
1710 1806 291 371
1710 1807 288 370
1710 1808 284 370
1710 1809 283 366
1710 1810 281 369
1710 1811 276 368
1710 1812 273 363
1710 1813 271 367
1710 1814 269 365
1710 1815 267 364
1710 1816 264 364
1710 1817 262 363
1710 1818 260 362
1710 1819 258 360
1710 1820 253 356
1710 1821 255 360
1710 1822 252 359
1710 1823 251 364
1760 1800 199 421
1760 1801 192 421
1760 1802 191 420
1760 1803 186 420
1760 1804 186 420
1760 1805 182 419
1760 1806 175 420
1760 1807 172 414
1760 1808 167 419
1760 1809 166 412
1760 1810 165 418
1760 1811 158 417
1760 1812 153 417
1760 1813 148 418
1760 1814 145 412
1760 1815 144 417
1760 1816 137 417
1760 1817 136 417
1760 1818 132 416
1760 1819 129 415
1760 1820 123 415
1760 1821 120 415
1760 1822 118 415
1760 1823 115 415
1760 1824 113 414
1760 1825 108 414
1760 1826 107 413
1760 1827 99 412
1760 1828 96 408
1760 1829 98 413
1760 1830 93 411
1760 1831 91 410
1760 1832 88 411
1760 1833 85 409
1760 1834 78 408
1760 1835 76 408
1760 1836 73 409
1760 1837 72 408
1760 1838 67 402
1760 1839 65 406
1760 1840 63 408
1760 1841 64 415
1795 1851 201 331
1795 1852 197 332
1795 1853 198 337
1795 1854 197 338
1795 1855 196 336
1795 1856 194 334
1795 1857 193 334
1795 1858 191 332
1795 1859 189 333
1795 1860 186 333
1795 1861 184 332
1795 1862 183 331
1795 1863 183 330
1795 1864 182 328
1795 1865 180 330
1795 1866 177 329
1795 1867 175 327
1795 1868 174 326
1795 1869 171 329
1795 1870 172 324
1795 1871 170 327
1795 1872 171 331
1795 1873 168 327
1795 1874 165 325
1795 1875 162 323
1795 1876 161 321
1795 1877 158 322
1795 1878 157 320
1795 1879 155 320
1795 1880 153 320
1795 1881 150 320
1795 1882 149 319
1795 1883 148 318
1795 1884 145 317
1795 1885 143 317
1795 1886 143 317
1795 1887 142 315
1795 1888 141 316
1795 1889 139 315
1795 1890 137 315
1795 1891 134 314
1795 1892 131 315
1795 1893 131 312
1795 1894 130 313
1795 1895 129 313
1795 1896 129 312
1795 1897 126 311
1806 1861 339 263
1806 1862 337 267
1806 1863 336 266
1806 1864 333 269
1806 1865 332 268
1806 1866 332 269
1806 1867 330 268
1806 1868 330 271
1806 1869 328 269
1806 1870 328 271
1806 1871 325 270
1806 1872 324 271
1806 1873 322 271
1806 1874 322 271
1806 1875 320 273
1806 1876 319 272
1806 1877 317 271
1806 1878 315 273
1806 1879 315 269
1806 1880 314 273
1806 1881 311 272
1806 1882 309 271
1806 1883 308 274
1806 1884 305 274
1806 1885 305 275
1806 1886 303 275
1806 1887 302 269
1806 1888 301 274
1806 1889 300 275
1806 1890 298 276
1806 1891 296 276
1806 1892 296 273
1806 1893 294 276
1806 1894 292 277
1806 1895 290 276
1806 1896 289 277
1806 1897 288 277
1806 1898 286 279
1806 1899 286 278
1806 1900 283 278
1806 1901 281 278
1806 1902 281 279
1806 1903 279 280
1806 1904 279 280
1806 1905 276 279
1806 1906 275 280
1806 1907 273 280
1806 1908 272 280
1806 1909 270 281
1806 1910 269 280
1806 1911 267 281
1806 1912 266 283
1806 1913 264 282
1806 1914 263 282
1806 1915 261 280
1806 1916 260 283
1806 1917 258 282
1806 1918 255 284
1806 1919 256 282
1806 1920 254 284
1806 1921 252 286
1806 1922 251 284
1806 1923 250 285
1806 1924 248 284
1806 1925 244 285
1806 1926 243 280
1806 1927 241 285
1806 1928 240 285
1806 1929 238 285
1806 1930 236 286
1806 1931 235 287
1806 1932 233 286
1806 1933 231 286
1806 1934 229 282
1806 1935 227 280
1836 1898 141 286
1836 1899 141 286
1836 1900 147 285
1836 1901 148 282
1836 1902 150 284
1836 1903 153 282
1836 1904 156 282
1836 1905 157 280
1836 1906 159 279
1836 1907 160 279
1836 1908 163 277
1836 1909 163 277
1836 1910 165 275
1836 1911 166 274
1836 1912 168 273
1836 1913 169 272
1836 1914 171 272
1836 1915 171 271
1836 1916 172 271
1836 1917 175 269
1836 1918 177 266
1836 1919 178 268
1836 1920 180 267
1836 1921 181 264
1836 1922 183 266
1836 1923 185 265
1836 1924 190 261
1836 1925 192 263
1836 1926 194 260
1836 1927 194 261
1836 1928 200 263
1862 1920 630 448
1862 1921 634 441
1862 1922 631 440
1862 1923 627 440
1862 1924 622 438
1862 1925 621 430
1862 1926 618 436
1862 1927 611 434
1862 1928 608 430
1862 1929 606 429
1862 1930 602 427
1862 1931 599 425
1862 1932 594 424
1862 1933 590 424
1862 1934 588 423
1862 1935 587 421
1862 1936 583 418
1862 1937 579 417
1862 1938 576 413
1862 1939 571 413
1862 1940 577 415
1885 1940 567 418
1885 1941 565 412
1885 1942 567 412
1885 1943 562 408
1885 1944 556 407
1885 1945 552 403
1885 1946 552 402
1885 1947 545 403
1885 1948 542 401
1885 1949 540 399
1885 1950 542 397
1885 1951 534 397
1885 1952 530 394
1885 1953 525 392
1885 1954 523 389
1885 1955 525 392
1885 1956 518 387
1885 1957 515 388
1885 1958 514 384
1885 1959 508 384
1885 1960 512 382
1955 2024 374 308
1955 2025 374 312
1955 2026 374 307
1955 2027 372 306
1955 2028 370 304
1955 2029 368 304
1955 2030 366 303
1955 2031 364 302
1955 2032 364 301
1955 2033 362 301
1955 2034 360 300
1955 2035 359 299
1955 2036 356 296
1955 2037 355 298
1955 2038 354 298
1955 2039 353 296
1955 2040 352 295
1955 2041 350 295
1955 2042 347 295
1955 2043 346 293
1955 2044 343 293
1955 2045 342 293
1955 2046 342 292
1955 2047 341 291
1955 2048 338 290
1955 2049 336 290
1955 2050 334 289
1955 2051 333 288
1955 2052 331 288
1955 2053 331 291
1955 2054 328 287
1955 2055 325 286
1955 2056 325 286
1955 2057 322 285
1955 2058 320 284
1955 2059 319 284
1955 2060 318 283
1955 2061 314 281
1955 2062 315 283
1955 2063 313 281
1955 2064 310 281
1955 2065 308 280
1955 2066 306 280
1955 2067 305 279
1955 2068 307 279
2087 2143 585 354
2087 2144 587 349
2087 2145 588 345
2087 2146 587 350
2087 2147 583 350
2087 2148 583 349
2087 2149 581 347
2087 2150 579 349
2087 2151 576 349
2087 2152 572 352
2087 2153 572 349
2087 2154 568 353
2087 2155 567 353
2087 2156 563 352
2087 2157 559 353
2087 2158 560 352
2087 2159 557 353
2087 2160 552 352
2087 2161 549 351
2087 2162 546 351
2087 2163 544 351
2087 2164 541 351
2087 2165 539 351
2087 2166 535 350
2087 2167 532 350
2087 2168 530 349
2087 2169 528 346
2087 2170 525 349
2087 2171 524 347
2087 2172 521 349
2087 2173 518 347
2087 2174 513 348
2087 2175 511 348
2087 2176 510 348
2087 2177 505 346
2087 2178 505 342
2087 2179 501 346
2087 2180 498 343
2087 2181 496 346
2087 2182 493 346
2087 2183 490 344
2087 2184 486 344
2087 2185 486 342
2087 2186 482 342
2087 2187 477 341
2087 2188 474 341
2087 2189 472 341
2087 2190 470 342
2087 2191 469 341
2087 2192 466 341
2087 2193 463 340
2087 2194 460 340
2087 2195 456 340
2087 2196 454 338
2087 2197 450 339
2087 2198 449 339
2087 2199 445 338
2087 2200 444 338
2087 2201 439 337
2087 2202 436 336
2087 2203 434 336
2087 2204 432 336
2087 2205 428 335
2087 2206 425 335
2087 2207 424 335
2087 2208 421 334
2087 2209 418 333
2087 2210 415 333
2087 2211 415 335
2087 2212 412 335
2087 2213 406 333
2087 2214 406 332
2087 2215 404 332
2087 2216 399 332
2087 2217 396 331
2087 2218 394 331
2087 2219 393 332
2087 2220 390 331
2087 2221 388 330
2087 2222 384 329
2087 2223 380 328
2087 2224 377 329
2087 2225 377 328
2087 2226 374 327
2087 2227 369 327
2087 2228 369 326
2087 2229 366 325
2087 2230 364 325
2087 2231 361 325
2087 2232 361 324
2087 2233 357 325
2087 2234 354 324
2087 2235 353 323
2087 2236 351 321
2087 2237 346 319
2087 2238 344 322
2087 2239 342 322
2087 2240 338 320
2087 2241 335 321
2087 2242 335 321
2087 2243 333 318
2087 2244 328 319
2087 2245 326 320
2087 2246 325 319
2087 2247 323 319
2087 2248 318 317
2087 2249 318 318
2087 2250 314 318
2087 2251 312 317
2087 2252 309 316
2087 2253 307 315
2087 2254 307 315
2087 2255 305 315
2087 2256 302 314
2087 2257 299 313
2087 2258 296 314
2087 2259 295 313
2087 2260 293 313
2087 2261 289 311
2087 2262 289 311
2087 2263 287 312
2087 2264 284 311
2087 2265 281 311
2087 2266 281 310
2087 2267 278 310
2087 2268 277 309
2087 2269 275 310
2087 2270 273 308
2087 2271 272 307
2087 2272 268 307
2087 2273 266 306
2087 2274 265 306
2087 2275 265 303
2087 2276 260 307
2087 2277 258 305
2087 2278 256 305
2087 2279 254 304
2087 2280 253 304
2087 2281 250 304
2087 2282 249 303
2087 2283 247 303
2087 2284 247 303
2087 2285 243 301
2087 2286 241 302
2087 2287 237 301
2087 2288 237 297
2087 2289 236 300
2087 2290 233 298
2087 2291 232 299
2087 2292 229 298
2087 2293 227 298
2087 2294 225 297
2087 2295 224 296
2087 2296 223 298
2087 2297 220 298
2087 2298 220 298
2087 2299 218 297
2087 2300 213 297
2087 2301 213 298
2087 2302 211 297
2087 2303 209 292
2087 2304 208 296
2087 2305 204 291
2087 2306 204 292
2087 2307 205 291
2087 2308 196 290
2261 2540 164 265
2261 2541 165 263
2261 2542 165 263
2261 2543 166 263
2261 2544 170 263
2261 2545 171 263
2261 2546 171 263
2261 2547 174 263
2261 2548 178 263
2261 2549 178 264
2261 2550 178 263
2261 2551 179 263
2261 2552 181 263
2261 2553 183 261
2261 2554 186 264
2261 2555 186 263
2261 2556 187 263
2261 2557 187 264
2261 2558 188 263
2261 2559 191 264
2261 2560 196 259
2261 2561 193 265
2261 2562 195 264
2261 2563 196 265
2261 2564 197 263
2261 2565 198 265
2261 2566 200 265
2261 2567 204 268
2261 2568 203 268
2261 2569 204 268
2261 2570 205 268
2261 2571 209 265
2261 2572 210 267
2261 2573 211 266
2261 2574 213 267
2261 2575 214 267
2261 2576 217 267
2261 2577 219 267
2261 2578 222 269
2261 2579 222 268
2261 2580 222 269
2261 2581 224 267
2261 2582 226 267
2261 2583 227 268
2261 2584 227 268
2261 2585 229 268
2261 2586 233 270
2261 2587 232 271
2261 2588 234 269
2261 2589 236 270
2261 2590 237 270
2261 2591 241 270
2261 2592 242 270
2261 2593 245 270
2261 2594 243 271
2261 2595 245 271
2261 2596 246 271
2261 2597 250 271
2261 2598 251 271
2261 2599 253 271
2261 2600 255 271
2261 2601 256 271
2261 2602 258 271
2261 2603 258 271
2261 2604 262 271
2261 2605 262 272
2261 2606 264 271
2261 2607 266 271
2261 2608 269 271
2261 2609 270 272
2261 2610 270 272
2261 2611 272 272
2261 2612 274 272
2261 2613 275 272
2261 2614 276 272
2261 2615 279 273
2261 2616 283 272
2261 2617 282 274
2261 2618 282 273
2261 2619 285 273
2261 2620 288 274
2261 2621 289 274
2261 2622 291 274
2261 2623 292 274
2261 2624 294 274
2261 2625 295 275
2261 2626 296 275
2261 2627 299 275
2261 2628 300 274
2261 2629 301 275
2261 2630 304 275
2261 2631 306 275
2261 2632 309 274
2261 2633 309 276
2261 2634 312 275
2261 2635 314 276
2261 2636 315 276
2261 2637 318 277
2261 2638 321 276
2261 2639 320 275
2261 2640 322 276
2261 2641 323 276
2261 2642 328 277
2261 2643 329 277
2261 2644 330 275
2261 2645 333 277
2261 2646 333 277
2261 2647 334 278
2261 2648 334 278
2261 2649 337 278
2261 2650 341 278
2261 2651 343 279
2261 2652 345 278
2261 2653 348 279
2261 2654 349 279
2261 2655 350 278
2261 2656 352 278
2261 2657 355 278
2261 2658 356 278
2261 2659 357 280
2261 2660 358 280
2261 2661 362 280
2261 2662 363 280
2261 2663 365 280
2261 2664 369 281
2261 2665 371 280
2261 2666 370 281
2261 2667 372 281
2261 2668 374 281
2261 2669 377 281
2261 2670 378 281
2261 2671 378 281
2261 2672 380 281
2261 2673 385 281
2261 2674 385 281
2261 2675 386 281
2261 2676 389 281
2261 2677 392 282
2261 2678 394 282
2261 2679 395 283
2261 2680 397 282
2261 2681 399 283
2261 2682 401 281
2261 2683 402 281
2261 2684 406 281
2261 2685 406 282
2261 2686 407 283
2261 2687 410 282
2261 2688 412 283
2261 2689 415 283
2261 2690 414 282
2261 2691 416 283
2261 2692 418 283
2261 2693 420 285
2261 2694 420 283
2261 2695 423 284
2261 2696 426 283
2261 2697 428 285
2261 2698 428 283
2261 2699 431 284
2261 2700 433 285
2261 2701 434 284
2261 2702 435 285
2261 2703 437 284
2261 2704 439 285
2261 2705 440 285
2261 2706 441 284
2261 2707 442 285
2261 2708 444 285
2261 2709 446 287
2261 2710 446 287
2261 2711 447 286
2261 2712 447 288
2261 2713 450 285
2261 2714 450 285
2261 2715 451 286
2261 2716 452 284
2261 2717 451 287
2308 2692 604 346
2308 2693 603 350
2308 2694 600 354
2308 2695 599 353
2308 2696 601 347
2308 2697 599 349
2308 2698 597 351
2308 2699 599 351
2308 2700 600 347
2308 2701 597 351
2308 2702 594 353
2308 2703 592 354
2308 2704 592 354
2308 2705 590 357
2308 2706 592 357
2308 2707 587 358
2308 2708 587 360
2308 2709 586 359
2308 2710 583 361
2308 2711 583 358
2308 2712 584 361
2308 2713 582 363
2308 2714 580 360
2308 2715 578 365
2308 2716 577 367
2308 2717 575 370
2308 2718 574 371
2308 2719 573 372
2308 2720 568 375
2308 2721 567 376
2308 2722 566 378
2308 2723 563 379
2308 2724 561 380
2308 2725 558 382
2308 2726 557 383
2308 2727 553 385
2308 2728 552 385
2308 2729 549 387
2308 2730 546 389
2308 2731 543 389
2308 2732 539 391
2308 2733 538 391
2308 2734 536 392
2320 2714 281 254
2320 2715 289 255
2320 2716 305 257
2320 2717 322 257
2320 2718 338 259
2320 2719 354 261
2320 2720 369 259
2320 2721 387 263
2320 2722 404 264
2320 2723 423 266
2320 2724 440 267
2320 2725 459 269
2320 2726 468 269
2320 2727 475 270
2320 2728 485 273
2330 2741 513 405
2330 2742 513 402
2330 2743 511 405
2330 2744 508 406
2330 2745 507 408
2330 2746 503 409
2330 2747 501 411
2330 2748 498 411
2330 2749 496 412
2330 2750 494 414
2330 2751 489 415
2330 2752 489 416
2330 2753 485 416
2330 2754 483 418
2330 2755 480 421
2330 2756 478 420
2330 2757 475 421
2330 2758 469 423
2330 2759 467 425
2330 2760 464 424
2330 2761 461 427
2330 2762 457 428
2330 2763 455 428
2330 2764 451 432
2330 2765 447 430
2330 2766 444 433
2330 2767 439 432
2330 2768 436 436
2330 2769 433 435
2330 2770 430 436
2330 2771 427 437
2330 2772 421 439
2330 2773 419 440
2330 2774 415 440
2330 2775 411 443
2330 2776 406 444
2330 2777 406 444
2330 2778 407 438
2403 2962 42 474
2403 2963 44 473
2403 2964 47 473
2403 2965 50 474
2403 2966 53 473
2403 2967 55 474
2403 2968 57 470
2403 2969 61 470
2403 2970 64 469
2403 2971 67 470
2403 2972 69 466
2403 2973 71 465
2403 2974 73 466
2403 2975 75 468
2403 2976 76 465
2403 2977 81 464
2403 2978 82 464
2403 2979 84 461
2403 2980 86 457
2403 2981 88 455
2403 2982 91 459
2403 2983 92 455
2403 2984 93 458
2403 2985 95 456
2403 2986 100 459
2403 2987 99 455
2403 2988 102 452
2403 2989 102 451
2403 2990 104 453
2403 2991 101 449
2435 3005 483 267
2435 3006 476 265
2435 3007 468 265
2435 3008 456 265
2435 3009 439 264
2435 3010 422 262
2435 3011 407 262
2435 3012 389 259
2435 3013 371 258
2435 3014 352 257
2435 3015 337 256
2435 3016 321 254
2435 3017 303 253
2435 3018 288 251
2435 3019 273 251
2435 3020 256 249
2435 3021 244 248
2743 3303 207 252
2743 3304 204 252
2743 3305 204 252
2743 3306 201 253
2743 3307 196 255
2743 3308 194 256
2743 3309 189 257
2743 3310 186 258
2743 3311 183 259
2743 3312 181 260
2743 3313 178 261
2743 3314 174 263
2743 3315 171 264
2743 3316 168 266
2743 3317 166 267
2743 3318 163 268
2743 3319 160 269
2743 3320 157 271
2743 3321 155 273
2743 3322 149 275
2743 3323 147 276
2743 3324 142 277
2743 3325 138 280
2743 3326 134 282
2743 3327 129 283
2743 3328 126 286
2743 3329 121 289
2743 3330 115 290
2743 3331 111 293
2743 3332 105 295
2743 3333 99 299
2743 3334 92 302
2743 3335 87 304
2743 3336 80 306
2743 3337 73 310
2743 3338 66 314
2743 3339 57 316
2743 3340 51 320
2743 3341 43 323
2743 3342 34 326
2743 3343 26 331
2743 3344 24 334
2743 3345 20 334
2743 3346 15 333
2743 3347 13 336
2849 3527 185 246
2849 3528 191 247
2849 3529 200 248
2849 3530 209 247
2849 3531 217 249
2849 3532 224 250
2849 3533 233 250
2849 3534 244 251
2849 3535 253 251
2849 3536 259 252
2849 3537 269 253
2849 3538 280 255
2849 3539 289 255
2849 3540 297 256
2849 3541 309 256
2849 3542 319 257
2849 3543 329 258
2849 3544 340 259
2849 3545 352 260
2849 3546 362 261
2849 3547 372 261
2849 3548 383 262
2849 3549 397 263
2849 3550 407 264
2849 3551 419 265
2849 3552 431 266
2849 3553 444 267
2849 3554 456 268
2849 3555 464 267
2849 3556 472 268
2849 3557 476 269
2849 3558 484 271
2849 3559 489 275
2860 3552 519 371
2860 3553 517 372
2860 3554 517 369
2860 3555 515 373
2860 3556 511 370
2860 3557 511 376
2860 3558 510 376
2860 3559 506 375
2860 3560 505 379
2860 3561 503 379
2860 3562 502 378
2860 3563 500 379
2860 3564 498 377
2860 3565 496 385
2860 3566 496 382
2860 3567 493 382
2860 3568 489 387
2860 3569 487 388
2860 3570 487 386
2860 3571 484 390
2860 3572 479 388
2860 3573 479 392
2860 3574 478 392
2860 3575 476 390
2860 3576 472 394
2860 3577 467 398
2860 3578 468 395
2860 3579 466 398
2860 3580 467 399
2860 3581 461 400
2860 3582 459 400
2860 3583 456 402
2860 3584 453 403
2860 3585 450 404
2860 3586 448 404
2860 3587 446 405
2860 3588 443 407
2860 3589 440 409
2860 3590 438 407
2860 3591 442 407
2882 3577 233 253
2882 3578 240 251
2882 3579 244 251
2882 3580 249 251
2882 3581 261 252
2882 3582 271 254
2882 3583 281 255
2882 3584 294 256
2882 3585 307 257
2882 3586 318 257
2882 3587 328 258
2882 3588 342 260
2882 3589 353 260
2882 3590 365 259
2882 3591 378 262
2882 3592 392 264
2882 3593 390 264
2897 3612 376 438
2897 3613 374 439
2897 3614 372 438
2897 3615 368 440
2897 3616 361 442
2897 3617 359 444
2897 3618 357 445
2897 3619 354 446
2897 3620 350 449
2897 3621 345 452
2897 3622 345 449
2897 3623 341 452
2897 3624 336 454
2897 3625 334 454
2897 3626 331 456
2897 3627 327 459
2897 3628 323 460
2897 3629 321 462
2897 3630 317 460
2897 3631 313 463
2897 3632 308 463
2897 3633 304 465
2897 3634 301 464
2897 3635 296 464
2897 3636 293 465
2897 3637 289 467
2897 3638 285 469
2897 3639 282 467
2897 3640 278 468
2897 3641 273 469
2897 3642 269 469
2897 3643 264 470
2897 3644 259 472
2897 3645 256 472
2897 3646 253 473
2897 3647 249 473
2897 3648 248 474
2936 3749 162 255
2936 3750 162 254
2936 3751 157 260
2936 3752 157 262
2936 3753 155 264
2936 3754 158 264
2936 3755 152 267
2936 3756 150 270
2936 3757 147 270
2936 3758 144 274
2936 3759 143 274
2936 3760 138 277
2936 3761 135 280
2936 3762 133 281
2936 3763 133 284
2936 3764 130 284
2936 3765 122 286
2936 3766 120 288
2936 3767 117 291
2936 3768 112 293
2936 3769 108 295
2936 3770 102 299
2936 3771 92 300
2936 3772 87 302
2987 3894 498 475
2987 3895 495 474
2987 3896 487 472
2987 3897 476 471
2987 3898 467 469
2987 3899 462 468
2987 3900 460 467
2987 3901 451 464
2987 3902 445 463
2987 3903 439 461
2987 3904 433 459
2987 3905 425 458
2987 3906 419 455
2987 3907 414 453
2987 3908 409 450
2987 3909 402 446
2987 3910 396 443
2987 3911 391 440
2987 3912 386 437
2987 3913 379 433
2987 3914 383 439
2987 3915 378 437
3009 3917 353 417
3009 3918 348 415
3009 3919 345 411
3009 3920 341 409
3009 3921 334 407
3009 3922 329 403
3009 3923 325 401
3009 3924 320 399
3009 3925 316 397
3009 3926 310 394
3009 3927 308 392
3009 3928 302 390
3009 3929 299 388
3009 3930 294 385
3009 3931 291 383
3009 3932 287 381
3009 3933 286 379
3009 3934 292 381
3029 3934 280 376
3029 3935 278 374
3029 3936 275 373
3029 3937 272 370
3029 3938 267 368
3029 3939 266 366
3029 3940 262 365
3029 3941 261 362
3029 3942 257 360
3029 3943 255 358
3029 3944 255 356
3029 3945 253 355
3029 3946 250 352
3029 3947 248 350
3029 3948 247 348
3029 3949 245 347
3029 3950 241 345
3029 3951 241 346
3029 3952 238 342
3029 3953 237 340
3029 3954 233 339
3029 3955 231 337
3029 3956 230 335
3029 3957 229 337
3029 3958 227 332
3029 3959 225 330
3029 3960 224 328
3029 3961 224 326
3029 3962 223 325
3029 3963 222 323
3029 3964 221 322
3029 3965 222 319
3029 3966 221 320
3029 3967 221 316
3029 3968 221 316
3029 3969 221 314
3029 3970 222 311
3029 3971 222 310
3029 3972 225 307
3029 3973 224 307
3029 3974 223 307
3029 3975 223 305
3029 3976 222 309
3029 3977 223 305
3029 3978 223 303
3029 3979 223 303
3029 3980 221 300
3029 3981 221 299
3029 3982 221 296
3055 3982 222 305
3055 3983 221 303
3055 3984 218 297
3055 3985 216 297
3055 3986 215 297
3055 3987 213 295
3055 3988 210 293
3055 3989 209 293
3055 3990 207 290
3055 3991 204 288
3055 3992 202 288
3055 3993 201 286
3055 3994 197 286
3055 3995 194 285
3055 3996 191 286
3055 3997 190 286
3055 3998 186 285
3055 3999 185 285
3055 4000 181 286
3055 4001 176 286
3055 4002 174 284
3055 4003 171 285
3055 4004 170 285
3055 4005 167 285
3055 4006 162 284
3055 4007 161 283
3055 4008 158 283
3055 4009 153 283
3055 4010 153 282
3055 4011 149 282
3055 4012 148 282
3055 4013 145 282
3055 4014 141 281
3055 4015 138 280
3055 4016 139 279
3055 4017 136 282
3055 4018 132 280
3055 4019 128 279
3055 4020 124 279
3055 4021 125 281
3055 4022 122 279
3055 4023 123 281
3105 4094 481 267
3105 4095 478 265
3105 4096 474 264
3105 4097 466 264
3105 4098 448 263
3105 4099 433 262
3105 4100 425 267
3105 4101 412 265
3105 4102 391 266
3105 4103 401 276
3105 4104 401 274
3105 4105 400 274
3105 4106 397 278
3105 4107 394 273
3105 4108 394 272
3105 4109 394 275
3105 4110 392 277
3105 4111 392 279
3145 4140 260 252
3145 4141 265 253
3145 4142 272 252
3145 4143 282 253
3145 4144 292 255
3145 4145 304 257
3145 4146 316 264
3145 4147 328 264
3145 4148 340 264
3145 4149 350 264
3145 4150 361 265
3145 4151 378 262
3145 4152 390 263
3145 4153 402 266
3145 4154 416 265
3145 4155 431 266
3145 4156 443 267
3145 4157 455 268
3145 4158 467 268
3145 4159 474 270
3145 4160 480 271
3145 4161 486 269
3191 4321 266 252
3191 4322 276 254
3191 4323 290 254
3191 4324 304 255
3191 4325 315 257
3191 4326 327 258
3191 4327 343 259
3191 4328 358 259
3191 4329 371 259
3191 4330 385 263
3191 4331 401 264
3191 4332 417 265
3191 4333 431 266
3191 4334 445 267
3191 4335 462 268
3191 4336 471 269
3191 4337 477 270
3588 4891 176 268
3588 4892 178 268
3588 4893 181 268
3588 4894 181 267
3588 4895 184 268
3588 4896 187 266
3588 4897 188 269
3588 4898 190 266
3588 4899 191 269
3588 4900 195 270
3588 4901 196 270
3588 4902 198 270
3588 4903 200 270
3588 4904 204 270
3588 4905 205 271
3588 4906 207 271
3588 4907 209 270
3588 4908 212 271
3588 4909 214 271
3588 4910 220 271
3588 4911 231 270
3588 4912 235 271
3588 4913 242 271
3588 4914 245 271
3588 4915 259 271
3588 4916 273 271
3588 4917 275 271
3588 4918 276 271
3588 4919 279 271
3588 4920 280 271
3588 4921 282 271
3588 4922 286 271
3588 4923 289 271
3588 4924 291 271
3588 4925 292 271
3588 4926 295 271
3588 4927 296 271
3588 4928 297 271
3588 4929 301 272
3588 4930 305 271
3588 4931 306 272
3588 4932 307 272
3588 4933 311 271
3588 4934 313 272
3588 4935 315 272
3588 4936 324 271
3588 4937 327 272
3588 4938 328 274
3588 4939 329 272
3588 4940 331 271
3588 4941 331 272
3588 4942 335 274
3588 4943 337 274
3588 4944 340 274
3588 4945 341 273
3588 4946 343 272
3588 4947 344 274
3588 4948 346 273
3588 4949 349 272
3588 4950 348 272
3588 4951 357 275
3588 4952 359 276
3588 4953 362 275
3588 4954 365 275
3588 4955 367 275
3588 4956 371 275
3588 4957 373 275
3588 4958 376 276
3588 4959 379 275
3588 4960 381 276
3588 4961 384 275
3588 4962 387 278
3588 4963 390 276
3588 4964 393 277
3588 4965 394 276
3588 4966 398 276
3588 4967 400 277
3588 4968 402 277
3588 4969 405 277
3588 4970 409 277
3588 4971 411 278
3588 4972 414 277
3588 4973 417 278
3588 4974 420 278
3588 4975 420 278
3588 4976 424 277
3588 4977 427 278
3588 4978 430 278
3588 4979 434 279
3588 4980 437 276
3588 4981 441 279
3588 4982 443 278
3588 4983 444 277
3588 4984 447 277
3588 4985 449 279
3588 4986 449 278
3588 4987 454 279
3588 4988 458 279
3588 4989 459 279
3588 4990 462 279
3588 4991 466 279
3588 4992 469 278
3588 4993 472 278
3588 4994 476 278
3588 4995 475 276
3822 5219 232 249
3822 5220 240 250
3822 5221 246 250
3822 5222 245 250
3822 5223 252 250
3822 5224 261 252
3822 5225 268 251
3822 5226 275 252
3822 5227 285 253
3822 5228 295 254
3822 5229 306 254
3822 5230 314 256
3822 5231 322 256
3822 5232 332 258
3822 5233 340 258
3822 5234 349 258
3822 5235 360 259
3822 5236 371 260
3822 5237 380 260
3822 5238 389 262
3822 5239 401 263
3822 5240 411 264
3822 5241 421 264
3822 5242 430 265
3822 5243 441 266
3822 5244 452 267
3822 5245 460 268
3822 5246 467 268
3822 5247 472 268
3822 5248 478 269
3822 5249 483 267
3822 5250 487 273
3854 5265 322 258
3854 5266 320 257
3854 5267 330 259
3854 5268 342 259
3854 5269 351 260
3854 5270 361 261
3854 5271 372 262
3854 5272 385 264
3854 5273 395 265
3854 5274 404 265
3854 5275 418 266
3854 5276 431 267
3854 5277 441 267
3854 5278 452 269
3854 5279 466 270
3854 5280 463 270
3867 5282 408 427
3867 5283 409 427
3867 5284 410 432
3867 5285 413 427
3867 5286 420 431
3867 5287 423 433
3867 5288 423 434
3867 5289 425 433
3867 5290 429 438
3867 5291 431 440
3867 5292 431 440
3867 5293 436 441
3867 5294 439 445
3867 5295 445 447
3867 5296 447 446
3867 5297 451 449
3867 5298 451 451
3867 5299 454 451
3867 5300 455 452
3867 5301 460 455
3867 5302 466 458
3867 5303 469 458
3867 5304 467 455
3900 5319 187 387
3900 5320 189 385
3900 5321 190 384
3900 5322 193 383
3900 5323 196 387
3900 5324 199 390
3900 5325 203 388
3900 5326 205 390
3900 5327 208 391
3900 5328 210 392
3900 5329 210 391
3900 5330 216 394
3900 5331 219 395
3900 5332 222 395
3900 5333 226 396
3900 5334 229 397
3900 5335 233 399
3900 5336 235 398
3900 5337 239 399
3900 5338 242 401
3900 5339 245 401
3900 5340 250 403
3900 5341 252 404
3900 5342 256 405
3900 5343 259 405
3900 5344 263 407
3900 5345 266 408
3900 5346 269 408
3900 5347 274 408
3900 5348 277 410
3900 5349 281 412
3900 5350 283 412
3900 5351 287 414
3900 5352 291 415
3900 5353 294 416
3900 5354 298 416
3900 5355 302 417
3900 5356 305 419
3900 5357 307 420
3900 5358 312 417
3900 5359 317 422
3900 5360 320 424
3900 5361 323 423
3900 5362 329 425
3900 5363 332 426
3900 5364 334 428
3900 5365 334 425
4017 5466 393 258
4017 5467 395 258
4017 5468 389 257
4017 5469 383 257
4017 5470 376 257
4017 5471 369 256
4017 5472 362 256
4017 5473 357 256
4017 5474 349 255
4017 5475 342 254
4017 5476 336 254
4017 5477 327 253
4017 5478 321 253
4017 5479 314 252
4017 5480 308 251
4017 5481 301 250
4017 5482 295 249
4017 5483 287 249
4017 5484 281 248
4017 5485 276 248
4017 5486 269 248
4017 5487 262 247
4017 5488 256 247
4017 5489 253 246
4017 5490 248 246
4017 5491 251 247
4017 5492 247 246
4118 5556 274 282
4118 5557 273 284
4118 5558 272 280
4118 5559 271 280
4118 5560 267 281
4118 5561 266 281
4118 5562 265 286
4118 5563 261 282
4118 5564 256 286
4118 5565 257 282
4118 5566 255 282
4118 5567 251 283
4118 5568 250 283
4118 5569 248 284
4118 5570 246 281
4118 5571 242 284
4118 5572 239 283
4118 5573 237 281
4118 5574 235 285
4118 5575 232 286
4118 5576 231 285
4118 5577 227 282
4118 5578 225 285
4118 5579 222 285
4118 5580 220 283
4118 5581 217 287
4118 5582 214 287
4118 5583 212 287
4118 5584 208 286
4118 5585 207 288
4118 5586 201 288
4118 5587 199 285
4118 5588 197 286
4118 5589 194 285
4118 5590 192 286
4118 5591 189 286
4118 5592 186 287
4118 5593 185 287
4118 5594 181 288
4118 5595 178 289
4118 5596 175 289
4118 5597 172 289
4118 5598 171 287
4118 5599 168 290
4118 5600 167 291
4118 5601 163 290
4118 5602 160 289
4118 5603 157 290
4118 5604 154 292
4118 5605 151 299
4118 5606 149 296
4118 5607 147 299
4118 5608 146 302
4118 5609 143 297
4118 5610 139 298
4118 5611 138 298
4118 5612 135 298
4118 5613 133 299
4118 5614 129 299
4118 5615 128 299
4118 5616 126 301
4118 5617 121 296
4118 5618 119 301
4118 5619 119 304
4118 5620 113 305
4118 5621 110 301
4118 5622 110 301
4463 6412 452 270
4463 6413 463 271
4463 6414 472 269
4463 6415 473 268
4463 6416 464 268
4463 6417 449 263
4463 6418 437 262
4463 6419 424 261
4463 6420 410 260
4463 6421 398 258
4463 6422 385 260
4463 6423 372 257
4463 6424 358 256
4463 6425 346 254
4463 6426 335 254
4463 6427 323 254
4463 6428 310 253
4463 6429 300 251
4463 6430 290 251
4463 6431 277 249
4463 6432 284 256
4534 6531 218 435
4534 6532 215 437
4534 6533 213 440
4534 6534 210 437
4534 6535 210 436
4534 6536 204 435
4534 6537 203 434
4534 6538 199 434
4534 6539 199 433
4534 6540 195 429
4534 6541 193 426
4534 6542 192 428
4534 6543 190 423
4534 6544 187 425
4534 6545 185 424
4534 6546 182 420
4534 6547 180 418
4534 6548 178 416
4534 6549 176 416
4534 6550 174 415
4534 6551 170 414
4534 6552 168 416
4534 6553 168 412
4534 6554 164 411
4534 6555 161 409
4534 6556 161 408
4534 6557 158 408
4534 6558 156 409
4534 6559 152 407
4534 6560 151 405
4534 6561 150 406
4569 6630 227 247
4569 6631 216 247
4569 6632 226 248
4569 6633 237 249
4569 6634 251 251
4569 6635 264 251
4569 6636 276 253
4569 6637 291 254
4569 6638 307 262
4569 6639 320 263
4569 6640 324 272
4686 6858 468 267
4686 6859 462 263
4686 6860 458 265
4686 6861 464 265
4686 6862 472 263
4686 6863 469 261
4686 6864 467 261
4686 6865 464 263
4686 6866 466 261
4686 6867 464 261
4686 6868 461 259
4686 6869 460 262
4686 6870 459 260
4686 6871 457 260
4686 6872 455 261
4686 6873 453 261
4686 6874 453 260
4686 6875 449 261
4686 6876 446 261
4686 6877 447 261
4686 6878 445 260
4686 6879 443 260
4686 6880 440 259
4686 6881 440 260
4686 6882 437 261
4686 6883 434 261
4686 6884 433 261
4686 6885 433 260
4686 6886 428 260
4686 6887 427 260
4686 6888 426 260
4686 6889 424 261
4686 6890 421 260
4686 6891 419 261
4686 6892 419 261
4686 6893 416 261
4686 6894 413 261
4686 6895 413 261
4686 6896 412 261
4686 6897 408 261
4686 6898 406 262
4686 6899 405 262
4686 6900 402 261
4686 6901 398 261
4686 6902 399 261
4686 6903 397 262
4686 6904 394 262
4686 6905 391 262
4686 6906 390 261
4686 6907 386 262
4686 6908 385 261
4686 6909 384 262
4686 6910 382 262
4686 6911 379 262
4686 6912 378 262
4686 6913 375 262
4686 6914 374 262
4686 6915 371 262
4686 6916 370 262
4686 6917 368 262
4686 6918 366 264
4686 6919 363 264
4686 6920 361 262
4686 6921 360 262
4686 6922 358 261
4686 6923 354 263
4686 6924 352 261
4686 6925 351 263
4686 6926 349 263
4686 6927 347 263
4686 6928 345 263
4686 6929 343 263
4686 6930 342 263
4686 6931 337 264
4686 6932 338 263
4686 6933 337 264
4686 6934 334 264
4686 6935 331 264
4686 6936 329 264
4686 6937 327 264
4686 6938 325 264
4686 6939 323 265
4686 6940 322 265
4686 6941 320 264
4686 6942 317 265
4686 6943 315 267
4686 6944 313 265
4686 6945 312 266
4686 6946 309 266
4686 6947 307 267
4686 6948 306 267
4686 6949 307 263
4686 6950 300 267
4686 6951 297 267
4686 6952 297 266
4686 6953 294 267
4686 6954 292 267
4686 6955 288 267
4686 6956 288 268
4686 6957 285 268
4686 6958 283 269
4686 6959 280 267
4686 6960 279 269
4686 6961 279 274
4751 7061 165 255
4751 7062 163 251
4751 7063 164 253
4751 7064 165 257
4751 7065 164 255
4751 7066 164 260
4751 7067 163 260
4751 7068 156 250
4751 7069 157 257
4751 7070 159 259
4751 7071 158 261
4751 7072 155 262
4751 7073 154 264
4751 7074 152 265
4751 7075 150 266
4751 7076 148 268
4751 7077 144 269
4751 7078 139 273
4751 7079 138 273
4751 7080 135 274
4751 7081 132 275
4751 7082 130 278
4751 7083 126 279
4751 7084 126 281
4751 7085 122 284
4751 7086 119 285
4751 7087 115 287
4751 7088 113 291
4751 7089 109 293
4751 7090 104 296
4751 7091 99 299
4751 7092 92 302
4751 7093 85 305
4751 7094 79 308
4751 7095 70 311
4751 7096 62 315
4751 7097 55 317
4751 7098 48 321
4751 7099 37 325
4751 7100 29 329
4751 7101 24 333
4751 7102 20 336
4751 7103 15 336
4751 7104 10 337
4751 7105 7 340
4915 7290 363 363
4915 7291 365 363
4915 7292 367 364
4915 7293 367 368
4915 7294 371 363
4915 7295 373 365
4915 7296 373 366
4915 7297 376 367
4915 7298 378 369
4915 7299 380 368
4915 7300 381 369
4915 7301 382 370
4915 7302 384 370
4915 7303 386 371
4915 7304 389 372
4915 7305 390 375
4915 7306 392 372
4915 7307 393 373
4915 7308 395 374
4915 7309 397 374
4915 7310 398 375
4915 7311 400 377
4915 7312 400 377
4915 7313 403 380
4915 7314 405 379
4915 7315 407 379
4915 7316 409 380
4915 7317 411 381
4915 7318 412 381
4915 7319 413 385
4915 7320 416 382
4915 7321 417 383
4915 7322 418 389
4915 7323 422 385
4915 7324 424 384
4915 7325 425 387
4915 7326 426 393
4950 7336 449 393
4950 7337 450 397
4950 7338 453 395
4950 7339 455 395
4950 7340 456 395
4950 7341 458 400
4950 7342 460 402
4950 7343 463 398
4950 7344 465 398
4950 7345 468 398
4950 7346 469 400
4950 7347 471 401
4950 7348 473 401
4950 7349 475 402
4950 7350 476 407
4950 7351 479 404
4950 7352 480 410
4950 7353 482 410
4950 7354 485 405
4950 7355 489 407
4950 7356 488 408
4950 7357 490 414
4950 7358 494 409
4950 7359 497 409
4950 7360 497 412
4950 7361 500 411
4950 7362 498 421
4950 7363 506 412
4950 7364 507 413
4950 7365 508 413
4950 7366 512 416
5028 7388 502 476
5028 7389 506 475
5028 7390 510 475
5028 7391 512 474
5028 7392 515 473
5028 7393 520 472
5028 7394 521 472
5028 7395 522 471
5028 7396 527 470
5028 7397 531 469
5028 7398 534 468
5028 7399 538 468
5028 7400 542 467
5028 7401 545 466
5028 7402 548 460
5028 7403 551 459
5028 7404 553 464
5028 7405 556 461
5028 7406 561 457
5028 7407 563 462
5028 7408 568 458
5028 7409 572 456
5028 7410 573 452
5028 7411 576 455
5028 7412 579 454
5028 7413 584 449
5028 7414 586 445
5028 7415 587 443
5028 7416 591 448
5028 7417 595 448
5028 7418 597 443
5028 7419 601 443
5028 7420 606 437
5028 7421 608 436
5136 7478 395 393
5136 7479 394 393
5136 7480 392 392
5136 7481 388 391
5136 7482 383 390
5136 7483 379 390
5136 7484 376 388
5136 7485 375 388
5136 7486 369 387
5136 7487 367 387
5136 7488 366 385
5136 7489 364 388
5136 7490 357 384
5136 7491 354 383
5136 7492 352 383
5136 7493 350 381
5136 7494 346 378
5136 7495 344 379
5136 7496 342 379
5136 7497 338 377
5136 7498 335 377
5136 7499 333 375
5136 7500 330 374
5136 7501 327 373
5136 7502 324 374
5136 7503 322 370
5136 7504 319 373
5136 7505 316 377
5136 7506 316 376
5136 7507 315 374
5136 7508 313 375
5213 7597 282 256
5213 7598 280 256
5213 7599 291 257
5213 7600 306 257
5213 7601 318 258
5213 7602 331 259
5213 7603 347 261
5213 7604 363 260
5213 7605 375 263
5213 7606 389 264
5213 7607 405 265
5213 7608 420 266
5213 7609 424 272
5397 7847 486 267
5397 7848 483 265
5397 7849 477 264
5397 7850 473 263
5397 7851 469 265
5397 7852 461 264
5397 7853 453 262
5397 7854 445 261
5397 7855 436 261
5397 7856 426 260
5397 7857 419 259
5397 7858 411 259
5397 7859 401 257
5397 7860 391 258
5397 7861 380 256
5397 7862 374 256
5397 7863 366 256
5397 7864 356 254
5397 7865 349 253
5397 7866 341 252
5399 7862 207 266
5399 7863 209 263
5399 7864 208 264
5399 7865 205 267
5399 7866 204 267
5399 7867 200 266
5399 7868 198 265
5399 7869 196 263
5399 7870 195 263
5399 7871 195 264
5399 7872 193 263
5399 7873 191 266
5399 7874 190 264
5399 7875 188 263
5399 7876 187 264
5399 7877 185 265
5399 7878 185 266
5399 7879 182 265
5399 7880 180 268
5399 7881 179 265
5399 7882 177 264
5399 7883 176 267
5399 7884 174 266
5399 7885 172 265
5399 7886 171 267
5399 7887 169 267
5399 7888 168 268
5399 7889 165 266
5399 7890 163 268
5399 7891 161 270
5399 7892 160 268
5399 7893 158 269
5399 7894 156 269
5399 7895 155 272
5399 7896 153 270
5399 7897 151 271
5399 7898 149 269
5399 7899 148 270
5399 7900 147 270
5399 7901 145 272
5399 7902 143 274
5399 7903 142 270
5399 7904 141 271
5399 7905 139 271
5399 7906 138 269
5399 7907 135 271
5399 7908 133 272
5399 7909 132 271
5399 7910 130 273
5399 7911 128 274
5399 7912 127 272
5399 7913 124 272
5399 7914 123 273
5399 7915 122 273
5399 7916 120 274
5399 7917 117 274
5399 7918 116 278
5399 7919 114 276
5399 7920 113 274
5399 7921 111 274
5399 7922 110 278
5399 7923 108 280
5399 7924 107 275
5399 7925 104 275
5399 7926 102 279
5399 7927 102 277
5399 7928 100 275
5399 7929 98 278
5399 7930 97 279
5469 7919 200 246
5469 7920 207 246
5469 7921 221 247
5469 7922 219 247
5469 7923 241 249
5469 7924 247 250
5469 7925 249 250
5469 7926 256 251
5469 7927 264 251
5469 7928 273 252
5469 7929 283 253
5469 7930 291 254
5469 7931 298 255
5469 7932 308 256
5469 7933 316 256
5469 7934 326 257
5469 7935 334 258
5469 7936 344 259
5469 7937 351 259
5469 7938 361 259
5469 7939 361 267
5647 8116 138 460
5647 8117 137 454
5647 8118 141 451
5647 8119 141 448
5647 8120 145 448
5647 8121 147 448
5647 8122 151 445
5647 8123 154 439
5647 8124 158 442
5647 8125 160 437
5647 8126 160 432
5647 8127 162 436
5647 8128 166 435
5647 8129 166 436
5647 8130 170 430
5647 8131 172 425
5647 8132 175 428
5647 8133 175 428
5647 8134 178 425
5647 8135 182 424
5647 8136 184 423
5647 8137 184 422
5647 8138 188 419
5647 8139 190 417
5647 8140 192 416
5647 8141 194 416
5647 8142 196 413
5647 8143 199 413
5647 8144 201 412
5647 8145 203 413
5647 8146 206 409
5647 8147 208 408
5647 8148 209 406
5647 8149 212 402
5647 8150 213 403
5647 8151 215 403
5647 8152 218 403
5647 8153 221 400
5647 8154 222 399
5647 8155 224 397
5647 8156 225 397
5647 8157 228 396
5647 8158 229 393
5647 8159 232 392
5647 8160 233 391
5647 8161 235 391
5647 8162 237 387
5647 8163 240 388
5647 8164 239 386
5647 8165 240 384
5647 8166 242 384
5647 8167 245 384
5647 8168 246 383
5647 8169 249 383
5647 8170 250 381
5647 8171 252 380
5647 8172 254 380
5647 8173 256 380
5647 8174 256 375
5647 8175 254 374
5702 8189 284 358
5702 8190 281 360
5702 8191 283 361
5702 8192 285 360
5702 8193 286 360
5702 8194 289 359
5702 8195 291 356
5702 8196 292 356
5702 8197 293 357
5702 8198 295 356
5702 8199 296 354
5702 8200 298 353
5702 8201 301 353
5702 8202 301 352
5702 8203 303 348
5702 8204 307 350
5702 8205 306 350
5702 8206 307 349
5702 8207 311 347
5702 8208 314 344
5702 8209 313 347
5702 8210 314 346
5702 8211 316 344
5702 8212 318 343
5702 8213 318 344
5702 8214 321 341
5702 8215 322 341
5702 8216 324 340
5702 8217 323 339
5702 8218 325 339
5702 8219 326 338
5702 8220 327 337
5702 8221 328 336
5702 8222 329 336
5702 8223 330 335
5702 8224 333 333
5702 8225 334 334
5702 8226 335 333
5702 8227 337 332
5702 8228 336 330
5702 8229 338 330
5702 8230 336 329
5702 8231 339 329
5702 8232 338 325
5841 8437 127 281
5841 8438 127 285
5841 8439 126 285
5841 8440 117 289
5841 8441 117 288
5841 8442 112 290
5841 8443 105 292
5841 8444 99 295
5841 8445 95 297
5841 8446 89 300
5841 8447 80 303
5841 8448 80 302
5841 8449 76 305
5841 8450 70 307
5841 8451 64 309
5841 8452 58 312
5841 8453 56 307
5921 8508 240 250
5921 8509 247 250
5921 8510 251 251
5921 8511 265 252
5921 8512 276 253
5921 8513 287 254
5921 8514 300 255
5921 8515 314 257
5921 8516 326 257
5921 8517 339 258
5921 8518 353 259
5921 8519 365 260
5921 8520 377 259
5921 8521 391 263
5921 8522 407 264
5921 8523 422 265
5921 8524 422 265
5948 8575 263 253
5948 8576 273 254
5948 8577 283 255
5948 8578 295 256
5948 8579 308 257
5948 8580 318 257
5948 8581 328 259
5948 8582 342 260
5948 8583 352 261
5948 8584 364 261
5948 8585 379 263
5948 8586 391 264
5948 8587 404 266
5948 8588 415 266
5948 8589 417 259
6102 8807 401 269
6102 8808 402 263
6102 8809 386 261
6102 8810 366 257
6102 8811 353 256
6102 8812 339 255
6102 8813 323 254
6102 8814 308 252
6102 8815 292 251
6102 8816 279 250
6102 8817 268 249
6102 8818 255 248
6102 8819 244 247
6217 9020 488 266
6217 9021 483 267
6217 9022 478 265
6217 9023 469 264
6217 9024 461 264
6217 9025 449 264
6217 9026 437 262
6217 9027 426 262
6217 9028 411 260
6217 9029 400 259
6217 9030 387 258
6217 9031 377 257
6217 9032 367 256
6217 9033 355 256
6217 9034 343 253
6217 9035 333 252
6217 9036 322 252
6217 9037 310 252
6217 9038 299 251
6217 9039 292 249
6217 9040 281 249
6217 9041 269 248
6217 9042 260 248
6217 9043 257 247
6217 9044 250 246
6227 9036 487 265
6227 9037 481 261
6227 9038 474 261
6227 9039 467 261
6227 9040 465 262
6227 9041 453 260
6227 9042 444 260
6227 9043 436 259
6227 9044 424 259
6227 9045 412 257
6227 9046 403 257
6227 9047 394 255
6227 9048 383 255
6227 9049 372 253
6227 9050 363 253
6227 9051 354 252
6227 9052 343 252
6227 9053 333 251
6227 9054 324 251
6227 9055 317 251
6227 9056 307 250
6227 9057 298 249
6227 9058 291 248
6227 9059 282 247
6227 9060 273 246
6300 9143 156 442
6300 9144 158 439
6300 9145 158 441
6300 9146 160 443
6300 9147 162 442
6300 9148 164 447
6300 9149 165 446
6300 9150 168 445
6300 9151 169 449
6300 9152 169 450
6300 9153 172 450
6300 9154 174 452
6300 9155 178 455
6300 9156 176 450
6300 9157 181 457
6300 9158 181 457
6300 9159 182 458
6300 9160 185 458
6300 9161 187 459
6300 9162 190 461
6300 9163 191 464
6300 9164 193 464
6300 9165 196 464
6300 9166 199 467
6300 9167 202 467
6300 9168 201 468
6300 9169 207 469
6300 9170 205 470
6300 9171 205 469
6300 9172 203 466
6300 9173 206 467
6355 9199 195 465
6355 9200 200 465
6355 9201 203 465
6355 9202 206 465
6355 9203 214 465
6355 9204 221 464
6355 9205 224 464
6355 9206 227 463
6355 9207 235 463
6355 9208 239 463
6355 9209 241 463
6355 9210 247 462
6355 9211 255 463
6355 9212 256 462
6355 9213 261 462
6355 9214 267 461
6355 9215 273 461
6355 9216 274 460
6355 9217 281 460
6355 9218 289 459
6355 9219 291 460
6355 9220 295 457
6355 9221 301 459
6355 9222 308 458
6355 9223 307 457
6355 9224 314 456
6355 9225 321 456
6355 9226 325 457
6355 9227 328 456
6355 9228 334 455
6355 9229 341 455
6355 9230 343 455
6355 9231 344 455
6355 9232 355 453
6355 9233 358 452
6355 9234 361 453
6355 9235 367 452
6355 9236 373 451
6355 9237 375 451
6355 9238 375 451
6355 9239 385 450
6355 9240 390 450
6355 9241 392 449
6355 9242 398 448
6355 9243 403 447
6355 9244 408 446
6355 9245 407 447
6355 9246 415 445
6355 9247 421 445
6355 9248 423 444
6355 9249 427 444
6355 9250 433 442
6355 9251 436 441
6355 9252 439 441
6355 9253 444 440
6355 9254 449 439
6355 9255 453 438
6355 9256 456 438
6355 9257 459 437
6355 9258 464 436
6355 9259 466 436
6355 9260 471 435
6355 9261 475 433
6355 9262 480 433
6355 9263 483 431
6355 9264 487 431
6355 9265 490 430
6355 9266 491 431
6355 9267 496 427
6355 9268 502 427
6355 9269 505 427
6355 9270 508 427
6355 9271 513 426
6355 9272 517 425
6355 9273 519 425
6355 9274 524 423
6355 9275 527 423
6355 9276 531 423
6355 9277 534 422
6355 9278 538 420
6355 9279 541 421
6355 9280 544 420
6355 9281 548 420
6355 9282 553 419
6355 9283 555 418
6355 9284 557 418
6355 9285 562 417
6355 9286 565 416
6355 9287 569 416
6355 9288 570 415
6355 9289 575 413
6355 9290 578 413
6355 9291 581 413
6355 9292 584 411
6355 9293 587 412
6355 9294 589 412
6355 9295 592 411
6355 9296 589 415
6396 9237 232 300
6396 9238 234 304
6396 9239 236 303
6396 9240 236 306
6396 9241 237 307
6396 9242 238 307
6396 9243 238 308
6396 9244 241 309
6396 9245 242 309
6396 9246 242 308
6396 9247 246 309
6396 9248 246 310
6396 9249 246 310
6396 9250 249 311
6396 9251 251 311
6396 9252 253 312
6396 9253 254 313
6396 9254 256 313
6396 9255 258 313
6396 9256 260 314
6396 9257 261 315
6396 9258 262 313
6396 9259 265 315
6396 9260 267 315
6396 9261 268 316
6396 9262 269 316
6396 9263 272 317
6396 9264 273 318
6396 9265 273 318
6396 9266 275 317
6396 9267 278 319
6396 9268 281 320
6396 9269 282 320
6396 9270 283 319
6396 9271 286 322
6396 9272 286 322
6396 9273 287 323
6396 9274 287 323
6396 9275 291 324
6396 9276 292 324
6396 9277 294 324
6396 9278 296 322
6396 9279 298 325
6396 9280 299 326
6396 9281 299 326
6396 9282 302 328
6396 9283 304 329
6396 9284 305 329
6396 9285 306 330
6396 9286 308 327
6396 9287 308 327
6462 9320 360 356
6462 9321 361 358
6462 9322 363 360
6462 9323 364 360
6462 9324 366 360
6462 9325 369 362
6462 9326 369 362
6462 9327 371 363
6462 9328 374 362
6462 9329 376 364
6462 9330 378 366
6462 9331 379 367
6462 9332 381 366
6462 9333 385 369
6462 9334 385 370
6462 9335 387 368
6462 9336 391 369
6462 9337 393 372
6462 9338 395 373
6462 9339 397 372
6462 9340 400 374
6462 9341 403 376
6462 9342 404 376
6462 9343 407 374
6462 9344 409 377
6462 9345 412 378
6462 9346 414 379
6462 9347 416 378
6462 9348 420 381
6462 9349 422 382
6462 9350 423 381
6462 9351 427 383
6462 9352 430 385
6462 9353 431 386
6462 9354 436 385
6462 9355 439 387
6462 9356 441 388
6462 9357 443 390
6462 9358 445 388
6462 9359 449 390
6462 9360 451 391
6462 9361 454 392
6462 9362 458 391
6462 9363 461 394
6462 9364 463 395
6462 9365 464 394
6462 9366 468 395
6462 9367 471 397
6462 9368 474 398
6462 9369 475 397
6462 9370 480 399
6462 9371 482 401
6462 9372 484 402
6462 9373 486 401
6462 9374 490 403
6462 9375 493 405
6462 9376 495 405
6462 9377 499 405
6462 9378 504 408
6462 9379 509 409
6462 9380 506 407
6462 9381 509 408
6462 9382 513 411
6462 9383 515 412
6462 9384 520 412
6462 9385 519 410
6563 9520 469 284
6563 9521 467 284
6563 9522 465 283
6563 9523 463 283
6563 9524 461 283
6563 9525 454 285
6563 9526 453 286
6563 9527 451 283
6563 9528 447 283
6563 9529 446 287
6563 9530 446 285
6563 9531 439 286
6563 9532 438 285
6563 9533 436 285
6563 9534 434 284
6563 9535 431 284
6563 9536 432 282
6563 9537 429 284
6563 9538 425 281
6563 9539 422 285
6563 9540 424 284
6563 9541 421 284
6563 9542 418 283
6563 9543 416 284
6563 9544 415 279
6563 9545 408 285
6563 9546 405 285
6563 9547 404 284
6563 9548 403 284
6563 9549 402 283
6563 9550 399 283
6563 9551 399 282
6563 9552 391 283
6563 9553 393 283
6563 9554 390 283
6563 9555 389 282
6563 9556 381 283
6563 9557 384 280
6563 9558 382 282
6563 9559 378 281
6563 9560 377 281
6563 9561 373 283
6563 9562 370 281
6563 9563 369 282
6563 9564 367 278
6563 9565 363 281
6563 9566 360 282
6563 9567 360 282
6563 9568 357 281
6563 9569 352 276
6563 9570 352 272
6683 9650 231 251
6683 9651 231 252
6683 9652 241 253
6683 9653 250 252
6683 9654 260 254
6683 9655 270 254
6683 9656 280 254
6683 9657 291 256
6683 9658 300 256
6683 9659 309 257
6683 9660 319 258
6683 9661 331 263
6683 9662 338 264
6683 9663 350 260
6683 9664 362 263
6683 9665 372 265
6683 9666 381 267
6683 9667 393 264
6683 9668 404 265
6683 9669 414 266
6683 9670 427 267
6683 9671 443 271
6683 9672 453 267
6770 9712 51 474
6770 9713 55 473
6770 9714 57 471
6770 9715 59 470
6770 9716 62 467
6770 9717 63 468
6770 9718 65 463
6770 9719 68 461
6770 9720 71 460
6770 9721 73 457
6770 9722 75 456
6770 9723 77 453
6770 9724 79 452
6770 9725 82 450
6770 9726 83 448
6770 9727 86 447
6770 9728 88 445
6770 9729 90 443
6770 9730 92 442
6770 9731 94 442
6770 9732 97 438
6770 9733 99 438
6770 9734 101 437
6770 9735 104 435
6770 9736 106 433
6770 9737 108 430
6770 9738 111 430
6770 9739 113 427
6770 9740 115 425
6770 9741 118 428
6770 9742 121 423
6770 9743 123 422
6770 9744 127 420
6770 9745 130 418
6770 9746 130 418
6770 9747 133 416
6770 9748 136 417
6770 9749 138 413
6770 9750 141 411
6770 9751 143 410
6770 9752 144 408
6770 9753 147 406
6770 9754 148 405
6770 9755 151 405
6770 9756 153 402
6770 9757 155 400
6770 9758 157 399
6770 9759 158 398
6770 9760 161 396
6770 9761 162 394
6770 9762 164 393
6770 9763 167 392
6770 9764 169 390
6770 9765 171 389
6770 9766 173 387
6770 9767 173 387
6770 9768 176 384
6770 9769 178 381
6770 9770 179 382
6770 9771 182 381
6770 9772 184 379
6770 9773 185 378
6770 9774 187 377
6770 9775 188 376
6770 9776 190 374
6770 9777 191 375
6770 9778 193 372
6770 9779 194 370
6770 9780 197 368
6770 9781 199 366
6811 9734 109 454
6811 9735 106 452
6811 9736 108 451
6811 9737 114 449
6811 9738 114 446
6811 9739 117 444
6811 9740 119 444
6811 9741 121 442
6811 9742 123 442
6811 9743 125 437
6811 9744 131 437
6811 9745 134 437
6811 9746 133 433
6811 9747 138 433
6811 9748 140 429
6811 9749 141 428
6811 9750 142 429
6811 9751 144 426
6811 9752 149 425
6811 9753 148 423
6811 9754 151 423
6811 9755 154 420
6811 9756 156 420
6811 9757 156 418
6811 9758 159 411
6811 9759 161 414
6811 9760 164 411
6811 9761 164 410
6811 9762 168 410
6811 9763 169 409
6811 9764 171 406
6811 9765 173 401
6811 9766 174 404
6811 9767 176 404
6811 9768 177 401
6811 9769 181 400
6811 9770 182 399
6811 9771 183 397
6811 9772 185 390
7004 9879 57 436
7004 9880 61 432
7004 9881 57 435
7004 9882 54 440
7004 9883 52 442
7004 9884 49 440
7004 9885 43 442
7004 9886 40 446
7004 9887 38 447
7004 9888 36 448
7004 9889 32 447
7004 9890 28 452
7004 9891 27 454
7004 9892 20 453
7004 9893 16 455
7004 9894 14 458
7004 9895 12 459
7004 9896 9 458
7004 9897 7 458
7004 9898 5 462
7004 9899 4 464
7018 9888 195 258
7018 9889 191 260
7018 9890 184 260
7018 9891 184 260
7018 9892 182 261
7018 9893 175 262
7018 9894 176 264
7018 9895 172 265
7018 9896 169 267
7018 9897 166 270
7018 9898 162 267
7018 9899 161 269
7018 9900 158 271
7018 9901 155 273
7018 9902 149 274
7018 9903 151 276
7018 9904 148 277
7018 9905 143 278
7018 9906 141 281
7018 9907 138 281
7018 9908 136 282
7018 9909 130 284
7018 9910 130 287
7018 9911 127 288
7018 9912 125 290
7018 9913 122 294
7018 9914 117 293
7018 9915 112 295
7018 9916 113 298
7047 9920 75 316
7047 9921 70 319
7047 9922 65 321
7047 9923 60 324
7047 9924 56 327
7047 9925 50 328
7047 9926 44 333
7047 9927 39 332
7047 9928 34 335
7047 9929 29 337
7047 9930 21 340
7047 9931 18 341
7047 9932 13 344
7047 9933 11 345
7047 9934 9 343
7047 9935 7 344
7047 9936 3 344
7047 9937 4 343
7047 9938 6 346
7047 9939 4 345
7048 9920 98 307
7048 9921 93 310
7048 9922 84 311
7048 9923 83 313
7048 9924 77 316
7048 9925 71 319
7048 9926 66 321
7048 9927 61 321
7048 9928 57 325
7048 9929 51 327
7048 9930 46 329
7048 9931 41 330
7048 9932 35 334
7048 9933 28 336
7048 9934 23 336
7048 9935 20 338
7073 9951 608 424
7073 9952 606 421
7073 9953 605 418
7073 9954 599 418
7073 9955 596 417
7073 9956 595 415
7073 9957 591 414
7073 9958 588 413
7073 9959 587 410
7073 9960 584 411
7073 9961 578 409
7073 9962 576 408
7073 9963 575 406
7073 9964 572 406
7073 9965 568 404
7073 9966 567 401
7073 9967 564 402
7073 9968 558 401
7073 9969 556 400
7073 9970 556 396
7073 9971 552 397
7073 9972 548 396
7073 9973 547 394
7073 9974 545 394
7073 9975 538 392
7073 9976 537 391
7073 9977 536 390
7073 9978 532 389
7073 9979 530 388
7073 9980 528 385
7073 9981 524 386
7073 9982 521 384
7073 9983 518 382
7073 9984 517 378
7073 9985 515 381
7073 9986 511 381
7073 9987 510 380
7073 9988 506 376
7073 9989 503 376
7073 9990 502 373
7073 9991 499 372
7073 9992 497 371
7073 9993 495 372
7073 9994 492 371
7073 9995 491 369
7073 9996 487 368
7073 9997 484 368
7073 9998 484 367
7073 9999 481 366
7073 10000 478 364
7073 10001 476 363
7073 10002 474 361
7073 10003 470 361
7073 10004 470 360
7073 10005 469 364
7125 10017 442 347
7125 10018 444 343
7125 10019 443 341
7125 10020 442 342
7125 10021 440 343
7125 10022 438 341
7125 10023 435 342
7125 10024 431 340
7125 10025 432 339
7125 10026 430 338
7125 10027 428 335
7125 10028 425 336
7125 10029 425 334
7125 10030 423 334
7125 10031 417 333
7125 10032 418 332
7125 10033 419 333
7125 10034 416 332
7125 10035 413 330
7125 10036 412 325
7125 10037 409 329
7125 10038 404 328
7125 10039 405 327
7125 10040 404 326
7125 10041 402 324
7125 10042 398 323
7125 10043 398 323
7125 10044 395 323
7125 10045 394 321
7125 10046 393 320
7125 10047 392 316
7129 10025 635 392
7129 10026 632 392
7129 10027 629 392
7129 10028 634 392
7129 10029 636 384
7129 10030 635 379
7129 10031 632 380
7129 10032 628 378
7129 10033 628 377
7129 10034 624 379
7129 10035 619 379
7129 10036 619 378
7129 10037 618 375
7129 10038 613 376
7129 10039 612 376
7129 10040 608 376
7129 10041 607 375
7129 10042 601 376
7129 10043 601 374
7129 10044 599 374
7129 10045 590 375
7129 10046 593 371
7129 10047 590 369
7129 10048 587 370
7129 10049 583 372
7129 10050 582 372
7129 10051 575 372
7129 10052 576 371
7129 10053 574 369
7129 10054 571 367
7129 10055 568 367
7129 10056 563 369
7129 10057 565 365
7129 10058 558 368
7129 10059 555 367
7129 10060 556 366
7129 10061 553 362
7129 10062 548 366
7129 10063 546 366
7129 10064 546 364
7129 10065 543 363
7129 10066 539 362
7129 10067 536 361
7129 10068 536 360
7129 10069 529 362
7129 10070 528 361
7129 10071 528 364
7129 10072 523 361
7129 10073 521 358
7129 10074 520 358
7129 10075 517 360
7129 10076 512 360
7129 10077 511 360
7129 10078 511 360
7129 10079 504 358
7129 10080 503 356
7129 10081 502 356
7129 10082 497 355
7129 10083 496 360
7168 10059 592 435
7168 10060 590 434
7168 10061 587 433
7168 10062 583 433
7168 10063 579 430
7168 10064 577 429
7168 10065 569 436
7168 10066 570 428
7168 10067 565 425
7168 10068 563 425
7168 10069 560 429
7168 10070 555 424
7168 10071 551 421
7168 10072 549 424
7168 10073 546 420
7168 10074 540 417
7168 10075 536 421
7168 10076 531 417
7168 10077 530 416
7168 10078 525 414
7168 10079 521 417
7168 10080 519 412
7168 10081 515 410
7168 10082 516 410
7302 10120 395 370
7302 10121 392 369
7302 10122 391 364
7302 10123 388 366
7302 10124 385 365
7302 10125 384 361
7302 10126 381 360
7302 10127 379 362
7302 10128 377 360
7302 10129 374 358
7302 10130 371 360
7302 10131 368 360
7302 10132 366 357
7302 10133 365 352
7302 10134 363 356
7302 10135 360 354
7302 10136 359 352
7302 10137 356 353
7302 10138 354 352
7302 10139 352 350
7302 10140 349 347
7302 10141 346 348
7302 10142 343 347
7302 10143 341 345
7302 10144 338 342
7302 10145 335 345
7395 10267 186 285
7395 10268 183 285
7395 10269 184 284
7395 10270 182 283
7395 10271 183 282
7395 10272 185 283
7395 10273 187 283
7395 10274 189 282
7395 10275 193 279
7395 10276 191 281
7395 10277 193 279
7395 10278 193 279
7395 10279 197 279
7395 10280 200 279
7395 10281 198 278
7395 10282 201 277
7395 10283 203 278
7395 10284 205 278
7395 10285 205 276
7395 10286 206 274
7395 10287 210 274
7395 10288 213 275
7395 10289 213 274
7395 10290 217 273
7395 10291 219 273
7395 10292 220 273
7395 10293 221 271
7395 10294 223 271
7395 10295 227 270
7395 10296 228 270
7395 10297 230 272
7395 10298 231 271
7395 10299 233 271
7395 10300 236 270
7395 10301 237 269
7395 10302 240 270
7395 10303 243 270
7395 10304 244 268
7395 10305 245 269
7395 10306 248 268
7395 10307 251 269
7395 10308 253 269
7395 10309 254 268
7395 10310 255 270
7395 10311 258 265
7395 10312 259 265
7395 10313 262 266
7395 10314 264 267
7395 10315 266 266
7395 10316 268 266
7395 10317 259 261
7395 10318 260 260
7474 10335 196 264
7474 10336 197 267
7474 10337 198 269
7474 10338 198 268
7474 10339 200 269
7474 10340 201 269
7474 10341 203 268
7474 10342 205 269
7474 10343 205 267
7474 10344 206 269
7474 10345 207 268
7474 10346 210 268
7474 10347 211 269
7474 10348 212 269
7474 10349 212 269
7474 10350 212 270
7474 10351 214 270
7474 10352 216 269
7474 10353 219 270
7474 10354 219 269
7474 10355 219 269
7474 10356 220 269
7474 10357 222 269
7474 10358 224 269
7474 10359 223 269
7474 10360 224 268
7474 10361 226 270
7474 10362 226 270
7474 10363 229 268
7474 10364 230 268
7474 10365 231 268
7474 10366 233 269
7474 10367 233 269
7474 10368 234 268
7474 10369 235 269
7474 10370 235 269
7474 10371 238 270
7474 10372 239 270
7474 10373 240 269
7474 10374 241 269
7474 10375 241 269
7474 10376 242 274
7474 10377 245 270
7474 10378 246 271
7474 10379 246 269
7474 10380 247 270
7474 10381 249 270
7474 10382 250 272
7474 10383 252 271
7474 10384 252 270
7474 10385 253 271
7474 10386 253 272
7474 10387 255 271
7474 10388 257 269
7474 10389 258 272
7474 10390 259 273
7474 10391 259 273
7474 10392 260 272
7474 10393 262 272
7474 10394 263 273
7474 10395 265 273
7474 10396 266 271
7474 10397 265 273
7474 10398 266 273
7474 10399 268 273
7474 10400 270 274
7474 10401 271 274
7474 10402 272 274
7474 10403 272 274
7474 10404 275 272
7474 10405 274 274
7474 10406 276 274
7474 10407 278 275
7474 10408 279 273
7474 10409 279 274
7474 10410 280 274
7474 10411 280 283
7474 10412 283 271
7474 10413 284 276
7474 10414 285 276
7474 10415 285 275
7474 10416 287 274
7474 10417 287 275
7474 10418 290 276
7474 10419 292 275
7474 10420 292 275
7474 10421 292 276
7474 10422 293 277
7474 10423 293 276
7527 10366 271 254
7527 10367 280 255
7527 10368 288 256
7527 10369 294 256
7527 10370 303 257
7527 10371 311 257
7527 10372 321 254
7527 10373 330 258
7527 10374 339 257
7527 10375 352 259
7527 10376 362 260
7527 10377 373 262
7527 10378 385 264
7527 10379 397 265
7527 10380 409 266
7527 10381 421 267
7527 10382 434 267
7527 10383 446 268
7527 10384 458 268
7527 10385 468 269
7527 10386 474 270
7527 10387 481 272
7527 10388 487 273
7717 10662 459 266
7717 10663 449 266
7717 10664 437 265
7717 10665 426 264
7717 10666 415 263
7717 10667 405 261
7717 10668 395 261
7717 10669 383 259
7717 10670 374 259
7717 10671 365 257
7717 10672 353 257
7717 10673 342 258
7717 10674 333 257
7717 10675 325 255
7717 10676 316 253
7805 10821 541 411
7805 10822 541 406
7805 10823 539 410
7805 10824 538 406
7805 10825 536 408
7805 10826 535 412
7805 10827 532 411
7805 10828 530 412
7805 10829 530 415
7805 10830 527 420
7805 10831 527 418
7805 10832 524 421
7805 10833 522 419
7805 10834 519 422
7805 10835 517 422
7805 10836 515 427
7805 10837 514 430
7805 10838 512 427
7805 10839 510 429
7805 10840 507 431
7805 10841 505 434
7805 10842 502 433
7805 10843 499 440
7805 10844 498 438
7805 10845 495 438
7805 10846 493 439
7805 10847 491 444
7805 10848 487 445
7805 10849 485 444
7805 10850 484 446
7805 10851 480 450
7805 10852 479 451
7805 10853 476 451
7805 10854 474 455
7805 10855 470 455
7805 10856 468 458
7805 10857 466 460
7805 10858 464 459
7805 10859 461 461
7805 10860 458 463
7805 10861 456 466
7805 10862 451 465
7805 10863 448 467
7805 10864 445 468
7805 10865 444 469
7805 10866 441 472
7805 10867 439 472
7805 10868 436 471
7805 10869 432 471
7805 10870 429 472
7805 10871 429 474
7805 10872 425 475
7805 10873 420 475
7817 10834 492 345
7817 10835 489 344
7817 10836 488 344
7817 10837 487 346
7817 10838 483 352
7817 10839 480 350
7817 10840 478 354
7817 10841 475 353
7817 10842 470 353
7817 10843 467 354
7817 10844 466 354
7817 10845 466 366
7817 10846 466 377
7817 10847 461 375
7817 10848 462 377
7817 10849 460 378
7817 10850 456 377
7817 10851 451 382
7817 10852 449 381
7817 10853 450 381
7817 10854 447 384
7817 10855 445 383
7817 10856 446 378
7817 10857 442 381
7817 10858 439 385
7817 10859 443 379
8048 11096 400 377
8048 11097 398 371
8048 11098 395 371
8048 11099 391 374
8048 11100 388 370
8048 11101 385 370
8048 11102 380 373
8048 11103 376 376
8048 11104 373 376
8048 11105 370 374
8048 11106 367 373
8048 11107 363 375
8048 11108 358 379
8048 11109 355 377
8048 11110 351 381
8048 11111 346 384
8048 11112 343 381
8048 11113 340 378
8048 11114 335 384
8048 11115 332 380
8048 11116 327 383
8048 11117 323 386
8048 11118 319 388
8048 11119 317 383
8048 11120 312 385
8048 11121 308 389
8048 11122 306 390
8048 11123 301 387
8048 11124 295 392
8048 11125 291 393
8048 11126 290 388
8048 11127 285 394
8048 11128 287 389
8136 11161 138 403
8136 11162 135 401
8136 11163 131 406
8136 11164 126 406
8136 11165 122 401
8136 11166 118 402
8136 11167 114 401
8136 11168 109 401
8136 11169 104 405
8136 11170 101 400
8136 11171 98 405
8136 11172 93 402
8136 11173 89 401
8136 11174 86 401
8136 11175 81 402
8136 11176 77 402
8136 11177 73 402
8136 11178 69 403
8136 11179 66 403
8136 11180 61 400
8136 11181 61 395
8136 11182 54 396
8136 11183 51 401
8136 11184 47 401
8136 11185 45 400
8136 11186 42 399
8136 11187 36 399
8136 11188 33 401
8136 11189 30 402
8136 11190 27 398
8136 11191 23 397
8136 11192 21 397
8136 11193 19 398
8136 11194 16 397
8136 11195 14 394
8136 11196 13 398
8344 11349 68 335
8344 11350 68 334
8344 11351 70 331
8344 11352 71 328
8344 11353 72 330
8344 11354 74 330
8344 11355 75 329
8344 11356 74 327
8344 11357 77 326
8344 11358 80 321
8344 11359 82 320
8344 11360 84 322
8344 11361 83 322
8344 11362 86 322
8344 11363 87 320
8344 11364 89 320
8344 11365 90 319
8344 11366 92 319
8344 11367 95 320
8344 11368 95 317
8344 11369 97 317
8344 11370 99 318
8344 11371 100 320
8344 11372 103 317
8344 11373 103 316
8344 11374 104 315
8344 11375 107 314
8344 11376 107 312
8344 11377 108 311
8344 11378 111 313
8344 11379 113 312
8344 11380 115 310
8344 11381 117 310
8344 11382 117 309
8344 11383 119 309
8344 11384 123 308
8344 11385 122 308
8344 11386 124 306
8344 11387 125 309
8344 11388 127 309
8344 11389 128 306
8344 11390 130 304
8344 11391 134 305
8344 11392 137 305
8344 11393 134 304
8344 11394 135 300
8344 11395 135 302
8344 11396 138 302
8344 11397 141 301
8344 11398 143 300
8344 11399 146 301
8344 11400 143 300
8344 11401 146 299
8344 11402 146 298
8558 11790 99 274
8558 11791 100 275
8558 11792 104 271
8558 11793 103 272
8558 11794 106 272
8558 11795 109 271
8558 11796 110 271
8558 11797 114 275
8558 11798 114 275
8558 11799 119 274
8558 11800 119 274
8558 11801 119 274
8558 11802 122 274
8558 11803 125 273
8558 11804 127 273
8558 11805 128 273
8558 11806 132 272
8558 11807 135 274
8558 11808 137 272
8558 11809 137 272
8558 11810 140 272
8558 11811 142 272
8558 11812 144 272
8558 11813 146 271
8558 11814 149 271
8558 11815 150 271
8558 11816 153 271
8558 11817 155 271
8558 11818 157 271
8558 11819 158 271
8558 11820 161 271
8558 11821 164 271
8558 11822 165 271
8558 11823 166 271
8558 11824 169 270
8558 11825 172 270
8558 11826 174 271
8558 11827 176 270
8558 11828 178 270
8558 11829 181 270
8558 11830 182 271
8558 11831 184 270
8558 11832 186 270
8558 11833 189 271
8558 11834 191 269
8558 11835 192 269
8558 11836 194 270
8558 11837 197 271
8558 11838 197 270
8558 11839 200 270
8558 11840 202 271
8558 11841 204 270
8558 11842 206 270
8558 11843 208 270
8558 11844 212 270
8558 11845 213 270
8558 11846 214 270
8558 11847 218 270
8558 11848 221 270
8558 11849 221 270
8558 11850 223 269
8558 11851 229 269
8558 11852 229 270
8558 11853 231 270
8558 11854 233 268
8558 11855 237 269
8558 11856 237 270
8558 11857 241 268
8558 11858 244 268
8558 11859 245 268
8558 11860 246 268
8558 11861 250 268
8558 11862 253 268
8558 11863 254 268
8558 11864 256 268
8558 11865 259 268
8558 11866 262 268
8558 11867 263 267
8558 11868 266 266
8558 11869 270 267
8558 11870 270 268
8558 11871 271 267
8558 11872 275 267
8558 11873 278 267
8558 11874 279 267
8558 11875 281 266
8558 11876 284 266
8558 11877 286 267
8558 11878 288 267
8558 11879 290 264
8558 11880 292 266
8558 11881 295 266
8558 11882 295 265
8558 11883 299 265
8558 11884 302 265
8558 11885 303 266
8558 11886 305 263
8558 11887 307 265
8558 11888 310 265
8558 11889 313 263
8558 11890 314 264
8558 11891 317 264
8558 11892 318 265
8558 11893 321 263
8558 11894 324 263
8558 11895 325 264
8558 11896 328 264
8558 11897 330 263
8558 11898 332 264
8558 11899 334 264
8558 11900 336 264
8558 11901 338 263
8558 11902 340 263
8558 11903 342 264
8558 11904 344 263
8558 11905 347 263
8558 11906 350 263
8558 11907 351 264
8558 11908 353 263
8558 11909 352 263
8558 11910 358 263
8558 11911 360 263
8558 11912 362 263
8558 11913 365 263
8558 11914 366 263
8558 11915 365 264
8620 11866 340 311
8620 11867 341 308
8620 11868 341 312
8620 11869 342 313
8620 11870 344 313
8620 11871 346 316
8620 11872 347 313
8620 11873 348 314
8620 11874 351 316
8620 11875 352 319
8620 11876 355 319
8620 11877 356 318
8620 11878 358 320
8620 11879 361 319
8620 11880 362 322
8620 11881 363 321
8620 11882 365 323
8620 11883 365 323
8620 11884 368 325
8620 11885 369 324
8620 11886 371 326
8620 11887 373 326
8620 11888 375 324
8620 11889 376 328
8620 11890 378 327
8620 11891 380 330
8620 11892 382 331
8620 11893 383 331
8620 11894 386 333
8620 11895 387 334
8620 11896 390 337
8620 11897 391 335
8620 11898 394 338
8620 11899 394 338
8620 11900 396 337
8620 11901 399 338
8620 11902 402 340
8620 11903 403 340
8620 11904 405 341
8620 11905 408 342
8620 11906 410 345
8620 11907 410 343
8620 11908 414 343
8620 11909 417 346
8620 11910 418 348
8620 11911 420 347
8620 11912 424 349
8620 11913 425 351
8620 11914 424 354
8932 12326 332 266
8932 12327 336 266
8932 12328 338 267
8932 12329 339 268
8932 12330 344 267
8932 12331 347 268
8932 12332 348 268
8932 12333 350 268
8932 12334 354 268
8932 12335 357 268
8932 12336 358 269
8932 12337 361 269
8932 12338 365 268
8932 12339 366 269
8932 12340 367 270
8932 12341 372 270
8932 12342 375 270
8932 12343 378 271
8932 12344 382 270
8932 12345 383 270
8932 12346 387 271
8932 12347 389 270
8932 12348 392 271
8932 12349 395 272
8932 12350 398 272
8932 12351 399 271
8932 12352 403 272
8932 12353 405 272
8932 12354 407 273
8932 12355 411 271
8932 12356 414 273
8932 12357 415 274
8932 12358 418 273
8932 12359 421 273
8932 12360 424 273
8932 12361 426 273
8932 12362 430 273
8932 12363 432 274
8932 12364 435 275
8932 12365 438 273
8932 12366 441 274
8932 12367 443 275
8932 12368 444 275
8932 12369 450 273
8932 12370 451 276
8932 12371 454 278
8932 12372 456 276
8932 12373 460 277
8932 12374 463 278
8932 12375 463 278
8932 12376 466 282
9086 12496 173 262
9086 12497 173 265
9086 12498 173 261
9086 12499 172 262
9086 12500 172 263
9086 12501 171 264
9086 12502 169 266
9086 12503 169 267
9086 12504 166 268
9086 12505 166 269
9086 12506 162 271
9086 12507 161 273
9086 12508 159 275
9086 12509 156 275
9086 12510 154 277
9086 12511 150 279
9086 12512 146 281
9086 12513 143 282
9086 12514 139 284
9086 12515 132 286
9086 12516 130 289
9086 12517 127 289
9086 12518 122 290
9086 12519 116 294
9086 12520 110 297
9086 12521 107 299
9086 12522 100 301
9086 12523 94 304
9086 12524 87 306
9086 12525 82 308
9086 12526 76 310
9086 12527 69 314
9086 12528 61 316
9086 12529 56 319
9086 12530 49 321
9086 12531 43 326
9086 12532 32 329
9086 12533 27 332
9086 12534 23 334
9086 12535 18 337
9086 12536 13 340
9086 12537 11 336
9086 12538 13 338
9195 12695 247 247
9195 12696 251 247
9195 12697 262 249
9195 12698 276 248
9195 12699 293 252
9195 12700 302 252
9195 12701 321 253
9195 12702 347 255
9195 12703 354 265
9242 12748 337 246
9242 12749 332 246
9242 12750 335 247
9242 12751 332 249
9242 12752 329 250
9242 12753 329 250
9242 12754 327 248
9242 12755 325 249
9242 12756 324 249
9242 12757 324 252
9242 12758 322 252
9242 12759 319 254
9242 12760 319 253
9242 12761 317 253
9242 12762 315 252
9242 12763 314 254
9242 12764 312 254
9242 12765 310 254
9242 12766 307 255
9242 12767 306 255
9242 12768 305 256
9242 12769 302 256
9242 12770 301 258
9242 12771 300 258
9242 12772 297 256
9242 12773 295 258
9242 12774 293 258
9242 12775 292 257
9242 12776 288 257
9242 12777 288 259
9242 12778 286 260
9242 12779 284 258
9242 12780 281 259
9242 12781 279 259
9242 12782 279 259
9242 12783 276 260
9242 12784 274 260
9242 12785 272 261
9242 12786 270 262
9242 12787 267 260
9242 12788 265 262
9242 12789 264 262
9242 12790 260 261
9242 12791 260 264
9242 12792 257 263
9242 12793 253 263
9242 12794 252 263
9242 12795 250 264
9242 12796 249 266
9242 12797 245 264
9242 12798 243 265
9242 12799 242 266
9242 12800 240 266
9242 12801 236 265
9242 12802 234 267
9242 12803 233 269
9242 12804 232 267
9242 12805 229 267
9242 12806 227 266
9242 12807 225 268
9242 12808 223 268
9242 12809 221 271
9242 12810 219 270
9242 12811 217 271
9242 12812 214 271
9242 12813 212 271
9242 12814 211 272
9242 12815 208 271
9242 12816 207 271
9242 12817 205 272
9242 12818 203 273
9242 12819 200 271
9242 12820 197 274
9242 12821 196 275
9242 12822 192 275
9242 12823 191 279
9242 12824 190 276
9242 12825 187 277
9242 12826 185 276
9242 12827 181 278
9242 12828 180 278
9242 12829 178 278
9242 12830 176 277
9242 12831 173 279
9242 12832 173 280
9242 12833 169 279
9242 12834 166 280
9242 12835 164 282
9242 12836 164 283
9242 12837 163 282
9242 12838 158 280
9242 12839 157 281
9242 12840 154 281
9242 12841 151 280
9242 12842 150 283
9242 12843 148 284
9242 12844 146 283
9242 12845 142 284
9242 12846 142 285
9242 12847 140 286
9242 12848 137 285
9242 12849 136 286
9242 12850 134 287
9242 12851 133 287
9242 12852 130 288
9242 12853 127 289
9242 12854 126 289
9242 12855 123 289
9242 12856 120 290
9242 12857 117 292
9242 12858 118 291
9242 12859 115 292
9242 12860 109 292
9242 12861 111 292
9242 12862 107 295
9242 12863 105 295
9242 12864 103 296
9242 12865 99 297
9242 12866 98 298
9242 12867 96 296
9242 12868 93 297
9242 12869 91 297
9242 12870 87 298
9242 12871 84 298
9242 12872 83 301
9242 12873 80 298
9242 12874 76 298
9242 12875 73 297
9242 12876 71 299
9242 12877 66 301
9242 12878 66 297
9242 12879 66 299
9242 12880 61 300
9242 12881 57 300
9242 12882 54 300
9242 12883 52 302
9242 12884 50 303
9242 12885 46 300
9242 12886 44 302
9242 12887 43 301
9242 12888 42 303
9242 12889 37 303
9242 12890 39 305
9253 12765 29 342
9253 12766 34 340
9253 12767 38 339
9253 12768 34 341
9253 12769 40 339
9253 12770 41 339
9253 12771 43 339
9253 12772 46 339
9253 12773 49 335
9253 12774 50 335
9253 12775 53 335
9253 12776 56 336
9253 12777 58 333
9253 12778 60 331
9253 12779 63 334
9253 12780 64 334
9253 12781 66 328
9253 12782 67 328
9253 12783 70 329
9253 12784 73 327
9253 12785 74 324
9253 12786 76 324
9253 12787 79 325
9253 12788 80 322
9253 12789 82 322
9253 12790 84 321
9253 12791 87 320
9253 12792 88 318
9253 12793 91 318
9253 12794 93 317
9253 12795 94 317
9253 12796 95 316
9253 12797 99 316
9253 12798 100 317
9253 12799 101 314
9253 12800 103 314
9282 12812 100 251
9282 12813 98 250
9282 12814 98 252
9282 12815 101 249
9282 12816 127 258
9282 12817 127 258
9282 12818 129 257
9282 12819 132 258
9282 12820 133 259
9282 12821 136 260
9282 12822 137 260
9282 12823 138 261
9282 12824 140 262
9282 12825 142 262
9282 12826 144 263
9282 12827 145 263
9282 12828 147 263
9282 12829 147 263
9282 12830 151 262
9282 12831 151 262
9282 12832 154 264
9282 12833 155 263
9282 12834 157 263
9282 12835 159 262
9282 12836 160 262
9282 12837 162 263
9282 12838 164 264
9282 12839 165 265
9282 12840 167 264
9282 12841 170 264
9282 12842 171 264
9282 12843 173 264
9282 12844 174 263
9282 12845 175 264
9282 12846 177 263
9282 12847 179 265
9282 12848 181 265
9282 12849 184 263
9282 12850 186 263
9282 12851 187 265
9282 12852 189 264
9282 12853 187 270
9433 13043 291 332
9433 13044 292 330
9433 13045 294 333
9433 13046 293 337
9433 13047 295 333
9433 13048 295 333
9433 13049 298 334
9433 13050 299 341
9433 13051 301 335
9433 13052 303 337
9433 13053 304 339
9433 13054 304 340
9433 13055 308 338
9433 13056 306 340
9433 13057 309 342
9433 13058 309 344
9433 13059 311 343
9433 13060 313 345
9433 13061 314 350
9433 13062 316 347
9433 13063 319 347
9433 13064 321 348
9433 13065 322 351
9433 13066 324 351
9433 13067 326 352
9433 13068 326 355
9433 13069 326 359
9433 13070 327 354
9433 13071 329 355
9433 13072 330 355
9433 13073 332 357
9433 13074 336 357
9433 13075 337 364
9433 13076 339 360
9433 13077 341 368
9433 13078 342 362
9433 13079 344 363
9433 13080 344 368
9433 13081 347 364
9433 13082 348 366
9433 13083 351 367
9433 13084 353 369
9433 13085 356 371
9433 13086 358 371
9433 13087 358 378
9433 13088 360 378
9433 13089 364 374
9433 13090 364 378
9433 13091 367 375
9433 13092 363 381
9451 13050 138 284
9451 13051 133 287
9451 13052 124 291
9451 13053 117 293
9451 13054 113 296
9451 13055 112 299
9451 13056 106 301
9451 13057 97 304
9451 13058 90 307
9451 13059 87 307
9451 13060 81 312
9451 13061 76 317
9451 13062 69 317
9451 13063 60 321
9484 13067 351 298
9484 13068 350 302
9484 13069 350 298
9484 13070 352 302
9484 13071 353 301
9484 13072 354 302
9484 13073 357 299
9484 13074 359 299
9484 13075 362 293
9484 13076 363 299
9484 13077 366 296
9484 13078 367 296
9484 13079 368 297
9484 13080 372 294
9484 13081 373 294
9484 13082 374 295
9484 13083 377 294
9484 13084 380 292
9484 13085 382 292
9484 13086 384 291
9484 13087 387 292
9484 13088 388 290
9484 13089 389 290
9484 13090 391 290
9484 13091 394 289
9484 13092 396 287
9484 13093 397 288
9484 13094 399 288
9484 13095 404 286
9484 13096 406 286
9484 13097 405 287
9484 13098 410 285
9484 13099 411 285
9484 13100 413 285
9484 13101 416 284
9484 13102 418 280
9484 13103 419 285
9484 13104 423 287
9524 13145 521 435
9524 13146 519 434
9524 13147 521 437
9524 13148 526 437
9524 13149 526 445
9524 13150 530 441
9524 13151 534 443
9524 13152 538 444
9524 13153 539 446
9524 13154 542 446
9524 13155 546 446
9524 13156 549 447
9524 13157 554 450
9524 13158 556 459
9524 13159 559 453
9524 13160 563 452
9524 13161 566 455
9524 13162 571 457
9524 13163 574 458
9524 13164 576 459
9524 13165 581 461
9524 13166 586 461
9524 13167 589 464
9524 13168 588 471
9524 13169 593 465
9524 13170 596 471
9524 13171 597 465
9524 13172 599 466
9524 13173 603 467
9524 13174 608 467
9524 13175 608 468