1 1 478 333
1 2 471 334
1 3 473 334
1 4 474 331
1 5 477 332
1 6 478 335
1 7 481 338
1 8 478 339
1 9 480 337
1 10 480 337
1 11 481 337
1 12 483 340
1 13 482 339
1 14 486 339
1 15 485 340
1 16 488 339
1 17 490 342
1 18 491 342
1 19 491 342
1 20 494 342
1 21 494 343
1 22 498 341
1 23 499 342
1 24 500 344
1 25 505 345
1 26 505 344
1 27 506 344
1 28 508 346
1 29 512 345
1 30 511 345
1 31 514 346
1 32 516 347
1 33 518 347
1 34 518 347
1 35 520 348
1 36 523 348
1 37 525 348
1 38 529 348
1 39 530 349
1 40 531 350
1 41 534 350
1 42 535 350
1 43 539 351
1 44 539 353
1 45 540 353
1 46 542 354
1 47 547 352
1 48 549 352
1 49 553 352
1 50 554 354
1 51 553 352
1 52 557 352
1 53 560 352
1 54 564 351
1 55 563 355
1 56 565 355
1 57 567 353
1 58 570 353
1 59 571 354
1 60 574 354
1 61 574 357
1 62 577 354
1 63 581 354
1 64 583 355
1 65 582 358
1 66 588 356
1 67 588 355
1 68 592 356
1 69 591 357
1 70 596 357
1 71 597 356
1 72 599 357
1 73 604 361
1 74 603 356
1 75 608 358
1 76 610 359
1 77 611 360
1 78 612 354
1 79 615 358
1 80 617 358
1 81 620 358
1 82 622 358
1 83 624 357
1 84 623 360
1 85 625 360
1 86 630 360
1 87 633 360
1 88 633 360
1 89 634 360
1 90 635 357
281 1282 487 278
281 1283 486 268
281 1284 481 265
281 1285 473 264
281 1286 459 263
281 1287 445 263
281 1288 436 262
281 1289 423 260
281 1290 415 260
281 1291 405 258
281 1292 392 258
281 1293 374 256
281 1294 384 255
426 1775 215 322
426 1776 217 322
426 1777 218 331
426 1778 220 330
426 1779 219 329
426 1780 221 331
426 1781 222 330
426 1782 224 331
426 1783 228 332
426 1784 228 330
426 1785 230 336
426 1786 232 328
426 1787 232 333
426 1788 235 340
426 1789 235 338
426 1790 237 339
426 1791 239 339
426 1792 241 341
426 1793 242 347
426 1794 245 350
426 1795 246 344
426 1796 248 344
426 1797 249 346
426 1798 254 347
426 1799 253 346
426 1800 256 350
426 1801 257 348
426 1802 260 351
426 1803 260 349
426 1804 263 354
426 1805 264 354
426 1806 268 355
426 1807 269 357
426 1808 272 356
426 1809 273 357
594 3257 233 249
594 3258 236 249
594 3259 252 251
594 3260 267 251
594 3261 282 255
594 3262 300 256
594 3263 318 257
594 3264 338 259
594 3265 333 264
644 3387 431 264
644 3388 434 262
644 3389 421 261
644 3390 411 261
644 3391 403 259
644 3392 391 259
644 3393 380 259
644 3394 369 257
644 3395 359 256
644 3396 347 255
644 3397 334 254
644 3398 324 254
644 3399 310 253
644 3400 300 252
644 3401 292 251
644 3402 280 249
644 3403 269 249
644 3404 260 248
644 3405 250 247
644 3406 245 246
644 3407 240 246
712 3588 3 405
712 3589 5 406
712 3590 7 405
712 3591 8 397
712 3592 6 396
712 3593 10 396
712 3594 13 398
712 3595 16 396
712 3596 19 396
712 3597 23 395
712 3598 21 394
712 3599 27 394
712 3600 27 394
712 3601 30 392
712 3602 31 392
712 3603 34 390
712 3604 39 391
712 3605 40 391
712 3606 43 391
712 3607 48 390
712 3608 50 390
712 3609 56 390
712 3610 58 390
712 3611 61 389
712 3612 62 393
712 3613 67 390
712 3614 67 389
712 3615 70 391
712 3616 74 391
712 3617 76 392
712 3618 83 388
712 3619 82 391
712 3620 85 391
712 3621 89 386
712 3622 95 388
712 3623 96 392
712 3624 96 388
712 3625 100 386
712 3626 104 388
712 3627 107 386
712 3628 110 387
712 3629 113 387
712 3630 116 385
712 3631 120 387
712 3632 123 387
712 3633 123 387
712 3634 129 385
712 3635 132 386
712 3636 136 388
712 3637 137 386
712 3638 140 386
712 3639 144 383
712 3640 147 385
712 3641 149 385
712 3642 154 385
712 3643 156 385
712 3644 157 382
712 3645 163 385
712 3646 167 385
712 3647 169 385
712 3648 170 384
712 3649 171 384
712 3650 173 383
712 3651 180 383
712 3652 183 383
712 3653 185 385
712 3654 186 382
712 3655 192 382
712 3656 196 383
712 3657 197 383
712 3658 197 382
712 3659 199 382
712 3660 205 383
712 3661 210 381
712 3662 212 381
712 3663 212 381
712 3664 220 381
712 3665 225 378
712 3666 227 380
712 3667 224 386
712 3668 226 393
753 3665 235 246
753 3666 230 246
753 3667 238 248
753 3668 247 248
753 3669 257 248
753 3670 264 248
753 3671 272 249
753 3672 282 250
753 3673 292 251
753 3674 300 252
753 3675 308 252
753 3676 319 252
753 3677 328 254
753 3678 338 255
753 3679 347 257
753 3680 359 256
753 3681 370 258
753 3682 381 258
753 3683 393 258
753 3684 403 260
753 3685 412 259
753 3686 424 262
753 3687 436 263
753 3688 450 264
753 3689 461 264
753 3690 467 263
753 3691 471 264
753 3692 476 266
753 3693 480 266
753 3694 489 266
754 3668 229 380
754 3669 233 380
754 3670 238 379
754 3671 241 381
754 3672 241 381
754 3673 246 379
754 3674 248 379
754 3675 254 378
754 3676 255 380
754 3677 258 379
754 3678 260 378
754 3679 265 378
754 3680 269 377
754 3681 270 377
754 3682 270 378
754 3683 276 377
754 3684 281 377
754 3685 284 377
754 3686 286 376
754 3687 286 377
754 3688 293 376
754 3689 297 376
754 3690 297 375
754 3691 299 376
754 3692 304 375
754 3693 308 375
754 3694 313 375
754 3695 313 374
754 3696 313 374
754 3697 319 374
754 3698 323 374
754 3699 325 374
754 3700 327 375
754 3701 332 374
754 3702 337 374
754 3703 339 374
754 3704 339 373
754 3705 342 373
754 3706 347 373
754 3707 350 372
754 3708 353 373
754 3709 354 372
754 3710 358 373
754 3711 362 372
754 3712 364 371
754 3713 367 371
754 3714 369 371
754 3715 374 371
754 3716 376 371
754 3717 379 370
754 3718 381 369
754 3719 383 369
754 3720 387 369
754 3721 389 369
754 3722 393 368
754 3723 393 366
754 3724 397 368
754 3725 399 367
754 3726 405 367
754 3727 410 364
754 3728 411 366
754 3729 413 369
754 3730 415 366
754 3731 419 365
754 3732 419 365
754 3733 422 364
754 3734 427 364
754 3735 428 362
754 3736 431 363
754 3737 433 364
754 3738 434 363
754 3739 438 362
754 3740 442 362
754 3741 444 361
754 3742 445 361
754 3743 452 361
754 3744 453 360
754 3745 456 360
754 3746 458 361
754 3747 458 360
754 3748 464 360
754 3749 466 359
754 3750 468 359
754 3751 470 359
754 3752 474 359
754 3753 477 359
754 3754 480 359
754 3755 482 361
754 3756 483 358
754 3757 487 358
754 3758 490 360
754 3759 492 357
754 3760 493 357
754 3761 496 359
754 3762 497 359
754 3763 503 357
754 3764 506 359
754 3765 509 357
754 3766 509 357
754 3767 511 355
754 3768 516 356
754 3769 516 356
754 3770 518 357
838 3866 403 252
838 3867 392 257
838 3868 381 257
838 3869 372 256
838 3870 359 255
838 3871 348 255
838 3872 339 254
838 3873 329 254
838 3874 317 251
838 3875 307 252
838 3876 297 250
838 3877 289 249
838 3878 280 249
838 3879 270 247
838 3880 262 247
838 3881 254 247
838 3882 247 246
838 3883 245 248
838 3884 237 246
913 4384 150 464
913 4385 152 464
913 4386 156 464
913 4387 157 463
913 4388 161 463
913 4389 165 463
913 4390 170 463
913 4391 171 462
913 4392 174 460
913 4393 178 462
913 4394 183 461
913 4395 185 461
913 4396 186 461
913 4397 191 461
913 4398 196 459
913 4399 197 458
913 4400 200 460
913 4401 202 459
913 4402 207 458
913 4403 214 458
913 4404 211 458
913 4405 214 458
913 4406 217 458
913 4407 221 458
913 4408 225 457
913 4409 226 456
913 4410 228 456
913 4411 232 456
913 4412 236 455
913 4413 239 455
913 4414 239 456
913 4415 241 456
913 4416 246 455
913 4417 251 454
913 4418 251 454
913 4419 253 453
913 4420 256 454
913 4421 261 452
913 4422 264 451
913 4423 266 453
913 4424 267 452
913 4425 271 450
913 4426 276 449
913 4427 277 449
913 4428 279 448
913 4429 283 448
913 4430 285 447
913 4431 288 447
913 4432 291 448
913 4433 293 447
913 4434 295 447
913 4435 301 446
913 4436 301 445
913 4437 304 444
913 4438 307 444
913 4439 308 443
1019 4826 484 266
1019 4827 477 266
1019 4828 469 266
1019 4829 455 265
1019 4830 441 264
1019 4831 427 263
1019 4832 410 261
1019 4833 394 261
1019 4834 381 259
1019 4835 366 258
1019 4836 350 257
1019 4837 337 256
1019 4838 324 255
1019 4839 307 254
1019 4840 293 252
1019 4841 280 251
1019 4842 268 249
1019 4843 254 249
1019 4844 244 248
1019 4845 230 247
1156 5436 107 256
1156 5437 108 259
1156 5438 108 260
1156 5439 110 259
1156 5440 112 255
1156 5441 113 259
1156 5442 114 260
1156 5443 115 259
1156 5444 115 258
1156 5445 117 258
1156 5446 119 260
1156 5447 121 260
1156 5448 123 261
1156 5449 123 262
1156 5450 125 261
1156 5451 127 262
1156 5452 128 263
1156 5453 129 263
1156 5454 131 263
1156 5455 133 263
1156 5456 135 264
1156 5457 138 262
1156 5458 139 262
1156 5459 140 263
1156 5460 141 263
1156 5461 144 264
1156 5462 145 264
1156 5463 147 265
1156 5464 147 264
1156 5465 150 262
1156 5466 152 263
1156 5467 152 264
1156 5468 155 263
1156 5469 156 263
1156 5470 158 264
1156 5471 158 264
1156 5472 161 265
1156 5473 163 264
1156 5474 163 265
1156 5475 164 265
1156 5476 167 266
1156 5477 168 264
1156 5478 170 265
1156 5479 171 266
1156 5480 172 264
1156 5481 173 265
1156 5482 175 266
1156 5483 177 267
1156 5484 179 268
1156 5485 179 266
1156 5486 180 268
1156 5487 182 269
1156 5488 185 267
1156 5489 185 266
1156 5490 186 268
1156 5491 188 270
1156 5492 191 274
1156 5493 196 271
1156 5494 193 269
1156 5495 195 270
1156 5496 196 269
1156 5497 196 270
1156 5498 199 270
1156 5499 202 270
1156 5500 204 271
1156 5501 204 271
1156 5502 204 271
1156 5503 208 271
1156 5504 210 271
1156 5505 209 271
1156 5506 211 271
1156 5507 212 271
1156 5508 215 272
1156 5509 214 273
1156 5510 218 272
1156 5511 218 269
1736 7075 370 257
1736 7076 372 254
1736 7077 379 257
1736 7078 371 262
1736 7079 374 262
1736 7080 382 264
1736 7081 393 264
1736 7082 399 266
1736 7083 409 266
1736 7084 418 266
1736 7085 426 267
1736 7086 431 268
1736 7087 440 268
1736 7088 453 269
1736 7089 467 270
1736 7090 472 271
1736 7091 480 272
1736 7092 487 273
1798 7101 490 345
1798 7102 489 346
1798 7103 484 343
1798 7104 483 340
1798 7105 481 336
1798 7106 479 333
1798 7107 476 330
1798 7108 473 331
1798 7109 470 328
1798 7110 468 331
1798 7111 467 329
1798 7112 466 332
1798 7113 463 329
1798 7114 460 328
1798 7115 459 327
1798 7116 457 324
1798 7117 455 327
1798 7118 453 324
1798 7119 451 323
1798 7120 449 325
1798 7121 447 323
1798 7122 445 320
1798 7123 445 322
1798 7124 443 322
1798 7125 441 321
1798 7126 437 319
1798 7127 436 321
1798 7128 435 318
1798 7129 433 318
1798 7130 432 318
1798 7131 429 316
1798 7132 428 315
2036 7347 234 249
2036 7348 235 250
2036 7349 247 250
2036 7350 260 251
2036 7351 273 253
2036 7352 284 253
2036 7353 299 256
2036 7354 312 256
2036 7355 325 258
2036 7356 341 259
2036 7357 356 260
2036 7358 370 260
2036 7359 383 262
2036 7360 400 263
2036 7361 415 265
2036 7362 430 267
2036 7363 448 267
2036 7364 463 268
2036 7365 472 269
2201 7540 407 351
2201 7541 407 354
2201 7542 403 350
2201 7543 409 353
2201 7544 413 354
2201 7545 416 355
2201 7546 418 356
2201 7547 419 356
2201 7548 423 354
2201 7549 424 354
2201 7550 427 357
2201 7551 427 358
2201 7552 432 358
2201 7553 433 360
2201 7554 436 361
2201 7555 438 361
2201 7556 440 360
2201 7557 441 364
2201 7558 445 365
2201 7559 448 364
2201 7560 451 364
2201 7561 453 366
2201 7562 453 367
2201 7563 457 366
2201 7564 459 364
2201 7565 462 368
2201 7566 470 368
2201 7567 466 367
2201 7568 469 368
2201 7569 474 370
2201 7570 475 368
2201 7571 478 371
2201 7572 479 371
2201 7573 477 372
2201 7574 486 372
2201 7575 489 372
2201 7576 489 369
2201 7577 491 374
2201 7578 497 373
2201 7579 498 374
2201 7580 498 376
2201 7581 501 377
2201 7582 506 376
2201 7583 508 378
2201 7584 504 369
2314 7754 486 268
2314 7755 480 265
2314 7756 476 265
2314 7757 464 264
2314 7758 449 263
2314 7759 437 261
2314 7760 422 260
2314 7761 410 259
2314 7762 398 259
2314 7763 385 257
2314 7764 369 256
2314 7765 358 256
2314 7766 347 255
2314 7767 333 255
2314 7768 338 248
2502 8132 375 250
2502 8133 369 259
2502 8134 388 261
2502 8135 409 261
2502 8136 430 263
2502 8137 447 265
2502 8138 460 265
2502 8139 473 267
2502 8140 483 268
2502 8141 501 263
2904 9455 491 258
2904 9456 481 262
2904 9457 470 258
2904 9458 461 259
2904 9459 453 256
2904 9460 442 259
2904 9461 436 259
2904 9462 424 256
2904 9463 412 257
2904 9464 401 256
2904 9465 395 254
2904 9466 382 254
2904 9467 372 252
2904 9468 362 253
2904 9469 357 252
2904 9470 343 251
2904 9471 334 250
2904 9472 327 250
2904 9473 316 254
3086 10141 530 377
3086 10142 529 375
3086 10143 525 377
3086 10144 525 379
3086 10145 521 378
3086 10146 520 379
3086 10147 519 376
3086 10148 514 379
3086 10149 516 381
3086 10150 510 382
3086 10151 508 380
3086 10152 506 381
3086 10153 505 383
3086 10154 500 383
3086 10155 501 383
3086 10156 499 385
3086 10157 495 386
3086 10158 493 383
3086 10159 491 384
3086 10160 487 385
3086 10161 487 388
3086 10162 486 387
3086 10163 483 387
3086 10164 482 389
3086 10165 478 390
3086 10166 479 389
3086 10167 475 390
3086 10168 471 389
3086 10169 468 391
3086 10170 468 393
3086 10171 466 391
3086 10172 462 392
3086 10173 460 393
3086 10174 458 394
3086 10175 458 394
3086 10176 454 393
3086 10177 448 394
3086 10178 453 394
3611 11390 486 268
3611 11391 480 263
3611 11392 472 263
3611 11393 463 262
3611 11394 449 262
3611 11395 439 260
3611 11396 424 259
3611 11397 413 258
3611 11398 405 252
3611 11399 392 252
3611 11400 405 250
3615 11433 488 271
3615 11434 484 265
3615 11435 476 265
3615 11436 468 265
3615 11437 452 263
3615 11438 440 263
3615 11439 429 262
3615 11440 416 261
3615 11441 408 259
3615 11442 394 257
3615 11443 383 257
3615 11444 367 256
3615 11445 355 255
3615 11446 348 255
3615 11447 331 255
3615 11448 325 253
3766 11878 128 255
3766 11879 128 254
3766 11880 130 256
3766 11881 127 252
3766 11882 126 256
3766 11883 127 256
3766 11884 125 257
3766 11885 125 256
3766 11886 123 257
3766 11887 123 257
3766 11888 122 257
3766 11889 122 257
3766 11890 121 258
3766 11891 118 258
3766 11892 119 258
3766 11893 119 261
3766 11894 116 258
3766 11895 115 257
3766 11896 116 260
3766 11897 115 261
3766 11898 111 260
3766 11899 113 260
3766 11900 112 261
3766 11901 107 261
3766 11902 110 260
3766 11903 104 259
3766 11904 103 260
3766 11905 101 262
3766 11906 101 262
3766 11907 101 262
3766 11908 99 262
3766 11909 99 263
3766 11910 98 263
3766 11911 98 262
3766 11912 95 263
3766 11913 93 262
3766 11914 92 261
3766 11915 92 261
3766 11916 92 264
3766 11917 89 264
3766 11918 86 264
3766 11919 85 264
3766 11920 84 264
3766 11921 82 266
3766 11922 83 265
3766 11923 81 263
3766 11924 81 267
3766 11925 80 267
3766 11926 81 266
3766 11927 77 265
3766 11928 76 267
3766 11929 73 269
3766 11930 74 268
3766 11931 74 270
3766 11932 71 270
3766 11933 70 270
3766 11934 69 270
3766 11935 68 270
3766 11936 68 271
3766 11937 68 271
3766 11938 67 271
3766 11939 66 272
3766 11940 68 272
3766 11941 66 276
3972 12501 192 261
3972 12502 194 260
3972 12503 192 260
3972 12504 187 263
3972 12505 184 265
3972 12506 175 266
3972 12507 176 265
3972 12508 171 268
3972 12509 163 269
3972 12510 163 271
3972 12511 160 271
3972 12512 154 272
3972 12513 149 274
3972 12514 141 275
3972 12515 144 278
3972 12516 136 277
3972 12517 133 281
3972 12518 131 281
3972 12519 126 284
3972 12520 118 286
3972 12521 121 286
3972 12522 126 291
4150 13221 244 250
4150 13222 245 251
4150 13223 257 252
4150 13224 270 253
4150 13225 281 254
4150 13226 290 255
4150 13227 304 255
4150 13228 320 257
4150 13229 332 257
4150 13230 344 260
4150 13231 360 260
4150 13232 375 260
4150 13233 375 261
4150 13234 383 262
4230 13425 489 269
4230 13426 485 266
4230 13427 477 266
4230 13428 474 265
4230 13429 461 265
4230 13430 448 264
4230 13431 443 263
4230 13432 436 262
4230 13433 428 261
4230 13434 416 259
4230 13435 407 259
4230 13436 398 259
4230 13437 390 258
4230 13438 381 258
4230 13439 370 257
4230 13440 364 256
4230 13441 356 256
4230 13442 348 256
4230 13443 339 255
4230 13444 332 253
4230 13445 326 254
4230 13446 317 254
4230 13447 310 253
4230 13448 304 252
4230 13449 297 253
4230 13450 290 251
4230 13451 285 250
4230 13452 279 252
4230 13453 273 251
4230 13454 265 251
4230 13455 260 252
4230 13456 255 252
4230 13457 249 252
4230 13458 245 251
4230 13459 239 252
4230 13460 235 253
4230 13461 230 253
4230 13462 237 252
4256 13469 189 258
4256 13470 193 259
4256 13471 184 260
4256 13472 187 259
4256 13473 181 260
4256 13474 179 261
4256 13475 177 263
4256 13476 174 264
4256 13477 170 265
4256 13478 166 266
4256 13479 164 267
4256 13480 160 268
4256 13481 157 268
4256 13482 155 270
4256 13483 149 270
4256 13484 147 271
4256 13485 144 273
4256 13486 141 274
4256 13487 139 275
4256 13488 135 276
4256 13489 131 276
4256 13490 130 277
4256 13491 124 279
4256 13492 123 280
4256 13493 118 281
4256 13494 116 282
4256 13495 114 283
4256 13496 110 284
4256 13497 108 285
4256 13498 107 285
4256 13499 104 287
4256 13500 100 288
4256 13501 98 290
4256 13502 95 290
4256 13503 91 292
4256 13504 88 293
4256 13505 87 294
4256 13506 84 295
4256 13507 82 296
4256 13508 79 297
4256 13509 75 299
4256 13510 73 301
4256 13511 69 302
4256 13512 66 303
4256 13513 63 305
4256 13514 60 306
4256 13515 57 309
4256 13516 53 311
4256 13517 51 312
4256 13518 47 314
4256 13519 43 316
4256 13520 41 317
4256 13521 37 319
4256 13522 31 321
4256 13523 28 322
4256 13524 25 325
4256 13525 22 327
4256 13526 21 329
4256 13527 18 330
4256 13528 17 332
4256 13529 14 332
4256 13530 12 333
4256 13531 11 332
4256 13532 9 334
4256 13533 6 339
4256 13534 5 340