36 105 193 405
36 106 194 401
36 107 195 400
36 108 198 398
36 109 200 395
36 110 201 395
36 111 203 395
36 112 206 393
36 113 208 390
36 114 211 388
36 115 212 386
36 116 214 384
36 117 217 383
36 118 218 382
36 119 220 381
36 120 222 379
36 121 226 376
36 122 227 375
36 123 229 373
36 124 231 372
36 125 233 371
36 126 235 369
36 127 240 366
36 128 241 365
36 129 242 362
36 130 243 361
36 131 247 363
36 132 248 359
36 133 249 359
36 134 251 358
36 135 253 357
36 136 254 354
36 137 256 351
36 138 257 338
36 139 259 350
36 140 263 349
36 141 266 350
36 142 264 347
36 143 266 346
36 144 267 344
36 145 269 345
36 146 271 344
36 147 272 342
164 654 486 266
164 655 481 263
164 656 472 263
164 657 468 263
164 658 456 262
164 659 443 261
164 660 430 261
164 661 420 259
164 662 409 258
164 663 396 257
164 664 388 256
164 665 375 256
164 666 362 254
164 667 369 258
277 1700 334 253
277 1701 348 260
277 1702 363 260
277 1703 379 263
277 1704 395 264
277 1705 404 264
277 1706 427 266
277 1707 439 267
277 1708 451 274
277 1709 458 275
322 2042 471 269
322 2043 459 263
322 2044 448 262
322 2045 433 262
322 2046 421 261
322 2047 394 259
322 2048 389 258
322 2049 380 258
322 2050 365 256
322 2051 350 255
322 2052 337 254
322 2053 327 253
322 2054 316 253
322 2055 331 251
347 2304 463 266
347 2305 461 264
347 2306 443 262
347 2307 434 261
347 2308 422 260
347 2309 409 259
347 2310 394 258
347 2311 380 257
347 2312 371 256
347 2313 355 255
347 2314 350 255
347 2315 337 253
347 2316 328 253
347 2317 336 252
350 2381 243 250
350 2382 247 251
350 2383 265 253
350 2384 280 254
350 2385 296 255
350 2386 320 257
350 2387 345 260
350 2388 365 260
350 2389 384 263
350 2390 399 264
350 2391 391 266
411 2610 485 268
411 2611 473 264
411 2612 463 264
411 2613 448 263
411 2614 425 261
411 2615 410 259
411 2616 397 258
411 2617 376 256
411 2618 361 255
411 2619 347 255
411 2620 334 253
411 2621 317 252
411 2622 298 250
416 2831 489 269
416 2832 485 266
416 2833 481 264
416 2834 474 264
416 2835 465 263
416 2836 455 262
416 2837 442 261
416 2838 429 260
416 2839 421 260
416 2840 413 258
416 2841 400 258
416 2842 383 257
416 2843 374 256
416 2844 367 255
416 2845 350 254
416 2846 343 254
416 2847 347 246
483 3728 483 269
483 3729 478 266
483 3730 463 265
483 3731 444 263
483 3732 430 262
483 3733 411 261
483 3734 394 259
483 3735 376 258
483 3736 362 256
483 3737 344 255
483 3738 315 253
483 3739 314 252
486 3876 233 250
486 3877 237 249
486 3878 239 248
486 3879 249 248
486 3880 252 249
486 3881 260 250
486 3882 264 250
486 3883 273 250
486 3884 280 251
486 3885 289 252
486 3886 293 252
486 3887 302 253
486 3888 310 254
486 3889 318 255
486 3890 326 255
486 3891 332 255
486 3892 339 255
486 3893 345 256
486 3894 352 257
486 3895 359 258
486 3896 351 258
486 3897 353 264
640 4697 481 266
640 4698 468 265
640 4699 451 264
640 4700 435 263
640 4701 420 262
640 4702 397 259
640 4703 378 257
640 4704 362 256
640 4705 346 255
640 4706 331 253
640 4707 317 253
640 4708 303 251
640 4709 288 251
640 4710 274 248
640 4711 260 248
640 4712 243 247
640 4713 249 250
669 5122 271 255
669 5123 280 255
669 5124 294 256
669 5125 307 257
669 5126 321 258
669 5127 336 259
669 5128 350 262
669 5129 364 263
669 5130 380 263
669 5131 390 265
669 5132 406 266
669 5133 422 268
669 5134 437 269
669 5135 453 269
669 5136 466 271
669 5137 476 270
752 5534 460 402
752 5535 460 404
752 5536 458 401
752 5537 455 403
752 5538 451 406
752 5539 450 405
752 5540 445 405
752 5541 442 406
752 5542 441 410
752 5543 435 409
752 5544 433 415
752 5545 430 415
752 5546 427 412
752 5547 427 411
752 5548 424 416
752 5549 421 421
752 5550 416 422
752 5551 414 419
752 5552 414 420
752 5553 409 423
752 5554 405 421
752 5555 403 424
752 5556 399 429
752 5557 396 430
752 5558 394 426
752 5559 391 430
752 5560 388 434
752 5561 383 437
752 5562 381 433
752 5563 378 435
752 5564 374 433
752 5565 370 434
752 5566 368 440
752 5567 366 440
752 5568 359 441
752 5569 356 440
752 5570 353 444
752 5571 350 445
752 5572 347 446
752 5573 345 447
752 5574 340 449
752 5575 333 448
752 5576 331 449
752 5577 328 452
752 5578 323 453
752 5579 320 452
752 5580 314 452
752 5581 312 453
752 5582 307 454
752 5583 303 460
752 5584 299 461
752 5585 295 458
752 5586 293 459
752 5587 289 462
752 5588 286 464
752 5589 279 464
752 5590 275 465
752 5591 272 466
752 5592 268 466
752 5593 265 467
752 5594 260 467
752 5595 257 468
752 5596 250 468
752 5597 253 471
802 5601 60 311
802 5602 60 313
802 5603 55 315
802 5604 46 319
802 5605 40 324
802 5606 33 327
802 5607 27 330
802 5608 22 335
802 5609 18 337
802 5610 15 340
802 5611 11 341
802 5612 7 343
802 5613 3 351
936 6374 473 267
936 6375 465 265
936 6376 449 264
936 6377 437 263
936 6378 420 261
936 6379 402 260
936 6380 386 259
936 6381 375 258
936 6382 358 256
936 6383 342 254
936 6384 326 253
936 6385 311 252
936 6386 301 251
936 6387 286 250
936 6388 270 248
936 6389 260 248
936 6390 243 247
936 6391 239 246
1007 6540 475 262
1007 6541 466 262
1007 6542 451 261
1007 6543 438 260
1007 6544 424 259
1007 6545 409 258
1007 6546 400 257
1007 6547 386 256
1007 6548 374 254
1007 6549 360 253
1007 6550 347 253
1007 6551 338 252
1007 6552 325 250
1007 6553 314 250
1007 6554 305 249
1007 6555 294 248
1007 6556 282 247
1021 6591 552 392
1021 6592 554 393
1021 6593 557 392
1021 6594 560 393
1021 6595 564 391
1021 6596 566 389
1021 6597 569 393
1021 6598 572 390
1021 6599 575 387
1021 6600 577 387
1021 6601 581 386
1021 6602 583 386
1021 6603 587 384
1021 6604 589 388
1021 6605 592 383
1021 6606 594 382
1021 6607 597 382
1021 6608 600 382
1021 6609 603 381
1021 6610 607 378
1021 6611 605 382
1021 6612 612 379
1021 6613 616 379
1021 6614 616 378
1021 6615 619 378
1021 6616 622 377
1021 6617 625 376
1021 6618 628 376
1021 6619 630 375
1021 6620 633 375
1021 6621 636 375
1420 8320 163 268
1420 8321 165 267
1420 8322 160 268
1420 8323 156 269
1420 8324 160 269
1420 8325 156 271
1420 8326 147 273
1420 8327 143 274
1420 8328 141 275
1420 8329 137 277
1420 8330 133 278
1420 8331 128 280
1420 8332 124 282
1420 8333 121 283
1420 8334 117 284
1420 8335 118 285
1420 8336 109 289
1420 8337 108 289
1420 8338 101 292
1420 8339 96 294
1420 8340 91 297
1420 8341 92 296
1420 8342 83 300
1420 8343 78 302
1420 8344 73 305
1420 8345 73 306
1420 8346 79 303
1420 8347 78 303
1487 8460 149 270
1487 8461 148 269
1487 8462 142 270
1487 8463 139 274
1487 8464 139 273
1487 8465 134 274
1487 8466 132 276
1487 8467 127 277
1487 8468 125 280
1487 8469 127 281
1487 8470 122 282
1487 8471 119 285
1487 8472 117 288
1487 8473 109 290
1487 8474 104 294
1487 8475 104 294
1487 8476 98 296
1487 8477 96 298
1487 8478 92 300
1487 8479 87 301
1487 8480 84 303
1487 8481 80 306
1487 8482 73 310
1487 8483 70 311
1487 8484 66 313
1487 8485 59 316
1487 8486 53 319
1487 8487 47 321
1487 8488 42 326
1487 8489 52 328
1487 8490 44 331
1487 8491 36 329
1501 8530 370 261
1501 8531 370 261
1501 8532 380 262
1501 8533 390 263
1501 8534 401 264
1501 8535 409 266
1501 8536 419 265
1501 8537 430 267
1501 8538 441 266
1501 8539 450 267
1501 8540 459 269
1501 8541 466 269
1501 8542 472 269
1501 8543 468 276
2552 9704 371 258
2552 9705 363 257
2552 9706 356 257
2552 9707 349 256
2552 9708 341 256
2552 9709 335 256
2552 9710 327 255
2552 9711 319 254
2552 9712 310 253
2552 9713 304 253
2552 9714 297 253
2552 9715 288 251
2552 9716 280 251
2552 9717 273 248
2552 9718 267 249
2552 9719 260 247
2552 9720 254 247
2552 9721 252 247
2552 9722 249 247
2552 9723 245 247
2552 9724 238 246
3560 10193 587 374
3560 10194 586 372
3560 10195 584 372
3560 10196 579 372
3560 10197 580 373
3560 10198 577 371
3560 10199 575 370
3560 10200 572 370
3560 10201 571 367
3560 10202 571 365
3560 10203 569 364
3560 10204 565 366
3560 10205 564 362
3560 10206 561 361
3560 10207 560 369
3560 10208 558 362
3560 10209 554 361
3560 10210 554 366
3560 10211 552 364
3560 10212 549 358
3560 10213 546 362
3560 10214 545 358
3560 10215 542 360
3560 10216 541 362
3560 10217 540 357
3560 10218 536 359
3560 10219 533 359
3560 10220 535 355
3560 10221 531 359
3560 10222 528 358
3560 10223 525 358
3560 10224 526 356
3560 10225 523 355
3560 10226 520 355
3560 10227 516 357
3560 10228 516 353
3560 10229 515 356
3560 10230 512 356
3560 10231 509 353
5658 10403 495 252
5658 10404 499 278
5658 10405 499 275
5658 10406 493 281
5658 10407 507 281
5658 10408 493 285
5658 10409 490 287
5658 10410 473 286
5658 10411 477 282
5658 10412 465 289
5658 10413 471 290
5658 10414 475 305
5658 10415 471 305
7207 10687 129 252
7207 10688 146 248
7207 10689 150 256
7207 10690 143 269
7207 10691 142 298
7207 10692 142 298
7207 10693 148 310
7207 10694 155 308
7359 10702 104 420
7359 10703 103 422
7359 10704 102 422
7359 10705 101 421
7359 10706 84 411
7359 10707 84 412
7359 10708 74 407
7359 10709 66 403
7359 10710 47 391
9106 10933 195 263
9106 10934 192 262
9106 10935 188 266
9106 10936 185 263
9106 10937 187 260
9106 10938 197 257
9106 10939 196 261
9106 10940 192 263
9106 10941 186 264
9106 10942 181 266
9106 10943 177 267
9106 10944 172 269
9106 10945 166 271
9106 10946 163 273
9106 10947 161 274
9106 10948 156 277
9106 10949 152 279
9106 10950 147 281
9106 10951 144 283
9106 10952 137 285
9106 10953 136 288
9148 10950 125 287
9148 10951 123 290
9148 10952 118 292
9148 10953 113 294
9148 10954 120 292
9148 10955 124 293
9148 10956 118 295
9148 10957 116 297
9148 10958 107 300
9148 10959 101 303
9148 10960 98 306
9148 10961 93 309
9148 10962 83 310
9148 10963 80 313
9148 10964 73 316
9148 10965 66 319
9148 10966 62 323
9148 10967 51 325
9148 10968 43 328
9148 10969 37 331
10909 12414 74 316
10909 12415 74 318
10909 12416 76 314
10909 12417 75 314
10909 12418 78 317
10909 12419 77 315
10909 12420 78 312
10909 12421 80 315
10909 12422 80 314
10909 12423 82 314
10909 12424 83 315
10909 12425 85 311
10909 12426 88 311
10909 12427 86 309
10909 12428 86 311
10909 12429 87 312
10909 12430 88 307
10909 12431 89 311
10909 12432 90 307
10909 12433 91 307
10909 12434 93 308
10909 12435 94 306
10909 12436 92 310
10909 12437 93 309
10909 12438 95 307
10909 12439 95 306
10909 12440 96 308
10909 12441 96 304
10909 12442 99 305
10909 12443 101 307
10909 12444 100 305
10909 12445 103 306
10909 12446 106 306
10909 12447 105 303
10909 12448 106 301
10909 12449 107 302
10909 12450 108 302
10909 12451 110 304
10909 12452 111 298
10909 12453 112 298
10909 12454 113 301
10909 12455 115 301
10909 12456 116 301
10909 12457 118 300
10909 12458 120 300
10909 12459 121 299
10909 12460 123 294
10909 12461 124 296
10909 12462 126 298
10909 12463 128 298
10909 12464 129 293
10909 12465 130 295
10909 12466 132 292
10909 12467 133 293
10909 12468 135 295
10909 12469 136 295
10909 12470 137 295
10909 12471 138 293
10909 12472 139 289
10909 12473 143 291
10909 12474 143 289
10909 12475 146 287
10909 12476 146 290
10909 12477 118 286
10909 12478 118 286