13 43 139 307
13 44 132 310
13 45 132 310
13 46 131 312
13 47 129 313
13 48 129 314
13 49 128 320
13 50 126 319
13 51 125 320
13 52 122 322
13 53 121 323
13 54 119 324
13 55 114 319
13 56 111 321
13 57 109 326
13 58 107 332
13 59 104 334
13 60 100 336
13 61 96 333
13 62 91 335
13 63 87 337
13 64 83 335
13 65 79 340
13 66 75 341
13 67 70 341
13 68 66 346
13 69 61 343
13 70 55 340
13 71 49 343
13 72 44 346
13 73 37 347
13 74 32 354
13 75 27 356
13 76 22 357
13 77 16 358
13 78 11 360
13 79 8 362
13 80 4 366
17 46 106 333
17 47 108 329
17 48 105 330
17 49 102 334
17 50 99 335
17 51 98 335
17 52 94 337
17 53 88 337
17 54 84 336
17 55 79 338
17 56 76 340
17 57 68 343
17 58 67 344
17 59 63 345
17 60 59 346
17 61 53 349
17 62 49 350
17 63 42 351
17 64 39 351
17 65 35 354
17 66 29 353
17 67 24 352
17 68 19 356
17 69 15 348
49 131 236 254
49 132 244 253
49 133 252 251
49 134 238 251
49 135 251 252
49 136 257 254
49 137 270 253
49 138 283 257
49 139 292 256
49 140 302 259
49 141 314 260
49 142 327 261
49 143 337 260
49 144 349 260
49 145 360 264
184 366 397 264
184 367 396 260
184 368 382 258
184 369 369 258
184 370 357 256
184 371 341 256
184 372 327 254
184 373 312 252
184 374 298 251
184 375 280 250
184 376 271 248
538 1216 225 258
538 1217 230 253
538 1218 238 251
538 1219 243 253
538 1220 248 254
538 1221 256 254
538 1222 263 251
538 1223 267 256
538 1224 273 256
538 1225 283 254
538 1226 291 255
538 1227 296 257
538 1228 304 259
538 1229 310 260
538 1230 318 257
538 1231 326 258
538 1232 334 258
538 1233 340 258
538 1234 348 263
538 1235 356 263
538 1236 366 262
538 1237 373 262
538 1238 382 263
538 1239 392 264
538 1240 398 267
538 1241 409 266
538 1242 416 269
538 1243 425 266
837 1827 250 250
837 1828 257 252
837 1829 271 253
837 1830 284 253
837 1831 296 255
837 1832 308 256
837 1833 323 257
837 1834 338 258
837 1835 354 259
837 1836 367 261
837 1837 380 262
837 1838 397 264
837 1839 413 265
837 1840 431 266
837 1841 444 267
837 1842 459 269
837 1843 470 270
837 1844 478 272
837 1845 488 278
1220 2538 99 300
1220 2539 96 304
1220 2540 89 306
1220 2541 82 310
1220 2542 88 311
1220 2543 84 317
1220 2544 77 321
1220 2545 70 324
1220 2546 63 327
1220 2547 55 330
1220 2548 47 334
1220 2549 38 338
1220 2550 29 342
1240 2553 116 295
1240 2554 111 294
1240 2555 104 296
1240 2556 99 300
1240 2557 94 304
1240 2558 88 307
1240 2559 80 309
1240 2560 73 311
1240 2561 66 315
1240 2562 59 318
1240 2563 52 320
1240 2564 44 324
1240 2565 36 328
1240 2566 29 331
1240 2567 25 335
1240 2568 30 330
1268 2572 115 293
1268 2573 114 290
1268 2574 117 292
1268 2575 125 295
1268 2576 125 297
1268 2577 116 298
1268 2578 116 303
1268 2579 111 308
1268 2580 104 309
1268 2581 97 310
1268 2582 92 312
1268 2583 87 314
1268 2584 79 317
1268 2585 73 320
1268 2586 68 321
1268 2587 62 324
1268 2588 53 327
1268 2589 45 330
1268 2590 41 331
1268 2591 35 335
1268 2592 28 337
1268 2593 19 341
1268 2594 11 344
1471 2795 159 391
1471 2796 164 392
1471 2797 164 394
1471 2798 162 395
1471 2799 161 396
1471 2800 159 396
1471 2801 159 401
1471 2802 157 402
1471 2803 156 402
1471 2804 153 403
1471 2805 151 405
1471 2806 150 406
1471 2807 147 407
1471 2808 146 411
1471 2809 146 412
1471 2810 143 412
1471 2811 140 414
1471 2812 138 417
1471 2813 137 418
1471 2814 135 419
1471 2815 132 421
1471 2816 131 422
1471 2817 130 425
1471 2818 128 425
1471 2819 123 429
1471 2820 122 429
1471 2821 121 432
1471 2822 119 431
1471 2823 117 434
1471 2824 116 438
1471 2825 115 438
1471 2826 120 438
1582 3024 508 389
1582 3025 507 390
1582 3026 505 389
1582 3027 504 389
1582 3028 496 386
1582 3029 495 386
1582 3030 492 384
1582 3031 488 384
1582 3032 484 383
1582 3033 483 382
1582 3034 479 378
1582 3035 473 378
1582 3036 470 378
1582 3037 470 378
1582 3038 465 377
1582 3039 461 376
1582 3040 459 375
1582 3041 456 373
1582 3042 451 375
1582 3043 448 373
1582 3044 447 371
1582 3045 442 370
1582 3046 443 364
1599 3074 348 346
1599 3075 350 344
1599 3076 349 344
1599 3077 344 343
1599 3078 340 346
1599 3079 339 343
1599 3080 337 340
1599 3081 333 340
1599 3082 331 339
1599 3083 330 338
1599 3084 326 337
1599 3085 322 336
1599 3086 322 337
1599 3087 320 334
1599 3088 315 332
1599 3089 313 332
1599 3090 313 332
1599 3091 310 332
1599 3092 306 330
1599 3093 304 331
1599 3094 302 328
1599 3095 299 329
1599 3096 296 327
1599 3097 295 327
1599 3098 294 327
1599 3099 289 329
1599 3100 287 325
1599 3101 286 325
1599 3102 283 326
1599 3103 280 322
1599 3104 279 325
1599 3105 278 323
1599 3106 276 321
1599 3107 273 322
1599 3108 272 321
1599 3109 270 318
1599 3110 267 318
1599 3111 266 317
1599 3112 265 317
1599 3113 266 322
1768 3382 136 298
1768 3383 136 298
1768 3384 134 292
1768 3385 137 294
1768 3386 140 295
1768 3387 142 295
1768 3388 145 290
1768 3389 146 297
1768 3390 149 293
1768 3391 151 293
1768 3392 155 295
1768 3393 159 297
1768 3394 160 294
1768 3395 163 300
1768 3396 168 296
1768 3397 169 298
1768 3398 172 301
1768 3399 175 302
1768 3400 177 302
1768 3401 180 303
1768 3402 184 304
1768 3403 186 305
1768 3404 189 306
1768 3405 193 306
1768 3406 196 309
1768 3407 200 310
1768 3408 206 310
1768 3409 210 310
1768 3410 214 312
1768 3411 218 313
1768 3412 224 314
1768 3413 229 315
1768 3414 234 316
1768 3415 238 318
1768 3416 244 319
1768 3417 250 321
1768 3418 259 322
1768 3419 264 316
1768 3420 268 324
1768 3421 274 325
1768 3422 280 326
1768 3423 288 327
1768 3424 296 328
1768 3425 302 330
1768 3426 309 331
1768 3427 317 333
1768 3428 326 334
1768 3429 334 335
1768 3430 342 336
1768 3431 349 337
1768 3432 358 339
1768 3433 368 341
1768 3434 377 345
1768 3435 385 347
1768 3436 394 348
1768 3437 384 348
1813 3437 406 342
1813 3438 414 347
1813 3439 424 347
1813 3440 436 349
1813 3441 444 349
1813 3442 455 351
1813 3443 467 350
1813 3444 475 350
1813 3445 487 349
1813 3446 497 349
1813 3447 508 350
1813 3448 518 351
1813 3449 518 353
1813 3450 534 357
1813 3451 546 359
1813 3452 557 357
1813 3453 565 361
1813 3454 572 355
1813 3455 573 361
1813 3456 573 361
2005 3688 80 316
2005 3689 87 312
2005 3690 94 310
2005 3691 99 307
2005 3692 106 304
2005 3693 110 303
2005 3694 115 300
2005 3695 121 298
2005 3696 126 296
2005 3697 131 293
2005 3698 136 291
2005 3699 139 290
2005 3700 144 288
2005 3701 149 286
2005 3702 152 284
2005 3703 156 282
2005 3704 161 282
2005 3705 163 274
2005 3706 160 273
2005 3707 158 270
2005 3708 157 270
2395 4489 110 473
2395 4490 112 472
2395 4491 114 471
2395 4492 118 470
2395 4493 112 467
2395 4494 115 465
2395 4495 119 465
2395 4496 121 464
2395 4497 124 463
2395 4498 127 462
2395 4499 129 461
2395 4500 131 460
2395 4501 133 459
2395 4502 135 458
2395 4503 136 457
2395 4504 140 456
2395 4505 143 452
2395 4506 145 452
2395 4507 146 449
2395 4508 148 449
2395 4509 150 448
2395 4510 152 445
2395 4511 154 444
2395 4512 159 442
2395 4513 166 443
2395 4514 161 438
2395 4515 157 436
2395 4516 159 435
2395 4517 160 431
2483 4745 243 251
2483 4746 244 251
2483 4747 253 251
2483 4748 262 252
2483 4749 270 253
2483 4750 281 253
2483 4751 292 254
2483 4752 303 255
2483 4753 314 257
2483 4754 323 257
2483 4755 332 257
2483 4756 344 259
2483 4757 356 260
2483 4758 368 261
2483 4759 378 263
2483 4760 388 264
2483 4761 401 266
2483 4762 413 266
2483 4763 425 266
2483 4764 432 272
2662 5196 483 266
2662 5197 474 265
2662 5198 467 267
2662 5199 455 265
2662 5200 443 265
2662 5201 429 262
2662 5202 414 261
2662 5203 399 261
2662 5204 385 259
2662 5205 373 258
2662 5206 362 257
2662 5207 345 256
2662 5208 332 253
2662 5209 320 253
2662 5210 307 252
2662 5211 294 250
2662 5212 281 251
2683 5406 373 254
2683 5407 366 257
2683 5408 343 254
2683 5409 317 252
2683 5410 298 251
2683 5411 285 250
2683 5412 271 250
2683 5413 258 248
2683 5414 233 246
2850 5723 102 298
2850 5724 99 298
2850 5725 97 299
2850 5726 96 299
2850 5727 92 301
2850 5728 90 302
2850 5729 88 303
2850 5730 85 303
2850 5731 82 305
2850 5732 80 306
2850 5733 77 306
2850 5734 73 307
2850 5735 70 307
2850 5736 69 309
2850 5737 65 310
2850 5738 65 312
2850 5739 63 313
2850 5740 60 316
2850 5741 58 316
2850 5742 56 319
2850 5743 49 319
2850 5744 45 320
2850 5745 41 321
2850 5746 37 322
2850 5747 34 319
2850 5748 30 322
2872 5747 49 315
2872 5748 61 326
2872 5749 57 328
2872 5750 54 329
2872 5751 49 332
2872 5752 45 332
2872 5753 41 335
2872 5754 36 338
2872 5755 32 340
2872 5756 27 342
2872 5757 22 345
2872 5758 16 348
2872 5759 10 351
2872 5760 6 353
2953 5922 488 335
2953 5923 492 335
2953 5924 495 337
2953 5925 496 350
2953 5926 498 346
2953 5927 502 351
2953 5928 502 350
2953 5929 504 352
2953 5930 512 350
2953 5931 514 348
2953 5932 516 351
2953 5933 518 350
2953 5934 522 351
2953 5935 521 352
2953 5936 525 354
2953 5937 529 348
2953 5938 532 353
2953 5939 534 353
2953 5940 534 356
2953 5941 538 353
2953 5942 540 355
2953 5943 543 354
2953 5944 544 358
2953 5945 548 353
2953 5946 550 354
2953 5947 550 359
2953 5948 552 360
3244 6294 149 265
3244 6295 148 271
3244 6296 137 246
3244 6297 146 247
3244 6298 153 248
3244 6299 159 249
3244 6300 165 250
3244 6301 172 250
3244 6302 180 251
3244 6303 189 252
3244 6304 194 252
3244 6305 200 252
3244 6306 209 247
3360 6499 394 269
3360 6500 401 262
3360 6501 395 259
3360 6502 391 267
3360 6503 404 267
3360 6504 418 269
3360 6505 429 269
3360 6506 440 271
3360 6507 455 271
3360 6508 468 273
3360 6509 481 273
3360 6510 488 276
3424 6692 489 267
3424 6693 481 266
3424 6694 473 264
3424 6695 466 266
3424 6696 455 263
3424 6697 446 269
3424 6698 428 263
3424 6699 414 262
3424 6700 399 260
3424 6701 387 259
3424 6702 375 258
3424 6703 360 256
3424 6704 347 255
3424 6705 333 254
3424 6706 321 251
3424 6707 310 251
3424 6708 297 250
3424 6709 284 249
3424 6710 270 249
3424 6711 259 248
3424 6712 253 248
3424 6713 246 250
3424 6714 246 252
3424 6715 254 253
3424 6716 258 250
3424 6717 261 254
3424 6718 265 254
3424 6719 266 258
3424 6720 275 259
3501 6967 352 266
3501 6968 351 260
3501 6969 366 261
3501 6970 380 262
3501 6971 392 263
3501 6972 404 265
3501 6973 419 266
3501 6974 434 267
3501 6975 447 268
3501 6976 461 269
3501 6977 471 270
3501 6978 476 271
3501 6979 483 272
3803 7573 173 260
3803 7574 172 259
3803 7575 173 262
3803 7576 171 261
3803 7577 171 262
3803 7578 170 261
3803 7579 169 261
3803 7580 167 264
3803 7581 166 265
3803 7582 165 267
3803 7583 162 269
3803 7584 160 270
3803 7585 157 272
3803 7586 155 274
3803 7587 151 276
3803 7588 147 278
3803 7589 143 280
3803 7590 139 282
3803 7591 134 283
3803 7592 129 285
3803 7593 124 288
3803 7594 118 290
3803 7595 115 292
3803 7596 110 292
3803 7597 103 295
3803 7598 95 300
3803 7599 81 304
3803 7600 66 311
3803 7601 65 304
3807 7588 183 322
3807 7589 184 318
3807 7590 185 321
3807 7591 186 320
3807 7592 188 323
3807 7593 189 324
3807 7594 190 325
3807 7595 194 326
3807 7596 194 327
3807 7597 194 326
3807 7598 197 328
3807 7599 200 330
3807 7600 203 332
3807 7601 205 334
3807 7602 209 333
3807 7603 208 335
3807 7604 211 338
3807 7605 211 337
3807 7606 215 341
3807 7607 216 339
3807 7608 217 341
3807 7609 220 343
3807 7610 222 345
3807 7611 222 339
3807 7612 224 346
3807 7613 226 344
3807 7614 228 350
3807 7615 229 351
3807 7616 231 354
3807 7617 232 354
3807 7618 233 357
3807 7619 235 359
3807 7620 236 362
3807 7621 237 361
3807 7622 239 364
3807 7623 242 364
3807 7624 243 365
3807 7625 245 368
3807 7626 245 370
3807 7627 247 366
3807 7628 249 370
3807 7629 252 373
3807 7630 253 372
3807 7631 255 374
3807 7632 257 377
3807 7633 258 378
3807 7634 260 379
3807 7635 264 380
3807 7636 265 382
3807 7637 265 383
3807 7638 268 383
3807 7639 270 383
3807 7640 271 389
3807 7641 273 390
3807 7642 273 389
3807 7643 278 393
3807 7644 278 391
3807 7645 280 393
3807 7646 282 395
3807 7647 285 399
3807 7648 286 401
3807 7649 288 400
3807 7650 290 403
3807 7651 293 404
3807 7652 294 406
3807 7653 297 409
3807 7654 298 412
3807 7655 301 411
3807 7656 301 414
3807 7657 305 416
3807 7658 306 416
3807 7659 310 419
3807 7660 312 423
3807 7661 313 425
3807 7662 315 426
3807 7663 319 428
3807 7664 320 432
3807 7665 321 434
3807 7666 325 434
3807 7667 327 438
3807 7668 327 440
3807 7669 331 443
3807 7670 331 441
3807 7671 334 446
3807 7672 336 446
3807 7673 339 446
3807 7674 342 452
3807 7675 343 456
3807 7676 346 457
3807 7677 349 458
3807 7678 353 461
3807 7679 353 462
3807 7680 357 463
3807 7681 361 466
3807 7682 364 469
3807 7683 365 469
3807 7684 365 470
4521 8961 158 272
4521 8962 160 270
4521 8963 157 274
4521 8964 154 272
4521 8965 153 274
4521 8966 158 273
4521 8967 164 267
4521 8968 170 267
4521 8969 157 268
4521 8970 153 269
4521 8971 150 274
4521 8972 143 272
4521 8973 139 273
4521 8974 133 274
4521 8975 129 275
4521 8976 124 277
4521 8977 124 287
4521 8978 121 284
4521 8979 116 291
4521 8980 110 294
4521 8981 115 296
4523 8967 144 277
4523 8968 146 276
4523 8969 136 280
4523 8970 131 279
4523 8971 128 280
4523 8972 123 285
4523 8973 121 287
4523 8974 115 288
4523 8975 110 291
4523 8976 105 293
4523 8977 100 295
4523 8978 94 301
4523 8979 92 295
4523 8980 87 296
4523 8981 80 299
4523 8982 74 301
4523 8983 69 304
4523 8984 64 306
4523 8985 57 309
4523 8986 51 311
4523 8987 46 314
4523 8988 38 316
4523 8989 31 319
4523 8990 24 322
4523 8991 18 325
4523 8992 13 331
4523 8993 16 325
4523 8994 21 328
4523 8995 22 325
4523 8996 17 327
4523 8997 13 332
4523 8998 9 334
4523 8999 7 338
4523 9000 3 343
5040 10031 177 260
5040 10032 177 259
5040 10033 177 258
5040 10034 177 264
5040 10035 176 265
5040 10036 175 267
5040 10037 173 265
5040 10038 170 267
5040 10039 170 254
5040 10040 165 271
5040 10041 161 272
5040 10042 160 274
5040 10043 157 276
5040 10044 153 278
5040 10045 147 280
5040 10046 142 283
5040 10047 138 285
5040 10048 133 286
5040 10049 129 289
5040 10050 122 291
5040 10051 117 294
5040 10052 111 295
5040 10053 106 298
5040 10054 100 300
5040 10055 93 303
5040 10056 86 306
5040 10057 79 309
5040 10058 71 312
5040 10059 78 311
5431 10870 109 413
5431 10871 109 413
5431 10872 108 414
5431 10873 108 417
5431 10874 106 416
5431 10875 105 419
5431 10876 103 423
5431 10877 102 424
5431 10878 100 428
5431 10879 102 428
5431 10880 101 431
5431 10881 99 429
5431 10882 97 435
5431 10883 98 435
5431 10884 95 434
5431 10885 95 439
5431 10886 93 441
5431 10887 90 441
5431 10888 89 439
5431 10889 87 448
5431 10890 85 446
5431 10891 85 449
5431 10892 84 453
5431 10893 82 453
5431 10894 79 452
5431 10895 77 458
5431 10896 75 460
5431 10897 72 461
5431 10898 72 462
5431 10899 70 463
5431 10900 66 465
5431 10901 65 464
5431 10902 62 466
5431 10903 60 467
5431 10904 59 468
5431 10905 57 469
5431 10906 55 470
5431 10907 52 471
5431 10908 51 473
5431 10909 50 473
5431 10910 49 474
5431 10911 45 475
5431 10912 44 476
5441 10883 337 257
5441 10884 337 258
5441 10885 350 258
5441 10886 362 260
5441 10887 375 261
5441 10888 388 263
5441 10889 400 264
5441 10890 413 265
5441 10891 425 266
5441 10892 438 266
5441 10893 451 268
5441 10894 461 269
5441 10895 468 269
5441 10896 474 270
5441 10897 480 270
5441 10898 486 271
5507 11014 159 246
5507 11015 159 247
5507 11016 160 248
5507 11017 161 247
5507 11018 162 247
5507 11019 161 247
5507 11020 161 249
5507 11021 162 254
5507 11022 162 252
5507 11023 163 254
5507 11024 163 257
5507 11025 163 254
5507 11026 162 255
5507 11027 161 257
5507 11028 161 261
5507 11029 160 262
5507 11030 159 265
5507 11031 157 266
5507 11032 156 268
5507 11033 153 271
5507 11034 151 273
5507 11035 149 276
5507 11036 146 275
5507 11037 144 277
5507 11038 141 280
5507 11039 136 283
5507 11040 132 285
5507 11041 129 287
5507 11042 125 289
5507 11043 120 291
5507 11044 115 295
5507 11045 107 296
5507 11046 103 299
5507 11047 96 298
5507 11048 89 302
5746 11472 62 475
5746 11473 64 474
5746 11474 67 472
5746 11475 69 472
5746 11476 72 471
5746 11477 76 470
5746 11478 78 469
5746 11479 80 468
5746 11480 81 466
5746 11481 83 466
5746 11482 84 465
5746 11483 88 463
5746 11484 91 463
5746 11485 93 461
5746 11486 95 460
5746 11487 97 459
5746 11488 99 458
5746 11489 101 454
5746 11490 103 451
5746 11491 105 451
5746 11492 107 449
5746 11493 109 446
5746 11494 111 446
5746 11495 113 444
5746 11496 115 440
5746 11497 117 440
5746 11498 118 438
5746 11499 120 435
5746 11500 123 433
5746 11501 123 434
5746 11502 127 429
5746 11503 129 428
5746 11504 131 427
5746 11505 133 425
5746 11506 135 424
5746 11507 136 423
5746 11508 139 420
5746 11509 142 417
5746 11510 145 418
5746 11511 145 416
5746 11512 147 414
5746 11513 150 413
5746 11514 151 412
5746 11515 154 409
5746 11516 154 411
5746 11517 158 408
5746 11518 159 404
5746 11519 161 404
5746 11520 163 403
5746 11521 166 400
5746 11522 164 400