2 0 280 410
2 1 281 407
2 2 270 404
2 3 265 401
2 4 256 404
2 5 254 402
2 6 248 405
2 7 245 409
2 8 239 409
2 9 232 412
2 10 230 410
2 11 223 412
2 12 220 415
2 13 216 414
2 14 209 418
2 15 206 415
2 16 203 420
2 17 196 423
2 18 192 419
2 19 184 422
2 20 182 424
2 21 176 426
2 22 169 425
2 23 167 424
2 24 160 429
2 25 154 430
2 26 152 424
2 27 148 423
2 28 139 426
73 45 520 358
73 46 525 357
73 47 528 356
73 48 531 358
73 49 535 360
73 50 537 360
73 51 539 362
73 52 542 363
73 53 545 364
73 54 548 364
73 55 551 364
73 56 553 367
73 57 558 367
73 58 562 370
73 59 565 370
73 60 568 373
73 61 572 375
73 62 575 376
73 63 577 378
73 64 580 379
73 65 584 381
73 66 586 383
73 67 587 384
73 68 591 388
73 69 595 388
73 70 599 392
73 71 602 392
73 72 606 396
73 73 607 402
121 86 234 475
121 87 236 472
121 88 237 470
121 89 239 468
121 90 241 467
121 91 242 463
121 92 242 460
121 93 243 459
121 94 245 454
121 95 246 453
121 96 247 447
121 97 248 444
121 98 250 443
121 99 251 438
121 100 252 436
121 101 254 431
121 102 254 426
121 103 256 427
121 104 257 422
121 105 259 421
121 106 261 417
121 107 262 420
187 128 489 264
187 129 487 261
187 130 478 261
187 131 464 258
187 132 455 257
187 133 440 253
187 134 441 253
187 135 432 250
187 136 422 253
187 137 429 259
187 138 419 258
187 139 411 258
187 140 405 246
187 141 403 249
345 189 250 422
345 190 253 419
345 191 254 412
345 192 256 413
345 193 258 410
345 194 260 411
345 195 261 410
345 196 263 407
345 197 265 403
345 198 268 401
345 199 269 400
345 200 270 396
345 201 271 395
345 202 275 391
345 203 277 389
345 204 279 385
345 205 280 385
345 206 281 386
345 207 281 386
345 208 283 383
345 209 286 380
345 210 287 386
345 211 284 386
668 324 213 247
668 325 211 246
668 326 211 247
668 327 210 247
668 328 209 248
668 329 210 247
668 330 208 248
668 331 209 248
668 332 211 249
668 333 207 247
668 334 203 249
668 335 205 248
668 336 202 249
668 337 200 251
668 338 197 256
668 339 194 255
668 340 191 258
668 341 186 260
668 342 184 260
668 343 180 259
668 344 174 260
668 345 170 263
668 346 163 266
668 347 159 262
668 348 157 266
668 349 151 267
668 350 143 268
668 351 139 268
668 352 135 265
771 366 584 396
771 367 586 398
771 368 590 397
771 369 591 400
771 370 592 403
771 371 594 406
771 372 595 411
771 373 599 410
771 374 603 410
771 375 604 414
771 376 606 416
771 377 609 421
771 378 612 421
771 379 615 422
771 380 617 424
771 381 619 427
771 382 621 431
771 383 625 432
771 384 627 433
771 385 631 436
771 386 633 441
771 387 633 446
771 388 636 445
785 377 277 330
785 378 281 335
785 379 281 341
785 380 286 333
785 381 292 334
785 382 294 330
785 383 298 332
785 384 301 329
785 385 305 328
785 386 308 327
785 387 312 325
785 388 315 327
785 389 318 325
785 390 321 324
785 391 326 324
785 392 329 325
785 393 331 324
785 394 335 320
785 395 338 320
785 396 340 317
785 397 343 322
785 398 346 317
785 399 348 315
785 400 350 316
785 401 353 312
785 402 356 317
785 403 359 313
785 404 361 310
785 405 365 311
785 406 366 311
785 407 371 309
785 408 372 300
785 409 373 308
785 410 377 306
785 411 378 305
785 412 379 306
833 409 533 462
833 410 524 462
833 411 523 460
833 412 518 459
833 413 515 456
833 414 512 454
833 415 506 457
833 416 501 455
833 417 496 451
833 418 493 449
833 419 489 446
833 420 483 448
833 421 478 443
833 422 476 441
833 423 473 443
833 424 469 438
833 425 466 437
833 426 461 437
833 427 458 437
833 428 450 443
833 429 448 448
833 430 444 448
833 431 439 446
833 432 439 445
916 443 394 412
916 444 388 412
916 445 384 413
916 446 378 419
916 447 378 412
916 448 372 406
916 449 369 409
916 450 366 404
916 451 363 402
916 452 359 401
916 453 355 399
916 454 352 398
916 455 348 397
916 456 346 396
916 457 343 395
916 458 339 394
916 459 334 394
916 460 334 393
916 461 331 391
916 462 328 391
916 463 325 391
916 464 323 391
916 465 321 390
1081 511 152 282
1081 512 149 281
1081 513 151 280
1081 514 147 282
1081 515 142 283
1081 516 136 287
1081 517 132 286
1081 518 122 291
1081 519 117 292
1081 520 110 295
1081 521 101 296
1081 522 93 303
1081 523 83 307
1081 524 71 312
1081 525 61 314
1081 526 51 316
1081 527 41 318
1081 528 35 316
1108 523 102 293
1108 524 95 297
1108 525 84 300
1108 526 75 305
1108 527 65 312
1108 528 55 308
1108 529 48 317
1108 530 39 317
1108 531 26 318
1139 537 184 268
1139 538 185 263
1139 539 183 255
1139 540 182 263
1139 541 180 255
1139 542 179 256
1139 543 176 263
1139 544 176 257
1139 545 172 258
1139 546 171 261
1139 547 164 266
1139 548 158 267
1139 549 154 269
1139 550 149 269
1139 551 144 273
1139 552 139 275
1139 553 134 278
1139 554 130 280
1139 555 123 281
1139 556 124 284
1139 557 118 285
1139 558 103 289
1139 559 102 287
1162 547 181 247
1162 548 179 250
1162 549 176 256
1162 550 174 253
1162 551 172 252
1162 552 168 257
1162 553 165 259
1162 554 161 260
1162 555 155 260
1162 556 152 262
1162 557 144 267
1162 558 140 269
1162 559 135 272
1162 560 130 273
1162 561 120 278
1162 562 113 280
1162 563 106 281
1162 564 108 282
1450 659 39 448
1450 660 43 448
1450 661 47 447
1450 662 53 445
1450 663 57 443
1450 664 64 441
1450 665 68 441
1450 666 71 440
1450 667 80 439
1450 668 83 438
1450 669 88 437
1450 670 92 438
1450 671 94 434
1450 672 103 434
1450 673 107 435
1450 674 111 430
1450 675 115 434
1450 676 117 433
1450 677 121 430
1450 678 130 430
1450 679 134 429
1450 680 137 427
1450 681 144 420
1450 682 149 420
1876 901 485 266
1876 902 476 264
1876 903 463 264
1876 904 441 261
1876 905 424 260
1876 906 406 258
1876 907 388 256
1876 908 384 256
1876 909 362 255
1876 910 349 254
1876 911 332 253
1876 912 317 251
1876 913 313 253
1937 952 93 277
1937 953 96 276
1937 954 99 275
1937 955 102 276
1937 956 107 274
1937 957 108 274
1937 958 112 273
1937 959 115 273
1937 960 119 271
1937 961 124 272
1937 962 123 270
1937 963 127 271
1937 964 130 271
1937 965 131 270
1937 966 137 270
1937 967 139 269
1937 968 142 268
1937 969 146 268
1937 970 149 266
1937 971 153 266
1937 972 154 267
1937 973 158 267
1937 974 161 266
1937 975 164 265
1937 976 166 265
1937 977 170 264
1937 978 172 264
1937 979 174 264
1937 980 178 264
1937 981 181 263
1937 982 183 262
1937 983 187 262
1937 984 188 262
1937 985 192 260
1937 986 194 261
1937 987 196 260
2222 1152 159 265
2222 1153 158 267
2222 1154 156 271
2222 1155 154 268
2222 1156 152 268
2222 1157 147 271
2222 1158 144 273
2222 1159 140 275
2222 1160 137 278
2222 1161 133 281
2222 1162 128 284
2222 1163 127 285
2222 1164 118 289
2222 1165 116 291
2222 1166 107 296
2222 1167 102 298
2222 1168 95 301
2222 1169 91 303
2222 1170 84 309
2222 1171 92 304
2222 1172 81 308
2222 1173 76 308
2400 1325 358 391
2400 1326 358 390
2400 1327 358 389
2400 1328 359 388
2400 1329 366 389
2400 1330 368 390
2400 1331 370 390
2400 1332 373 392
2400 1333 377 386
2400 1334 380 391
2400 1335 382 392
2400 1336 385 393
2400 1337 388 392
2400 1338 390 394
2400 1339 392 395
2400 1340 396 388
2400 1341 399 396
2400 1342 401 398
2400 1343 405 397
2400 1344 409 397
2400 1345 411 392
2400 1346 415 395
2400 1347 418 395
2400 1348 420 395
2400 1349 422 398
2400 1350 427 399
2400 1351 428 400
2400 1352 432 402
2400 1353 431 404
2400 1354 438 408
2400 1355 442 408
2400 1356 446 407
2400 1357 450 402
2400 1358 453 404
2400 1359 455 403
2400 1360 458 406
2400 1361 462 401
2400 1362 466 403
2400 1363 468 406
2400 1364 470 402
2400 1365 473 407
2400 1366 476 410
2438 1353 145 280
2438 1354 146 275
2438 1355 143 277
2438 1356 138 279
2438 1357 136 281
2438 1358 131 284
2438 1359 126 286
2438 1360 121 289
2438 1361 114 292
2438 1362 107 295
2438 1363 103 297
2438 1364 98 299
2438 1365 94 302
2438 1366 87 304
2438 1367 80 306
2438 1368 74 308
2438 1369 68 312
2438 1370 62 315
2438 1371 55 316
2438 1372 49 317
2438 1373 45 318
2438 1374 35 325
2438 1375 28 330
2438 1376 21 334
2438 1377 15 337
2438 1378 13 336
2438 1379 11 336
2438 1380 12 338
2438 1381 14 341
2442 1355 288 386
2442 1356 278 411
2442 1357 280 407
2442 1358 278 410
2442 1359 277 407
2442 1360 272 402
2442 1361 270 405
2442 1362 268 406
2442 1363 269 405
2442 1364 264 403
2442 1365 259 407
2442 1366 255 408
2442 1367 257 407
2442 1368 252 406
2442 1369 250 404
2442 1370 248 410
2442 1371 247 409
2442 1372 244 409
2442 1373 239 408
2442 1374 236 412
2442 1375 236 413
2442 1376 233 413
2442 1377 229 411
2442 1378 225 412
2442 1379 225 415
2442 1380 225 415
2442 1381 220 412
2442 1382 219 412
2461 1365 114 291
2461 1366 107 297
2461 1367 103 296
2461 1368 100 299
2461 1369 93 299
2461 1370 87 304
2461 1371 78 306
2461 1372 70 306
2461 1373 61 303
2461 1374 54 306
2461 1375 50 315
2461 1376 46 319
2461 1377 41 323
2461 1378 37 325
2461 1379 28 324
2556 1427 411 397
2556 1428 408 401
2556 1429 404 396
2556 1430 400 400
2556 1431 394 399
2556 1432 390 397
2556 1433 389 394
2556 1434 383 392
2556 1435 381 395
2556 1436 376 395
2556 1437 371 394
2556 1438 370 392
2556 1439 365 392
2556 1440 362 390
2556 1441 359 390
2556 1442 356 389
2556 1443 352 389
2556 1444 349 388
2556 1445 345 387
2556 1446 343 387
2556 1447 340 386
2556 1448 337 384
2556 1449 334 385
2556 1450 330 383
2556 1451 327 382
2556 1452 325 380
2556 1453 321 380
2556 1454 318 380
2556 1455 317 377
2556 1456 313 378
2556 1457 308 378
2556 1458 307 376
2556 1459 305 374
2556 1460 303 374
2556 1461 300 371
2556 1462 295 371
2556 1463 296 370
2556 1464 292 366
2556 1465 290 370
2556 1466 288 368
2556 1467 286 368
2556 1468 283 365
2556 1469 280 363
2556 1470 280 368
2556 1471 280 364
2556 1472 280 363
2556 1473 279 359
2556 1474 278 355
2556 1475 276 359
2556 1476 275 356
3258 1792 312 291
3258 1793 314 292
3258 1794 314 292
3258 1795 315 301
3258 1796 315 304
3258 1797 316 307
3258 1798 317 307
3258 1799 317 308
3258 1800 318 308
3258 1801 318 309
3258 1802 319 311
3258 1803 322 310
3258 1804 322 309
3258 1805 324 312
3258 1806 325 312
3258 1807 326 313
3258 1808 330 315
3258 1809 331 315
3258 1810 336 314
3258 1811 339 316
3258 1812 339 317
3258 1813 344 317
3258 1814 347 320
3258 1815 351 318
3258 1816 356 316
3258 1817 356 321
3258 1818 359 321
3258 1819 364 323
3258 1820 363 323
3258 1821 371 317
3269 1799 514 422
3269 1800 512 426
3269 1801 511 427
3269 1802 512 428
3269 1803 511 428
3269 1804 512 428
3269 1805 514 427
3269 1806 514 426
3269 1807 513 427
3269 1808 514 424
3269 1809 517 421
3269 1810 516 412
3269 1811 518 412
3269 1812 520 411
3269 1813 521 409
3269 1814 524 408
3269 1815 526 409
3269 1816 530 406
3269 1817 533 405
3269 1818 534 405
3269 1819 538 404
3269 1820 541 403
3269 1821 544 402
3269 1822 547 401
3269 1823 551 400
3269 1824 553 399
3269 1825 558 395
3303 1818 356 295
3303 1819 354 294
3303 1820 351 295
3303 1821 350 296
3303 1822 348 295
3303 1823 347 296
3303 1824 345 296
3303 1825 345 297
3303 1826 342 297
3303 1827 340 299
3303 1828 338 299
3303 1829 339 301
3303 1830 336 298
3303 1831 335 300
3303 1832 333 300
3303 1833 330 298
3303 1834 329 299
3303 1835 328 303
3303 1836 326 302
3303 1837 324 299
3303 1838 322 302
3303 1839 320 302
3303 1840 319 302
3303 1841 317 301
3303 1842 315 306
3303 1843 313 305
3303 1844 312 303
3303 1845 311 304
3303 1846 309 305
3303 1847 308 304
3303 1848 306 305
3303 1849 304 305
3303 1850 303 307
3303 1851 301 307
3303 1852 302 307
3303 1853 299 305
3303 1854 298 307
3303 1855 297 308
3303 1856 297 306
3303 1857 295 312
3303 1858 293 312
3303 1859 293 307
3303 1860 295 310
3303 1861 294 311
3303 1862 292 309
3303 1863 294 310
3303 1864 289 311
3303 1865 289 311
3303 1866 287 312
3303 1867 287 309
3303 1868 287 312
3303 1869 287 315
3303 1870 283 312
3303 1871 284 308
3303 1872 283 310
3418 1874 332 372
3418 1875 337 380
3418 1876 337 383
3418 1877 339 384
3418 1878 341 390
3418 1879 343 391
3418 1880 346 385
3418 1881 349 385
3418 1882 350 389
3418 1883 356 392
3418 1884 357 388
3418 1885 356 384
3418 1886 358 389
3418 1887 364 391
3418 1888 364 391
3418 1889 369 384
3418 1890 372 393
3418 1891 377 397
3418 1892 376 397
3418 1893 382 403
3418 1894 385 403
3418 1895 388 400
3418 1896 389 401
3418 1897 391 405
3418 1898 391 402
3911 2119 461 403
3911 2120 461 405
3911 2121 458 403
3911 2122 454 404
3911 2123 449 403
3911 2124 445 402
3911 2125 441 402
3911 2126 437 404
3911 2127 434 404
3911 2128 427 398
3911 2129 430 401
3911 2130 425 400
3911 2131 422 400
3911 2132 420 400
3911 2133 415 400
3911 2134 411 399
3911 2135 407 399
3911 2136 403 397
3911 2137 399 400
3911 2138 395 400
3911 2139 390 398
3911 2140 388 397
3911 2141 385 396
3911 2142 383 395
3911 2143 378 396
3911 2144 373 392
3911 2145 372 392
3911 2146 368 393
3911 2147 364 391
3911 2148 358 390
3911 2149 355 389
3911 2150 349 392
3911 2151 345 389
3911 2152 342 391
3911 2153 338 391
3911 2154 332 390
3911 2155 329 387
3911 2156 322 386
3911 2157 318 385
3911 2158 316 385
3911 2159 313 384
3911 2160 310 384
3911 2161 304 384
3911 2162 299 382
4330 2274 136 281
4330 2275 139 276
4330 2276 138 277
4330 2277 133 278
4330 2278 130 280
4330 2279 128 282
4330 2280 126 283
4330 2281 121 284
4330 2282 120 287
4330 2283 117 289
4330 2284 114 288
4330 2285 111 291
4330 2286 108 292
4330 2287 104 295
4330 2288 100 294
4330 2289 96 298
4330 2290 94 298
4330 2291 91 300
4330 2292 88 302
4330 2293 85 304
4330 2294 81 304
4330 2295 77 306
4330 2296 74 309
4330 2297 69 309
4330 2298 66 313
4330 2299 63 313
4330 2300 58 313
4330 2301 54 316
4330 2302 49 314
4330 2303 48 314
4330 2304 44 316
4330 2305 40 322
4330 2306 35 320
4330 2307 35 324
4330 2308 38 317
4674 2536 409 397
4674 2537 407 396
4674 2538 403 395
4674 2539 399 393
4674 2540 395 395
4674 2541 390 395
4674 2542 389 394
4674 2543 384 392
4674 2544 379 395
4674 2545 374 394
4674 2546 373 391
4674 2547 370 390
4674 2548 365 390
4674 2549 362 391
4674 2550 360 391
4674 2551 355 393
4674 2552 351 392
4674 2553 346 389
4674 2554 345 391
4674 2555 340 387
4674 2556 338 387
4674 2557 333 387
4674 2558 334 386
4674 2559 327 386
4674 2560 325 383
4674 2561 323 381
4674 2562 321 381
4674 2563 320 375
5050 2864 437 325
5050 2865 439 326
5050 2866 443 327
5050 2867 446 328
5050 2868 448 330
5050 2869 450 329
5050 2870 451 331
5050 2871 452 332
5050 2872 453 333
5050 2873 455 333
5050 2874 457 333
5050 2875 459 336
5050 2876 461 336
5050 2877 463 339
5050 2878 465 338
5050 2879 466 336
5050 2880 469 336
5050 2881 470 338
5050 2882 472 339
5050 2883 474 339
5050 2884 476 339
5050 2885 479 342
5050 2886 481 343
5050 2887 483 344
5050 2888 485 342
5050 2889 487 341
5050 2890 489 343
5050 2891 492 343
5050 2892 494 344
5050 2893 496 344
5050 2894 499 344
5050 2895 502 345
5050 2896 504 345
5050 2897 507 346
5050 2898 509 346
5050 2899 510 346
5050 2900 513 346
5050 2901 515 346
5050 2902 517 346
5050 2903 521 346
5050 2904 523 351
5114 2939 503 408
5114 2940 501 402
5114 2941 501 403
5114 2942 499 407
5114 2943 497 407
5114 2944 495 408
5114 2945 492 410
5114 2946 492 408
5114 2947 490 407
5114 2948 489 410
5114 2949 486 411
5114 2950 483 411
5114 2951 481 411
5114 2952 479 413
5114 2953 476 413
5114 2954 475 415
5114 2955 473 416
5114 2956 472 416
5114 2957 470 419
5114 2958 467 418
5114 2959 465 419
5114 2960 464 419
5114 2961 460 421
5114 2962 458 424
5114 2963 457 423
5114 2964 455 427
5114 2965 453 430
5114 2966 450 428
5114 2967 448 428
5114 2968 446 433
5114 2969 443 435
5114 2970 442 433
5114 2971 441 436
5114 2972 437 436
5114 2973 435 436
5114 2974 432 440
5114 2975 430 439
5114 2976 426 441
5114 2977 425 445
5114 2978 424 439
5114 2979 421 435
5575 3301 302 323
5575 3302 303 325
5575 3303 309 319
5575 3304 308 319
5575 3305 309 322
5575 3306 311 320
5575 3307 312 327
5575 3308 317 326
5575 3309 317 328
5575 3310 321 325
5575 3311 321 326
5575 3312 324 329
5575 3313 325 334
5575 3314 328 333
5575 3315 331 332
5575 3316 333 331
5575 3317 336 333
5575 3318 337 330
5575 3319 339 336
5575 3320 340 336
5575 3321 344 335
5575 3322 346 336
5575 3323 349 338
5575 3324 350 339
5575 3325 356 339
5575 3326 357 339
5575 3327 359 340
5575 3328 363 340
5575 3329 366 341
5575 3330 367 346
5575 3331 374 344
6085 3764 25 452
6085 3765 28 459
6085 3766 29 451
6085 3767 26 446
6085 3768 27 444
6085 3769 29 444
6085 3770 34 446
6085 3771 36 444
6085 3772 37 443
6085 3773 39 443
6085 3774 45 444
6085 3775 49 445
6085 3776 50 441
6085 3777 51 443
6085 3778 58 443
6085 3779 58 443
6085 3780 62 441
6085 3781 67 443
6085 3782 70 443
6085 3783 71 439
6085 3784 74 442
6085 3785 76 441
6085 3786 80 441
6085 3787 83 441
6085 3788 85 443
6085 3789 92 443
6085 3790 91 444
6085 3791 95 441
6085 3792 98 445
6085 3793 103 443
6085 3794 102 444
6085 3795 107 443
6085 3796 114 444
6085 3797 117 442
6085 3798 117 440
6138 3850 453 265
6138 3851 455 266
6138 3852 447 265
6138 3853 438 261
6138 3854 430 263
6138 3855 418 261
6138 3856 403 260
6138 3857 393 259
6138 3858 385 258
6138 3859 375 258
6138 3860 369 258
6138 3861 359 257
6138 3862 348 256
6138 3863 337 255
6138 3864 328 254
6138 3865 322 253
6138 3866 309 252
6138 3867 304 251
6138 3868 295 251
6138 3869 285 249
6138 3870 274 248
6138 3871 264 248
6138 3872 257 247
6138 3873 271 246
6300 3932 382 298
6300 3933 380 305
6300 3934 376 306
6300 3935 375 308
6300 3936 375 309
6300 3937 375 309
6300 3938 373 310
6300 3939 373 311
6300 3940 368 313
6300 3941 368 315
6300 3942 368 310
6300 3943 368 314
6300 3944 365 314
6300 3945 364 314
6300 3946 363 317
6300 3947 362 317
6300 3948 360 317
6300 3949 360 319
6300 3950 357 318
6300 3951 357 321
6300 3952 356 322
6300 3953 355 322
6300 3954 353 324
6300 3955 353 327
6300 3956 355 326
6300 3957 355 325
6300 3958 353 322
6300 3959 352 323
6300 3960 350 327
6300 3961 351 331
6300 3962 351 326
6300 3963 352 331
6300 3964 353 332
6300 3965 353 333
6300 3966 352 333
6300 3967 352 333
6300 3968 353 338
6300 3969 354 338
6300 3970 353 339
6300 3971 355 336
6300 3972 354 339
6300 3973 355 338
6300 3974 355 339
6300 3975 355 341
6300 3976 356 341
6300 3977 356 343
6300 3978 357 343
6300 3979 358 347
6300 3980 357 345
6300 3981 357 346
6300 3982 357 345
6300 3983 358 346
6300 3984 359 349
6300 3985 358 352
6300 3986 359 353
6300 3987 360 353
6300 3988 359 353
6300 3989 360 356
6300 3990 361 356
6300 3991 361 356
6300 3992 362 359
6300 3993 361 357
6300 3994 362 360
6300 3995 364 364
6300 3996 361 364
6629 4179 282 476
6629 4180 286 475
6629 4181 291 475
6629 4182 294 475
6629 4183 298 474
6629 4184 299 475
6629 4185 303 475
6629 4186 304 475
6629 4187 308 474
6629 4188 311 474
6629 4189 312 471
6629 4190 316 471
6629 4191 320 471
6629 4192 323 473
6629 4193 326 471
6629 4194 328 471
6629 4195 331 471
6629 4196 334 470
6629 4197 338 473
6629 4198 340 471
6629 4199 345 471
6629 4200 346 470
6629 4201 346 469
6629 4202 353 469
6629 4203 355 469
6629 4204 360 469
6629 4205 362 469
6629 4206 364 469
6629 4207 365 467
6629 4208 368 467
6629 4209 372 466
6629 4210 374 466
6629 4211 377 467
6629 4212 379 466
6629 4213 384 466
6629 4214 385 465
6629 4215 389 465
6629 4216 390 464
6629 4217 394 464
6629 4218 397 463
6629 4219 400 463
6629 4220 403 463
6629 4221 407 462
6629 4222 409 462
6629 4223 410 462
6629 4224 413 461
6629 4225 416 461
6629 4226 420 460
6629 4227 422 460
6629 4228 424 458
6629 4229 429 459
6629 4230 432 458
6629 4231 433 459
6629 4232 436 456
6629 4233 437 456
6629 4234 440 457
6629 4235 444 455
6629 4236 446 455
6629 4237 441 456
6772 4246 290 380
6772 4247 292 381
6772 4248 295 381
6772 4249 298 382
6772 4250 302 385
6772 4251 304 383
6772 4252 308 383
6772 4253 311 386
6772 4254 314 386
6772 4255 316 384
6772 4256 319 386
6772 4257 322 388
6772 4258 327 388
6772 4259 330 388
6772 4260 333 389
6772 4261 338 389
6772 4262 342 389
6772 4263 346 390
6772 4264 348 390
6772 4265 351 391
6772 4266 352 389
6772 4267 356 389
6772 4268 361 393
6772 4269 363 391
6772 4270 364 390
6772 4271 368 389
6772 4272 372 394
6772 4273 375 391
6772 4274 376 392
6772 4275 379 391
6772 4276 380 391
6772 4277 385 393
6772 4278 389 393
6772 4279 389 393
6772 4280 392 391
6772 4281 393 391
6772 4282 398 391
6772 4283 401 391
6772 4284 402 391
6772 4285 406 391
6772 4286 409 392
6772 4287 412 389
6772 4288 415 389
6772 4289 417 390
6772 4290 418 388
6772 4291 422 383
6772 4292 424 381
6772 4293 427 381
6772 4294 428 387
6772 4295 433 381
6772 4296 433 394
6772 4297 438 393
6772 4298 439 388
6772 4299 440 386
6772 4300 442 383
6772 4301 444 382
6772 4302 447 381
6772 4303 447 385
6772 4304 448 382
6772 4305 450 385
6969 4411 438 320
6969 4412 441 322
6969 4413 443 325
6969 4414 446 327
6969 4415 450 328
6969 4416 452 328
6969 4417 452 328
6969 4418 457 330
6969 4419 458 332
6969 4420 461 332
6969 4421 464 333
6969 4422 466 333
6969 4423 470 334
6969 4424 472 334
6969 4425 475 334
6969 4426 478 337
6969 4427 480 333
6969 4428 482 336
6969 4429 486 337
6969 4430 490 339
6969 4431 492 340
6969 4432 493 339
6969 4433 497 335
6969 4434 500 340
6969 4435 503 340
6969 4436 508 341
6969 4437 509 342
6969 4438 513 340
6969 4439 516 341
6969 4440 518 341
6969 4441 522 342
6969 4442 526 343
6969 4443 528 344
6969 4444 530 342
6969 4445 535 343
6969 4446 538 345
6969 4447 541 345
6969 4448 545 345
6969 4449 548 345
6969 4450 552 344
6969 4451 553 345
6969 4452 557 345
6969 4453 559 345
6969 4454 562 344
6969 4455 565 345
6969 4456 568 345
6969 4457 572 347
6969 4458 575 348
6969 4459 578 347
6969 4460 581 345
6969 4461 585 344
6969 4462 587 348
6969 4463 591 348
6969 4464 593 349
6969 4465 596 350
6969 4466 600 352
6969 4467 603 349
6969 4468 607 351
6969 4469 608 350
6969 4470 611 346
6969 4471 614 347
6969 4472 618 351
6969 4473 620 353
6969 4474 623 354
6969 4475 626 350
6969 4476 628 351
6969 4477 635 351
7047 4479 196 417
7047 4480 194 419
7047 4481 192 420
7047 4482 193 421
7047 4483 191 423
7047 4484 188 422
7047 4485 186 425
7047 4486 182 426
7047 4487 180 426
7047 4488 178 427
7047 4489 176 429
7047 4490 174 429
7047 4491 172 430
7047 4492 170 431
7047 4493 168 432
7047 4494 166 433
7047 4495 163 434
7047 4496 160 435
7047 4497 159 436
7047 4498 156 437
7047 4499 154 438
7047 4500 153 439
7047 4501 151 440
7047 4502 150 441
7047 4503 147 444
7047 4504 144 444
7047 4505 143 444
7047 4506 140 446
7047 4507 140 447
7047 4508 137 448
7047 4509 134 450
7047 4510 133 451
7047 4511 131 451
7486 4917 72 301
7486 4918 70 301
7486 4919 71 306
7486 4920 66 302
7486 4921 64 303
7486 4922 63 306
7486 4923 62 307
7486 4924 60 307
7486 4925 58 307
7486 4926 57 308
7486 4927 56 308
7486 4928 54 311
7486 4929 51 309
7486 4930 50 310
7486 4931 48 311
7486 4932 45 310
7486 4933 44 312
7486 4934 42 311
7486 4935 40 315
7486 4936 39 313
7486 4937 36 316
7486 4938 34 315
7486 4939 32 316
7486 4940 31 318
7486 4941 31 317
7486 4942 27 319
7486 4943 25 320
7486 4944 23 321
7486 4945 22 322
7486 4946 19 320
7486 4947 17 323
7486 4948 14 324
7486 4949 12 321
7486 4950 10 325
7486 4951 9 327
7486 4952 8 329
7486 4953 6 328
7486 4954 3 325
8564 5609 275 253
8564 5610 284 254
8564 5611 293 255
8564 5612 304 256
8564 5613 314 256
8564 5614 325 257
8564 5615 337 259
8564 5616 345 259
8564 5617 355 260
8564 5618 366 261
8564 5619 376 260
8564 5620 386 261
8564 5621 394 262
8564 5622 414 265
8564 5623 404 257
8610 5645 447 266
8610 5646 439 260
8610 5647 436 258
8610 5648 421 255
8610 5649 416 255
8610 5650 403 254
8610 5651 394 255
8610 5652 388 254
8610 5653 376 254
8610 5654 367 253
8610 5655 357 254
8610 5656 349 252
8610 5657 342 251
8610 5658 334 247
8610 5659 325 248
8610 5660 316 246
8610 5661 308 248
9351 6114 472 274
9351 6115 481 270
9351 6116 476 273
9351 6117 486 267
9351 6118 481 265
9351 6119 473 264
9351 6120 464 264
9351 6121 456 263
9351 6122 447 263
9351 6123 436 262
9351 6124 423 257
9351 6125 413 259
9351 6126 400 258
9351 6127 395 258
9574 6255 279 363
9574 6256 280 367
9574 6257 278 368
9574 6258 277 374
9574 6259 278 371
9574 6260 278 373
9574 6261 279 372
9574 6262 277 374
9574 6263 278 372
9574 6264 279 375
9574 6265 279 374
9574 6266 281 376
9574 6267 281 376
9574 6268 283 372
9574 6269 283 377
9574 6270 284 371
9574 6271 285 374
9574 6272 286 374
9574 6273 287 378
9574 6274 292 382
9574 6275 291 384
9574 6276 294 383
9574 6277 295 383
9574 6278 299 382
9574 6279 301 382
9574 6280 303 382
9574 6281 301 380
9574 6282 305 382
9574 6283 305 379
9574 6284 306 381
9574 6285 310 382
9574 6286 314 383
9574 6287 311 382
9574 6288 317 382
9574 6289 318 382
9574 6290 321 383
9574 6291 321 384
9574 6292 322 385
9574 6293 325 384
9574 6294 327 384
9574 6295 330 385
9574 6296 331 384
9574 6297 334 385
9574 6298 335 385
9574 6299 336 385
9574 6300 334 386
9574 6301 341 385
9574 6302 343 386
9574 6303 345 387
9574 6304 348 388
9574 6305 350 388
9574 6306 351 389
9574 6307 350 382
9574 6308 349 387
9666 6311 364 391
9666 6312 366 392
9666 6313 369 392
9666 6314 370 391
9666 6315 375 394
9666 6316 375 393
9666 6317 378 394
9666 6318 381 394
9666 6319 383 394
9666 6320 387 396
9666 6321 389 396
9666 6322 393 393
9666 6323 394 396
9666 6324 396 397
9666 6325 400 398
9666 6326 401 398
9666 6327 406 400
9666 6328 407 399
9666 6329 409 396
9666 6330 410 400
9666 6331 413 399
9666 6332 414 400
9666 6333 419 403
9666 6334 422 402
9666 6335 423 402
9666 6336 424 404
9666 6337 427 404
9666 6338 431 403
9666 6339 433 405
9666 6340 435 405
9666 6341 437 406
9666 6342 441 407
9666 6343 445 407
9666 6344 448 407
9666 6345 448 411
9666 6346 450 410
9666 6347 454 411
9666 6348 455 412
9666 6349 458 411
9666 6350 460 413
9666 6351 460 415
9666 6352 464 414
9666 6353 467 417
9666 6354 473 418
9666 6355 470 416
9666 6356 474 418
9666 6357 479 416
9666 6358 479 419
9666 6359 483 422
9666 6360 485 420
9666 6361 486 423
9666 6362 488 422
9666 6363 489 424
9666 6364 493 424
9666 6365 498 424
9666 6366 498 426
9666 6367 502 425
9666 6368 503 429
9666 6369 507 430
9666 6370 509 430
9666 6371 514 433
9666 6372 516 429
9666 6373 517 426
9666 6374 520 427
9666 6375 523 428
9911 6467 305 337
9911 6468 307 331
9911 6469 307 327
9911 6470 307 328
9911 6471 307 330
9911 6472 304 332
9911 6473 303 332
9911 6474 302 332
9911 6475 303 332
9911 6476 301 333
9911 6477 300 332
9911 6478 299 334
9911 6479 298 337
9911 6480 298 336
9911 6481 296 340
9911 6482 295 341
9911 6483 295 341
9911 6484 295 342
9911 6485 293 343
9911 6486 293 340
9911 6487 291 345
9911 6488 290 347
9911 6489 293 343
9911 6490 289 348
9911 6491 289 344
9911 6492 287 347
9911 6493 287 347
9911 6494 286 351
9911 6495 284 350
9911 6496 283 354
9911 6497 282 354
9911 6498 281 351
9911 6499 280 356
9911 6500 279 358
9911 6501 278 354
9911 6502 277 361
9911 6503 277 358
9911 6504 276 363
9911 6505 275 358
9911 6506 274 362
9911 6507 273 362
9911 6508 272 368
9911 6509 271 369
9911 6510 269 366
9911 6511 269 367
9911 6512 268 371
9911 6513 266 374
9911 6514 265 371
9911 6515 263 376
9911 6516 262 378
9911 6517 261 375
9911 6518 258 376
9911 6519 257 382
9911 6520 258 381
9911 6521 256 381
9911 6522 253 383
9911 6523 251 387
9911 6524 250 387
9911 6525 249 386
9911 6526 249 389
9911 6527 245 388
9911 6528 243 390
9911 6529 242 392
9911 6530 240 396
9911 6531 238 397
9911 6532 237 396
9911 6533 235 399
9911 6534 234 402
9911 6535 232 395
9911 6536 229 403
9911 6537 227 401
9911 6538 225 405
9911 6539 223 409
9911 6540 222 409
9911 6541 219 412
9911 6542 217 413
9911 6543 214 416
9911 6544 213 415
9911 6545 211 418
9911 6546 210 418
9911 6547 208 419
9911 6548 204 423
9911 6549 202 424
9911 6550 204 425
10111 6552 107 426
10111 6553 111 427
10111 6554 114 423
10111 6555 119 423
10111 6556 121 421
10111 6557 126 420
10111 6558 128 417
10111 6559 130 414
10111 6560 133 413
10111 6561 135 412
10111 6562 139 415
10111 6563 144 417
10111 6564 143 415
10111 6565 148 418
10111 6566 151 424
10111 6567 155 423
10111 6568 157 420
10111 6569 162 415
10111 6570 163 408
10111 6571 166 404
10111 6572 167 401
10111 6573 170 398
10111 6574 173 398
10111 6575 176 398
10111 6576 175 390
10111 6577 179 390
10111 6578 181 393
10111 6579 187 393
10111 6580 191 394
10111 6581 190 388
10111 6582 193 383
10111 6583 198 382
10111 6584 201 388
10111 6585 203 389
10111 6586 205 387
10111 6587 210 381
10111 6588 213 379
10111 6589 214 380
10111 6590 216 380
10111 6591 219 377
10111 6592 220 375
10111 6593 222 378
10111 6594 226 378
10111 6595 227 376
10111 6596 231 375
10111 6597 235 377
10111 6598 239 374
10111 6599 240 373
10111 6600 243 371
10111 6601 247 367
10111 6602 247 373
10111 6603 250 371
10111 6604 250 372
10124 6558 486 268
10124 6559 480 264
10124 6560 472 265
10124 6561 459 265
10124 6562 446 264
10124 6563 431 262
10124 6564 415 260
10124 6565 400 258
10124 6566 385 256
10124 6567 370 257
10124 6568 354 255
10124 6569 342 254
10124 6570 329 253
10124 6571 315 253
10124 6572 302 250
10124 6573 287 249
10124 6574 277 249
10124 6575 266 248
10124 6576 255 248
10124 6577 246 247
10124 6578 229 246
10124 6579 236 249
10726 6862 533 459
10726 6863 535 460
10726 6864 537 458
10726 6865 542 456
10726 6866 545 455
10726 6867 548 455
10726 6868 550 454
10726 6869 555 452
10726 6870 558 449
10726 6871 560 450
10726 6872 563 448
10726 6873 567 446
10726 6874 569 445
10726 6875 572 445
10726 6876 574 442
10726 6877 578 438
10726 6878 581 439
10726 6879 582 438
10726 6880 584 437
10726 6881 587 435
10726 6882 589 434
10726 6883 591 433
10726 6884 595 437
10726 6885 595 440
10838 6921 279 365
10838 6922 278 368
10838 6923 278 370
10838 6924 279 366
10838 6925 280 361
10838 6926 279 359
10838 6927 279 357
10838 6928 279 356
10838 6929 281 355
10838 6930 282 354
10838 6931 282 354
10838 6932 279 357
10838 6933 280 354
10838 6934 284 367
10838 6935 285 355
10838 6936 287 354
10838 6937 289 353
10838 6938 291 357
10838 6939 293 353
10838 6940 295 352
10838 6941 297 351
10838 6942 300 353
10838 6943 303 352
10838 6944 305 350
10838 6945 309 351
10838 6946 310 351
10838 6947 313 351
10838 6948 316 351
10838 6949 319 352
10838 6950 321 351
10838 6951 325 351
10838 6952 328 350
10838 6953 331 351
10838 6954 335 351
10838 6955 338 351
10838 6956 341 353
10838 6957 343 350
10838 6958 345 353
10838 6959 349 352
10838 6960 352 352
10838 6961 354 352
10838 6962 358 348
10838 6963 358 347
11292 7270 3 419
11292 7271 4 414
11292 7272 5 414
11292 7273 7 410
11292 7274 7 411
11292 7275 9 410
11292 7276 12 413
11292 7277 15 412
11292 7278 16 411
11292 7279 17 411
11292 7280 20 409
11292 7281 23 410
11292 7282 26 407
11292 7283 29 408
11292 7284 32 404
11292 7285 32 406
11292 7286 35 402
11292 7287 37 401
11292 7288 40 398
11292 7289 44 396
11292 7290 47 395
11292 7291 49 398
11292 7292 50 395
11292 7293 52 393
11292 7294 54 392
11292 7295 54 392
11292 7296 57 390
11292 7297 61 387
11292 7298 62 391
11312 7282 8 428
11312 7283 9 427
11312 7284 9 426
11312 7285 10 418
11312 7286 14 422
11312 7287 14 417
11312 7288 18 418
11312 7289 23 414
11312 7290 25 414
11312 7291 25 413
11312 7292 28 409
11312 7293 30 409
11312 7294 32 405
11312 7295 35 404
11312 7296 37 403
11312 7297 40 404
11312 7298 43 401
11312 7299 47 399
11312 7300 49 395
11312 7301 50 395
11312 7302 52 390
11312 7303 57 389
11312 7304 59 388
11312 7305 61 388
11312 7306 65 385
11312 7307 67 384
11312 7308 70 383
11312 7309 73 381
11312 7310 75 381
11312 7311 75 380
12426 7987 344 394
12426 7988 347 396
12426 7989 349 396
12426 7990 351 396
12426 7991 354 398
12426 7992 358 398
12426 7993 360 399
12426 7994 362 400
12426 7995 367 402
12426 7996 368 403
12426 7997 372 406
12426 7998 374 406
12426 7999 378 407
12426 8000 382 406
12426 8001 383 408
12426 8002 387 410
12426 8003 391 413
12426 8004 392 414
12426 8005 394 418
12426 8006 401 417
12426 8007 405 416
12426 8008 407 417
12426 8009 408 424
12426 8010 414 423
12530 8087 87 438
12530 8088 85 436
12530 8089 85 437
12530 8090 83 434
12530 8091 81 433
12530 8092 77 432
12530 8093 77 431
12530 8094 73 429
12530 8095 72 428
12530 8096 70 427
12530 8097 68 426
12530 8098 67 424
12530 8099 65 421
12530 8100 59 420
12530 8101 57 420
12530 8102 56 420
12530 8103 56 418
12530 8104 53 416
12530 8105 52 417
12530 8106 47 415
12530 8107 45 412
12530 8108 43 413
12530 8109 40 411
12530 8110 39 410
12530 8111 34 410
12530 8112 32 410
12530 8113 32 409
12530 8114 30 410
12530 8115 27 408
12530 8116 25 410
12530 8117 23 408
12530 8118 19 407
12530 8119 13 410
12530 8120 15 410
12530 8121 18 411
12530 8122 13 414
12686 8205 75 475
12686 8206 78 474
12686 8207 83 473
12686 8208 88 472
12686 8209 92 470
12686 8210 97 468
12686 8211 102 467
12686 8212 107 465
12686 8213 110 463
12686 8214 114 460
12686 8215 118 459
12686 8216 122 455
12686 8217 126 454
12686 8218 130 452
12686 8219 135 451
12686 8220 141 455
12686 8221 145 457
12686 8222 146 462
12707 8220 141 446
12707 8221 144 444
12707 8222 148 443
12707 8223 151 440
12707 8224 155 440
12707 8225 159 438
12707 8226 162 436
12707 8227 166 433
12707 8228 169 432
12707 8229 174 429
12707 8230 177 427
12707 8231 181 425
12707 8232 183 423
12707 8233 186 422
12707 8234 191 419
12707 8235 194 417
12707 8236 199 419
12707 8237 201 414
12707 8238 203 412
12707 8239 206 410
12707 8240 210 411
12707 8241 214 412
12707 8242 217 417
12707 8243 220 414
12707 8244 222 409
12707 8245 224 414
12707 8246 228 406
12802 8261 168 419
12802 8262 167 422
12802 8263 169 418
12802 8264 171 419
12802 8265 174 417
12802 8266 177 418
12802 8267 176 415
12802 8268 178 415
12802 8269 180 414
12802 8270 181 411
12802 8271 183 411
12802 8272 185 411
12802 8273 188 409
12802 8274 190 407
12802 8275 192 406
12802 8276 194 406
12802 8277 195 403
12802 8278 196 402
12802 8279 199 402
12802 8280 200 401
12802 8281 202 398
12802 8282 205 398
12802 8283 206 398
12802 8284 209 396
12802 8285 211 393
12802 8286 213 394
12802 8287 216 392
12802 8288 219 389
12802 8289 220 388
12802 8290 222 389
12802 8291 225 384
12802 8292 226 385
12802 8293 229 384
12802 8294 232 384
12802 8295 234 382
12802 8296 236 382
12802 8297 239 381
12802 8298 241 378
12802 8299 244 377
12802 8300 245 378
12802 8301 248 377
12802 8302 251 374
12802 8303 252 374
12802 8304 255 374
12802 8305 256 370
12802 8306 258 370
12802 8307 261 366
12802 8308 263 369
12802 8309 265 366
12802 8310 266 367
12802 8311 268 365
12802 8312 269 363
12802 8313 271 364
12802 8314 273 362
12802 8315 274 360
12802 8316 276 360
12802 8317 276 360
12802 8318 277 359
12802 8319 280 356
12802 8320 281 357
12802 8321 282 355
12802 8322 284 355
12802 8323 285 354
12802 8324 287 354
12802 8325 289 356
12944 8321 433 441
12944 8322 433 440
12944 8323 430 441
12944 8324 425 440
12944 8325 418 437
12944 8326 417 436
12944 8327 413 437
12944 8328 410 435
12944 8329 406 433
12944 8330 404 435
12944 8331 399 434
12944 8332 396 428
12944 8333 393 427
12944 8334 389 426
12944 8335 386 425
12944 8336 382 422
12944 8337 379 422
12944 8338 370 411
12944 8339 369 408
12944 8340 370 403
12944 8341 375 401
12944 8342 373 395
12944 8343 370 388
12944 8344 377 395
12944 8345 382 395
12944 8346 382 395
12944 8347 380 392
13562 8743 452 331
13562 8744 449 330
13562 8745 452 329
13562 8746 452 330
13562 8747 450 331
13562 8748 454 331
13562 8749 455 331
13562 8750 454 334
13562 8751 456 333
13562 8752 454 334
13562 8753 456 334
13562 8754 457 334
13562 8755 460 333
13562 8756 462 334
13562 8757 459 336
13562 8758 464 334
13562 8759 466 338
13562 8760 466 337
13562 8761 465 336
13562 8762 469 336
13562 8763 470 336
13562 8764 468 338
13562 8765 472 338
13562 8766 468 340
13562 8767 468 341
13562 8768 470 338
13562 8769 471 340
13562 8770 473 339
13562 8771 474 340
13562 8772 477 341
13562 8773 482 338
13562 8774 477 341
13562 8775 479 340
13562 8776 480 342
13562 8777 483 344
13562 8778 482 344
13562 8779 485 345
13562 8780 486 345
13562 8781 486 344
13562 8782 489 345
13562 8783 491 344
13562 8784 493 345
13562 8785 493 344
13562 8786 493 344
13562 8787 498 346
13562 8788 499 345
13562 8789 501 346
13562 8790 503 347
13562 8791 504 347
13562 8792 503 348
13562 8793 508 348
13562 8794 507 347
13562 8795 510 347
13562 8796 512 347
13562 8797 512 348
13562 8798 515 348
13562 8799 514 349
13562 8800 521 359
14157 9074 91 273
14157 9075 92 276
14157 9076 93 273
14157 9077 93 274
14157 9078 93 275
14157 9079 92 275
14157 9080 93 276
14157 9081 93 277
14157 9082 92 278
14157 9083 93 278
14157 9084 93 279
14157 9085 93 280
14157 9086 94 282
14157 9087 93 279
14157 9088 93 283
14157 9089 93 290
14157 9090 91 292
14157 9091 90 294
14157 9092 88 295
14157 9093 86 293
14157 9094 81 297
14157 9095 82 298
14157 9096 73 302
14157 9097 68 303
14157 9098 67 305
14157 9099 60 304
14157 9100 57 305
14157 9101 54 307
14157 9102 47 308
14157 9103 42 310
14157 9104 41 310
14157 9105 34 316
14157 9106 29 309
14157 9107 24 315
14157 9108 19 322
14157 9109 18 321
14157 9110 15 322
14157 9111 10 331
14157 9112 9 332
14157 9113 8 334
14157 9114 14 343
14157 9115 13 346
14157 9116 13 348
14157 9117 11 346
14157 9118 5 348
14193 9095 93 280
14193 9096 91 281
14193 9097 89 283
14193 9098 86 285
14193 9099 85 284
14193 9100 83 289
14193 9101 81 294
14193 9102 77 295
14193 9103 72 294
14193 9104 70 296
14193 9105 66 298
14193 9106 63 302
14193 9107 58 302
14193 9108 52 305
14193 9109 50 305
14193 9110 44 309
14193 9111 40 309
14193 9112 24 312
14193 9113 29 312
14193 9114 24 313
14193 9115 16 316
14193 9116 10 317
14193 9117 10 326
14193 9118 8 328
14193 9119 5 328
14276 9138 362 260
14276 9139 359 256
14276 9140 366 257
14276 9141 371 257
14276 9142 377 256
14276 9143 382 259
14276 9144 388 255
14276 9145 391 256
14276 9146 396 255
14276 9147 405 255
14276 9148 407 254
14276 9149 411 254
14276 9150 420 255
14276 9151 429 260
14276 9152 434 260
14276 9153 441 263
14276 9154 445 263
14276 9155 451 265
14276 9156 460 268
14276 9157 466 269
14276 9158 471 267
14276 9159 477 267
14276 9160 480 263
14276 9161 484 264
14276 9162 488 262
14311 9159 284 362
14311 9160 286 360
14311 9161 286 360
14311 9162 285 363
14311 9163 283 361
14311 9164 282 364
14311 9165 283 367
14311 9166 283 367
14311 9167 282 370
14311 9168 280 371
14311 9169 278 372
14311 9170 278 371
14311 9171 278 373
14311 9172 277 374
14311 9173 276 374
14311 9174 273 376
14311 9175 271 380
14311 9176 269 380
14311 9177 269 379
14311 9178 264 379
14311 9179 265 386
14311 9180 264 385
14311 9181 263 386
14311 9182 261 386
14311 9183 261 391
14311 9184 259 387
14311 9185 257 390
14311 9186 259 391
14311 9187 257 394
14311 9188 253 394
14311 9189 253 395
14311 9190 252 396
14311 9191 251 399
14311 9192 248 399
14311 9193 248 396
14311 9194 246 402
14311 9195 246 402
14311 9196 243 404
14492 9289 511 406
14492 9290 508 405
14492 9291 504 406
14492 9292 501 405
14492 9293 498 405
14492 9294 494 408
14492 9295 491 405
14492 9296 488 406
14492 9297 485 403
14492 9298 481 403
14492 9299 479 402
14492 9300 475 402
14492 9301 471 402
14492 9302 469 402
14492 9303 466 401
14492 9304 462 399
14492 9305 459 399
14492 9306 455 399
14492 9307 453 399
14492 9308 451 398
14492 9309 446 398
14492 9310 441 394
14492 9311 441 398
14492 9312 438 395
14492 9313 435 395
14492 9314 432 393
14492 9315 428 394
14492 9316 425 389
14492 9317 422 388
14492 9318 418 393
14492 9319 416 393
14492 9320 413 389
14492 9321 410 389
14492 9322 408 389
14492 9323 405 388
14492 9324 400 387
14492 9325 395 386
14492 9326 393 387
14492 9327 391 387
14492 9328 387 384
14492 9329 385 384
14492 9330 382 385
14492 9331 379 391
14537 9331 379 379
14537 9332 375 383
14537 9333 372 383
14537 9334 369 383
14537 9335 366 383
14537 9336 364 380
14537 9337 360 381
14537 9338 358 381
14537 9339 354 380
14537 9340 351 381
14537 9341 349 381
14537 9342 345 380
14537 9343 341 378
14537 9344 338 378
14537 9345 336 377
14537 9346 332 376
14537 9347 328 376
14537 9348 327 376
14537 9349 325 378
14537 9350 321 376
14537 9351 319 370
14537 9352 314 373
14537 9353 311 370
14537 9354 310 371
14537 9355 308 370
14537 9356 304 371
14537 9357 300 371
14537 9358 299 371
14537 9359 297 365
14537 9360 295 366
14537 9361 292 368
14537 9362 290 368
14537 9363 289 366
14537 9364 288 364
14537 9365 286 365
14537 9366 285 363
14537 9367 286 364
15035 9770 454 391
15035 9771 455 389
15035 9772 452 389
15035 9773 450 389
15035 9774 448 388
15035 9775 446 385
15035 9776 444 385
15035 9777 442 386
15035 9778 439 387
15035 9779 437 387
15035 9780 434 387
15035 9781 432 386
15035 9782 429 386
15035 9783 427 386
15035 9784 424 386
15035 9785 422 385
15035 9786 421 386
15035 9787 418 384
15035 9788 415 385
15035 9789 412 383
15035 9790 410 382
15035 9791 406 389
15035 9792 405 383
15035 9793 402 381
15035 9794 400 381
15035 9795 397 381
15035 9796 394 381
15035 9797 394 379
15035 9798 390 381
15035 9799 389 377
15035 9800 386 380
15035 9801 383 385
15035 9802 380 379
15035 9803 376 380
15035 9804 375 380
15035 9805 373 381
15035 9806 370 380
15035 9807 368 380
15035 9808 365 380
15035 9809 363 380
15035 9810 359 380
15035 9811 356 380
15035 9812 353 379
15035 9813 351 381
15035 9814 351 379
15035 9815 349 380
15035 9816 347 379
15035 9817 345 379
15035 9818 341 379
15035 9819 338 378
15035 9820 335 378
15035 9821 335 377
15725 10193 101 381
15725 10194 100 379
15725 10195 98 380
15725 10196 101 380
15725 10197 103 379
15725 10198 106 380
15725 10199 108 380
15725 10200 110 380
15725 10201 112 381
15725 10202 113 381
15725 10203 117 381
15725 10204 121 385
15725 10205 125 386
15725 10206 128 387
15725 10207 129 386
15725 10208 131 387
15725 10209 135 390
15725 10210 136 390
15725 10211 139 387
15725 10212 141 390
15725 10213 143 395
15725 10214 144 391
15725 10215 145 391
15725 10216 145 387
15725 10217 146 391
15725 10218 147 392
15725 10219 150 396
15725 10220 148 395
15725 10221 148 396
15725 10222 148 397
15725 10223 152 396
15725 10224 152 398
15725 10225 150 394
15725 10226 148 399
15725 10227 149 400
15725 10228 145 408
15725 10229 144 405
15725 10230 142 413
15725 10231 138 414
15725 10232 136 416
15725 10233 135 417
15725 10234 133 418
15725 10235 129 419
15725 10236 128 421
15725 10237 127 421
15725 10238 124 421
16292 10626 616 432
16292 10627 617 437
16292 10628 613 438
16292 10629 610 435
16292 10630 609 441
16292 10631 607 441
16292 10632 604 443
16292 10633 601 440
16292 10634 598 442
16292 10635 595 443
16292 10636 593 444
16292 10637 590 445
16292 10638 589 446
16292 10639 586 448
16292 10640 585 449
16292 10641 583 449
16292 10642 578 451
16292 10643 577 452
16292 10644 573 453
16292 10645 572 454
16292 10646 572 458
16292 10647 571 458
16292 10648 567 457
16292 10649 565 461
16292 10650 561 462
16292 10651 559 463
16292 10652 556 464
16292 10653 554 465
16292 10654 551 467
16292 10655 549 468
16292 10656 545 469
16292 10657 543 469
16292 10658 540 471
16292 10659 538 472
16292 10660 534 473
16292 10661 531 474
16292 10662 528 475
16292 10663 525 475
16452 10735 463 391
16452 10736 466 392
16452 10737 465 393
16452 10738 466 392
16452 10739 468 393
16452 10740 473 390
16452 10741 475 386
16452 10742 473 387
16452 10743 468 385
16452 10744 465 383
16452 10745 462 386
16452 10746 460 384
16452 10747 456 384
16452 10748 453 383
16452 10749 450 379
16452 10750 446 383
16452 10751 443 382
16452 10752 442 380
16452 10753 437 384
16452 10754 434 385
16452 10755 431 382
16452 10756 429 378
16452 10757 425 379
16452 10758 422 380
16452 10759 420 378
16452 10760 417 378
16452 10761 413 378
16452 10762 412 378
16452 10763 410 377
16452 10764 407 376
16452 10765 404 373
16452 10766 402 371
16789 10981 211 435
16789 10982 212 431
16789 10983 215 432
16789 10984 216 430
16789 10985 218 430
16789 10986 219 428
16789 10987 221 426
16789 10988 222 425
16789 10989 224 424
16789 10990 227 423
16789 10991 228 421
16789 10992 230 419
16789 10993 233 418
16789 10994 233 418
16789 10995 234 416
16789 10996 236 414
16789 10997 238 415
16789 10998 240 413
16789 10999 241 412
16789 11000 243 409
16789 11001 245 408
16789 11002 246 408
16789 11003 246 408
16789 11004 247 405
16789 11005 250 404
16789 11006 251 405
16789 11007 253 402
16789 11008 255 401
16789 11009 256 405
16789 11010 259 398
16789 11011 258 406
16789 11012 261 404
17301 11406 3 418
17301 11407 5 415
17301 11408 9 414
17301 11409 10 413
17301 11410 11 413
17301 11411 16 410
17301 11412 20 407
17301 11413 22 408
17301 11414 24 409
17301 11415 29 407
17301 11416 33 404
17301 11417 34 403
17301 11418 36 402
17301 11419 42 397
17301 11420 45 399
17301 11421 47 399
17301 11422 49 395
17301 11423 53 393
17301 11424 56 393
17301 11425 59 390
17301 11426 64 386
17301 11427 66 384
17301 11428 70 383
17301 11429 73 381
17301 11430 76 381
17301 11431 78 379
17596 11706 232 252
17596 11707 239 248
17596 11708 241 248
17596 11709 244 248
17596 11710 249 248
17596 11711 254 248
17596 11712 256 249
17596 11713 260 249
17596 11714 264 249
17596 11715 268 249
17596 11716 272 254
17596 11717 277 249
17596 11718 281 248
17596 11719 282 254
17596 11720 289 249
17596 11721 292 250
17596 11722 296 251
17596 11723 300 251
17596 11724 302 251
17596 11725 307 250
17596 11726 312 252
17596 11727 318 252
17596 11728 321 254
17596 11729 327 253
17596 11730 334 253
17596 11731 339 254
17596 11732 343 255
17596 11733 349 254
17596 11734 356 256
17596 11735 362 256
17596 11736 368 257
17596 11737 374 257
17596 11738 380 261
17596 11739 388 259
17596 11740 392 260
17596 11741 399 258
17596 11742 405 254
17596 11743 412 254
17596 11744 416 255
17596 11745 422 255
17596 11746 429 256
17596 11747 436 262
17596 11748 440 262
17596 11749 444 262
17596 11750 451 264
17596 11751 455 265
17596 11752 460 265
17596 11753 466 266
17596 11754 473 266
17596 11755 476 268
17596 11756 482 267
17596 11757 487 264
17596 11758 493 258
17879 11974 474 265
17879 11975 469 265
17879 11976 462 264
17879 11977 454 264
17879 11978 448 262
17879 11979 443 263
17879 11980 438 259
17879 11981 433 258
17879 11982 422 257
17879 11983 416 256
17879 11984 410 258
17879 11985 403 259
17879 11986 397 259
17879 11987 391 258
17879 11988 384 257
17879 11989 377 257
17879 11990 372 256
17879 11991 367 253
17879 11992 358 255
17879 11993 350 254
17879 11994 349 249
17879 11995 342 249
17879 11996 336 250
17879 11997 332 248
18007 12063 553 411
18007 12064 550 405
18007 12065 546 407
18007 12066 541 406
18007 12067 540 407
18007 12068 535 409
18007 12069 531 411
18007 12070 528 409
18007 12071 526 410
18007 12072 522 410
18007 12073 518 411
18007 12074 515 410
18007 12075 512 412
18007 12076 509 414
18007 12077 505 416
18007 12078 502 419
18007 12079 494 423
18007 12080 495 416
18007 12081 491 415
18007 12082 488 423
18007 12083 485 418
18007 12084 482 421
18007 12085 479 423
18007 12086 475 420
18007 12087 473 422
18007 12088 468 422
18009 12063 149 268
18009 12064 148 270
18009 12065 145 277
18009 12066 147 279
18009 12067 143 279
18009 12068 135 281
18009 12069 137 283
18009 12070 130 285
18009 12071 131 285
18009 12072 128 288
18009 12073 124 289
18009 12074 119 291
18009 12075 113 289
18009 12076 113 294
18009 12077 108 296
18009 12078 105 297
18009 12079 101 300
18022 12079 90 293
18022 12080 90 301
18022 12081 91 304
18022 12082 84 305
18022 12083 79 307
18022 12084 72 310
18022 12085 69 314
18022 12086 66 316
18022 12087 63 319
18022 12088 55 321
18022 12089 49 322
18022 12090 45 323
18022 12091 35 321
18022 12092 28 322
18022 12093 22 324
18022 12094 17 327
18022 12095 13 333
18022 12096 9 336
18022 12097 7 339
18022 12098 5 343
18034 12089 467 432
18034 12090 463 422
18034 12091 458 423
18034 12092 456 429
18034 12093 452 431
18034 12094 449 428
18034 12095 445 427
18034 12096 441 429
18034 12097 437 431
18034 12098 434 431
18034 12099 429 434
18034 12100 425 441
18034 12101 423 440
18034 12102 420 439
18034 12103 415 436
18034 12104 411 436
18034 12105 407 436
18034 12106 405 440
18034 12107 400 440
18034 12108 397 447
18034 12109 393 441
18034 12110 390 444
18034 12111 387 441
18034 12112 381 443
18034 12113 377 444
18034 12114 374 445
18034 12115 370 448
18034 12116 365 456
18034 12117 361 449
18034 12118 356 449
18034 12119 350 452
18034 12120 348 451
18034 12121 345 452
18034 12122 344 451
18042 12094 239 369
18042 12095 239 366
18042 12096 240 367
18042 12097 239 367
18042 12098 238 368
18042 12099 238 371
18042 12100 237 371
18042 12101 236 370
18042 12102 235 370
18042 12103 234 371
18042 12104 234 373
18042 12105 232 374
18042 12106 231 372
18042 12107 230 374
18042 12108 228 377
18042 12109 228 375
18042 12110 227 378
18042 12111 224 375
18042 12112 224 377
18042 12113 222 375
18042 12114 221 378
18042 12115 219 380
18042 12116 218 381
18042 12117 215 376
18042 12118 214 376
18042 12119 212 382
18042 12120 212 381
18042 12121 211 380
18042 12122 208 377
18042 12123 207 377
18042 12124 205 381
18042 12125 205 379
18042 12126 203 380
18042 12127 201 378
18042 12128 200 381
18042 12129 197 382
18042 12130 195 383
18042 12131 193 382
18042 12132 194 378
18042 12133 191 381
18042 12134 188 383
18042 12135 187 379
18042 12136 185 378
18042 12137 182 381
18042 12138 181 383
18042 12139 178 382
18042 12140 178 379
18042 12141 175 382
18042 12142 173 380
18042 12143 172 378
18042 12144 170 378
18042 12145 168 380
18042 12146 166 380
18042 12147 165 383
18042 12148 163 382
18042 12149 161 382
18042 12150 159 382
18042 12151 157 379
18042 12152 157 379
18042 12153 154 382
18042 12154 152 378
18042 12155 151 380
18042 12156 149 382
18042 12157 147 378
18042 12158 145 379
18042 12159 143 383
18042 12160 140 382
18042 12161 137 381
18042 12162 136 378
18042 12163 135 378
18042 12164 133 382
18042 12165 131 381
18042 12166 129 383
18042 12167 126 381
18042 12168 124 382
18042 12169 122 382
18042 12170 121 382
18042 12171 119 381
18042 12172 117 378
18042 12173 116 378
18042 12174 114 380
18042 12175 112 380
18042 12176 110 379
18042 12177 108 378
18042 12178 106 380
18042 12179 105 378
18042 12180 103 378
18042 12181 102 378
18042 12182 101 378
18042 12183 98 377
18042 12184 95 376
18042 12185 95 377
18042 12186 93 377
18042 12187 91 376
18042 12188 88 376
18042 12189 88 375
18042 12190 87 375
18042 12191 85 374
18042 12192 85 374
18042 12193 82 375
18042 12194 81 375
18042 12195 80 375
18042 12196 79 375
18042 12197 77 375
18042 12198 75 375
18042 12199 74 375
18042 12200 73 374
18042 12201 71 374
18042 12202 69 373
18042 12203 69 374
18042 12204 67 373
18042 12205 65 373
18042 12206 64 372
18042 12207 63 372
18042 12208 62 370
18042 12209 60 369
18042 12210 59 370
18042 12211 60 371
18042 12212 57 371
18042 12213 56 370
18042 12214 55 369
18042 12215 53 368
18042 12216 52 368
18042 12217 51 367
18042 12218 50 368
18042 12219 50 367
18042 12220 49 367
18042 12221 47 368
18042 12222 46 366
18042 12223 45 367
18042 12224 43 366
18042 12225 43 366
18042 12226 41 366
18042 12227 41 367
18042 12228 38 364
18042 12229 37 364
18042 12230 37 364
18042 12231 36 363
18042 12232 34 362
18042 12233 34 362
18042 12234 32 362
18042 12235 31 361
18042 12236 28 360
18042 12237 27 359
18089 12133 287 450
18089 12134 284 451
18089 12135 280 455
18089 12136 277 451
18089 12137 272 453
18089 12138 270 454
18089 12139 263 457
18089 12140 259 453
18089 12141 254 450
18089 12142 250 451
18089 12143 245 451
18089 12144 240 450
18089 12145 236 448
18089 12146 230 449
18089 12147 226 451
18089 12148 221 450
18089 12149 216 449
18089 12150 211 449
18089 12151 207 449
18089 12152 202 449
18089 12153 197 450
18089 12154 191 450
18089 12155 187 450
18089 12156 183 449
18089 12157 178 449
18089 12158 173 450
18089 12159 169 448
18089 12160 165 456
18089 12161 163 459
18089 12162 159 459
18089 12163 158 466
18129 12163 150 451
18129 12164 145 451
18129 12165 141 452
18129 12166 137 453
18129 12167 133 453
18129 12168 130 458
18129 12169 126 463
18129 12170 118 458
18129 12171 114 455
18129 12172 109 457
18129 12173 105 458
18129 12174 100 458
18129 12175 98 463
18129 12176 95 465
18129 12177 90 466
18129 12178 85 467
18129 12179 79 463
18129 12180 74 464
18129 12181 70 465
18129 12182 66 466
18129 12183 63 469
18129 12184 57 469
18129 12185 54 470
18129 12186 49 471
18129 12187 43 471
18129 12188 39 472
18129 12189 34 472
18129 12190 31 473
18129 12191 25 473
18129 12192 23 475
18129 12193 19 475
18129 12194 15 476