130 804 4 353
130 805 3 351
130 806 5 351
130 807 5 350
130 808 5 347
130 809 6 348
130 810 6 347
130 811 6 345
130 812 7 344
130 813 8 345
130 814 11 343
130 815 12 345
130 816 12 342
130 817 14 343
130 818 14 341
130 819 13 338
130 820 16 339
130 821 16 341
130 822 19 338
130 823 19 336
130 824 19 333
130 825 22 335
130 826 24 336
130 827 22 333
130 828 23 331
130 829 25 332
130 830 27 332
130 831 27 331
130 832 31 331
130 833 30 331
130 834 34 329
130 835 35 329
130 836 35 327
130 837 33 328
130 838 38 327
130 839 39 326
130 840 38 323
130 841 41 325
130 842 41 324
130 843 43 323
130 844 43 322
130 845 44 322
130 846 45 322
130 847 43 321
130 848 45 320
130 849 46 319
130 850 48 319
130 851 49 319
130 852 46 319
130 853 51 318
130 854 51 317
130 855 49 314
320 2074 205 246
320 2075 214 247
320 2076 226 248
320 2077 235 249
320 2078 243 250
320 2079 251 250
320 2080 262 251
320 2081 275 251
320 2082 287 253
320 2083 300 254
320 2084 310 255
320 2085 320 254
320 2086 330 256
320 2087 343 257
320 2088 354 258
320 2089 346 253
320 2090 358 259
766 5069 521 382
766 5070 522 387
766 5071 515 386
766 5072 513 384
766 5073 509 386
766 5074 507 379
766 5075 505 382
766 5076 499 382
766 5077 495 381
766 5078 495 381
766 5079 495 379
766 5080 493 376
766 5081 489 373
766 5082 487 378
766 5083 485 375
766 5084 483 375
766 5085 478 375
766 5086 476 375
766 5087 476 372
766 5088 473 367
766 5089 470 365
766 5090 469 369
766 5091 467 368
766 5092 463 369
766 5093 462 368
766 5094 461 368
766 5095 463 365
766 5096 461 361
766 5097 457 362
766 5098 457 361
766 5099 455 357
766 5100 453 356
766 5101 450 357
766 5102 449 356
766 5103 448 356
766 5104 446 351
766 5105 443 353
766 5106 440 351
766 5107 441 350
766 5108 437 350
766 5109 437 349
766 5110 432 352
1497 9281 635 370
1497 9282 632 371
1497 9283 629 372
1497 9284 626 372
1497 9285 624 371
1497 9286 621 371
1497 9287 617 373
1497 9288 615 374
1497 9289 612 377
1497 9290 611 374
1497 9291 607 374
1497 9292 605 374
1497 9293 602 373
1497 9294 599 374
1497 9295 596 375
1497 9296 592 375
1497 9297 589 379
1497 9298 588 376
1497 9299 583 380
1497 9300 580 376
1497 9301 579 375
1497 9302 576 376
1497 9303 572 380
1497 9304 570 377
1497 9305 565 382
1497 9306 562 379
1497 9307 560 382
1497 9308 557 379
1497 9309 554 377
1497 9310 551 381
1497 9311 547 382
1497 9312 545 379
1497 9313 541 382
1497 9314 540 380
1497 9315 535 382
1497 9316 533 381
1497 9317 529 379
1497 9318 526 379
1497 9319 522 383
1497 9320 518 381
1497 9321 516 383
1497 9322 513 381
1497 9323 509 386
1497 9324 505 384
1497 9325 502 380
1497 9326 500 384
1497 9327 496 384
1497 9328 492 383
1497 9329 488 386
1497 9330 485 386
1497 9331 479 386
1497 9332 476 383
1497 9333 474 382
1497 9334 472 389
1497 9335 471 384
1497 9336 464 386
1497 9337 460 388
1497 9338 455 388
1497 9339 454 385
1497 9340 455 384