37 65 484 267
37 66 481 266
37 67 478 264
37 68 468 267
37 69 454 266
37 70 443 264
37 71 436 263
37 72 425 262
37 73 413 261
37 74 397 260
37 75 385 258
37 76 376 257
37 77 369 258
37 78 358 258
37 79 344 255
37 80 331 253
37 81 322 253
37 82 312 251
37 83 304 251
37 84 292 250
37 85 279 248
37 86 261 250
37 87 257 250
37 88 251 255
37 89 263 249
37 90 287 255
37 91 301 257
37 92 311 257
37 93 318 257
37 94 328 257
37 95 324 265
376 587 115 284
376 588 117 290
376 589 106 295
376 590 95 299
376 591 88 302
376 592 82 305
376 593 70 310
376 594 60 314
376 595 51 317
376 596 43 321
376 597 35 324
376 598 28 328
376 599 23 333
376 600 18 334
376 601 14 336
376 602 10 338
376 603 6 342
478 756 367 262
478 757 364 261
478 758 377 262
478 759 391 263
478 760 403 265
478 761 420 267
478 762 436 268
478 763 453 269
478 764 465 269
478 765 472 272
478 766 477 272
478 767 488 276
1299 1453 464 271
1299 1454 466 268
1299 1455 453 266
1299 1456 441 264
1299 1457 428 263
1299 1458 418 261
1299 1459 406 260
1299 1460 392 260
1299 1461 379 258
1299 1462 370 257
1299 1463 361 256
1299 1464 349 255
1299 1465 338 254
1299 1466 329 253
1299 1467 316 253
1299 1468 309 254
1473 1671 558 391
1473 1672 555 388
1473 1673 552 394
1473 1674 551 395
1473 1675 549 393
1473 1676 544 391
1473 1677 539 395
1473 1678 536 394
1473 1679 533 389
1473 1680 527 395
1473 1681 526 396
1473 1682 523 396
1473 1683 519 396
1473 1684 515 396
1473 1685 511 397
1473 1686 507 397
1473 1687 502 398
1473 1688 501 398
1473 1689 494 399
1473 1690 491 400
1473 1691 490 399
1473 1692 485 400
1473 1693 479 402
1473 1694 481 401
1473 1695 476 403
1473 1696 470 403
1473 1697 466 402
1473 1698 463 403
1473 1699 460 405
1473 1700 456 402
1473 1701 449 404
1473 1702 449 406
1473 1703 445 406
1473 1704 438 404
1473 1705 434 407
1473 1706 434 407
1473 1707 429 403
1481 1707 421 416
1481 1708 421 408
1481 1709 419 407
1481 1710 418 409
1481 1711 411 408
1481 1712 406 407
1481 1713 404 409
1481 1714 401 410
1481 1715 396 403
1481 1716 389 408
1481 1717 389 410
1481 1718 384 409
1481 1719 377 409
1481 1720 373 412
1481 1721 372 411
1481 1722 365 412
1481 1723 358 412
1481 1724 357 413
1481 1725 354 413
1481 1726 347 412
1481 1727 342 412
1481 1728 341 415
1481 1729 335 414
1481 1730 326 414
1481 1731 324 414
1481 1732 323 416
1481 1733 316 416
1481 1734 309 415
1481 1735 308 415
1481 1736 305 421
1481 1737 295 415
1481 1738 292 415
1481 1739 291 418
1481 1740 286 416
1486 1740 280 424
1486 1741 276 415
1486 1742 275 416
1486 1743 273 417
1486 1744 267 419
1486 1745 260 418
1486 1746 258 418
1486 1747 254 419
1486 1748 247 416
1486 1749 241 416
1486 1750 238 415
1486 1751 236 418
1486 1752 227 416
1486 1753 225 420
1486 1754 222 419
1486 1755 216 419
1486 1756 209 419
1486 1757 208 418
1486 1758 203 419
1486 1759 195 417
1486 1760 192 419
1486 1761 190 420
1486 1762 185 417
1486 1763 178 418
1486 1764 175 419
1486 1765 172 420
1486 1766 166 420
1486 1767 160 417
1486 1768 159 421
1486 1769 155 421
1486 1770 150 421
1486 1771 144 418
1486 1772 142 419
1486 1773 138 418
1486 1774 132 415
1486 1775 128 417
1486 1776 126 419
1486 1777 120 418
1486 1778 114 414
1486 1779 112 416
1486 1780 109 417
1486 1781 103 415
1486 1782 98 415
1486 1783 97 417
1486 1784 92 414
1486 1785 85 413
1486 1786 83 414
1486 1787 77 413
1486 1788 77 416
1497 1776 297 260
1497 1777 297 254
1497 1778 305 252
1497 1779 314 254
1497 1780 305 249
1497 1781 303 256
1497 1782 311 259
1497 1783 321 260
1497 1784 330 261
1497 1785 338 263
1497 1786 347 261
1497 1787 352 263
1497 1788 366 262
1497 1789 373 263
1497 1790 383 263
1497 1791 391 264
1497 1792 398 266
1497 1793 407 267
1497 1794 411 269
1497 1795 423 267
1497 1796 429 272
1497 1797 437 272
1497 1798 442 272
1497 1799 452 271
1497 1800 457 272
1682 1925 481 272
1682 1926 475 271
1682 1927 475 264
1682 1928 470 264
1682 1929 461 266
1682 1930 451 265
1682 1931 441 264
1682 1932 431 263
1682 1933 420 262
1682 1934 411 261
1682 1935 401 261
1682 1936 390 259
1682 1937 379 258
1682 1938 370 258
1682 1939 362 256
1682 1940 350 255
1682 1941 340 254
1682 1942 333 254
1682 1943 323 253
1708 1993 91 395
1708 1994 90 393
1708 1995 91 392
1708 1996 98 390
1708 1997 102 392
1708 1998 103 391
1708 1999 107 390
1708 2000 115 390
1708 2001 117 392
1708 2002 119 389
1708 2003 123 388
1708 2004 130 390
1708 2005 130 391
1708 2006 133 388
1708 2007 140 387
1708 2008 144 390
1708 2009 145 390
1708 2010 150 386
1708 2011 156 386
1708 2012 159 389
1708 2013 160 387
1708 2014 165 385
1708 2015 171 385
1708 2016 174 388
1708 2017 175 384
1708 2018 181 384
1708 2019 186 385
1708 2020 187 384
1708 2021 190 383
1708 2022 198 383
1708 2023 200 384
1708 2024 202 382
1708 2025 205 381
1708 2026 213 380
1708 2027 215 383
1708 2028 216 383
1708 2029 218 390
1721 2029 223 380
1721 2030 228 381
1721 2031 230 382
1721 2032 233 378
1721 2033 238 378
1721 2034 243 381
1721 2035 245 382
1721 2036 249 378
1721 2037 255 378
1721 2038 257 380
1721 2039 259 380
1721 2040 264 377
1721 2041 271 377
1721 2042 273 379
1721 2043 275 376
1721 2044 280 376
1721 2045 285 378
1721 2046 287 378
1721 2047 291 376
1721 2048 296 376
1721 2049 300 375
1721 2050 302 377
1721 2051 308 376
1721 2052 314 376
1721 2053 315 377
1721 2054 318 377
1721 2055 324 375
1721 2056 329 375
1721 2057 330 376
1721 2058 335 373
1721 2059 341 374
1721 2060 343 375
1721 2061 346 372
1721 2062 351 371
1721 2063 356 371
1721 2064 356 371
1721 2065 360 372
1721 2066 368 369
1721 2067 370 370
1721 2068 371 372
1721 2069 376 368
1721 2070 382 367
1721 2071 383 368
1721 2072 385 370
1721 2073 390 366
1721 2074 395 366
1721 2075 396 368
1721 2076 400 365
1721 2077 405 364
1721 2078 409 363
1721 2079 410 366
1721 2080 415 363
1721 2081 421 362
1721 2082 421 363
1721 2083 424 364
1721 2084 429 361
1721 2085 433 361
1721 2086 435 363
1721 2087 438 361
1721 2088 444 361
1721 2089 446 361
1721 2090 448 361
1721 2091 451 359
1721 2092 457 358
1721 2093 459 361
1721 2094 462 359
1721 2095 465 358
1722 2029 465 271
1722 2030 467 263
1722 2031 457 266
1722 2032 445 265
1722 2033 434 263
1722 2034 419 261
1722 2035 405 260
1722 2036 393 259
1722 2037 381 258
1722 2038 367 257
1722 2039 356 255
1722 2040 345 255
1722 2041 332 253
1722 2042 320 252
1722 2043 309 251
1722 2044 299 250
1722 2045 287 249
1722 2046 294 255
1751 2077 149 246
1751 2078 149 248
1751 2079 152 249
1751 2080 156 251
1751 2081 156 250
1751 2082 160 252
1751 2083 159 253
1751 2084 162 254
1751 2085 160 254
1751 2086 164 255
1751 2087 163 257
1751 2088 165 259
1751 2089 166 260
1751 2090 164 260
1751 2091 162 263
1751 2092 162 264
1751 2093 160 263
1751 2094 159 267
1751 2095 157 267
1751 2096 154 269
1751 2097 150 271
1751 2098 148 275
1751 2099 143 272
1751 2100 141 276
1751 2101 136 277
1751 2102 133 277
1751 2103 129 281
1751 2104 124 281
1751 2105 122 283
1751 2106 118 284
1751 2107 115 286
1751 2108 111 287
1751 2109 106 290
1751 2110 105 290
1751 2111 107 284
1751 2112 104 288
1751 2113 101 294
1855 2229 348 259
1855 2230 351 260
1855 2231 366 261
1855 2232 378 262
1855 2233 393 263
1855 2234 406 265
1855 2235 421 266
1855 2236 436 267
1855 2237 449 268
1855 2238 461 269
1855 2239 471 271
1855 2240 475 272
1927 2345 483 268
1927 2346 477 271
1927 2347 472 270
1927 2348 464 269
1927 2349 450 269
1927 2350 438 264
1927 2351 426 263
1927 2352 414 262
1927 2353 396 261
1927 2354 389 259
1927 2355 378 261
1927 2356 365 260
1927 2357 352 258
1927 2358 343 257
2125 2617 156 267
2125 2618 158 268
2125 2619 154 270
2125 2620 150 271
2125 2621 147 273
2125 2622 142 275
2125 2623 138 275
2125 2624 135 278
2125 2625 132 280
2125 2626 128 282
2125 2627 125 283
2125 2628 121 284
2125 2629 116 287
2125 2630 112 288
2125 2631 108 291
2125 2632 104 292
2125 2633 99 294
2125 2634 94 296
2125 2635 85 298
2125 2636 85 300
2125 2637 80 301
2125 2638 73 304
2125 2639 69 309
2125 2640 63 310
2125 2641 58 311
2125 2642 51 314
2125 2643 46 316
2125 2644 40 319
2125 2645 33 322
2125 2646 26 324
2125 2647 22 327
2125 2648 20 331
2125 2649 16 331
2125 2650 13 332
2125 2651 9 335
2125 2652 7 337
2125 2653 3 344
2127 2619 149 246
2127 2620 150 246
2127 2621 148 246
2127 2622 150 247
2127 2623 153 248
2127 2624 156 250
2127 2625 155 249
2127 2626 159 252
2127 2627 160 252
2127 2628 160 253
2127 2629 160 252
2127 2630 160 253
2127 2631 160 256
2127 2632 161 257
2127 2633 160 257
2127 2634 160 255
2127 2635 160 256
2127 2636 159 260
2127 2637 158 262
2127 2638 158 263
2127 2639 157 262
2127 2640 156 264
2127 2641 155 262
2127 2642 152 267
2127 2643 151 263
2127 2644 149 269
2127 2645 148 270
2127 2646 147 268
2127 2647 146 269
2127 2648 144 272
2127 2649 143 272
2127 2650 139 275
2127 2651 135 278
2127 2652 134 278
2127 2653 130 279
2127 2654 129 283
2127 2655 126 282
2127 2656 123 282
2127 2657 119 286
2127 2658 116 286
2127 2659 112 286
2127 2660 115 287
2127 2661 118 287
2143 2659 103 301
2143 2660 98 297
2143 2661 102 291
2143 2662 99 293
2143 2663 96 293
2143 2664 92 296
2143 2665 87 299
2143 2666 81 301
2143 2667 71 305
2143 2668 73 307
2143 2669 68 306
2143 2670 61 310
2143 2671 57 311
2143 2672 52 312
2143 2673 47 316
2143 2674 42 317
2143 2675 36 319
2143 2676 30 322
2143 2677 26 325
2143 2678 23 327
2143 2679 21 329
2143 2680 18 328
2143 2681 14 329
2143 2682 12 331
2143 2683 9 333
2143 2684 6 337
2143 2685 3 340
2243 2771 635 275
2243 2772 631 279
2243 2773 628 272
2243 2774 625 267
2243 2775 620 272
2243 2776 612 271
2243 2777 605 266
2243 2778 598 269
2243 2779 589 267
2243 2780 581 265
2243 2781 575 266
2243 2782 569 260
2243 2783 567 255
2243 2784 563 253
2250 2779 398 271
2250 2780 391 264
2250 2781 398 265
2250 2782 416 265
2250 2783 420 264
2250 2784 429 265
2250 2785 429 266
2250 2786 442 266
2250 2787 454 269
2250 2788 466 271
2250 2789 472 271
2250 2790 477 271
2250 2791 483 266
2250 2792 486 260
2250 2793 478 256
2250 2794 472 258
2250 2795 466 257
2250 2796 456 256
2250 2797 455 250
2354 2840 197 253
2354 2841 205 248
2354 2842 200 249
2354 2843 195 249
2354 2844 192 249
2354 2845 186 252
2354 2846 181 253
2354 2847 177 255
2354 2848 174 256
2354 2849 169 257
2354 2850 165 258
2354 2851 161 262
2354 2852 158 261
2354 2853 154 263
2354 2854 149 265
2354 2855 145 270
2354 2856 142 268
2354 2857 137 269
2354 2858 134 271
2354 2859 129 273
2354 2860 126 275
2354 2861 120 277
2354 2862 116 277
2354 2863 111 280
2354 2864 109 283
2354 2865 103 284
2354 2866 98 286
2354 2867 94 287
2354 2868 89 290
2354 2869 85 289
2354 2870 80 293
2354 2871 76 296
2354 2872 70 298
2354 2873 65 301
2354 2874 61 299
2354 2875 55 303
2354 2876 50 306
2354 2877 45 307
2354 2878 40 309
2354 2879 34 315
2354 2880 28 315
2354 2881 25 318
2354 2882 19 319
2354 2883 15 323
2354 2884 12 325
2354 2885 9 324
2354 2886 7 324
2354 2887 3 316
2396 2879 486 265
2396 2880 480 265
2396 2881 476 264
2396 2882 468 266
2396 2883 457 265
2396 2884 445 264
2396 2885 432 264
2396 2886 426 262
2396 2887 415 261
2396 2888 402 260
2396 2889 394 260
2396 2890 383 261
2396 2891 372 258
2396 2892 360 256
2396 2893 350 256
2396 2894 341 255
2396 2895 330 253
2396 2896 319 253
2396 2897 308 251
2396 2898 299 251
2396 2899 290 250
2396 2900 280 250
2396 2901 269 249
2396 2902 258 248
2396 2903 253 247
2396 2904 247 246
2396 2905 231 246
2846 3247 414 390
2846 3248 414 385
2846 3249 419 380
2846 3250 424 378
2846 3251 427 379
2846 3252 432 378
2846 3253 435 377
2846 3254 440 377
2846 3255 442 378
2846 3256 449 373
2846 3257 452 375
2846 3258 455 374
2846 3259 459 373
2846 3260 462 373
2846 3261 467 374
2846 3262 470 375
2846 3263 476 369
2846 3264 478 370
2846 3265 482 369
2846 3266 480 369
2846 3267 483 370
2846 3268 488 369
2846 3269 489 370
3300 3702 495 338
3300 3703 495 342
3300 3704 494 341
3300 3705 493 344
3300 3706 486 343
3300 3707 484 342
3300 3708 480 341
3300 3709 479 341
3300 3710 475 340
3300 3711 472 344
3300 3712 469 343
3300 3713 467 340
3300 3714 463 340
3300 3715 460 343
3300 3716 459 343
3300 3717 454 341
3300 3718 451 341
3300 3719 450 344
3300 3720 445 341
3300 3721 441 340
3300 3722 440 342
3300 3723 436 340
3300 3724 433 339
3300 3725 430 340
3300 3726 428 339
3300 3727 424 340
3300 3728 421 339
3300 3729 420 341
3300 3730 413 344
3300 3731 411 338
3300 3732 410 339
3300 3733 407 338
3300 3734 404 337
3300 3735 400 338
3300 3736 399 339
3300 3737 394 336
3300 3738 392 337
3300 3739 390 338
3300 3740 387 338
3300 3741 383 335
3300 3742 380 336
3300 3743 381 331
3300 3744 374 335
3300 3745 371 335
3300 3746 369 333
3300 3747 366 335
3300 3748 367 333
3362 3748 363 333
3362 3749 361 334
3362 3750 358 332
3362 3751 353 332
3362 3752 353 332
3362 3753 351 335
3362 3754 346 332
3362 3755 344 332
3362 3756 342 333
3362 3757 340 330
3362 3758 337 330
3362 3759 333 331
3362 3760 332 333
3362 3761 329 330
3362 3762 325 330
3362 3763 324 332
3362 3764 321 330
3362 3765 317 330
3362 3766 314 329
3362 3767 313 331
3362 3768 309 330
3362 3769 306 330
3362 3770 305 332
3362 3771 302 330
3362 3772 297 330
3362 3773 294 330
3362 3774 292 331
3362 3775 289 329
3362 3776 286 331
3362 3777 285 331
3362 3778 281 328
3362 3779 278 328
3362 3780 276 331
3362 3781 273 330
3362 3782 270 327
3362 3783 267 327
3362 3784 266 330
3362 3785 262 326
3362 3786 261 325
3362 3787 258 327
3362 3788 255 329
3362 3789 251 325
3362 3790 250 324
3362 3791 249 330
3362 3792 245 326
3362 3793 242 324
3362 3794 241 327
3362 3795 239 326
3362 3796 235 323
3362 3797 233 323
3362 3798 232 326
3362 3799 230 321
3362 3800 227 321
3362 3801 225 320
3362 3802 223 324
3362 3803 219 320
3362 3804 218 320
3362 3805 217 321
3362 3806 215 319
3362 3807 212 318
3362 3808 210 317
3362 3809 208 318
3362 3810 205 318
3362 3811 203 317
3362 3812 202 320
3362 3813 200 320
3362 3814 197 318
3362 3815 196 317
3362 3816 195 314
3362 3817 191 316
3362 3818 193 314
3475 3864 3 418
3475 3865 6 418
3475 3866 9 418
3475 3867 9 424
3475 3868 12 422
3475 3869 17 429
3475 3870 23 423
3475 3871 27 422
3475 3872 32 418
3475 3873 35 413
3475 3874 38 412
3475 3875 42 410
3475 3876 45 409
3475 3877 49 408
3475 3878 52 408
3475 3879 56 406
3475 3880 59 404
3475 3881 62 404
3475 3882 66 403
3475 3883 70 402
3475 3884 74 401
3475 3885 79 400
3475 3886 81 401
3475 3887 84 398
3475 3888 87 397
3475 3889 90 396
3475 3890 95 395
3475 3891 98 392
3475 3892 102 392
3475 3893 105 395
3475 3894 106 399
3475 3895 111 390
3475 3896 114 389
3475 3897 118 391
3475 3898 122 386
3475 3899 125 385
3475 3900 129 385
3475 3901 131 384
3475 3902 133 389
3475 3903 139 386
3475 3904 141 386
3475 3905 146 389
3505 3919 488 268
3505 3920 484 266
3505 3921 481 265
3505 3922 474 262
3505 3923 469 263
3505 3924 464 268
3505 3925 454 267
3505 3926 442 265
3505 3927 433 264
3505 3928 424 264
3505 3929 413 262
3505 3930 402 261
3505 3931 393 260
3505 3932 385 260
3505 3933 374 259
3505 3934 363 258
3505 3935 355 257
3505 3936 351 254
3505 3937 337 255
3505 3938 329 254
3505 3939 321 255
3505 3940 330 260
3527 3963 485 266
3527 3964 476 266
3527 3965 472 264
3527 3966 463 267
3527 3967 449 265
3527 3968 436 263
3527 3969 424 263
3527 3970 409 260
3527 3971 394 261
3527 3972 382 258
3527 3973 371 258
3527 3974 356 256
3527 3975 343 255
3527 3976 331 254
3527 3977 321 254
3527 3978 308 252
3527 3979 295 250
3527 3980 285 250
3527 3981 276 249
3527 3982 264 248
3527 3983 256 247
3527 3984 250 247
3527 3985 240 246
3553 4006 410 264
3553 4007 413 261
3553 4008 397 260
3553 4009 379 258
3553 4010 362 255
3553 4011 347 254
3553 4012 333 252
3553 4013 317 252
3553 4014 301 250
3553 4015 294 249
3580 4031 309 255
3580 4032 318 257
3580 4033 325 256
3580 4034 332 257
3580 4035 343 257
3580 4036 351 258
3580 4037 361 259
3580 4038 368 260
3580 4039 377 261
3580 4040 381 261
3580 4041 385 264
3580 4042 386 261
3580 4043 387 262
3580 4044 397 263
3580 4045 407 261
3580 4046 416 260
3580 4047 425 261
3580 4048 433 263
3580 4049 440 268
3580 4050 428 256
3580 4051 430 256
3611 4044 191 253
3611 4045 213 246
3611 4046 220 247
3611 4047 228 248
3611 4048 235 248
3611 4049 248 250
3611 4050 259 249
3611 4051 271 251
3611 4052 286 252
3611 4053 293 252
3611 4054 300 253
3611 4055 308 254
3611 4056 316 254
3611 4057 324 255
3611 4058 333 260
3611 4059 340 263
3611 4060 349 257
3611 4061 356 260
3611 4062 363 256
3611 4063 365 257
3611 4064 382 261
3611 4065 392 261
3611 4066 402 262
3611 4067 404 262
3611 4068 417 264
3611 4069 423 262
3611 4070 436 266
3611 4071 446 267
3611 4072 455 268
3611 4073 464 267
3611 4074 470 269
3611 4075 476 269
3611 4076 486 271
3611 4077 485 270
3706 4087 470 271
3706 4088 471 264
3706 4089 462 266
3706 4090 450 264
3706 4091 437 264
3706 4092 426 261
3706 4093 414 260
3706 4094 400 260
3706 4095 388 259
3706 4096 378 258
3706 4097 365 257
3706 4098 356 259
3718 4098 353 255
3718 4099 342 255
3718 4100 333 254
3718 4101 321 252
3718 4102 309 251
3718 4103 300 250
3718 4104 291 250
3718 4105 279 249
3718 4106 270 249
3718 4107 261 248
3718 4108 254 247
3718 4109 247 246
3718 4110 237 246
3718 4111 227 260
3718 4112 222 263
3718 4113 218 264
3718 4114 216 264
3718 4115 219 262
3718 4116 215 260
3718 4117 211 256
3718 4118 211 261
3718 4119 211 262
3727 4106 129 287
3727 4107 122 283
3727 4108 119 285
3727 4109 115 288
3727 4110 111 283
3727 4111 107 289
3727 4112 103 293
3727 4113 98 288
3727 4114 95 295
3727 4115 92 292
3727 4116 88 294
3727 4117 82 299
3727 4118 78 298
3727 4119 73 300
3727 4120 68 303
3727 4121 63 305
3727 4122 58 309
3727 4123 52 310
3727 4124 45 313
3727 4125 41 315
3727 4126 36 316
3727 4127 31 318
3727 4128 22 322
3727 4129 16 326
3727 4130 10 327
3727 4131 8 328
3727 4132 5 330
3889 4418 486 265
3889 4419 482 266
3889 4420 474 264
3889 4421 467 265
3889 4422 454 266
3889 4423 441 265
3889 4424 429 263
3889 4425 417 262
3889 4426 404 260
3889 4427 390 259
3889 4428 376 258
3889 4429 363 257
3889 4430 352 256
3889 4431 342 255
3889 4432 331 254
3889 4433 319 253
3889 4434 303 251
3889 4435 292 251
3889 4436 282 250
3889 4437 272 249
3889 4438 262 249
3889 4439 254 248
3889 4440 250 247
3889 4441 238 246
3889 4442 223 246
3947 4545 490 268
3947 4546 476 265
3947 4547 467 268
3947 4548 458 267
3947 4549 449 266
3947 4550 439 264
3947 4551 429 262
3947 4552 423 261
3947 4553 414 260
3947 4554 406 262
3947 4555 396 259
3947 4556 388 259
3947 4557 380 258
3947 4558 371 258
3947 4559 362 256
3947 4560 355 255
3947 4561 348 255
3947 4562 340 254
3947 4563 332 255
3947 4564 329 255
3947 4565 321 253
3947 4566 312 255
3947 4567 305 251
3947 4568 305 256
4030 4618 193 413
4030 4619 195 412
4030 4620 196 414
4030 4621 200 415
4030 4622 207 413
4030 4623 209 413
4030 4624 212 415
4030 4625 216 414
4030 4626 221 412
4030 4627 224 411
4030 4628 226 412
4030 4629 232 411
4030 4630 236 412
4030 4631 237 411
4030 4632 240 414
4030 4633 245 413
4030 4634 249 414
4030 4635 251 411
4030 4636 255 414
4030 4637 263 411
4030 4638 264 413
4030 4639 265 412
4030 4640 270 413
4030 4641 277 409
4030 4642 281 410
4030 4643 277 413
4030 4644 284 415
4030 4645 292 409
4030 4646 294 409
4030 4647 295 411
4030 4648 298 411
4030 4649 305 407
4030 4650 310 406
4030 4651 310 409
4030 4652 313 409
4030 4653 322 406
4030 4654 323 406
4030 4655 324 407
4030 4656 327 407
4030 4657 335 404
4030 4658 338 404
4030 4659 339 406
4030 4660 342 407
4030 4661 350 405
4030 4662 353 404
4030 4663 354 405
4030 4664 356 405
4030 4665 362 405
4030 4666 367 402
4030 4667 369 405
4030 4668 372 404
4030 4669 380 401
4030 4670 382 402
4030 4671 383 404
4030 4672 387 403
4030 4673 388 405
4044 4631 236 255
4044 4632 243 252
4044 4633 248 252
4044 4634 241 246
4044 4635 243 253
4044 4636 249 255
4044 4637 259 255
4044 4638 269 256
4044 4639 276 256
4044 4640 285 257
4044 4641 296 258
4044 4642 304 260
4044 4643 313 261
4044 4644 323 262
4044 4645 331 262
4044 4646 341 263
4373 4943 579 385
4373 4944 576 383
4373 4945 576 381
4373 4946 574 381
4373 4947 569 379
4373 4948 568 379
4373 4949 565 376
4373 4950 561 378
4373 4951 554 380
4373 4952 556 375
4373 4953 552 372
4373 4954 546 374
4373 4955 543 375
4373 4956 542 374
4373 4957 538 369
4373 4958 536 371
4373 4959 532 370
4373 4960 529 368
4373 4961 528 368
4373 4962 526 371
4373 4963 521 367
4373 4964 519 365
4373 4965 515 365
4373 4966 519 362
4373 4967 519 359
4373 4968 520 359
4402 4978 481 351
4402 4979 479 354
4402 4980 477 354
4402 4981 474 353
4402 4982 471 351
4402 4983 470 352
4402 4984 467 348
4402 4985 465 345
4402 4986 462 349
4402 4987 460 350
4402 4988 457 350
4402 4989 455 348
4402 4990 453 347
4402 4991 450 345
4402 4992 448 340
4402 4993 445 345
4402 4994 444 345
4402 4995 440 342
4402 4996 438 341
4402 4997 436 341
4402 4998 435 338
4402 4999 432 338
4402 5000 429 337
4402 5001 428 336
4402 5002 424 336
4402 5003 425 335
4402 5004 421 335
4402 5005 419 334
4402 5006 419 331
4402 5007 414 332
4402 5008 412 329
4402 5009 409 331
4402 5010 412 328
4402 5011 408 329
4402 5012 409 325
4402 5013 405 325
4402 5014 404 324
4402 5015 400 324
4402 5016 398 323
4402 5017 398 323
4402 5018 398 322
4402 5019 402 318
4583 5185 443 268
4583 5186 443 264
4583 5187 430 262
4583 5188 416 261
4583 5189 399 260
4583 5190 386 258
4583 5191 373 258
4583 5192 357 257
4583 5193 342 255
4583 5194 327 253
4583 5195 314 252
4583 5196 303 251
4583 5197 289 250
4583 5198 274 249
4583 5199 263 248
4583 5200 255 247
4590 5239 455 270
4590 5240 459 266
4590 5241 440 264
4590 5242 424 262
4590 5243 411 260
4590 5244 395 259
4590 5245 380 258
4590 5246 365 256
4590 5247 352 255
4590 5248 333 254
4590 5249 318 252
4590 5250 305 250
4590 5251 289 250
4590 5252 277 249
4590 5253 264 248
4590 5254 253 247
4590 5255 244 246
5071 6103 159 271
5071 6104 163 271
5071 6105 161 275
5071 6106 156 277
5071 6107 153 279
5071 6108 151 279
5071 6109 148 282
5071 6110 143 284
5071 6111 139 286
5071 6112 136 285
5071 6113 128 289
5071 6114 128 290
5071 6115 123 294
5071 6116 120 294
5071 6117 115 299
5071 6118 111 300
5071 6119 106 302
5071 6120 103 302
5071 6121 98 304
5071 6122 94 305
5071 6123 88 308
5071 6124 84 309
5071 6125 81 311
5071 6126 75 314
5071 6127 71 318
5071 6128 67 320
5071 6129 62 322
5071 6130 57 325
5071 6131 52 327
5071 6132 47 328
5071 6133 43 331
5071 6134 37 333
5071 6135 34 336
5071 6136 28 337
5071 6137 23 340
5071 6138 21 341
5071 6139 15 345
5071 6140 11 343
5071 6141 7 347
5071 6142 3 349
5203 6364 267 254
5203 6365 280 253
5203 6366 284 252
5203 6367 300 254
5203 6368 310 257
5203 6369 322 257
5203 6370 332 258
5203 6371 344 260
5203 6372 356 261
5203 6373 369 260
5203 6374 383 263
5203 6375 393 264
5203 6376 405 264
5203 6377 419 267
5567 6662 238 326
5567 6663 237 328
5567 6664 235 328
5567 6665 232 329
5567 6666 230 330
5567 6667 227 331
5567 6668 225 332
5567 6669 225 331
5567 6670 223 337
5567 6671 220 343
5567 6672 217 337
5567 6673 214 336
5567 6674 211 339
5567 6675 211 338
5567 6676 210 340
5567 6677 205 338
5567 6678 205 342
5567 6679 204 341
5567 6680 202 346
5567 6681 198 346
5567 6682 196 344
5567 6683 194 344
5567 6684 192 348
5567 6685 190 349
5567 6686 188 350
5567 6687 185 351
5567 6688 181 351
5567 6689 180 351
5567 6690 179 355
5567 6691 176 356
5567 6692 174 356
5567 6693 173 355
5567 6694 169 359
5567 6695 166 360
5567 6696 165 363
5567 6697 166 367
6122 7176 163 267
6122 7177 162 263
6122 7178 161 266
6122 7179 158 269
6122 7180 156 269
6122 7181 155 271
6122 7182 152 273
6122 7183 148 275
6122 7184 145 279
6122 7185 142 281
6122 7186 138 281
6122 7187 134 283
6122 7188 131 285
6122 7189 126 285
6122 7190 120 289
6122 7191 116 291
6122 7192 111 295
6122 7193 106 300
6122 7194 98 303
6122 7195 94 301
6122 7196 95 296
6143 7201 80 318
6143 7202 81 315
6143 7203 73 319
6143 7204 66 320
6143 7205 62 324
6143 7206 51 326
6143 7207 46 330
6143 7208 38 334
6143 7209 31 337
6143 7210 23 340
6143 7211 13 344
6143 7212 7 348
6143 7213 3 352
6158 7226 456 270
6158 7227 460 266
6158 7228 444 264
6158 7229 431 263
6158 7230 419 262
6158 7231 405 260
6158 7232 391 259
6158 7233 380 257
6158 7234 370 257
6158 7235 357 256
6158 7236 347 254
6158 7237 354 262
6158 7238 343 268
6500 7534 212 369
6500 7535 214 364
6500 7536 215 363
6500 7537 216 365
6500 7538 219 366
6500 7539 219 366
6500 7540 221 366
6500 7541 223 374
6500 7542 225 367
6500 7543 226 364
6500 7544 225 360
6500 7545 226 361
6500 7546 228 361
6500 7547 231 362
6500 7548 232 363
6500 7549 234 364
6500 7550 236 365
6500 7551 237 367
6500 7552 238 368
6500 7553 241 369
6500 7554 244 371
6500 7555 246 371
6500 7556 248 371
6500 7557 249 373
6500 7558 250 375
6500 7559 249 376
6500 7560 252 377
6500 7561 256 379
6500 7562 257 380
6500 7563 257 381
6500 7564 260 383
6500 7565 262 385
6500 7566 261 387
6500 7567 262 390
6500 7568 268 389
6500 7569 269 391
6500 7570 271 396
6591 7571 275 403
6591 7572 279 407
6591 7573 280 409
6591 7574 279 406
6591 7575 283 411
6591 7576 284 414
6591 7577 286 415
6591 7578 287 407
6591 7579 287 414
6591 7580 289 421
6591 7581 290 419
6591 7582 291 425
6591 7583 292 422
6591 7584 294 424
6591 7585 294 427
6591 7586 295 427
6591 7587 296 427
6591 7588 297 432
6591 7589 301 435
6591 7590 301 434
6591 7591 304 434
6591 7592 305 434
6591 7593 308 437
6591 7594 310 438
6591 7595 312 440
6591 7596 314 441
6591 7597 316 442
6591 7598 321 447
6591 7599 317 443
6591 7600 320 442
6591 7601 322 441
6591 7602 323 444
6591 7603 326 444
6591 7604 327 448
6591 7605 330 450
6591 7606 331 447
6591 7607 335 449
6591 7608 334 454
6697 7687 257 474
6697 7688 256 472
6697 7689 257 472
6697 7690 265 469
6697 7691 270 470
6697 7692 273 470
6697 7693 276 471
6697 7694 280 470
6697 7695 284 469
6697 7696 285 469
6697 7697 288 468
6697 7698 290 466
6697 7699 292 465
6697 7700 297 466
6697 7701 302 467
6697 7702 306 466
6697 7703 308 463
6697 7704 311 465
6697 7705 315 465
6697 7706 318 463
6697 7707 319 462
6697 7708 325 461
6697 7709 327 461
6697 7710 331 459
6697 7711 334 458
6697 7712 337 459
6697 7713 342 458
6697 7714 346 458
6697 7715 347 456
6697 7716 351 455
6697 7717 356 455
6697 7718 358 454
6697 7719 361 453
6697 7720 364 453
6697 7721 367 452
6697 7722 370 451
6697 7723 372 450
6697 7724 374 459
6697 7725 379 454
6697 7726 388 458
6697 7727 392 455
6697 7728 394 457
6697 7729 397 455
6832 7806 148 274
6832 7807 147 271
6832 7808 143 273
6832 7809 137 275
6832 7810 134 277
6832 7811 129 279
6832 7812 124 282
6832 7813 120 284
6832 7814 115 286
6832 7815 111 288
6832 7816 103 291
6832 7817 98 293
6832 7818 91 295
6832 7819 86 299
6832 7820 79 301
6832 7821 72 304
6832 7822 66 305
6832 7823 58 308
6832 7824 50 312
6832 7825 43 316
6832 7826 35 318
6832 7827 34 321
6832 7828 25 325
6982 7901 237 249
6982 7902 247 249
6982 7903 249 250
6982 7904 261 251
6982 7905 271 250
6982 7906 281 254
6982 7907 294 254
6982 7908 306 255
6982 7909 317 257
6982 7910 328 257
6982 7911 341 257
6982 7912 352 259
6982 7913 364 259
6982 7914 378 262
6982 7915 392 263
6982 7916 403 265
6982 7917 416 265
6982 7918 430 266
6982 7919 444 267
6982 7920 456 268
6982 7921 465 269
6982 7922 473 269
7121 8039 235 251
7121 8040 242 250
7121 8041 243 249
7121 8042 253 250
7121 8043 258 252
7121 8044 264 252
7121 8045 273 253
7121 8046 281 254
7121 8047 288 255
7121 8048 296 255
7121 8049 304 256
7121 8050 313 257
7121 8051 321 257
7121 8052 328 258
7121 8053 337 259
7121 8054 344 259
7121 8055 350 260
7121 8056 360 260
7121 8057 368 261
7121 8058 376 261
7121 8059 381 262
7121 8060 390 263
7121 8061 399 264
7121 8062 406 264
7121 8063 407 269
7385 8468 488 266
7385 8469 483 263
7385 8470 479 263
7385 8471 473 264
7385 8472 464 266
7385 8473 455 266
7385 8474 445 264
7385 8475 433 262
7385 8476 422 261
7385 8477 412 259
7385 8478 402 259
7385 8479 390 259
7385 8480 380 257
7385 8481 370 257
7385 8482 358 256
7385 8483 348 254
7385 8484 337 254
7385 8485 327 253
7385 8486 318 252
7385 8487 307 250
7385 8488 299 247
7385 8489 289 248
7385 8490 278 249
7385 8491 268 248
7385 8492 260 247
7385 8493 266 252
7385 8494 248 246
7592 8660 407 250
7592 8661 411 261
7592 8662 399 258
7592 8663 387 256
7592 8664 379 257
7592 8665 367 255
7592 8666 359 255
7592 8667 349 254
7592 8668 338 252
7592 8669 326 251
7592 8670 319 249
7592 8671 311 249
7592 8672 300 248
7592 8673 291 249
7592 8674 282 249
7592 8675 272 246
7609 8687 488 265
7609 8688 484 265
7609 8689 478 264
7609 8690 476 264
7609 8691 470 266
7609 8692 462 266
7609 8693 454 262
7609 8694 446 263
7609 8695 436 263
7609 8696 429 261
7609 8697 421 261
7609 8698 412 261
7609 8699 402 260
7609 8700 394 256
7609 8701 386 258
7609 8702 378 257
7609 8703 369 257
7609 8704 361 256
7609 8705 353 255
7609 8706 346 253
7609 8707 338 254
7609 8708 331 253
7609 8709 323 251
7609 8710 314 250
7609 8711 307 248
7609 8712 300 249
7609 8713 293 249
7609 8714 285 249
7609 8715 277 248
7609 8716 271 248
7609 8717 264 248
7609 8718 257 247
7609 8719 252 247
7634 8795 228 246
7634 8796 237 251
7634 8797 242 250
7634 8798 250 249
7634 8799 252 246
7634 8800 245 251
7634 8801 246 255
7634 8802 256 254
7634 8803 263 255
7634 8804 274 256
7634 8805 283 257
7634 8806 291 258
7634 8807 299 257
7634 8808 309 257
7634 8809 321 259
7634 8810 332 263
7729 8867 130 290
7729 8868 132 285
7729 8869 130 287
7729 8870 129 287
7729 8871 124 292
7729 8872 118 294
7729 8873 115 297
7729 8874 111 298
7729 8875 106 298
7729 8876 100 301
7729 8877 94 306
7729 8878 87 305
7729 8879 84 309
7729 8880 79 311
7729 8881 74 314
7729 8882 68 318
7729 8883 61 320
7729 8884 69 316
8041 9354 577 475
8041 9355 573 475
8041 9356 570 474
8041 9357 569 473
8041 9358 564 473
8041 9359 560 472
8041 9360 556 471
8041 9361 553 470
8041 9362 550 469
8041 9363 546 469
8041 9364 543 467
8041 9365 539 467
8041 9366 535 466
8041 9367 533 467
8041 9368 530 464
8041 9369 527 461
8041 9370 522 458
8041 9371 518 456
8041 9372 517 459
8041 9373 510 460
8041 9374 506 459
8041 9375 505 451
8041 9376 499 453
8041 9377 497 448
8041 9378 497 449
8041 9379 494 445
8041 9380 490 448
8041 9381 490 453
8184 9445 72 310
8184 9446 81 306
8184 9447 75 308
8184 9448 68 310
8184 9449 67 313
8184 9450 57 315
8184 9451 51 318
8184 9452 45 321
8184 9453 39 323
8184 9454 32 327
8184 9455 27 330
8184 9456 24 334
8184 9457 20 334
8184 9458 18 335
8184 9459 14 335
8184 9460 10 335
8184 9461 8 340
8184 9462 5 344
8242 9515 381 447
8242 9516 388 438
8242 9517 391 440
8242 9518 394 442
8242 9519 398 445
8242 9520 402 446
8242 9521 405 448
8242 9522 410 450
8242 9523 413 450
8242 9524 417 453
8242 9525 420 453
8242 9526 423 457
8242 9527 429 459
8242 9528 434 459
8242 9529 437 460
8242 9530 441 462
8242 9531 447 463
8242 9532 450 463
8242 9533 454 464
8242 9534 458 465
8242 9535 465 466
8242 9536 468 466
8242 9537 474 469
8242 9538 478 470
8242 9539 482 470
8242 9540 486 471
8242 9541 492 472
8242 9542 498 473
8242 9543 500 474
8242 9544 502 476
8373 9681 436 265
8373 9682 430 262
8373 9683 426 261
8373 9684 412 260
8373 9685 399 259
8373 9686 392 258
8373 9687 381 257
8373 9688 372 256
8373 9689 363 256
8373 9690 347 255
8373 9691 342 255
8373 9692 332 252
8373 9693 326 251
8373 9694 315 249
8373 9695 303 249
8373 9696 295 248
8373 9697 293 249
8373 9698 283 248
8373 9699 280 246
8373 9700 273 248
8373 9701 267 248
8373 9702 257 246
8373 9703 246 246
8373 9704 241 246
8373 9705 212 253
8373 9706 206 247
8373 9707 206 250
8373 9708 208 254
8373 9709 216 247
8389 9712 268 251
8389 9713 282 252
8389 9714 295 253
8389 9715 308 254
8389 9716 319 255
8389 9717 335 256
8389 9718 350 258
8389 9719 362 259
8389 9720 375 261
8389 9721 393 261
8389 9722 404 268
8520 9988 225 247
8520 9989 232 249
8520 9990 241 250
8520 9991 244 249
8520 9992 248 248
8520 9993 251 250
8520 9994 257 251
8520 9995 263 253
8520 9996 271 253
8520 9997 277 253
8520 9998 284 254
8520 9999 308 251
8520 10000 305 252
8520 10001 317 253
8520 10002 331 257
8520 10003 341 257
8520 10004 352 259
8520 10005 360 260
8520 10006 367 261
8520 10007 374 262
8520 10008 377 262
8520 10009 384 263
8520 10010 378 263
8569 10079 156 248
8569 10080 162 248
8569 10081 172 246
8569 10082 178 247
8569 10083 184 249
8569 10084 191 249
8569 10085 198 249
8569 10086 204 248
8569 10087 212 251
8569 10088 216 252
8569 10089 223 255
8569 10090 231 255
8569 10091 238 256
8569 10092 246 255
8569 10093 253 256
8569 10094 261 257
8569 10095 268 258
8569 10096 278 257
8569 10097 284 259
8569 10098 293 260
8569 10099 301 259
8569 10100 309 260
8569 10101 320 262
8569 10102 328 263
8569 10103 335 263
8569 10104 345 265
8569 10105 355 266
8798 10243 270 258
8798 10244 268 256
8798 10245 274 255
8798 10246 278 255
8798 10247 281 255
8798 10248 285 256
8798 10249 290 257
8798 10250 296 254
8798 10251 300 254
8798 10252 304 255
8798 10253 307 257
8798 10254 312 255
8798 10255 316 258
8798 10256 322 259
8798 10257 328 260
8798 10258 333 261
8798 10259 337 261
8798 10260 342 262
8798 10261 348 261
8798 10262 353 261
8798 10263 355 264
8798 10264 362 262
8798 10265 369 262
8798 10266 375 263
8798 10267 378 263
8798 10268 383 263
8798 10269 386 257
8798 10270 395 259
8798 10271 396 258
8798 10272 404 265
8798 10273 407 267
9107 10530 194 319
9107 10531 191 324
9107 10532 193 326
9107 10533 198 323
9107 10534 198 322
9107 10535 202 329
9107 10536 205 326
9107 10537 206 329
9107 10538 211 330
9107 10539 210 328
9107 10540 213 329
9107 10541 215 338
9107 10542 218 334
9107 10543 220 331
9107 10544 221 334
9107 10545 224 333
9107 10546 227 335
9107 10547 228 342
9107 10548 231 342
9107 10549 232 337
9107 10550 235 338
9107 10551 237 342
9107 10552 239 340
9107 10553 240 341
9107 10554 243 351
9107 10555 245 342
9107 10556 247 342
9107 10557 248 344
9107 10558 250 352
9107 10559 253 346
9107 10560 254 349
9107 10561 255 347
9107 10562 258 356
9107 10563 260 356
9107 10564 262 352
9107 10565 264 352
9107 10566 265 353
9107 10567 268 356
9107 10568 269 354
9107 10569 272 363
9107 10570 274 362
9107 10571 275 361
9107 10572 277 366
9107 10573 279 364
9107 10574 281 367
9107 10575 279 370
9107 10576 284 369
9107 10577 285 378
9107 10578 286 370
9107 10579 288 377
9125 10553 147 254
9125 10554 146 256
9125 10555 146 257
9125 10556 146 258
9125 10557 144 259
9125 10558 141 260
9125 10559 140 261
9125 10560 139 261
9125 10561 136 262
9125 10562 133 263
9125 10563 129 264
9125 10564 127 264
9125 10565 123 265
9125 10566 121 266
9125 10567 117 267
9125 10568 114 268
9125 10569 112 268
9125 10570 109 268
9125 10571 106 269
9125 10572 102 269
9125 10573 99 268
9125 10574 96 267
9125 10575 97 271
9125 10576 91 270
9125 10577 91 271
9125 10578 86 272
9125 10579 84 271
9125 10580 81 272
9125 10581 79 273
9125 10582 77 274
9125 10583 77 274
9125 10584 73 274
9125 10585 70 276
9125 10586 68 276
9125 10587 66 275
9125 10588 65 276
9125 10589 62 276
9125 10590 64 278
9153 10592 315 386
9153 10593 316 390
9153 10594 318 394
9153 10595 319 400
9153 10596 321 396
9153 10597 323 397
9153 10598 327 398
9153 10599 327 401
9153 10600 329 402
9153 10601 331 403
9153 10602 334 403
9153 10603 337 407
9153 10604 338 407
9153 10605 340 409
9153 10606 343 411
9153 10607 346 412
9153 10608 346 418
9153 10609 351 416
9153 10610 355 417
9153 10611 357 416
9153 10612 359 428
9153 10613 363 421
9153 10614 367 424
9153 10615 370 425
9153 10616 373 428
9153 10617 376 428
9153 10618 380 430
9153 10619 381 432
9153 10620 386 432
9153 10621 388 430
9153 10622 392 436
9153 10623 395 438
9153 10624 398 436
9153 10625 403 438
9153 10626 402 444
9153 10627 398 447
9172 10611 377 257
9172 10612 381 258
9172 10613 394 262
9172 10614 404 264
9172 10615 415 265
9172 10616 423 265
9172 10617 432 266
9172 10618 441 266
9172 10619 450 266
9172 10620 458 267
9172 10621 467 268
9172 10622 472 270
9172 10623 478 270
9172 10624 480 269
9172 10625 487 271
9216 10711 315 260
9216 10712 326 263
9216 10713 328 263
9216 10714 340 264
9216 10715 348 265
9216 10716 353 266
9216 10717 366 265
9216 10718 377 266
9216 10719 382 268
9216 10720 396 267
9216 10721 409 269
9216 10722 419 269
9216 10723 429 273
9216 10724 432 273
9216 10725 446 274
9216 10726 454 275
9566 11043 11 346
9566 11044 13 339
9566 11045 20 340
9566 11046 24 337
9566 11047 30 335
9566 11048 32 331
9566 11049 39 331
9566 11050 44 329
9566 11051 46 326
9566 11052 54 326
9566 11053 58 323
9566 11054 62 320
9566 11055 63 318
9566 11056 68 316
9583 11056 476 264
9583 11057 468 266
9583 11058 456 265
9583 11059 445 264
9583 11060 433 262
9583 11061 421 261
9583 11062 410 259
9583 11063 399 260
9583 11064 385 258
9583 11065 373 257
9583 11066 362 256
9583 11067 352 255
9583 11068 341 254
9613 11073 349 260
9613 11074 358 261
9613 11075 374 262
9613 11076 391 261
9613 11077 396 261
9613 11078 405 264
9613 11079 421 266
9613 11080 435 267
9613 11081 443 268
9613 11082 456 270
9613 11083 466 270
9613 11084 474 271
9613 11085 479 273
9613 11086 484 273
9613 11087 486 265
9613 11088 480 267
9613 11089 470 266
9613 11090 487 260
9613 11091 474 268
9663 11109 336 260
9663 11110 340 257
9663 11111 336 253
9663 11112 328 259
9663 11113 336 260
9663 11114 345 258
9663 11115 355 259
9663 11116 365 261
9663 11117 375 262
9663 11118 380 265
9663 11119 392 263
9663 11120 400 266
9663 11121 412 265
9663 11122 417 270
9663 11123 427 271
9663 11124 439 272
9663 11125 445 271
9663 11126 454 271
9663 11127 461 274
9663 11128 468 275
9663 11129 478 270
9663 11130 484 275
9683 11122 73 420
9683 11123 78 420
9683 11124 80 410
9683 11125 81 410
9683 11126 84 409
9683 11127 82 406
9683 11128 88 409
9683 11129 89 404
9683 11130 92 399
9683 11131 93 395
9683 11132 94 396
9683 11133 98 397
9683 11134 100 395
9683 11135 102 396
9683 11136 103 394
9683 11137 105 391
9683 11138 107 385
9683 11139 106 385
9683 11140 110 388
9683 11141 113 382
9683 11142 114 388
9683 11143 113 387
9683 11144 117 387
9683 11145 119 375
9683 11146 122 370
9683 11147 121 368
9683 11148 124 373
9683 11149 124 381
9688 11124 265 250
9688 11125 273 250
9688 11126 273 252
9688 11127 281 252
9688 11128 290 253
9688 11129 301 254
9688 11130 311 255
9688 11131 320 254
9688 11132 329 256
9688 11133 339 257
9688 11134 350 259
9688 11135 359 259
9688 11136 358 266
9874 11247 170 340
9874 11248 168 339
9874 11249 169 335
9874 11250 171 337
9874 11251 172 337
9874 11252 173 339
9874 11253 175 343
9874 11254 178 348
9874 11255 178 344
9874 11256 180 348
9874 11257 182 350
9874 11258 184 351
9874 11259 186 353
9874 11260 185 348
9874 11261 186 355
9874 11262 188 352
9874 11263 190 353
9874 11264 191 352
9874 11265 192 355
9874 11266 195 356
9874 11267 196 360
9874 11268 197 357
9874 11269 199 360
9874 11270 200 357
9874 11271 201 358
9874 11272 202 360
9874 11273 204 361
9874 11274 206 361
9874 11275 207 364
9874 11276 209 369
9874 11277 210 365
9874 11278 212 371
9874 11279 213 364
9874 11280 214 369
9874 11281 215 364
9874 11282 215 368
9874 11283 217 372
9874 11284 219 373
9874 11285 220 376
9874 11286 219 378
9874 11287 223 376
9874 11288 224 370
9874 11289 225 366
9930 11270 147 281
9930 11271 142 278
9930 11272 138 279
9930 11273 135 283
9930 11274 131 285
9930 11275 126 288
9930 11276 121 291
9930 11277 118 293
9930 11278 114 295
9930 11279 108 300
9930 11280 102 302
9930 11281 97 305
9930 11282 91 308
9930 11283 82 310
9930 11284 77 314
9930 11285 71 317
9930 11286 65 319
9933 11271 382 454
9933 11272 379 457
9933 11273 374 458
9933 11274 366 459
9933 11275 362 461
9933 11276 361 462
9933 11277 357 462
9933 11278 352 463
9933 11279 347 463
9933 11280 342 465
9933 11281 336 466
9933 11282 332 467
9933 11283 327 467
9933 11284 321 468
9933 11285 316 469
9933 11286 313 470
9933 11287 306 471
9933 11288 300 472
9933 11289 295 472
9933 11290 290 473
9933 11291 283 475
9933 11292 278 475
9933 11293 274 475
9991 11304 325 256
9991 11305 323 253
9991 11306 327 254
9991 11307 323 262
9991 11308 332 262
9991 11309 341 264
9991 11310 350 265
9991 11311 359 265
9991 11312 368 266
9991 11313 379 268
9991 11314 387 268
9991 11315 393 268
9991 11316 400 269
9991 11317 411 270
9991 11318 421 271
9992 11305 273 412
9992 11306 274 414
9992 11307 279 412
9992 11308 282 419
9992 11309 285 417
9992 11310 287 420
9992 11311 290 422
9992 11312 292 424
9992 11313 296 429
9992 11314 301 429
9992 11315 301 431
9992 11316 305 430
9992 11317 306 435
9992 11318 310 437
9992 11319 313 437
9992 11320 316 437
9992 11321 317 438
9992 11322 320 443
9992 11323 322 444
9992 11324 325 448
9992 11325 327 446
9992 11326 330 451
9992 11327 333 452
9992 11328 334 452
9992 11329 338 454
9992 11330 342 457
9992 11331 342 463
9992 11332 345 465
9992 11333 350 459
9992 11334 354 462
9992 11335 356 462
9992 11336 360 463
9992 11337 363 464
9992 11338 363 462
10031 11374 232 251
10031 11375 237 249
10031 11376 245 250
10031 11377 242 249
10031 11378 254 251
10031 11379 272 251
10031 11380 289 254
10031 11381 302 254
10031 11382 311 256
10031 11383 323 257
10031 11384 335 258
10031 11385 342 258
10031 11386 350 259
10031 11387 360 260
10031 11388 372 261
10031 11389 383 263
10031 11390 392 264
10031 11391 399 264
10031 11392 407 266
10031 11393 416 265
10031 11394 424 266
10031 11395 431 266
10031 11396 438 266
10031 11397 446 267
10031 11398 455 267
10031 11399 461 266
10031 11400 467 269
10031 11401 469 270
10031 11402 475 271
10031 11403 477 272
10031 11404 481 272
10031 11405 486 269
10031 11406 488 270
10076 11561 235 248
10076 11562 243 249
10076 11563 247 249
10076 11564 250 249
10076 11565 252 250
10076 11566 258 250
10076 11567 263 251
10076 11568 272 252
10076 11569 279 252
10076 11570 287 254
10076 11571 294 255
10076 11572 301 255
10076 11573 308 255
10076 11574 317 257
10076 11575 324 257
10076 11576 331 257
10076 11577 338 257
10076 11578 347 257
10076 11579 353 260
10076 11580 362 260
10076 11581 362 264
10104 11682 341 259
10104 11683 352 260
10104 11684 373 263
10104 11685 392 264
10104 11686 412 267
10104 11687 432 268
10104 11688 446 274
10133 11742 248 250
10133 11743 251 251
10133 11744 261 250
10133 11745 269 250
10133 11746 278 253
10133 11747 288 254
10133 11748 300 255
10133 11749 309 255
10133 11750 319 255
10133 11751 330 257
10133 11752 343 258
10133 11753 352 259
10133 11754 362 260
10133 11755 375 261
10133 11756 388 262
10133 11757 399 263
10133 11758 410 265
10133 11759 423 265
10133 11760 434 266
10133 11761 444 267
10133 11762 457 269
10133 11763 469 270
10133 11764 475 270
10133 11765 481 272
10133 11766 489 272
10204 11861 422 263
10204 11862 414 260
10204 11863 401 260
10204 11864 387 258
10204 11865 375 257
10204 11866 362 255
10204 11867 351 256
10204 11868 341 252
10204 11869 328 253
10204 11870 316 252
10204 11871 307 249
10204 11872 296 250
10204 11873 281 252
10204 11874 276 253
10325 11996 238 246
10325 11997 246 247
10325 11998 251 247
10325 11999 259 250
10325 12000 271 250
10325 12001 281 250
10325 12002 291 252
10325 12003 306 253
10325 12004 318 254
10325 12005 329 256
10325 12006 345 256
10325 12007 359 257
10325 12008 370 259
10325 12009 384 260
10325 12010 395 261
10325 12011 411 263
10325 12012 427 264
10325 12013 438 266
10325 12014 453 266
10325 12015 465 267
10325 12016 474 269
10325 12017 479 270
10325 12018 485 271
10388 12044 325 301
10388 12045 323 298
10388 12046 325 300
10388 12047 327 297
10388 12048 329 300
10388 12049 330 299
10388 12050 332 301
10388 12051 335 299
10388 12052 337 300
10388 12053 337 301
10388 12054 340 301
10388 12055 342 302
10388 12056 342 304
10388 12057 344 302
10388 12058 347 303
10388 12059 347 304
10388 12060 348 306
10388 12061 349 304
10388 12062 354 303
10388 12063 355 306
10388 12064 355 308
10388 12065 357 306
10388 12066 359 307
10388 12067 362 308
10388 12068 363 311
10388 12069 364 313
10388 12070 365 313
10388 12071 368 309
10388 12072 370 310
10388 12073 371 309
10388 12074 373 313
10388 12075 373 314
10388 12076 375 313
10388 12077 380 313
10388 12078 382 313
10388 12079 382 316
10388 12080 385 312
10388 12081 385 313
10388 12082 387 315
10388 12083 388 313
10388 12084 390 317
10388 12085 394 318
10388 12086 395 317
10388 12087 396 318
10388 12088 398 318
10388 12089 401 321
10388 12090 401 323
10388 12091 402 323
10388 12092 405 323
10388 12093 408 322
10388 12094 409 323
10388 12095 411 322
10388 12096 411 321
10388 12097 413 323
10388 12098 419 324
10388 12099 418 322
10388 12100 423 325
10388 12101 425 327
10388 12102 423 326
10388 12103 427 326
10388 12104 430 328
10388 12105 429 336
10388 12106 433 329
10388 12107 435 332
10388 12108 436 329
10388 12109 443 327
10388 12110 446 327
10388 12111 447 331
10388 12112 449 333
10388 12113 452 331
10388 12114 450 331
10388 12115 454 332
10388 12116 455 334
10388 12117 459 333
10388 12118 462 332
10388 12119 463 334
10388 12120 465 333
10388 12121 469 332
10388 12122 473 335
10388 12123 473 336
10388 12124 478 336
10388 12125 482 336
10388 12126 480 336
10388 12127 483 338
10388 12128 486 336
10388 12129 488 337
10388 12130 490 337
10388 12131 492 340
10388 12132 497 337
10388 12133 499 339
10388 12134 498 341
10388 12135 504 340
10388 12136 506 340
10388 12137 508 342
10388 12138 511 343
10388 12139 514 344
10445 12149 205 248
10445 12150 218 248
10445 12151 229 250
10445 12152 242 250
10445 12153 258 251
10445 12154 270 252
10445 12155 282 253
10445 12156 297 254
10445 12157 314 255
10445 12158 327 257
10445 12159 342 258
10445 12160 359 260
10445 12161 377 261
10445 12162 392 263
10445 12163 407 264
10445 12164 426 266
10445 12165 445 268
10445 12166 460 268
10445 12167 470 270
10445 12168 480 272
10527 12263 485 266
10527 12264 482 265
10527 12265 474 264
10527 12266 468 268
10527 12267 457 266
10527 12268 445 265
10527 12269 435 263
10527 12270 422 262
10527 12271 408 260
10527 12272 397 260
10527 12273 387 259
10527 12274 374 258
10527 12275 364 257
10527 12276 354 256
10527 12277 341 255
10527 12278 330 253
10527 12279 317 253
10527 12280 308 251
10527 12281 299 252
10618 12461 88 300
10618 12462 86 300
10618 12463 82 301
10618 12464 77 302
10618 12465 73 305
10618 12466 71 306
10618 12467 66 309
10618 12468 59 312
10618 12469 52 313
10618 12470 47 316
10618 12471 41 318
10618 12472 35 321
10618 12473 29 324
10618 12474 24 327
10618 12475 21 328
10618 12476 18 330
10618 12477 15 332
10618 12478 13 332
10618 12479 9 335
10618 12480 6 337
10618 12481 3 337
10764 12648 251 268
10764 12649 250 267
10764 12650 248 267
10764 12651 245 268
10764 12652 244 264
10764 12653 260 257
10764 12654 276 252
10764 12655 293 253
10764 12656 311 255
10764 12657 329 256
10764 12658 345 257
10764 12659 362 259
10764 12660 381 261
10764 12661 398 262
10764 12662 415 265
10764 12663 436 266
10827 12836 361 266
10827 12837 356 255
10827 12838 344 254
10827 12839 334 253
10827 12840 323 251
10827 12841 311 251
10827 12842 300 249
10827 12843 289 249
10827 12844 279 249
10827 12845 268 248
10827 12846 257 247
10827 12847 249 246
11017 13030 247 251
11017 13031 251 249
11017 13032 253 252
11017 13033 262 252
11017 13034 270 253
11017 13035 277 253
11017 13036 286 253
11017 13037 293 255
11017 13038 301 256
11017 13039 310 257
11017 13040 320 258
11017 13041 328 258
11017 13042 336 259
11017 13043 346 261
11017 13044 355 261
11017 13045 363 261
11017 13046 374 262
11017 13047 384 263
11017 13048 395 264
11017 13049 407 266
11017 13050 415 266
11017 13051 424 267
11043 13064 424 319
11043 13065 427 320
11043 13066 427 321
11043 13067 429 322
11043 13068 431 324
11043 13069 432 324
11043 13070 434 324
11043 13071 435 326
11043 13072 437 326
11043 13073 439 328
11043 13074 441 328
11043 13075 442 330
11043 13076 444 330
11043 13077 447 332
11043 13078 449 333
11043 13079 451 333
11043 13080 453 334
11043 13081 455 335
11043 13082 458 335
11043 13083 459 336
11043 13084 461 338
11043 13085 465 338
11043 13086 465 338
11043 13087 467 340
11043 13088 469 341
11043 13089 472 341
11043 13090 475 341
11043 13091 477 343
11043 13092 476 340
11043 13093 481 345
11043 13094 483 346
11043 13095 483 347
11043 13096 486 348
11043 13097 488 349
11043 13098 491 350
11043 13099 493 353
11043 13100 495 352
11043 13101 497 354
11043 13102 497 355
11043 13103 499 357
11043 13104 499 352
11043 13105 504 358
11043 13106 500 350
11043 13107 504 349
11043 13108 504 353
11043 13109 506 355
11043 13110 509 355
11043 13111 510 354
11043 13112 512 356
11043 13113 514 358
11043 13114 517 357
11043 13115 518 359
11043 13116 520 362
11043 13117 523 363
11043 13118 525 362
11043 13119 528 363
11044 13064 381 259
11044 13065 373 258
11044 13066 365 258
11044 13067 355 256
11044 13068 345 256
11044 13069 337 255
11044 13070 328 254
11044 13071 321 253
11044 13072 307 253
11044 13073 300 249
11044 13074 292 251
11044 13075 283 250
11044 13076 274 249
11044 13077 267 249
11044 13078 260 249
11044 13079 254 248
11044 13080 248 247
11044 13081 252 253
11060 13084 241 252
11060 13085 226 257
11060 13086 251 253
11060 13087 260 253
11060 13088 268 253
11060 13089 278 255
11060 13090 289 255
11060 13091 300 256
11060 13092 311 256
11060 13093 320 259
11060 13094 330 259
11060 13095 343 260
11060 13096 354 261
11060 13097 365 263
11060 13098 375 263
11060 13099 388 264
11060 13100 402 264
11186 13225 207 249
11186 13226 211 250
11186 13227 207 250
11186 13228 202 252
11186 13229 199 254
11186 13230 194 253
11186 13231 193 255
11186 13232 191 256
11186 13233 197 254
11186 13234 183 256
11186 13235 183 257
11186 13236 180 259
11186 13237 177 258
11186 13238 171 260
11186 13239 171 259
11186 13240 167 261
11186 13241 166 257
11186 13242 165 264
11186 13243 160 266
11186 13244 159 266
11186 13245 156 270
11186 13246 153 269
11186 13247 156 269
11186 13248 148 271
11186 13249 144 273
11186 13250 140 274
11186 13251 138 277
11186 13252 136 278
11186 13253 134 278
11186 13254 129 282
11186 13255 132 281
11186 13256 129 282
11186 13257 134 277
11186 13258 137 276
11229 13256 115 297
11229 13257 118 287
11229 13258 117 288
11229 13259 120 287
11229 13260 116 288
11229 13261 111 290
11229 13262 103 292
11229 13263 99 295
11229 13264 101 294
11229 13265 92 298
11229 13266 94 296
11229 13267 83 302
11229 13268 85 301
11229 13269 76 305
11229 13270 71 307
11229 13271 66 310
11229 13272 62 312
11229 13273 63 312
11229 13274 54 315
11229 13275 50 319
11229 13276 44 320
11229 13277 42 322
11229 13278 37 323
11229 13279 42 322
11229 13280 54 326
11277 13295 423 263
11277 13296 430 260
11277 13297 429 259
11277 13298 424 259
11277 13299 419 257
11277 13300 406 257
11277 13301 399 255
11277 13302 392 254
11277 13303 379 255
11277 13304 375 253
11277 13305 368 253
11277 13306 363 252
11277 13307 350 250
11277 13308 346 251
11277 13309 339 249
11277 13310 333 248
11277 13311 327 250
11277 13312 316 248
11277 13313 314 248
11277 13314 303 248
11277 13315 298 248
11277 13316 289 262
11277 13317 290 248
11277 13318 285 254
11277 13319 278 255
11317 13346 407 260
11317 13347 398 257
11317 13348 390 258
11317 13349 383 258
11317 13350 375 257
11317 13351 367 257
11317 13352 360 256
11317 13353 353 255
11317 13354 345 255
11317 13355 337 257
11317 13356 330 254
11317 13357 324 251
11317 13358 316 251
11317 13359 307 248
11317 13360 301 248
11317 13361 295 250
11317 13362 288 249
11317 13363 279 249
11317 13364 274 247
11317 13365 268 249
11317 13366 262 248