12 6 487 270
12 7 481 269
12 8 479 267
12 9 472 266
12 10 471 268
12 11 466 268
12 12 457 268
12 13 447 267
12 14 437 265
12 15 428 265
12 16 420 264
12 17 408 263
12 18 401 262
12 19 392 262
12 20 383 260
12 21 374 259
12 22 366 259
12 23 359 258
12 24 351 255
12 25 342 257
12 26 336 256
12 27 329 255
12 28 321 254
12 29 315 251
12 30 309 253
12 31 303 251
12 32 299 251
12 33 293 252
12 34 288 251
12 35 284 251
12 36 280 251
12 37 275 250
12 38 279 252
12 39 275 249
37 35 110 302
37 36 107 300
37 37 102 302
37 38 97 304
37 39 93 306
37 40 89 305
37 41 85 310
37 42 80 310
37 43 76 313
37 44 71 314
37 45 66 318
37 46 63 319
37 47 56 322
37 48 51 324
37 49 46 327
37 50 41 329
37 51 35 329
37 52 30 332
37 53 25 336
37 54 22 337
37 55 19 339
37 56 17 339
37 57 14 341
37 58 11 341
37 59 8 345
37 60 6 347
635 560 165 263
635 561 164 263
635 562 165 264
635 563 163 263
635 564 163 263
635 565 162 262
635 566 161 261
635 567 160 264
635 568 159 265
635 569 158 269
635 570 156 268
635 571 156 262
635 572 156 265
635 573 155 270
635 574 153 270
635 575 152 272
635 576 149 275
635 577 147 273
635 578 145 275
635 579 143 276
635 580 142 277
635 581 141 276
635 582 139 280
635 583 136 282
635 584 133 281
635 585 132 282
635 586 130 283
635 587 125 282
635 588 125 285
635 589 121 287
635 590 118 288
635 591 115 287
635 592 111 290
635 593 110 291
635 594 106 291
635 595 104 291
635 596 102 293
635 597 99 292
635 598 95 296
635 599 92 297
635 600 90 295
635 601 87 298
635 602 83 302
635 603 81 302
635 604 76 303
635 605 74 305
635 606 70 307
635 607 67 305
635 608 63 307
635 609 59 311
635 610 56 312
635 611 52 310
635 612 49 311
635 613 45 315
635 614 41 316
635 615 38 317
635 616 36 318
635 617 35 319
635 618 33 321
635 619 32 323
635 620 29 323
635 621 28 324
635 622 26 328
635 623 24 327
635 624 22 327
635 625 20 327
635 626 18 329
635 627 16 330
635 628 14 326
635 629 13 331
635 630 11 330
635 631 8 334
635 632 6 330
635 633 5 335
763 687 261 314
763 688 262 319
763 689 260 320
763 690 259 322
763 691 257 326
763 692 255 323
763 693 254 323
763 694 253 324
763 695 252 325
763 696 250 326
763 697 249 327
763 698 247 329
763 699 246 328
763 700 244 331
763 701 243 334
763 702 241 332
763 703 241 331
763 704 241 328
763 705 237 333
763 706 236 335
763 707 234 337
763 708 230 335
763 709 231 339
763 710 230 339
763 711 228 340
763 712 226 345
763 713 226 342
763 714 223 342
763 715 217 341
763 716 219 343
763 717 218 350
763 718 214 346
763 719 213 348
763 720 212 349
763 721 212 350
763 722 210 351
763 723 208 354
763 724 206 353
763 725 204 355
763 726 201 356
763 727 200 358
763 728 198 358
763 729 197 359
763 730 195 362
763 731 193 362
763 732 190 364
763 733 189 365
763 734 187 366
763 735 186 367
763 736 184 367
763 737 181 370
763 738 180 371
763 739 178 371
763 740 176 367
819 740 173 374
819 741 174 374
819 742 171 375
819 743 169 377
819 744 166 378
819 745 164 381
819 746 162 380
819 747 159 381
819 748 157 383
819 749 155 384
819 750 155 385
819 751 150 387
819 752 147 389
819 753 145 390
819 754 143 390
819 755 140 391
819 756 138 393
819 757 136 395
819 758 134 396
819 759 130 398
819 760 128 399
819 761 126 400
819 762 122 401
819 763 120 405
819 764 119 406
819 765 115 408
819 766 112 407
819 767 110 409
819 768 108 413
819 769 103 412
819 770 102 415
819 771 100 415
819 772 96 418
819 773 93 419
819 774 91 421
819 775 88 423
819 776 85 424
819 777 82 425
819 778 81 427
819 779 77 428
819 780 73 429
819 781 72 430
819 782 69 435
819 783 65 435
819 784 62 435
819 785 60 439
819 786 59 444
819 787 53 438
819 788 52 442
819 789 44 443
819 790 44 446
819 791 42 451
819 792 40 450
819 793 36 456
819 794 31 455
819 795 29 458
819 796 27 457
819 797 23 460
819 798 21 462
819 799 18 463
819 800 14 464
819 801 9 465
819 802 9 466
819 803 7 467
819 804 4 469
1277 1140 160 270
1277 1141 161 268
1277 1142 159 267
1277 1143 158 271
1277 1144 157 273
1277 1145 157 272
1277 1146 155 274
1277 1147 154 276
1277 1148 150 277
1277 1149 150 280
1277 1150 146 280
1277 1151 144 280
1277 1152 139 284
1277 1153 135 285
1277 1154 131 287
1277 1155 127 289
1277 1156 124 291
1277 1157 121 293
1277 1158 116 294
1277 1159 112 296
1277 1160 109 300
1277 1161 104 298
1277 1162 101 299
1277 1163 96 302
1277 1164 92 305
1277 1165 90 300
1277 1166 86 301
1277 1167 92 299
1408 1231 285 253
1408 1232 288 254
1408 1233 306 257
1408 1234 318 258
1408 1235 329 259
1408 1236 341 260
1408 1237 354 262
1408 1238 368 262
1408 1239 381 263
1408 1240 392 263
1408 1241 406 266
1408 1242 419 267
1408 1243 430 266
1454 1316 100 282
1454 1317 100 282
1454 1318 100 281
1454 1319 102 285
1454 1320 104 285
1454 1321 104 285
1454 1322 103 286
1454 1323 104 286
1454 1324 106 289
1454 1325 106 288
1454 1326 106 286
1454 1327 107 287
1454 1328 107 289
1454 1329 107 287
1454 1330 107 288
1454 1331 107 289
1454 1332 105 290
1454 1333 105 288
1454 1334 106 289
1454 1335 104 290
1454 1336 104 293
1454 1337 105 291
1454 1338 102 295
1454 1339 100 296
1454 1340 99 293
1454 1341 99 295
1454 1342 98 294
1454 1343 98 296
1454 1344 97 297
1454 1345 96 299
1454 1346 93 296
1454 1347 93 297
1454 1348 93 299
1454 1349 92 300
1454 1350 90 299
1454 1351 89 302
1454 1352 89 302
1454 1353 86 303
1454 1354 85 302
1454 1355 84 305
1454 1356 82 306
1454 1357 82 304
1454 1358 79 307
1454 1359 79 306
1454 1360 76 308
1454 1361 74 306
1454 1362 73 311
1454 1363 72 309
1454 1364 69 309
1454 1365 69 312
1454 1366 68 312
1454 1367 66 313
1454 1368 63 312
1454 1369 62 313
1454 1370 61 315
1454 1371 58 315
1454 1372 57 317
1454 1373 57 318
1454 1374 55 317
1454 1375 52 318
1454 1376 51 321
1454 1377 50 321
1454 1378 49 319
1454 1379 46 323
1454 1380 46 322
1454 1381 45 323
1454 1382 41 321
1454 1383 40 324
1454 1384 39 326
1454 1385 37 323
1454 1386 36 328
1454 1387 35 328
1454 1388 33 328
1454 1389 29 327
1454 1390 30 331
1454 1391 27 331
1454 1392 25 330
1454 1393 24 334
1454 1394 22 333
1454 1395 20 333
1454 1396 16 333
1454 1397 15 334
1454 1398 14 337
1454 1399 11 338
1454 1400 9 339
1454 1401 8 340
1454 1402 7 340
1454 1403 4 339
1454 1404 3 344
1454 1405 4 345
1620 1512 233 254
1620 1513 242 253
1620 1514 248 253
1620 1515 249 252
1620 1516 258 253
1620 1517 259 252
1620 1518 269 251
1620 1519 270 251
1620 1520 273 251
1620 1521 276 251
1620 1522 292 253
1620 1523 301 257
1620 1524 309 258
1620 1525 318 258
1620 1526 323 259
1620 1527 329 258
1620 1528 338 258
1620 1529 347 258
1620 1530 353 262
1620 1531 360 262
1620 1532 369 262
1620 1533 376 264
1620 1534 383 264
1620 1535 391 264
1620 1536 398 265
1620 1537 406 265
1620 1538 414 267
1620 1539 422 268
1620 1540 416 267
1668 1567 317 467
1668 1568 316 467
1668 1569 322 465
1668 1570 327 464
1668 1571 329 464
1668 1572 334 463
1668 1573 336 462
1668 1574 340 461
1668 1575 345 457
1668 1576 348 460
1668 1577 352 459
1668 1578 357 455
1668 1579 360 455
1668 1580 363 456
1668 1581 369 454
1668 1582 374 448
1668 1583 375 452
1668 1584 379 450
1668 1585 384 445
1668 1586 387 445
1668 1587 389 445
1668 1588 391 447
1827 1707 134 299
1827 1708 130 302
1827 1709 126 304
1827 1710 123 305
1827 1711 118 307
1827 1712 115 309
1827 1713 110 312
1827 1714 104 315
1827 1715 100 316
1827 1716 95 318
1827 1717 91 320
1827 1718 85 320
1827 1719 81 321
1827 1720 77 325
1827 1721 72 325
1827 1722 67 328
1827 1723 63 328
1827 1724 60 330
1827 1725 55 331
1930 1767 464 260
1930 1768 457 260
1930 1769 450 260
1930 1770 443 258
1930 1771 435 258
1930 1772 430 263
1930 1773 424 266
1930 1774 415 262
1930 1775 410 263
1930 1776 402 262
1930 1777 394 263
1930 1778 387 263
1930 1779 381 263
1930 1780 372 261
1930 1781 363 257
1930 1782 358 257
1930 1783 349 256
1930 1784 342 255
1930 1785 334 254
1930 1786 328 255
1930 1787 319 254
1930 1788 312 252
1930 1789 306 255
1930 1790 301 252
1930 1791 293 253
1930 1792 287 257
1930 1793 280 256
1930 1794 272 255
1930 1795 265 255
1930 1796 261 249
1930 1797 252 248
1930 1798 244 250
1930 1799 239 250
1930 1800 233 252
1990 1805 486 266
1990 1806 483 262
1990 1807 477 262
1990 1808 472 261
1990 1809 461 260
1990 1810 452 259
1990 1811 445 258
1990 1812 437 258
1990 1813 428 257
1990 1814 420 256
1990 1815 413 255
1990 1816 404 256
1990 1817 396 255
1990 1818 387 254
1990 1819 379 254
1990 1820 371 253
1990 1821 364 253
1990 1822 368 256
1990 1823 360 255
1990 1824 366 255
2000 1811 87 300
2000 1812 87 302
2000 1813 84 302
2000 1814 83 304
2000 1815 80 305
2000 1816 76 305
2000 1817 74 307
2000 1818 71 308
2000 1819 68 308
2000 1820 65 311
2000 1821 62 312
2000 1822 59 313
2000 1823 56 315
2000 1824 53 315
2000 1825 50 317
2000 1826 43 319
2000 1827 40 319
2000 1828 42 320
2000 1829 38 322
2000 1830 36 323
2000 1831 34 324
2000 1832 28 325
2000 1833 25 326
2000 1834 23 328
2402 2107 338 379
2402 2108 340 384
2402 2109 337 385
2402 2110 335 383
2402 2111 333 384
2402 2112 330 385
2402 2113 327 388
2402 2114 327 381
2402 2115 322 384
2402 2116 320 385
2402 2117 319 385
2402 2118 316 385
2402 2119 313 385
2402 2120 311 385
2402 2121 308 386
2402 2122 306 383
2402 2123 303 384
2402 2124 301 385
2402 2125 299 388
2402 2126 296 384
2402 2127 295 381
2402 2128 290 385
2402 2129 288 381
2402 2130 287 386
2402 2131 284 381
2402 2132 281 385
2402 2133 279 386
2402 2134 277 386
2402 2135 273 385
2402 2136 271 385
2402 2137 269 384
2402 2138 266 385
2402 2139 264 387
2402 2140 260 385
2402 2141 258 388
2402 2142 256 386
2402 2143 254 385
2402 2144 251 386
2402 2145 247 385
2402 2146 246 385
2402 2147 243 388
2402 2148 240 387
2402 2149 237 388
2402 2150 235 386
2402 2151 233 385
2402 2152 230 387
2402 2153 227 389
2402 2154 222 387
2402 2155 221 385
2402 2156 219 389
2402 2157 217 388
2402 2158 213 385
2402 2159 210 385
2402 2160 208 386
2402 2161 205 387
2402 2162 202 385
2402 2163 201 385
2402 2164 198 388
2402 2165 194 388
2402 2166 193 384
2402 2167 189 384
2402 2168 186 385
2402 2169 184 385
2402 2170 181 383
2402 2171 179 384
2402 2172 177 386
2402 2173 172 386
2402 2174 171 385
2402 2175 168 385
2402 2176 165 385
2402 2177 163 388
2402 2178 161 387
2402 2179 158 385
2402 2180 154 386
2402 2181 154 388
2402 2182 149 388
2402 2183 147 385
2402 2184 144 385
2402 2185 142 384
2402 2186 139 386
2402 2187 135 384
2402 2188 132 386
2402 2189 132 386
2402 2190 128 385
2402 2191 125 384
2402 2192 123 385
2402 2193 120 386
2402 2194 114 386
2402 2195 114 383
2402 2196 110 386
2402 2197 110 386
2402 2198 106 389
2402 2199 105 383
2402 2200 100 386
2402 2201 104 383
2402 2202 104 382
2405 2112 388 258
2405 2113 377 256
2405 2114 367 255
2405 2115 358 254
2405 2116 346 252
2405 2117 335 252
2405 2118 326 251
2405 2119 318 251
2405 2120 307 250
2405 2121 298 250
2405 2122 289 249
2405 2123 279 248
2405 2124 269 247
2405 2125 263 246
2405 2126 255 246
2506 2320 166 270
2506 2321 165 265
2506 2322 164 267
2506 2323 162 268
2506 2324 163 263
2506 2325 162 264
2506 2326 160 269
2506 2327 158 266
2506 2328 156 266
2506 2329 157 263
2506 2330 156 269
2506 2331 152 274
2506 2332 149 276
2506 2333 148 276
2506 2334 147 276
2506 2335 144 280
2506 2336 143 282
2506 2337 135 284
2506 2338 136 285
2506 2339 129 287
2506 2340 125 289
2506 2341 123 289
2506 2342 121 292
2506 2343 116 290
2506 2344 121 291
2506 2345 132 286
2506 2346 129 289
2506 2347 126 284
2506 2348 123 290
2506 2349 120 294
2506 2350 118 294
2524 2357 59 314
2524 2358 57 318
2524 2359 54 316
2524 2360 49 317
2524 2361 43 320
2524 2362 39 322
2524 2363 35 325
2524 2364 32 325
2524 2365 28 327
2524 2366 23 329
2524 2367 20 331
2524 2368 18 326
2524 2369 16 333
2524 2370 14 334
2524 2371 12 339
2524 2372 9 337
2524 2373 12 342
2524 2374 6 341
2524 2375 4 344
2595 2457 431 280
2595 2458 437 278
2595 2459 436 274
2595 2460 434 277
2595 2461 432 278
2595 2462 425 278
2595 2463 426 276
2595 2464 426 277
2595 2465 424 276
2595 2466 421 274
2595 2467 419 276
2595 2468 418 277
2595 2469 416 276
2595 2470 410 277
2595 2471 411 276
2595 2472 409 273
2595 2473 407 276
2595 2474 401 273
2595 2475 402 276
2595 2476 403 277
2595 2477 398 275
2595 2478 397 270
2595 2479 394 275
2595 2480 391 276
2595 2481 388 275
2595 2482 389 274
2595 2483 388 273
2595 2484 386 275
2595 2485 382 274
2595 2486 380 277
2595 2487 381 278
2595 2488 378 275
2595 2489 375 273
2595 2490 371 271
2595 2491 372 271
2595 2492 370 274
2595 2493 368 270
2595 2494 361 274
2595 2495 360 273
2595 2496 363 274
2595 2497 361 273
2595 2498 358 270
2595 2499 358 274
2595 2500 354 273
2595 2501 353 270
2595 2502 351 270
2595 2503 350 270
2595 2504 346 269
2595 2505 344 270
2595 2506 343 273
2595 2507 340 270
2595 2508 336 273
2595 2509 338 270
2595 2510 336 273
2595 2511 334 271
2595 2512 329 272
2595 2513 331 268
2595 2514 330 272
2595 2515 328 272
2595 2516 325 272
2595 2517 323 268
2595 2518 322 272
2595 2519 319 272
2595 2520 318 271
2595 2521 316 271
2595 2522 315 269
2595 2523 312 269
2595 2524 310 271
2595 2525 308 268
2595 2526 306 267
2595 2527 306 271
2595 2528 304 272
2595 2529 302 267
2595 2530 298 268
2595 2531 299 270
2595 2532 298 271
2595 2533 295 268
2595 2534 294 267
2595 2535 292 270
2595 2536 291 269
2595 2537 288 267
2595 2538 286 266
2595 2539 283 269
2595 2540 283 266
2595 2541 284 266
2595 2542 280 267
2595 2543 277 269
2595 2544 277 268
2595 2545 274 265
2595 2546 273 267
2595 2547 271 266
2595 2548 269 264
2595 2549 266 267
2595 2550 267 267
2595 2551 264 264
2595 2552 263 267
2595 2553 259 265
2595 2554 259 267
2595 2555 258 268
3046 2849 486 377
3046 2850 484 378
3046 2851 483 379
3046 2852 480 374
3046 2853 478 377
3046 2854 475 381
3046 2855 473 380
3046 2856 469 382
3046 2857 466 383
3046 2858 465 383
3046 2859 462 385
3046 2860 458 384
3046 2861 455 386
3046 2862 454 385
3046 2863 451 386
3046 2864 445 386
3046 2865 445 391
3046 2866 442 391
3046 2867 439 389
3046 2868 435 389
3046 2869 434 387
3046 2870 430 392
3046 2871 424 391
3046 2872 424 392
3046 2873 422 394
3046 2874 418 395
3046 2875 416 392
3046 2876 412 394
3046 2877 409 398
3046 2878 405 396
3046 2879 401 396
3046 2880 400 399
3046 2881 397 399
3046 2882 392 399
3046 2883 390 399
3046 2884 388 400
3046 2885 382 399
3046 2886 379 400
3046 2887 378 401
3046 2888 375 403
3046 2889 371 399
3046 2890 366 403
3046 2891 365 405
3046 2892 361 405
3046 2893 364 405
3068 2867 96 296
3068 2868 96 296
3068 2869 90 299
3068 2870 92 300
3068 2871 88 299
3068 2872 88 299
3068 2873 83 303
3068 2874 81 302
3068 2875 78 303
3068 2876 74 306
3068 2877 74 307
3068 2878 69 306
3068 2879 68 309
3068 2880 64 309
3068 2881 63 312
3068 2882 60 313
3068 2883 58 313
3068 2884 60 314
3068 2885 54 314
3068 2886 50 316
3068 2887 49 316
3068 2888 45 318
3068 2889 42 318
3068 2890 37 319
3068 2891 38 321
3068 2892 38 321
3068 2893 37 324
3068 2894 32 325
3068 2895 27 324
3068 2896 22 327
3068 2897 21 330
3068 2898 20 331
3068 2899 16 334
3068 2900 12 334
3068 2901 10 334
3068 2902 7 337
3068 2903 5 336
3068 2904 6 339
3068 2905 4 340
3068 2906 3 342
3107 2903 325 405
3107 2904 321 411
3107 2905 318 411
3107 2906 314 413
3107 2907 311 411
3107 2908 307 413
3107 2909 305 414
3107 2910 301 415
3107 2911 298 414
3107 2912 293 415
3107 2913 290 417
3107 2914 287 416
3107 2915 282 415
3107 2916 280 414
3107 2917 277 417
3107 2918 273 418
3107 2919 268 418
3107 2920 265 420
3107 2921 261 421
3107 2922 257 419
3107 2923 254 419
3107 2924 252 421
3107 2925 248 422
3107 2926 243 421
3107 2927 240 423
3107 2928 238 424
3107 2929 233 423
3107 2930 229 423
3107 2931 226 424
3107 2932 223 428
3107 2933 217 423
3107 2934 214 425
3107 2935 212 426
3107 2936 207 428
3107 2937 202 423
3107 2938 200 422
3107 2939 197 427
3107 2940 192 425
3107 2941 188 425
3107 2942 186 427
3107 2943 181 430
3107 2944 176 427
3107 2945 174 426
3107 2946 171 436
3107 2947 166 432
3107 2948 162 431
3107 2949 160 432
3107 2950 156 436
3107 2951 150 433
3107 2952 148 434
3107 2953 145 435
3107 2954 141 437
3107 2955 137 436
3107 2956 133 437
3107 2957 131 440
3107 2958 126 439
3107 2959 123 437
3107 2960 120 440
3107 2961 116 444
3107 2962 110 440
3107 2963 105 441
3107 2964 105 444
3107 2965 100 445
3107 2966 97 443
3107 2967 93 444
3107 2968 90 446
3107 2969 86 446
3107 2970 82 443
3107 2971 79 448
3107 2972 76 452
3107 2973 78 453
3366 3193 401 414
3366 3194 404 416
3366 3195 402 419
3366 3196 408 420
3366 3197 412 421
3366 3198 410 424
3366 3199 415 425
3366 3200 420 425
3366 3201 424 427
3366 3202 421 430
3366 3203 427 430
3366 3204 430 432
3366 3205 433 434
3366 3206 436 436
3366 3207 440 436
3366 3208 444 438
3366 3209 446 440
3366 3210 447 442
3366 3211 453 443
3366 3212 456 445
3366 3213 457 447
3366 3214 458 448
3366 3215 466 449
3366 3216 465 452
3366 3217 466 454
3366 3218 471 456
3366 3219 477 457
3366 3220 480 460
3366 3221 478 462
3366 3222 484 462
3366 3223 487 464
3366 3224 490 467
3366 3225 493 469
3366 3226 497 471
3366 3227 503 472
3366 3228 502 475
3366 3229 511 474
3366 3230 515 475
3375 3204 355 261
3375 3205 365 261
3375 3206 371 261
3375 3207 381 263
3375 3208 394 262
3375 3209 402 265
3375 3210 413 266
3375 3211 424 267
3375 3212 433 267
3375 3213 441 269
3375 3214 454 269
3375 3215 464 269
3375 3216 469 270
3375 3217 473 271
3375 3218 477 272
3375 3219 484 272
3375 3220 488 277
3421 3240 193 256
3421 3241 199 255
3421 3242 196 257
3421 3243 194 258
3421 3244 191 258
3421 3245 188 260
3421 3246 185 260
3421 3247 184 262
3421 3248 181 264
3421 3249 178 266
3421 3250 175 267
3421 3251 172 268
3421 3252 168 270
3421 3253 165 272
3421 3254 162 274
3421 3255 158 276
3421 3256 154 278
3421 3257 151 280
3421 3258 146 282
3421 3259 142 285
3421 3260 137 287
3421 3261 134 289
3421 3262 130 292
3421 3263 125 294
3421 3264 120 297
3421 3265 115 298
3421 3266 111 302
3421 3267 105 304
3421 3268 100 306
3421 3269 95 310
3421 3270 90 311
3421 3271 83 315
3421 3272 76 319
3421 3273 70 322
3421 3274 62 324
3421 3275 54 329
3421 3276 47 331
3421 3277 40 334
3421 3278 31 338
3421 3279 25 342
3421 3280 20 346
3421 3281 18 347
3421 3282 13 348
3421 3283 8 350
3421 3284 5 354
3484 3411 388 264
3484 3412 393 259
3484 3413 382 259
3484 3414 371 258
3484 3415 360 257
3484 3416 349 257
3484 3417 339 256
3484 3418 328 254
3484 3419 315 252
3484 3420 305 251
3484 3421 296 251
3484 3422 286 250
3484 3423 275 249
3484 3424 266 250
3484 3425 257 248
3484 3426 250 247
3558 3641 235 251
3558 3642 231 250
3558 3643 242 250
3558 3644 251 251
3558 3645 255 251
3558 3646 262 251
3558 3647 271 254
3558 3648 279 254
3558 3649 289 256
3558 3650 298 255
3558 3651 308 257
3558 3652 318 258
3558 3653 327 259
3558 3654 338 260
3558 3655 347 260
3558 3656 357 260
3558 3657 368 261
3558 3658 379 262
3558 3659 389 261
3558 3660 403 265
3852 4005 284 255
3852 4006 283 256
3852 4007 293 256
3852 4008 304 257
3852 4009 314 257
3852 4010 324 257
3852 4011 333 259
3852 4012 344 260
3852 4013 353 260
3852 4014 362 261
3852 4015 371 262
3852 4016 383 263
3852 4017 395 264
3852 4018 402 267
3852 4019 419 266
4137 4269 120 267
4137 4270 137 249
4137 4271 156 246
4137 4272 162 247
4137 4273 170 247
4137 4274 176 247
4137 4275 182 246
4137 4276 195 248
4137 4277 198 249
4137 4278 190 254
4137 4279 197 255
4137 4280 206 256
4212 4363 168 273
4212 4364 169 276
4212 4365 171 273
4212 4366 170 275
4212 4367 167 280
4212 4368 169 276
4212 4369 169 277
4212 4370 167 278
4212 4371 167 280
4212 4372 165 281
4212 4373 164 283
4212 4374 163 284
4212 4375 163 286
4212 4376 160 286
4212 4377 161 289
4212 4378 158 290
4212 4379 157 291
4212 4380 155 293
4212 4381 152 294
4212 4382 150 295
4212 4383 148 297
4212 4384 145 298
4212 4385 142 299
4212 4386 140 301
4212 4387 136 302
4212 4388 132 303
4212 4389 129 304
4212 4390 125 305
4212 4391 122 308
4212 4392 116 310
4212 4393 113 312
4212 4394 110 312
4212 4395 105 315
4212 4396 100 316
4212 4397 96 319
4212 4398 93 320
4212 4399 87 322
4212 4400 83 324
4212 4401 79 325
4212 4402 74 327
4212 4403 70 329
4212 4404 66 329
4212 4405 62 332
4212 4406 57 333
4212 4407 54 336
4212 4408 49 336
4212 4409 44 338
4212 4410 41 339
4212 4411 37 342
4212 4412 32 344
4212 4413 28 344
4212 4414 26 345
4212 4415 24 348
4212 4416 21 349
4212 4417 19 349
4212 4418 17 351
4212 4419 15 350
4212 4420 13 351
4212 4421 10 351
4212 4422 9 353
4212 4423 6 355
4212 4424 3 352
4263 4430 279 254
4263 4431 281 253
4263 4432 290 254
4263 4433 303 254
4263 4434 307 258
4263 4435 318 255
4263 4436 328 256
4263 4437 334 256
4263 4438 342 257
4263 4439 353 258
4263 4440 363 259
4263 4441 373 260
4263 4442 381 261
4263 4443 390 262
4263 4444 399 263
4263 4445 410 265
4263 4446 425 265
4263 4447 431 266
4263 4448 443 266
4263 4449 451 268
4263 4450 463 269
4263 4451 471 266
4263 4452 477 270
4263 4453 484 269
4263 4454 492 260
4328 4531 145 376
4328 4532 142 372
4328 4533 140 369
4328 4534 140 373
4328 4535 139 378
4328 4536 134 374
4328 4537 131 374
4328 4538 129 374
4328 4539 127 375
4328 4540 126 379
4328 4541 122 380
4328 4542 121 388
4328 4543 119 383
4328 4544 115 382
4328 4545 115 387
4328 4546 112 385
4328 4547 109 387
4328 4548 110 402
4328 4549 106 399
4328 4550 102 391
4328 4551 101 396
4328 4552 98 394
4328 4553 95 395
4328 4554 93 400
4449 4666 486 262
4449 4667 481 264
4449 4668 472 263
4449 4669 466 265
4449 4670 453 266
4449 4671 441 264
4449 4672 430 264
4449 4673 416 263
4449 4674 404 262
4449 4675 392 261
4449 4676 379 257
4449 4677 368 259
4449 4678 356 257
4449 4679 342 255
4449 4680 331 255
4449 4681 321 254
4449 4682 310 253
4449 4683 303 254
4449 4684 303 253
4462 4687 3 336
4462 4688 4 338
4462 4689 5 337
4462 4690 7 337
4462 4691 9 335
4462 4692 12 336
4462 4693 14 336
4462 4694 16 334
4462 4695 18 334
4462 4696 21 333
4462 4697 23 334
4462 4698 25 331
4462 4699 26 331
4462 4700 29 332
4462 4701 31 331
4462 4702 34 328
4462 4703 35 330
4462 4704 39 330
4462 4705 39 330
4462 4706 40 329
4462 4707 44 327
4462 4708 45 327
4462 4709 48 327
4462 4710 51 325
4462 4711 53 324
4462 4712 54 324
4462 4713 56 324
4462 4714 59 323
4462 4715 62 321
4462 4716 64 321
4462 4717 65 321
4462 4718 68 319
4462 4719 70 322
4462 4720 71 320
4462 4721 73 319
4462 4722 76 318
4462 4723 78 316
4462 4724 80 316
4462 4725 81 315
4462 4726 84 314
4462 4727 85 314
4462 4728 86 313
4462 4729 89 313
4462 4730 90 312
4462 4731 93 311
4462 4732 94 310
4462 4733 95 311
4462 4734 96 311
4462 4735 99 309
4462 4736 102 308
4462 4737 103 306
4462 4738 105 306
4462 4739 107 304
4462 4740 109 304
4462 4741 110 304
4462 4742 110 304
4462 4743 113 303
4462 4744 115 303
4462 4745 116 303
4462 4746 118 302
4462 4747 120 303
4462 4748 121 303
4462 4749 121 300
4462 4750 123 300
4462 4751 125 302
4462 4752 127 302
4462 4753 128 299
4462 4754 130 301
4462 4755 131 298
4462 4756 131 295
4462 4757 133 296
4462 4758 135 295
4462 4759 138 298
4462 4760 138 300
4462 4761 141 296
4462 4762 141 294
4462 4763 142 295
4462 4764 144 291
4462 4765 146 292
4462 4766 147 295
4462 4767 148 294
4462 4768 149 289
4462 4769 152 288
4462 4770 152 290
4462 4771 155 286
4462 4772 154 288
4462 4773 156 289
4462 4774 157 290
4462 4775 159 287
4462 4776 160 286
4462 4777 163 287
4462 4778 163 286
4462 4779 162 288
4462 4780 164 285
4462 4781 165 284
4462 4782 167 285
4462 4783 170 282
4462 4784 171 284
4462 4785 171 282
4462 4786 171 284
4462 4787 172 280
4725 4915 4 428
4725 4916 4 428
4725 4917 6 426
4725 4918 7 427
4725 4919 8 426
4725 4920 9 426
4725 4921 12 430
4725 4922 13 427
4725 4923 17 430
4725 4924 20 428
4725 4925 21 428
4725 4926 23 426
4725 4927 25 427
4725 4928 30 429
4725 4929 32 430
4725 4930 34 428
4725 4931 38 430
4725 4932 40 429
4725 4933 42 429
4725 4934 45 427
4725 4935 48 427
4725 4936 50 429
4725 4937 52 427
4725 4938 55 428
4725 4939 58 429
4725 4940 61 428
4725 4941 64 427
4725 4942 66 432
4725 4943 68 427
4725 4944 72 429
4725 4945 73 428
4725 4946 77 432
4725 4947 79 429
4725 4948 82 429
4725 4949 85 431
4725 4950 87 431
4725 4951 89 432
4725 4952 93 430
4725 4953 97 432
4725 4954 98 432
4725 4955 100 431
4725 4956 104 429
4725 4957 107 428
4725 4958 109 432
4725 4959 111 434
4725 4960 115 432
4725 4961 119 430
4725 4962 120 431
4725 4963 123 436
4725 4964 127 430
4725 4965 131 431
4725 4966 132 434
4725 4967 136 437
4725 4968 138 432
4725 4969 144 435
4725 4970 144 435
4725 4971 146 433
4725 4972 150 429
4725 4973 152 428
4725 4974 157 431
4725 4975 160 429
4725 4976 161 430
4725 4977 165 430
4725 4978 169 434
4725 4979 173 430
4725 4980 174 429
4725 4981 177 427
4725 4982 180 431
4725 4983 183 429
4725 4984 187 428
4725 4985 191 428
4725 4986 192 430
4725 4987 195 428
4725 4988 199 424
4725 4989 202 424
4725 4990 204 429
4725 4991 208 426
4725 4992 210 426
4725 4993 213 428
4725 4994 217 426
4725 4995 221 426
4725 4996 223 425
4725 4997 226 424
4725 4998 230 427
4725 4999 232 425
4725 5000 237 426
4725 5001 239 427
4725 5002 243 428
4725 5003 245 426
4725 5004 248 425
4725 5005 252 421
4725 5006 254 426
4725 5007 259 424
4725 5008 263 423
4725 5009 265 425
4725 5010 268 425
4725 5011 271 423
4725 5012 274 422
4725 5013 277 425
4725 5014 280 425
4725 5015 284 423
4725 5016 287 421
4725 5017 289 423
4725 5018 293 426
4725 5019 296 422
4725 5020 299 420
4725 5021 302 420
4725 5022 306 426
4725 5023 308 421
4725 5024 311 420
4725 5025 315 424
4725 5026 319 424
4725 5027 322 422
4725 5028 324 421
4725 5029 327 421
4725 5030 330 423
4725 5031 333 424
4725 5032 336 418
4725 5033 339 421
4725 5034 344 418
4725 5035 346 417
4725 5036 348 416
4725 5037 351 420
4725 5038 354 419
4725 5039 357 419
4725 5040 361 416
4725 5041 364 420
4725 5042 367 416
4725 5043 370 416
4725 5044 373 415
4725 5045 376 417
4725 5046 379 416
4725 5047 382 416
4725 5048 385 414
4725 5049 388 416
4725 5050 390 413
4725 5051 394 412
4725 5052 397 412
4725 5053 398 414
4725 5054 402 414
4725 5055 406 414
4725 5056 409 412
4725 5057 411 412
4725 5058 413 410
4725 5059 417 410
4725 5060 419 410
4725 5061 422 411
4725 5062 425 411
4725 5063 429 409
4725 5064 431 408
4725 5065 433 411
4725 5066 437 412
4725 5067 439 415
4807 5066 344 262
4807 5067 351 258
4807 5068 344 257
4807 5069 329 256
4807 5070 317 254
4807 5071 308 253
4807 5072 299 252
4807 5073 286 252
4807 5074 277 251
4807 5075 268 250
4807 5076 258 250
4807 5077 252 249
4807 5078 245 248
4807 5079 229 247
4807 5080 238 248
4807 5081 228 252
4864 5130 487 270
4864 5131 483 266
4864 5132 479 267
4864 5133 472 265
4864 5134 470 267
4864 5135 463 267
4864 5136 456 266
4864 5137 448 266
4864 5138 439 265
4864 5139 430 264
4864 5140 421 263
4864 5141 415 262
4864 5142 405 262
4864 5143 398 261
4864 5144 389 259
4864 5145 380 259
4864 5146 373 258
4864 5147 365 258
4864 5148 356 257
4864 5149 348 257
4864 5150 340 256
4864 5151 333 255
4864 5152 325 252
4864 5153 316 252
4864 5154 310 252
4864 5155 302 252
4864 5156 295 250
4864 5157 288 250
4864 5158 280 249
4864 5159 272 250
4864 5160 275 248
4935 5208 301 252
4935 5209 300 248
4935 5210 311 247
4935 5211 290 262
4935 5212 303 262
4935 5213 307 263
4935 5214 319 264
4935 5215 330 265
4935 5216 340 266
4935 5217 348 266
4935 5218 361 268
4935 5219 367 268
4935 5220 377 268
4935 5221 393 269
4935 5222 399 270
4935 5223 409 271
4935 5224 420 272
4935 5225 431 273
4935 5226 421 274
4935 5227 426 263
4935 5228 438 262
4935 5229 447 262
4935 5230 456 264
4935 5231 467 264
4935 5232 479 264
4935 5233 488 260
4935 5234 481 266
4935 5235 474 263
4935 5236 470 263
4935 5237 464 266
4935 5238 454 266
4935 5239 444 265
4935 5240 435 264
4935 5241 424 263
4935 5242 413 263
4935 5243 403 262
4935 5244 393 260
4935 5245 384 259
4935 5246 375 258
4935 5247 366 258
4935 5248 355 258
4935 5249 345 257
4935 5250 336 256
4945 5219 411 266
4945 5220 414 258
4945 5221 424 258
4945 5222 434 259
4945 5223 443 260
4945 5224 455 261
4945 5225 467 261
4945 5226 477 258
4945 5227 481 260
4945 5228 490 259
4945 5229 500 249
4950 5226 18 330
4950 5227 18 335
4950 5228 23 339
4950 5229 24 337
4950 5230 27 337
4950 5231 31 334
4950 5232 32 339
4950 5233 34 333
4950 5234 38 331
4950 5235 41 334
4950 5236 42 333
4950 5237 45 331
4950 5238 48 331
4950 5239 51 332
4950 5240 53 330
4950 5241 55 326
4950 5242 58 320
4950 5243 61 319
4950 5244 64 316
4950 5245 66 318
4950 5246 68 317
4950 5247 70 317
4950 5248 71 317
4950 5249 75 315
4950 5250 76 315
4950 5251 79 314
4950 5252 82 313
4950 5253 84 312
4950 5254 85 310
4950 5255 87 311
4950 5256 90 310
4950 5257 91 310
4950 5258 94 307
4950 5259 96 307
4950 5260 98 307
4950 5261 99 307
4950 5262 101 306
4950 5263 102 306
4950 5264 105 305
4950 5265 108 303
4950 5266 110 302
4950 5267 110 301
4950 5268 113 300
4950 5269 114 301
4950 5270 115 305
4950 5271 117 305
4950 5272 119 307
4950 5273 121 308
4971 5240 559 255
4971 5241 566 267
4971 5242 576 272
4971 5243 583 273
4971 5244 591 274
4971 5245 600 275
4971 5246 607 274
4971 5247 615 279
4971 5248 623 278
5057 5296 123 305
5057 5297 127 303
5057 5298 125 303
5057 5299 121 305
5057 5300 119 306
5057 5301 116 309
5057 5302 113 310
5057 5303 109 312
5057 5304 105 312
5057 5305 101 313
5057 5306 96 317
5057 5307 92 320
5057 5308 88 322
5057 5309 83 322
5057 5310 77 325
5057 5311 74 329
5057 5312 69 331
5057 5313 63 332
5057 5314 59 332
5057 5315 54 337
5057 5316 47 338
5057 5317 41 340
5057 5318 36 342
5057 5319 31 345
5057 5320 28 347
5057 5321 24 347
5057 5322 21 349
5057 5323 18 349
5057 5324 15 350
5057 5325 12 353
5057 5326 9 355
5057 5327 5 358
5261 5441 308 252
5261 5442 315 257
5261 5443 319 258
5261 5444 324 263
5261 5445 332 263
5261 5446 340 263
5261 5447 347 262
5261 5448 352 263
5261 5449 362 265
5261 5450 371 266
5261 5451 377 266
5261 5452 384 266
5261 5453 393 268
5261 5454 399 268
5261 5455 406 267
5261 5456 413 268
5261 5457 421 270
5261 5458 426 271
5261 5459 430 271
5261 5460 439 269
5261 5461 444 269
5261 5462 447 269
5261 5463 453 270
5261 5464 457 270
5261 5465 457 272
5362 5541 143 246
5362 5542 148 246
5362 5543 152 247
5362 5544 155 248
5362 5545 160 248
5362 5546 166 247
5362 5547 168 249
5362 5548 172 250
5362 5549 178 249
5362 5550 183 250
5362 5551 187 251
5362 5552 191 252
5362 5553 197 252
5362 5554 205 248
5362 5555 207 250
5362 5556 212 253
5362 5557 217 255
5362 5558 222 256
5362 5559 227 259
5362 5560 234 256
5362 5561 239 256
5362 5562 244 256
5362 5563 250 256
5362 5564 255 257
5362 5565 261 257
5362 5566 266 258
5666 5763 217 273
5666 5764 222 255
5666 5765 232 256
5666 5766 239 253
5666 5767 239 247
5666 5768 246 246
5666 5769 256 246
5666 5770 250 251
5666 5771 257 255
5666 5772 267 258
5666 5773 278 258
5666 5774 287 259
5666 5775 298 257
5686 5774 323 261
5686 5775 324 254
5686 5776 327 258
5686 5777 323 258
5686 5778 331 259
5686 5779 341 264
5686 5780 342 259
5686 5781 333 254
5686 5782 321 253
5686 5783 307 252
5686 5784 293 250
5686 5785 282 251
5686 5786 271 249
5686 5787 258 248
5686 5788 250 247
5686 5789 240 246
5686 5790 226 246
5686 5791 239 272
5836 5931 485 267
5836 5932 477 267
5836 5933 470 268
5836 5934 460 267
5836 5935 448 266
5836 5936 436 264
5836 5937 421 263
5836 5938 409 262
5836 5939 397 262
5836 5940 382 261
5836 5941 367 259
5836 5942 356 257
5836 5943 344 257
5836 5944 331 255
5836 5945 320 254
5836 5946 308 254
5836 5947 295 253
5836 5948 282 251
5836 5949 272 251
5836 5950 261 250
5836 5951 251 249
5836 5952 245 249
5874 5963 141 302
5874 5964 145 298
5874 5965 144 294
5874 5966 149 296
5874 5967 143 296
5874 5968 140 298
5874 5969 142 302
5874 5970 135 303
5874 5971 136 303
5874 5972 134 307
5874 5973 129 308
5874 5974 124 307
5874 5975 122 307
5874 5976 121 312
5874 5977 116 313
5874 5978 109 316
5874 5979 106 320
5874 5980 101 321
5874 5981 96 323
5874 5982 92 325
5874 5983 88 329
5874 5984 82 331
5874 5985 77 333
5874 5986 72 333
5874 5987 65 334
5874 5988 58 336
5874 5989 54 341
5874 5990 46 343
5874 5991 41 345
5874 5992 31 346
5874 5993 26 348
5874 5994 18 350
5874 5995 12 353
5874 5996 8 356
5874 5997 5 358
5972 6054 300 260
5972 6055 301 258
5972 6056 311 259
5972 6057 321 259
5972 6058 312 254
5972 6059 315 260
5972 6060 323 261
5972 6061 330 264
5972 6062 340 265
5972 6063 348 266
5972 6064 361 267
5972 6065 369 268
5972 6066 379 269
5972 6067 391 268
5972 6068 402 272
5972 6069 412 272
5972 6070 422 272
5983 6061 366 264
5983 6062 370 264
5983 6063 378 265
5983 6064 387 265
5983 6065 402 267
5983 6066 412 267
5983 6067 423 269
5983 6068 433 269
5983 6069 445 270
5983 6070 455 271
5983 6071 467 272
5983 6072 476 272
5983 6073 467 273
5983 6074 470 274
5983 6075 480 274
5983 6076 488 278
6005 6081 484 266
6005 6082 477 267
6005 6083 474 265
6005 6084 467 267
6005 6085 457 267
6005 6086 447 266
6005 6087 436 265
6005 6088 423 264
6005 6089 412 264
6005 6090 402 263
6005 6091 389 262
6005 6092 375 261
6005 6093 365 259
6005 6094 355 259
6005 6095 342 259
6005 6096 331 257
6005 6097 321 257
6005 6098 309 256
6005 6099 298 256
6005 6100 288 254
6005 6101 278 254
6005 6102 267 253
6005 6103 255 252
6005 6104 246 250
6005 6105 246 251
6005 6106 240 250
6211 6346 377 258
6211 6347 366 257
6211 6348 354 257
6211 6349 344 256
6211 6350 335 255
6211 6351 325 253
6211 6352 315 253
6211 6353 307 252
6211 6354 296 251
6211 6355 288 249
6211 6356 279 249
6211 6357 269 249
6211 6358 259 248
6211 6359 251 248
6211 6360 245 248
6211 6361 238 246
6211 6362 225 246
6211 6363 218 246
6271 6444 113 306
6271 6445 113 308
6271 6446 115 305
6271 6447 115 304
6271 6448 118 305
6271 6449 121 302
6271 6450 122 302
6271 6451 122 303
6271 6452 124 302
6271 6453 125 302
6271 6454 127 299
6271 6455 129 301
6271 6456 131 297
6271 6457 133 297
6271 6458 133 298
6271 6459 134 297
6271 6460 136 298
6271 6461 137 293
6271 6462 141 294
6271 6463 140 296
6271 6464 142 293
6271 6465 145 293
6271 6466 148 291
6271 6467 147 293
6271 6468 148 292
6271 6469 150 289
6271 6470 151 289
6271 6471 153 288
6271 6472 155 287
6271 6473 156 287
6271 6474 158 285
6271 6475 158 288
6271 6476 160 285
6271 6477 161 284
6271 6478 162 287
6271 6479 163 283
6271 6480 165 283
6271 6481 166 283
6271 6482 166 287
6271 6483 168 283
6271 6484 169 280
6271 6485 171 283
6271 6486 171 278
6573 6812 455 264
6573 6813 453 268
6573 6814 438 265
6573 6815 425 264
6573 6816 413 263
6573 6817 398 261
6573 6818 388 260
6573 6819 374 259
6573 6820 359 258
6573 6821 345 257
6573 6822 332 256
6573 6823 339 260
6581 6831 359 260
6581 6832 349 260
6581 6833 359 261
6581 6834 368 258
6581 6835 380 260
6581 6836 388 264
6581 6837 398 265
6581 6838 410 266
6581 6839 421 267
6581 6840 431 268
6581 6841 442 268
6581 6842 454 270
6581 6843 465 270
6581 6844 471 271
6581 6845 476 272
6581 6846 482 273
6630 6900 69 322
6630 6901 65 319
6630 6902 65 326
6630 6903 62 322
6630 6904 62 326
6630 6905 57 330
6630 6906 61 337
6630 6907 57 334
6630 6908 55 335
6630 6909 52 338
6630 6910 50 342
6630 6911 47 340
6630 6912 44 343
6630 6913 41 347
6630 6914 39 347
6630 6915 35 349
6630 6916 29 349
6630 6917 28 353
6630 6918 23 355
6630 6919 20 360
6630 6920 17 361
6630 6921 9 358
6630 6922 6 360
6632 6901 447 266
6632 6902 436 265
6632 6903 427 264
6632 6904 415 263
6632 6905 403 262
6632 6906 394 261
6632 6907 385 257
6632 6908 373 258
6632 6909 362 258
6632 6910 353 257
6632 6911 346 257
6632 6912 334 256
6632 6913 326 255
6632 6914 317 254
6632 6915 309 253
6632 6916 300 252
6632 6917 290 250
6632 6918 283 250
6632 6919 274 249
6632 6920 267 249
6632 6921 261 249
6632 6922 253 248
6632 6923 245 248
6717 7023 149 280
6717 7024 145 282
6717 7025 145 283
6717 7026 145 282
6717 7027 138 288
6717 7028 136 289
6717 7029 133 290
6717 7030 130 293
6717 7031 128 295
6717 7032 124 296
6717 7033 121 298
6717 7034 121 291
6717 7035 122 296
6717 7036 131 292
6717 7037 129 295
6717 7038 126 295
6717 7039 123 298
6717 7040 120 299
6717 7041 116 301
6717 7042 113 299
6717 7043 109 304
6717 7044 106 306
6717 7045 101 308
6717 7046 100 310
6717 7047 95 312
6717 7048 92 314
6717 7049 88 314
6717 7050 86 316
6717 7051 81 317
6717 7052 77 322
6717 7053 73 324
6717 7054 69 323
6717 7055 65 325
6717 7056 61 326
6717 7057 54 327
6717 7058 53 335
6717 7059 49 336
6717 7060 45 337
6717 7061 41 339
6717 7062 37 338
6717 7063 34 340
6717 7064 30 343
6717 7065 27 343
6717 7066 22 349
6717 7067 17 349
6717 7068 14 351
6717 7069 12 353
6717 7070 9 357
6717 7071 7 357
6717 7072 5 358
6740 7040 173 286
6740 7041 171 286
6740 7042 173 290
6740 7043 168 286
6740 7044 167 287
6740 7045 166 290
6740 7046 163 287
6740 7047 161 289
6740 7048 163 289
6740 7049 160 288
6740 7050 156 289
6740 7051 154 291
6740 7052 153 291
6740 7053 151 290
6740 7054 149 291
6740 7055 147 293
6740 7056 146 292
6740 7057 144 292
6740 7058 140 293
6740 7059 139 294
6740 7060 138 293
6740 7061 136 293
6740 7062 133 295
6740 7063 135 295
6740 7064 132 295
6740 7065 128 296
6740 7066 125 301
6740 7067 124 298
6740 7068 122 299
6740 7069 118 296
6740 7070 117 299
6740 7071 116 299
6740 7072 113 298
6740 7073 110 299
6740 7074 109 303
6740 7075 109 299
6740 7076 106 299
6740 7077 103 299
6740 7078 103 301
6740 7079 101 301
6740 7080 94 293
6740 7081 97 304
6740 7082 94 305
6740 7083 88 295
6740 7084 85 296
6740 7085 84 296
6741 7042 87 318
6741 7043 86 313
6741 7044 81 314
6741 7045 77 317
6741 7046 74 318
6741 7047 68 320
6741 7048 64 322
6741 7049 61 324
6741 7050 57 326
6741 7051 53 329
6741 7052 47 331
6741 7053 43 336
6741 7054 37 335
6741 7055 32 339
6741 7056 29 344
6741 7057 24 342
6741 7058 21 345
6741 7059 18 348
6741 7060 16 350
6741 7061 14 351
6741 7062 11 359
6741 7063 9 358
6741 7064 7 358
6741 7065 5 360
6741 7066 4 360
6836 7147 115 300
6836 7148 117 301
6836 7149 115 302
6836 7150 118 303
6836 7151 109 304
6836 7152 106 306
6836 7153 112 307
6836 7154 108 309
6836 7155 106 307
6836 7156 105 314
6836 7157 103 315
6836 7158 100 316
6836 7159 97 314
6836 7160 95 318
6836 7161 93 320
6836 7162 90 321
6836 7163 88 323
6836 7164 85 325
6836 7165 82 328
6836 7166 79 325
6836 7167 77 329
6836 7168 73 330
6836 7169 71 330
6836 7170 67 332
6836 7171 65 333
6836 7172 61 334
6836 7173 58 337
6836 7174 55 341
6836 7175 52 343
6836 7176 48 344
6836 7177 46 343
6836 7178 43 345
6836 7179 41 347
6836 7180 38 348
6836 7181 34 348
6836 7182 28 347
6836 7183 24 343
6836 7184 21 344
7127 7550 390 265
7127 7551 397 261
7127 7552 383 259
7127 7553 371 259
7127 7554 360 258
7127 7555 347 257
7127 7556 332 256
7127 7557 321 254
7127 7558 310 253
7127 7559 297 251
7127 7560 285 250
7127 7561 292 257
7212 7646 115 474
7212 7647 121 470
7212 7648 128 470
7212 7649 135 467
7212 7650 145 465
7212 7651 152 463
7212 7652 157 461
7212 7653 165 459
7212 7654 174 455
7212 7655 178 450
7212 7656 184 447
7212 7657 192 446
7212 7658 199 438
7212 7659 202 435
7218 7659 207 432
7218 7660 210 434
7218 7661 216 428
7218 7662 221 431
7218 7663 228 427
7218 7664 234 416
7218 7665 240 414
7218 7666 243 410
7218 7667 249 407
7218 7668 257 406
7218 7669 260 399
7218 7670 261 395
7225 7670 269 392
7225 7671 271 395
7225 7672 276 391
7225 7673 281 393
7225 7674 287 388
7225 7675 293 380
7225 7676 298 378
7225 7677 302 375
7225 7678 306 375
7225 7679 311 371
7225 7680 315 366
7225 7681 319 361
7225 7682 324 360
7225 7683 327 362
7225 7684 329 360
7225 7685 334 357
7225 7686 337 348
7225 7687 341 346
7225 7688 344 345
7225 7689 346 346
7225 7690 352 344
7225 7691 355 340
7225 7692 358 337
7225 7693 359 335
7225 7694 362 333
7225 7695 364 334
7225 7696 368 329
7225 7697 372 326
7225 7698 374 325
7225 7699 377 321
7225 7700 379 321
7225 7701 380 321
7225 7702 384 317
7225 7703 386 313
7225 7704 389 314
7225 7705 390 313
7225 7706 393 316
7240 7702 362 262
7240 7703 360 258
7240 7704 345 256
7240 7705 329 255
7240 7706 316 254
7240 7707 301 252
7240 7708 288 251
7240 7709 275 250
7240 7710 261 250
7240 7711 262 254
7240 7712 240 248
7240 7713 241 248
7240 7714 214 246
7305 7765 268 260
7305 7766 264 254
7305 7767 276 255
7305 7768 285 256
7305 7769 295 257
7305 7770 308 257
7305 7771 318 257
7305 7772 329 260
7305 7773 342 261
7305 7774 354 261
7305 7775 365 260
7305 7776 379 264
7305 7777 394 265
7305 7778 406 267
7305 7779 431 268
7305 7780 434 268
7305 7781 444 269
7305 7782 438 277
7657 7981 142 394
7657 7982 139 390
7657 7983 136 391
7657 7984 134 382
7657 7985 131 379
7657 7986 128 377
7657 7987 128 380
7657 7988 125 379
7657 7989 122 377
7657 7990 120 372
7657 7991 119 371
7657 7992 117 368
7657 7993 115 373
7657 7994 113 370
7657 7995 111 370
7657 7996 110 367
7657 7997 107 367
7657 7998 106 366
7657 7999 104 365
7657 8000 102 366
7657 8001 100 366
7657 8002 97 364
7657 8003 95 363
7657 8004 93 364
7657 8005 91 361
7657 8006 89 360
7657 8007 86 362
7657 8008 85 363
7657 8009 81 359
7657 8010 78 358
7657 8011 78 357
7657 8012 75 357
7657 8013 73 356
7657 8014 72 356
7657 8015 69 354
7657 8016 66 352
7657 8017 64 352
7657 8018 63 353
7657 8019 62 351
7657 8020 60 350
7657 8021 58 350
7657 8022 57 349
7657 8023 54 349
7657 8024 53 348
7657 8025 52 347
7657 8026 51 346
7657 8027 50 345
7657 8028 50 344
7657 8029 47 342
7657 8030 47 341
7657 8031 47 342
7657 8032 47 340
7657 8033 47 337
7657 8034 47 339
7657 8035 48 339
7657 8036 48 341
7657 8037 48 339
7657 8038 47 338
7657 8039 45 334
7657 8040 44 335
7657 8041 45 334
7657 8042 45 331
7657 8043 45 332
7657 8044 44 331
7657 8045 44 331
7657 8046 43 329
7657 8047 41 327
7657 8048 42 328
7657 8049 41 326
7657 8050 41 328
7657 8051 41 326
7657 8052 39 327
7657 8053 38 326
7657 8054 37 325
7657 8055 36 325
7657 8056 35 325
7657 8057 34 323
7657 8058 34 325
7657 8059 32 322
7657 8060 30 323
7657 8061 28 325
7657 8062 27 322
7657 8063 27 321
7657 8064 25 321
7657 8065 24 321
7657 8066 22 321
7657 8067 20 322
7657 8068 18 323
7657 8069 18 322
7657 8070 17 324
7789 8148 232 472
7789 8149 232 467
7789 8150 235 466
7789 8151 239 466
7789 8152 249 464
7789 8153 247 465
7789 8154 251 465
7789 8155 253 465
7789 8156 257 463
7789 8157 255 464
7789 8158 263 464
7789 8159 265 463
7789 8160 270 464
7789 8161 274 463
7789 8162 275 464
7789 8163 282 463
7789 8164 283 461
7789 8165 288 462
7789 8166 289 463
7789 8167 294 462
7789 8168 298 462
7789 8169 304 462
7789 8170 308 461
7789 8171 311 463
7789 8172 312 461
7789 8173 321 461
7789 8174 323 460
7789 8175 325 459
7789 8176 330 458
7789 8177 334 460
7789 8178 337 458
7789 8179 340 459
7789 8180 343 459
7789 8181 346 455
7789 8182 355 454
7789 8183 354 455
7789 8184 357 455
7789 8185 360 454
7789 8186 364 453
7789 8187 369 455
7789 8188 370 450
7789 8189 375 451
7789 8190 377 454
7789 8191 383 451
7789 8192 383 448
7789 8193 386 448
7789 8194 389 449
7789 8195 393 447
7789 8196 397 444
7789 8197 398 447
7789 8198 402 445
7789 8199 408 449
7789 8200 413 447
7789 8201 410 450
7789 8202 415 443
7789 8203 420 445
7789 8204 424 444
7789 8205 426 442
7789 8206 428 441
7789 8207 429 443
7789 8208 437 441
7789 8209 438 437
7789 8210 444 438
7789 8211 444 439
7789 8212 449 439
7789 8213 451 437
7789 8214 454 436
7789 8215 457 436
7789 8216 459 435
7789 8217 463 436
7789 8218 467 434
7789 8219 469 434
7789 8220 473 436
7789 8221 477 435
7789 8222 479 433
7789 8223 481 432
7789 8224 484 435
7789 8225 487 431
7789 8226 490 434
7789 8227 492 432
7789 8228 494 436
7789 8229 497 433
7789 8230 499 437
7789 8231 505 432
7789 8232 512 430
7789 8233 511 429
7789 8234 514 429
7789 8235 515 423
7873 8242 184 252
7873 8243 182 249
7873 8244 189 250
7873 8245 203 252
7873 8246 201 250
7873 8247 207 251
7873 8248 214 252
7873 8249 205 252
7873 8250 198 253
7873 8251 208 253
7873 8252 212 254
7873 8253 219 255
7873 8254 226 259
7873 8255 232 256
7873 8256 242 254
7873 8257 246 256
7873 8258 255 257
7873 8259 264 258
7873 8260 271 259
7873 8261 277 260
7873 8262 287 260
7873 8263 293 261
7873 8264 300 264
7873 8265 309 266
7873 8266 318 264
7873 8267 325 263
7873 8268 333 265
7873 8269 342 265
7873 8270 349 266
7873 8271 356 267
7873 8272 365 268
7873 8273 373 268
7873 8274 380 268
7873 8275 389 269
7873 8276 397 270
7873 8277 406 270
7873 8278 415 272
7873 8279 421 272
7873 8280 428 273
7873 8281 436 272
7873 8282 443 272
7873 8283 453 274
7873 8284 458 274
7873 8285 467 275
7873 8286 474 275
7873 8287 479 276
7873 8288 487 276
7889 8250 443 267
7889 8251 435 263
7889 8252 425 263
7889 8253 415 262
7889 8254 403 260
7889 8255 393 260
7889 8256 384 258
7889 8257 374 257
7889 8258 363 256
7889 8259 353 255
7889 8260 352 250
7889 8261 341 254
7889 8262 329 252
7889 8263 321 254
7889 8264 315 249
7889 8265 314 248
7889 8266 309 246
8059 8382 71 451
8059 8383 74 450
8059 8384 78 456
8059 8385 81 455
8059 8386 85 455
8059 8387 89 449
8059 8388 93 454
8059 8389 95 455
8059 8390 99 453
8059 8391 104 453
8059 8392 106 453
8059 8393 109 454
8059 8394 116 452
8059 8395 118 451
8059 8396 120 454
8059 8397 124 454
8059 8398 131 453
8059 8399 132 452
8059 8400 134 454
8059 8401 141 453
8059 8402 146 452
8059 8403 147 454
8059 8404 150 455
8059 8405 158 453
8059 8406 162 454
8059 8407 163 454
8059 8408 168 456
8059 8409 177 456
8059 8410 177 457
8059 8411 177 457
8059 8412 171 464
8059 8413 166 464
8059 8414 159 464
8059 8415 156 464
8059 8416 152 464
8059 8417 146 464
8059 8418 142 464
8059 8419 138 464
8059 8420 136 464
8059 8421 130 464
8059 8422 125 464
8059 8423 123 464
8059 8424 119 463
8059 8425 111 463
8059 8426 109 464
8059 8427 107 464
8059 8428 101 463
8059 8429 94 462
8059 8430 92 463
8059 8431 90 463
8059 8432 86 464
8059 8433 84 467
8090 8416 206 461
8090 8417 211 456
8090 8418 207 454
8090 8419 212 454
8090 8420 218 451
8090 8421 221 451
8090 8422 223 453
8090 8423 227 452
8090 8424 234 450
8090 8425 236 451
8090 8426 238 454
8090 8427 244 450
8090 8428 250 450
8090 8429 251 453
8090 8430 256 448
8090 8431 261 448
8090 8432 266 449
8090 8433 268 448
8090 8434 272 451
8090 8435 278 448
8090 8436 280 448
8090 8437 283 450
8090 8438 288 449
8090 8439 293 447
8090 8440 295 445
8090 8441 296 448
8090 8442 301 447
8090 8443 299 441
8126 8456 282 255
8126 8457 292 255
8126 8458 300 256
8126 8459 311 257
8126 8460 323 258
8126 8461 331 259
8126 8462 341 259
8126 8463 353 261
8126 8464 362 261
8126 8465 372 260
8126 8466 384 262
8126 8467 395 264
8126 8468 406 265
8126 8469 416 266
8126 8470 427 267
8126 8471 438 268
8126 8472 447 269
8126 8473 459 270
8126 8474 466 269
8126 8475 473 271
8126 8476 476 271
8126 8477 482 272
8530 8837 175 259
8530 8838 173 260
8530 8839 175 260
8530 8840 175 260
8530 8841 175 260
8530 8842 172 258
8530 8843 172 261
8530 8844 173 262
8530 8845 174 260
8530 8846 173 259
8530 8847 173 261
8530 8848 172 263
8530 8849 172 264
8530 8850 171 263
8530 8851 170 260
8530 8852 170 264
8530 8853 168 263
8530 8854 168 262
8530 8855 167 265
8530 8856 169 262
8530 8857 166 264
8530 8858 166 264
8530 8859 166 266
8530 8860 165 267
8530 8861 164 267
8530 8862 163 267
8530 8863 163 269
8530 8864 162 269
8530 8865 161 271
8530 8866 161 269
8530 8867 158 272
8530 8868 157 274
8530 8869 157 273
8530 8870 156 275
8530 8871 154 276
8530 8872 153 276
8530 8873 151 277
8530 8874 151 279
8530 8875 149 279
8530 8876 148 280
8530 8877 146 280
8530 8878 145 282
8530 8879 143 282
8530 8880 142 283
8530 8881 141 284
8530 8882 139 284
8530 8883 142 283
8530 8884 141 282
8530 8885 135 286
8530 8886 130 287
8530 8887 133 289
8530 8888 130 288
8530 8889 129 289
8530 8890 129 290
8530 8891 127 291
8530 8892 130 291
8530 8893 128 287
8530 8894 123 293
8530 8895 122 293
8530 8896 120 294
8530 8897 119 292
8530 8898 117 295
8530 8899 116 295
8530 8900 120 292
8555 8865 485 266
8555 8866 481 266
8555 8867 473 264
8555 8868 462 267
8555 8869 451 265
8555 8870 440 264
8555 8871 428 262
8555 8872 416 261
8555 8873 406 261
8555 8874 394 259
8555 8875 383 259
8555 8876 374 258
8555 8877 365 258
8555 8878 354 256
8555 8879 344 255
8555 8880 336 255
8555 8881 329 252
8555 8882 321 252
8555 8883 314 252
8555 8884 307 252
8555 8885 300 251
8555 8886 300 250
8573 8902 100 301
8573 8903 99 304
8573 8904 106 298
8573 8905 112 295
8573 8906 107 299
8573 8907 99 301
8573 8908 104 301
8573 8909 103 301
8573 8910 101 302
8573 8911 96 305
8573 8912 99 303
8573 8913 97 304
8573 8914 97 306
8573 8915 94 306
8573 8916 92 306
8573 8917 89 307
8573 8918 87 308
8573 8919 84 309
8573 8920 83 310
8573 8921 79 312
8573 8922 76 314
8573 8923 73 315
8573 8924 69 316
8573 8925 65 319
8573 8926 63 320
8573 8927 59 320
8573 8928 57 323
8573 8929 51 324
8573 8930 47 326
8573 8931 42 328
8573 8932 36 328
8573 8933 33 332
8573 8934 29 334
8573 8935 27 336
8573 8936 23 337
8573 8937 20 338
8573 8938 19 338
8573 8939 17 335
8573 8940 15 337
8573 8941 12 339
8573 8942 10 340
8573 8943 7 341
8573 8944 4 338
8578 8909 187 257
8578 8910 183 257
8578 8911 180 257
8578 8912 183 259
8578 8913 182 259
8578 8914 178 260
8578 8915 176 259
8578 8916 174 261
8578 8917 174 263
8578 8918 171 264
8578 8919 169 265
8578 8920 167 267
8578 8921 165 267
8578 8922 163 267
8578 8923 161 268
8578 8924 159 269
8578 8925 159 270
8578 8926 155 271
8578 8927 154 272
8578 8928 151 274
8578 8929 151 275
8578 8930 148 275
8578 8931 147 276
8578 8932 144 277
8578 8933 143 278
8578 8934 142 278
8578 8935 138 281
8578 8936 135 284
8578 8937 133 283
8578 8938 132 285
8578 8939 129 286
8578 8940 127 288
8578 8941 125 289
8578 8942 122 289
8578 8943 120 291
8578 8944 117 293
8578 8945 114 294
8578 8946 111 295
8578 8947 109 297
8578 8948 106 298
8578 8949 103 299
8578 8950 99 302
8578 8951 95 303
8578 8952 92 304
8578 8953 89 305
8578 8954 84 308
8578 8955 81 309
8578 8956 77 311
8578 8957 73 313
8578 8958 69 315
8578 8959 65 318
8578 8960 61 319
8578 8961 56 320
8578 8962 52 320
8578 8963 47 323
8578 8964 43 326
8578 8965 38 328
8578 8966 34 330
8578 8967 29 332
8578 8968 25 334
8578 8969 23 335
8578 8970 21 336
8578 8971 18 335
8578 8972 16 333
8578 8973 13 336
8578 8974 11 337
8578 8975 8 339
8578 8976 4 340
8594 8937 194 370
8594 8938 196 368
8594 8939 194 370
8594 8940 191 368
8594 8941 190 370
8594 8942 188 371
8594 8943 185 372
8594 8944 184 374
8594 8945 180 375
8594 8946 180 374
8594 8947 177 374
8594 8948 178 376
8594 8949 174 377
8594 8950 172 376
8594 8951 168 378
8594 8952 168 382
8594 8953 165 381
8594 8954 163 379
8594 8955 161 380
8594 8956 160 382
8594 8957 157 384
8594 8958 154 383
8594 8959 152 386
8594 8960 150 385
8594 8961 148 387
8594 8962 146 386
8594 8963 144 387
8594 8964 142 389
8594 8965 139 393
8594 8966 137 392
8594 8967 135 391
8594 8968 133 393
8594 8969 132 392
8594 8970 133 392
8714 9014 287 262
8714 9015 281 256
8714 9016 294 257
8714 9017 309 257
8714 9018 324 259
8714 9019 338 261
8714 9020 352 262
8714 9021 368 264
8714 9022 385 265
8714 9023 400 266
8714 9024 415 267
8714 9025 432 269
8714 9026 448 270
8714 9027 462 271
8714 9028 470 272
8750 9060 298 260
8750 9061 295 254
8750 9062 306 255
8750 9063 313 257
8750 9064 325 257
8750 9065 339 258
8750 9066 356 258
8750 9067 363 262
8750 9068 382 262
8750 9069 397 263
8750 9070 407 265
8750 9071 420 266
8750 9072 435 266
8750 9073 448 268
8750 9074 464 269
8750 9075 472 271
8750 9076 478 271
8750 9077 481 278
8809 9177 385 263
8809 9178 386 259
8809 9179 375 257
8809 9180 362 257
8809 9181 350 256
8809 9182 336 255
8809 9183 327 254
8809 9184 317 253
8809 9185 305 252
8809 9186 289 250
8809 9187 278 248
8809 9188 272 249
8809 9189 263 249
8809 9190 253 248
8809 9191 248 248
8809 9192 243 247
8881 9338 444 271
8881 9339 452 267
8881 9340 443 266
8881 9341 432 264
8881 9342 423 263
8881 9343 414 263
8881 9344 403 262
8881 9345 392 259
8881 9346 383 260
8881 9347 374 260
8881 9348 364 258
8881 9349 355 257
8881 9350 346 257
8881 9351 336 255
8881 9352 326 255
8881 9353 318 254
8881 9354 310 253
8881 9355 300 252
8881 9356 293 246
8881 9357 286 246
8881 9358 285 250
8949 9390 432 260
8949 9391 422 261
8949 9392 415 260
8949 9393 407 259
8949 9394 397 259
8949 9395 390 258
8949 9396 381 258
8949 9397 372 257
8949 9398 363 249
8949 9399 354 250
8949 9400 347 249
8949 9401 339 254
8949 9402 331 252
8949 9403 323 253
8949 9404 314 251
8949 9405 307 250
8949 9406 300 250
8949 9407 292 250
8949 9408 284 249
8949 9409 276 249
8949 9410 264 248
8949 9411 253 246
9000 9416 203 353
9000 9417 201 352
9000 9418 201 354
9000 9419 200 358
9000 9420 194 361
9000 9421 192 366
9000 9422 187 364
9000 9423 185 366
9000 9424 183 369
9000 9425 182 371
9000 9426 180 373
9000 9427 177 372
9000 9428 174 372
9000 9429 173 375
9000 9430 170 381
9000 9431 168 380
9000 9432 165 383
9000 9433 164 381
9000 9434 163 386
9000 9435 162 384
9000 9436 160 387
9000 9437 159 387
9000 9438 156 390
9000 9439 156 390
9000 9440 157 390
9000 9441 155 391
9000 9442 154 386
9000 9443 153 390
9000 9444 151 390
9000 9445 150 393
9000 9446 150 398
9000 9447 148 402
9000 9448 146 397
9000 9449 145 399
9000 9450 144 400
9000 9451 146 403
9000 9452 145 406
9099 9481 210 256
9099 9482 202 248
9099 9483 198 250
9099 9484 194 251
9099 9485 191 251
9099 9486 186 253
9099 9487 185 253
9099 9488 182 253
9099 9489 179 254
9099 9490 177 256
9099 9491 176 258
9099 9492 174 257
9099 9493 173 261
9099 9494 169 261
9099 9495 169 263
9099 9496 164 264
9099 9497 163 265
9099 9498 159 267
9099 9499 158 268
9099 9500 154 266
9099 9501 152 271
9099 9502 148 273
9099 9503 145 274
9099 9504 145 276
9099 9505 138 279
9099 9506 119 289
9099 9507 112 294
9099 9508 111 308
9107 9485 230 259
9107 9486 222 256
9107 9487 217 255
9107 9488 214 249
9107 9489 209 246
9107 9490 207 248
9107 9491 204 250
9107 9492 200 248
9107 9493 197 247
9107 9494 194 250
9107 9495 187 254
9107 9496 187 254
9107 9497 184 255
9107 9498 181 255
9107 9499 178 257
9107 9500 175 258
9107 9501 173 259
9107 9502 168 261
9107 9503 166 263
9107 9504 163 265
9107 9505 160 268
9281 9589 484 271
9281 9590 477 269
9281 9591 469 270
9281 9592 462 265
9281 9593 455 265
9281 9594 446 264
9281 9595 441 267
9281 9596 432 266
9281 9597 421 259
9281 9598 419 256
9281 9599 414 261
9281 9600 408 257
9281 9601 402 261
9281 9602 398 264
9281 9603 393 264
9281 9604 388 258
9281 9605 384 259
9484 9732 140 303
9484 9733 134 299
9484 9734 135 299
9484 9735 136 301
9484 9736 134 301
9484 9737 132 302
9484 9738 130 305
9484 9739 127 305
9484 9740 124 306
9484 9741 122 307
9484 9742 121 307
9484 9743 118 308
9484 9744 116 310
9484 9745 114 311
9484 9746 113 312
9484 9747 110 314
9484 9748 107 314
9484 9749 104 317
9484 9750 103 317
9484 9751 101 319
9484 9752 99 320
9484 9753 96 321
9484 9754 94 323
9484 9755 91 322
9484 9756 88 324
9484 9757 85 327
9484 9758 82 328
9484 9759 80 328
9484 9760 76 331
9484 9761 74 331
9484 9762 72 331
9484 9763 68 332
9484 9764 65 334
9484 9765 62 335
9484 9766 59 338
9484 9767 56 340
9484 9768 53 340
9484 9769 50 341
9484 9770 45 343
9484 9771 43 343
9484 9772 39 344
9484 9773 36 346
9484 9774 32 349
9484 9775 29 348
9484 9776 27 351
9484 9777 23 352
9484 9778 20 352
9484 9779 17 354
9484 9780 13 356
9484 9781 10 357
9497 9741 100 312
9497 9742 95 312
9497 9743 92 314
9497 9744 92 314
9497 9745 90 315
9497 9746 87 317
9497 9747 85 317
9497 9748 82 318
9497 9749 80 319
9497 9750 78 321
9497 9751 75 322
9497 9752 72 323
9497 9753 69 325
9497 9754 67 325
9497 9755 64 327
9497 9756 61 328
9497 9757 58 329
9497 9758 54 330
9497 9759 52 332
9497 9760 48 333
9497 9761 47 334
9497 9762 44 335
9497 9763 40 337
9497 9764 36 338
9497 9765 32 339
9497 9766 29 341
9497 9767 26 342
9497 9768 23 344
9497 9769 19 344
9497 9770 15 346
9497 9771 13 347
9497 9772 10 348
9497 9773 3 353
9497 9774 3 348
9716 10107 305 258
9716 10108 308 258
9716 10109 321 259
9716 10110 338 257
9716 10111 350 261
9716 10112 360 262
9716 10113 376 264
9716 10114 389 265
9716 10115 403 266
9716 10116 422 267
9716 10117 428 272
9848 10232 421 268
9848 10233 424 262
9848 10234 413 262
9848 10235 402 260
9848 10236 391 260
9848 10237 379 257
9848 10238 369 254
9848 10239 359 254
9848 10240 347 256
9848 10241 336 255
9848 10242 326 253
9848 10243 315 253
9848 10244 306 252
9848 10245 295 250
9848 10246 297 251
10054 10455 210 455
10054 10456 206 459
10054 10457 209 459
10054 10458 213 459
10054 10459 215 459
10054 10460 220 459
10054 10461 223 459
10054 10462 224 458
10054 10463 227 458
10054 10464 231 458
10054 10465 236 457
10054 10466 238 456
10054 10467 240 457
10054 10468 244 457
10054 10469 248 456
10054 10470 251 455
10054 10471 254 456
10054 10472 258 455
10054 10473 262 454
10054 10474 264 453
10054 10475 267 454
10054 10476 272 452
10054 10477 275 449
10054 10478 278 449
10054 10479 281 445
10054 10480 285 448
10054 10481 288 448
10054 10482 289 445
10054 10483 294 444
10054 10484 298 445
10054 10485 301 443
10054 10486 303 441
10054 10487 306 441
10054 10488 309 442
10054 10489 313 440
10054 10490 316 439
10054 10491 318 441
10054 10492 321 437
10054 10493 325 438
10054 10494 328 437
10054 10495 330 433
10054 10496 332 435
10054 10497 335 434
10054 10498 340 433
10054 10499 342 429
10054 10500 345 431
10054 10501 346 430
10054 10502 350 428
10054 10503 354 425
10054 10504 358 429
10054 10505 359 425
10054 10506 361 427
10054 10507 367 423
10054 10508 371 422
10054 10509 371 427
10054 10510 373 424
10054 10511 376 423
10054 10512 379 421
10054 10513 380 419
10054 10514 376 418
10054 10515 379 423
10054 10516 381 423
10054 10517 389 431
10161 10685 252 247
10161 10686 245 246
10161 10687 254 246
10161 10688 263 249
10161 10689 273 249
10161 10690 281 249
10161 10691 290 249
10161 10692 299 251
10161 10693 310 250
10161 10694 319 251
10161 10695 328 253
10161 10696 338 253
10161 10697 346 254
10161 10698 357 255
10161 10699 368 254
10161 10700 379 257
10161 10701 390 258
10161 10702 401 259
10161 10703 408 260
10161 10704 413 260
10161 10705 428 262
10336 10915 302 276
10336 10916 300 275
10336 10917 292 278
10336 10918 291 275
10336 10919 288 275
10336 10920 282 275
10336 10921 281 274
10336 10922 276 274
10336 10923 271 274
10336 10924 272 273
10336 10925 268 275
10336 10926 262 273
10336 10927 261 272
10336 10928 255 273
10336 10929 252 272
10336 10930 249 272
10336 10931 244 273
10336 10932 242 272
10336 10933 237 271
10336 10934 236 272
10336 10935 234 271
10336 10936 230 270
10336 10937 223 270
10336 10938 222 269
10336 10939 217 270
10336 10940 215 267
10336 10941 213 267
10336 10942 207 268
10336 10943 207 268
10336 10944 204 268
10336 10945 197 268
10336 10946 198 264
10336 10947 195 266
10446 11126 321 259
10446 11127 326 260
10446 11128 340 261
10446 11129 352 262
10446 11130 365 263
10446 11131 380 265
10446 11132 392 265
10446 11133 405 267
10446 11134 420 268
10446 11135 437 269
10446 11136 450 270
10446 11137 459 277
10675 11565 415 267
10675 11566 419 263
10675 11567 407 263
10675 11568 396 261
10675 11569 382 259
10675 11570 369 259
10675 11571 357 258
10675 11572 347 257
10675 11573 333 256
10675 11574 322 254
10675 11575 314 253
10675 11576 302 252
10675 11577 287 251
10675 11578 276 250
10675 11579 268 250
10721 11661 77 475
10721 11662 80 474
10721 11663 83 473
10721 11664 88 472
10721 11665 91 470
10721 11666 95 469
10721 11667 99 469
10721 11668 103 468
10721 11669 106 467
10721 11670 110 465
10721 11671 114 465
10721 11672 117 464
10721 11673 121 457
10721 11674 125 461
10721 11675 132 461
10721 11676 134 458
10721 11677 138 459
10721 11678 141 454
10721 11679 144 457
10721 11680 146 455
10721 11681 151 449
10721 11682 155 450
10721 11683 157 451
10721 11684 160 449
10721 11685 163 443
10721 11686 167 450
10721 11687 168 454
10721 11688 170 457
10728 11686 167 433
10728 11687 169 431
10728 11688 173 433
10728 11689 176 433
10728 11690 179 432
10728 11691 182 430
10728 11692 185 422
10728 11693 189 422
10728 11694 191 422
10728 11695 193 429
10728 11696 197 422
10728 11697 201 420
10728 11698 204 418
10728 11699 207 415
10728 11700 210 416
10728 11701 213 416
10728 11702 215 409
10728 11703 218 409
10728 11704 221 405
10728 11705 225 407
10728 11706 228 404
10728 11707 231 407
10728 11708 232 400
10728 11709 235 401
10728 11710 239 396
10728 11711 241 399
10728 11712 244 398
10728 11713 247 399
10728 11714 250 397
10728 11715 252 396
10728 11716 254 391
10728 11717 257 389
10728 11718 259 389
10728 11719 263 388
10728 11720 264 389
10728 11721 266 388
10728 11722 269 386
10728 11723 272 381
10728 11724 273 385
10728 11725 276 374
10728 11726 278 377
10728 11727 280 378
10728 11728 282 373
10728 11729 284 370
10728 11730 286 372
10728 11731 289 370
10728 11732 290 366
10728 11733 292 368
10728 11734 295 366
10728 11735 296 368
10728 11736 299 368
10728 11737 303 366
10728 11738 304 362
10728 11739 306 358
10728 11740 307 360
10728 11741 310 360
10728 11742 312 356
10728 11743 313 359
10728 11744 317 358
10728 11745 319 351
10728 11746 320 353
10728 11747 322 348
10728 11748 322 348
10728 11749 325 350
10728 11750 327 346
10728 11751 329 349
10728 11752 328 347
11103 12269 216 401
11103 12270 214 397
11103 12271 211 399
11103 12272 209 400
11103 12273 204 399
11103 12274 200 403
11103 12275 198 406
11103 12276 197 406
11103 12277 192 408
11103 12278 187 410
11103 12279 187 411
11103 12280 184 414
11103 12281 176 415
11103 12282 174 416
11103 12283 173 424
11103 12284 170 424
11103 12285 163 420
11103 12286 161 421
11103 12287 162 425
11103 12288 151 425
11103 12289 146 427
11103 12290 145 428
11103 12291 142 426
11185 12470 241 251
11185 12471 250 252
11185 12472 261 253
11185 12473 272 252
11185 12474 287 255
11185 12475 300 256
11185 12476 313 256
11185 12477 328 258
11185 12478 344 260
11185 12479 357 262
11185 12480 371 262
11185 12481 388 264
11185 12482 402 266
11185 12483 418 267
11185 12484 436 268
11185 12485 454 270
11185 12486 467 271
11185 12487 474 273
11185 12488 482 272
11281 12560 82 294
11281 12561 83 298
11281 12562 89 306
11281 12563 88 299
11281 12564 85 300
11281 12565 83 298
11281 12566 94 299
11281 12567 97 299
11281 12568 89 296
11281 12569 93 289
11281 12570 98 296
11281 12571 109 294
11281 12572 102 292
11281 12573 106 296
11281 12574 107 291
11281 12575 110 288
11281 12576 112 292
11281 12577 114 288
11281 12578 118 285
11281 12579 120 286
11281 12580 118 283
11281 12581 124 283
11281 12582 130 282
11281 12583 131 279
11281 12584 132 280
11281 12585 137 282
11281 12586 135 275
11281 12587 135 269
11281 12588 139 267
11281 12589 138 264
11322 12581 362 258
11322 12582 364 257
11322 12583 355 257
11322 12584 346 259
11322 12585 335 255
11322 12586 328 253
11322 12587 319 254
11322 12588 310 254
11322 12589 301 251
11322 12590 294 250
11322 12591 283 251
11322 12592 274 250
11322 12593 267 249
11322 12594 259 249
11322 12595 252 248
11322 12596 248 248
11322 12597 240 247
11322 12598 240 248
11404 12753 149 247
11404 12754 153 247
11404 12755 160 246
11404 12756 159 247
11404 12757 168 247
11404 12758 177 248
11404 12759 185 248
11404 12760 194 249
11404 12761 202 250
11404 12762 206 250
11404 12763 209 252
11404 12764 216 254
11404 12765 227 254
11404 12766 237 257
11404 12767 245 265
11404 12768 239 270
11404 12769 236 270
11545 12895 379 261
11545 12896 386 267
11545 12897 392 270
11545 12898 399 270
11545 12899 408 269
11545 12900 416 272
11545 12901 423 272
11545 12902 434 272
11545 12903 441 272
11545 12904 449 272
11545 12905 458 274
11545 12906 465 274
11545 12907 475 273
11545 12908 481 274
11545 12909 487 280
11626 13031 445 266
11626 13032 435 264
11626 13033 422 263
11626 13034 411 262
11626 13035 398 262
11626 13036 388 260
11626 13037 378 259
11626 13038 368 258
11626 13039 357 258
11626 13040 346 257
11626 13041 334 256
11626 13042 325 255
11626 13043 314 254
11626 13044 304 253
11626 13045 294 252
11626 13046 285 251
11626 13047 273 251
11626 13048 263 250
11626 13049 254 249
11626 13050 250 249
11655 13096 487 267
11655 13097 482 267
11655 13098 478 266
11655 13099 469 265
11655 13100 459 268
11655 13101 449 266
11655 13102 437 265
11655 13103 423 263
11655 13104 412 263
11655 13105 400 262
11655 13106 387 261
11655 13107 373 259
11655 13108 361 259
11655 13109 351 258
11655 13110 338 256
11655 13111 327 255
11655 13112 317 254
11655 13113 304 252
11655 13114 292 251
11655 13115 282 251
11655 13116 270 252
11655 13117 259 251
11655 13118 251 250
11655 13119 248 249
11655 13120 239 249
11655 13121 234 253
11661 13151 485 267
11661 13152 483 264
11661 13153 480 263
11661 13154 472 263
11661 13155 467 262
11661 13156 453 262
11661 13157 445 260
11661 13158 437 260
11661 13159 425 259
11661 13160 416 257
11661 13161 409 257
11661 13162 398 256
11661 13163 388 255
11661 13164 380 255
11661 13165 372 254
11661 13166 362 253
11661 13167 351 252
11661 13168 343 251
11661 13169 335 251
11661 13170 323 250
11661 13171 316 250
11661 13172 308 249
11661 13173 297 247
11661 13174 288 247
11661 13175 276 251
11661 13176 271 246
11661 13177 266 246
11661 13178 253 246
11697 13248 490 266
11697 13249 483 266
11697 13250 474 263
11697 13251 469 266
11697 13252 458 265
11697 13253 441 263
11697 13254 426 263
11697 13255 413 262
11697 13256 401 261
11697 13257 385 260
11697 13258 371 258
11697 13259 355 256
11697 13260 344 254
11697 13261 331 253
11697 13262 317 253
11697 13263 306 252
11697 13264 295 251
11697 13265 283 251
11697 13266 271 249
11697 13267 261 249
11697 13268 254 249
11697 13269 243 247
11697 13270 230 246
11697 13271 219 246
11697 13272 221 254