99 41 246 255
99 42 248 254
99 43 258 254
99 44 264 255
99 45 261 253
99 46 253 254
99 47 258 254
99 48 270 254
99 49 274 256
99 50 285 255
99 51 291 256
99 52 298 256
99 53 310 257
99 54 319 258
99 55 327 258
99 56 335 261
99 57 344 260
99 58 355 260
99 59 365 262
99 60 373 262
99 61 379 263
99 62 387 264
99 63 393 265
201 70 442 263
201 71 436 260
201 72 419 260
201 73 406 259
201 74 397 258
201 75 379 257
201 76 368 256
201 77 356 255
201 78 344 255
201 79 331 253
201 80 320 252
201 81 307 251
201 82 294 248
201 83 282 249
201 84 271 248
201 85 262 247
201 86 252 246
201 87 242 246
1155 380 449 263
1155 381 444 263
1155 382 449 265
1155 383 446 258
1155 384 451 257
1155 385 451 261
1155 386 455 262
1155 387 435 261
1155 388 424 259
1155 389 418 260
1155 390 406 259
1155 391 396 258
1155 392 385 257
1155 393 372 257
1155 394 356 255
1155 395 337 253
1155 396 313 252
1155 397 291 249
1155 398 278 248
1155 399 263 248
1155 400 252 247
1155 401 241 246
1219 407 3 421
1219 408 3 407
1219 409 5 408
1219 410 8 406
1219 411 9 409
1219 412 10 411
1219 413 17 409
1219 414 20 410
1219 415 24 408
1219 416 23 410
1219 417 30 410
1219 418 34 410
1219 419 35 410
1219 420 36 409
1219 421 45 410
1219 422 48 405
1219 423 49 409
1219 424 56 409
1219 425 62 403
1219 426 65 402
1219 427 68 402
1219 428 73 401
1219 429 73 401
1219 430 78 402
1219 431 81 402
1219 432 86 402
1219 433 91 406
1219 434 92 405
1219 435 96 405
1219 436 102 404
1219 437 105 404
1219 438 106 403
1219 439 111 403
1219 440 116 402
1219 441 119 402
1219 442 120 403
1219 443 128 402
1219 444 132 406
1219 445 134 402
1219 446 133 402
1219 447 140 400
1219 448 145 399
1219 449 146 400
1219 450 146 406
1391 463 225 396
1391 464 227 389
1391 465 231 389
1391 466 232 390
1391 467 238 387
1391 468 242 388
1391 469 244 387
1391 470 246 387
1391 471 255 385
1391 472 256 385
1391 473 257 384
1391 474 262 382
1391 475 267 381
1391 476 269 382
1391 477 271 381
1391 478 274 379
1391 479 278 378
1391 480 279 378
1391 481 281 377
1391 482 284 377
1391 483 287 377
1391 484 289 377
1391 485 290 376
1391 486 291 374
1391 487 295 373
1391 488 297 368
1391 489 296 373
1391 490 299 372
1391 491 301 372
1391 492 304 370
1391 493 308 370
1391 494 309 368
1391 495 311 367
1391 496 312 366
1391 497 313 368
1391 498 311 369
1769 562 500 266
1769 563 488 266
1769 564 481 265
1769 565 478 264
1769 566 476 264
1769 567 469 263
1769 568 467 264
1769 569 459 271
1769 570 451 262
1769 571 441 262
1769 572 431 261
1769 573 427 261
1769 574 418 261
1769 575 409 264
1769 576 401 259
1769 577 395 259
1769 578 384 258
1769 579 375 258
1769 580 367 256
1769 581 360 257
1769 582 350 256
1769 583 343 254
1769 584 336 255
1769 585 327 254
1769 586 318 253
1769 587 311 252
1769 588 304 252
1769 589 296 251
1769 590 287 250
1769 591 281 249
1769 592 275 249
1769 593 269 249
1769 594 262 248
1769 595 256 248
1769 596 251 247
1769 597 244 246
1769 598 240 246
1769 599 240 246
2298 727 3 415
2298 728 4 415
2298 729 5 418
2298 730 5 416
2298 731 8 417
2298 732 7 417
2298 733 7 419
2298 734 8 414
2298 735 9 417
2298 736 13 416
2298 737 13 416
2298 738 17 417
2298 739 17 418
2298 740 20 415
2298 741 23 415
2298 742 23 417
2298 743 25 416
2298 744 27 415
2298 745 31 414
2298 746 36 417
2298 747 33 415
2298 748 35 413
2298 749 38 413
2298 750 43 416
2298 751 41 414
2298 752 43 412
2298 753 44 411
2298 754 47 408
2298 755 49 409
2298 756 51 406
2298 757 53 407
2298 758 55 407
2298 759 57 405
2298 760 58 405
2298 761 62 405
2298 762 64 403
2298 763 65 403
2298 764 64 404
2298 765 67 402
2298 766 71 402
2298 767 74 403
2298 768 76 403
2298 769 78 404
2298 770 81 405
2298 771 83 404
2298 772 85 404
2298 773 85 404
2298 774 89 406
2298 775 91 406
2298 776 93 407
2298 777 97 409
2298 778 98 409
2298 779 97 410
2298 780 103 409
2298 781 105 411
2298 782 108 409
2298 783 108 408
2298 784 110 407
2298 785 113 407
2298 786 116 408
2298 787 117 409
2298 788 118 403
2298 789 120 408
2298 790 124 409
2298 791 126 408
2298 792 127 406
2298 793 128 406
2298 794 130 407
2298 795 135 406
2298 796 136 404
2298 797 137 406
2298 798 139 407
2298 799 140 405
2298 800 144 405
2298 801 145 405
2298 802 146 406
2298 803 148 405
2298 804 151 404
2298 805 153 404
2298 806 153 406
2298 807 157 405
2298 808 159 404
2298 809 162 404
2298 810 162 403
2298 811 163 404
2298 812 167 402
2298 813 169 402
2298 814 172 402
2298 815 171 401
2298 816 172 402
2298 817 176 402
2298 818 178 402
2298 819 180 401
2298 820 179 400
2298 821 183 399
2298 822 185 400
2298 823 185 402
2298 824 189 400
2298 825 194 396
2298 826 195 397
2298 827 194 394
2298 828 194 398
2298 829 195 398
2298 830 195 397
2298 831 194 396
2298 832 204 400
2298 833 205 399
2298 834 209 398
2298 835 208 400
2298 836 210 399
2298 837 213 400
2298 838 214 399
2298 839 216 398
2298 840 217 395
2298 841 221 398
2298 842 222 398
2298 843 225 398
2298 844 226 398
2298 845 227 397
2298 846 227 396
2298 847 231 396
2298 848 233 396
2298 849 233 396
2298 850 238 395
2298 851 237 395
2298 852 239 395
2298 853 240 395
2298 854 241 395
2298 855 243 395
2298 856 239 395
2298 857 234 400
2342 740 403 407
2342 741 405 407
2342 742 408 408
2342 743 408 408
2342 744 412 408
2342 745 415 408
2342 746 418 406
2342 747 418 408
2342 748 421 408
2342 749 423 409
2342 750 426 410
2342 751 429 408
2342 752 430 408
2342 753 432 410
2342 754 433 409
2342 755 436 413
2342 756 439 409
2342 757 441 409
2342 758 442 410
2342 759 444 410
2342 760 447 411
2342 761 449 411
2342 762 451 412
2342 763 453 412
2342 764 456 416
2342 765 457 416
2342 766 460 412
2342 767 461 413
2342 768 463 413
2342 769 466 412
2342 770 468 414
2342 771 469 415
2342 772 471 416
2342 773 473 414
2342 774 475 415
2342 775 477 415
2342 776 479 415
2342 777 479 415
2342 778 481 416
2342 779 484 416
2342 780 488 414
2342 781 488 415
2342 782 490 416
2342 783 491 415
2342 784 493 416
2342 785 495 416
2342 786 497 416
2342 787 498 417
2342 788 500 414
2342 789 502 417
2342 790 504 417
2342 791 505 420
2342 792 506 417
2342 793 507 419
2342 794 510 415
2342 795 511 419
2405 761 542 353
2405 762 541 350
2405 763 538 348
2405 764 537 352
2405 765 535 348
2405 766 531 348
2405 767 526 348
2405 768 526 347
2405 769 526 346
2405 770 522 345
2405 771 518 346
2405 772 517 347
2405 773 516 346
2405 774 511 344
2405 775 507 344
2405 776 507 345
2405 777 506 343
2405 778 501 345
2405 779 497 344
2405 780 497 350
2405 781 494 343
2405 782 490 347
2405 783 488 342
2405 784 487 344
2405 785 486 341
2405 786 482 341
2405 787 479 340
2405 788 478 342
2405 789 476 341
2405 790 472 341
2405 791 469 339
2405 792 468 339
2405 793 467 338
2405 794 466 339
2405 795 459 337
2405 796 459 343
2405 797 457 342
2405 798 451 342
2405 799 450 337
2405 800 448 336
2405 801 449 341
2405 802 446 339
2405 803 439 337
2405 804 439 334
2405 805 439 334
2405 806 435 333
2405 807 431 335
2405 808 430 335
2405 809 430 331
2405 810 426 331
2405 811 426 325
2493 792 316 401
2493 793 310 406
2493 794 308 403
2493 795 302 397
2493 796 296 397
2493 797 297 398
2493 798 296 396
2493 799 293 396
2493 800 288 396
2493 801 286 397
2493 802 284 396
2493 803 280 394
2493 804 276 394
2493 805 274 393
2493 806 270 393
2493 807 266 392
2493 808 263 393
2493 809 262 392
2493 810 258 392
2493 811 253 391
2493 812 251 392
2493 813 249 392
2493 814 242 390
2493 815 239 390
2493 816 238 390
2493 817 234 391
2493 818 226 389
2493 819 224 390
2493 820 222 389
2493 821 215 389
2493 822 212 390
2493 823 210 389
2493 824 207 392
2780 905 280 394
2780 906 280 393
2780 907 283 394
2780 908 286 395
2780 909 289 395
2780 910 291 394
2780 911 292 394
2780 912 296 395
2780 913 299 396
2780 914 298 401
2780 915 304 396
2780 916 306 397
2780 917 305 398
2780 918 309 398
2780 919 311 397
2780 920 315 397
2780 921 316 398
2780 922 318 399
2780 923 321 399
2780 924 322 399
2780 925 323 397
2780 926 326 401
2780 927 324 400
2780 928 330 400
2780 929 328 401
2780 930 334 402
2780 931 334 403
2780 932 337 402
2780 933 340 404
2780 934 342 405
2780 935 342 406
2780 936 345 404
2780 937 342 403
2780 938 346 404
2780 939 350 405
2780 940 351 406
2780 941 349 407
2780 942 354 407
2780 943 357 405
2780 944 361 408
2780 945 360 404
2780 946 365 408
2780 947 363 408
2780 948 364 407
2780 949 369 409
2780 950 371 410
2780 951 373 409
2780 952 373 410
2780 953 376 408
2780 954 375 413
2780 955 377 411
2780 956 380 410
2780 957 382 411
2780 958 383 412
2780 959 384 409
2780 960 387 411
2780 961 390 409
2780 962 393 408
2780 963 393 408
2780 964 397 408
2780 965 399 409
2780 966 399 409
2780 967 402 409
2780 968 403 410
2780 969 405 410
2780 970 409 410
2780 971 411 412
2780 972 412 411
2780 973 413 410
2780 974 416 410
2780 975 418 413
2780 976 418 412
2780 977 421 413
2780 978 425 411
2780 979 427 412
2780 980 430 413
2780 981 431 413
2780 982 436 407
2780 983 438 414
2780 984 440 408
2780 985 441 407
2780 986 444 413
2780 987 447 414
2780 988 447 414
2780 989 451 416
2780 990 455 419
2780 991 454 422
2780 992 456 421
2780 993 459 421
2780 994 460 421
2780 995 462 421
2780 996 464 420
2780 997 467 421
2780 998 470 422
2780 999 471 422
2780 1000 472 422
2780 1001 474 419
2780 1002 478 423
2780 1003 478 421
2780 1004 479 421
2780 1005 481 422
2780 1006 484 417
2780 1007 486 423
2780 1008 488 423
2780 1009 491 423
2780 1010 494 424
2780 1011 497 425
2780 1012 498 424
2780 1013 497 424
2780 1014 499 423
2780 1015 503 424
2780 1016 507 425
2780 1017 505 425
2780 1018 508 425
2780 1019 510 426
2780 1020 516 423
2780 1021 513 428
2780 1022 515 424
2780 1023 516 420
2780 1024 516 424
2780 1025 519 419
2780 1026 522 422
2780 1027 523 428
2780 1028 524 424
2780 1029 526 427
2780 1030 528 428
2780 1031 528 428
2780 1032 528 425
2780 1033 531 426
2780 1034 533 421
2780 1035 532 428
2780 1036 535 419
2803 915 367 411
2803 916 370 412
2803 917 378 413
2803 918 382 413
2803 919 385 413
2803 920 386 413
2803 921 392 408
2803 922 397 408
2803 923 401 410
2803 924 405 412
2803 925 410 410
2803 926 414 411
2803 927 417 412
2803 928 420 411
2803 929 424 412
2803 930 427 413
2803 931 433 413
2803 932 438 414
2803 933 440 414
2803 934 446 420
2803 935 450 423
2803 936 453 423
2803 937 456 424
2803 938 460 425
2803 939 464 428
2803 940 465 425
2803 941 468 426
3029 1040 249 250
3029 1041 253 251
3029 1042 267 252
3029 1043 281 254
3029 1044 294 255
3029 1045 306 257
3029 1046 322 257
3029 1047 336 258
3029 1048 350 259
3029 1049 367 261
3029 1050 386 263
3029 1051 401 264
3029 1052 415 265
3029 1053 436 266
3029 1054 454 268
3029 1055 466 268
3029 1056 473 270
3029 1057 478 275
3096 1077 367 396
3096 1078 367 389
3096 1079 368 390
3096 1080 369 389
3096 1081 372 385
3096 1082 375 385
3096 1083 377 385
3096 1084 379 395
3096 1085 381 391
3096 1086 383 389
3096 1087 389 391
3096 1088 392 387
3096 1089 394 388
3096 1090 398 386
3096 1091 401 387
3096 1092 403 388
3096 1093 407 388
3096 1094 407 390
3096 1095 410 390
3096 1096 413 390
3096 1097 416 391
3096 1098 419 391
3096 1099 422 392
3096 1100 426 394
3096 1101 427 395
3096 1102 427 401
3096 1103 433 396
3096 1104 437 399
3096 1105 439 404
3096 1106 440 404
3096 1107 444 404
3096 1108 451 407
3096 1109 454 404
3096 1110 456 404
3096 1111 460 402
3096 1112 462 399
3096 1113 463 404
3096 1114 470 409
3096 1115 474 408
3096 1116 478 411
3096 1117 480 411
3096 1118 483 410
3096 1119 487 411
3096 1120 492 412
3096 1121 496 411
3783 1376 579 433
3783 1377 577 434
3783 1378 574 438
3783 1379 570 437
3783 1380 566 435
3783 1381 566 431
3783 1382 567 429
3783 1383 568 430
3783 1384 563 427
3783 1385 560 435
3783 1386 556 435
3783 1387 556 430
3783 1388 560 436
3783 1389 560 435
3783 1390 552 434
3783 1391 548 432
3783 1392 547 432
3783 1393 549 430
3783 1394 548 431
3783 1395 546 431
3783 1396 539 431
3783 1397 539 428
3783 1398 541 423
3783 1399 539 424
3783 1400 537 419
3783 1401 534 422
3783 1402 528 424
3783 1403 529 421
3783 1404 530 421
3783 1405 528 420
3783 1406 526 419
3783 1407 522 417
3783 1408 521 418
3783 1409 520 419
3783 1410 518 418
3783 1411 516 417
3783 1412 512 416
3783 1413 511 415
3783 1414 510 416
3783 1415 509 415
3783 1416 505 415
3783 1417 503 414
3783 1418 501 415
3783 1419 501 415
3783 1420 499 412
3783 1421 497 414
3783 1422 495 413
3783 1423 494 414
3783 1424 490 416
4826 1779 304 403
4826 1780 306 403
4826 1781 307 397
4826 1782 304 397
4826 1783 299 396
4826 1784 297 395
4826 1785 295 396
4826 1786 294 396
4826 1787 289 394
4826 1788 287 394
4826 1789 286 394
4826 1790 282 392
4826 1791 281 393
4826 1792 278 392
4826 1793 277 392
4826 1794 275 392
4826 1795 271 391
4826 1796 269 390
4826 1797 267 391
4826 1798 264 390
4826 1799 261 390
4826 1800 259 389
4826 1801 256 389
4826 1802 255 389
4826 1803 254 389
4826 1804 249 388
4826 1805 246 387
4826 1806 246 386
4826 1807 242 387
4826 1808 239 387
4826 1809 236 386
4826 1810 235 386
4826 1811 231 385
4826 1812 229 385
4826 1813 227 383
4826 1814 225 384
4826 1815 224 383
4826 1816 220 383
4826 1817 214 387
4826 1818 217 382
4826 1819 215 383
4826 1820 216 383
4904 1819 206 246
4904 1820 213 247
4904 1821 219 254
4904 1822 236 253
4904 1823 242 248
4904 1824 246 249
4904 1825 252 250
4904 1826 264 251
4904 1827 273 252
4904 1828 284 252
4904 1829 291 253
4904 1830 302 254
4904 1831 313 256
4904 1832 324 256
4904 1833 331 257
4904 1834 343 258
4904 1835 354 259
4904 1836 364 260
4904 1837 368 266
4913 1823 209 246
4913 1824 215 247
4913 1825 223 247
4913 1826 232 252
4913 1827 243 249
4913 1828 251 250
4913 1829 262 250
4913 1830 270 251
4913 1831 278 255
4913 1832 290 252
4913 1833 298 254
4913 1834 308 254
4913 1835 319 259
4913 1836 328 254
4913 1837 338 256
4913 1838 349 258
4913 1839 362 262
4921 1826 193 384
4921 1827 192 384
4921 1828 188 383
4921 1829 190 382
4921 1830 185 379
4921 1831 184 379
4921 1832 183 379
4921 1833 177 385
4921 1834 173 381
4921 1835 175 379
4921 1836 174 379
4921 1837 168 379
4921 1838 163 377
4921 1839 161 378
4921 1840 158 376
4921 1841 155 375
4921 1842 152 377
4921 1843 150 380
4921 1844 146 376
4921 1845 142 381
4921 1846 139 381
4921 1847 139 382
4921 1848 134 382
4921 1849 132 383
4921 1850 127 383
4921 1851 125 382
4921 1852 121 381
4921 1853 117 383
4921 1854 115 383
4921 1855 114 383
4921 1856 110 385
4921 1857 105 384
4921 1858 104 384
4921 1859 100 384
4921 1860 95 385
4921 1861 93 386
4921 1862 91 386
4921 1863 86 385
4921 1864 83 387
4921 1865 80 388
4921 1866 79 387
4921 1867 75 392
4921 1868 74 387
4921 1869 70 385
5892 2140 612 392
5892 2141 610 395
5892 2142 612 395
5892 2143 607 397
5892 2144 606 392
5892 2145 602 391
5892 2146 600 391
5892 2147 599 390
5892 2148 597 389
5892 2149 595 389
5892 2150 591 387
5892 2151 591 387
5892 2152 588 388
5892 2153 587 388
5892 2154 585 386
5892 2155 581 389
5892 2156 582 390
5892 2157 579 388
5892 2158 576 389
5892 2159 572 388
5892 2160 572 388
5892 2161 569 384
5892 2162 566 385
5892 2163 562 384
5892 2164 561 383
5892 2165 559 387
5892 2166 558 383
5892 2167 553 383
5892 2168 552 382
5892 2169 552 382
5892 2170 546 382
5892 2171 544 381
5892 2172 543 380
5892 2173 541 376
5892 2174 538 379
5892 2175 535 378
5892 2176 533 378
5892 2177 531 374
5892 2178 529 377
5892 2179 525 376
5892 2180 524 375
5892 2181 525 375
5892 2182 521 374
5892 2183 518 374
5892 2184 516 373
5892 2185 514 373
5892 2186 512 371
5892 2187 510 370
5892 2188 505 370
5892 2189 506 370
5892 2190 503 369
5892 2191 501 369
5892 2192 498 367
5892 2193 497 368
5892 2194 494 365
5892 2195 493 361
5892 2196 489 365
5892 2197 489 365
5892 2198 486 363
5892 2199 482 364
5892 2200 479 363
5892 2201 479 364
5892 2202 477 362
5892 2203 474 366
5892 2204 472 362
5892 2205 469 362
5892 2206 468 361
5892 2207 466 358
5892 2208 463 360
5892 2209 461 359
5892 2210 459 359
5892 2211 458 358
5892 2212 455 358
5892 2213 454 357
5892 2214 452 356
5892 2215 450 356
5892 2216 448 355
5892 2217 446 354
5892 2218 445 356
5892 2219 444 354
5892 2220 440 353
5892 2221 438 352
5892 2222 438 353
5892 2223 439 353
6048 2177 14 328
6048 2178 21 323
6048 2179 23 320
6048 2180 34 318
6048 2181 33 315
6048 2182 37 313
6048 2183 42 314
6048 2184 48 311
6048 2185 55 306
6048 2186 60 297
6048 2187 61 298
6048 2188 65 295
6048 2189 73 293
6048 2190 75 292
6048 2191 78 291
6048 2192 85 294
6048 2193 87 290
6048 2194 93 292
6048 2195 95 287
6048 2196 88 288
6251 2243 170 383
6251 2244 173 384
6251 2245 169 382
6251 2246 166 382
6251 2247 165 382
6251 2248 164 375
6251 2249 157 375
6251 2250 161 372
6251 2251 159 371
6251 2252 157 372
6251 2253 155 374
6251 2254 151 381
6251 2255 149 373
6251 2256 150 373
6251 2257 146 373
6251 2258 143 371
6251 2259 144 363
6251 2260 143 364
6251 2261 141 364
6251 2262 138 362
6251 2263 137 362
6251 2264 136 361
6251 2265 133 361
6251 2266 132 359
6251 2267 132 359
6251 2268 130 359
6251 2269 127 356
6251 2270 125 355
6251 2271 123 353
6251 2272 123 356
6251 2273 121 355
6251 2274 118 351
6251 2275 118 357
6251 2276 117 353
6251 2277 116 353
6251 2278 115 350
6251 2279 113 350
6251 2280 114 351
6251 2281 115 349
6257 2246 273 403
6257 2247 270 402
6257 2248 268 402
6257 2249 267 401
6257 2250 265 401
6257 2251 259 400
6257 2252 255 401
6257 2253 256 401
6257 2254 252 400
6257 2255 249 400
6257 2256 245 399
6257 2257 243 400
6257 2258 244 400
6257 2259 240 399
6257 2260 234 399
6257 2261 232 399
6257 2262 232 399
6257 2263 229 399
6257 2264 224 399
6257 2265 221 399
6257 2266 220 399
6257 2267 218 397
6257 2268 215 399
6257 2269 209 398
6257 2270 208 399
6257 2271 207 398
6257 2272 203 398
6257 2273 200 398
6257 2274 197 398
6257 2275 196 398
6257 2276 193 398
6257 2277 190 396
6257 2278 187 398
6257 2279 184 398
6257 2280 183 399
6257 2281 178 397
6257 2282 175 400
6257 2283 173 399
6257 2284 171 400
6257 2285 167 400
6257 2286 165 400
6257 2287 163 399
6257 2288 161 400
6257 2289 157 401
6257 2290 155 401
6257 2291 151 401
6257 2292 150 401
6257 2293 146 400
6257 2294 145 400
6257 2295 142 401
6257 2296 140 402
6257 2297 139 401
6257 2298 135 402
6257 2299 132 403
6257 2300 128 406
6257 2301 131 402
6718 2452 457 421
6718 2453 455 422
6718 2454 452 424
6718 2455 447 418
6718 2456 442 418
6718 2457 442 417
6718 2458 436 417
6718 2459 431 416
6718 2460 426 416
6718 2461 423 415
6718 2462 419 415
6718 2463 415 415
6718 2464 411 414
6718 2465 407 413
6718 2466 403 413
6718 2467 399 413
6718 2468 395 412
6718 2469 390 414
6718 2470 386 417
6718 2471 380 417
6718 2472 374 422
6718 2473 373 420
6718 2474 370 429
6718 2475 375 436
6866 2499 274 413
6866 2500 271 411
6866 2501 267 409
6866 2502 265 410
6866 2503 261 404
6866 2504 258 408
6866 2505 253 408
6866 2506 252 408
6866 2507 248 405
6866 2508 244 406
6866 2509 239 405
6866 2510 238 405
6866 2511 234 404
6866 2512 231 404
6866 2513 226 402
6866 2514 223 403
6866 2515 221 399
6866 2516 214 400
6866 2517 212 394
6866 2518 211 400
6866 2519 207 399
6866 2520 204 398
6866 2521 199 398
6866 2522 200 398
6866 2523 196 396
6866 2524 192 396
6866 2525 187 395
6866 2526 186 395
6866 2527 184 395
6866 2528 179 392
6866 2529 176 387
6866 2530 176 391
6866 2531 172 389
6866 2532 167 389
6866 2533 166 387
6866 2534 163 389
6866 2535 160 387
6866 2536 157 386
6866 2537 157 385
6866 2538 156 385
6866 2539 149 388
6866 2540 142 391
6970 2540 313 414
6970 2541 305 411
6970 2542 301 406
6970 2543 299 399
6970 2544 297 400
6970 2545 294 399
6970 2546 290 400
6970 2547 287 400
6970 2548 284 399
6970 2549 281 398
6970 2550 278 398
6970 2551 274 399
6970 2552 274 398
6970 2553 270 394
6970 2554 265 398
6970 2555 263 398
6970 2556 262 394
6970 2557 258 397
6970 2558 254 397
6970 2559 251 395
6970 2560 247 399
6970 2561 247 397
6970 2562 242 397
6970 2563 239 396
6970 2564 237 397
7002 2553 288 254
7002 2554 293 254
7002 2555 310 255
7002 2556 323 258
7002 2557 334 259
7002 2558 347 259
7002 2559 361 260
7002 2560 371 261
7002 2561 382 263
7002 2562 394 264
7002 2563 408 266
7002 2564 419 266
7002 2565 429 267
7002 2566 441 267
7002 2567 454 269
7002 2568 464 270
7002 2569 470 270
7002 2570 475 270
7002 2571 482 272
7002 2572 487 275
7027 2562 363 286
7027 2563 362 287
7027 2564 359 284
7027 2565 358 286
7027 2566 355 288
7027 2567 352 286
7027 2568 350 286
7027 2569 348 287
7027 2570 346 287
7027 2571 343 286
7027 2572 341 287
7027 2573 339 287
7027 2574 336 287
7027 2575 335 288
7027 2576 331 288
7027 2577 329 290
7027 2578 326 288
7027 2579 324 288
7027 2580 322 289
7027 2581 319 289
7027 2582 316 290
7027 2583 314 290
7027 2584 313 290
7027 2585 310 289
7027 2586 305 291
7027 2587 305 291
7027 2588 303 291
7027 2589 300 291
7027 2590 298 292
7027 2591 295 291
7027 2592 294 290
7027 2593 291 293
7027 2594 289 296
7027 2595 287 294
7027 2596 285 294
7027 2597 282 296
7027 2598 281 295
7027 2599 277 296
7027 2600 276 295
7027 2601 273 296
7027 2602 270 296
7027 2603 269 295
7027 2604 266 296
7027 2605 263 299
7027 2606 261 297
7027 2607 258 296
7027 2608 257 296
7027 2609 254 297
7027 2610 250 298
7027 2611 249 297
7027 2612 246 299
7027 2613 243 298
7264 2629 39 404
7264 2630 42 403
7264 2631 46 399
7264 2632 48 399
7264 2633 50 403
7264 2634 55 397
7264 2635 58 397
7264 2636 61 397
7264 2637 63 397
7264 2638 71 399
7264 2639 73 396
7264 2640 77 396
7264 2641 78 395
7264 2642 83 395
7264 2643 88 395
7264 2644 88 394
7264 2645 91 390
7264 2646 96 394
7264 2647 100 393
7264 2648 102 391
7264 2649 105 391
7264 2650 109 392
7264 2651 112 392
7264 2652 114 391
7264 2653 117 391
7264 2654 121 390
7264 2655 125 390
7264 2656 127 390
7264 2657 132 389
7264 2658 134 387
7296 2637 156 280
7296 2638 157 280
7296 2639 160 268
7296 2640 161 267
7296 2641 161 267
7296 2642 152 262
7296 2643 153 263
7296 2644 166 262
7296 2645 159 259
7296 2646 171 260
7296 2647 173 259
7296 2648 164 258
7296 2649 176 258
7296 2650 170 257
7296 2651 181 258
7296 2652 173 257
7296 2653 159 252
7296 2654 169 253
7296 2655 167 253
7296 2656 178 254
7296 2657 179 254
7296 2658 199 253
7296 2659 193 252
7296 2660 202 252
7296 2661 201 246
7296 2662 204 250
7296 2663 189 250
7296 2664 189 248
7444 2685 213 379
7444 2686 219 379
7444 2687 223 380
7444 2688 224 382
7444 2689 225 378
7444 2690 228 378
7444 2691 232 378
7444 2692 234 377
7444 2693 235 376
7444 2694 238 374
7444 2695 243 373
7444 2696 244 374
7444 2697 245 371
7444 2698 248 373
7444 2699 251 371
7444 2700 252 371
7444 2701 255 369
7444 2702 257 367
7444 2703 259 370
7444 2704 259 368
7444 2705 261 365
7444 2706 263 364
7444 2707 266 363
7444 2708 266 364
7444 2709 267 362
7444 2710 270 360
7444 2711 273 360
7444 2712 274 361
7444 2713 275 357
7444 2714 276 358
7444 2715 278 356
7444 2716 279 357
7444 2717 281 355
7444 2718 282 353
7444 2719 283 354
7444 2720 282 351
7444 2721 286 352
7444 2722 286 350
7444 2723 289 350
7444 2724 289 349
7444 2725 290 349
7444 2726 293 347
7444 2727 294 346
7444 2728 294 346
7444 2729 297 345
7444 2730 298 344
7444 2731 298 342
7444 2732 300 341
7444 2733 301 341
7444 2734 302 340
7444 2735 302 338
7444 2736 301 341
7444 2737 305 338
7444 2738 304 337
7444 2739 305 334
7444 2740 306 327
7444 2741 308 331
7444 2742 307 333
7444 2743 308 333
7644 2802 482 346
7644 2803 482 347
7644 2804 485 349
7644 2805 486 347
7644 2806 491 350
7644 2807 490 351
7644 2808 494 349
7644 2809 496 350
7644 2810 498 350
7644 2811 500 352
7644 2812 502 350
7644 2813 505 351
7644 2814 507 350
7644 2815 510 351
7644 2816 512 352
7644 2817 516 353
7644 2818 515 351
7644 2819 520 352
7644 2820 525 355
7644 2821 524 352
7644 2822 527 351
7644 2823 529 350
7644 2824 531 352
7644 2825 534 352
7644 2826 536 351
7644 2827 538 349
7644 2828 541 345
7644 2829 544 345
7644 2830 546 350
7644 2831 548 352
7644 2832 551 350
7644 2833 552 353
7644 2834 554 351
7644 2835 556 350
7644 2836 560 349
7644 2837 561 351
7644 2838 563 348
7644 2839 566 352
7644 2840 568 348
7644 2841 568 349
7644 2842 570 350
7644 2843 573 347
7644 2844 576 352
7644 2845 578 351
7644 2846 580 347
7644 2847 581 346
7644 2848 584 344
7644 2849 586 343
7644 2850 587 345
7644 2851 590 343
7644 2852 592 346
7644 2853 595 343
7644 2854 597 341
7644 2855 599 340
7644 2856 600 340
7644 2857 604 336
7644 2858 604 337
7660 2820 189 400
7660 2821 186 400
7660 2822 189 400
7660 2823 195 400
7660 2824 197 400
7660 2825 199 395
7660 2826 203 401
7660 2827 207 401
7660 2828 209 401
7660 2829 212 401
7660 2830 216 402
7660 2831 218 403
7660 2832 220 403
7660 2833 225 403
7660 2834 228 404
7660 2835 230 405
7660 2836 233 404
7660 2837 238 405
7660 2838 242 405
7660 2839 242 406
7660 2840 244 406
7660 2841 251 407
7660 2842 255 407
7660 2843 256 407
7660 2844 260 407
7660 2845 266 407
7660 2846 268 406
7660 2847 269 408
7660 2848 274 408
7660 2849 278 409
7660 2850 281 408
7660 2851 283 408
7660 2852 288 408
7660 2853 293 408
7660 2854 295 408
7660 2855 297 407
7660 2856 300 409
7660 2857 305 409
7660 2858 307 410
7660 2859 308 409
7660 2860 313 408
7660 2861 312 406
7799 2903 283 467
7799 2904 281 463
7799 2905 284 463
7799 2906 290 463
7799 2907 296 460
7799 2908 297 462
7799 2909 300 460
7799 2910 305 460
7799 2911 310 457
7799 2912 311 459
7799 2913 314 457
7799 2914 320 455
7799 2915 323 452
7799 2916 327 455
7799 2917 328 453
7799 2918 333 449
7799 2919 335 447
7799 2920 340 450
7799 2921 341 450
7799 2922 345 445
7799 2923 350 447
7799 2924 352 446
7799 2925 354 452
8745 3296 125 410
8745 3297 124 406
8745 3298 127 403
8745 3299 131 406
8745 3300 137 408
8745 3301 136 402
8745 3302 139 402
8745 3303 143 403
8745 3304 146 402
8745 3305 145 403
8745 3306 152 402
8745 3307 155 402
8745 3308 158 403
8745 3309 159 399
8745 3310 161 399
8745 3311 166 399
8745 3312 174 403
8745 3313 175 400
8745 3314 175 395
8745 3315 176 405
8745 3316 178 405
8745 3317 179 395
8745 3318 181 394
8745 3319 184 397
8745 3320 187 395
8745 3321 190 396
8745 3322 191 394
8745 3323 193 394
8745 3324 195 396
8745 3325 199 396
8745 3326 200 395
8745 3327 200 392
8745 3328 203 396
8745 3329 204 394
8745 3330 205 391
8745 3331 205 395
8766 3304 332 391
8766 3305 331 394
8766 3306 334 394
8766 3307 334 395
8766 3308 335 394
8766 3309 336 397
8766 3310 338 396
8766 3311 338 395
8766 3312 341 394
8766 3313 343 394
8766 3314 345 396
8766 3315 347 394
8766 3316 351 394
8766 3317 352 398
8766 3318 354 399
8766 3319 355 396
8766 3320 356 396
8766 3321 358 393
8766 3322 361 397
8766 3323 364 394
8766 3324 367 396
8766 3325 370 395
8766 3326 374 395
8766 3327 375 397
8766 3328 377 397
8766 3329 378 396
8766 3330 380 393
8766 3331 382 396
8766 3332 385 395
8766 3333 388 395
8766 3334 389 397
8766 3335 392 394
8766 3336 393 397
8766 3337 395 395
8766 3338 399 396
8766 3339 401 395
8766 3340 405 395
8766 3341 406 394
8766 3342 408 394
8766 3343 412 394
8766 3344 410 396
8766 3345 412 395
8766 3346 420 398
8766 3347 422 400
8766 3348 426 402
8766 3349 428 402
8766 3350 432 402
8766 3351 433 401
8766 3352 436 406
8766 3353 440 406
8766 3354 442 402
8766 3355 444 408
8766 3356 448 407
8766 3357 454 407
8766 3358 456 405
8766 3359 454 407
8766 3360 463 411
8766 3361 464 407
8766 3362 468 409
8766 3363 472 411
8766 3364 475 412
8766 3365 479 409
8766 3366 480 412
8766 3367 485 408
8766 3368 488 411
8766 3369 490 417
8766 3370 491 415
8766 3371 496 412
8766 3372 499 417
8766 3373 503 417
8766 3374 506 416
8766 3375 508 414
8766 3376 512 413
8766 3377 514 414
8766 3378 516 417
8766 3379 518 419
8766 3380 524 418
8766 3381 526 420
8766 3382 527 419
8766 3383 531 422
8766 3384 535 420
8766 3385 537 419
8766 3386 539 421
8766 3387 539 423
8788 3315 292 429
8788 3316 289 425
8788 3317 294 428
8788 3318 297 426
8788 3319 298 423
8788 3320 298 422
8788 3321 300 424
8788 3322 302 421
8788 3323 305 417
8788 3324 309 424
8788 3325 308 423
8788 3326 311 424
8788 3327 313 418
8788 3328 316 425
8788 3329 318 423
8788 3330 320 422
8788 3331 320 424
8788 3332 323 424
8788 3333 330 432
8788 3334 329 423
8788 3335 329 424
8788 3336 334 423
8788 3337 332 422
8788 3338 336 422
8788 3339 338 422
8788 3340 340 421
8788 3341 341 422
8788 3342 343 420
8788 3343 343 418
8788 3344 350 419
8788 3345 349 418
8788 3346 351 419
8788 3347 352 418
8788 3348 355 417
8788 3349 357 416
8788 3350 358 416
8788 3351 360 409
8788 3352 361 416
8788 3353 362 415
8788 3354 366 413
8788 3355 366 413
8788 3356 367 414
8788 3357 369 412
8788 3358 372 411
8788 3359 372 411
8788 3360 375 411
8788 3361 376 412
8788 3362 378 409
8788 3363 379 409
8788 3364 381 408
8788 3365 384 407
8788 3366 384 408
8788 3367 387 407
8788 3368 391 404
8788 3369 391 405
8788 3370 393 404
8788 3371 394 404
8788 3372 395 404
8788 3373 398 403
8788 3374 399 404
8788 3375 400 409
8867 3354 301 306
8867 3355 301 308
8867 3356 302 308
8867 3357 306 310
8867 3358 307 309
8867 3359 308 309
8867 3360 312 309
8867 3361 313 312
8867 3362 316 312
8867 3363 317 311
8867 3364 320 313
8867 3365 323 314
8867 3366 324 314
8867 3367 326 315
8867 3368 331 316
8867 3369 332 315
8867 3370 334 316
8867 3371 337 315
8867 3372 339 316
8867 3373 341 316
8867 3374 345 317
8867 3375 347 318
8867 3376 350 319
8867 3377 351 320
8867 3378 354 320
8867 3379 357 322
8867 3380 360 321
8867 3381 364 323
8867 3382 366 323
8867 3383 368 324
8867 3384 370 324
8867 3385 374 325
8867 3386 377 325
8867 3387 379 326
8867 3388 382 328
8867 3389 387 327
8867 3390 390 327
8867 3391 392 328
8867 3392 396 328
8867 3393 398 328
8867 3394 399 330
8968 3387 546 422
8968 3388 545 424
8968 3389 549 424
8968 3390 551 425
8968 3391 553 425
8968 3392 555 428
8968 3393 557 429
8968 3394 559 428
8968 3395 560 430
8968 3396 561 432
8968 3397 563 435
8968 3398 565 432
8968 3399 567 435
8968 3400 568 435
8968 3401 569 437
8968 3402 568 435
8968 3403 571 435
8968 3404 573 436
8968 3405 576 438
8968 3406 577 438
8968 3407 580 436
8968 3408 582 441
8968 3409 585 441
8968 3410 584 439
8968 3411 586 438
8968 3412 588 438
8968 3413 593 434
8968 3414 594 436
8968 3415 595 438
8968 3416 600 436
8968 3417 602 434
8968 3418 605 439
8968 3419 608 438
8968 3420 609 436
8968 3421 611 436
8968 3422 615 434
8968 3423 617 435
8968 3424 618 437
8968 3425 623 436
8968 3426 627 435
8968 3427 628 435
8968 3428 629 434
8968 3429 629 435
8968 3430 633 434
8968 3431 634 435
8968 3432 636 436
8968 3433 636 429
8968 3434 634 436
8968 3435 631 434
9113 3436 228 252
9113 3437 227 249
9113 3438 238 250
9113 3439 250 251
9113 3440 264 252
9113 3441 279 253
9113 3442 292 255
9113 3443 305 256
9113 3444 321 258
9113 3445 338 258
9113 3446 351 259
9113 3447 366 260
9113 3448 383 262
9113 3449 397 264
9113 3450 412 265
9113 3451 430 266
9113 3452 447 268
9113 3453 464 268
9113 3454 474 269
9113 3455 479 270
9113 3456 488 272
9420 3531 556 436
9420 3532 553 433
9420 3533 549 433
9420 3534 547 434
9420 3535 541 434
9420 3536 539 434
9420 3537 543 434
9420 3538 540 429
9420 3539 539 422
9420 3540 536 429
9420 3541 532 428
9420 3542 529 428
9420 3543 524 428
9420 3544 523 427
9420 3545 515 427
9420 3546 514 427
9420 3547 514 427
9420 3548 513 427
9420 3549 508 427
9420 3550 504 424
9420 3551 505 424
9420 3552 503 425
9420 3553 496 425
9420 3554 494 424
9420 3555 491 426
9420 3556 492 423
9420 3557 487 425
9420 3558 485 419
9420 3559 484 419
9420 3560 482 421
9420 3561 481 420
9420 3562 478 423
9420 3563 478 422
9420 3564 477 421
9420 3565 475 418
9420 3566 472 417
9420 3567 468 420
9420 3568 469 416
9624 3587 484 266
9624 3588 479 264
9624 3589 466 265
9624 3590 471 265
9624 3591 459 266
9624 3592 455 265
9624 3593 445 265
9624 3594 429 260
9624 3595 410 259
9624 3596 388 257
9624 3597 371 255
9624 3598 359 253
9624 3599 346 253
9624 3600 326 251
9624 3601 312 251
9624 3602 303 250
9624 3603 296 249
9624 3604 289 249
9624 3605 289 255
10056 3684 543 412
10056 3685 541 412
10056 3686 540 413
10056 3687 564 421
10056 3688 561 432
10056 3689 562 432
10056 3690 555 431
10056 3691 554 433
10056 3692 554 434
10056 3693 547 436
10056 3694 550 431
10056 3695 547 433
10056 3696 545 434
10056 3697 541 437
10056 3698 538 437
10056 3699 538 433
10056 3700 534 434
10056 3701 530 436
10056 3702 527 436
10056 3703 526 436
10056 3704 525 434
10056 3705 523 434
10056 3706 517 437
10056 3707 513 438
10056 3708 514 434
10056 3709 510 435
10056 3710 502 437
10056 3711 499 438
10056 3712 498 436
10056 3713 500 432
10647 3900 485 268
10647 3901 483 265
10647 3902 473 264
10647 3903 462 264
10647 3904 447 263
10647 3905 433 262
10647 3906 419 260
10647 3907 403 259
10647 3908 390 258
10647 3909 377 257
10647 3910 362 256
10647 3911 347 255
10647 3912 353 261
11672 4285 160 269
11672 4286 161 261
11672 4287 160 262
11672 4288 158 264
11672 4289 158 266
11672 4290 151 257
11672 4291 151 265
11672 4292 145 259
11672 4293 146 270
11672 4294 147 271
11672 4295 143 274
11672 4296 136 275
11672 4297 133 276
11672 4298 135 277
11672 4299 130 279
11672 4300 127 279
11672 4301 119 282
11672 4302 120 283
11672 4303 116 284
11672 4304 111 287
11672 4305 103 287
11672 4306 103 286
11672 4307 93 289
11672 4308 94 287
11672 4309 102 282
11718 4298 150 264
11718 4299 160 265
11718 4300 157 266
11718 4301 147 262
11718 4302 151 267
11718 4303 140 266
11718 4304 137 270
11718 4305 134 268
11718 4306 131 270
11718 4307 127 275
11718 4308 123 273
11718 4309 120 277
11718 4310 121 280
11718 4311 108 279
11718 4312 107 281
11718 4313 102 281
11718 4314 98 283
11718 4315 93 286
11718 4316 87 286
11718 4317 83 287
11718 4318 79 289
11718 4319 73 290
11718 4320 69 292
11777 4312 7 422
11777 4313 8 422
11777 4314 8 423
11777 4315 11 421
11777 4316 17 419
11777 4317 20 421
11777 4318 20 420
11777 4319 25 418
11777 4320 30 417
11777 4321 32 417
11777 4322 33 418
11777 4323 38 414
11777 4324 41 414
11777 4325 44 414
11777 4326 46 414
11777 4327 50 409
11777 4328 53 407
11777 4329 57 408
11777 4330 60 405
11777 4331 63 405
11777 4332 67 403
11777 4333 70 404
11777 4334 74 403
11777 4335 77 403
11777 4336 81 403
11777 4337 84 404
11777 4338 87 404
11777 4339 94 408
11777 4340 96 408
11777 4341 98 408
11777 4342 103 408
11777 4343 104 406
11777 4344 109 406
11777 4345 113 406
11777 4346 117 406
11777 4347 121 406
11777 4348 121 407
11777 4349 126 405
11777 4350 132 405
11777 4351 134 405
11777 4352 134 405
11777 4353 139 405
11777 4354 143 403
11777 4355 145 404
11777 4356 148 403
11777 4357 152 403
11777 4358 158 402
11777 4359 159 402
11777 4360 160 403
11777 4361 160 402
12517 4572 475 337
12517 4573 474 338
12517 4574 476 338
12517 4575 479 339
12517 4576 485 335
12517 4577 487 339
12517 4578 489 340
12517 4579 493 340
12517 4580 498 339
12517 4581 499 341
12517 4582 502 340
12517 4583 508 341
12517 4584 511 341
12517 4585 511 341
12517 4586 513 340
12517 4587 520 341
12517 4588 522 341
12517 4589 524 341
12517 4590 525 342
12517 4591 531 343
12517 4592 532 342
12517 4593 534 343
12517 4594 538 343
12517 4595 543 342
12517 4596 543 344
12517 4597 546 345
12517 4598 552 346
12517 4599 554 344
12517 4600 556 346
12517 4601 560 345
12517 4602 564 345
12517 4603 565 347
12517 4604 568 348
12517 4605 572 348
12517 4606 575 348
12517 4607 577 348
12517 4608 579 351
12517 4609 584 348
12517 4610 587 346
12517 4611 590 346
12517 4612 593 345
12517 4613 597 344
12517 4614 600 342
12545 4596 161 247
12545 4597 134 260
12545 4598 131 259
12545 4599 129 259
12545 4600 128 259
12545 4601 126 260
12545 4602 123 259
12545 4603 123 260
12545 4604 123 260
12545 4605 120 260
12545 4606 119 261
12545 4607 117 262
12545 4608 116 262
12545 4609 114 262
12545 4610 113 263
12545 4611 112 262
12545 4612 111 262
12545 4613 108 267
12545 4614 109 263
12545 4615 106 265
12545 4616 105 265
12545 4617 103 265
12545 4618 102 265
12545 4619 100 269
12545 4620 99 266
12545 4621 98 266
12545 4622 96 267
12545 4623 94 266
12545 4624 93 267
12545 4625 92 268
12545 4626 90 263
12668 4681 436 260
12668 4682 438 260
12668 4683 431 260
12668 4684 422 259
12668 4685 415 257
12668 4686 408 258
12668 4687 397 258
12668 4688 388 256
12668 4689 382 257
12668 4690 374 256
12668 4691 366 255
12668 4692 357 254
12668 4693 349 254
12668 4694 342 252
12668 4695 331 250
12668 4696 308 255
12668 4697 293 252
12808 4746 312 405
12808 4747 310 401
12808 4748 302 406
12808 4749 301 403
12808 4750 302 401
12808 4751 295 401
12808 4752 290 400
12808 4753 285 401
12808 4754 284 402
12808 4755 276 401
12808 4756 269 401
12808 4757 268 401
12808 4758 264 400
12808 4759 255 400
12808 4760 253 401
12808 4761 250 400
12808 4762 242 399
12808 4763 237 400
12808 4764 237 399
12808 4765 232 400
12808 4766 223 399
12808 4767 220 400
12808 4768 215 400
12808 4769 213 401
12808 4770 204 404
12808 4771 202 402
12808 4772 197 400
12808 4773 190 403
12808 4774 187 404
12808 4775 183 404
12808 4776 177 405
12808 4777 172 406
12808 4778 171 406
12808 4779 165 407
12808 4780 158 408
12808 4781 155 408
12808 4782 150 409
12808 4783 145 408
12808 4784 140 411
12808 4785 139 412
12808 4786 133 411
12808 4787 124 414
12808 4788 121 415
12808 4789 119 414
12808 4790 115 415
12808 4791 109 417
12808 4792 107 416
12808 4793 102 414
12808 4794 97 416
12808 4795 92 412
12808 4796 89 409
13797 5124 361 374
13797 5125 361 379
13797 5126 366 380
13797 5127 367 381
13797 5128 367 382
13797 5129 366 384
13797 5130 367 384
13797 5131 367 386
13797 5132 370 389
13797 5133 374 389
13797 5134 374 393
13797 5135 377 394
13797 5136 379 392
13797 5137 381 393
13797 5138 383 397
13797 5139 388 396
13797 5140 391 398
13797 5141 393 402
13797 5142 397 399
13797 5143 400 404
13797 5144 401 403
13797 5145 406 404
13797 5146 413 404
13797 5147 413 405
13797 5148 417 405
13797 5149 417 405
13797 5150 423 407
13797 5151 425 408
13797 5152 431 408
13797 5153 435 409
13797 5154 438 410
13797 5155 441 411
13797 5156 449 412
13797 5157 450 413
13797 5158 454 413
13797 5159 458 416
13797 5160 462 414
13797 5161 466 415
13797 5162 469 414
13797 5163 474 415
13797 5164 477 418
13797 5165 481 419
13797 5166 484 417
13797 5167 489 420
13797 5168 492 420
13797 5169 495 421
13797 5170 499 420
13797 5171 503 422
13797 5172 507 421
13797 5173 511 422
13797 5174 517 424
13797 5175 517 427
13797 5176 517 430
14661 5389 92 271
14661 5390 94 275
14661 5391 96 275
14661 5392 98 275
14661 5393 99 275
14661 5394 101 274
14661 5395 102 274
14661 5396 104 275
14661 5397 107 274
14661 5398 109 273
14661 5399 110 273
14661 5400 113 273
14661 5401 114 273
14661 5402 116 272
14661 5403 116 272
14661 5404 118 272
14661 5405 121 272
14661 5406 122 271
14661 5407 123 270
14661 5408 126 271
14661 5409 128 271
14661 5410 129 271
14661 5411 130 271
14661 5412 132 271
14661 5413 135 270
14661 5414 135 270
14661 5415 138 270
14661 5416 139 270
14661 5417 141 270
14661 5418 144 270
14661 5419 144 266
14661 5420 146 269
14661 5421 147 268
14661 5422 149 269
14661 5423 152 269
14661 5424 154 267
14661 5425 154 268
14661 5426 156 268
14661 5427 159 267
14661 5428 159 267
14661 5429 162 266
14661 5430 163 264
14661 5431 165 263
14661 5432 166 265
14661 5433 168 263
14661 5434 170 262
14661 5435 171 262
14661 5436 173 262
14661 5437 175 262
14661 5438 177 262
14661 5439 178 263
14661 5440 179 262
14661 5441 182 260
14661 5442 183 263
14661 5443 185 263
14661 5444 187 263
14661 5445 189 263
14661 5446 191 263
14661 5447 193 263
14661 5448 196 256
14661 5449 195 262
14661 5450 197 262
14661 5451 195 265
15157 5510 483 265
15157 5511 474 264
15157 5512 470 263
15157 5513 456 264
15157 5514 434 262
15157 5515 411 259
15157 5516 399 259
15157 5517 390 257
15157 5518 377 258
15157 5519 362 257
15157 5520 349 256
15157 5521 328 258
15157 5522 317 256
15157 5523 303 256
15474 5598 267 362
15474 5599 267 365
15474 5600 265 365
15474 5601 264 368
15474 5602 262 367
15474 5603 259 373
15474 5604 260 368
15474 5605 259 370
15474 5606 257 369
15474 5607 256 365
15474 5608 253 370
15474 5609 248 377
15474 5610 250 370
15474 5611 249 373
15474 5612 246 374
15474 5613 245 372
15474 5614 242 376
15474 5615 243 373
15474 5616 241 374
15474 5617 236 376
15474 5618 236 378
15474 5619 236 377
15474 5620 234 379
15474 5621 233 377
15474 5622 231 376
15474 5623 229 376
15474 5624 226 381
15474 5625 227 377
15474 5626 224 377
15474 5627 223 377
15474 5628 222 382
15474 5629 218 379
15474 5630 216 381
15474 5631 215 379
15474 5632 213 380
15474 5633 210 379
15474 5634 208 379
15474 5635 204 385
15474 5636 204 380
15474 5637 203 380
15474 5638 201 380
15474 5639 198 384
15474 5640 196 381
15474 5641 192 382
15474 5642 192 383
15474 5643 188 386
15474 5644 187 384
15474 5645 186 383
15474 5646 182 379
15474 5647 179 385
15474 5648 181 384
15474 5649 179 382
15531 5615 327 428
15531 5616 325 419
15531 5617 330 414
15531 5618 328 418
15531 5619 328 419
15531 5620 331 416
15531 5621 330 423
15531 5622 333 417
15531 5623 335 417
15531 5624 335 415
15531 5625 336 416
15531 5626 339 413
15531 5627 342 414
15531 5628 344 415
15531 5629 349 409
15531 5630 353 409
15531 5631 354 409
15531 5632 352 415
15531 5633 353 407
15531 5634 353 407
15531 5635 353 410
15531 5636 358 410
15531 5637 359 411
15531 5638 360 408
15531 5639 363 410
15531 5640 365 408
15531 5641 366 409
15531 5642 369 405
15531 5643 371 403
15531 5644 372 407
15531 5645 374 408
15531 5646 381 408
15531 5647 378 410
15531 5648 380 407
15531 5649 382 409
15531 5650 384 409
15531 5651 384 405
15531 5652 387 408
15531 5653 388 406
15531 5654 389 409
15531 5655 394 406
15531 5656 395 405
15531 5657 396 407
15531 5658 398 407
15531 5659 401 404
15531 5660 403 408
15531 5661 405 403
15531 5662 408 403
15531 5663 412 404
15531 5664 415 404
15531 5665 417 406
15531 5666 417 408
15595 5635 392 261
15595 5636 380 259
15595 5637 366 258
15595 5638 352 257
15595 5639 340 256
15595 5640 329 255
15595 5641 317 254
15595 5642 303 253
15595 5643 292 251
15595 5644 282 250
15595 5645 270 249
15595 5646 258 248
15595 5647 251 248
15595 5648 243 247
15595 5649 233 246
16036 5766 138 302
16036 5767 140 301
16036 5768 142 302
16036 5769 144 300
16036 5770 147 303
16036 5771 148 303
16036 5772 147 304
16036 5773 150 303
16036 5774 156 306
16036 5775 156 303
16036 5776 155 304
16036 5777 159 300
16036 5778 163 300
16036 5779 165 304
16036 5780 167 304
16036 5781 168 305
16036 5782 171 304
16036 5783 173 305
16036 5784 178 306
16036 5785 183 307
16036 5786 188 304
16036 5787 191 306
16036 5788 193 308
16036 5789 195 308
16036 5790 199 307
16036 5791 200 308
16036 5792 201 310
16036 5793 205 310
16036 5794 207 312
16036 5795 209 310
16036 5796 212 311
16036 5797 214 313
16036 5798 217 315
16036 5799 221 314
16036 5800 223 316
16036 5801 225 315
16036 5802 228 315
16036 5803 230 316
16036 5804 232 315
16036 5805 237 317
16036 5806 239 317
16036 5807 241 317
16036 5808 245 318
16036 5809 249 318
16036 5810 249 318
16036 5811 251 318
16036 5812 257 319
16036 5813 258 319
16036 5814 260 319
16036 5815 264 319
16036 5816 266 320
16036 5817 267 321
16036 5818 269 318
16036 5819 274 319
16036 5820 275 321
16036 5821 277 321
16036 5822 279 320
16036 5823 283 321
16036 5824 284 322
16036 5825 288 322
16036 5826 291 322
16036 5827 293 323
16036 5828 294 323
16036 5829 298 325
16036 5830 301 324
16036 5831 301 325
16036 5832 305 326
16036 5833 309 328
16036 5834 311 326
16036 5835 312 328
16036 5836 317 327
16036 5837 318 328
16036 5838 320 329
16036 5839 323 329
16036 5840 327 328
16036 5841 329 329
16036 5842 329 330
16036 5843 333 327
16179 5807 225 307
16179 5808 224 308
16179 5809 229 308
16179 5810 231 310
16179 5811 232 309
16179 5812 235 309
16179 5813 238 309
16179 5814 240 310
16179 5815 241 310
16179 5816 245 311
16179 5817 249 313
16179 5818 250 311
16179 5819 251 311
16179 5820 255 312
16179 5821 257 311
16179 5822 259 313
16179 5823 261 313
16179 5824 265 313
16179 5825 267 315
16179 5826 269 314
16179 5827 272 315
16179 5828 275 313
16179 5829 277 316
16179 5830 278 316
16179 5831 281 317
16179 5832 285 317
16179 5833 285 318
16179 5834 288 318
16179 5835 291 319
16179 5836 294 320
16179 5837 295 319
16179 5838 297 320
16179 5839 301 321
16179 5840 304 322
16179 5841 305 321
16179 5842 308 322
16179 5843 312 322
16179 5844 314 323
16179 5845 315 323
16179 5846 320 324
16179 5847 323 325
16179 5848 325 325
16179 5849 326 324
16179 5850 330 322
16179 5851 333 326
16179 5852 334 326
16179 5853 339 321
16179 5854 340 320
16179 5855 343 321
16335 5858 106 290
16335 5859 111 287
16335 5860 117 284
16335 5861 123 282
16335 5862 128 279
16335 5863 136 281
16335 5864 141 276
16335 5865 148 274
16335 5866 147 271
16335 5867 144 266
16335 5868 150 265
16335 5869 155 264
16335 5870 158 261
16335 5871 161 261
16335 5872 162 269
16335 5873 158 268
16335 5874 164 266
16335 5875 162 265
16658 5987 132 373
16658 5988 128 371
16658 5989 125 371
16658 5990 125 373
16658 5991 123 373
16658 5992 122 378
16658 5993 122 371
16658 5994 118 376
16658 5995 117 376
16658 5996 114 378
16658 5997 113 378
16658 5998 110 373
16658 5999 109 371
16658 6000 106 375
16658 6001 105 373
16658 6002 102 373
16658 6003 100 373
16658 6004 97 375
16658 6005 94 373
16658 6006 92 376
16658 6007 89 376
16658 6008 87 375
16658 6009 85 378
16658 6010 82 377
16658 6011 80 380
16658 6012 77 377
16658 6013 75 376
16658 6014 73 376
16658 6015 69 379
16658 6016 68 376
16658 6017 65 377
16658 6018 64 376
16658 6019 63 375
16658 6020 60 375
16658 6021 58 375
16658 6022 55 375
16658 6023 53 374
16658 6024 49 374
16658 6025 47 374
16658 6026 45 373
16658 6027 40 372
16658 6028 35 368
16658 6029 34 369
16658 6030 32 367
16658 6031 30 367
16658 6032 27 364
16658 6033 25 364
16658 6034 23 363
16658 6035 21 362
16658 6036 19 361
16658 6037 14 360
16658 6038 14 360
16658 6039 12 360
16658 6040 11 359
16658 6041 8 360
16658 6042 6 360
16658 6043 5 361
16658 6044 4 358
16658 6045 3 361
17196 6138 153 265
17196 6139 152 264
17196 6140 151 265
17196 6141 149 266
17196 6142 148 267
17196 6143 145 269
17196 6144 143 271
17196 6145 141 274
17196 6146 140 275
17196 6147 136 276
17196 6148 134 278
17196 6149 130 279
17196 6150 127 281
17196 6151 118 286
17196 6152 105 292
17196 6153 97 294
17196 6154 95 296
17196 6155 87 298
17196 6156 81 300
17196 6157 74 304
17196 6158 68 308
17196 6159 62 310
17196 6160 55 312
17196 6161 49 315
17196 6162 44 318
17196 6163 39 320
17196 6164 32 323
17196 6165 26 326
17196 6166 22 328
17196 6167 20 331
17196 6168 17 332
17196 6169 13 333
17196 6170 10 334
17196 6171 7 337
17196 6172 4 346
17588 6294 487 268
17588 6295 482 267
17588 6296 475 266
17588 6297 468 265
17588 6298 458 266
17588 6299 443 265
17588 6300 431 263
17588 6301 420 262
17588 6302 406 261
17588 6303 411 248
17588 6304 409 248
17588 6305 408 247
17588 6306 410 249
17588 6307 406 248
17617 6303 392 261
17617 6304 380 258
17617 6305 369 257
17617 6306 355 257
17617 6307 341 256
17617 6308 329 254
17617 6309 319 253
17617 6310 305 252
17617 6311 292 250
17617 6312 281 249
17617 6313 272 249
17617 6314 259 248
17617 6315 250 248
17617 6316 243 247
17617 6317 233 246
18013 6478 489 265
18013 6479 484 265
18013 6480 477 263
18013 6481 473 263
18013 6482 465 263
18013 6483 452 262
18013 6484 441 261
18013 6485 430 260
18013 6486 417 259
18013 6487 404 258
18013 6488 394 257
18013 6489 382 257
18013 6490 369 255
18013 6491 356 254
18013 6492 366 260
18530 6720 219 256
18530 6721 218 252
18530 6722 217 251
18530 6723 216 253
18530 6724 215 254
18530 6725 213 253
18530 6726 212 254
18530 6727 211 255
18530 6728 211 254
18530 6729 209 254
18530 6730 207 251
18530 6731 206 254
18530 6732 204 252
18530 6733 203 251
18530 6734 202 252
18530 6735 201 252
18530 6736 199 256
18530 6737 198 257
18530 6738 196 256
18530 6739 195 257
18530 6740 195 257
18530 6741 194 257
18530 6742 192 257
18530 6743 190 258
18530 6744 189 258
18530 6745 188 258
18530 6746 187 258
18530 6747 186 259
18530 6748 183 260
18530 6749 183 260
18530 6750 182 259
18530 6751 181 260
18530 6752 179 260
18530 6753 178 261
18530 6754 177 259
18530 6755 175 258
18530 6756 174 261
18530 6757 172 260
18530 6758 171 262
18530 6759 171 262
18530 6760 170 261
18530 6761 168 263
18530 6762 167 263
18530 6763 165 264
18530 6764 164 263
18530 6765 163 262
18530 6766 162 261
18530 6767 160 263
18530 6768 158 264
18530 6769 157 264
18530 6770 156 265
18530 6771 154 265
18530 6772 153 265
18530 6773 152 264
18530 6774 150 264
18530 6775 148 264
18530 6776 147 266
18530 6777 145 265
18530 6778 144 265
18530 6779 142 266
18530 6780 138 267
18530 6781 141 267
18530 6782 139 266
18530 6783 136 267
18530 6784 137 266
18530 6785 136 267
18530 6786 134 268
18530 6787 133 270
18530 6788 130 271
18530 6789 130 269
18530 6790 130 271
18530 6791 128 267
18530 6792 126 271
18530 6793 124 271
18530 6794 121 272
18530 6795 123 271
18530 6796 122 271
18530 6797 119 272
18530 6798 118 273
18530 6799 117 273
18530 6800 115 272
18530 6801 113 273
18530 6802 111 274
18530 6803 111 274
18530 6804 107 274
18530 6805 108 272
18530 6806 106 274
18530 6807 104 275
18530 6808 104 275
18530 6809 103 275
18530 6810 100 273
18530 6811 100 275
18530 6812 98 276
18530 6813 97 274
18530 6814 94 276
18530 6815 93 275
18530 6816 91 275
18530 6817 93 278
18530 6818 88 278
18530 6819 85 275
18530 6820 85 277
18530 6821 84 278
18530 6822 84 279
18530 6823 80 276
18530 6824 81 277
18530 6825 79 279
18530 6826 77 279
18530 6827 74 276
18530 6828 75 277
18530 6829 74 277
18530 6830 74 280
18530 6831 71 276
18530 6832 69 277
18530 6833 70 279
18530 6834 68 281
18530 6835 66 281
18530 6836 66 280
18530 6837 66 280
18530 6838 63 282
18530 6839 63 282
18530 6840 60 279
18530 6841 59 279
18530 6842 59 281
18530 6843 58 283
18530 6844 55 284
18530 6845 53 283
18530 6846 54 282
18530 6847 52 285
18530 6848 52 286
18530 6849 50 286
18530 6850 47 283
18530 6851 47 285
18530 6852 44 284
18530 6853 44 284
18530 6854 42 286
18530 6855 40 285
18530 6856 37 282
18530 6857 37 284
18530 6858 35 285
18530 6859 34 285
18530 6860 34 286
18530 6861 32 283
18530 6862 29 286
18530 6863 29 284
18530 6864 27 286
18530 6865 26 285
18530 6866 24 284
18530 6867 23 285
18530 6868 22 286
18530 6869 19 284
18530 6870 19 286
18530 6871 19 286
18530 6872 17 285
18530 6873 14 288
18530 6874 13 285
18530 6875 12 287
18530 6876 11 287
19082 7024 84 291
19082 7025 87 292
19082 7026 84 292
19082 7027 80 293
19082 7028 78 294
19082 7029 73 298
19082 7030 69 297
19082 7031 65 298
19082 7032 62 300
19082 7033 66 300
19082 7034 59 303
19082 7035 54 307
19082 7036 48 308
19082 7037 44 307
19082 7038 41 312
19082 7039 38 311
19082 7040 33 311
19082 7041 29 313
19082 7042 25 315
19082 7043 21 316
19082 7044 18 318
19082 7045 16 321
19082 7046 13 322
19082 7047 11 323
19082 7048 9 328
19082 7049 7 327
19082 7050 6 330
19082 7051 3 328
19082 7052 4 326
19219 7081 186 393
19219 7082 182 393
19219 7083 186 395
19219 7084 191 399
19219 7085 198 400
19219 7086 204 400
19219 7087 204 399
19219 7088 205 401
19219 7089 210 400
19219 7090 216 402
19219 7091 219 403
19219 7092 219 402
19219 7093 223 403
19219 7094 230 404
19219 7095 233 404
19219 7096 234 403
19219 7097 239 403
19219 7098 243 406
19219 7099 246 406
19219 7100 249 406
19219 7101 254 407
19219 7102 260 408
19219 7103 261 407
19219 7104 261 408
19219 7105 267 409
19219 7106 274 409
19219 7107 277 410
19219 7108 276 409
19219 7109 283 411
19295 7109 292 412
19295 7110 291 412
19295 7111 298 413
19295 7112 304 413
19295 7113 304 413
19295 7114 306 413
19295 7115 313 414
19295 7116 318 414
19295 7117 317 415
19295 7118 320 415
19295 7119 327 416
19295 7120 331 415
19295 7121 331 417
19295 7122 335 417
19295 7123 340 418
19295 7124 346 418
19295 7125 345 417
19295 7126 347 420
19295 7127 353 420
19295 7128 358 421
19295 7129 360 421
19295 7130 361 421
19295 7131 365 422
19295 7132 371 422
19295 7133 373 421
19295 7134 373 423
19295 7135 378 424
19295 7136 384 420
19295 7137 386 421
19295 7138 390 416
19295 7139 394 413
19295 7140 397 413
19295 7141 399 414
19295 7142 403 414
19295 7143 407 415
19295 7144 410 415
19295 7145 413 415
19295 7146 417 416
19295 7147 421 417
19295 7148 425 416
19295 7149 426 417
19295 7150 430 417
19295 7151 435 418
19295 7152 438 418
19295 7153 438 419
19407 7151 468 413
19407 7152 466 415
19407 7153 464 415
19407 7154 464 414
19407 7155 463 416
19407 7156 457 426
19407 7157 455 430
19407 7158 457 430
19407 7159 459 435
19407 7160 460 434
19407 7161 464 432
19407 7162 469 435
19407 7163 473 435
19407 7164 473 435
19407 7165 475 434
19407 7166 479 435
19407 7167 486 435
19407 7168 486 435
19407 7169 489 435
19407 7170 495 433
19407 7171 498 435
19407 7172 499 434
19407 7173 502 434
19407 7174 506 431
19407 7175 510 429
19407 7176 513 434
19407 7177 517 433
19407 7178 519 431
19407 7179 522 430
19407 7180 525 431
19407 7181 527 435
19407 7182 527 435
19407 7183 536 436
19407 7184 541 438
19407 7185 541 435
19407 7186 548 433
19407 7187 552 432
19407 7188 551 434
19407 7189 555 435
19407 7190 552 434
19407 7191 554 432
19407 7192 560 432
19407 7193 564 434
19407 7194 567 433
19407 7195 569 431
19407 7196 571 431
19407 7197 574 430
19407 7198 577 430
19407 7199 578 432
19407 7200 582 431
19407 7201 582 433
19407 7202 588 429
19407 7203 589 431
19407 7204 587 434
19407 7205 590 435
19738 7276 172 399
19738 7277 167 393
19738 7278 163 394
19738 7279 160 392
19738 7280 155 398
19738 7281 156 398
19738 7282 151 399
19738 7283 150 398
19738 7284 146 396
19738 7285 141 400
19738 7286 140 401
19738 7287 137 401
19738 7288 133 403
19738 7289 129 404
19738 7290 127 403
19738 7291 124 404
19738 7292 119 406
19738 7293 117 407
19738 7294 115 407
19738 7295 111 409
19738 7296 107 411
19738 7297 105 410
19738 7298 101 411
19738 7299 97 407
19738 7300 95 411
19738 7301 89 407
19738 7302 86 406
19738 7303 83 407
19738 7304 79 407
19738 7305 77 407
19849 7312 52 417
19849 7313 49 419
19849 7314 46 421
19849 7315 43 423
19849 7316 40 424
19849 7317 38 427
19849 7318 34 430
19849 7319 30 431
19849 7320 27 434
19849 7321 24 435
19849 7322 21 439
19849 7323 18 443
19849 7324 15 442
19849 7325 11 444
19849 7326 8 446
19849 7327 8 446
19849 7328 6 447
19849 7329 4 459
19849 7330 3 459
19941 7340 468 394
19941 7341 467 400
19941 7342 469 403
19941 7343 470 405
19941 7344 472 410
19941 7345 473 407
19941 7346 478 410
19941 7347 480 411
19941 7348 482 412
19941 7349 483 410
19941 7350 487 409
19941 7351 489 405
19941 7352 492 412
19941 7353 494 410
19941 7354 495 412
19941 7355 499 406
19941 7356 499 409
19941 7357 502 414
19941 7358 502 412
19941 7359 505 411
19941 7360 507 412
19941 7361 509 416
19941 7362 512 415
19941 7363 513 414
19941 7364 515 413
19941 7365 519 412
19941 7366 520 416
19941 7367 521 416
19941 7368 523 422
19941 7369 528 423
19941 7370 530 420
19941 7371 531 422
20297 7432 480 422
20297 7433 483 423
20297 7434 487 422
20297 7435 490 420
20297 7436 492 423
20297 7437 495 424
20297 7438 497 423
20297 7439 501 424
20297 7440 506 425
20297 7441 510 424
20297 7442 509 425
20297 7443 511 425
20297 7444 516 423
20297 7445 519 426
20297 7446 522 425
20297 7447 524 426
20297 7448 527 425
20297 7449 531 426
20297 7450 534 428
20297 7451 537 429
20297 7452 539 429
20297 7453 544 436
20297 7454 548 430
20297 7455 548 429
20297 7456 551 428
20297 7457 556 426
20297 7458 557 430
20297 7459 562 435
20297 7460 563 432
20297 7461 567 430
20297 7462 569 429
20297 7463 571 430
20297 7464 576 430
20297 7465 576 431
20297 7466 583 431
20770 7614 211 386
20770 7615 208 387
20770 7616 209 392
20770 7617 210 392
20770 7618 211 391
20770 7619 209 392
20770 7620 216 390
20770 7621 218 393
20770 7622 222 394
20770 7623 224 393
20770 7624 226 393
20770 7625 228 394
20770 7626 232 394
20770 7627 233 394
20770 7628 236 394
20770 7629 239 395
20770 7630 242 397
20770 7631 245 398
20770 7632 249 397
20770 7633 249 397
20770 7634 251 398
20770 7635 255 398
20770 7636 256 399
20770 7637 258 399
20770 7638 262 400
20770 7639 264 400
20770 7640 268 400
20770 7641 269 400
20770 7642 271 400
20770 7643 274 401
20770 7644 278 401
20770 7645 280 402
20770 7646 281 402
20770 7647 283 403
20770 7648 287 403
20770 7649 291 403
20770 7650 292 403
20770 7651 293 404
20770 7652 297 404
20770 7653 300 406
20770 7654 304 406
20770 7655 303 407
20770 7656 306 407
20770 7657 310 405
20770 7658 308 405
21186 7813 290 265
21186 7814 290 270
21186 7815 292 269
21186 7816 295 261
21186 7817 302 260
21186 7818 300 268
21186 7819 300 268
21186 7820 302 269
21186 7821 305 269
21186 7822 307 269
21186 7823 308 269
21186 7824 311 269
21186 7825 314 269
21186 7826 315 267
21186 7827 316 269
21186 7828 320 270
21186 7829 323 270
21186 7830 324 271
21186 7831 325 271
21186 7832 329 271
21186 7833 328 271
21186 7834 331 271
21186 7835 337 271
21186 7836 337 269
21186 7837 340 272
21186 7838 342 272
21186 7839 344 271
21186 7840 346 272
21186 7841 349 272
21186 7842 353 273
21186 7843 355 276
21186 7844 356 273
21186 7845 359 273
21186 7846 362 273
21186 7847 362 273
21186 7848 364 273
21186 7849 368 273
21186 7850 369 272
21186 7851 370 273
21186 7852 373 274
21186 7853 377 274
21186 7854 379 274
21186 7855 381 272
21186 7856 383 274
21186 7857 385 275
21186 7858 384 276
21186 7859 389 275
21186 7860 393 276
21186 7861 394 275
21186 7862 397 274
21186 7863 399 276
21186 7864 401 275
21186 7865 403 276
21186 7866 407 276
21186 7867 409 276
21186 7868 408 277
21186 7869 414 276
21186 7870 416 278
21186 7871 417 277
21186 7872 419 277
21186 7873 423 277
21186 7874 424 277
21186 7875 426 278
21186 7876 429 279
21186 7877 429 276
21331 7885 359 267
21331 7886 348 260
21331 7887 363 260
21331 7888 374 261
21331 7889 385 262
21331 7890 399 264
21331 7891 410 265
21331 7892 422 266
21331 7893 440 272
21331 7894 450 271
21331 7895 461 270
21331 7896 467 271
21331 7897 475 271
21331 7898 482 272
21331 7899 480 278
21401 7920 111 298
21401 7921 109 296
21401 7922 107 298
21401 7923 109 297
21401 7924 113 294
21401 7925 112 297
21401 7926 107 300
21401 7927 101 302
21401 7928 95 303
21401 7929 89 304
21401 7930 75 302
21401 7931 67 305
21401 7932 61 309
21401 7933 57 319
21401 7934 52 321
23208 8622 159 261
23208 8623 157 261
23208 8624 158 263
23208 8625 157 264
23208 8626 156 263
23208 8627 154 265
23208 8628 151 267
23208 8629 148 269
23208 8630 146 272
23208 8631 143 275
23208 8632 136 277
23208 8633 132 281
23208 8634 126 283
23208 8635 119 286
23208 8636 113 289
23208 8637 107 292
23208 8638 101 293
23208 8639 93 295
23208 8640 87 297
23208 8641 80 303
23208 8642 71 308
23208 8643 62 312
23208 8644 66 304
23292 8641 255 249
23292 8642 262 249
23292 8643 273 250
23292 8644 284 252
23292 8645 300 253
23292 8646 328 255
23292 8647 352 257
23292 8648 365 258
23292 8649 382 260
23292 8650 403 261
23292 8651 423 263
23292 8652 445 264
23292 8653 460 264
23292 8654 467 266
23292 8655 475 263
23292 8656 483 267
23476 8710 305 386
23476 8711 302 385
23476 8712 295 394
23476 8713 295 400
23476 8714 290 393
23476 8715 289 392
23476 8716 285 391
23476 8717 281 391
23476 8718 278 391
23476 8719 275 392
23476 8720 272 391
23476 8721 268 391
23476 8722 265 391
23476 8723 262 389
23476 8724 260 390
23476 8725 254 389
23476 8726 252 390
23476 8727 253 388
23476 8728 247 389
23476 8729 241 389
23476 8730 241 389
23476 8731 234 390
23476 8732 232 388
23476 8733 228 388
23476 8734 226 389
23476 8735 221 388
23476 8736 218 388
23476 8737 214 388
23476 8738 211 388
23476 8739 209 387
23476 8740 204 388
23476 8741 201 389
23476 8742 199 388
23476 8743 195 389
23476 8744 188 388
23476 8745 185 389
23476 8746 183 388
23476 8747 183 386
24528 9073 631 448
24528 9074 633 448
24528 9075 632 451
24528 9076 634 433
24528 9077 630 434
24528 9078 629 435
24528 9079 626 437
24528 9080 624 435
24528 9081 622 435
24528 9082 618 435
24528 9083 615 436
24528 9084 614 434
24528 9085 611 433
24528 9086 607 434
24528 9087 607 434
24528 9088 603 433
24528 9089 601 434
24528 9090 599 434
24528 9091 597 432
24528 9092 595 434
24528 9093 593 433
24528 9094 590 433
24528 9095 588 435
24528 9096 586 432
24528 9097 584 433
24528 9098 581 433
24528 9099 578 434
24528 9100 576 431
24528 9101 574 433
24528 9102 571 427
24528 9103 569 433
24528 9104 567 433
24528 9105 566 432
25994 9670 609 437
25994 9671 608 434
25994 9672 606 434
25994 9673 604 434
25994 9674 603 434
25994 9675 602 434
25994 9676 598 434
25994 9677 597 437
25994 9678 594 435
25994 9679 590 435
25994 9680 590 433
25994 9681 589 432
25994 9682 587 431
25994 9683 583 429
25994 9684 579 430
25994 9685 578 429
25994 9686 574 435
25994 9687 572 431
25994 9688 570 429
25994 9689 567 430
25994 9690 563 431
25994 9691 559 425
25994 9692 559 425
25994 9693 555 426
25994 9694 551 426
25994 9695 551 424
25994 9696 549 422
25994 9697 547 424
25994 9698 541 428
25994 9699 542 423
25994 9700 539 422
25994 9701 536 417
25994 9702 533 421
25994 9703 530 421
25994 9704 528 418
25994 9705 526 417
25994 9706 524 417
25994 9707 521 414
25994 9708 519 415
25994 9709 517 412
25994 9710 516 412
25994 9711 512 419
25994 9712 516 408
25994 9713 510 417
25994 9714 509 416
25994 9715 506 418
26432 9886 336 403
26432 9887 331 406
26432 9888 329 404
26432 9889 324 403
26432 9890 322 407
26432 9891 317 407
26432 9892 316 412
26432 9893 312 412
26432 9894 308 409
26432 9895 307 413
26432 9896 302 407
26432 9897 298 407
26432 9898 296 408
26432 9899 294 406
26432 9900 290 406
26432 9901 286 406
26432 9902 283 406
26432 9903 281 405
26432 9904 277 404
26432 9905 274 406
26432 9906 271 405
26432 9907 267 404
26432 9908 263 404
26432 9909 260 404
26432 9910 258 404
26432 9911 255 403
26432 9912 251 403
26432 9913 249 403
26432 9914 244 403
26432 9915 242 403
26432 9916 238 401
26432 9917 234 401
26432 9918 232 401
26432 9919 230 400
26432 9920 225 399
26432 9921 223 401
26432 9922 219 400
26432 9923 218 401
26432 9924 214 399
26432 9925 208 400
26432 9926 206 399
26432 9927 205 401
26432 9928 198 399
26432 9929 194 400
26432 9930 192 400
26432 9931 190 401
26432 9932 184 401
26432 9933 177 402
26432 9934 171 403
26432 9935 165 403
26432 9936 162 404
26432 9937 157 404
26432 9938 152 404
26432 9939 149 406
26432 9940 142 406
26432 9941 138 408
26432 9942 137 419
26432 9943 139 416
26865 10093 488 267
26865 10094 484 267
26865 10095 481 265
26865 10096 475 264
26865 10097 473 264
26865 10098 469 265
26865 10099 461 264
26865 10100 454 263
26865 10101 447 263
26865 10102 439 262
26865 10103 431 261
26865 10104 424 260
26865 10105 417 263
26865 10106 409 263
26865 10107 411 264
26865 10108 412 263
26865 10109 393 280
27087 10188 573 432
27087 10189 568 426
27087 10190 566 430
27087 10191 563 431
27087 10192 563 429
27087 10193 562 433
27087 10194 566 432
27087 10195 566 430
27087 10196 563 428
27087 10197 561 427
27087 10198 555 429
27087 10199 556 427
27087 10200 553 428
27087 10201 556 428
27087 10202 552 429
27087 10203 550 428
27087 10204 546 425
27087 10205 546 428
27087 10206 547 424
27087 10207 549 427
27087 10208 547 426
27087 10209 541 424
27087 10210 537 422
27087 10211 536 416
27087 10212 536 416
27087 10213 535 416
27087 10214 535 416
27087 10215 530 415
27087 10216 528 414
27087 10217 525 415
27087 10218 526 415
27087 10219 524 414
27087 10220 521 413
27087 10221 516 416
27087 10222 517 412
27087 10223 517 414
27087 10224 515 418
27087 10225 515 412
27087 10226 511 414
27087 10227 508 412
27087 10228 506 413
27087 10229 507 409
27087 10230 505 413
27087 10231 500 409
27087 10232 497 413
27087 10233 495 412
27087 10234 498 408
27087 10235 496 410
27087 10236 496 415
27087 10237 494 416
27087 10238 486 416
27087 10239 485 415
27087 10240 482 415
27087 10241 483 413
27634 10435 553 409
27634 10436 551 408
27634 10437 549 407
27634 10438 543 428
27634 10439 537 428
27634 10440 536 422
27634 10441 537 422
27634 10442 534 420
27634 10443 533 420
27634 10444 531 420
27634 10445 526 420
27634 10446 527 421
27634 10447 525 419
27634 10448 521 418
27634 10449 519 419
27634 10450 515 420
27634 10451 516 419
27634 10452 514 417
27634 10453 512 414
27634 10454 507 415
27634 10455 504 419
27634 10456 503 415
27634 10457 503 415
27634 10458 500 413
27634 10459 496 414
27634 10460 493 414
27634 10461 490 417
27634 10462 493 419
27634 10463 488 418
27634 10464 486 418
27634 10465 486 418
27634 10466 481 418
27634 10467 481 417
27634 10468 479 412
28522 10793 155 276
28522 10794 154 271
28522 10795 153 264
28522 10796 152 267
28522 10797 149 269
28522 10798 145 270
28522 10799 147 268
28522 10800 138 272
28522 10801 135 276
28522 10802 131 274
28522 10803 127 279
28522 10804 122 279
28522 10805 118 282
28522 10806 115 280
28522 10807 111 286
28522 10808 108 288
28522 10809 103 290
28522 10810 100 291
28522 10811 96 291
28522 10812 92 292
28522 10813 88 293
28522 10814 84 293
28522 10815 82 292
28522 10816 76 296
28522 10817 72 301
28522 10818 67 303
28522 10819 65 298
28539 10800 155 259
28539 10801 154 261
28539 10802 151 264
28539 10803 148 263
28539 10804 145 266
28539 10805 142 267
28539 10806 138 271
28539 10807 136 273
28539 10808 133 273
28539 10809 130 274
28539 10810 126 276
28539 10811 122 276
28539 10812 119 277
28539 10813 116 280
28539 10814 112 282
28539 10815 107 284
28539 10816 104 285
28539 10817 100 287
28539 10818 98 290
28539 10819 94 290
28539 10820 90 291
28539 10821 87 294
28539 10822 82 294
28539 10823 79 295
28539 10824 75 295
28539 10825 72 296
28539 10826 67 296
28539 10827 63 298
28539 10828 59 300
28539 10829 55 306
28539 10830 51 311
28539 10831 44 313
28539 10832 40 314
28539 10833 35 316
28539 10834 30 318
28539 10835 26 321
28539 10836 19 322
28539 10837 14 325
28539 10838 10 328
28539 10839 7 334
28539 10840 5 334
28625 10843 344 454
28625 10844 346 453
28625 10845 343 455
28625 10846 342 454
28625 10847 339 457
28625 10848 337 457
28625 10849 334 461
28625 10850 331 462
28625 10851 329 463
28625 10852 327 463
28625 10853 325 463
28625 10854 322 464
28625 10855 321 466
28625 10856 316 466
28625 10857 313 466
28625 10858 312 469
28625 10859 310 469
28625 10860 306 470
28625 10861 303 470
28625 10862 299 471
28625 10863 297 471
28625 10864 293 471
28625 10865 290 471
28625 10866 287 472
28625 10867 284 475
28625 10868 279 474
28625 10869 278 475
28625 10870 274 475
28899 11022 157 246
28899 11023 160 248
28899 11024 160 249
28899 11025 163 254
28899 11026 162 252
28899 11027 164 259
28899 11028 163 255
28899 11029 162 256
28899 11030 163 259
28899 11031 161 266
28899 11032 159 262
28899 11033 158 263
28899 11034 158 255
28899 11035 157 260
28899 11036 155 262
28899 11037 153 263
28899 11038 152 264
28899 11039 148 265
28899 11040 146 267
28899 11041 145 269
28899 11042 142 270
28899 11043 139 272
28899 11044 136 274
28899 11045 133 275
28899 11046 129 277
28899 11047 126 278
28899 11048 122 280
28899 11049 122 279
28899 11050 117 278
28899 11051 113 284
28899 11052 108 286
28899 11053 103 288
28899 11054 99 290
28899 11055 95 290
28899 11056 90 292
28899 11057 85 292
28899 11058 79 294
28899 11059 74 294
28899 11060 69 303
28899 11061 67 298
28919 11040 158 252
28919 11041 157 253
28919 11042 156 255
28919 11043 154 256
28919 11044 154 260
28919 11045 150 259
28919 11046 148 261
28919 11047 147 264
28919 11048 144 265
28919 11049 142 265
28919 11050 139 266
28919 11051 138 268
28919 11052 134 272
28919 11053 130 273
28919 11054 126 275
28919 11055 123 276
28919 11056 120 278
28919 11057 115 279
28919 11058 110 282
28919 11059 106 282
28919 11060 100 286
28919 11061 96 285
28919 11062 93 287
28919 11063 90 289
28919 11064 83 292
28919 11065 79 293
28919 11066 75 293
28919 11067 70 294
28919 11068 64 295
28919 11069 61 299
28919 11070 55 304
28919 11071 50 307
28919 11072 45 311
28919 11073 40 311
28919 11074 34 313
28919 11075 28 316
28919 11076 21 318
28919 11077 15 323
28919 11078 8 325
28919 11079 8 327
28919 11080 6 330
28940 11061 144 400
28940 11062 141 399
28940 11063 142 400
28940 11064 146 400
28940 11065 153 400
28940 11066 152 400
28940 11067 154 398
28940 11068 154 397
28940 11069 157 400
28940 11070 162 401
28940 11071 162 400
28940 11072 161 400
28940 11073 162 403
28940 11074 167 399
28940 11075 172 399
28940 11076 172 399
28940 11077 172 397
28940 11078 173 408
28940 11079 178 397
28940 11080 182 399
28940 11081 183 399
28940 11082 182 397
28940 11083 185 395
28940 11084 186 396
28940 11085 190 398
28940 11086 194 398
28940 11087 192 398
28940 11088 195 395
28940 11089 195 398
28940 11090 197 398
28940 11091 204 399
28940 11092 203 398
28940 11093 203 391
28940 11094 205 399
28940 11095 212 392
28940 11096 213 394
28940 11097 214 389
28940 11098 213 382
28940 11099 220 390
28940 11100 228 390
28940 11101 236 389
28940 11102 245 390
28940 11103 256 391
28940 11104 259 394
29665 11393 244 252
29665 11394 248 251
29665 11395 249 251
29665 11396 259 254
29665 11397 272 255
29665 11398 282 255
29665 11399 294 257
29665 11400 305 257
29665 11401 316 257
29665 11402 326 259
29665 11403 338 260
29665 11404 351 262
29665 11405 361 262
29665 11406 350 264
30050 11533 229 382
30050 11534 228 387
30050 11535 228 387
30050 11536 226 386
30050 11537 223 385
30050 11538 221 387
30050 11539 215 390
30050 11540 216 396
30050 11541 217 395
30050 11542 218 403
30050 11543 219 399
30050 11544 222 401
30050 11545 226 403
30050 11546 230 403
30050 11547 230 403
30050 11548 231 403
30050 11549 234 403
30050 11550 237 398
30050 11551 239 404
30050 11552 242 405
30050 11553 242 406
30050 11554 244 405
30050 11555 247 406
30050 11556 248 406
30050 11557 251 407
30050 11558 253 408
30050 11559 254 407
30050 11560 256 407
30050 11561 258 408
30050 11562 261 409
30050 11563 264 409
30050 11564 265 409
30050 11565 265 410
30050 11566 267 410
30050 11567 270 409
30050 11568 271 410
30050 11569 274 411
30050 11570 276 410
30050 11571 275 412
30050 11572 279 412
30540 11791 170 258
30540 11792 166 259
30540 11793 163 261
30540 11794 165 264
30540 11795 175 269
30540 11796 174 265
30540 11797 173 263
30540 11798 167 264
30540 11799 159 266
30540 11800 160 267
30540 11801 155 270
30540 11802 151 272
30540 11803 147 272
30540 11804 143 275
30540 11805 141 277
30540 11806 135 278
30540 11807 127 279
30540 11808 128 281
30540 11809 123 286
30540 11810 118 286
30540 11811 115 290
30540 11812 110 291
30540 11813 104 293
30540 11814 98 296
30540 11815 91 299
30540 11816 83 300
30540 11817 77 300
30540 11818 75 303
31160 12137 459 411
31160 12138 458 414
31160 12139 454 413
31160 12140 454 406
31160 12141 452 408
31160 12142 448 408
31160 12143 444 407
31160 12144 442 404
31160 12145 440 395
31160 12146 438 396
31160 12147 435 395
31160 12148 433 396
31160 12149 429 395
31160 12150 425 394
31160 12151 424 395
31160 12152 423 397
31160 12153 412 389
31160 12154 409 392
31160 12155 406 390
31160 12156 404 388
31160 12157 403 392
31160 12158 398 388
31160 12159 396 389
31173 12140 208 248
31173 12141 201 248
31173 12142 199 247
31173 12143 196 247
31173 12144 192 251
31173 12145 187 250
31173 12146 186 252
31173 12147 182 252
31173 12148 180 256
31173 12149 175 258
31173 12150 171 258
31173 12151 167 259
31173 12152 162 260
31173 12153 158 265
31173 12154 153 268
31173 12155 148 265
31173 12156 145 268
31173 12157 141 272
31173 12158 137 269
31173 12159 133 275
31173 12160 128 277
31173 12161 123 279
31173 12162 118 281
31173 12163 112 282
31173 12164 107 285
31173 12165 102 282
31173 12166 97 289
31173 12167 92 286
31173 12168 87 288
31173 12169 82 290
31173 12170 78 293
31173 12171 73 293
31173 12172 66 295
31173 12173 61 298
31173 12174 54 301
31173 12175 49 307
31173 12176 43 310
31173 12177 36 311
31173 12178 31 312
31173 12179 27 315
31173 12180 18 318
31173 12181 13 321
31173 12182 11 322
31173 12183 7 325
31173 12184 3 324
31180 12145 165 259
31180 12146 167 259
31180 12147 164 263
31180 12148 162 262
31180 12149 157 266
31180 12150 156 268
31180 12151 149 270
31180 12152 143 271
31180 12153 139 274
31180 12154 133 275
31180 12155 129 276
31180 12156 125 279
31180 12157 120 277
31180 12158 115 282
31180 12159 112 284
31180 12160 106 284
31180 12161 101 285
31180 12162 95 290
31180 12163 89 289
31180 12164 84 292
31180 12165 78 293
31180 12166 72 295
31180 12167 71 295
31243 12167 59 307
31243 12168 62 299
31243 12169 56 302
31243 12170 50 305
31243 12171 46 308
31243 12172 40 308
31243 12173 33 311
31243 12174 27 313
31243 12175 20 314
31243 12176 17 319
31243 12177 13 320
31243 12178 10 326
31243 12179 8 327
31243 12180 4 325