75 135 244 301
75 136 241 301
75 137 240 302
75 138 238 301
75 139 237 302
75 140 234 302
75 141 233 302
75 142 231 301
75 143 230 302
75 144 227 303
75 145 227 304
75 146 224 303
75 147 223 304
75 148 220 305
75 149 219 304
75 150 215 304
75 151 217 309
75 152 214 306
75 153 212 307
75 154 209 308
75 155 208 306
75 156 207 307
75 157 204 306
75 158 203 307
75 159 203 307
75 160 200 305
75 161 198 306
75 162 196 309
75 163 194 309
75 164 195 308
75 165 190 310
75 166 187 310
75 167 186 310
75 168 185 310
75 169 184 308
75 170 183 308
75 171 181 310
75 172 179 309
75 173 177 311
75 174 176 312
75 175 173 310
75 176 171 310
75 177 170 312
75 178 167 309
75 179 169 310
75 180 165 312
75 181 163 312
75 182 162 311
75 183 160 314
75 184 158 313
75 185 157 311
75 186 155 313
75 187 153 314
75 188 151 315
75 189 150 315
75 190 147 313
75 191 144 314
75 192 142 312
75 193 140 311
75 194 140 312
75 195 139 315
75 196 137 315
75 197 135 314
75 198 132 314
75 199 130 315
223 263 3 401
223 264 6 406
223 265 7 405
223 266 10 404
223 267 12 404
223 268 16 403
223 269 19 403
223 270 21 401
223 271 24 401
223 272 26 400
223 273 28 399
223 274 32 399
223 275 33 398
223 276 37 396
223 277 41 399
223 278 40 394
223 279 43 393
223 280 46 393
223 281 48 391
223 282 50 391
223 283 52 390
223 284 54 387
223 285 57 392
223 286 59 388
223 287 61 386
223 288 64 386
223 289 65 385
223 290 68 384
223 291 71 383
223 292 73 382
223 293 75 380
223 294 79 380
223 295 81 379
223 296 82 378
255 296 88 382
255 297 87 378
255 298 89 376
255 299 91 375
255 300 94 375
255 301 95 379
255 302 100 374
255 303 103 372
255 304 105 371
255 305 106 369
255 306 110 370
255 307 112 369
255 308 114 374
255 309 117 372
255 310 119 366
255 311 123 359
255 312 126 360
255 313 125 362
255 314 129 359
255 315 129 359
255 316 132 359
255 317 133 360
255 318 137 360
255 319 137 358
255 320 138 354
255 321 140 355
255 322 140 353
255 323 141 355
255 324 142 352
255 325 144 347
255 326 143 351
255 327 145 349
593 981 319 253
593 982 323 255
593 983 327 255
593 984 333 255
593 985 340 255
593 986 352 264
593 987 349 257
593 988 357 257
593 989 363 257
593 990 368 258
593 991 373 259
593 992 379 259
593 993 385 260
593 994 394 260
593 995 402 263
593 996 409 260
593 997 418 261
593 998 421 266
593 999 428 262
593 1000 435 262
901 1433 453 372
901 1434 457 368
901 1435 460 369
901 1436 462 375
901 1437 468 373
901 1438 471 370
901 1439 473 371
901 1440 478 370
901 1441 480 370
901 1442 480 376
901 1443 485 376
901 1444 491 375
901 1445 491 377
901 1446 497 378
901 1447 500 376
901 1448 503 374
901 1449 504 378
901 1450 510 373
901 1451 514 373
901 1452 516 379
901 1453 520 374
901 1454 523 377
901 1455 527 375
901 1456 531 375
901 1457 535 376
901 1458 537 375
901 1459 543 375
901 1460 545 376
901 1461 549 376
901 1462 551 380
901 1463 553 377
901 1464 557 377
901 1465 560 376
901 1466 561 381
901 1467 566 381
901 1468 569 377
901 1469 571 377
901 1470 573 378
901 1471 577 381
901 1472 580 383
1012 1558 260 251
1012 1559 265 251
1012 1560 267 252
1012 1561 270 254
1012 1562 279 252
1012 1563 280 255
1012 1564 285 253
1012 1565 288 256
1012 1566 292 256
1012 1567 297 254
1012 1568 301 256
1012 1569 308 255
1012 1570 311 255
1012 1571 317 256
1012 1572 321 259
1012 1573 325 257
1012 1574 330 257
1012 1575 333 259
1012 1576 337 258
1012 1577 342 261
1012 1578 350 258
1012 1579 351 260
1012 1580 360 260
1012 1581 364 260
1012 1582 369 260
1012 1583 373 260
1012 1584 376 261
1012 1585 380 261
1012 1586 387 262
1012 1587 392 262
1012 1588 394 264
1012 1589 399 265
1031 1579 228 249
1031 1580 235 251
1031 1581 238 250
1031 1582 242 251
1031 1583 246 252
1031 1584 248 253
1031 1585 253 252
1031 1586 258 253
1031 1587 261 254
1031 1588 264 254
1031 1589 273 254
1031 1590 275 255
1031 1591 278 256
1031 1592 283 256
1031 1593 287 257
1031 1594 290 257
1031 1595 298 256
1031 1596 301 257
1031 1597 305 258
1031 1598 311 259
1031 1599 317 258
1031 1600 321 260
1031 1601 326 260
1031 1602 329 261
1031 1603 335 260
1031 1604 343 260
1031 1605 347 260
1031 1606 350 261
1031 1607 358 261
1031 1608 363 261
1031 1609 367 262
1031 1610 372 263
1031 1611 376 263
1031 1612 381 264
1031 1613 388 264
1031 1614 393 264
1031 1615 396 265
1031 1616 400 266
1031 1617 406 268
1031 1618 414 266
1031 1619 417 269
1031 1620 422 269
1031 1621 429 268
1031 1622 433 270
1031 1623 439 271
1031 1624 446 269
1031 1625 451 270
1031 1626 458 270
1031 1627 464 271
1031 1628 469 271
1031 1629 471 274
1031 1630 478 272
1031 1631 483 273
1187 1787 233 253
1187 1788 242 251
1187 1789 246 252
1187 1790 253 252
1187 1791 259 252
1187 1792 263 254
1187 1793 267 255
1187 1794 274 255
1187 1795 278 255
1187 1796 283 256
1187 1797 291 257
1187 1798 298 257
1187 1799 302 257
1187 1800 312 257
1187 1801 317 259
1187 1802 322 260
1187 1803 329 260
1187 1804 334 260
1187 1805 340 261
1187 1806 349 260
1187 1807 360 255
1187 1808 363 261
1187 1809 370 262
1187 1810 377 262
1187 1811 384 263
1187 1812 394 264
1187 1813 397 266
1187 1814 403 267
1187 1815 412 268
1187 1816 420 268
1187 1817 426 270
1187 1818 434 270
1187 1819 440 271
1187 1820 448 271
1187 1821 458 273
1187 1822 464 273
1187 1823 472 274
1187 1824 482 275
1238 1853 301 253
1238 1854 297 254
1238 1855 302 256
1238 1856 308 256
1238 1857 314 256
1238 1858 318 257
1238 1859 329 257
1238 1860 336 257
1238 1861 339 259
1238 1862 343 259
1238 1863 350 260
1238 1864 356 261
1238 1865 362 262
1238 1866 367 262
1238 1867 373 267
1238 1868 373 260
1238 1869 389 265
1238 1870 398 262
1238 1871 402 264
1238 1872 411 265
1238 1873 415 266
1238 1874 421 266
1990 2772 240 250
1990 2773 246 250
1990 2774 251 250
1990 2775 255 251
1990 2776 260 251
1990 2777 264 253
1990 2778 268 254
1990 2779 274 255
1990 2780 280 255
1990 2781 285 255
1990 2782 291 256
1990 2783 298 255
1990 2784 303 257
1990 2785 308 257
1990 2786 316 255
1990 2787 318 258
1990 2788 323 258
1990 2789 329 259
1990 2790 334 260
1990 2791 342 259
1990 2792 344 258
1990 2793 352 259
1990 2794 358 259
1990 2795 363 259
1990 2796 368 261
1990 2797 373 263
2080 2886 88 295
2080 2887 85 295
2080 2888 82 298
2080 2889 78 299
2080 2890 73 300
2080 2891 70 301
2080 2892 69 303
2080 2893 63 304
2080 2894 59 306
2080 2895 56 311
2080 2896 52 311
2080 2897 47 311
2080 2898 43 313
2080 2899 37 315
2080 2900 33 316
2080 2901 29 318
2080 2902 26 317
2080 2903 24 320
2080 2904 21 322
2080 2905 17 323
2080 2906 13 326
2080 2907 8 328
2080 2908 6 330
2080 2909 4 331
2351 3415 234 253
2351 3416 239 249
2351 3417 241 252
2351 3418 245 251
2351 3419 249 252
2351 3420 255 250
2351 3421 260 251
2351 3422 264 251
2351 3423 266 251
2351 3424 269 254
2351 3425 275 251
2351 3426 277 255
2351 3427 282 255
2351 3428 287 254
2351 3429 291 256
2351 3430 296 257
2351 3431 302 256
2351 3432 304 255
2351 3433 309 257
2351 3434 315 255
2351 3435 319 257
2351 3436 324 258
2351 3437 329 259
2351 3438 334 261
2351 3439 341 259
2351 3440 347 258
2351 3441 351 259
2351 3442 358 258
2351 3443 362 258
2351 3444 366 260
2351 3445 371 259
2351 3446 377 261
2351 3447 383 261
2351 3448 389 262
2351 3449 394 262
2351 3450 398 263
2351 3451 403 266
2351 3452 408 266
2351 3453 411 267
2351 3454 418 266
2351 3455 425 266
2351 3456 430 268
2351 3457 435 269
2351 3458 441 266
2351 3459 446 267
2351 3460 453 268
2351 3461 456 269
2351 3462 462 268
2351 3463 468 269
2351 3464 474 267
2351 3465 477 272
2351 3466 482 273
2351 3467 488 273
2623 3844 487 266
2623 3845 485 264
2623 3846 480 263
2623 3847 473 263
2623 3848 467 263
2623 3849 457 261
2623 3850 450 261
2623 3851 440 260
2623 3852 431 259
2623 3853 422 259
2623 3854 408 258
2623 3855 400 256
2623 3856 393 257
2623 3857 381 256
2623 3858 370 254
2623 3859 364 254
2623 3860 353 251
2623 3861 346 251
2623 3862 339 251
2623 3863 328 250
2623 3864 318 249
2623 3865 311 249
2623 3866 300 249
2623 3867 291 247
2623 3868 286 247
2623 3869 277 246
2623 3870 269 246
2728 4184 215 247
2728 4185 203 246
2728 4186 208 246
2728 4187 214 247
2728 4188 217 249
2728 4189 223 251
2728 4190 228 248
2728 4191 235 249
2728 4192 242 251
2728 4193 248 249
2728 4194 255 251
2728 4195 262 251
2728 4196 268 253
2728 4197 273 252
2728 4198 279 253
2728 4199 283 254
2728 4200 289 254
2728 4201 298 254
2728 4202 303 255
2728 4203 308 255
2728 4204 314 258
2728 4205 318 258
2728 4206 327 257
2728 4207 333 260
2728 4208 340 259
2728 4209 346 259
2728 4210 357 260
2728 4211 361 259
2728 4212 368 261
2802 4246 7 475
2802 4247 10 475
2802 4248 11 475
2802 4249 13 473
2802 4250 16 472
2802 4251 17 471
2802 4252 19 470
2802 4253 22 471
2802 4254 24 470
2802 4255 25 467
2802 4256 27 468
2802 4257 29 466
2802 4258 31 466
2802 4259 32 466
2802 4260 34 460
2802 4261 37 460
2802 4262 38 461
2802 4263 40 459
2802 4264 41 456
2802 4265 42 457
2802 4266 47 457
2802 4267 48 455
2802 4268 49 458
2802 4269 52 452
2802 4270 54 450
2802 4271 57 448
2802 4272 59 446
2802 4273 66 442
2802 4274 69 444
2802 4275 70 439
2802 4276 72 437
2802 4277 74 436
2802 4278 76 436
2802 4279 78 431
2802 4280 79 427
2802 4281 81 430
2802 4282 82 430
2961 4418 396 260
2961 4419 390 260
2961 4420 385 259
2961 4421 376 258
2961 4422 367 258
2961 4423 379 253
2961 4424 372 259
2961 4425 377 259
2961 4426 382 260
2961 4427 387 260
2961 4428 397 263
2961 4429 410 265
2961 4430 420 265
2961 4431 429 265
2961 4432 436 265
2961 4433 449 267
2961 4434 454 269
2961 4435 465 268
2961 4436 474 269
2961 4437 477 270
2961 4438 481 271
2961 4439 487 268
2961 4440 489 277
3243 4760 230 248
3243 4761 244 250
3243 4762 250 251
3243 4763 257 251
3243 4764 266 251
3243 4765 271 254
3243 4766 279 255
3243 4767 290 253
3243 4768 300 253
3243 4769 309 255
3243 4770 317 258
3243 4771 324 259
3243 4772 330 258
3243 4773 342 258
3243 4774 351 258
3243 4775 360 260
3983 5729 469 361
3983 5730 471 358
3983 5731 466 359
3983 5732 463 356
3983 5733 462 357
3983 5734 459 356
3983 5735 454 353
3983 5736 452 354
3983 5737 451 351
3983 5738 448 349
3983 5739 443 347
3983 5740 441 350
3983 5741 441 347
3983 5742 436 345
3983 5743 433 345
3983 5744 434 348
3983 5745 429 346
3983 5746 426 344
3983 5747 423 343
3983 5748 421 344
3983 5749 419 340
3983 5750 415 336
3983 5751 416 335
3983 5752 413 338
3983 5753 409 338
3983 5754 405 336
3983 5755 404 335
3983 5756 401 337
3983 5757 399 334
3983 5758 396 332
3983 5759 395 332
3983 5760 394 333
3983 5761 391 329
4003 5764 381 326
4003 5765 381 328
4003 5766 378 325
4003 5767 378 328
4003 5768 376 326
4003 5769 372 325
4003 5770 371 323
4003 5771 370 324
4003 5772 367 322
4003 5773 364 320
4003 5774 363 322
4003 5775 362 319
4003 5776 360 319
4003 5777 358 317
4003 5778 357 317
4003 5779 354 314
4003 5780 352 315
4003 5781 350 315
4003 5782 349 313
4003 5783 347 314
4003 5784 345 312
4003 5785 343 312
4003 5786 341 313
4003 5787 339 310
4003 5788 338 308
4003 5789 336 310
4003 5790 334 310
4003 5791 333 310
4003 5792 331 307
4003 5793 329 306
4003 5794 327 307
4003 5795 325 302
4003 5796 324 302
4003 5797 323 303
4003 5798 320 304
4003 5799 319 300
4003 5800 318 301
4003 5801 316 300
4003 5802 315 300
4003 5803 314 299
4003 5804 312 298
4003 5805 311 299
4003 5806 310 297
4003 5807 308 297
4003 5808 307 298
4003 5809 305 293
4003 5810 304 295
4003 5811 301 293
4003 5812 302 295
4003 5813 300 294
4003 5814 301 291
4003 5815 298 292
4003 5816 296 292
4003 5817 294 290
4003 5818 294 286
4048 5835 231 258
4048 5836 234 257
4048 5837 235 256
4048 5838 236 256
4048 5839 238 252
4048 5840 239 254
4048 5841 241 254
4048 5842 244 252
4048 5843 246 254
4048 5844 246 254
4048 5845 248 254
4048 5846 251 253
4048 5847 253 254
4048 5848 255 253
4048 5849 257 253
4048 5850 259 255
4048 5851 260 254
4048 5852 263 252
4048 5853 264 253
4048 5854 266 253
4048 5855 267 253
4048 5856 270 251
4048 5857 274 251
4048 5858 275 254
4048 5859 275 253
4048 5860 277 253
4048 5861 279 253
4048 5862 282 253
4048 5863 282 251
4048 5864 284 249
4048 5865 288 252
4048 5866 288 252
4048 5867 291 252
4048 5868 291 250
4048 5869 294 253
4048 5870 295 250
4048 5871 298 249
4048 5872 299 248
4048 5873 300 250
4048 5874 303 248
4048 5875 303 247
4048 5876 307 249
4048 5877 308 250
4048 5878 309 252
4048 5879 310 249
4048 5880 314 247
4048 5881 315 250
4048 5882 316 252
4048 5883 320 249
4048 5884 321 249
4048 5885 322 251
4048 5886 323 251
4048 5887 325 248
4048 5888 327 250
4048 5889 330 248
4048 5890 330 249
4048 5891 332 248
4048 5892 334 249
4048 5893 337 251
4048 5894 339 249
4048 5895 339 249
4048 5896 340 250
4048 5897 340 250
4048 5898 343 246
4048 5899 345 248
4048 5900 347 248
4048 5901 347 249
4048 5902 348 247
4048 5903 349 247
4048 5904 353 247
4048 5905 354 247
4048 5906 354 246
4048 5907 356 248
4048 5908 357 248
4129 5962 351 336
4129 5963 351 339
4129 5964 352 339
4129 5965 354 338
4129 5966 355 339
4129 5967 356 341
4129 5968 356 342
4129 5969 358 344
4129 5970 360 345
4129 5971 361 345
4129 5972 365 344
4129 5973 363 346
4129 5974 364 347
4129 5975 366 347
4129 5976 367 348
4129 5977 368 349
4129 5978 371 352
4129 5979 371 351
4129 5980 372 353
4129 5981 375 355
4129 5982 376 357
4129 5983 376 354
4129 5984 377 356
4129 5985 376 356
4129 5986 380 362
4129 5987 382 357
4129 5988 383 359
4129 5989 385 360
4129 5990 387 363
4129 5991 386 359
4129 5992 389 363
4129 5993 391 364
4129 5994 392 366
4129 5995 394 365
4129 5996 395 367
4129 5997 397 369
4129 5998 400 369
4129 5999 400 371
4129 6000 401 371
4129 6001 403 372
4129 6002 403 373
4129 6003 405 374
4129 6004 408 375
4129 6005 412 378
4129 6006 409 380
4129 6007 412 378
4129 6008 414 379
4129 6009 415 383
4129 6010 417 382
4129 6011 417 381
4129 6012 420 383
4129 6013 421 385
4129 6014 424 389
4129 6015 428 388
4129 6016 427 389
4129 6017 429 390
4129 6018 430 391
4129 6019 432 392
4129 6020 433 395
4129 6021 436 396
4129 6022 438 396
4129 6023 440 400
4129 6024 441 396
4129 6025 443 400
4129 6026 445 400
4129 6027 447 402
4129 6028 448 403
4129 6029 448 403
4164 6008 178 261
4164 6009 179 257
4164 6010 178 259
4164 6011 182 258
4164 6012 173 260
4164 6013 171 260
4164 6014 176 260
4164 6015 173 261
4164 6016 170 262
4164 6017 160 265
4164 6018 164 264
4164 6019 161 266
4164 6020 157 267
4164 6021 148 270
4164 6022 152 270
4164 6023 147 271
4164 6024 144 272
4164 6025 135 275
4164 6026 138 275
4164 6027 134 277
4164 6028 131 278
4164 6029 127 280
4164 6030 123 280
4164 6031 118 284
4164 6032 114 286
4164 6033 110 287
4164 6034 105 290
4164 6035 100 292
4164 6036 110 289
4193 6036 88 295
4193 6037 91 296
4193 6038 85 298
4193 6039 80 301
4193 6040 75 304
4193 6041 70 305
4193 6042 63 309
4193 6043 56 312
4193 6044 51 314
4193 6045 47 317
4193 6046 41 319
4193 6047 34 322
4193 6048 28 324
4193 6049 25 328
4193 6050 22 328
4193 6051 18 331
4193 6052 17 330
4193 6053 13 332
4193 6054 10 334
4193 6055 7 337
4193 6056 3 335
4270 6167 382 247
4270 6168 386 246
4270 6169 385 264
4270 6170 394 257
4270 6171 389 260
4270 6172 399 271
4270 6173 402 271
4270 6174 406 272
4270 6175 411 271
4270 6176 413 272
4270 6177 419 272
4270 6178 422 272
4270 6179 423 272
4270 6180 429 272
4270 6181 432 272
4270 6182 437 272
4270 6183 440 274
4270 6184 442 273
4270 6185 444 274
4270 6186 448 278
4270 6187 451 275
4270 6188 456 274
4270 6189 460 276
4270 6190 464 275
4270 6191 468 275
4270 6192 470 276
4270 6193 472 277
4270 6194 478 277
4270 6195 481 277
4270 6196 483 275
5079 7457 490 266
5079 7458 483 265
5079 7459 476 264
5079 7460 473 264
5079 7461 467 264
5079 7462 455 264
5079 7463 446 262
5079 7464 435 260
5079 7465 426 260
5079 7466 416 259
5079 7467 407 259
5079 7468 399 258
5079 7469 390 258
5079 7470 378 257
5079 7471 368 256
5079 7472 358 254
5079 7473 349 255
5079 7474 339 253
5079 7475 329 251
5079 7476 321 252
5079 7477 323 251
5528 8155 203 249
5528 8156 198 255
5528 8157 192 258
5528 8158 189 258
5528 8159 188 259
5528 8160 186 260
5528 8161 184 261
5528 8162 180 262
5528 8163 181 262
5528 8164 182 260
5528 8165 179 263
5528 8166 176 265
5528 8167 174 265
5528 8168 172 265
5528 8169 169 266
5528 8170 165 267
5528 8171 166 270
5528 8172 161 270
5528 8173 162 271
5528 8174 161 269
5528 8175 156 273
5528 8176 151 275
5528 8177 152 275
5528 8178 149 276
5528 8179 144 278
5528 8180 142 279
5528 8181 139 280
5528 8182 140 281
5528 8183 136 283
5528 8184 130 284
5528 8185 131 285
5528 8186 127 286
5528 8187 123 289
5528 8188 116 290
5528 8189 116 291
5528 8190 113 293
5528 8191 117 292
5558 8191 101 296
5558 8192 105 296
5558 8193 96 297
5558 8194 98 299
5558 8195 93 301
5558 8196 90 303
5558 8197 85 305
5558 8198 80 306
5558 8199 76 308
5558 8200 70 311
5558 8201 66 312
5558 8202 58 316
5558 8203 59 316
5558 8204 55 318
5558 8205 49 320
5558 8206 44 323
5558 8207 35 325
5558 8208 35 327
5558 8209 29 327
5558 8210 27 331
5558 8211 23 333
5558 8212 15 334
5558 8213 20 336
5558 8214 17 335
5558 8215 14 337
5558 8216 13 337
5558 8217 11 339
5558 8218 6 337
5931 8699 253 247
5931 8700 245 250
5931 8701 250 250
5931 8702 255 253
5931 8703 260 253
5931 8704 270 253
5931 8705 279 254
5931 8706 287 253
5931 8707 294 253
5931 8708 297 256
5931 8709 305 255
5931 8710 316 256
5931 8711 323 255
5931 8712 330 257
5931 8713 336 258
5931 8714 344 258
5931 8715 354 259
5931 8716 362 260
5931 8717 365 262
5931 8718 374 261
5931 8719 383 262
5931 8720 390 263
5931 8721 397 264
5931 8722 410 264
5931 8723 419 265
6079 9006 410 398
6079 9007 411 394
6079 9008 414 394
6079 9009 414 394
6079 9010 418 392
6079 9011 418 390
6079 9012 422 391
6079 9013 425 391
6079 9014 427 390
6079 9015 430 392
6079 9016 433 389
6079 9017 436 391
6079 9018 438 392
6079 9019 441 392
6079 9020 442 386
6079 9021 446 390
6079 9022 448 390
6079 9023 451 386
6079 9024 453 390
6079 9025 457 387
6079 9026 459 385
6079 9027 461 388
6079 9028 463 390
6079 9029 468 384
6079 9030 469 388
6079 9031 471 387
6079 9032 473 388
6079 9033 475 388
6079 9034 477 388
6079 9035 482 384
6079 9036 482 384
6079 9037 485 388
6079 9038 489 383
6079 9039 489 386
6079 9040 493 384
6079 9041 496 382
6079 9042 496 385
6079 9043 498 387
6079 9044 502 382
6079 9045 503 386
6079 9046 507 384
6079 9047 512 381
6079 9048 511 383
6079 9049 514 381
6079 9050 515 383
6553 9958 348 253
6553 9959 351 255
6553 9960 352 255
6553 9961 348 257
6553 9962 358 258
6553 9963 365 259
6553 9964 371 261
6553 9965 379 260
6553 9966 385 262
6553 9967 397 263
6553 9968 408 264
6553 9969 415 265
6553 9970 424 265
6553 9971 432 266
6553 9972 441 266
6553 9973 454 268
6553 9974 462 269
6553 9975 468 269
6553 9976 479 271
6553 9977 488 274
7146 10804 488 271
7146 10805 480 266
7146 10806 476 264
7146 10807 469 264
7146 10808 464 264
7146 10809 457 262
7146 10810 446 262
7146 10811 436 263
7146 10812 430 263
7146 10813 423 259
7146 10814 415 259
7146 10815 403 261
7146 10816 399 260
7146 10817 390 259
7146 10818 382 259
7146 10819 374 259
7146 10820 373 256
7146 10821 383 252
7146 10822 381 257
7444 11145 113 475
7444 11146 114 473
7444 11147 116 472
7444 11148 119 471
7444 11149 122 469
7444 11150 123 468
7444 11151 125 467
7444 11152 129 464
7444 11153 129 463
7444 11154 131 462
7444 11155 133 461
7444 11156 135 459
7444 11157 137 457
7444 11158 138 457
7444 11159 141 455
7444 11160 143 454
7444 11161 145 453
7444 11162 147 450
7444 11163 147 450
7444 11164 149 448
7444 11165 153 447
7444 11166 154 445
7444 11167 154 443
7444 11168 157 442
7444 11169 158 442
7444 11170 161 442
7444 11171 163 439
7444 11172 164 438
7444 11173 166 437
7444 11174 169 435
7444 11175 169 434
7444 11176 172 434
7444 11177 173 432
7444 11178 175 431
7444 11179 177 429
7444 11180 179 427
7444 11181 179 428
7444 11182 181 426
7444 11183 186 425
7444 11184 187 423
7444 11185 188 422
7444 11186 190 422
7444 11187 192 420
7444 11188 194 420
7444 11189 195 419
7768 11631 424 263
7768 11632 418 262
7768 11633 414 262
7768 11634 411 260
7768 11635 401 261
7768 11636 398 260
7768 11637 392 260
7768 11638 387 260
7768 11639 384 257
7768 11640 377 259
7768 11641 372 258
7768 11642 365 258
7768 11643 361 254
7768 11644 352 258
7768 11645 351 256
7768 11646 345 256
7768 11647 339 256
7768 11648 335 254
7768 11649 330 254
7768 11650 324 254
7768 11651 321 254
7768 11652 317 253
7768 11653 309 255
7768 11654 306 253
7768 11655 301 253
7768 11656 299 251
7768 11657 298 246
7974 11986 473 475
7974 11987 473 474
7974 11988 475 474
7974 11989 474 473
7974 11990 477 472
7974 11991 479 471
7974 11992 480 471
7974 11993 482 470
7974 11994 484 468
7974 11995 485 469
7974 11996 484 464
7974 11997 489 465
7974 11998 490 464
7974 11999 492 462
7974 12000 491 462
7974 12001 493 459
7974 12002 495 458
7974 12003 498 459
7974 12004 498 457
7974 12005 500 456
7974 12006 501 457
7974 12007 503 454
7974 12008 504 452
7974 12009 504 452
7974 12010 506 450
7974 12011 506 447
7974 12012 507 446
7974 12013 507 444
7974 12014 509 446
7974 12015 511 444
7974 12016 512 442
7974 12017 514 442
7974 12018 515 440
7974 12019 516 438
7974 12020 517 438
7974 12021 517 436
7974 12022 517 435
7974 12023 519 435
7974 12024 520 431
7974 12025 521 433
7974 12026 523 432
7974 12027 524 428
7974 12028 526 427
7974 12029 527 425
7974 12030 527 427
7974 12031 528 425
7974 12032 529 425
7974 12033 529 422
7974 12034 530 421
7974 12035 532 421
7974 12036 533 418
8360 12509 476 261
8360 12510 471 265
8360 12511 465 264
8360 12512 458 264
8360 12513 453 264
8360 12514 447 263
8360 12515 438 262
8360 12516 433 262
8360 12517 426 261
8360 12518 417 261
8360 12519 412 259
8360 12520 404 259
8360 12521 394 261
8360 12522 389 257
8360 12523 384 257
8360 12524 376 257
8360 12525 370 256
8360 12526 362 255
8360 12527 354 255
8360 12528 349 254
8360 12529 341 253
8701 12926 464 270
8701 12927 456 269
8701 12928 450 269
8701 12929 439 267
8701 12930 430 267
8701 12931 424 267
8701 12932 415 265
8701 12933 405 265
8701 12934 399 265
8701 12935 391 264
8701 12936 384 263
8701 12937 378 263
8701 12938 374 258
8701 12939 360 261
8701 12940 352 260
8701 12941 344 259
8701 12942 336 259
8701 12943 331 259
8768 13032 634 476
8768 13033 632 475
8768 13034 629 475
8768 13035 627 474
8768 13036 625 474
8768 13037 620 473
8768 13038 621 473
8768 13039 618 472
8768 13040 616 471
8768 13041 614 471
8768 13042 612 469
8768 13043 610 468
8768 13044 607 469
8768 13045 604 469
8768 13046 603 466
8768 13047 601 466
8768 13048 598 463
8768 13049 594 462
8768 13050 595 462
8768 13051 592 460
8768 13052 590 461
8768 13053 588 462
8768 13054 584 457
8768 13055 581 462
8768 13056 578 454
8768 13057 573 453
8768 13058 568 450
8768 13059 563 448
9451 13607 487 454
9451 13608 486 455
9451 13609 478 451
9451 13610 470 445
9451 13611 467 445
9451 13612 466 440
9451 13613 463 438
9451 13614 461 440
9451 13615 458 433
9451 13616 454 432
9451 13617 451 432
9451 13618 449 431
9451 13619 447 430
9451 13620 445 426
9451 13621 442 424
9451 13622 438 428
9451 13623 438 423
9451 13624 438 418
10002 14096 389 265
10002 14097 390 260
10002 14098 381 257
10002 14099 378 263
10002 14100 389 263
10002 14101 393 264
10002 14102 403 265
10002 14103 411 265
10002 14104 416 266
10002 14105 425 266
10002 14106 427 268
10002 14107 437 267
10002 14108 443 270
10002 14109 449 270
10002 14110 454 272
10002 14111 466 270
10002 14112 471 274
10002 14113 476 274
10002 14114 483 272
10248 14377 318 257
10248 14378 318 259
10248 14379 321 260
10248 14380 328 260
10248 14381 335 260
10248 14382 344 260
10248 14383 349 262
10248 14384 358 261
10248 14385 362 264
10248 14386 371 263
10248 14387 377 263
10248 14388 381 264
10248 14389 388 264
10248 14390 397 266
10248 14391 403 265
10248 14392 409 266
10248 14393 416 266
10248 14394 425 266
10248 14395 432 268
10248 14396 438 269
10248 14397 443 270
10248 14398 452 272
10248 14399 462 270
10248 14400 464 272
10248 14401 474 272
10248 14402 478 274
10248 14403 485 274
10841 15231 115 289
10841 15232 112 292
10841 15233 110 292
10841 15234 112 291
10841 15235 115 290
10841 15236 116 289
10841 15237 121 286
10841 15238 126 285
10841 15239 124 285
10841 15240 128 285
10841 15241 131 283
10841 15242 130 283
10841 15243 133 282
10841 15244 136 278
10841 15245 137 281
10841 15246 143 278
10841 15247 142 276
10841 15248 146 278
10841 15249 148 275
10841 15250 149 275
10841 15251 147 276
10841 15252 151 275
10841 15253 149 275
10841 15254 154 273
10841 15255 156 271
10841 15256 158 272
10841 15257 158 272
10841 15258 161 271
10841 15259 161 270
10841 15260 163 269
10841 15261 166 267
10841 15262 167 268
10841 15263 169 268
10841 15264 169 267
10841 15265 174 265
10841 15266 173 266
10841 15267 175 265
10841 15268 179 263
10841 15269 178 264
10841 15270 178 263
10841 15271 180 262
10969 15443 187 246
10969 15444 189 246
10969 15445 198 246
10969 15446 205 246
10969 15447 208 248
10969 15448 215 250
10969 15449 219 256
10969 15450 228 248
10969 15451 232 253
10969 15452 243 251
10969 15453 249 251
10969 15454 256 252
10969 15455 265 254
10969 15456 271 254
10969 15457 274 256
10969 15458 284 255
10969 15459 292 257
10969 15460 300 255
10969 15461 308 259
10969 15462 314 259
11012 15481 332 262
11012 15482 340 261
11012 15483 341 259
11012 15484 342 253
11012 15485 336 258
11012 15486 340 259
11012 15487 345 260
11012 15488 355 261
11012 15489 361 260
11012 15490 368 262
11012 15491 379 263
11012 15492 388 264
11012 15493 392 264
11012 15494 405 266
11012 15495 414 267
11012 15496 420 267
11012 15497 429 269
11012 15498 436 269
11321 15829 196 249
11321 15830 198 247
11321 15831 204 247
11321 15832 211 248
11321 15833 215 249
11321 15834 224 250
11321 15835 231 252
11321 15836 242 251
11321 15837 248 252
11321 15838 254 252
11321 15839 262 253
11321 15840 269 255
11321 15841 274 256
11321 15842 283 255
11321 15843 292 257
11321 15844 299 257
11321 15845 305 256
11321 15846 317 259
11321 15847 322 258
11321 15848 328 260
11321 15849 339 260
11321 15850 345 260
11321 15851 350 262
11321 15852 362 262
11321 15853 371 263
11321 15854 376 264
11321 15855 388 264
11321 15856 396 265
11321 15857 403 266
11321 15858 412 266
11986 16456 361 267
11986 16457 368 266
11986 16458 365 260
11986 16459 359 256
11986 16460 351 258
11986 16461 341 255
11986 16462 331 256
11986 16463 325 256
11986 16464 318 253
11986 16465 308 252
11986 16466 300 252
11986 16467 292 253
11986 16468 292 249
11986 16469 279 252
11986 16470 277 248
11986 16471 264 249
11986 16472 259 248
11986 16473 251 247
11986 16474 245 246
12104 16543 485 264
12104 16544 484 266
12104 16545 479 261
12104 16546 471 261
12104 16547 455 259
12104 16548 448 259
12104 16549 440 258
12104 16550 428 256
12104 16551 421 256
12104 16552 412 255
12104 16553 397 254
12104 16554 387 253
12104 16555 383 247
12104 16556 373 248
12104 16557 365 247
12525 16979 251 254
12525 16980 258 254
12525 16981 270 254
12525 16982 277 255
12525 16983 282 256
12525 16984 290 257
12525 16985 299 256
12525 16986 309 257
12525 16987 319 258
12525 16988 328 259
12525 16989 337 259
12525 16990 348 261
12525 16991 358 261
12525 16992 366 262
12525 16993 376 263
12525 16994 384 266
13436 18215 289 256
13436 18216 295 256
13436 18217 301 254
13436 18218 303 256
13436 18219 307 258
13436 18220 312 257
13436 18221 316 259
13436 18222 319 259
13436 18223 324 256
13436 18224 327 260
13436 18225 333 260
13436 18226 336 258
13436 18227 341 259
13436 18228 347 260
13436 18229 350 260
13436 18230 353 261
13436 18231 359 262
13436 18232 363 260
13436 18233 367 262
13436 18234 374 264
13436 18235 378 263
13436 18236 383 263
13436 18237 390 263
13436 18238 396 263
13436 18239 399 264
13436 18240 405 265
13436 18241 409 265
13436 18242 414 266
13436 18243 421 266