1 2 213 345
1 3 215 352
1 4 221 349
1 5 222 348
1 6 224 347
1 7 226 348
1 8 228 348
1 9 231 349
1 10 235 351
1 11 235 351
1 12 236 350
1 13 238 351
1 14 239 352
1 15 240 351
1 16 244 352
1 17 246 353
1 18 248 354
1 19 250 353
1 20 254 351
1 21 254 356
1 22 256 356
1 23 257 356
1 24 260 356
1 25 262 357
1 26 266 358
1 27 266 358
1 28 270 357
1 29 271 357
1 30 274 360
1 31 276 362
1 32 277 360
1 33 280 363
1 34 281 363
1 35 283 364
1 36 284 363
1 37 288 363
1 38 290 366
1 39 293 368
1 40 293 366
1 41 295 366
1 42 299 369
1 43 301 370
1 44 302 369
1 45 306 369
1 46 305 368
65 75 382 392
65 76 383 392
65 77 388 392
65 78 389 390
65 79 391 394
65 80 393 396
65 81 395 397
65 82 399 397
65 83 403 399
65 84 405 400
65 85 406 400
65 86 411 399
65 87 412 403
65 88 415 404
65 89 418 403
65 90 420 403
65 91 425 406
65 92 426 408
65 93 428 407
65 94 430 407
65 95 435 411
65 96 437 412
65 97 440 410
65 98 444 413
65 99 447 410
65 100 449 412
65 101 453 411
65 102 455 413
65 103 459 412
65 104 462 419
65 105 464 415
65 106 468 421
65 107 472 420
65 108 474 420
65 109 477 422
65 110 481 425
65 111 485 422
65 112 488 424
65 113 490 426
65 114 495 426
65 115 498 426
65 116 501 428
65 117 507 427
65 118 510 426
65 119 514 431
65 120 518 432
65 121 519 435
65 122 523 432
65 123 525 434
65 124 528 434
65 125 533 436
65 126 536 435
65 127 539 435
65 128 541 437
65 129 545 439
65 130 551 439
65 131 554 439
65 132 558 440
65 133 562 443
65 134 566 444
65 135 570 443
65 136 573 443
65 137 576 446
65 138 579 447
65 139 582 445
65 140 584 445
65 141 590 449
65 142 592 449
65 143 594 447
65 144 603 447
65 145 600 450
65 146 605 450
65 147 606 449
65 148 613 447
65 149 613 445
65 150 616 446
140 148 197 259
140 149 196 259
140 150 195 261
140 151 194 260
140 152 192 259
140 153 190 260
140 154 188 261
140 155 188 260
140 156 186 260
140 157 182 261
140 158 182 260
140 159 180 261
140 160 177 262
140 161 175 263
140 162 174 263
140 163 172 261
140 164 171 261
140 165 168 263
140 166 168 263
140 167 164 263
140 168 163 263
140 169 161 262
140 170 160 264
140 171 156 264
140 172 155 263
140 173 154 264
140 174 152 264
140 175 149 265
140 176 147 265
140 177 146 266
140 178 144 266
140 179 141 265
140 180 141 266
140 181 139 266
140 182 137 266
140 183 135 267
140 184 133 267
140 185 133 267
140 186 131 267
140 187 128 268
140 188 126 268
140 189 125 267
140 190 123 268
140 191 122 269
140 192 119 270
140 193 118 269
140 194 115 270
140 195 113 270
140 196 111 270
140 197 109 270
140 198 108 270
140 199 106 270
140 200 104 269
140 201 103 270
140 202 100 270
140 203 99 270
140 204 98 270
140 205 94 270
140 206 94 270
140 207 91 271
140 208 91 271
140 209 92 272
140 210 87 271
140 211 84 270
140 212 83 270
140 213 82 271
140 214 79 270
140 215 77 269
140 216 77 273
140 217 74 270
140 218 73 272
158 159 530 409
158 160 527 403
158 161 526 402
158 162 524 401
158 163 523 403
158 164 521 405
158 165 518 408
158 166 516 405
158 167 515 406
158 168 513 410
158 169 513 407
158 170 510 411
158 171 510 412
158 172 508 414
158 173 507 412
158 174 506 414
158 175 504 411
158 176 502 417
158 177 502 415
158 178 498 418
158 179 497 418
158 180 493 420
158 181 492 419
158 182 489 421
158 183 488 423
158 184 485 424
158 185 484 422
158 186 481 425
158 187 479 426
158 188 477 426
158 189 475 426
158 190 472 425
158 191 470 430
158 192 468 431
158 193 467 429
158 194 463 432
158 195 460 433
158 196 458 433
158 197 456 433
158 198 454 433
158 199 452 438
158 200 451 439
158 201 447 437
158 202 444 441
158 203 444 433
214 203 87 424
214 204 92 422
214 205 97 417
214 206 102 416
214 207 106 418
214 208 109 421
214 209 115 418
214 210 120 415
214 211 123 417
214 212 127 417
214 213 135 414
214 214 140 414
214 215 140 415
214 216 148 413
214 217 151 409
214 218 155 409
214 219 160 408
214 220 164 409
214 221 170 408
214 222 170 409
214 223 175 405
214 224 182 407
214 225 187 406
214 226 188 405
214 227 193 402
214 228 199 403
214 229 201 404
214 230 205 404
214 231 212 402
214 232 217 402
214 233 217 401
214 234 220 400
214 235 222 398
223 208 526 365
223 209 522 366
223 210 523 365
223 211 520 366
223 212 518 368
223 213 516 370
223 214 515 366
223 215 512 370
223 216 508 372
223 217 507 370
223 218 506 371
223 219 504 372
223 220 502 372
223 221 499 374
223 222 499 373
223 223 494 375
223 224 492 376
223 225 491 376
223 226 487 378
223 227 487 380
223 228 484 377
223 229 482 378
223 230 477 379
223 231 474 383
223 232 473 380
223 233 470 382
223 234 468 382
223 235 467 385
223 236 461 382
223 237 458 383
223 238 455 384
223 239 455 384
223 240 452 385
223 241 447 386
223 242 445 386
223 243 442 385
223 244 438 387
223 245 435 388
223 246 432 387
223 247 429 389
223 248 426 390
223 249 425 390
223 250 421 391
223 251 415 392
223 252 414 392
223 253 412 393
223 254 411 382
223 255 405 394
223 256 404 395
223 257 401 394
223 258 400 390
281 272 349 404
281 273 346 404
281 274 346 404
281 275 344 406
281 276 338 407
281 277 334 408
281 278 334 406
281 279 330 409
281 280 322 409
281 281 322 409
281 282 320 409
281 283 313 411
281 284 309 411
281 285 309 410
281 286 305 412
281 287 298 412
281 288 295 412
281 289 293 412
281 290 287 413
281 291 282 414
281 292 283 413
281 293 277 414
281 294 270 413
281 295 269 414
281 296 268 415
281 297 260 414
281 298 256 414
281 299 257 415
281 300 252 415
281 301 246 415
281 302 241 415
281 303 241 416
281 304 234 415
281 305 231 416
281 306 230 416
281 307 227 416
281 308 220 416
281 309 217 416
281 310 213 415
281 311 213 417
281 312 205 416
281 313 203 418
281 314 202 417
281 315 197 418
281 316 191 417
281 317 190 419
281 318 187 418
281 319 182 419
281 320 178 420
281 321 178 419
281 322 175 419
281 323 167 420
281 324 165 421
281 325 160 422
281 326 156 422
281 327 153 422
281 328 152 423
281 329 149 422
281 330 142 423
281 331 139 424
281 332 138 425
281 333 134 424
281 334 127 424
281 335 127 425
281 336 124 424
281 337 119 425
281 338 113 425
281 339 113 426
281 340 109 426
281 341 101 426
281 342 100 427
281 343 99 427
281 344 94 426
281 345 88 427
281 346 86 428
281 347 85 428
281 348 77 428
281 349 75 429
281 350 73 427
281 351 69 428
281 352 62 428
281 353 60 429
281 354 59 430
281 355 53 429
281 356 49 430
281 357 48 430
281 358 44 429
281 359 38 429
281 360 35 430
281 361 35 431
281 362 30 431
281 363 24 431
281 364 24 431
281 365 20 431
281 366 16 426
512 606 362 260
512 607 367 257
512 608 355 256
512 609 345 256
512 610 336 255
512 611 325 253
512 612 314 252
512 613 304 253
512 614 296 252
512 615 288 251
512 616 277 249
512 617 266 250
512 618 257 248
512 619 250 248
512 620 246 247
512 621 239 247
512 622 232 247
529 634 516 420
529 635 519 420
529 636 523 424
529 637 526 425
529 638 520 429
529 639 525 432
529 640 529 433
529 641 529 433
529 642 533 435
529 643 538 437
529 644 543 438
529 645 544 437
529 646 545 438
529 647 549 440
529 648 555 442
529 649 556 444
529 650 559 444
529 651 564 443
529 652 570 448
529 653 571 446
529 654 573 446
529 655 580 452
529 656 582 450
529 657 584 454
529 658 586 454
529 659 590 455
529 660 596 457
529 661 598 460
529 662 599 458
529 663 603 459
529 664 609 460
529 665 612 459
529 666 615 461
529 667 616 461
529 668 622 461
529 669 626 462
529 670 626 463
529 671 627 464
529 672 631 467
529 673 635 469
529 674 635 472
548 671 204 269
548 672 206 270
548 673 208 270
548 674 210 271
548 675 211 273
548 676 216 273
548 677 218 273
548 678 220 273
548 679 223 274
548 680 231 271
548 681 233 273
548 682 238 270
548 683 241 271
548 684 247 270
548 685 252 270
548 686 258 270
548 687 263 269
548 688 269 268
548 689 277 263
548 690 280 263
548 691 285 266
548 692 292 265
548 693 296 265
548 694 302 264
548 695 307 264
548 696 313 263
548 697 315 263
548 698 320 263
548 699 322 263
548 700 321 263
548 701 324 263
548 702 327 263
548 703 327 263
548 704 329 263
548 705 333 263
548 706 334 263
548 707 336 263
548 708 344 261
548 709 339 259
548 710 340 265
548 711 341 267
708 840 144 247
708 841 150 251
708 842 151 251
708 843 154 252
708 844 153 250
708 845 153 251
708 846 156 252
708 847 159 254
708 848 162 257
708 849 163 257
708 850 164 260
708 851 163 259
708 852 162 260
708 853 164 261
708 854 164 261
708 855 163 262
708 856 162 264
708 857 162 267
708 858 161 266
708 859 160 268
708 860 159 268
708 861 158 267
708 862 156 271
708 863 155 269
708 864 152 273
708 865 149 274
708 866 148 271
708 867 144 279
708 868 143 280
708 869 139 275
708 870 136 278
708 871 136 278
708 872 129 280
708 873 128 282
708 874 121 285
708 875 117 287
708 876 114 287
708 877 113 288
883 958 125 281
883 959 124 282
883 960 121 284
883 961 115 285
883 962 114 287
883 963 108 289
883 964 106 291
883 965 101 294
883 966 96 295
883 967 92 297
883 968 89 300
883 969 82 302
883 970 75 305
883 971 68 307
883 972 62 311
883 973 70 308
883 974 74 313
883 975 66 314
1015 1046 172 356
1015 1047 172 358
1015 1048 170 359
1015 1049 169 363
1015 1050 168 364
1015 1051 168 364
1015 1052 166 364
1015 1053 165 364
1015 1054 165 367
1015 1055 164 366
1015 1056 162 367
1015 1057 161 369
1015 1058 160 370
1015 1059 158 373
1015 1060 158 375
1015 1061 157 374
1015 1062 156 375
1015 1063 156 375
1015 1064 155 376
1015 1065 153 378
1015 1066 152 382
1015 1067 151 383
1015 1068 151 383
1015 1069 150 385
1015 1070 148 384
1015 1071 148 387
1015 1072 146 389
1015 1073 145 390
1015 1074 145 392
1015 1075 141 392
1015 1076 141 391
1015 1077 140 396
1015 1078 138 395
1015 1079 138 396
1015 1080 136 400
1015 1081 135 400
1015 1082 134 400
1015 1083 132 401
1015 1084 131 402
1015 1085 128 398
1485 1549 320 470
1485 1550 324 469
1485 1551 323 472
1485 1552 326 472
1485 1553 330 471
1485 1554 334 471
1485 1555 337 471
1485 1556 341 470
1485 1557 344 469
1485 1558 347 469
1485 1559 351 469
1485 1560 354 468
1485 1561 358 468
1485 1562 361 467
1485 1563 363 467
1485 1564 367 467
1485 1565 372 466
1485 1566 375 465
1485 1567 377 465
1485 1568 381 465
1485 1569 383 466
1485 1570 387 463
1485 1571 391 463
1485 1572 393 462
1485 1573 394 459
1485 1574 397 461
1485 1575 399 456
1485 1576 401 458
1485 1577 403 455
1485 1578 407 451
1485 1579 408 452
1485 1580 410 451
1485 1581 412 450
1485 1582 415 448
1485 1583 417 446
1485 1584 418 442
1485 1585 420 446
1485 1586 419 449
1494 1560 397 378
1494 1561 397 377
1494 1562 400 377
1494 1563 403 378
1494 1564 406 380
1494 1565 407 380
1494 1566 413 386
1494 1567 417 382
1494 1568 419 384
1494 1569 421 386
1494 1570 425 386
1494 1571 428 385
1494 1572 430 386
1494 1573 433 389
1494 1574 440 389
1494 1575 442 391
1494 1576 445 392
1494 1577 449 391
1494 1578 451 394
1494 1579 454 396
1494 1580 457 395
1494 1581 461 396
1494 1582 465 398
1494 1583 469 401
1494 1584 472 398
1494 1585 475 398
1494 1586 478 401
1494 1587 482 403
1494 1588 484 403
1494 1589 488 404
1494 1590 491 405
1494 1591 496 406
1494 1592 499 405
1494 1593 501 408
1494 1594 503 409
1515 1586 424 442
1515 1587 426 442
1515 1588 429 440
1515 1589 432 435
1515 1590 434 438
1515 1591 437 437
1515 1592 439 437
1515 1593 441 436
1515 1594 446 433
1515 1595 449 434
1515 1596 452 432
1515 1597 454 430
1515 1598 457 429
1515 1599 459 430
1515 1600 458 429
1515 1601 464 429
1515 1602 468 428
1515 1603 469 424
1515 1604 472 426
1515 1605 473 424
1515 1606 475 424
1515 1607 476 422
1515 1608 478 422
1515 1609 480 421
1515 1610 481 421
1515 1611 484 419
1515 1612 486 419
1515 1613 487 416
1515 1614 488 417
1515 1615 491 414
1515 1616 493 413
1515 1617 495 411
1515 1618 495 410
1515 1619 501 409
1515 1620 501 417
1515 1621 502 413
1515 1622 506 408
1515 1623 509 407
1515 1624 510 405
1515 1625 512 405
1515 1626 515 402
1515 1627 517 399
1515 1628 519 401
1515 1629 521 401
1515 1630 524 398
1515 1631 524 403
1515 1632 527 400
1515 1633 527 398
1515 1634 531 397
1515 1635 532 402
1515 1636 533 404
1531 1621 47 290
1531 1622 48 288
1531 1623 49 287
1531 1624 50 287
1531 1625 51 286
1531 1626 53 288
1531 1627 53 285
1531 1628 55 284
1531 1629 57 284
1531 1630 58 283
1531 1631 59 282
1531 1632 60 283
1531 1633 61 282
1531 1634 63 282
1531 1635 63 283
1531 1636 65 283
1531 1637 67 279
1531 1638 68 278
1531 1639 70 278
1531 1640 71 277
1531 1641 72 278
1531 1642 74 276
1531 1643 74 277
1531 1644 75 275
1531 1645 76 276
1531 1646 78 275
1531 1647 80 274
1531 1648 79 275
1531 1649 81 274
1531 1650 83 273
1531 1651 84 274
1531 1652 85 272
1531 1653 86 271
1531 1654 86 270
1531 1655 88 269
1531 1656 88 269
1531 1657 90 271
1531 1658 91 270
1531 1659 93 267
1531 1660 94 267
1531 1661 96 265
1531 1662 95 268
1531 1663 97 266
1531 1664 98 269
1531 1665 98 266
1531 1666 99 268
1531 1667 99 265
1531 1668 100 263
1531 1669 100 265
1531 1670 100 263
1531 1671 101 262
1531 1672 101 259
1531 1673 102 259
1531 1674 101 261
1531 1675 102 258
1531 1676 100 258
1531 1677 101 259
1531 1678 100 257
1531 1679 101 256
1531 1680 101 256
1531 1681 101 257
1531 1682 101 257
1531 1683 100 256
1531 1684 103 254
1531 1685 99 255
1531 1686 99 255
1531 1687 99 253
1531 1688 98 253
1531 1689 99 254
1531 1690 98 257
1605 1692 505 415
1605 1693 502 412
1605 1694 502 415
1605 1695 496 420
1605 1696 495 418
1605 1697 490 418
1605 1698 490 421
1605 1699 484 425
1605 1700 482 422
1605 1701 476 426
1605 1702 473 427
1605 1703 473 427
1605 1704 468 426
1605 1705 464 431
1605 1706 461 431
1605 1707 458 432
1605 1708 451 434
1605 1709 449 435
1605 1710 444 435
1605 1711 444 432
1605 1712 438 440
1605 1713 435 442
1605 1714 429 441
1605 1715 425 444
1605 1716 428 439
1729 1846 242 252
1729 1847 247 252
1729 1848 252 251
1729 1849 262 254
1729 1850 272 255
1729 1851 285 256
1729 1852 298 257
1729 1853 310 257
1729 1854 322 259
1729 1855 337 261
1729 1856 351 262
1729 1857 364 262
1729 1858 377 264
1729 1859 393 265
1729 1860 410 266
1729 1861 424 267
1729 1862 438 268
1729 1863 455 270
1729 1864 466 271
1729 1865 477 272
1824 2240 171 263
1824 2241 170 259
1824 2242 169 261
1824 2243 169 262
1824 2244 168 264
1824 2245 167 266
1824 2246 166 267
1824 2247 164 268
1824 2248 161 271
1824 2249 158 272
1824 2250 154 276
1824 2251 150 277
1824 2252 149 279
1824 2253 143 282
1824 2254 138 284
1824 2255 133 285
1824 2256 128 288
1824 2257 122 292
1824 2258 117 293
1824 2259 111 296
1824 2260 106 299
1824 2261 100 301
1824 2262 93 303
1824 2263 86 307
1824 2264 78 310
1824 2265 71 313
1824 2266 65 316
1824 2267 58 318
1824 2268 52 321
1824 2269 44 325
1824 2270 35 328
1824 2271 28 330
1824 2272 24 334
1824 2273 20 337
1824 2274 15 338
1824 2275 11 339
1824 2276 8 342
1824 2277 4 346
2319 3356 255 406
2319 3357 258 407
2319 3358 259 408
2319 3359 259 412
2319 3360 259 411
2319 3361 263 411
2319 3362 262 414
2319 3363 263 415
2319 3364 266 413
2319 3365 267 419
2319 3366 271 419
2319 3367 272 421
2319 3368 268 424
2319 3369 271 424
2319 3370 273 430
2319 3371 274 427
2319 3372 278 427
2319 3373 279 431
2319 3374 278 434
2319 3375 283 432
2319 3376 285 432
2319 3377 287 434
2319 3378 292 432
2319 3379 290 437
2319 3380 291 437
2319 3381 293 441
2319 3382 298 444
2319 3383 298 442
2469 3768 158 257
2469 3769 159 255
2469 3770 160 255
2469 3771 161 262
2469 3772 160 263
2469 3773 160 260
2469 3774 158 265
2469 3775 156 263
2469 3776 156 264
2469 3777 154 265
2469 3778 152 267
2469 3779 148 268
2469 3780 146 269
2469 3781 142 271
2469 3782 139 273
2469 3783 135 274
2469 3784 130 276
2469 3785 126 277
2469 3786 123 279
2469 3787 116 281
2469 3788 115 281
2469 3789 111 283
2469 3790 107 285
2469 3791 104 286
2469 3792 100 288
2469 3793 99 283
2509 3799 244 251
2509 3800 252 251
2509 3801 261 252
2509 3802 274 253
2509 3803 278 254
2509 3804 288 255
2509 3805 296 255
2509 3806 308 256
2509 3807 319 257
2509 3808 331 257
2509 3809 344 258
2509 3810 355 259
2509 3811 364 260
2509 3812 375 261
2509 3813 388 262
2509 3814 401 262
2509 3815 390 268
2523 3826 448 460
2523 3827 454 456
2523 3828 457 458
2523 3829 457 454
2523 3830 459 456
2523 3831 461 456
2523 3832 462 454
2523 3833 463 453
2523 3834 466 450
2523 3835 469 450
2523 3836 473 447
2523 3837 476 450
2523 3838 476 448
2523 3839 479 444
2523 3840 481 447
2523 3841 483 446
2523 3842 487 443
2523 3843 489 439
2523 3844 491 441
2523 3845 494 441
2523 3846 494 437
2523 3847 497 438
2523 3848 496 435
2523 3849 499 437
2523 3850 503 436
2523 3851 506 432
2523 3852 509 433
2523 3853 503 433
2543 3853 510 427
2543 3854 512 432
2543 3855 513 428
2543 3856 513 430
2543 3857 517 428
2543 3858 519 425
2543 3859 521 424
2543 3860 521 422
2543 3861 526 419
2543 3862 526 424
2543 3863 527 421
2543 3864 530 418
2543 3865 532 421
2543 3866 534 419
2543 3867 536 419
2543 3868 539 416
2543 3869 541 414
2543 3870 541 414
2543 3871 543 413
2543 3872 546 416
2543 3873 548 414
2543 3874 551 411
2543 3875 552 411
2543 3876 553 408
2543 3877 555 407
2543 3878 557 408
2543 3879 558 407
2543 3880 560 409
2543 3881 560 407
2543 3882 562 403
2543 3883 563 403
2543 3884 566 402
2543 3885 568 403
2543 3886 569 398
2543 3887 571 394
3111 4637 300 257
3111 4638 311 257
3111 4639 323 258
3111 4640 336 259
3111 4641 351 261
3111 4642 366 262
3111 4643 382 264
3111 4644 395 265
3111 4645 408 266
3111 4646 420 272
3376 4849 421 264
3376 4850 413 264
3376 4851 408 258
3376 4852 402 254
3376 4853 388 253
3376 4854 382 256
3376 4855 368 255
3376 4856 354 251
3376 4857 344 253
3376 4858 343 247
3376 4859 346 247
3376 4860 350 254
3376 4861 342 248
3376 4862 331 249
3376 4863 329 258
3485 4937 206 346
3485 4938 208 350
3485 4939 204 349
3485 4940 203 347
3485 4941 202 349
3485 4942 197 352
3485 4943 198 350
3485 4944 197 351
3485 4945 197 352
3485 4946 193 356
3485 4947 192 358
3485 4948 189 359
3485 4949 189 357
3485 4950 187 358
3485 4951 186 360
3485 4952 187 358
3485 4953 183 358
3485 4954 181 362
3485 4955 179 363
3485 4956 177 366
3485 4957 175 365
3485 4958 172 367
3485 4959 170 368
3485 4960 169 370
3485 4961 166 372
3485 4962 163 372
3485 4963 161 374
3485 4964 159 373
3485 4965 156 376
3485 4966 152 376
3485 4967 151 378
3485 4968 149 379
3485 4969 146 380
3485 4970 143 381
3485 4971 141 384
3485 4972 138 383
3485 4973 136 384
3485 4974 132 386
3485 4975 131 388
3485 4976 128 390
3485 4977 123 390
3485 4978 122 391
3485 4979 119 393
3485 4980 116 393
3485 4981 112 395
3485 4982 110 397
3485 4983 110 396
3485 4984 111 397
4370 5897 11 333
4370 5898 14 329
4370 5899 17 327
4370 5900 20 323
4370 5901 22 321
4370 5902 25 319
4370 5903 30 318
4370 5904 30 315
4370 5905 33 312
4370 5906 51 310
4370 5907 58 309
4370 5908 54 306
4370 5909 68 304
4370 5910 68 302
4370 5911 70 290
4391 5918 71 299
4391 5919 77 297
4391 5920 80 295
4391 5921 86 294
4391 5922 91 292
4391 5923 95 292
4391 5924 99 289
4391 5925 104 287
4391 5926 109 285
4391 5927 114 284
4391 5928 117 282
4391 5929 122 277
4391 5930 125 281
4391 5931 128 277
4391 5932 133 278
4391 5933 137 276
4391 5934 140 274
4391 5935 145 274
4391 5936 147 273
4391 5937 148 278
4639 6133 285 261
4639 6134 296 255
4639 6135 301 255
4639 6136 312 257
4639 6137 322 258
4639 6138 334 259
4639 6139 344 259
4639 6140 354 259
4639 6141 363 260
4639 6142 376 261
4639 6143 387 263
4639 6144 399 263
4639 6145 410 265
4639 6146 419 265
4639 6147 428 265
4639 6148 440 267
4639 6149 449 267
4639 6150 459 269
4639 6151 464 268
4639 6152 472 268
4639 6153 475 269
4639 6154 481 271
4639 6155 489 272
4639 6156 500 267
5035 6548 343 277
5035 6549 344 277
5035 6550 343 276
5035 6551 339 276
5035 6552 336 276
5035 6553 335 276
5035 6554 334 276
5035 6555 331 276
5035 6556 328 276
5035 6557 327 276
5035 6558 327 277
5035 6559 322 276
5035 6560 319 275
5035 6561 320 276
5035 6562 319 275
5035 6563 315 275
5035 6564 312 278
5035 6565 311 275
5035 6566 310 275
5035 6567 306 274
5035 6568 304 275
5035 6569 304 274
5035 6570 303 274
5035 6571 300 274
5035 6572 296 273
5035 6573 295 274
5035 6574 293 274
5035 6575 290 273
5035 6576 287 274
5035 6577 286 274
5035 6578 285 273
5035 6579 282 273
5035 6580 280 273
5035 6581 280 274
5035 6582 278 273
5035 6583 275 273
5035 6584 272 273
5035 6585 272 273
5035 6586 270 273
5035 6587 266 273
5035 6588 264 273
5035 6589 264 273
5035 6590 262 273
5035 6591 258 272
5035 6592 256 273
5035 6593 256 273
5035 6594 253 271
5035 6595 250 272
5035 6596 248 272
5035 6597 247 273
5035 6598 245 272
5035 6599 242 270
5035 6600 240 271
5035 6601 238 270
5035 6602 236 270
5035 6603 234 272
5035 6604 233 272
5035 6605 230 272
5035 6606 229 272
5035 6607 226 272
5035 6608 225 272
5035 6609 224 274
5035 6610 220 269
5035 6611 219 272
5035 6612 218 270
5035 6613 216 273
5035 6614 213 272
5035 6615 211 270
5035 6616 210 269
5035 6617 208 269
5035 6618 206 269
5035 6619 204 268
5035 6620 202 268
5035 6621 200 268
5035 6622 198 267
5035 6623 197 268
5035 6624 194 268
5035 6625 193 268
5035 6626 191 267
5069 6587 261 302
5069 6588 261 303
5069 6589 264 303
5069 6590 265 304
5069 6591 267 303
5069 6592 270 302
5069 6593 272 302
5069 6594 274 302
5069 6595 276 302
5069 6596 279 300
5069 6597 282 301
5069 6598 282 301
5069 6599 285 300
5069 6600 289 300
5069 6601 289 300
5069 6602 290 300
5069 6603 293 298
5069 6604 296 298
5069 6605 298 299
5069 6606 299 299
5069 6607 303 298
5069 6608 307 298
5069 6609 307 297
5069 6610 308 298
5069 6611 313 297
5069 6612 316 297
5069 6613 316 298
5069 6614 318 297
5069 6615 322 296
5069 6616 325 296
5069 6617 325 295
5069 6618 325 296
5069 6619 329 295
5069 6620 332 294
5069 6621 333 295
5069 6622 336 295
5069 6623 339 294
5069 6624 342 293
5069 6625 343 293
5069 6626 344 294
5069 6627 348 292
5069 6628 350 293
5069 6629 350 294
5069 6630 352 293
5069 6631 357 291
5069 6632 357 291
5069 6633 358 292
5069 6634 360 291
5069 6635 363 290
5069 6636 366 291
5069 6637 366 291
5069 6638 369 291
5069 6639 373 290
5069 6640 374 290
5069 6641 374 291
5069 6642 377 289
5069 6643 381 289
5069 6644 382 289
5069 6645 383 290
5069 6646 385 289
5069 6647 389 289
5069 6648 390 289
5069 6649 391 289
5069 6650 393 288
5069 6651 396 287
5069 6652 398 287
5069 6653 399 287
5069 6654 400 288
5069 6655 404 286
5069 6656 405 286
5069 6657 405 287
5069 6658 408 286
5069 6659 411 284
5069 6660 412 286
5069 6661 414 284
5069 6662 415 285
5069 6663 419 284
5069 6664 419 285
5069 6665 420 284
5069 6666 423 284
5069 6667 426 283
5069 6668 427 283
5069 6669 428 283
5069 6670 431 284
5069 6671 434 283
5069 6672 434 283
5069 6673 435 284
5069 6674 437 283
5069 6675 441 282
5069 6676 443 283
5069 6677 443 284
5069 6678 446 281
5069 6679 448 281
5069 6680 450 282
5069 6681 450 282
5069 6682 453 281
5069 6683 455 280
5069 6684 456 281
5069 6685 458 280
5069 6686 461 279
5069 6687 462 279
5069 6688 464 279
5069 6689 467 279
5069 6690 469 278
5069 6691 471 278
5069 6692 473 279
5069 6693 475 278
5069 6694 476 278
5069 6695 478 278
5069 6696 479 278
5204 6700 445 412
5204 6701 446 410
5204 6702 443 414
5204 6703 439 418
5204 6704 438 413
5204 6705 434 416
5204 6706 430 420
5204 6707 428 418
5204 6708 427 418
5204 6709 423 419
5204 6710 419 421
5204 6711 416 421
5204 6712 414 420
5204 6713 410 423
5204 6714 405 424
5204 6715 403 425
5204 6716 401 425
5204 6717 396 428
5204 6718 391 428
5204 6719 390 429
5204 6720 387 429
5204 6721 382 431
5204 6722 377 432
5204 6723 376 432
5204 6724 373 432
5204 6725 368 434
5204 6726 364 435
5204 6727 362 435
5204 6728 361 438
5204 6729 351 437
5204 6730 348 438
5204 6731 347 439
5204 6732 343 439
5204 6733 336 441
5204 6734 334 441
5204 6735 332 441
5204 6736 326 442
5204 6737 320 442
5204 6738 318 443
5204 6739 317 444
5204 6740 309 445
5204 6741 303 446
5204 6742 303 446
5204 6743 298 447
5204 6744 290 447
5204 6745 287 449
5204 6746 287 449
5204 6747 283 449
5204 6748 277 450
5204 6749 272 452
5204 6750 272 452
5204 6751 266 452
5204 6752 259 453
5204 6753 256 454
5204 6754 254 455
5204 6755 250 454
5204 6756 242 457
5204 6757 240 458
5204 6758 239 457
5204 6759 232 459
5204 6760 225 459
5204 6761 223 461
5204 6762 222 460
5204 6763 216 461
5204 6764 209 461
5204 6765 206 462
5204 6766 205 463
5204 6767 196 463
5204 6768 195 460
5286 6770 411 261
5286 6771 398 259
5286 6772 386 259
5286 6773 372 258
5286 6774 357 257
5286 6775 343 256
5286 6776 330 254
5286 6777 320 254
5286 6778 307 253
5286 6779 296 250
5286 6780 290 249
5286 6781 280 249
5286 6782 282 256
5366 6811 55 444
5366 6812 56 447
5366 6813 57 447
5366 6814 50 448
5366 6815 48 452
5366 6816 48 455
5366 6817 40 460
5366 6818 38 462
5366 6819 35 460
5366 6820 31 462
5366 6821 28 464
5366 6822 27 466
5366 6823 23 467
5366 6824 16 467
5366 6825 13 468
5366 6826 10 470
5366 6827 7 471
5366 6828 6 471
5366 6829 3 475
5538 6911 76 327
5538 6912 78 326
5538 6913 76 323
5538 6914 81 323
5538 6915 82 320
5538 6916 85 318
5538 6917 88 316
5538 6918 91 315
5538 6919 95 313
5538 6920 99 313
5538 6921 101 310
5538 6922 105 308
5538 6923 109 305
5538 6924 113 306
5538 6925 115 302
5538 6926 119 300
5538 6927 122 300
5538 6928 124 297
5538 6929 128 296
5538 6930 131 294
5538 6931 134 293
5538 6932 137 291
5538 6933 140 289
5538 6934 142 288
5538 6935 146 287
5538 6936 148 285
5538 6937 151 284
5538 6938 156 283
5538 6939 156 281
5538 6940 158 280
5538 6941 159 279
5538 6942 161 277
5538 6943 164 277
5708 7036 156 263
5708 7037 154 268
5708 7038 153 270
5708 7039 151 273
5708 7040 146 272
5708 7041 144 275
5708 7042 142 275
5708 7043 140 278
5708 7044 136 278
5708 7045 130 281
5708 7046 128 283
5708 7047 126 284
5708 7048 122 286
5708 7049 117 286
5708 7050 114 290
5708 7051 101 291
5718 7042 113 281
5718 7043 110 282
5718 7044 110 286
5718 7045 106 289
5718 7046 101 290
5718 7047 98 292
5718 7048 94 294
5718 7049 94 294
5718 7050 88 295
5718 7051 87 292
5718 7052 93 292
5718 7053 101 295
5718 7054 97 297
5718 7055 93 297
5718 7056 88 300
5718 7057 83 303
5718 7058 78 304
5718 7059 74 305
5718 7060 70 308
5718 7061 65 309
5718 7062 60 313
5718 7063 54 317
5718 7064 49 318
7157 8807 322 262
7157 8808 318 259
7157 8809 309 258
7157 8810 317 259
7157 8811 322 260
7157 8812 334 260
7157 8813 342 261
7157 8814 348 263
7157 8815 357 263
7157 8816 366 265
7157 8817 375 266
7157 8818 384 265
7157 8819 393 266
7157 8820 403 266
7157 8821 406 272
7157 8822 416 273
7324 9055 210 246
7324 9056 201 250
7324 9057 209 248
7324 9058 215 252
7324 9059 207 250
7324 9060 214 252
7324 9061 221 252
7324 9062 234 254
7324 9063 240 253
7324 9064 250 254
7324 9065 258 253
7324 9066 265 255
7324 9067 273 256
7324 9068 282 256
7324 9069 290 257
7324 9070 294 256
7324 9071 304 258
7324 9072 308 261
7324 9073 320 259
7324 9074 326 262
7324 9075 337 261
7324 9076 345 262
7324 9077 352 263
7324 9078 362 263
7324 9079 372 264
7819 9508 375 351
7819 9509 376 351
7819 9510 378 352
7819 9511 380 353
7819 9512 387 353
7819 9513 388 354
7819 9514 391 354
7819 9515 397 355
7819 9516 400 354
7819 9517 401 356
7819 9518 404 356
7819 9519 411 356
7819 9520 412 357
7819 9521 416 358
7819 9522 422 358
7819 9523 424 359
7819 9524 426 359
7819 9525 431 360
7819 9526 434 361
7819 9527 436 361
7819 9528 441 362
7819 9529 446 362
7819 9530 447 362
7819 9531 450 363
7819 9532 457 363
7819 9533 458 364
7819 9534 461 364
7819 9535 468 364
7819 9536 470 365
7819 9537 471 365
7819 9538 476 364
7819 9539 481 364
7819 9540 482 365
7819 9541 486 365
7819 9542 491 365
7819 9543 493 366
7819 9544 496 366
7819 9545 501 366
7819 9546 505 366
7819 9547 506 366
7819 9548 511 366
7819 9549 517 365
7819 9550 519 366
7819 9551 526 365
7819 9552 528 363
7878 9555 111 288
7878 9556 113 283
7878 9557 114 279
7878 9558 114 282
7878 9559 113 284
7878 9560 115 285
7878 9561 118 286
7878 9562 121 287
7878 9563 124 292
7878 9564 126 289
7878 9565 128 291
7878 9566 132 291
7878 9567 135 291
7878 9568 139 291
7878 9569 143 291
7878 9570 140 292
7878 9571 152 291
7878 9572 155 293
7878 9573 159 293
7878 9574 163 294
7878 9575 174 296
7878 9576 178 299
7878 9577 175 302
7878 9578 178 297
7878 9579 185 298
7878 9580 183 298
7917 9585 286 254
7917 9586 290 255
7917 9587 311 256
7917 9588 334 258
7917 9589 353 259
7917 9590 376 261
7917 9591 399 263
7917 9592 422 265
7917 9593 444 267
7988 9689 350 263
7988 9690 343 266
7988 9691 346 270
7988 9692 347 273
7988 9693 349 272
7988 9694 349 274
7988 9695 351 274
7988 9696 358 273
7988 9697 358 273
7988 9698 361 273
7988 9699 366 274
7988 9700 368 273
7988 9701 371 270
7988 9702 375 273
7988 9703 376 274
7988 9704 379 274
7988 9705 384 274
7988 9706 384 274
7988 9707 389 271
7988 9708 392 274
7988 9709 393 275
7988 9710 398 273
7988 9711 401 275
7988 9712 402 276
7988 9713 406 275
7988 9714 409 275
7988 9715 411 276
7988 9716 417 275
7988 9717 418 275
7988 9718 420 275
7988 9719 425 274
7988 9720 428 275
7988 9721 428 275
7988 9722 434 276
7988 9723 435 276
7988 9724 437 276
7988 9725 442 274
7988 9726 444 278
7988 9727 444 277
7988 9728 451 277
7988 9729 452 278
7988 9730 452 279
7988 9731 459 277
7988 9732 461 278
7988 9733 463 278
7988 9734 467 277
7988 9735 469 278
7988 9736 470 277
7988 9737 475 276
7988 9738 478 277
7988 9739 481 277
8010 9706 393 448
8010 9707 397 447
8010 9708 401 443
8010 9709 403 443
8010 9710 409 441
8010 9711 413 439
8010 9712 417 437
8010 9713 420 434
8010 9714 419 432
8010 9715 426 432
8010 9716 430 431
8010 9717 429 427
8010 9718 437 426
8010 9719 440 425
8010 9720 443 424
8010 9721 445 421
8010 9722 450 422
8010 9723 454 421
8010 9724 452 418
8263 9927 148 281
8263 9928 143 275
8263 9929 138 277
8263 9930 133 279
8263 9931 127 279
8263 9932 122 281
8263 9933 114 284
8263 9934 110 287
8263 9935 108 286
8263 9936 107 292
8263 9937 109 294
8263 9938 102 298
8263 9939 94 300
8263 9940 89 306
8293 9949 402 263
8293 9950 400 254
8293 9951 391 253
8293 9952 380 252
8293 9953 376 251
8293 9954 368 251
8293 9955 353 249
8293 9956 344 249
8293 9957 342 248
8293 9958 330 248
8293 9959 321 248
8293 9960 312 247
8293 9961 303 246
8293 9962 299 246
8293 9963 286 253
8374 10023 612 340
8374 10024 612 341
8374 10025 609 343
8374 10026 606 346
8374 10027 604 344
8374 10028 603 348
8374 10029 600 344
8374 10030 596 350
8374 10031 593 349
8374 10032 593 350
8374 10033 590 351
8374 10034 588 354
8374 10035 587 355
8374 10036 583 356
8374 10037 582 358
8374 10038 579 354
8374 10039 577 357
8374 10040 576 358
8374 10041 573 362
8374 10042 571 359
8374 10043 568 360
8374 10044 566 360
8374 10045 563 360
8374 10046 560 365
8374 10047 557 364
8374 10048 555 365
8374 10049 553 367
8374 10050 549 366
8374 10051 545 371
8374 10052 542 370
8374 10053 540 370
8374 10054 537 376
8374 10055 533 369
8374 10056 530 375
8374 10057 527 378
8374 10058 524 377
8374 10059 521 378
8374 10060 517 378
8374 10061 513 379
8374 10062 510 378
8374 10063 507 383
8374 10064 504 386
8374 10065 500 384
8374 10066 496 389
8374 10067 493 388
8374 10068 491 387
8374 10069 488 391
8374 10070 483 391
8374 10071 479 394
8374 10072 476 385
8374 10073 474 395
8374 10074 471 400
8374 10075 467 400
8374 10076 464 401
8374 10077 462 402
8374 10078 458 403
8374 10079 455 405
8374 10080 451 406
8374 10081 448 409
8374 10082 444 407
8374 10083 442 412
8374 10084 439 416
8374 10085 434 414
8374 10086 431 419
8374 10087 428 420
8374 10088 425 420
8374 10089 423 425
8374 10090 420 425
8374 10091 415 427
8374 10092 412 430
8374 10093 408 432
8374 10094 406 434
8374 10095 403 436
8374 10096 398 440
8374 10097 394 443
8374 10098 388 441
8374 10099 386 445
8464 10080 151 332
8464 10081 150 335
8464 10082 152 332
8464 10083 159 335
8464 10084 164 336
8464 10085 167 336
8464 10086 166 337
8464 10087 169 340
8464 10088 173 342
8464 10089 176 342
8464 10090 181 343
8464 10091 185 341
8464 10092 189 344
8464 10093 193 345
8464 10094 198 345
8464 10095 202 346
8464 10096 206 347
8464 10097 212 348
8464 10098 215 350
8464 10099 216 352
8464 10100 222 352
8464 10101 224 352
8464 10102 225 354
8464 10103 231 354
8464 10104 233 358
8464 10105 234 355
8464 10106 240 355
8481 10087 520 386
8481 10088 525 384
8481 10089 528 386
8481 10090 531 386
8481 10091 534 387
8481 10092 533 392
8481 10093 539 390
8481 10094 542 402
8481 10095 545 404
8481 10096 549 405
8481 10097 553 407
8481 10098 555 408
8481 10099 559 409
8481 10100 560 411
8481 10101 563 411
8481 10102 568 412
8481 10103 572 413
8481 10104 575 416
8481 10105 578 419
8503 10099 381 457
8503 10100 381 451
8503 10101 376 454
8503 10102 373 453
8503 10103 368 457
8503 10104 367 460
8503 10105 361 463
8503 10106 355 463
8503 10107 352 465
8503 10108 347 466
8503 10109 343 467
8503 10110 340 469
8503 10111 336 470
8503 10112 331 472
8503 10113 327 472
8503 10114 329 474
8503 10115 320 476
8712 10270 278 256
8712 10271 284 256
8712 10272 299 257
8712 10273 315 258
8712 10274 333 259
8712 10275 351 260
8712 10276 368 262
8712 10277 383 264
8712 10278 396 264
8712 10279 410 266
8712 10280 424 267
8712 10281 438 268
8712 10282 450 269
8712 10283 462 270
8712 10284 469 270
8712 10285 475 271
8712 10286 481 272
8712 10287 488 272
8755 10294 617 463
8755 10295 616 460
8755 10296 615 453
8755 10297 610 450
8755 10298 607 451
8755 10299 605 452
8755 10300 603 456
8755 10301 599 458
8755 10302 596 461
8755 10303 592 460
8755 10304 589 463
8755 10305 584 466
8755 10306 581 467
8755 10307 577 469
8755 10308 573 467
8755 10309 569 470
8755 10310 566 472
8755 10311 561 474
8755 10312 557 475
8755 10313 553 475
8812 10342 88 405
8812 10343 92 411
8812 10344 96 404
8812 10345 98 413
8812 10346 105 415
8812 10347 109 412
8812 10348 113 417
8812 10349 118 416
8812 10350 122 412
8812 10351 126 415
8812 10352 133 407
8812 10353 138 408
8812 10354 140 410
8812 10355 148 409
8812 10356 154 412
8812 10357 158 412
8812 10358 160 412
8812 10359 164 405
8812 10360 167 407
8812 10361 173 409
8812 10362 176 397
8812 10363 183 404
8812 10364 188 407
8812 10365 192 412
8893 10397 485 268
8893 10398 482 264
8893 10399 475 263
8893 10400 470 262
8893 10401 461 261
8893 10402 452 262
8893 10403 440 261
8893 10404 430 259
8893 10405 422 258
8893 10406 413 259
8893 10407 401 258
8893 10408 392 256
8893 10409 384 255
8893 10410 375 255
8893 10411 367 255
8893 10412 357 253
8893 10413 349 254
8893 10414 341 253
8893 10415 332 252
8893 10416 326 251
8893 10417 317 251
8893 10418 309 249
8893 10419 303 249
8893 10420 295 248
8893 10421 288 248
8893 10422 281 247
8893 10423 272 247
8893 10424 265 246
8893 10425 276 253
8949 10441 506 369
8949 10442 512 379
8949 10443 511 367
8949 10444 515 365
8949 10445 517 357
8949 10446 520 357
8949 10447 521 354
8949 10448 526 357
8949 10449 528 358
8949 10450 531 356
8949 10451 533 353
8949 10452 536 354
8949 10453 539 351
8949 10454 542 353
8949 10455 545 351
8949 10456 546 352
8949 10457 548 350
8949 10458 552 350
8949 10459 554 348
8949 10460 556 350
8949 10461 554 348
9273 10771 407 264
9273 10772 401 265
9273 10773 398 263
9273 10774 384 262
9273 10775 378 261
9273 10776 371 262
9273 10777 367 259
9273 10778 351 261
9273 10779 344 260
9273 10780 337 260
9273 10781 326 259
9273 10782 322 259
9273 10783 317 255
9273 10784 307 254
9273 10785 294 256
9273 10786 294 253
9273 10787 280 253
9273 10788 269 253
9273 10789 259 251
9273 10790 253 251
9273 10791 242 251
9273 10792 228 250
9273 10793 217 249
9273 10794 210 247
9273 10795 202 246
9273 10796 213 249
9273 10797 201 248
9273 10798 189 246
9273 10799 179 251
9273 10800 180 247
9273 10801 191 248
9273 10802 181 247
9273 10803 182 248
9349 10915 32 344
9349 10916 37 343
9349 10917 41 341
9349 10918 46 339
9349 10919 50 337
9349 10920 55 335
9349 10921 59 332
9349 10922 64 330
9349 10923 69 327
9349 10924 72 326
9349 10925 77 324
9349 10926 80 320
9349 10927 85 319
9349 10928 90 316
9349 10929 94 314
9349 10930 99 312
9349 10931 103 308
9349 10932 107 307
9349 10933 112 305
9349 10934 117 303
9349 10935 121 300
9349 10936 125 299
9349 10937 130 296
9349 10938 134 294
9349 10939 138 292
9349 10940 142 290
9349 10941 147 288
9349 10942 151 286
9349 10943 155 283
9349 10944 159 281
9349 10945 163 279
9756 11472 218 259
9756 11473 216 256
9756 11474 211 257
9756 11475 205 257
9756 11476 196 260
9756 11477 191 262
9756 11478 183 262
9756 11479 175 263
9756 11480 170 266
9756 11481 166 269
9756 11482 159 273
9756 11483 158 276
9756 11484 147 277
9756 11485 140 280
9756 11486 134 283
9756 11487 128 286
9756 11488 123 289
9820 11520 233 254
9820 11521 240 255
9820 11522 248 254
9820 11523 249 253
9820 11524 250 253
9820 11525 252 254
9820 11526 259 255
9820 11527 268 255
9820 11528 275 255
9820 11529 282 256
9820 11530 289 257
9820 11531 297 258
9820 11532 308 258
9820 11533 312 261
9820 11534 319 259
9820 11535 328 260
9820 11536 334 260
9820 11537 339 263
9820 11538 347 262
9820 11539 350 264
9820 11540 356 264
9820 11541 364 263
9820 11542 367 265
9820 11543 373 266
9820 11544 382 265
9820 11545 386 266
9820 11546 392 265
9820 11547 401 266
9820 11548 408 267
9820 11549 413 267
9820 11550 421 268
9820 11551 426 269
9820 11552 433 270
9981 11621 215 247
9981 11622 210 250
9981 11623 203 251
9981 11624 197 248
9981 11625 192 253
9981 11626 186 255
9981 11627 181 255
9981 11628 177 257
9981 11629 172 257
9981 11630 168 258
9981 11631 162 261
9981 11632 157 264
9981 11633 153 265
9981 11634 148 266
9981 11635 143 269
9981 11636 133 271
9981 11637 130 273
9981 11638 125 275
9981 11639 119 276
9981 11640 112 279
9981 11641 106 281
9981 11642 100 284
9981 11643 93 286
9981 11644 87 288
9981 11645 81 291
9981 11646 73 295
9981 11647 68 296
9981 11648 62 299
9981 11649 53 303
9981 11650 45 306
9981 11651 41 309
9981 11652 33 313
9981 11653 26 316
9981 11654 19 319
9981 11655 13 323
9981 11656 9 327
9981 11657 4 331
9985 11623 172 254
9985 11624 171 259
9985 11625 166 260
9985 11626 161 262
9985 11627 156 264
9985 11628 152 265
9985 11629 147 266
9985 11630 143 268
9985 11631 138 270
9985 11632 133 272
9985 11633 128 273
9985 11634 123 275
9985 11635 117 275
9985 11636 111 279
9985 11637 105 279
9985 11638 99 283
9985 11639 94 283
9985 11640 87 286
9985 11641 80 288
9985 11642 74 293
9985 11643 68 294
9985 11644 61 296
9985 11645 54 300
9985 11646 47 302
9985 11647 41 306
9985 11648 35 308
9985 11649 27 310
10011 11671 159 250
10011 11672 164 248
10011 11673 169 249
10011 11674 175 249
10011 11675 183 249
10011 11676 189 250
10011 11677 194 251
10011 11678 202 251
10011 11679 208 251
10011 11680 213 252
10011 11681 216 254
10011 11682 224 254
10011 11683 230 256
10011 11684 241 255
10011 11685 248 255
10011 11686 254 254
10011 11687 260 259
10011 11688 268 256
10011 11689 279 257
10011 11690 287 258
10011 11691 292 258
10011 11692 296 259
10011 11693 305 263
10160 11853 117 295
10160 11854 117 291
10160 11855 116 290
10160 11856 111 292
10160 11857 107 295
10160 11858 102 296
10160 11859 96 300
10160 11860 90 302
10160 11861 86 301
10160 11862 80 304
10160 11863 74 307
10160 11864 69 310
10160 11865 63 315
10160 11866 57 318
10160 11867 62 313