82 255 167 263
82 256 168 260
82 257 166 262
82 258 166 262
82 259 163 264
82 260 162 265
82 261 160 267
82 262 157 268
82 263 154 270
82 264 152 272
82 265 149 274
82 266 147 275
82 267 143 277
82 268 141 278
82 269 137 280
82 270 133 282
82 271 130 284
82 272 126 285
82 273 123 286
82 274 119 288
82 275 115 290
82 276 110 291
82 277 107 294
82 278 105 294
82 279 99 297
82 280 94 299
82 281 90 301
82 282 88 301
82 283 82 305
82 284 77 307
82 285 73 309
82 286 69 311
82 287 65 313
82 288 60 315
82 289 59 315
82 290 52 321
82 291 49 321
82 292 42 324
82 293 38 325
82 294 32 328
82 295 28 330
82 296 22 333
82 297 20 334
82 298 15 336
82 299 12 338
82 300 8 341
82 301 5 342
84 289 278 252
84 290 292 252
84 291 296 253
84 292 316 254
84 293 329 255
84 294 342 256
84 295 356 256
84 296 369 257
84 297 373 259
84 298 387 259
84 299 399 260
84 300 422 261
84 301 434 261
84 302 449 261
84 303 463 264
84 304 475 266
84 305 481 265
84 306 487 269
94 365 484 268
94 366 476 266
94 367 463 264
94 368 446 263
94 369 428 261
94 370 411 260
94 371 394 258
94 372 378 258
94 373 361 256
94 374 349 255
94 375 329 254
94 376 314 252
94 377 297 251
94 378 288 249
94 379 267 248
94 380 252 247
94 381 240 246
100 388 3 465
100 389 5 462
100 390 6 459
100 391 7 456
100 392 8 454
100 393 9 453
100 394 11 452
100 395 12 451
100 396 13 447
100 397 14 445
100 398 17 442
100 399 19 442
100 400 22 441
100 401 23 441
100 402 27 438
100 403 29 437
100 404 31 435
100 405 35 433
100 406 38 432
100 407 40 431
100 408 43 430
100 409 45 430
100 410 48 428
100 411 51 426
100 412 53 425
100 413 56 425
100 414 59 423
100 415 62 421
100 416 65 420
100 417 67 420
100 418 70 418
100 419 73 417
100 420 75 416
100 421 77 416
100 422 81 413
100 423 84 412
100 424 87 411
100 425 89 410
100 426 93 410
100 427 96 408
100 428 99 408
100 429 99 410
100 430 104 406
100 431 108 404
100 432 110 404
100 433 113 404
100 434 116 401
100 435 116 403
100 436 120 401
100 437 123 400
100 438 125 398
100 439 128 398
100 440 131 396
100 441 133 395
100 442 135 396
100 443 138 394
100 444 139 393
100 445 143 391
100 446 146 390
100 447 149 388
100 448 150 390
100 449 152 387
100 450 153 387
100 451 157 385
100 452 160 384
100 453 160 387
100 454 163 382
100 455 165 384
100 456 170 379
100 457 171 379
100 458 173 379
100 459 175 377
100 460 179 379
100 461 179 375
100 462 180 375
100 463 186 372
100 464 186 375
100 465 189 372
100 466 191 371
100 467 193 369
100 468 195 369
100 469 197 368
100 470 198 367
100 471 202 365
100 472 203 365
100 473 205 364
100 474 208 362
100 475 211 362
100 476 213 361
100 477 214 364
100 478 215 361
100 479 220 359
100 480 222 358
100 481 224 358
100 482 226 358
100 483 228 361
113 433 474 261
113 434 462 262
113 435 459 260
113 436 442 260
113 437 429 259
113 438 418 259
113 439 410 258
113 440 395 257
113 441 387 256
113 442 375 255
113 443 364 254
113 444 352 252
113 445 334 251
113 446 323 251
113 447 313 250
113 448 309 249
113 449 295 249
113 450 288 248
113 451 278 247
128 483 228 352
128 484 231 355
128 485 232 355
128 486 234 354
128 487 237 353
128 488 241 352
128 489 241 352
128 490 243 351
128 491 246 350
128 492 249 349
128 493 249 351
128 494 251 348
128 495 254 347
128 496 256 346
128 497 257 349
128 498 258 345
128 499 261 348
128 500 263 344
128 501 265 346
128 502 266 343
128 503 268 342
128 504 270 341
128 505 271 340
128 506 273 339
128 507 274 338
128 508 277 337
128 509 277 337
128 510 278 336
128 511 279 335
128 512 282 334
128 513 282 336
128 514 283 332
128 515 286 332
128 516 287 331
128 517 288 330
128 518 289 333
128 519 288 330
128 520 292 328
128 521 291 325
128 522 294 327
128 523 294 326
128 524 295 324
128 525 296 325
128 526 297 326
128 527 298 326
128 528 297 329
209 633 104 376
209 634 101 377
209 635 98 374
209 636 96 376
209 637 94 381
209 638 93 380
209 639 87 388
209 640 86 390
209 641 82 394
209 642 79 397
209 643 77 402
209 644 73 405
209 645 72 412
209 646 68 413
209 647 63 416
209 648 62 417
209 649 58 425
209 650 54 428
209 651 50 429
474 1073 326 277
474 1074 326 273
474 1075 324 273
474 1076 322 269
474 1077 325 268
474 1078 320 267
474 1079 317 269
474 1080 314 272
474 1081 309 273
474 1082 309 269
474 1083 307 268
474 1084 304 269
474 1085 305 267
474 1086 302 268
474 1087 299 269
474 1088 296 268
474 1089 294 268
474 1090 293 269
474 1091 290 268
474 1092 287 271
474 1093 286 268
474 1094 286 268
474 1095 284 268
474 1096 281 267
474 1097 279 271
474 1098 277 271
474 1099 273 271
474 1100 272 270
474 1101 272 270
474 1102 270 270
474 1103 267 268
474 1104 265 269
474 1105 264 266
474 1106 261 270
474 1107 258 266
474 1108 258 272
474 1109 257 270
474 1110 252 266
474 1111 252 266
474 1112 249 266
474 1113 245 266
474 1114 245 266
474 1115 240 260
474 1116 242 260
474 1117 243 260
474 1118 247 254
474 1119 253 250
474 1120 256 252
474 1121 256 252
505 1137 327 262
505 1138 332 259
505 1139 336 259
505 1140 340 259
505 1141 345 259
505 1142 357 260
505 1143 364 261
505 1144 364 260
505 1145 368 260
505 1146 375 260
505 1147 381 261
505 1148 391 261
505 1149 392 261
505 1150 400 262
505 1151 408 262
505 1152 422 263
505 1153 424 262
505 1154 426 263
505 1155 441 260
505 1156 449 260
505 1157 455 260
505 1158 457 263
505 1159 469 265
505 1160 471 265
505 1161 483 268
505 1162 487 267
626 1268 157 273
626 1269 157 269
626 1270 151 271
626 1271 148 273
626 1272 144 274
626 1273 143 277
626 1274 138 278
626 1275 135 279
626 1276 132 281
626 1277 129 283
626 1278 125 285
626 1279 124 286
626 1280 120 288
626 1281 116 290
626 1282 114 297
626 1283 110 293
626 1284 105 295
626 1285 103 297
626 1286 99 299
626 1287 96 303
626 1288 95 301
626 1289 96 302
626 1290 88 304
626 1291 85 305
626 1292 82 307
626 1293 75 310
626 1294 72 312
626 1295 66 315
626 1296 62 316
626 1297 66 317
626 1298 56 319
626 1299 55 316
888 1789 236 249
888 1790 235 247
888 1791 243 251
888 1792 249 248
888 1793 256 249
888 1794 263 249
888 1795 268 251
888 1796 276 251
888 1797 293 251
888 1798 303 253
888 1799 305 254
888 1800 321 255
888 1801 331 255
888 1802 341 257
888 1803 352 257
888 1804 361 259
888 1805 361 258
888 1806 382 260
888 1807 392 261
888 1808 395 262
888 1809 412 263
888 1810 422 264
888 1811 422 265
888 1812 431 265
888 1813 451 267
888 1814 462 267
888 1815 469 268
888 1816 473 268
888 1817 478 270
888 1818 482 267
902 1848 341 260
902 1849 356 261
902 1850 359 262
902 1851 374 262
902 1852 377 264
902 1853 392 264
902 1854 401 266
902 1855 411 265
902 1856 419 267
902 1857 429 267
902 1858 433 267
902 1859 438 268
902 1860 458 268
902 1861 466 271
902 1862 475 270
902 1863 478 271
902 1864 475 270
977 2065 553 444
977 2066 555 434
977 2067 552 434
977 2068 554 431
977 2069 547 432
977 2070 547 432
977 2071 541 431
977 2072 539 430
977 2073 542 429
977 2074 533 429
977 2075 530 429
977 2076 533 428
977 2077 525 427
977 2078 526 427
977 2079 522 426
977 2080 517 426
977 2081 517 425
977 2082 511 424
977 2083 508 424
977 2084 505 424
977 2085 507 422
977 2086 498 421
977 2087 497 422
977 2088 491 422
977 2089 492 421
977 2090 486 418
977 2091 485 417
977 2092 486 417
977 2093 480 415
977 2094 476 414
977 2095 473 413
977 2096 470 410
977 2097 470 417
977 2098 466 412
977 2099 464 410
977 2100 462 410
977 2101 460 409
977 2102 457 408
977 2103 454 407
977 2104 452 403
977 2105 448 405
977 2106 448 405
977 2107 446 401
977 2108 444 403
977 2109 443 404
977 2110 440 397
977 2111 437 396
977 2112 436 394
977 2113 435 393
977 2114 434 394
977 2115 432 391
977 2116 431 392
977 2117 430 390
977 2118 427 387
977 2119 424 388
977 2120 423 389
977 2121 422 390
977 2122 417 389
977 2123 418 390
977 2124 417 386
977 2125 413 389
977 2126 410 388
977 2127 407 386
977 2128 408 386
977 2129 408 377
977 2130 408 376
977 2131 407 375
977 2132 405 374
977 2133 403 373
977 2134 401 372
977 2135 400 370
977 2136 400 371
977 2137 399 368
977 2138 398 366
977 2139 396 364
977 2140 397 367
977 2141 395 372
977 2142 397 365
977 2143 395 363
977 2144 399 367
977 2145 400 364
1036 2249 320 255
1036 2250 321 255
1036 2251 328 256
1036 2252 336 257
1036 2253 343 257
1036 2254 354 258
1036 2255 359 259
1036 2256 366 259
1036 2257 374 259
1036 2258 382 261
1036 2259 385 260
1036 2260 389 260
1036 2261 397 262
1036 2262 413 262
1036 2263 416 259
1036 2264 421 263
1036 2265 430 263
1036 2266 443 264
1036 2267 436 262
1036 2268 441 272
1036 2269 439 270
1062 2349 481 269
1062 2350 476 266
1062 2351 467 265
1062 2352 464 266
1062 2353 444 263
1062 2354 432 262
1062 2355 420 261
1062 2356 407 259
1062 2357 395 259
1062 2358 383 258
1062 2359 371 256
1062 2360 359 256
1062 2361 348 254
1062 2362 336 254
1062 2363 312 254
1062 2364 312 255
1062 2365 311 254
1062 2366 308 254
1062 2367 311 264
1112 2387 425 268
1112 2388 437 269
1112 2389 452 270
1112 2390 466 271
1112 2391 478 272
1112 2392 480 266
1112 2393 477 266
1112 2394 461 264
1112 2395 448 262
1112 2396 444 262
1112 2397 421 260
1112 2398 408 260
1112 2399 395 258
1112 2400 383 258
1112 2401 370 256
1112 2402 379 257
1130 2403 485 267
1130 2404 485 266
1130 2405 472 264
1130 2406 458 260
1130 2407 450 262
1130 2408 444 261
1130 2409 430 261
1130 2410 402 258
1130 2411 397 257
1130 2412 376 256
1130 2413 363 255
1130 2414 358 255
1165 2470 127 416
1165 2471 124 418
1165 2472 127 423
1165 2473 125 424
1165 2474 125 421
1165 2475 121 426
1165 2476 120 429
1165 2477 118 427
1165 2478 113 427
1165 2479 117 435
1165 2480 112 433
1165 2481 107 433
1165 2482 105 433
1165 2483 104 434
1165 2484 97 438
1165 2485 96 438
1165 2486 91 440
1165 2487 87 442
1165 2488 86 445
1165 2489 83 443
1165 2490 81 444
1165 2491 80 447
1165 2492 77 446
1165 2493 71 448
1165 2494 70 450
1165 2495 67 450
1165 2496 64 454
1165 2497 60 453
1165 2498 58 454
1165 2499 57 454
1165 2500 52 458
1165 2501 48 458
1165 2502 44 460
1165 2503 41 461
1165 2504 39 464
1165 2505 37 463
1165 2506 37 462
1172 2548 396 260
1172 2549 387 257
1172 2550 377 256
1172 2551 366 255
1172 2552 362 255
1172 2553 343 252
1172 2554 340 252
1172 2555 322 251
1172 2556 310 251
1172 2557 308 251
1172 2558 299 249
1172 2559 286 248
1172 2560 270 247
1172 2561 268 247
1172 2562 253 247
1172 2563 245 246
1287 2856 116 407
1287 2857 114 410
1287 2858 111 414
1287 2859 108 413
1287 2860 108 420
1287 2861 104 419
1287 2862 105 418
1287 2863 104 421
1287 2864 98 426
1287 2865 96 425
1287 2866 96 434
1287 2867 92 431
1287 2868 90 433
1287 2869 88 437
1287 2870 86 439
1287 2871 83 440
1287 2872 79 445
1287 2873 78 451
1287 2874 73 452
1287 2875 70 460
1287 2876 69 452
1287 2877 67 454
1287 2878 65 459
1287 2879 63 462
1287 2880 57 465
1287 2881 57 468
1287 2882 55 472
1287 2883 51 473
1287 2884 49 475
1358 3170 7 337
1358 3171 10 334
1358 3172 13 332
1358 3173 16 331
1358 3174 19 330
1358 3175 26 327
1358 3176 31 325
1358 3177 37 323
1358 3178 41 324
1358 3179 46 320
1358 3180 51 317
1358 3181 56 318
1358 3182 57 316
1358 3183 60 313
1358 3184 68 310
1358 3185 68 309
1358 3186 75 306
1358 3187 80 304
1358 3188 84 302
1358 3189 88 300
1358 3190 90 300
1358 3191 97 295
1358 3192 100 295
1358 3193 105 293
1358 3194 109 291
1358 3195 110 291
1358 3196 117 288
1358 3197 121 286
1358 3198 123 285
1358 3199 127 284
1358 3200 130 283
1358 3201 137 280
1358 3202 140 278
1358 3203 143 278
1358 3204 148 277
1358 3205 151 274
1358 3206 155 273
1358 3207 158 272
1358 3208 160 272
1358 3209 165 270
1358 3210 168 270
1358 3211 172 268
1358 3212 178 267
1358 3213 181 265
1358 3214 183 265
1358 3215 186 265
1358 3216 193 263
1358 3217 192 262
1358 3218 197 262
1358 3219 204 262
1358 3220 201 265
1388 3220 212 260
1388 3221 214 258
1388 3222 215 258
1388 3223 218 258
1388 3224 219 258
1388 3225 223 258
1388 3226 230 256
1388 3227 235 257
1388 3228 239 255
1388 3229 243 255
1388 3230 244 255
1388 3231 251 254
1388 3232 252 254
1388 3233 260 253
1388 3234 263 253
1388 3235 267 255
1388 3236 275 255
1388 3237 277 254
1388 3238 283 253
1388 3239 291 253
1388 3240 297 254
1388 3241 302 254
1388 3242 309 255
1388 3243 315 255
1388 3244 317 255
1388 3245 323 255
1388 3246 330 256
1388 3247 336 256
1388 3248 347 256
1388 3249 354 259
1388 3250 355 258
1388 3251 362 258
1388 3252 370 260
1388 3253 381 261
1388 3254 389 262
1388 3255 396 262
1388 3256 399 262
1388 3257 412 264
1388 3258 414 264
1388 3259 418 263
1404 3298 482 268
1404 3299 475 267
1404 3300 464 265
1404 3301 459 264
1404 3302 445 263
1404 3303 420 262
1404 3304 405 261
1404 3305 391 258
1404 3306 376 258
1404 3307 362 257
1404 3308 353 255
1404 3309 334 254
1404 3310 320 253
1404 3311 307 251
1404 3312 303 251
1404 3313 289 249
1404 3314 267 248
1404 3315 256 247
1404 3316 245 247
1417 3348 361 263
1417 3349 370 263
1417 3350 384 263
1417 3351 397 265
1417 3352 426 267
1417 3353 439 267
1417 3354 444 268
1417 3355 453 268
1417 3356 477 271
1417 3357 481 277
1465 3692 237 251
1465 3693 234 250
1465 3694 248 252
1465 3695 256 251
1465 3696 265 253
1465 3697 268 253
1465 3698 277 253
1465 3699 291 253
1465 3700 299 255
1465 3701 310 257
1465 3702 312 256
1465 3703 328 257
1465 3704 337 258
1465 3705 346 259
1465 3706 350 260
1465 3707 362 261
1465 3708 375 262
1465 3709 385 262
1465 3710 395 263
1465 3711 405 264
1465 3712 416 265
1465 3713 419 266
1465 3714 436 266
1465 3715 447 268
1465 3716 456 268
1465 3717 463 268
1465 3718 469 269
1465 3719 476 270
1465 3720 480 269
1465 3721 486 267
1475 3727 452 260
1475 3728 436 262
1475 3729 416 262
1475 3730 398 259
1475 3731 380 258
1475 3732 363 256
1475 3733 352 255
1475 3734 346 255
1475 3735 329 254
1475 3736 312 253
1475 3737 295 252
1475 3738 269 249
1475 3739 254 247
1475 3740 238 246
1563 4542 201 246
1563 4543 206 247
1563 4544 224 248
1563 4545 232 249
1563 4546 244 249
1563 4547 248 250
1563 4548 259 251
1563 4549 268 252
1563 4550 278 253
1563 4551 288 253
1563 4552 296 254
1563 4553 305 256
1563 4554 316 256
1563 4555 319 257
1563 4556 337 258
1563 4557 346 260
1563 4558 358 261
1563 4559 362 261
1563 4560 374 262
1563 4561 399 265
1563 4562 406 265
1563 4563 410 265
1563 4564 423 266
1563 4565 449 268
1563 4566 462 269
1563 4567 451 268
1592 4638 331 259
1592 4639 343 259
1592 4640 357 259
1592 4641 363 260
1592 4642 372 261
1592 4643 401 264
1592 4644 415 265
1592 4645 429 266
1592 4646 444 267
1592 4647 450 268
1592 4648 459 268
1592 4649 472 270
1618 4787 415 259
1618 4788 404 259
1618 4789 387 258
1618 4790 370 256
1618 4791 348 255
1618 4792 332 253
1618 4793 317 251
1618 4794 306 251
1618 4795 291 249
1618 4796 272 247
1618 4797 262 247
1618 4798 248 247
1618 4799 234 246
1621 4924 491 261
1621 4925 485 263
1621 4926 468 261
1621 4927 466 261
1621 4928 450 260
1621 4929 442 259
1621 4930 440 258
1621 4931 431 258
1621 4932 418 256
1621 4933 407 255
1621 4934 398 255
1621 4935 397 255
1621 4936 383 254
1621 4937 374 254
1621 4938 371 252
1621 4939 357 252
1621 4940 348 251
1621 4941 347 251
1621 4942 333 250
1621 4943 330 250
1621 4944 320 249
1621 4945 307 247
1621 4946 297 247
1621 4947 296 247
1621 4948 280 247
1753 5521 194 392
1753 5522 198 390
1753 5523 198 384
1753 5524 200 386
1753 5525 202 389
1753 5526 204 388
1753 5527 205 392
1753 5528 208 390
1753 5529 210 393
1753 5530 208 389
1753 5531 213 392
1753 5532 216 396
1753 5533 218 397
1753 5534 220 397
1753 5535 222 396
1753 5536 225 399
1753 5537 228 400
1753 5538 230 401
1753 5539 232 402
1753 5540 235 404
1753 5541 238 403
1753 5542 241 404
1753 5543 244 407
1753 5544 245 408
1753 5545 248 409
1753 5546 252 410
1753 5547 253 411
1753 5548 255 413
1753 5549 257 412
1753 5550 264 415
1753 5551 267 417
1753 5552 268 416
1753 5553 270 417
1753 5554 272 412
1757 5535 238 393
1757 5536 243 394
1757 5537 246 394
1757 5538 247 396
1757 5539 252 399
1757 5540 251 397
1757 5541 254 398
1757 5542 259 398
1757 5543 263 402
1757 5544 265 403
1757 5545 266 402
1757 5546 269 403
1757 5547 270 404
1757 5548 274 405
1757 5549 274 406
1757 5550 282 405
1757 5551 284 408
1757 5552 287 409
1757 5553 289 408
1757 5554 290 411
1757 5555 293 410
1757 5556 297 411
1757 5557 299 413
1757 5558 305 412
1757 5559 310 414
1757 5560 310 408
1757 5561 310 403
1758 5554 273 425
1758 5555 276 420
1758 5556 279 422
1758 5557 284 421
1758 5558 287 423
1758 5559 290 425
1758 5560 291 424
1758 5561 292 424
1758 5562 299 429
1758 5563 301 429
1758 5564 305 429
1758 5565 308 429
1758 5566 313 432
1758 5567 312 432
1758 5568 319 433
1758 5569 321 429
1758 5570 327 436
1758 5571 328 436
1758 5572 331 432
1758 5573 338 439
1758 5574 339 433
1758 5575 339 439
1758 5576 344 440
1758 5577 348 442
1758 5578 354 444
1758 5579 356 441
1758 5580 359 443
1758 5581 363 446
1758 5582 367 448
1758 5583 367 447
1758 5584 373 446
1758 5585 378 451
1758 5586 378 451
1758 5587 386 452
1758 5588 392 455
1758 5589 393 455
1758 5590 388 463
1759 5560 312 425
1759 5561 311 419
1759 5562 318 416
1759 5563 318 416
1759 5564 324 419
1759 5565 326 419
1759 5566 330 420
1759 5567 335 422
1759 5568 338 422
1759 5569 337 421
1759 5570 344 422
1759 5571 349 425
1759 5572 350 425
1759 5573 352 427
1759 5574 353 426
1759 5575 360 427
1759 5576 364 429
1759 5577 368 430
1759 5578 370 429
1759 5579 373 429
1759 5580 377 431
1759 5581 379 432
1759 5582 381 431
1759 5583 387 432
1759 5584 391 434
1759 5585 394 436
1759 5586 396 435
1759 5587 404 436
1759 5588 407 437
1759 5589 408 437
1759 5590 405 444
1759 5591 401 456
1759 5592 406 458
1769 5675 54 475
1769 5676 57 474
1769 5677 60 473
1769 5678 63 472
1769 5679 66 472
1769 5680 68 470
1769 5681 71 469
1769 5682 74 468
1769 5683 77 468
1769 5684 79 468
1769 5685 81 467
1769 5686 82 466
1769 5687 88 465
1769 5688 87 461
1769 5689 90 458
1769 5690 95 462
1769 5691 95 457
1769 5692 98 463
1769 5693 101 453
1769 5694 104 452
1769 5695 108 457
1769 5696 110 457
1769 5697 111 450
1769 5698 111 448
1769 5699 114 451
1769 5700 117 446
1769 5701 117 444
1769 5702 121 445
1769 5703 122 441
1769 5704 124 439
1769 5705 124 442
1769 5706 127 445
1769 5707 132 443
1769 5708 130 437
1769 5709 136 441
1769 5710 133 433
1769 5711 135 432
1769 5712 135 430
1769 5713 137 430
1769 5714 138 434
1769 5715 140 435
1782 5701 344 259
1782 5702 350 259
1782 5703 374 262
1782 5704 389 263
1782 5705 394 264
1782 5706 409 266
1782 5707 436 268
1782 5708 452 268
1782 5709 468 268
1782 5710 477 270
1782 5711 486 268
1849 5817 29 458
1849 5818 33 456
1849 5819 33 454
1849 5820 32 455
1849 5821 40 448
1849 5822 33 451
1849 5823 38 441
1849 5824 35 439
1849 5825 39 435
1849 5826 39 436
1849 5827 44 432
1849 5828 45 433
1849 5829 52 431
1849 5830 56 430
1849 5831 54 430
1849 5832 62 426
1849 5833 61 425
1849 5834 67 424
1849 5835 70 420
1849 5836 74 418
1849 5837 72 414
1849 5838 72 413
1855 5838 83 420
1855 5839 85 408
1855 5840 89 407
1855 5841 87 404
1855 5842 94 399
1855 5843 97 397
1855 5844 100 394
1855 5845 102 394
1855 5846 101 391
1855 5847 103 391
1855 5848 109 388
1855 5849 106 389
1855 5850 112 386
1855 5851 111 383
1855 5852 116 384
1855 5853 119 380
1855 5854 120 378
1855 5855 122 378
1855 5856 121 377
1855 5857 125 372
1855 5858 127 372
1855 5859 126 372
1855 5860 127 373
2083 6286 558 440
2083 6287 560 443
2083 6288 552 443
2083 6289 547 437
2083 6290 543 439
2083 6291 542 435
2083 6292 536 439
2083 6293 536 437
2083 6294 533 438
2083 6295 529 438
2083 6296 522 432
2083 6297 520 434
2083 6298 518 429
2083 6299 513 433
2083 6300 506 433
2083 6301 507 428
2083 6302 501 428
2083 6303 498 428
2083 6304 490 428
2083 6305 486 427
2083 6306 488 427
2083 6307 482 426
2083 6308 479 431
2083 6309 476 426
2083 6310 471 423
2083 6311 471 423
2083 6312 465 423
2083 6313 459 423
2083 6314 460 425
2083 6315 456 421
2083 6316 453 419
2083 6317 448 421
2083 6318 447 417
2083 6319 442 418
2083 6320 435 414
2083 6321 435 417
2083 6322 433 410
2083 6323 427 410
2083 6324 421 410
2083 6325 420 409
2083 6326 415 407
2083 6327 414 411
2083 6328 410 406
2083 6329 406 404
2083 6330 405 404
2083 6331 399 403
2083 6332 395 401
2083 6333 393 401
2083 6334 392 399
2083 6335 385 398
2083 6336 383 398
2083 6337 381 398
2083 6338 378 396
2083 6339 371 395
2083 6340 369 395
2083 6341 368 397
2083 6342 363 396
2083 6343 366 400
2106 6343 363 391
2106 6344 358 390
2106 6345 356 394
2106 6346 354 388
2106 6347 346 388
2106 6348 345 388
2106 6349 344 392
2106 6350 338 384
2106 6351 337 386
2106 6352 334 384
2106 6353 333 383
2106 6354 331 381
2106 6355 324 380
2106 6356 322 380
2106 6357 321 378
2106 6358 317 377
2106 6359 313 377
2106 6360 314 377
2106 6361 310 374
2106 6362 309 377
2106 6363 304 372
2106 6364 303 371
2106 6365 299 370
2106 6366 302 372
2114 6373 286 380
2114 6374 284 381
2114 6375 287 385
2114 6376 290 386
2114 6377 292 385
2114 6378 294 385
2114 6379 296 386
2114 6380 301 388
2114 6381 301 388
2114 6382 301 388
2114 6383 306 389
2114 6384 310 392
2114 6385 313 395
2114 6386 311 391
2114 6387 316 391
2114 6388 317 393
2114 6389 321 395
2114 6390 320 394
2114 6391 323 395
2114 6392 326 397
2114 6393 329 398
2114 6394 330 401
2114 6395 332 399
2114 6396 335 400
2114 6397 340 401
2114 6398 341 402
2114 6399 343 402
2114 6400 347 405
2114 6401 350 405
2114 6402 351 406
2114 6403 351 404
2114 6404 355 404
2114 6405 358 406
2114 6406 363 408
2114 6407 363 409
2114 6408 364 410
2114 6409 368 409
2114 6410 371 411
2114 6411 373 412
2114 6412 374 410
2114 6413 378 411
2114 6414 380 413
2114 6415 386 414
2114 6416 386 413
2114 6417 388 415
2114 6418 392 416
2114 6419 394 417
2114 6420 395 417
2114 6421 399 417
2114 6422 401 418
2114 6423 406 420
2114 6424 406 413
2114 6425 409 420
2114 6426 409 420
2114 6427 414 421
2114 6428 417 424
2114 6429 418 425
2114 6430 419 425
2114 6431 425 425
2114 6432 428 427
2114 6433 430 428
2114 6434 433 428
2114 6435 437 429
2114 6436 440 431
2114 6437 442 433
2114 6438 443 431
2114 6439 448 431
2114 6440 451 433
2114 6441 454 434
2114 6442 455 434
2114 6443 457 434
2114 6444 462 434
2114 6445 465 435
2114 6446 467 438
2114 6447 469 438
2114 6448 475 436
2114 6449 478 436
2114 6450 480 436
2114 6451 482 436
2114 6452 486 436
2114 6453 492 441
2114 6454 497 437
2114 6455 495 444
2114 6456 497 452
2167 6609 479 266
2167 6610 471 265
2167 6611 456 263
2167 6612 432 262
2167 6613 421 261
2167 6614 407 260
2167 6615 384 259
2167 6616 366 257
2167 6617 341 255
2167 6618 338 261
2167 6619 342 254
2170 6728 7 346
2170 6729 19 338
2170 6730 41 328
2170 6731 50 323
2170 6732 64 318
2170 6733 77 312
2170 6734 98 304
2170 6735 108 298
2170 6736 111 297
2170 6737 121 293
2170 6738 129 289
2170 6739 137 284
2170 6740 147 283
2170 6741 156 278
2170 6742 162 275
2170 6743 166 274
2170 6744 171 272
2170 6745 177 269
2170 6746 179 267
2170 6747 182 264
2170 6748 183 265
2232 6959 481 268
2232 6960 474 266
2232 6961 458 265
2232 6962 442 264
2232 6963 424 263
2232 6964 407 261
2232 6965 390 260
2232 6966 373 259
2232 6967 358 257
2232 6968 341 256
2232 6969 343 257
2310 7245 489 260
2310 7246 478 262
2310 7247 468 258
2310 7248 457 261
2310 7249 452 259
2310 7250 441 258
2310 7251 433 257
2310 7252 422 255
2310 7253 414 255
2310 7254 405 254
2310 7255 396 254
2310 7256 388 253
2310 7257 379 252
2310 7258 371 250
2310 7259 364 250
2310 7260 359 249
2310 7261 349 249
2310 7262 341 249
2310 7263 335 249
2310 7264 328 248
2367 7343 275 250
2367 7344 286 252
2367 7345 294 253
2367 7346 302 253
2367 7347 311 254
2367 7348 321 255
2367 7349 330 256
2367 7350 342 257
2367 7351 352 258
2367 7352 363 259
2367 7353 373 259
2367 7354 384 261
2367 7355 395 262
2367 7356 401 269
2367 7357 397 263
2393 7390 228 250
2393 7391 232 249
2393 7392 235 251
2393 7393 245 249
2393 7394 249 250
2393 7395 257 251
2393 7396 266 251
2393 7397 277 252
2393 7398 286 252
2393 7399 295 254
2393 7400 304 254
2393 7401 315 255
2393 7402 326 255
2393 7403 336 256
2393 7404 342 257
2393 7405 353 257
2393 7406 362 259
2393 7407 377 261
2393 7408 385 262
2393 7409 395 263
2393 7410 406 263
2393 7411 418 263
2393 7412 426 264
2393 7413 439 264
2393 7414 451 265
2393 7415 463 266
2393 7416 473 267
2393 7417 477 267
2393 7418 483 268
2418 7453 338 255
2418 7454 342 260
2418 7455 347 264
2418 7456 352 261
2418 7457 359 263
2418 7458 364 261
2418 7459 370 264
2418 7460 375 262
2418 7461 380 264
2418 7462 385 265
2418 7463 393 265
2418 7464 396 266
2418 7465 401 266
2418 7466 408 267
2418 7467 414 264
2418 7468 419 265
2418 7469 424 269
2418 7470 431 266
2418 7471 437 271
2418 7472 442 268
2418 7473 447 271
2418 7474 455 271
2418 7475 461 270
2418 7476 467 271
2418 7477 473 271
2418 7478 477 273
2418 7479 481 278
2444 7547 482 267
2444 7548 474 265
2444 7549 461 264
2444 7550 447 262
2444 7551 438 263
2444 7552 421 262
2444 7553 405 261
2444 7554 391 259
2444 7555 376 258
2444 7556 360 256
2444 7557 346 255
2444 7558 331 254
2444 7559 317 253
2444 7560 303 251
2444 7561 290 248
2444 7562 280 249
2444 7563 268 248
2444 7564 255 247
2444 7565 245 246
2500 7762 61 407
2500 7763 64 413
2500 7764 66 420
2500 7765 68 412
2500 7766 71 419
2500 7767 71 422
2500 7768 76 418
2500 7769 76 419
2500 7770 76 415
2500 7771 79 416
2500 7772 80 409
2500 7773 81 411
2500 7774 84 408
2500 7775 86 417
2500 7776 88 413
2500 7777 90 417
2500 7778 91 417
2500 7779 97 417
2500 7780 96 415
2500 7781 98 409
2500 7782 101 410
2500 7783 101 407
2500 7784 103 405
2500 7785 105 403
2500 7786 107 403
2500 7787 109 406
2500 7788 110 409
2500 7789 113 409
2500 7790 115 408
2500 7791 116 404
2500 7792 118 404
2500 7793 121 409
2500 7794 122 403
2500 7795 123 405
2500 7796 125 399
2500 7797 127 406
2500 7798 129 405
2500 7799 132 408
2500 7800 136 403
2500 7801 136 400
2500 7802 137 400
2500 7803 139 396
2500 7804 141 399
2500 7805 145 403
2500 7806 144 398
2500 7807 146 399
2500 7808 147 402
2500 7809 149 396
2500 7810 153 397
2500 7811 153 395
2500 7812 155 399
2500 7813 157 394
2500 7814 157 395
2500 7815 159 390
2500 7816 161 395
2500 7817 163 393
2500 7818 164 398
2500 7819 167 394
2500 7820 171 392
2500 7821 169 394
2500 7822 172 393
2500 7823 173 394
2500 7824 175 388
2500 7825 175 386
2500 7826 180 389
2500 7827 180 388
2500 7828 181 394
2500 7829 182 386
2500 7830 187 387
2500 7831 187 387
2500 7832 188 391
2500 7833 191 386
2500 7834 193 382
2500 7835 193 380
2500 7836 195 382
2500 7837 196 377
2511 7834 483 267
2511 7835 469 265
2511 7836 447 264
2511 7837 434 262
2511 7838 411 262
2511 7839 390 260
2511 7840 370 257
2511 7841 349 256
2511 7842 330 255
2511 7843 310 253
2511 7844 292 250
2511 7845 275 249
2521 7887 487 270
2521 7888 479 267
2521 7889 469 265
2521 7890 454 264
2521 7891 443 264
2521 7892 426 263
2521 7893 410 261
2521 7894 394 259
2521 7895 380 257
2521 7896 364 257
2521 7897 348 255
2521 7898 333 255
2521 7899 319 253
2521 7900 304 252
2521 7901 291 249
2521 7902 277 248
2521 7903 267 248
2521 7904 254 247
2521 7905 235 249
2717 8373 482 264
2717 8374 470 264
2717 8375 462 262
2717 8376 449 263
2717 8377 437 261
2717 8378 425 260
2717 8379 415 257
2717 8380 404 258
2717 8381 393 258
2717 8382 382 257
2717 8383 372 256
2717 8384 362 255
2717 8385 353 254
2717 8386 342 253
2717 8387 333 252
2717 8388 325 253
2717 8389 319 252
2717 8390 311 251
2717 8391 304 250
2717 8392 296 250
2717 8393 288 250
2717 8394 282 249
2717 8395 281 254
2741 8495 487 268
2741 8496 483 267
2741 8497 472 265
2741 8498 458 265
2741 8499 440 264
2741 8500 424 263
2741 8501 407 261
2741 8502 391 260
2741 8503 376 258
2741 8504 361 257
2741 8505 346 256
2741 8506 331 255
2741 8507 321 254
2741 8508 308 254
2741 8509 294 252
2741 8510 276 249
2741 8511 264 249
2741 8512 253 248
2741 8513 243 247
2741 8514 231 247
2755 8657 237 249
2755 8658 244 250
2755 8659 253 252
2755 8660 263 252
2755 8661 280 253
2755 8662 291 253
2755 8663 301 254
2755 8664 311 256
2755 8665 322 257
2755 8666 332 258
2755 8667 344 259
2755 8668 355 261
2755 8669 367 261
2755 8670 371 261
2755 8671 378 262
2755 8672 391 263
2755 8673 403 264
2755 8674 415 265
2755 8675 423 273
2807 9080 202 265
2807 9081 201 265
2807 9082 198 261
2807 9083 196 259
2807 9084 194 259
2807 9085 191 260
2807 9086 189 260
2807 9087 186 260
2807 9088 184 261
2807 9089 182 261
2807 9090 179 262
2807 9091 177 264
2807 9092 171 265
2807 9093 171 268
2807 9094 167 268
2807 9095 163 267
2807 9096 160 268
2807 9097 156 268
2807 9098 153 272
2807 9099 152 274
2807 9100 148 272
2807 9101 145 274
2807 9102 142 275
2807 9103 141 274
2807 9104 138 277
2807 9105 136 276
2807 9106 134 278
2807 9107 132 282
2807 9108 130 281
2807 9109 130 286
2807 9110 129 285
2807 9111 128 286
2860 9173 22 312
2860 9174 24 315
2860 9175 25 315
2860 9176 27 316
2860 9177 29 317
2860 9178 31 316
2860 9179 32 316
2860 9180 33 316
2860 9181 37 315
2860 9182 38 320
2860 9183 40 314
2860 9184 40 312
2860 9185 42 310
2860 9186 42 308
2860 9187 44 312
2860 9188 45 313
2860 9189 48 311
2860 9190 49 311
2860 9191 51 309
2860 9192 54 311
2860 9193 53 309
2860 9194 56 308
2860 9195 54 308
2860 9196 58 309
2860 9197 61 307
2860 9198 62 303
2860 9199 62 305
2860 9200 64 306
2860 9201 63 305
2860 9202 66 304
2860 9203 65 303
2860 9204 65 302
2860 9205 66 302
2860 9206 69 301
2860 9207 68 300
2860 9208 71 299
2860 9209 72 302
2860 9210 73 301
2860 9211 73 301
2860 9212 74 301
2860 9213 75 299
2860 9214 75 298
2860 9215 77 298
2860 9216 79 297
2860 9217 80 296
2860 9218 80 297
2860 9219 81 297
2860 9220 82 297
2860 9221 83 297
2860 9222 83 296
2860 9223 85 295
2860 9224 87 295
2860 9225 88 294
2860 9226 87 293
2860 9227 89 294
2860 9228 89 293
2860 9229 91 293
2860 9230 92 292
2860 9231 93 292
2860 9232 93 288
2860 9233 95 289
2860 9234 97 288
2860 9235 98 288
2860 9236 98 289
2860 9237 96 291
2966 9339 292 371
2966 9340 297 366
2966 9341 299 369
2966 9342 302 372
2966 9343 304 371
2966 9344 306 373
2966 9345 309 374
2966 9346 312 378
2966 9347 316 379
2966 9348 319 381
2966 9349 322 379
2966 9350 325 383
2966 9351 332 386
2966 9352 337 388
2966 9353 342 390
2966 9354 347 390
2966 9355 351 392
2966 9356 355 393
2966 9357 360 395
2966 9358 365 398
2966 9359 368 399
2966 9360 371 398
2979 9371 438 415
2979 9372 437 420
2979 9373 441 422
2979 9374 446 422
2979 9375 450 424
2979 9376 457 426
2979 9377 461 428
2979 9378 467 427
2979 9379 475 432
2979 9380 478 433
2979 9381 483 434
2979 9382 488 435
2979 9383 492 436
2979 9384 498 437
2979 9385 503 443
2979 9386 508 443
2979 9387 515 439
2979 9388 521 441
2979 9389 527 443
2979 9390 532 448
2979 9391 534 450
2979 9392 538 452
2979 9393 538 457
2979 9394 544 454
2979 9395 549 455
2979 9396 554 456
2979 9397 559 457
2979 9398 561 460
3173 10072 162 246
3173 10073 165 246
3173 10074 169 247
3173 10075 172 248
3173 10076 174 249
3173 10077 176 250
3173 10078 179 251
3173 10079 180 253
3173 10080 181 254
3173 10081 182 255
3173 10082 183 257
3173 10083 183 258
3173 10084 182 259
3173 10085 180 261
3173 10086 180 262
3173 10087 178 265
3173 10088 174 266
3173 10089 172 267
3173 10090 169 271
3173 10091 167 272
3173 10092 164 274
3173 10093 159 275
3173 10094 155 278
3173 10095 149 280
3173 10096 145 283
3173 10097 140 285
3173 10098 135 288
3173 10099 129 290
3173 10100 123 293
3173 10101 116 297
3173 10102 110 299
3173 10103 103 302
3173 10104 97 305
3173 10105 89 308
3173 10106 84 310
3173 10107 77 313
3173 10108 69 318
3173 10109 61 320
3173 10110 53 324
3173 10111 44 327
3173 10112 36 331
3173 10113 27 335
3173 10114 21 339
3173 10115 18 341
3173 10116 14 342
3173 10117 9 342
3173 10118 5 349
3180 10092 112 404
3180 10093 114 402
3180 10094 111 404
3180 10095 111 403
3180 10096 109 405
3180 10097 108 405
3180 10098 103 408
3180 10099 101 409
3180 10100 100 410
3180 10101 101 409
3180 10102 98 414
3180 10103 94 415
3180 10104 93 416
3180 10105 93 417
3180 10106 91 423
3180 10107 87 420
3180 10108 86 420
3180 10109 85 422
3180 10110 84 421
3180 10111 82 422
3180 10112 79 426
3180 10113 76 427
3180 10114 77 425
3180 10115 72 426
3180 10116 72 427
3180 10117 68 433
3180 10118 68 433
3180 10119 66 431
3180 10120 61 429
3193 10120 67 441
3193 10121 60 438
3193 10122 57 437
3193 10123 54 439
3193 10124 52 439
3193 10125 50 441
3193 10126 49 443
3193 10127 49 444
3193 10128 47 446
3193 10129 42 443
3193 10130 40 450
3193 10131 40 448
3193 10132 37 451
3193 10133 32 450
3193 10134 29 456
3193 10135 28 455
3193 10136 27 456
3193 10137 24 454
3193 10138 21 455
3193 10139 18 456
3193 10140 16 460
3193 10141 15 459
3193 10142 13 460
3193 10143 8 463
3193 10144 8 464
3193 10145 10 470
3193 10146 6 469
3193 10147 4 472
3205 10174 484 268
3205 10175 481 262
3205 10176 474 261
3205 10177 467 260
3205 10178 460 260
3205 10179 453 259
3205 10180 446 259
3205 10181 439 256
3205 10182 431 258
3205 10183 425 257
3205 10184 417 257
3205 10185 412 256
3205 10186 404 255
3205 10187 398 255
3205 10188 391 253
3205 10189 385 254
3205 10190 379 253
3205 10191 373 253
3205 10192 366 253
3205 10193 361 252
3205 10194 355 249
3205 10195 346 251
3205 10196 340 250
3205 10197 334 249
3205 10198 327 249
3205 10199 320 248
3205 10200 315 248
3205 10201 308 246
3205 10202 304 247
3205 10203 297 247
3205 10204 289 247
3267 10617 114 312
3267 10618 116 313
3267 10619 116 316
3267 10620 116 318
3267 10621 118 316
3267 10622 117 317
3267 10623 117 317
3267 10624 118 318
3267 10625 118 318
3267 10626 119 316
3267 10627 120 318
3267 10628 121 319
3267 10629 122 319
3267 10630 121 317
3267 10631 122 321
3267 10632 123 321
3267 10633 123 321
3267 10634 124 321
3267 10635 125 324
3267 10636 125 322
3267 10637 127 324
3267 10638 127 323
3267 10639 128 326
3267 10640 130 326
3267 10641 130 326
3267 10642 132 327
3267 10643 131 327
3267 10644 135 329
3267 10645 135 330
3267 10646 135 329
3267 10647 136 328
3267 10648 137 330
3267 10649 138 328
3267 10650 138 329
3267 10651 141 330
3267 10652 141 331
3267 10653 141 331
3267 10654 143 330
3267 10655 143 333
3267 10656 145 334
3267 10657 146 334
3267 10658 147 333
3267 10659 147 334
3267 10660 148 334
3267 10661 149 336
3267 10662 151 337
3267 10663 151 336
3267 10664 152 336
3267 10665 152 337
3267 10666 153 340
3267 10667 154 339
3267 10668 154 339
3267 10669 157 340
3267 10670 158 342
3267 10671 157 340
3267 10672 157 342
3267 10673 158 341
3267 10674 158 342
3267 10675 159 346
3267 10676 160 345
3267 10677 160 342
3285 10720 213 375
3285 10721 217 370
3285 10722 218 368
3285 10723 221 370
3285 10724 221 370
3285 10725 224 371
3285 10726 225 370
3285 10727 225 372
3285 10728 229 372
3285 10729 231 373
3285 10730 233 374
3285 10731 234 372
3285 10732 236 374
3285 10733 238 375
3285 10734 238 376
3285 10735 241 376
3285 10736 242 376
3285 10737 245 378
3285 10738 246 380
3285 10739 249 378
3285 10740 249 379
3285 10741 251 380
3285 10742 254 383
3285 10743 253 383
3285 10744 257 382
3285 10745 258 384
3285 10746 261 385
3285 10747 262 386
3285 10748 263 385
3285 10749 266 386
3285 10750 268 388
3285 10751 270 388
3285 10752 270 387
3285 10753 272 388
3285 10754 272 388
3285 10755 276 390
3285 10756 278 390
3285 10757 280 390
3285 10758 280 390
3285 10759 283 390
3285 10760 287 391
3285 10761 288 392
3285 10762 289 392
3285 10763 293 392
3285 10764 295 394
3285 10765 296 394
3285 10766 299 396
3285 10767 300 395
3285 10768 301 396
3285 10769 305 397
3285 10770 307 399
3285 10771 308 398
3285 10772 312 399
3285 10773 314 401
3285 10774 316 403
3285 10775 318 403
3285 10776 322 402
3285 10777 323 403
3285 10778 326 404
3285 10779 327 404
3285 10780 330 405
3285 10781 333 406
3285 10782 335 408
3285 10783 337 408
3285 10784 339 408
3285 10785 340 408
3285 10786 342 410
3285 10787 345 412
3285 10788 345 412
3285 10789 348 414
3285 10790 350 413
3285 10791 352 415
3285 10792 354 417
3285 10793 355 415
3285 10794 358 417
3285 10795 360 419
3285 10796 362 420
3285 10797 363 419
3285 10798 366 420
3285 10799 366 421
3285 10800 371 418
3285 10801 373 424
3285 10802 374 424
3285 10803 377 424
3285 10804 381 426
3285 10805 380 428
3285 10806 381 428
3285 10807 385 427
3285 10808 388 423
3286 10721 187 474
3286 10722 185 471
3286 10723 182 468
3286 10724 179 463
3286 10725 175 457
3286 10726 172 451
3286 10727 169 442
3286 10728 167 434
3286 10729 166 431
3286 10730 163 426
3286 10731 161 417
3286 10732 160 412
3286 10733 159 408
3286 10734 162 419
3286 10735 164 417
3286 10736 163 413
3286 10737 163 413
3432 11196 546 425
3432 11197 542 426
3432 11198 538 428
3432 11199 535 428
3432 11200 531 429
3432 11201 528 431
3432 11202 525 432
3432 11203 520 432
3432 11204 516 434
3432 11205 514 435
3432 11206 510 436
3432 11207 506 437
3432 11208 502 440
3432 11209 498 441
3432 11210 495 441
3432 11211 492 442
3432 11212 487 444
3432 11213 483 444
3432 11214 478 444
3432 11215 474 445
3432 11216 471 446
3432 11217 467 448
3432 11218 463 448
3432 11219 460 449
3432 11220 454 451
3432 11221 449 454
3432 11222 445 452
3432 11223 440 456
3432 11224 436 456
3432 11225 432 456
3432 11226 428 459
3432 11227 423 460
3432 11228 418 461
3432 11229 415 467
3432 11230 411 465
3432 11231 408 468
3432 11232 405 467
3432 11233 402 468
3432 11234 397 471
3432 11235 393 472
3432 11236 388 474
3432 11237 385 475
3469 11376 409 265
3469 11377 423 267
3469 11378 438 268
3469 11379 457 267
3469 11380 458 266
3469 11381 452 264
3469 11382 425 260
3469 11383 409 259
3469 11384 395 258
3469 11385 378 256
3469 11386 363 256
3469 11387 349 255
3469 11388 335 254
3469 11389 321 253
3469 11390 306 252
3469 11391 293 250
3469 11392 284 249
3469 11393 271 248
3469 11394 258 247
3469 11395 245 247
3469 11396 235 246
3469 11397 229 249
3469 11398 216 249
3507 11435 487 269
3507 11436 482 266
3507 11437 471 265
3507 11438 457 263
3507 11439 444 263
3507 11440 428 262
3507 11441 411 260
3507 11442 395 259
3507 11443 379 258
3507 11444 363 257
3507 11445 347 255
3507 11446 332 254
3507 11447 316 253
3507 11448 302 252
3507 11449 288 250
3507 11450 274 248
3507 11451 265 248
3507 11452 250 247
3507 11453 240 246
3507 11454 228 246
3573 11987 518 345
3573 11988 515 345
3573 11989 514 346
3573 11990 511 341
3573 11991 509 343
3573 11992 505 348
3573 11993 505 343
3573 11994 502 343
3573 11995 500 344
3573 11996 498 345
3573 11997 495 346
3573 11998 493 345
3573 11999 490 345
3573 12000 488 346
3573 12001 487 345
3573 12002 484 345
3573 12003 480 348
3573 12004 478 349
3573 12005 476 349
3573 12006 473 346
3573 12007 470 347
3573 12008 468 347
3573 12009 466 347
3573 12010 464 346
3573 12011 462 343
3573 12012 459 344
3573 12013 457 344
3573 12014 456 344
3573 12015 453 346
3573 12016 449 347
3573 12017 448 345
3573 12018 444 349
3573 12019 441 348
3573 12020 440 348
3573 12021 438 348
3573 12022 434 349
3573 12023 433 348
3573 12024 431 347
3573 12025 429 347
3573 12026 427 344
3573 12027 421 347
3573 12028 420 347
3573 12029 417 347
3573 12030 414 346
3573 12031 411 348
3573 12032 410 349
3573 12033 405 349
3573 12034 404 345
3573 12035 400 348
3573 12036 399 349
3573 12037 396 349
3573 12038 394 346
3573 12039 391 348
3573 12040 388 349
3573 12041 388 347
3573 12042 384 345
3573 12043 383 346
3573 12044 375 348
3573 12045 376 349
3573 12046 373 348
3573 12047 372 348
3573 12048 369 349
3573 12049 366 349
3573 12050 364 351
3573 12051 360 351
3573 12052 358 350
3573 12053 356 350
3573 12054 355 349
3573 12055 352 349
3573 12056 352 346
3588 12056 347 354
3588 12057 346 349
3588 12058 343 352
3588 12059 341 351
3588 12060 338 353
3588 12061 336 353
3588 12062 333 354
3588 12063 331 353
3588 12064 326 355
3588 12065 326 353
3588 12066 322 354
3588 12067 318 354
3588 12068 315 355
3588 12069 315 354
3588 12070 313 355
3588 12071 309 356
3588 12072 307 358
3588 12073 306 356
3588 12074 304 356
3588 12075 299 359
3588 12076 299 360
3588 12077 296 361
3588 12078 293 359
3588 12079 292 362
3588 12080 290 361
3588 12081 288 360
3588 12082 286 361
3588 12083 282 365
3588 12084 281 365
3588 12085 279 364
3588 12086 278 365
3588 12087 274 368
3588 12088 273 371
3588 12089 272 368
3588 12090 269 368
3588 12091 264 371
3588 12092 262 374
3588 12093 260 372
3588 12094 259 372
3588 12095 255 374
3588 12096 255 374
3588 12097 252 376
3588 12098 250 374
3588 12099 248 373
3588 12100 246 379
3588 12101 243 377
3588 12102 241 377
3588 12103 238 381
3588 12104 238 380
3588 12105 235 381
3588 12106 233 379
3588 12107 230 383
3588 12108 229 381
3588 12109 226 385
3588 12110 224 385
3588 12111 221 387
3588 12112 219 388
3588 12113 216 388
3588 12114 212 384
3588 12115 211 384
3602 12114 212 396
3602 12115 212 392
3602 12116 210 393
3602 12117 207 392
3602 12118 206 392
3602 12119 203 396
3602 12120 202 394
3602 12121 201 396
3602 12122 199 395
3602 12123 196 400
3602 12124 194 402
3602 12125 192 400
3602 12126 190 403
3602 12127 190 404
3602 12128 185 403
3602 12129 184 406
3602 12130 183 408
3602 12131 182 408
3602 12132 180 409
3602 12133 177 411
3602 12134 176 413
3602 12135 174 416
3602 12136 170 417
3602 12137 170 419
3602 12138 168 419
3602 12139 165 422
3602 12140 164 422
3602 12141 160 422
3602 12142 159 425
3602 12143 156 426
3602 12144 154 424
3602 12145 152 430
3602 12146 150 428
3602 12147 148 430
3602 12148 146 434
3602 12149 143 435
3602 12150 140 435
3602 12151 136 437
3602 12152 135 441
3602 12153 132 439
3602 12154 129 436
3602 12155 126 438
3602 12156 124 444
3602 12157 123 441
3602 12158 117 444
3602 12159 115 442
3602 12160 110 443
3602 12161 112 445
3602 12162 104 444
3602 12163 102 447
3602 12164 98 450
3602 12165 95 448
3602 12166 92 447
3602 12167 89 448
3602 12168 87 450
3602 12169 83 451
3602 12170 80 452
3602 12171 76 452
3602 12172 73 456
3602 12173 66 456
3602 12174 65 457
3602 12175 62 457
3602 12176 58 456
3602 12177 55 457
3602 12178 53 459
3602 12179 49 461
3602 12180 44 462
3602 12181 41 463
3602 12182 39 460
3602 12183 36 460
3602 12184 32 466
3602 12185 30 463
3602 12186 27 463
3602 12187 24 463
3602 12188 21 468
3602 12189 17 465
3602 12190 13 466
3602 12191 10 467
3602 12192 8 467
3602 12193 4 471
3602 12194 3 475