0 0 385 461
0 1 399 473
0 2 395 470
0 3 395 468
0 4 389 465
0 5 388 465
0 6 383 465
0 7 381 464
0 8 377 463
0 9 374 463
0 10 371 461
0 11 369 461
0 12 368 462
0 13 366 463
0 14 364 463
0 15 361 462
0 16 338 446
0 17 342 442
0 18 340 444
3 0 7 390
3 1 9 389
3 2 14 391
3 3 22 390
3 4 23 390
3 5 24 389
3 6 27 389
3 7 29 388
3 8 34 390
3 9 38 389
3 10 37 388
3 11 40 389
3 12 45 387
3 13 44 386
3 14 50 388
3 15 49 387
3 16 56 385
3 17 58 385
3 18 58 384
3 19 63 384
3 20 63 384
3 21 66 384
3 22 68 383
3 23 69 384
3 24 71 384
3 25 73 383
3 26 80 383
3 27 79 380
3 28 84 383
3 29 85 379
3 30 89 383
3 31 90 383
3 32 93 383
3 33 94 383
3 34 99 378
3 35 101 376
3 36 103 375
93 52 151 391
93 53 154 391
93 54 153 391
93 55 157 391
93 56 158 391
93 57 162 391
93 58 165 391
93 59 163 391
93 60 166 384
93 61 170 385
93 62 174 386
93 63 174 386
93 64 177 387
93 65 181 387
93 66 182 387
93 67 183 387
93 68 187 388
93 69 188 386
93 70 192 385
93 71 194 387
93 72 199 387
93 73 201 387
93 74 204 388
93 75 208 389
93 76 209 387
93 77 212 387
93 78 213 382
93 79 217 388
93 80 220 387
93 81 222 387
93 82 223 387
93 83 227 387
93 84 234 388
93 85 232 387
93 86 234 388
93 87 239 390
93 88 242 387
93 89 246 388
93 90 248 388
93 91 252 389
93 92 255 390
93 93 257 391
93 94 260 391
93 95 263 390
93 96 266 391
93 97 271 393
93 98 269 392
93 99 272 392
93 100 278 394
93 101 282 393
93 102 281 393
93 103 285 387
93 104 288 385
93 105 290 384
93 106 293 384
93 107 296 384
93 108 299 386
133 77 325 257
133 78 329 258
133 79 347 261
133 80 367 261
133 81 371 262
133 82 381 263
133 83 401 264
133 84 427 267
133 85 432 266
133 86 441 268
133 87 467 271
133 88 464 270
222 127 372 409
222 128 375 404
222 129 370 397
222 130 369 398
222 131 369 398
222 132 366 400
222 133 366 399
222 134 360 396
222 135 357 397
222 136 355 398
222 137 351 397
222 138 349 394
222 139 344 391
222 140 343 390
222 141 340 392
222 142 338 391
222 143 335 389
222 144 332 389
222 145 332 391
222 146 328 389
222 147 323 388
222 148 321 387
222 149 323 386
222 150 317 387
222 151 317 387
222 152 314 387
222 153 312 385
222 154 309 383
222 155 307 384
222 156 304 387
222 157 300 384
222 158 300 381
222 159 298 380
222 160 296 381
222 161 299 382
531 280 362 390
531 281 359 393
531 282 354 396
531 283 353 396
531 284 352 395
531 285 349 393
531 286 347 394
531 287 345 394
531 288 342 393
531 289 340 396
531 290 336 392
531 291 335 392
531 292 333 390
531 293 331 392
531 294 326 388
531 295 324 391
531 296 322 388
531 297 320 388
531 298 317 385
531 299 316 385
531 300 313 387
531 301 310 385
531 302 308 383
531 303 306 383
531 304 302 382
531 305 299 384
531 306 298 383
531 307 295 382
531 308 292 383
531 309 288 383
531 310 287 388
531 311 283 385
531 312 279 388
531 313 278 389
531 314 277 390
531 315 273 391
531 316 270 389
531 317 267 390
531 318 266 388
531 319 265 392
531 320 259 388
531 321 257 388
531 322 255 394
676 378 247 249
676 379 256 251
676 380 267 252
676 381 279 253
676 382 287 253
676 383 297 254
676 384 313 256
676 385 327 257
676 386 343 258
676 387 356 259
676 388 382 260
676 389 384 260
676 390 384 260
676 391 364 259
1507 846 240 268
1507 847 241 269
1507 848 248 247
1507 849 250 252
1507 850 262 251
1507 851 272 253
1507 852 274 254
1507 853 291 254
1507 854 305 255
1507 855 316 256
1507 856 322 257
1507 857 330 257
1507 858 352 258
1507 859 358 258
1507 860 360 257
1507 861 388 264
1507 862 401 265
1507 863 414 265
1507 864 428 267
1507 865 440 267
1507 866 453 272
1507 867 463 271
1507 868 460 269
1680 959 437 391
1680 960 441 395
1680 961 443 395
1680 962 447 393
1680 963 450 393
1680 964 453 393
1680 965 455 396
1680 966 458 395
1680 967 463 395
1680 968 466 392
1680 969 468 396
1680 970 471 395
1680 971 475 395
1680 972 478 394
1680 973 483 393
1680 974 482 397
1680 975 485 396
1680 976 489 395
1680 977 490 401
1680 978 494 397
1680 979 497 396
1680 980 502 395
1680 981 506 395
1680 982 507 398
1680 983 511 394
1680 984 514 397
1680 985 515 399
1680 986 518 398
1680 987 522 396
1680 988 520 402
1680 989 525 403
1680 990 526 402
1680 991 530 401
1680 992 529 400
1680 993 530 408
1680 994 532 407
1680 995 533 405
1680 996 535 405
1680 997 540 406
1680 998 542 406
1680 999 543 404
1680 1000 543 402
2165 1301 522 465
2165 1302 522 463
2165 1303 518 466
2165 1304 516 459
2165 1305 519 459
2165 1306 514 458
2165 1307 512 457
2165 1308 511 453
2165 1309 506 455
2165 1310 506 452
2165 1311 498 448
2165 1312 498 449
2165 1313 493 448
2165 1314 494 448
2165 1315 493 441
2165 1316 486 442
2165 1317 483 446
2165 1318 481 440
2165 1319 478 443
2165 1320 481 442
2165 1321 472 436
2165 1322 474 438
2165 1323 473 433
2165 1324 465 433
2165 1325 466 438
2165 1326 466 435
2165 1327 458 430
2165 1328 456 429
2165 1329 456 428
2165 1330 451 427
2165 1331 453 428
2165 1332 450 429
2165 1333 450 427
2165 1334 446 423
2165 1335 445 427
2165 1336 443 425
2165 1337 441 427
2165 1338 438 423
2165 1339 438 419
2165 1340 433 418
2165 1341 432 416
2165 1342 429 414
2165 1343 427 410
2165 1344 429 409
2669 1639 367 261
2669 1640 374 262
2669 1641 382 263
2669 1642 396 264
2669 1643 405 265
2669 1644 423 265
2669 1645 436 269
2669 1646 450 269
2669 1647 462 269
2669 1648 472 271
2669 1649 470 268
2669 1650 468 276
2725 1671 249 345
2725 1672 249 342
2725 1673 251 345
2725 1674 252 345
2725 1675 253 346
2725 1676 255 345
2725 1677 255 346
2725 1678 259 347
2725 1679 260 345
2725 1680 260 346
2725 1681 263 347
2725 1682 264 347
2725 1683 264 346
2725 1684 266 347
2725 1685 268 346
2725 1686 270 348
2725 1687 272 347
2725 1688 273 348
2725 1689 275 349
2725 1690 276 345
2725 1691 280 348
2725 1692 280 347
2725 1693 282 346
2725 1694 284 347
2725 1695 285 343
2725 1696 286 346
2725 1697 288 345
2725 1698 290 346
2725 1699 291 344
2725 1700 293 346
2725 1701 295 344
2725 1702 295 344
2725 1703 298 343
2725 1704 299 341
2725 1705 300 340
2725 1706 302 341
2725 1707 304 341
2725 1708 305 341
2725 1709 307 340
2725 1710 308 339
2725 1711 310 335
2725 1712 312 336
2725 1713 314 337
2725 1714 314 336
2725 1715 316 335
2725 1716 316 336
2725 1717 317 334
2725 1718 317 334
2725 1719 320 334
2725 1720 320 333
2725 1721 322 331
2725 1722 322 332
2725 1723 323 330
2725 1724 324 329
2725 1725 325 331
2725 1726 325 329
2725 1727 327 330
3434 1912 275 373
3434 1913 276 372
3434 1914 275 374
3434 1915 274 376
3434 1916 272 375
3434 1917 269 376
3434 1918 269 375
3434 1919 267 375
3434 1920 266 374
3434 1921 265 376
3434 1922 261 375
3434 1923 261 378
3434 1924 259 379
3434 1925 260 375
3434 1926 255 378
3434 1927 253 379
3434 1928 252 378
3434 1929 250 380
3434 1930 251 382
3434 1931 247 381
3434 1932 245 382
3434 1933 242 381
3434 1934 243 384
3434 1935 238 382
3434 1936 237 382
3434 1937 236 384
3434 1938 233 384
3434 1939 231 385
3434 1940 228 385
3434 1941 225 386
3434 1942 224 385
3434 1943 221 384
3434 1944 217 385
3434 1945 217 385
3434 1946 216 385
3434 1947 213 384
3434 1948 211 387
3434 1949 207 385
3434 1950 204 387
3434 1951 204 387
3434 1952 200 386
3434 1953 197 389
3434 1954 195 386
3434 1955 195 386
3434 1956 192 386
3434 1957 190 387
3434 1958 184 387
3434 1959 184 388
3434 1960 183 389
3434 1961 181 388
3434 1962 177 388
3434 1963 175 388
3434 1964 177 387
3434 1965 173 386
3434 1966 175 386
3812 2047 307 255
3812 2048 320 256
3812 2049 334 258
3812 2050 348 259
3812 2051 362 261
3812 2052 378 262
3812 2053 393 263
3812 2054 402 264
3812 2055 417 265
3812 2056 432 266
3812 2057 428 272
3812 2058 425 269
3812 2059 439 269
3812 2060 453 271
3812 2061 464 271
3812 2062 478 271
3812 2063 489 275
3984 2115 455 409
3984 2116 452 407
3984 2117 455 406
3984 2118 451 407
3984 2119 451 404
3984 2120 447 399
3984 2121 447 399
3984 2122 443 393
3984 2123 441 394
3984 2124 440 393
3984 2125 435 400
3984 2126 432 398
3984 2127 430 397
3984 2128 426 398
3984 2129 423 398
3984 2130 424 394
3984 2131 421 396
3984 2132 414 396
3984 2133 413 394
3984 2134 412 397
3984 2135 410 394
3984 2136 407 395
3984 2137 404 395
3984 2138 402 396
3984 2139 400 395
3984 2140 396 396
3984 2141 393 395
3984 2142 394 390
3984 2143 390 395
3984 2144 385 395
3984 2145 382 395
3984 2146 379 394
3984 2147 374 400
3984 2148 373 400
3984 2149 369 400
3984 2150 370 397
3984 2151 365 399
3984 2152 364 392
3984 2153 363 395
3984 2154 362 390
3984 2155 361 395
3984 2156 357 391
3984 2157 357 386
3984 2158 356 390
4179 2282 145 369
4179 2283 142 370
4179 2284 141 370
4179 2285 138 367
4179 2286 136 369
4179 2287 135 367
4179 2288 133 366
4179 2289 131 369
4179 2290 129 368
4179 2291 130 370
4179 2292 128 372
4179 2293 123 365
4179 2294 122 370
4179 2295 120 364
4179 2296 119 360
4179 2297 116 363
4179 2298 116 370
4179 2299 113 370
4179 2300 113 369
4179 2301 109 369
4179 2302 111 363
4179 2303 102 360
4179 2304 102 366
4179 2305 100 363
4179 2306 98 363
4179 2307 96 359
4179 2308 91 359
4179 2309 90 357
4179 2310 87 359
4179 2311 86 359
4179 2312 84 359
4179 2313 81 360
4179 2314 78 357
4179 2315 76 359
4179 2316 74 356
4179 2317 71 356
4179 2318 71 355
4179 2319 68 355
4179 2320 65 356
4179 2321 64 356
4179 2322 62 354
4179 2323 61 354
4179 2324 58 351
4438 2507 404 410
4438 2508 396 410
4438 2509 398 404
4438 2510 394 402
4438 2511 385 399
4438 2512 385 397
4438 2513 374 401
4438 2514 369 400
4438 2515 366 400
4438 2516 364 395
4438 2517 361 397
4438 2518 358 398
4438 2519 348 393
4438 2520 347 395
4438 2521 337 391
4438 2522 333 394
4438 2523 329 393
4438 2524 325 393
4438 2525 319 393
4438 2526 313 388
4438 2527 311 388
4438 2528 304 386
5227 3132 498 353
5227 3133 499 346
5227 3134 499 346
5227 3135 494 345
5227 3136 492 349
5227 3137 493 342
5227 3138 489 343
5227 3139 486 345
5227 3140 483 343
5227 3141 485 340
5227 3142 483 338
5227 3143 480 338
5227 3144 475 341
5227 3145 473 340
5227 3146 468 339
5227 3147 469 340
5227 3148 470 337
5227 3149 468 340
5227 3150 464 339
5227 3151 461 338
5227 3152 459 338
5227 3153 460 338
5227 3154 457 335
5227 3155 453 336
5227 3156 452 336
5227 3157 453 331
5227 3158 449 335
5227 3159 446 332
5227 3160 446 333
5227 3161 443 332
5227 3162 442 333
5227 3163 440 327
5227 3164 437 328
5227 3165 437 325
5227 3166 434 326
5227 3167 433 323
5227 3168 434 323
5227 3169 431 322
5227 3170 432 321
5227 3171 429 320
5227 3172 428 319
5227 3173 426 317
5227 3174 425 320
5227 3175 422 316
5227 3176 421 314
5363 3203 151 474
5363 3204 157 473
5363 3205 158 470
5363 3206 159 467
5363 3207 162 466
5363 3208 164 467
5363 3209 168 465
5363 3210 171 467
5363 3211 176 467
5363 3212 175 462
5363 3213 178 463
5363 3214 179 461
5363 3215 184 466
5363 3216 185 465
5363 3217 188 458
5363 3218 187 453
5363 3219 191 452
5363 3220 193 451
5363 3221 190 448
5363 3222 197 446
5363 3223 200 452
5363 3224 206 451
5962 3591 442 328
5962 3592 444 329
5962 3593 446 331
5962 3594 449 327
5962 3595 450 331
5962 3596 451 333
5962 3597 453 335
5962 3598 454 335
5962 3599 456 335
5962 3600 458 336
5962 3601 460 337
5962 3602 463 338
5962 3603 464 337
5962 3604 467 339
5962 3605 468 344
5962 3606 471 345
5962 3607 471 342
5962 3608 474 343
5962 3609 477 342
5962 3610 479 342
5962 3611 484 343
5962 3612 484 348
5962 3613 486 350
5962 3614 488 350
5962 3615 488 349
5962 3616 491 346
5962 3617 493 349
5962 3618 497 349
5962 3619 497 353
5962 3620 502 355
5962 3621 502 356
5962 3622 505 355
5962 3623 505 356
5962 3624 507 358
5962 3625 510 361
5962 3626 510 359
5962 3627 513 360
5962 3628 517 363
6164 3689 467 260
6164 3690 460 259
6164 3691 457 257
6164 3692 436 260
6164 3693 425 257
6164 3694 421 256
6164 3695 404 254
6164 3696 392 252
6164 3697 380 252
6164 3698 373 255
6164 3699 361 254
6164 3700 352 250
6164 3701 340 251
6164 3702 329 250
6164 3703 319 249
6164 3704 309 248
6164 3705 303 248
6164 3706 292 251
6237 3741 486 271
6237 3742 481 266
6237 3743 470 265
6237 3744 455 263
6237 3745 441 262
6237 3746 426 260
6237 3747 412 260
6237 3748 397 259
6237 3749 383 257
6237 3750 374 256
6237 3751 378 256
6335 3790 632 280
6335 3791 628 278
6335 3792 623 277
6335 3793 617 276
6335 3794 606 276
6335 3795 594 275
6335 3796 585 274
6335 3797 578 272
6335 3798 571 272
6335 3799 572 272
6335 3800 563 252
6335 3801 562 252
6335 3802 563 253
6407 3824 323 258
6407 3825 347 261
6407 3826 362 261
6407 3827 378 263
6407 3828 387 264
6407 3829 403 266
6407 3830 419 266
6407 3831 435 267
6407 3832 451 269
6407 3833 455 269
6407 3834 475 271
6407 3835 480 274
6807 4134 66 356
6807 4135 65 356
6807 4136 68 359
6807 4137 70 359
6807 4138 72 363
6807 4139 69 359
6807 4140 74 365
6807 4141 74 360
6807 4142 77 362
6807 4143 79 363
6807 4144 81 362
6807 4145 83 365
6807 4146 85 365
6807 4147 87 367
6807 4148 87 367
6807 4149 92 370
6807 4150 94 369
6807 4151 98 368
6807 4152 97 364
6807 4153 97 366
6807 4154 98 365
6807 4155 101 366
6807 4156 102 366
6807 4157 105 366
6807 4158 107 367
6807 4159 109 367
6807 4160 112 368
6807 4161 115 369
6807 4162 116 368
6807 4163 118 367
6807 4164 119 369
6807 4165 121 369
6807 4166 122 369
6807 4167 126 370
6807 4168 129 371
6807 4169 131 372
6807 4170 133 371
6807 4171 136 371
6807 4172 136 371
6807 4173 141 371
6807 4174 141 372
6807 4175 144 372
6807 4176 148 373
6807 4177 150 373
6807 4178 152 374
6807 4179 155 378
6807 4180 155 373
6807 4181 156 374
6807 4182 159 372
6807 4183 160 370
6807 4184 161 375
6807 4185 166 372
6807 4186 168 373
6807 4187 169 374
6807 4188 175 376
6807 4189 175 371
6807 4190 178 371
6807 4191 179 372
6807 4192 183 376
6807 4193 184 371
6807 4194 183 383
6807 4195 188 378
6807 4196 191 372
6829 4148 73 314
6829 4149 69 314
6829 4150 63 318
6829 4151 59 321
6829 4152 60 316
6829 4153 64 309
6829 4154 70 320
6829 4155 64 321
6829 4156 56 324
6829 4157 51 326
6829 4158 44 328
6829 4159 38 331
6829 4160 31 335
6829 4161 24 337
6829 4162 18 340
6829 4163 13 340
7323 4508 398 304
7323 4509 399 304
7323 4510 402 306
7323 4511 403 309
7323 4512 404 307
7323 4513 405 305
7323 4514 409 307
7323 4515 408 307
7323 4516 410 308
7323 4517 412 308
7323 4518 413 309
7323 4519 415 310
7323 4520 418 310
7323 4521 419 308
7323 4522 420 308
7323 4523 422 312
7323 4524 423 314
7323 4525 425 315
7323 4526 427 317
7323 4527 428 317
7323 4528 430 318
7323 4529 433 319
7323 4530 433 325
7323 4531 435 323
7323 4532 439 323
7323 4533 440 325
7323 4534 439 327
7323 4535 442 326
7323 4536 445 325
7323 4537 447 330
7323 4538 448 330
7323 4539 452 332
7323 4540 454 332
7323 4541 456 332
7323 4542 457 333
7323 4543 461 336
7323 4544 461 334
7323 4545 464 336
7323 4546 467 336
7323 4547 466 337
7323 4548 471 339
7323 4549 473 338
7323 4550 477 337
7323 4551 478 341
7323 4552 480 344
7323 4553 481 345
7323 4554 485 345
7323 4555 488 344
7323 4556 491 346
7323 4557 492 348
7323 4558 493 351
7323 4559 496 352
7323 4560 498 349
7323 4561 501 352
7323 4562 503 353
7323 4563 505 353
7323 4564 507 354
7323 4565 508 356
7323 4566 511 359
7323 4567 512 360
7323 4568 516 362
7323 4569 519 360
7323 4570 518 362
7323 4571 523 360
7323 4572 524 363
7323 4573 529 364
7323 4574 531 364
7323 4575 531 368
7323 4576 536 368
7323 4577 539 368
7323 4578 541 369
7323 4579 544 371
7323 4580 547 374
7323 4581 547 378
7323 4582 550 377
7323 4583 553 376
7323 4584 553 380
7323 4585 557 379
7323 4586 563 375
7401 4558 359 455
7401 4559 359 453
7401 4560 362 457
7401 4561 364 458
7401 4562 367 458
7401 4563 370 457
7401 4564 374 458
7401 4565 380 459
7401 4566 385 461
7401 4567 385 462
7401 4568 390 462
7401 4569 392 462
7401 4570 398 464
7401 4571 404 460
7401 4572 408 458
7401 4573 411 457
7401 4574 415 456
7401 4575 419 457
7401 4576 422 457
7401 4577 425 455
7401 4578 429 453
7401 4579 432 451
7401 4580 435 449
7401 4581 437 447
7401 4582 438 444
7401 4583 439 443
7401 4584 441 442
7632 4718 487 447
7632 4719 487 447
7632 4720 482 450
7632 4721 479 446
7632 4722 476 445
7632 4723 473 444
7632 4724 473 439
7632 4725 468 438
7632 4726 466 440
7632 4727 463 435
7632 4728 462 435
7632 4729 459 433
7632 4730 457 432
7632 4731 453 434
7632 4732 452 426
7632 4733 448 428
7632 4734 443 425
7632 4735 443 424
7632 4736 440 423
7632 4737 435 422
7632 4738 434 421
7632 4739 430 419
7632 4740 426 421
7632 4741 423 416
7632 4742 422 415
7787 4793 71 476
7787 4794 73 475
7787 4795 77 474
7787 4796 78 474
7787 4797 81 473
7787 4798 86 472
7787 4799 89 470
7787 4800 91 469
7787 4801 95 471
7787 4802 102 468
7787 4803 105 467
7787 4804 108 466
7787 4805 105 464
7787 4806 113 465
7787 4807 111 466
7787 4808 117 463
7787 4809 121 462
7787 4810 123 462
7787 4811 126 460
7787 4812 125 465
7787 4813 129 459
7787 4814 133 457
7787 4815 135 453
7787 4816 139 451
7787 4817 140 452
7787 4818 143 449
7787 4819 146 447
7787 4820 148 447
7787 4821 151 453
7882 4833 177 421
7882 4834 182 426
7882 4835 185 425
7882 4836 186 425
7882 4837 189 423
7882 4838 190 421
7882 4839 191 413
7882 4840 192 419
7882 4841 195 416
7882 4842 199 416
7882 4843 200 421
7882 4844 202 414
7882 4845 204 412
7882 4846 206 410
7882 4847 203 401
7882 4848 209 408
7882 4849 211 408
7882 4850 214 406
7882 4851 215 406
7882 4852 217 403
7882 4853 219 402
7882 4854 222 401
7882 4855 223 400
7882 4856 224 400
7882 4857 227 398
7882 4858 229 397
7882 4859 231 396
7882 4860 233 402
8147 4982 314 264
8147 4983 315 265
8147 4984 316 264
8147 4985 318 265
8147 4986 321 262
8147 4987 323 264
8147 4988 324 264
8147 4989 326 264
8147 4990 328 266
8147 4991 330 266
8147 4992 331 265
8147 4993 334 266
8147 4994 336 266
8147 4995 337 265
8147 4996 339 264
8147 4997 341 265
8147 4998 343 265
8147 4999 344 267
8147 5000 347 265
8147 5001 347 266
8147 5002 351 268
8147 5003 355 268
8147 5004 354 265
8147 5005 355 268
8147 5006 358 268
8147 5007 360 266
8147 5008 363 266
8147 5009 363 268
8147 5010 366 270
8147 5011 368 267
8147 5012 368 267
8147 5013 371 270
8147 5014 373 271
8147 5015 375 268
8147 5016 377 271
8147 5017 380 268
8147 5018 380 270
8147 5019 383 270
8147 5020 384 269
8147 5021 386 271
8147 5022 388 271
8147 5023 388 271
8147 5024 391 271
8147 5025 395 269
8147 5026 397 269
8147 5027 397 269
8147 5028 400 271
8147 5029 403 269
8147 5030 404 272
8147 5031 405 272
8147 5032 407 270
8147 5033 408 273
8147 5034 412 272
8147 5035 412 273
8147 5036 416 270
8147 5037 418 272
8147 5038 420 272
8147 5039 421 274
8147 5040 422 274
8147 5041 426 274
8147 5042 428 272
8147 5043 431 271
8147 5044 429 273
8147 5045 433 272
8147 5046 434 271
8147 5047 437 275
8147 5048 438 274
8147 5049 440 275
8147 5050 443 273
8147 5051 446 274
8147 5052 448 273
8147 5053 450 274
8147 5054 451 276
8147 5055 454 274
8147 5056 453 276
8147 5057 457 275
8147 5058 458 276
8147 5059 461 277
8147 5060 463 274
8147 5061 464 276
8147 5062 468 275
8147 5063 470 276
8147 5064 471 277
8147 5065 474 277
8147 5066 476 276
8147 5067 477 277
8147 5068 480 277
8147 5069 482 277
8147 5070 480 276
8300 5082 72 320
8300 5083 71 320
8300 5084 70 321
8300 5085 68 322
8300 5086 65 322
8300 5087 61 323
8300 5088 60 317
8300 5089 60 324
8300 5090 59 324
8300 5091 56 324
8300 5092 56 324
8300 5093 52 327
8300 5094 50 327
8300 5095 48 328
8300 5096 48 328
8300 5097 44 329
8300 5098 44 329
8300 5099 43 331
8300 5100 39 331
8300 5101 38 330
8300 5102 37 331
8300 5103 33 331
8300 5104 33 334
8300 5105 32 340
8300 5106 30 334
8300 5107 28 335
8300 5108 25 335
8300 5109 25 335
8300 5110 25 337
8300 5111 19 335
8300 5112 18 335
8300 5113 16 336
8300 5114 14 338
8300 5115 13 339
8300 5116 11 340
8300 5117 9 344
8300 5118 7 342
8300 5119 5 340
8300 5120 4 347
8300 5121 3 346
8344 5111 250 269
8344 5112 246 247
8344 5113 247 249
8344 5114 257 250
8344 5115 267 251
8344 5116 277 252
8344 5117 288 252
8344 5118 300 253
8344 5119 311 255
8344 5120 322 255
8344 5121 334 256
8344 5122 324 256
8344 5123 327 250
8361 5124 365 259
8361 5125 377 260
8361 5126 390 261
8361 5127 399 263
8361 5128 412 264
8361 5129 419 264
8361 5130 423 265
8361 5131 440 266
8361 5132 452 267
8361 5133 463 269
8361 5134 474 269
8361 5135 473 269
8361 5136 480 270
8361 5137 484 268
8361 5138 488 271
8618 5264 372 400
8618 5265 366 399
8618 5266 365 391
8618 5267 362 391
8618 5268 360 391
8618 5269 358 398
8618 5270 354 390
8618 5271 350 389
8618 5272 347 383
8618 5273 341 387
8618 5274 339 386
8618 5275 336 387
8618 5276 331 393
8618 5277 330 386
8618 5278 326 385
8618 5279 322 385
8618 5280 321 385
8618 5281 316 384
8618 5282 312 385
8618 5283 308 382
8618 5284 306 382
8618 5285 303 380
8618 5286 300 382
8618 5287 296 379
8618 5288 294 377
8618 5289 285 383
8618 5290 286 382
8618 5291 282 377
9220 5538 483 268
9220 5539 480 265
9220 5540 470 264
9220 5541 457 264
9220 5542 449 263
9220 5543 435 262
9220 5544 422 262
9220 5545 409 260
9220 5546 396 258
9220 5547 383 257
9220 5548 370 256
9220 5549 358 256
9220 5550 357 253
9333 5611 221 426
9333 5612 213 412
9333 5613 227 432
9333 5614 227 434
9333 5615 223 433
9333 5616 222 435
9333 5617 220 436
9333 5618 223 440
9333 5619 230 442
9333 5620 227 446
9333 5621 235 452
9333 5622 244 445
9333 5623 251 450
9333 5624 253 455
9872 6000 96 386
9872 6001 97 385
9872 6002 96 385
9872 6003 94 384
9872 6004 85 379
9872 6005 90 386
9872 6006 90 385
9872 6007 89 388
9872 6008 82 391
9872 6009 80 392
9872 6010 79 392
9872 6011 77 393
9872 6012 78 396
9872 6013 74 393
9872 6014 72 392
9872 6015 69 394
9872 6016 68 394
9872 6017 65 394
9872 6018 62 395
9872 6019 60 396
9872 6020 60 398
9872 6021 57 395
9872 6022 55 398
9872 6023 54 395
9872 6024 52 399
9872 6025 49 400
9872 6026 46 401
9872 6027 45 400
9872 6028 40 402
9872 6029 42 404
9872 6030 38 402
9872 6031 36 401
9872 6032 36 402
9872 6033 34 407
9872 6034 33 404
9872 6035 31 409
9872 6036 34 415
10027 6086 377 382
10027 6087 375 384
10027 6088 375 380
10027 6089 375 384
10027 6090 374 385
10027 6091 375 384
10027 6092 367 379
10027 6093 359 388
10027 6094 367 390
10027 6095 362 389
10027 6096 362 392
10027 6097 366 391
10027 6098 364 393
10027 6099 366 392
10027 6100 367 393
10027 6101 373 401
10027 6102 377 402
10027 6103 382 404
10027 6104 382 402
10027 6105 387 404
10027 6106 390 402
10027 6107 394 404
10027 6108 395 404
10027 6109 400 405
10027 6110 404 405
10027 6111 407 406
10027 6112 411 406
10027 6113 414 406
10027 6114 413 406
10027 6115 418 405
10027 6116 420 405
10027 6117 424 406
10027 6118 428 404
10027 6119 430 402
10027 6120 436 404
10027 6121 438 407
10027 6122 442 404
10027 6123 445 403
10027 6124 447 403
10027 6125 451 404
10027 6126 454 404
10027 6127 456 403
10027 6128 461 404
10027 6129 461 403
10027 6130 467 402
10027 6131 470 402
10027 6132 470 402
10027 6133 474 402
10027 6134 477 402
10027 6135 482 402
10027 6136 486 402
10027 6137 488 402
10027 6138 491 402
10027 6139 492 401
10027 6140 493 401
10027 6141 498 399
10027 6142 502 401
10027 6143 504 400
10027 6144 507 401
10027 6145 510 401
10027 6146 512 399
10027 6147 516 399
10027 6148 517 401
10027 6149 514 400
10516 6292 145 279
10516 6293 142 276
10516 6294 134 280
10516 6295 129 282
10516 6296 124 288
10516 6297 116 288
10516 6298 112 294
10516 6299 109 292
10516 6300 103 294
10516 6301 99 290
10516 6302 100 296
10516 6303 100 297
10516 6304 99 295
10516 6305 93 300
10516 6306 86 301
10516 6307 77 305
10639 6370 479 263
10639 6371 462 260
10639 6372 457 261
10639 6373 444 259
10639 6374 424 258
10639 6375 411 257
10639 6376 400 255
10639 6377 392 255
10639 6378 380 254
10639 6379 377 253
10639 6380 366 252
10639 6381 356 252
10639 6382 345 251
10639 6383 337 250
10639 6384 330 249
10639 6385 313 248
10639 6386 306 248
10639 6387 302 248
10639 6388 291 247
10639 6389 284 247
10639 6390 276 248
10639 6391 269 247
10639 6392 269 247
10639 6393 268 248
10696 6403 208 250
10696 6404 204 253
10696 6405 194 255
10696 6406 195 255
10696 6407 188 258
10696 6408 186 257
10696 6409 181 260
10696 6410 176 262
10696 6411 176 263
10696 6412 173 267
10696 6413 167 266
10696 6414 165 268
10696 6415 163 269
10696 6416 157 271
10696 6417 153 273
10696 6418 149 275
10696 6419 144 277
10696 6420 141 279
10696 6421 134 281
10696 6422 128 283
10696 6423 123 286
10696 6424 114 288
10696 6425 107 293
10696 6426 101 293
10696 6427 96 295
10696 6428 88 298
10696 6429 79 302
10696 6430 70 305
10696 6431 68 307
10696 6432 53 311
10696 6433 53 315
10999 6630 403 259
10999 6631 397 258
10999 6632 387 258
10999 6633 363 255
10999 6634 347 254
10999 6635 342 253
10999 6636 319 251
10999 6637 313 251
10999 6638 300 249
10999 6639 279 248
10999 6640 270 247
10999 6641 262 246
11019 6649 636 420
11019 6650 634 419
11019 6651 634 415
11019 6652 633 414
11019 6653 623 412
11019 6654 626 412
11019 6655 622 411
11019 6656 621 410
11019 6657 613 407
11019 6658 615 405
11019 6659 607 404
11019 6660 609 400
11019 6661 608 399
11019 6662 602 401
11019 6663 603 401
11019 6664 600 400
11019 6665 598 397
11019 6666 593 395
11019 6667 588 393
11019 6668 587 392
11019 6669 584 393
11019 6670 583 389
11019 6671 583 384
11019 6672 576 388
11019 6673 577 393
11084 6680 561 372
11084 6681 559 373
11084 6682 554 375
11084 6683 555 375
11084 6684 554 372
11084 6685 552 372
11084 6686 550 370
11084 6687 546 369
11084 6688 544 367
11084 6689 541 366
11084 6690 538 365
11084 6691 536 364
11084 6692 535 364
11084 6693 533 360
11084 6694 529 357
11084 6695 526 362
11084 6696 521 362
11084 6697 519 359
11084 6698 520 358
11084 6699 519 354
11084 6700 517 357
11084 6701 510 355
11084 6702 511 353
11084 6703 505 353
11084 6704 503 351
11084 6705 504 350
11084 6706 503 350
11084 6707 500 348
11084 6708 497 347
11084 6709 494 348
11084 6710 492 348
11084 6711 488 347
11084 6712 486 344
11084 6713 485 342
11084 6714 483 345
11084 6715 479 344
11084 6716 477 341
11084 6717 474 341
11084 6718 472 340
11084 6719 471 339
11084 6720 465 339
11084 6721 464 340
11084 6722 462 337
11084 6723 459 335
11084 6724 456 334
11084 6725 455 333
11084 6726 454 332
11084 6727 452 333
11084 6728 450 330
11084 6729 449 330
11084 6730 445 328
11084 6731 443 330
11084 6732 441 326
11084 6733 440 324
11084 6734 440 326
11084 6735 438 326
11084 6736 435 324
11084 6737 433 324
11084 6738 431 321
11084 6739 429 321
11084 6740 427 318
11084 6741 425 317
11084 6742 422 315
11084 6743 421 314
11204 6762 208 445
11204 6763 210 448
11204 6764 212 445
11204 6765 214 447
11204 6766 214 448
11204 6767 215 444
11204 6768 216 442
11204 6769 216 438
11204 6770 219 444
11204 6771 219 442
11204 6772 220 441
11204 6773 222 439
11204 6774 224 437
11204 6775 225 435
11204 6776 228 434
11204 6777 228 433
11204 6778 230 431
11204 6779 231 431
11204 6780 232 431
11204 6781 233 428
11204 6782 235 430
11204 6783 238 428
11204 6784 239 425
11204 6785 240 425
11204 6786 243 424
11204 6787 245 424
11204 6788 245 423
11204 6789 248 422
11204 6790 250 423
11204 6791 250 421
11204 6792 253 421
11204 6793 256 417
11204 6794 256 418
11204 6795 259 419
11204 6796 261 417
11204 6797 261 416
11204 6798 264 416
11204 6799 268 420
11404 6857 397 270
11404 6858 403 270
11404 6859 400 270
11404 6860 401 270
11404 6861 407 274
11404 6862 404 275
11404 6863 402 275
11404 6864 402 274
11404 6865 399 275
11404 6866 395 274
11404 6867 393 275
11404 6868 395 271
11404 6869 391 274
11404 6870 390 274
11404 6871 385 274
11404 6872 385 272
11404 6873 380 273
11404 6874 380 272
11404 6875 377 272
11404 6876 377 271
11404 6877 375 272
11404 6878 372 272
11404 6879 372 271
11404 6880 367 272
11404 6881 370 270
11404 6882 365 271
11404 6883 362 271
11404 6884 362 271
11404 6885 360 270
11404 6886 357 270
11404 6887 354 268
11404 6888 353 270
11404 6889 352 270
11404 6890 351 268
11404 6891 348 268
11404 6892 347 270
11404 6893 344 267
11404 6894 342 269
11404 6895 340 268
11404 6896 337 269
11404 6897 336 268
11404 6898 335 267
11404 6899 333 267
11404 6900 332 266
11404 6901 330 267
11404 6902 327 266
11404 6903 324 267
11404 6904 323 266
11404 6905 322 265
11404 6906 321 264
11404 6907 318 265
11404 6908 317 265
11404 6909 317 263
11404 6910 314 264
11404 6911 311 267
11404 6912 308 264
11404 6913 308 264
11404 6914 306 264
11404 6915 304 263
11404 6916 304 264
11404 6917 304 266
11404 6918 298 264
11404 6919 295 263
11404 6920 295 264
11404 6921 293 263
11404 6922 292 263
11404 6923 290 263
11404 6924 291 261
11404 6925 288 262
11404 6926 284 262
11404 6927 283 262
11404 6928 281 262
11404 6929 282 260
11404 6930 279 260
11404 6931 276 261
11404 6932 275 260
11404 6933 273 261
11404 6934 272 261
11404 6935 270 259
11404 6936 269 257
12118 7304 217 428
12118 7305 215 424
12118 7306 215 424
12118 7307 215 426
12118 7308 213 432
12118 7309 213 428
12118 7310 211 429
12118 7311 211 432
12118 7312 216 434
12118 7313 211 434
12118 7314 208 435
12118 7315 211 439
12118 7316 206 437
12118 7317 206 439
12118 7318 205 445
12118 7319 203 442
12118 7320 202 443
12118 7321 202 443
12118 7322 201 444
12118 7323 200 447
12118 7324 197 449
12118 7325 197 450
12118 7326 196 451
12118 7327 194 451
12118 7328 194 451
12118 7329 192 455
12118 7330 190 456
12118 7331 189 457
12118 7332 188 458
12118 7333 185 459
12118 7334 184 460
12118 7335 183 455
12118 7336 183 460
12118 7337 181 461
12118 7338 178 462
12118 7339 178 462
12118 7340 174 463
12118 7341 172 463
12118 7342 174 461
12118 7343 169 465
12118 7344 165 466
12118 7345 167 467
12118 7346 167 468
12118 7347 165 468
12118 7348 161 469
12118 7349 161 471
12118 7350 157 471
12118 7351 155 472
12118 7352 154 473
12118 7353 151 474
12118 7354 149 475
12118 7355 145 475
12118 7356 143 476
12480 7533 487 268
12480 7534 480 265
12480 7535 478 264
12480 7536 459 263
12480 7537 446 262
12480 7538 442 262
12480 7539 423 260
12480 7540 411 260
12480 7541 408 260
12480 7542 399 258
12480 7543 381 256
12480 7544 372 256
12480 7545 366 255
12480 7546 357 254
12480 7547 340 254
12480 7548 331 252
12480 7549 335 252
12480 7550 334 253
12870 7774 423 310
12870 7775 426 310
12870 7776 426 313
12870 7777 428 315
12870 7778 428 315
12870 7779 429 318
12870 7780 431 316
12870 7781 433 316
12870 7782 434 317
12870 7783 435 318
12870 7784 436 318
12870 7785 436 319
12870 7786 438 319
12870 7787 440 321
12870 7788 442 323
12870 7789 443 323
12870 7790 443 326
12870 7791 446 324
12870 7792 448 329
12870 7793 450 329
12870 7794 450 329
12870 7795 453 328
12870 7796 456 331
12870 7797 457 331
12870 7798 459 331
12870 7799 462 336
12870 7800 463 335
12870 7801 464 336
12870 7802 466 333
12870 7803 469 333
12870 7804 472 336
12870 7805 475 333
12870 7806 476 333
12870 7807 480 335
12870 7808 481 337
12870 7809 483 338
12870 7810 484 342
12870 7811 486 339
12870 7812 487 343
12870 7813 491 344
12870 7814 494 344
12870 7815 497 345
12870 7816 498 342
12870 7817 500 346
12870 7818 504 347
12870 7819 508 343
12870 7820 510 344
12870 7821 510 344
12870 7822 512 349
12870 7823 515 347
12870 7824 518 347
12870 7825 520 349
12870 7826 523 348
12870 7827 526 349
12870 7828 528 349
12870 7829 528 350
12870 7830 531 351
12870 7831 534 351
12870 7832 537 351
12870 7833 538 352
12870 7834 539 358
12870 7835 542 354
12870 7836 546 356
13015 7835 539 368
13015 7836 542 367
13015 7837 548 363
13015 7838 550 360
13015 7839 554 362
13015 7840 556 358
13015 7841 556 360
13015 7842 561 361
13015 7843 560 367
13015 7844 562 369
13015 7845 566 364
13015 7846 570 364
13015 7847 572 365
13015 7848 574 365
13015 7849 577 367
13015 7850 575 372
13015 7851 584 368
13015 7852 585 371
13015 7853 589 370
13015 7854 591 371
13015 7855 594 372
13015 7856 595 373
13015 7857 596 373
13015 7858 599 374
13015 7859 601 380
13015 7860 601 382
13015 7861 600 389
13015 7862 603 392
13015 7863 605 392
13015 7864 608 392
13015 7865 615 393
13015 7866 617 388
13015 7867 623 385
13015 7868 623 383
13015 7869 626 384
13015 7870 630 386
13015 7871 632 387
13015 7872 632 388
13015 7873 634 390
13015 7874 635 389
13015 7875 633 403
13157 7916 163 246
13157 7917 168 251
13157 7918 171 250
13157 7919 166 248
13157 7920 170 250
13157 7921 171 252
13157 7922 177 257
13157 7923 172 254
13157 7924 173 259
13157 7925 173 256
13157 7926 171 258
13157 7927 171 262
13157 7928 169 260
13157 7929 167 263
13157 7930 166 262
13157 7931 165 263
13157 7932 162 266
13157 7933 159 268
13157 7934 158 270
13157 7935 157 272
13157 7936 154 273
13157 7937 151 275
13157 7938 150 276
13157 7939 147 278
13157 7940 140 282
13157 7941 136 283
13157 7942 133 285
13157 7943 129 287
13157 7944 126 289
13157 7945 125 290
13157 7946 117 292
13157 7947 114 294
13157 7948 110 295
13157 7949 101 295
13157 7950 97 298
13157 7951 95 299
13157 7952 87 304
13157 7953 86 304
13157 7954 78 308
13157 7955 71 311
13157 7956 72 307
13214 7956 60 320
13214 7957 59 316
13214 7958 58 318
13214 7959 54 319
13214 7960 49 322
13214 7961 45 324
13214 7962 39 326
13214 7963 30 329
13214 7964 24 334
13214 7965 23 335
13214 7966 19 338
13214 7967 18 339
13214 7968 15 338
13214 7969 11 339
13214 7970 6 345
13214 7971 4 350
13341 8095 179 250
13341 8096 175 252
13341 8097 175 248
13341 8098 175 254
13341 8099 174 253
13341 8100 176 254
13341 8101 176 253
13341 8102 174 260
13341 8103 172 256
13341 8104 172 256
13341 8105 170 259
13341 8106 168 258
13341 8107 164 263
13341 8108 163 263
13341 8109 158 266
13341 8110 155 268
13341 8111 155 266
13341 8112 148 272
13341 8113 148 272
13341 8114 138 276
13341 8115 135 278
13341 8116 133 278
13341 8117 130 281
13341 8118 143 282
13341 8119 147 284
13409 8148 259 253
13409 8149 253 246
13409 8150 252 246
13409 8151 261 247
13409 8152 275 247
13409 8153 279 247
13409 8154 285 249
13409 8155 293 250
13409 8156 293 250
13409 8157 319 251
13409 8158 326 252
13409 8159 338 253
13409 8160 348 254
13409 8161 351 255
13409 8162 373 255
13409 8163 374 256
13409 8164 383 258
13409 8165 401 259
13409 8166 408 260
13409 8167 419 260
13409 8168 429 260
13409 8169 433 262
13409 8170 451 262
13409 8171 460 265
13409 8172 464 263
13409 8173 474 265
13409 8174 474 268
13796 8468 469 434
13796 8469 467 427
13796 8470 465 424
13796 8471 463 423
13796 8472 459 422
13796 8473 455 420
13796 8474 452 419
13796 8475 448 418
13796 8476 450 415
13796 8477 441 416
13796 8478 440 412
13796 8479 440 408
13796 8480 432 411
13796 8481 434 407
13796 8482 428 411
13796 8483 424 408
13796 8484 421 408
13796 8485 420 410
13796 8486 416 406
13796 8487 413 404
13796 8488 408 404
13796 8489 407 403
13796 8490 403 402
13796 8491 402 401
13796 8492 401 399
13796 8493 400 396
13796 8494 394 399
13796 8495 393 399
13796 8496 390 405
14168 8722 441 333
14168 8723 443 333
14168 8724 444 333
14168 8725 446 335
14168 8726 447 337
14168 8727 452 336
14168 8728 452 335
14168 8729 452 335
14168 8730 453 337
14168 8731 457 338
14168 8732 458 338
14168 8733 460 337
14168 8734 463 340
14168 8735 464 341
14168 8736 466 342
14168 8737 465 340
14168 8738 467 342
14168 8739 469 344
14168 8740 470 345
14168 8741 475 346
14168 8742 476 348
14168 8743 475 348
14168 8744 478 348
14168 8745 478 346
14168 8746 484 348
14168 8747 485 348
14168 8748 488 349
14168 8749 488 349
14168 8750 490 350
14168 8751 492 347
14168 8752 494 351
14168 8753 498 353
14168 8754 501 356
14168 8755 500 354
14168 8756 500 353
14168 8757 504 355
14168 8758 505 359
14168 8759 507 361
14168 8760 508 361
14270 8831 565 402
14270 8832 567 405
14270 8833 574 403
14270 8834 580 399
14270 8835 577 403
14270 8836 584 406
14270 8837 588 400
14270 8838 592 403
14270 8839 594 404
14270 8840 596 406
14270 8841 594 415
14270 8842 599 414
14270 8843 604 413
14270 8844 604 414
14270 8845 601 418
14270 8846 604 429
14270 8847 610 434
14270 8848 613 437
14375 8905 412 429
14375 8906 410 427
14375 8907 404 428
14375 8908 403 426
14375 8909 403 427
14375 8910 403 413
14375 8911 399 416
14375 8912 396 413
14375 8913 393 411
14375 8914 391 410
14375 8915 389 409
14375 8916 386 411
14375 8917 386 410
14375 8918 379 410
14375 8919 378 411
14375 8920 375 406
14375 8921 372 406
14375 8922 371 404
14375 8923 370 405
14375 8924 364 401
14375 8925 363 399
14375 8926 360 402
14375 8927 359 401
14375 8928 356 400
14459 8989 336 260
14459 8990 336 256
14459 8991 354 259
14459 8992 366 259
14459 8993 375 260
14459 8994 389 260
14459 8995 393 261
14459 8996 413 263
14459 8997 427 265
14459 8998 440 266
14459 8999 446 266
14459 9000 449 267
14459 9001 469 268
14459 9002 475 268
14499 9012 3 352
14499 9013 3 350
14499 9014 4 346
14499 9015 4 346
14499 9016 5 346
14499 9017 8 342
14499 9018 10 341
14499 9019 11 343
14499 9020 13 340
14499 9021 15 339
14499 9022 16 339
14499 9023 19 338
14499 9024 20 338
14499 9025 24 337
14499 9026 25 337
14499 9027 26 337
14499 9028 28 337
14499 9029 30 337
14499 9030 32 337
14499 9031 36 337
14499 9032 36 336
14499 9033 38 334
14499 9034 39 334
14499 9035 41 332
14499 9036 43 333
14499 9037 43 332
14499 9038 46 330
14499 9039 47 331
14499 9040 48 331
14499 9041 50 329
14499 9042 53 326
14499 9043 55 326
14499 9044 56 327
14499 9045 58 325
14499 9046 59 326
14499 9047 61 326
14499 9048 62 325
14499 9049 64 329
14531 9034 3 356
14531 9035 4 358
14531 9036 4 358
14531 9037 6 353
14531 9038 8 350
14531 9039 11 347
14531 9040 13 346
14531 9041 13 346
14531 9042 16 344
14531 9043 18 343
14531 9044 20 342
14531 9045 22 341
14531 9046 23 341
14531 9047 25 341
14531 9048 27 340
14531 9049 29 340
14531 9050 31 340
14531 9051 33 344
14531 9052 34 339
14531 9053 37 340
14531 9054 38 340
14531 9055 40 340
14531 9056 42 336
14531 9057 44 335
14531 9058 46 333
14531 9059 46 335
14531 9060 50 333
14531 9061 52 331
14531 9062 51 331
14531 9063 53 331
14531 9064 56 329
14531 9065 56 331
14666 9128 150 302
14666 9129 145 304
14666 9130 167 284
14666 9131 167 285
14666 9132 171 285
14666 9133 172 285
14666 9134 175 286
14666 9135 178 285
14666 9136 179 286
14666 9137 179 286
14666 9138 183 287
14666 9139 184 287
14666 9140 186 287
14666 9141 188 286
14666 9142 191 286
14666 9143 191 284
14666 9144 192 287
14666 9145 194 286
14666 9146 196 282
14666 9147 196 282
14666 9148 196 283
14666 9149 199 279
14666 9150 201 279
14666 9151 202 278
14666 9152 204 276
15078 9389 354 257
15078 9390 360 258
15078 9391 364 259
15078 9392 371 259
15078 9393 377 260
15078 9394 380 260
15078 9395 387 260
15078 9396 396 261
15078 9397 402 263
15078 9398 406 262
15078 9399 410 264
15078 9400 413 263
15078 9401 419 258
15078 9402 423 264
15078 9403 426 257
15078 9404 430 259
15078 9405 437 265
15078 9406 441 266
15078 9407 443 266
15078 9408 445 266
15078 9409 451 268
15078 9410 457 268
15078 9411 460 268
15078 9412 463 268
15078 9413 465 268
15078 9414 474 268
15078 9415 475 267
15078 9416 475 266
15078 9417 479 266
15078 9418 478 266
15078 9419 481 267
15078 9420 480 266
15078 9421 484 268
15078 9422 487 265
15294 9492 487 270
15294 9493 484 268
15294 9494 476 265
15294 9495 470 265
15294 9496 455 263
15294 9497 442 263
15294 9498 428 262
15294 9499 420 261
15294 9500 408 259
15294 9501 395 259
15294 9502 381 257
15294 9503 369 256
15294 9504 364 256
15294 9505 345 254
15294 9506 350 253
15773 9701 405 269
15773 9702 397 253
15773 9703 396 252
15773 9704 408 253
15773 9705 418 255
15773 9706 404 251
15773 9707 394 259
15773 9708 382 247
15773 9709 373 246
15773 9710 347 253
15773 9711 348 256
16529 10065 485 269
16529 10066 483 269
16529 10067 469 266
16529 10068 457 264
16529 10069 443 264
16529 10070 438 264
16529 10071 420 262
16529 10072 408 261
16529 10073 395 260
16529 10074 383 258
16529 10075 370 257
16529 10076 357 256
16529 10077 346 255
16529 10078 354 254
16735 10203 444 453
16735 10204 443 454
16735 10205 441 460
16735 10206 435 463
16735 10207 430 464
16735 10208 428 462
16735 10209 427 463
16735 10210 426 463
16735 10211 417 463
16735 10212 413 463
16735 10213 414 463
16735 10214 408 466
16735 10215 405 463
16735 10216 400 463
16735 10217 397 464
16735 10218 392 465
16735 10219 387 464
16735 10220 383 465
16735 10221 378 464
16735 10222 376 465
16735 10223 373 465
16735 10224 369 465
16735 10225 363 465
16735 10226 360 466
16735 10227 356 466
16735 10228 351 466
16735 10229 345 467
16735 10230 346 466
16735 10231 341 466
16735 10232 336 466
16735 10233 331 467
16735 10234 328 467
16735 10235 323 466
16735 10236 318 466
16735 10237 313 467
16735 10238 311 467
16735 10239 307 467
16735 10240 300 467
16735 10241 296 467
16735 10242 293 466
16735 10243 291 466
16735 10244 286 466
16735 10245 280 467
16735 10246 277 467
16735 10247 272 466
16735 10248 269 467
16735 10249 264 467
16735 10250 259 467
16735 10251 255 466
16735 10252 252 466
16735 10253 248 467
16735 10254 244 467
16735 10255 241 467
16735 10256 238 467
16735 10257 234 467
16735 10258 227 467
16735 10259 222 467
16735 10260 222 472
16735 10261 222 473
16735 10262 218 473
16894 10309 383 438
16894 10310 380 436
16894 10311 371 432
16894 10312 372 434
16894 10313 376 434
16894 10314 380 431
16894 10315 383 431
16894 10316 383 432
16894 10317 391 418
16894 10318 395 422
16894 10319 401 422
16894 10320 406 434
16894 10321 412 435
16894 10322 417 435
16894 10323 410 435
16894 10324 419 436
16894 10325 426 435
16894 10326 439 436
16894 10327 446 436
16894 10328 455 436
16894 10329 454 436
16894 10330 462 436
16894 10331 470 435
16894 10332 482 435
16894 10333 479 433
16894 10334 498 431
16894 10335 497 430
16894 10336 507 425
16894 10337 518 428
16894 10338 526 427
16894 10339 524 424
16894 10340 514 428
16894 10341 517 424
16894 10342 516 420
16920 10320 379 397
16920 10321 375 395
16920 10322 372 399
16920 10323 367 399
16920 10324 359 402
16920 10325 357 404
16920 10326 355 403
16920 10327 351 404
16920 10328 344 406
16920 10329 341 413
16920 10330 337 409
16920 10331 329 411
16920 10332 328 411
16920 10333 328 410
16920 10334 320 409
16920 10335 314 412
16920 10336 314 412
16920 10337 311 413
16920 10338 304 413
16920 10339 299 418
16920 10340 294 417
16920 10341 290 419
16920 10342 284 421
16920 10343 283 421
16920 10344 278 423
16920 10345 277 425
16920 10346 270 426
16920 10347 266 426
16920 10348 262 427
16920 10349 253 429
16920 10350 253 430
16920 10351 246 430
16920 10352 240 432
16920 10353 239 431
16920 10354 235 434
16920 10355 232 432
16920 10356 219 436
16920 10357 221 436
16920 10358 215 437
16920 10359 211 438
16920 10360 204 441
16920 10361 199 440
16920 10362 197 439
16920 10363 192 443
16920 10364 186 443
16920 10365 185 447
16920 10366 179 446
16920 10367 181 453
16925 10322 513 355
16925 10323 512 351
16925 10324 508 347
16925 10325 504 350
16925 10326 504 353
16925 10327 502 350
16925 10328 499 346
16925 10329 495 344
16925 10330 495 339
16925 10331 492 339
16925 10332 492 339
16925 10333 490 336
16925 10334 488 340
16925 10335 485 337
16925 10336 484 338
16925 10337 481 336
16925 10338 478 336
16925 10339 474 339
16925 10340 470 338
16925 10341 468 338
16925 10342 468 333
16925 10343 465 337
16925 10344 464 333
16925 10345 462 336
16925 10346 459 331
16925 10347 457 335
16925 10348 456 334
16925 10349 452 333
16925 10350 452 330
16925 10351 449 332
16925 10352 446 328
16958 10334 247 248
16958 10335 255 249
16958 10336 259 248
16958 10337 269 249
16958 10338 278 251
16958 10339 297 251
16958 10340 306 252
16958 10341 315 253
16958 10342 326 254
16958 10343 340 255
16958 10344 349 259
16958 10345 352 257
16958 10346 365 257
16958 10347 371 258
16958 10348 382 259
16958 10349 376 254
17063 10382 75 294
17063 10383 79 298
17063 10384 75 301
17063 10385 73 302
17063 10386 69 302
17063 10387 64 303
17063 10388 59 305
17063 10389 57 305
17063 10390 51 308
17063 10391 47 310
17063 10392 47 309
17063 10393 41 312
17063 10394 34 315
17063 10395 30 316
17063 10396 28 317
17063 10397 19 320
17063 10398 19 321
17063 10399 16 315
17133 10445 194 426
17133 10446 191 429
17133 10447 182 428
17133 10448 183 427
17133 10449 179 428
17133 10450 178 426
17133 10451 175 430
17133 10452 169 432
17133 10453 165 431
17133 10454 167 435
17133 10455 163 434
17133 10456 155 436
17133 10457 155 442
17133 10458 152 443
17133 10459 147 441
17133 10460 140 441
17133 10461 136 446
17133 10462 131 448
17133 10463 128 449
17133 10464 126 452
17133 10465 120 453
17133 10466 120 459
17133 10467 117 455
17133 10468 115 463
17277 10552 395 418
17277 10553 393 413
17277 10554 393 413
17277 10555 390 413
17277 10556 386 414
17277 10557 386 409
17277 10558 383 415
17277 10559 378 416
17277 10560 372 418
17277 10561 368 421
17277 10562 370 422
17277 10563 366 422
17277 10564 362 422
17277 10565 359 420
17277 10566 352 427
17277 10567 354 426
17277 10568 352 426
17277 10569 347 427
17277 10570 341 430
17277 10571 343 429
17277 10572 339 432
17277 10573 335 430
17277 10574 329 431
17277 10575 326 435
17277 10576 323 435
17277 10577 323 429
17614 10760 486 267
17614 10761 484 264
17614 10762 466 263
17614 10763 449 262
17614 10764 442 262
17614 10765 421 260
17614 10766 411 258
17614 10767 395 257
17614 10768 385 256
17614 10769 371 255
17614 10770 381 253
17614 10771 373 253
17810 10876 294 384
17810 10877 291 386
17810 10878 294 388
17810 10879 291 387
17810 10880 290 388
17810 10881 290 391
17810 10882 289 389
17810 10883 289 390
17810 10884 290 389
17810 10885 288 390
17810 10886 288 389
17810 10887 287 394
17810 10888 288 397
17810 10889 286 394
17810 10890 286 397
17810 10891 283 394
17810 10892 285 399
17810 10893 283 405
17810 10894 284 402
17810 10895 282 407
17810 10896 279 405
17810 10897 278 405
17810 10898 278 408
17810 10899 277 409
17810 10900 275 411
17810 10901 274 414
17810 10902 273 413
17810 10903 272 416
17810 10904 272 417
17810 10905 270 421
17810 10906 268 420
17810 10907 269 422
17810 10908 266 423
17810 10909 264 423
17810 10910 262 426
17810 10911 262 426
17810 10912 260 428
17810 10913 257 430
17810 10914 256 432
17810 10915 254 433
17810 10916 252 436
17810 10917 250 436
17810 10918 248 438
17810 10919 246 437
17810 10920 243 438
17810 10921 242 440
17810 10922 238 442
17810 10923 237 443
17810 10924 235 443
17810 10925 231 446
17810 10926 230 450
17810 10927 228 446
17810 10928 225 450
17810 10929 222 452
17810 10930 219 451
17810 10931 219 457
17810 10932 213 455
17810 10933 212 455
17810 10934 209 456
17810 10935 206 465
17810 10936 204 464
17810 10937 200 467
17810 10938 198 463
17810 10939 192 464
17810 10940 193 465
17810 10941 190 459
17810 10942 185 459
18300 11267 152 271
18300 11268 153 268
18300 11269 155 269
18300 11270 145 271
18300 11271 145 272
18300 11272 140 273
18300 11273 138 274
18300 11274 136 275
18300 11275 135 276
18300 11276 129 278
18300 11277 125 279
18300 11278 124 280
18300 11279 123 282
18300 11280 115 284
18300 11281 113 285
18300 11282 113 286
18300 11283 107 287
18300 11284 103 290
18300 11285 101 289
18300 11286 99 290
18300 11287 89 294
18300 11288 87 296
18300 11289 85 298
18300 11290 84 299
18300 11291 77 301
18300 11292 76 299
18300 11293 69 305
18300 11294 66 305
18300 11295 62 307
18300 11296 61 307
18300 11297 51 309
18300 11298 50 313
18300 11299 49 314
18300 11300 39 316
18300 11301 37 317
18300 11302 32 319
18300 11303 29 321
18300 11304 30 324
18300 11305 22 325
18300 11306 17 327
18300 11307 13 324
18300 11308 15 330
18300 11309 12 332
18300 11310 10 333
18300 11311 7 336
18300 11312 6 332
18300 11313 5 333
18300 11314 3 333
18300 11315 4 331
18339 11287 108 274
18339 11288 109 276
18339 11289 109 279
18339 11290 98 280
18339 11291 106 283
18339 11292 100 283
18339 11293 96 284
18339 11294 92 282
18339 11295 89 286
18339 11296 86 288
18339 11297 81 292
18339 11298 79 292
18339 11299 69 291
18339 11300 67 296
18339 11301 66 298
18339 11302 65 298
18339 11303 60 299
18339 11304 55 301
18339 11305 53 299
18339 11306 46 305
18339 11307 44 301
18339 11308 41 303
18529 11370 488 404
18529 11371 485 402
18529 11372 482 398
18529 11373 477 405
18529 11374 477 405
18529 11375 472 399
18529 11376 470 405
18529 11377 467 400
18529 11378 463 402
18529 11379 461 400
18529 11380 460 403
18529 11381 457 400
18529 11382 453 403
18529 11383 451 402
18529 11384 450 402
18529 11385 448 402
18529 11386 443 406
18529 11387 440 412
18529 11388 440 409
18529 11389 437 407
18529 11390 432 412
18529 11391 432 411
18529 11392 428 409
18529 11393 427 407
18529 11394 422 412
18529 11395 419 418
18529 11396 418 410
18529 11397 415 410
18529 11398 412 417
18529 11399 407 412
18529 11400 406 418
18529 11401 404 420
18529 11402 400 418
18529 11403 398 414
18529 11404 394 416
18529 11405 390 419
18529 11406 389 419
18666 11442 262 429
18666 11443 260 429
18666 11444 258 432
18666 11445 255 428
18666 11446 249 430
18666 11447 246 431
18666 11448 246 437
18666 11449 241 432
18666 11450 237 434
18666 11451 233 436
18666 11452 232 432
18666 11453 228 433
18666 11454 223 435
18666 11455 222 435
18666 11456 220 441
18666 11457 215 437
18666 11458 211 438
18666 11459 209 438
18666 11460 206 435
18666 11461 202 440
18666 11462 197 440
18666 11463 196 442
18666 11464 191 441
18666 11465 187 443
18666 11466 184 444
18666 11467 183 446
18666 11468 179 447
18666 11469 180 450
19109 11673 160 470
19109 11674 156 469
19109 11675 154 469
19109 11676 162 465
19109 11677 161 465
19109 11678 166 465
19109 11679 166 458
19109 11680 166 458
19109 11681 171 455
19109 11682 174 452
19109 11683 174 451
19109 11684 180 450
19109 11685 184 455
19109 11686 184 446
19109 11687 181 445
19109 11688 188 448
19109 11689 188 444
19109 11690 189 440
19109 11691 193 439
19109 11692 196 438
19109 11693 198 438
19109 11694 200 433
19109 11695 203 431
19109 11696 207 430
19109 11697 210 425
19109 11698 210 432
19109 11699 208 427
19109 11700 212 431
19109 11701 217 424
19109 11702 219 422
19109 11703 224 419
19109 11704 224 420
19109 11705 226 416
19109 11706 228 417
19109 11707 231 415
19109 11708 231 413
19109 11709 233 413
19109 11710 236 410
19109 11711 240 408
19109 11712 242 406
19109 11713 239 406
19109 11714 245 407
19109 11715 246 405
19109 11716 250 402
19109 11717 252 402
19109 11718 255 399
19109 11719 256 399
19109 11720 257 402
19109 11721 259 398
19109 11722 260 397
19109 11723 262 394
19109 11724 264 394
19109 11725 267 391
19109 11726 268 394
19158 11706 240 246
19158 11707 248 249
19158 11708 251 249
19158 11709 261 250
19158 11710 273 252
19158 11711 285 254
19158 11712 294 254
19158 11713 300 255
19158 11714 309 256
19158 11715 322 257
19158 11716 347 259
19158 11717 357 259
19158 11718 371 261
19158 11719 379 261
19158 11720 389 263
19158 11721 380 255
19221 11774 435 338
19221 11775 433 337
19221 11776 433 338
19221 11777 438 337
19221 11778 434 339
19221 11779 435 339
19221 11780 439 339
19221 11781 441 339
19221 11782 444 341
19221 11783 439 334
19221 11784 443 342
19221 11785 448 343
19221 11786 450 343
19221 11787 456 345
19221 11788 456 345
19221 11789 453 347
19221 11790 464 349
19221 11791 466 349
19221 11792 468 350
19221 11793 475 352
19221 11794 479 354
19221 11795 487 355
19221 11796 483 356
19221 11797 490 359
19221 11798 497 361
19221 11799 503 362
19221 11800 511 364
19221 11801 512 366
19221 11802 519 369
19221 11803 524 371
19221 11804 533 373
19221 11805 537 375
19221 11806 545 375
19221 11807 547 377
19221 11808 554 382
19221 11809 563 383
19221 11810 567 388
19221 11811 578 390
19221 11812 582 393
19221 11813 589 395
19221 11814 598 397
19221 11815 601 398
19221 11816 607 400
19221 11817 614 402
19221 11818 620 406
19221 11819 619 406
19221 11820 622 409
19228 11776 365 331
19228 11777 366 331
19228 11778 367 331
19228 11779 376 334
19228 11780 372 332
19228 11781 374 332
19228 11782 376 332
19228 11783 378 331
19228 11784 381 333
19228 11785 390 336
19228 11786 394 336
19228 11787 392 335
19228 11788 400 337
19228 11789 410 338
19228 11790 406 335
19228 11791 408 336
19228 11792 412 337
19228 11793 426 342
19228 11794 429 341
19228 11795 430 343
19228 11796 434 343
19228 11797 438 348
19228 11798 447 346
19228 11799 449 349
19228 11800 453 347
19228 11801 460 340
19278 11803 473 368
19278 11804 483 357
19278 11805 481 354
19278 11806 493 361
19278 11807 502 363
19278 11808 501 359
19278 11809 506 367
19278 11810 514 370
19278 11811 520 373
19278 11812 527 375
19278 11813 534 378
19278 11814 538 374
19278 11815 546 381
19278 11816 553 385
19278 11817 559 386
19278 11818 561 383
19280 11804 3 393
19280 11805 3 393
19280 11806 9 396
19280 11807 8 394
19280 11808 9 394
19280 11809 11 397
19280 11810 17 395
19280 11811 18 395
19280 11812 24 396
19280 11813 27 396
19280 11814 26 395
19280 11815 27 395
19280 11816 33 395
19280 11817 32 390
19280 11818 35 391
19280 11819 38 389
19280 11820 42 387
19280 11821 45 392
19280 11822 45 387
19280 11823 50 389
19280 11824 52 385
19280 11825 56 390
19280 11826 59 392
19280 11827 66 389
19280 11828 66 386
19280 11829 68 386
19280 11830 70 385
19280 11831 71 386
19280 11832 73 386
19280 11833 77 387
19280 11834 80 384
19280 11835 83 384
19280 11836 86 382
19280 11837 89 381
19280 11838 92 384
19280 11839 96 383
19280 11840 98 384
19280 11841 101 394
19352 11854 333 259
19352 11855 338 260
19352 11856 348 260
19352 11857 350 260
19352 11858 360 260
19352 11859 372 261
19352 11860 378 262
19352 11861 387 262
19352 11862 401 261
19352 11863 405 264
19352 11864 413 265
19352 11865 425 266
19352 11866 433 267
19352 11867 453 268
19352 11868 460 270
19352 11869 467 270
19352 11870 473 271
19352 11871 476 270
19352 11872 478 271
19371 11874 205 387
19371 11875 204 387
19371 11876 205 390
19371 11877 213 387
19371 11878 213 380
19371 11879 215 381
19371 11880 217 374
19371 11881 222 378
19371 11882 224 378
19371 11883 226 378
19371 11884 230 378
19371 11885 234 378
19371 11886 235 372
19371 11887 238 371
19371 11888 242 376
19371 11889 242 370
19371 11890 247 376
19371 11891 245 375
19371 11892 250 374
19371 11893 251 368
19371 11894 254 372
19371 11895 255 372
19371 11896 258 369
19371 11897 262 370
19371 11898 263 366
19371 11899 264 369
19371 11900 264 367
19371 11901 265 365
19371 11902 266 360
19371 11903 269 363
19715 12078 110 368
19715 12079 111 364
19715 12080 113 370
19715 12081 110 363
19715 12082 106 367
19715 12083 105 370
19715 12084 104 368
19715 12085 103 373
19715 12086 100 377
19715 12087 100 372
19715 12088 99 369
19715 12089 98 372
19715 12090 97 377
19715 12091 94 375
19715 12092 93 376
19715 12093 92 378
19715 12094 92 379
19715 12095 87 378
19715 12096 84 380
19715 12097 82 381
19715 12098 79 382
19715 12099 76 383
19715 12100 75 383
19715 12101 72 383
19715 12102 71 388
19715 12103 70 384
19715 12104 68 385
19715 12105 67 391
19715 12106 63 391
19715 12107 61 393
19715 12108 60 391
19715 12109 58 390
19715 12110 55 397
19715 12111 52 394
19715 12112 51 399
19715 12113 49 393
19715 12114 47 397
19715 12115 43 399
19715 12116 40 399
19715 12117 38 399
19715 12118 37 400
19715 12119 37 400
19715 12120 37 407
19715 12121 34 407
19715 12122 32 409
19715 12123 32 410
19715 12124 30 410
19715 12125 28 411
19812 12120 120 387
19812 12121 117 388
19812 12122 120 391
19812 12123 122 388
19812 12124 124 389
19812 12125 127 388
19812 12126 127 388
19812 12127 132 389
19812 12128 138 385
19812 12129 140 384
19812 12130 143 385
19812 12131 146 387
19812 12132 147 387
19812 12133 150 389
19812 12134 155 395
19812 12135 157 399
19812 12136 161 399
19812 12137 164 400
19812 12138 161 400
19812 12139 165 402
19812 12140 169 405
19812 12141 171 407
19812 12142 171 410
19812 12143 172 411
19812 12144 172 413
19812 12145 172 415
19812 12146 170 413
19812 12147 165 418
19812 12148 168 419
19812 12149 164 422
19812 12150 163 422
19812 12151 158 421
19812 12152 160 424
19812 12153 157 422
19812 12154 153 422
19812 12155 151 422
19812 12156 149 430
19812 12157 145 433
19812 12158 145 433
19812 12159 142 429
19812 12160 141 433
19812 12161 140 434
19812 12162 140 434
19812 12163 139 433
19812 12164 140 432
20020 12228 259 254
20020 12229 257 257
20020 12230 270 258
20020 12231 274 258
20020 12232 277 255
20020 12233 291 259
20020 12234 310 259
20020 12235 305 256
20020 12236 314 256
20020 12237 324 256
20020 12238 325 256
20020 12239 337 258
20020 12240 351 261
20020 12241 361 262
20020 12242 366 262
20020 12243 373 262
20020 12244 388 262
20020 12245 397 262
20020 12246 402 262
20020 12247 399 269
20020 12248 407 270
20044 12240 184 462
20044 12241 187 461
20044 12242 187 461
20044 12243 191 460
20044 12244 197 460
20044 12245 200 458
20044 12246 202 457
20044 12247 207 456
20044 12248 209 455
20044 12249 213 456
20044 12250 214 454
20044 12251 216 450
20044 12252 217 448
20044 12253 220 447
20044 12254 225 445
20044 12255 226 443
20044 12256 227 442
20044 12257 228 441
20044 12258 233 438
20044 12259 235 438
20044 12260 236 436
20044 12261 238 436
20044 12262 241 435
20044 12263 248 432
20044 12264 249 429
20044 12265 250 431
20044 12266 253 429
20044 12267 258 427
20044 12268 260 427
20044 12269 261 427
20044 12270 264 426
20044 12271 266 425
20044 12272 271 424
20044 12273 274 422
20044 12274 277 421
20044 12275 279 421
20044 12276 283 419
20044 12277 286 422
20044 12278 290 419
20044 12279 292 416
20044 12280 295 416
20044 12281 299 414
20044 12282 303 414
20044 12283 303 414
20044 12284 308 413
20044 12285 312 410
20044 12286 316 410
20044 12287 317 413
20044 12288 321 408
20044 12289 325 408
20044 12290 329 408
20044 12291 330 407
20044 12292 333 406
20044 12293 336 406
20044 12294 342 405
20044 12295 344 404
20044 12296 347 404
20044 12297 351 402
20044 12298 355 396
20044 12299 358 403
20044 12300 359 402
20044 12301 365 401
20044 12302 368 395
20044 12303 370 397
20044 12304 374 404
20044 12305 378 400
20044 12306 382 401
20044 12307 386 404
20044 12308 391 400
20044 12309 394 395
20044 12310 399 394
20044 12311 401 401
20044 12312 401 403
20044 12313 409 399
20044 12314 411 399
20044 12315 414 400
20044 12316 420 399
20044 12317 423 399
20044 12318 426 396
20044 12319 431 399
20044 12320 434 394
20044 12321 436 391
20044 12322 438 398
20044 12323 442 398
20044 12324 446 397
20044 12325 448 396
20044 12326 452 396
20044 12327 459 390
20044 12328 461 395
20044 12329 462 394
20044 12330 463 393
20147 12318 145 387
20147 12319 143 379
20147 12320 143 378
20147 12321 145 378
20147 12322 151 379
20147 12323 154 378
20147 12324 157 378
20147 12325 159 378
20147 12326 162 379
20147 12327 168 377
20147 12328 171 377
20147 12329 168 376
20147 12330 174 376
20147 12331 176 378
20147 12332 182 377
20147 12333 184 377
20147 12334 188 377
20147 12335 192 376
20147 12336 191 372
20147 12337 197 377
20147 12338 201 377
20147 12339 200 376
20147 12340 205 376
20147 12341 205 376
20147 12342 210 375
20147 12343 210 374
20147 12344 216 373
20147 12345 215 374
20147 12346 221 374
20147 12347 223 372
20147 12348 225 370
20147 12349 227 371
20147 12350 229 370
20147 12351 230 370
20147 12352 231 367
20147 12353 233 362
20147 12354 233 364
20147 12355 233 364
20147 12356 232 367
20147 12357 233 367
20147 12358 236 368
20147 12359 233 363
20147 12360 235 365
20355 12435 424 359
20355 12436 422 363
20355 12437 419 364
20355 12438 413 366
20355 12439 412 362
20355 12440 409 360
20355 12441 405 359
20355 12442 405 358
20355 12443 402 358
20355 12444 399 355
20355 12445 399 353
20355 12446 395 355
20355 12447 395 354
20355 12448 393 355
20355 12449 388 351
20355 12450 387 350
20355 12451 384 352
20355 12452 382 351
20355 12453 380 347
20355 12454 379 350
20355 12455 378 351
20355 12456 376 349
20355 12457 371 346
20355 12458 370 345
20355 12459 368 347
20355 12460 365 346
20355 12461 363 342
20355 12462 363 341
20355 12463 361 345
20355 12464 358 347
20429 12473 43 319
20429 12474 46 320
20429 12475 50 319
20429 12476 53 317
20429 12477 54 317
20429 12478 60 314
20429 12479 63 312
20429 12480 68 312
20429 12481 73 308
20429 12482 78 306
20429 12483 82 304
20429 12484 85 304
20429 12485 87 301
20429 12486 93 298
20429 12487 96 296
20429 12488 98 295
20429 12489 102 296
20429 12490 104 294
20429 12491 106 293
20429 12492 109 292
20429 12493 112 290
20429 12494 116 288
20429 12495 113 288
20429 12496 122 284
20429 12497 125 283
20429 12498 120 283
20609 12577 327 264
20609 12578 330 260
20609 12579 334 258
20609 12580 337 257
20609 12581 342 260
20609 12582 346 260
20609 12583 352 259
20609 12584 355 259
20609 12585 361 262
20609 12586 363 260
20609 12587 367 263
20609 12588 374 263
20609 12589 379 262
20609 12590 381 261
20609 12591 385 262
20609 12592 393 263
20609 12593 396 266
20609 12594 400 264
20609 12595 406 266
20609 12596 410 263
20609 12597 416 267
20609 12598 420 265
20609 12599 425 265
20609 12600 428 266
20609 12601 434 266
20609 12602 438 267
20609 12603 445 270
20609 12604 447 270
20609 12605 452 271
20609 12606 455 276
20641 12594 296 254
20641 12595 296 255
20641 12596 305 255
20641 12597 311 255
20641 12598 321 256
20641 12599 324 257
20641 12600 333 257
20641 12601 341 258
20641 12602 353 258
20641 12603 364 260
20641 12604 368 259
20641 12605 376 259
20641 12606 384 260
20641 12607 396 260
20641 12608 403 262
20641 12609 413 264
20641 12610 423 264
20641 12611 432 265
20641 12612 443 265
20641 12613 448 266
20641 12614 459 266
20641 12615 469 268
20641 12616 474 267
20717 12675 330 257
20717 12676 344 259
20717 12677 360 260
20717 12678 374 261
20717 12679 384 262
20717 12680 404 264
20717 12681 419 266
20717 12682 435 268
20717 12683 451 270
20717 12684 464 270
20717 12685 475 271
20717 12686 486 269
20717 12687 490 272
20731 12716 486 266
20731 12717 482 264
20731 12718 477 265
20731 12719 466 264
20731 12720 453 262
20731 12721 441 261
20731 12722 427 261
20731 12723 418 258
20731 12724 406 258
20731 12725 394 258
20731 12726 380 256
20731 12727 363 258
20731 12728 366 257
20731 12729 361 258
20731 12730 366 253
20731 12731 372 253