3 3 135 419
3 4 132 418
3 5 127 418
3 6 126 414
3 7 123 418
3 8 121 417
3 9 117 417
3 10 113 416
3 11 110 416
3 12 107 416
3 13 103 414
3 14 101 417
3 15 98 415
3 16 94 413
3 17 94 413
3 18 89 413
3 19 87 413
3 20 84 411
3 21 82 410
3 22 78 411
3 23 75 411
3 24 73 411
3 25 71 410
3 26 67 410
3 27 64 409
3 28 62 408
3 29 59 407
3 30 55 408
3 31 53 408
3 32 51 407
3 33 48 406
3 34 45 406
3 35 44 405
3 36 41 406
3 37 38 400
3 38 34 399
3 39 31 399
3 40 27 400
3 41 24 398
3 42 23 398
3 43 20 400
3 44 20 398
3 45 18 398
3 46 15 397
3 47 12 396
3 48 11 396
3 49 8 395
3 50 7 392
3 51 5 391
3 52 5 391
3 53 4 391
3 54 3 390
140 127 213 260
140 128 214 261
140 129 214 249
140 130 210 250
140 131 206 251
140 132 199 248
140 133 195 247
140 134 194 253
140 135 187 254
140 136 182 258
140 137 177 255
140 138 173 257
140 139 174 259
140 140 166 260
140 141 161 264
140 142 157 262
140 143 154 265
140 144 147 269
140 145 144 268
140 146 139 274
140 147 135 271
140 148 130 271
140 149 125 275
140 150 123 274
140 151 116 278
140 152 112 281
140 153 109 281
140 154 102 283
140 155 98 284
140 156 94 285
140 157 92 289
140 158 83 291
140 159 77 294
140 160 71 295
140 161 66 297
140 162 58 305
140 163 53 303
140 164 52 309
140 165 46 308
140 166 40 315
140 167 34 313
140 168 29 315
140 169 24 318
140 170 21 319
140 171 14 320
140 172 10 322
140 173 11 317
143 130 165 258
143 131 168 260
143 132 165 262
143 133 161 263
143 134 158 264
143 135 154 265
143 136 151 267
143 137 146 268
143 138 143 269
143 139 139 271
143 140 135 272
143 141 130 274
143 142 127 278
143 143 122 277
143 144 118 279
143 145 113 281
143 146 108 283
143 147 103 284
143 148 98 286
143 149 93 289
143 150 89 290
143 151 84 293
143 152 80 293
143 153 74 297
143 154 69 299
143 155 64 301
143 156 59 303
143 157 53 306
143 158 47 307
143 159 41 311
143 160 36 313
143 161 30 317
143 162 23 320
143 163 18 322
143 164 17 323
143 165 13 324
143 166 10 325
143 167 7 326
143 168 5 333
153 159 75 314
153 160 70 314
153 161 66 317
153 162 58 325
153 163 54 322
153 164 46 326
153 165 45 329
153 166 38 333
153 167 31 334
153 168 26 334
153 169 21 337
153 170 14 341
153 171 16 340
225 477 115 293
225 478 116 291
225 479 118 290
225 480 116 291
225 481 114 291
225 482 112 292
225 483 111 293
225 484 109 294
225 485 107 293
225 486 105 295
225 487 103 296
225 488 100 298
225 489 92 299
225 490 97 299
225 491 94 300
225 492 92 301
225 493 84 303
225 494 88 303
225 495 86 301
225 496 83 304
225 497 80 305
225 498 79 305
225 499 77 307
225 500 75 307
225 501 73 309
225 502 63 312
225 503 66 312
225 504 67 311
225 505 65 312
225 506 58 315
225 507 61 314
225 508 59 314
225 509 57 316
225 510 50 319
225 511 52 318
225 512 49 319
225 513 48 321
225 514 45 320
225 515 53 317
225 516 51 315
317 567 379 266
317 568 378 262
317 569 382 268
317 570 392 270
317 571 397 258
317 572 385 257
317 573 374 256
317 574 364 255
317 575 353 255
317 576 341 253
317 577 328 253
317 578 316 252
317 579 307 251
317 580 309 250
317 581 312 251
640 1248 468 410
640 1249 466 409
640 1250 467 407
640 1251 464 405
640 1252 460 405
640 1253 458 403
640 1254 458 403
640 1255 454 403
640 1256 451 403
640 1257 448 401
640 1258 448 399
640 1259 444 399
640 1260 442 400
640 1261 442 397
640 1262 440 396
640 1263 437 395
640 1264 435 397
640 1265 434 394
640 1266 432 392
640 1267 430 391
640 1268 426 392
640 1269 424 390
640 1270 425 390
640 1271 421 388
640 1272 419 388
640 1273 417 387
640 1274 418 387
640 1275 414 384
640 1276 411 385
640 1277 411 384
640 1278 412 383
866 1397 360 269
866 1398 355 268
866 1399 354 264
866 1400 353 269
866 1401 351 267
866 1402 349 269
866 1403 348 267
866 1404 346 269
866 1405 344 268
866 1406 341 271
866 1407 338 269
866 1408 338 271
866 1409 336 270
866 1410 334 273
866 1411 332 270
866 1412 330 271
866 1413 329 271
866 1414 326 271
866 1415 324 278
866 1416 322 273
866 1417 320 272
866 1418 318 273
866 1419 317 273
866 1420 314 273
866 1421 312 274
866 1422 309 277
866 1423 307 275
866 1424 305 275
866 1425 303 275
866 1426 301 278
866 1427 299 276
866 1428 297 277
866 1429 294 277
866 1430 291 278
866 1431 289 277
866 1432 287 277
866 1433 285 278
866 1434 282 278
866 1435 280 279
866 1436 275 279
866 1437 273 280
866 1438 273 284
1549 2220 214 454
1549 2221 216 452
1549 2222 219 453
1549 2223 217 448
1549 2224 218 446
1549 2225 219 444
1549 2226 220 443
1549 2227 221 442
1549 2228 222 440
1549 2229 221 433
1549 2230 224 436
1549 2231 224 433
1549 2232 226 435
1549 2233 225 430
1549 2234 226 429
1549 2235 228 428
1549 2236 228 427
1549 2237 230 424
1549 2238 230 423
1549 2239 234 424
1549 2240 232 419
1549 2241 233 418
1549 2242 235 417
1549 2243 235 416
1549 2244 236 414
1549 2245 237 412
1549 2246 238 410
1549 2247 240 412
1549 2248 239 408
1549 2249 239 406
1549 2250 240 407
1549 2251 240 405
1549 2252 240 403
1549 2253 241 403
1549 2254 244 415
1549 2255 244 408
1643 2303 636 416
1643 2304 633 419
1643 2305 631 419
1643 2306 629 417
1643 2307 626 420
1643 2308 622 419
1643 2309 619 418
1643 2310 617 418
1643 2311 614 422
1643 2312 612 422
1643 2313 609 421
1643 2314 605 421
1643 2315 601 426
1643 2316 598 422
1643 2317 595 421
1643 2318 591 422
1643 2319 589 427
1643 2320 585 427
1643 2321 580 429
1643 2322 576 432
1643 2323 571 431
1643 2324 569 429
1643 2325 569 425
1643 2326 567 425
1643 2327 562 428
1643 2328 557 432
1643 2329 554 430
1643 2330 549 434
1643 2331 543 433
1643 2332 541 432
1643 2333 541 428
1643 2334 534 435
1643 2335 528 435
1643 2336 527 434
1643 2337 525 432
1643 2338 518 435
1643 2339 513 435
1643 2340 511 433
1643 2341 511 428
1643 2342 502 436
1643 2343 498 436
1643 2344 497 434
1643 2345 493 432
1643 2346 485 435
1643 2347 480 436
1643 2348 481 433
1643 2349 476 432
1643 2350 469 436
1643 2351 466 436
1643 2352 465 434
1643 2353 460 432
2429 3308 3 427
2429 3309 5 423
2429 3310 7 420
2429 3311 12 422
2429 3312 10 417
2429 3313 13 417
2429 3314 18 415
2429 3315 22 413
2429 3316 24 412
2429 3317 25 411
2429 3318 27 411
2429 3319 33 411
2429 3320 35 411
2429 3321 36 412
2429 3322 40 409
2429 3323 44 407
2429 3324 50 406
2429 3325 49 406
2429 3326 52 405
2429 3327 55 403
2429 3328 58 403
2429 3329 62 406
2429 3330 64 403
2429 3331 66 401
2429 3332 72 399
2429 3333 78 399
2429 3334 77 398
2429 3335 79 397
2429 3336 82 398
2429 3337 87 395
2429 3338 90 396
2429 3339 92 395
2429 3340 96 394
2429 3341 102 394
2429 3342 101 396
2433 3342 105 391
2433 3343 106 390
2433 3344 107 389
2433 3345 109 387
2433 3346 112 388
2433 3347 116 388
2433 3348 120 389
2433 3349 122 387
2433 3350 125 385
2433 3351 130 382
2433 3352 133 382
2433 3353 135 381
2433 3354 135 383
2433 3355 138 381
2433 3356 141 382
2433 3357 143 380
2433 3358 148 380
2433 3359 151 376
2433 3360 154 376
2433 3361 155 377
2433 3362 159 374
2433 3363 159 373
2433 3364 162 373
2433 3365 164 371
2433 3366 168 376
2433 3367 172 373
2433 3368 175 371
2433 3369 176 368
2433 3370 180 366
2433 3371 183 366
2433 3372 185 364
2433 3373 188 365
2433 3374 189 365
2433 3375 191 366
2433 3376 195 362
2433 3377 198 360
2433 3378 204 359
2433 3379 203 359
2433 3380 207 357
2433 3381 208 356
2433 3382 210 353
2433 3383 214 358
2433 3384 217 355
2433 3385 220 354
2433 3386 224 353
2433 3387 228 351
2433 3388 229 350
2433 3389 232 349
2433 3390 234 351
2433 3391 238 350
2433 3392 241 346
2433 3393 245 345
2433 3394 246 345
2433 3395 248 345
2433 3396 248 343
2433 3397 251 342
2433 3398 253 344
2433 3399 255 343
2433 3400 258 345
2433 3401 260 340
2433 3402 264 339
2433 3403 265 339
2433 3404 268 338
2433 3405 269 338
2433 3406 270 335
2433 3407 271 336
2433 3408 274 337
2433 3409 276 335
2433 3410 278 334
2433 3411 283 335
2433 3412 284 336
2433 3413 281 337
2433 3414 285 336
2433 3415 289 340
2530 3515 441 280
2530 3516 443 280
2530 3517 445 279
2530 3518 448 281
2530 3519 449 279
2530 3520 451 279
2530 3521 452 278
2530 3522 454 278
2530 3523 457 281
2530 3524 458 277
2530 3525 486 271
2530 3526 482 266
2530 3527 472 266
2530 3528 465 267
2530 3529 457 265
2530 3530 443 263
2530 3531 431 264
2530 3532 421 262
2530 3533 429 265
2530 3534 424 261
2530 3535 419 255
2648 3642 490 418
2648 3643 488 416
2648 3644 486 418
2648 3645 482 419
2648 3646 478 422
2648 3647 475 422
2648 3648 475 420
2648 3649 471 418
2648 3650 467 427
2648 3651 464 430
2648 3652 461 427
2648 3653 457 431
2648 3654 454 434
2648 3655 451 432
2648 3656 447 432
2648 3657 443 430
2648 3658 442 441
2648 3659 438 441
2648 3660 435 438
2648 3661 431 443
2648 3662 434 446
2648 3663 432 451
3237 4427 225 257
3237 4428 232 253
3237 4429 238 253
3237 4430 236 247
3237 4431 244 247
3237 4432 250 247
3237 4433 256 247
3237 4434 264 248
3237 4435 271 249
3237 4436 278 249
3237 4437 286 250
3237 4438 293 250
3237 4439 301 251
3237 4440 309 252
3237 4441 317 252
3237 4442 324 253
3237 4443 332 253
3237 4444 341 254
3237 4445 347 255
3237 4446 356 256
3237 4447 366 256
3237 4448 374 256
3237 4449 382 257
3237 4450 391 258
3237 4451 402 259
3237 4452 408 259
3237 4453 410 260
3262 4453 216 434
3262 4454 218 438
3262 4455 224 441
3262 4456 225 437
3262 4457 225 435
3262 4458 226 435
3262 4459 230 436
3262 4460 234 436
3262 4461 236 436
3262 4462 236 434
3262 4463 241 432
3262 4464 241 435
3262 4465 246 436
3262 4466 248 436
3262 4467 248 434
3262 4468 249 434
3262 4469 251 435
3262 4470 255 435
3262 4471 259 434
3262 4472 261 432
3262 4473 263 428
3262 4474 266 431
3262 4475 270 434
3262 4476 274 434
3262 4477 275 433
3262 4478 277 431
3262 4479 280 431
3262 4480 282 433
3262 4481 286 432
3262 4482 284 433
3262 4483 290 429
3262 4484 291 430
3262 4485 296 432
3262 4486 299 432
3262 4487 300 430
3262 4488 301 431
3262 4489 305 430
3262 4490 308 430
3262 4491 311 430
3262 4492 311 430
3262 4493 317 427
3262 4494 321 430
3262 4495 325 429
3262 4496 323 428
3262 4497 325 428
3262 4498 332 429
3262 4499 335 428
3262 4500 338 428
3262 4501 338 428
3262 4502 341 428
3262 4503 346 428
3262 4504 350 428
3262 4505 351 426
3262 4506 352 426
3262 4507 357 425
3262 4508 359 427
3262 4509 361 426
3262 4510 363 425
3262 4511 367 422
3262 4512 370 423
3262 4513 374 425
3262 4514 376 424
3262 4515 379 423
3262 4516 379 422
3262 4517 382 423
3262 4518 387 422
3262 4519 389 421
3262 4520 390 419
3262 4521 392 420
3262 4522 395 422
3262 4523 398 421
3262 4524 400 419
3262 4525 399 424
3262 4526 403 421
3262 4527 405 420
3262 4528 408 420
3262 4529 408 418
3262 4530 412 415
3262 4531 414 415
3262 4532 417 419
3262 4533 420 419
3262 4534 422 417
3262 4535 422 417
3262 4536 426 417
3262 4537 429 417
3262 4538 430 416
3262 4539 431 417
3262 4540 436 413
3262 4541 436 417
3262 4542 439 415
3262 4543 442 414
3262 4544 444 412
3262 4545 447 408
3262 4546 449 412
3262 4547 452 412
3262 4548 453 410
3262 4549 454 405
3262 4550 457 410
3262 4551 461 411
3262 4552 462 410
3262 4553 465 409
3262 4554 467 406
3262 4555 468 403
3262 4556 472 408
3262 4557 474 407
3262 4558 477 403
3262 4559 478 404
3262 4560 480 408
3262 4561 482 407
3262 4562 484 405
3262 4563 488 404
3262 4564 489 400
3262 4565 491 405
3262 4566 496 404
3262 4567 497 398
3262 4568 498 401
3262 4569 501 404
3262 4570 504 404
3262 4571 506 402
3262 4572 509 400
3262 4573 512 397
3262 4574 513 402
3262 4575 516 402
3334 4576 519 393
3334 4577 520 398
3334 4578 521 407
3334 4579 524 401
3334 4580 528 399
3334 4581 530 394
3334 4582 533 393
3334 4583 534 393
3334 4584 535 398
3334 4585 540 391
3334 4586 541 398
3334 4587 545 397
3334 4588 547 391
3334 4589 548 390
3334 4590 552 390
3334 4591 552 394
3334 4592 554 393
3334 4593 556 393
3334 4594 558 393
3334 4595 559 393
3334 4596 563 392
3334 4597 566 386
3334 4598 568 386
3334 4599 570 386
3334 4600 572 385
3334 4601 574 384
3334 4602 575 383
3334 4603 577 389
3334 4604 579 389
3334 4605 583 387
3334 4606 585 380
3334 4607 587 381
3334 4608 588 380
3334 4609 591 381
3334 4610 592 383
3334 4611 592 391
3334 4612 597 380
3334 4613 600 380
3334 4614 602 380
3334 4615 604 380
3334 4616 605 380
3334 4617 608 379
3515 4951 170 264
3515 4952 169 264
3515 4953 164 266
3515 4954 159 268
3515 4955 157 269
3515 4956 153 272
3515 4957 148 274
3515 4958 145 275
3515 4959 140 277
3515 4960 137 280
3515 4961 130 284
3515 4962 125 285
3515 4963 121 288
3515 4964 114 291
3515 4965 109 293
3515 4966 101 295
3515 4967 95 300
3515 4968 89 302
3515 4969 82 305
3515 4970 75 308
3515 4971 66 313
3515 4972 61 315
3515 4973 54 322
3515 4974 44 323
3515 4975 38 328
3515 4976 33 332
3515 4977 24 337
3515 4978 19 341
3515 4979 14 340
3515 4980 12 341
3515 4981 6 346
3515 4982 3 350
3547 5022 614 375
3547 5023 610 374
3547 5024 608 377
3547 5025 606 376
3547 5026 604 378
3547 5027 600 378
3547 5028 598 377
3547 5029 596 378
3547 5030 594 378
3547 5031 591 378
3547 5032 589 380
3547 5033 585 379
3547 5034 583 377
3547 5035 581 377
3547 5036 578 384
3547 5037 577 380
3547 5038 574 382
3547 5039 570 384
3547 5040 566 385
3547 5041 565 383
3547 5042 561 385
3547 5043 558 386
3547 5044 555 387
3547 5045 552 386
3547 5046 550 387
3547 5047 546 388
3547 5048 542 388
3547 5049 541 388
3547 5050 538 389
3547 5051 534 387
3547 5052 533 389
3547 5053 530 388
3547 5054 526 390
3547 5055 521 391
3547 5056 520 389
3547 5057 516 389
3547 5058 511 392
3547 5059 509 390
3547 5060 507 391
3547 5061 505 390
3547 5062 500 393
3547 5063 496 393
3547 5064 495 391
3547 5065 492 393
3547 5066 486 394
3547 5067 482 395
3547 5068 480 393
3547 5069 479 393
3547 5070 471 395
3547 5071 471 393
3547 5072 469 395
3547 5073 463 393
3547 5074 458 396
3547 5075 458 395
3547 5076 454 394
3547 5077 449 396
3547 5078 444 397
3547 5079 442 396
3547 5080 441 394
3547 5081 435 397
3547 5082 430 397
3547 5083 429 395
3547 5084 427 396
3547 5085 420 397
3547 5086 424 397
3578 5139 219 406
3578 5140 218 407
3578 5141 214 405
3578 5142 209 408
3578 5143 205 409
3578 5144 203 410
3578 5145 198 408
3578 5146 192 410
3578 5147 190 408
3578 5148 186 409
3578 5149 182 409
3578 5150 179 410
3578 5151 175 411
3578 5152 171 411
3578 5153 168 413
3578 5154 163 412
3578 5155 158 413
3578 5156 155 412
3578 5157 151 413
3578 5158 147 414
3578 5159 143 415
3578 5160 140 414
3578 5161 135 417
3578 5162 131 416
3578 5163 127 419
3578 5164 125 419
3578 5165 121 422
3578 5166 116 422
3578 5167 112 421
3578 5168 109 421
3578 5169 105 421
3578 5170 100 424
3578 5171 97 421
3578 5172 94 425
3578 5173 88 423
3578 5174 87 423
3578 5175 85 420
3578 5176 80 425
3578 5177 75 426
3578 5178 75 423
3578 5179 70 424
3578 5180 65 427
3578 5181 62 428
3578 5182 58 426
3578 5183 53 427
3578 5184 49 426
3578 5185 46 424
3578 5186 43 426
3578 5187 40 426
3578 5188 36 427
3578 5189 30 428
3578 5190 28 427
3578 5191 25 430
3578 5192 18 430
3578 5193 15 430
3578 5194 15 431
3578 5195 14 433
3578 5196 6 434
3578 5197 5 431
3578 5198 3 432
3653 5339 138 283
3653 5340 132 284
3653 5341 133 283
3653 5342 126 285
3653 5343 122 288
3653 5344 118 290
3653 5345 111 293
3653 5346 106 296
3653 5347 99 299
3653 5348 92 301
3653 5349 87 303
3653 5350 82 306
3653 5351 74 310
3653 5352 65 313
3653 5353 56 318
3653 5354 49 320
3653 5355 57 325
3795 5540 431 471
3795 5541 435 470
3795 5542 431 475
3795 5543 440 466
3795 5544 443 458
3795 5545 446 457
3795 5546 448 454
3795 5547 451 451
3795 5548 454 448
3795 5549 459 442
3795 5550 457 450
3795 5551 458 448
3795 5552 463 440
3795 5553 465 443
3795 5554 468 437
3795 5555 468 444
3795 5556 472 443
3795 5557 475 439
3795 5558 471 443
4381 6400 457 267
4381 6401 446 266
4381 6402 435 264
4381 6403 431 265
4381 6404 417 264
4381 6405 421 255
4381 6406 418 254
4381 6407 407 251
4381 6408 396 253
4381 6409 387 252
4381 6410 385 247
4381 6411 374 251
4405 6449 178 247
4405 6450 184 252
4405 6451 171 251
4405 6452 170 252
4405 6453 166 254
4405 6454 161 260
4405 6455 157 257
4405 6456 155 258
4405 6457 153 263
4405 6458 147 266
4405 6459 144 266
4405 6460 140 264
4405 6461 141 268
4405 6462 133 269
4405 6463 135 272
4405 6464 126 273
4405 6465 119 276
4405 6466 118 280
4405 6467 109 281
4405 6468 106 284
4405 6469 98 289
4405 6470 92 289
4405 6471 88 290
4405 6472 83 294
4405 6473 76 297
4405 6474 78 299
4421 6463 131 288
4421 6464 126 289
4421 6465 121 295
4421 6466 116 295
4421 6467 108 302
4421 6468 104 302
4421 6469 98 307
4421 6470 92 308
4421 6471 90 309
4421 6472 82 315
4421 6473 73 318
4421 6474 68 320
4421 6475 66 321
5001 7315 400 258
5001 7316 392 260
5001 7317 391 262
5001 7318 394 261
5001 7319 397 266
5001 7320 408 266
5001 7321 410 267
5001 7322 423 268
5001 7323 436 270
5001 7324 447 273
5001 7325 457 274
5001 7326 465 273
5001 7327 473 274
5001 7328 479 279
5240 7419 151 253
5240 7420 148 257
5240 7421 144 256
5240 7422 141 257
5240 7423 137 259
5240 7424 134 261
5240 7425 130 262
5240 7426 127 265
5240 7427 123 266
5240 7428 118 267
5240 7429 115 269
5240 7430 110 271
5240 7431 107 273
5240 7432 100 274
5240 7433 95 277
5240 7434 92 279
5263 7431 78 283
5263 7432 74 284
5263 7433 68 286
5263 7434 63 289
5263 7435 57 292
5263 7436 51 293
5263 7437 46 296
5263 7438 44 293
5263 7439 32 300
5263 7440 26 304
5263 7441 20 305
5263 7442 11 307
5263 7443 11 309
5263 7444 6 312
5700 7995 179 407
5700 7996 178 405
5700 7997 180 405
5700 7998 184 406
5700 7999 184 410
5700 8000 188 413
5700 8001 186 410
5700 8002 187 410
5700 8003 190 414
5700 8004 192 415
5700 8005 192 414
5700 8006 196 415
5700 8007 196 416
5700 8008 197 417
5700 8009 199 419
5700 8010 200 420
5700 8011 205 421
5700 8012 205 424
5700 8013 206 423
5700 8014 210 422
5700 8015 211 424
5700 8016 213 428
5700 8017 217 430
5700 8018 219 427
5700 8019 220 428
5700 8020 225 434
5700 8021 225 434
5700 8022 225 431
5700 8023 229 433
5700 8024 230 434
5700 8025 232 438
5700 8026 235 439
5700 8027 236 438
5700 8028 238 441
5700 8029 241 443
5700 8030 243 443
5700 8031 245 442
5700 8032 248 444
5700 8033 247 448
5700 8034 247 456
5700 8035 248 456
5700 8036 251 455
5700 8037 254 460
5700 8038 256 458
5869 8636 65 320
5869 8637 70 318
5869 8638 73 316
5869 8639 77 314
5869 8640 80 315
5869 8641 84 313
5869 8642 87 310
5869 8643 90 309
5869 8644 94 307
5869 8645 98 305
5869 8646 97 302
5869 8647 102 304
5869 8648 108 306
5869 8649 111 305
5869 8650 115 302
5869 8651 118 301
5869 8652 122 300
5869 8653 124 293
5869 8654 127 291
5869 8655 133 291
5869 8656 134 294
5907 8711 631 458
5907 8712 629 457
5907 8713 632 451
5907 8714 626 451
5907 8715 622 446
5907 8716 617 449
5907 8717 619 446
5907 8718 610 448
5907 8719 602 447
5907 8720 603 442
5907 8721 603 441
5907 8722 597 442
5907 8723 589 442
5907 8724 591 439
5907 8725 586 439
5907 8726 580 438
5907 8727 574 437
5907 8728 576 433
5907 8729 575 428
5907 8730 565 433
5907 8731 564 428
5907 8732 563 426
5907 8733 555 429
5907 8734 558 423
6327 9340 111 398
6327 9341 110 399
6327 9342 115 396
6327 9343 118 394
6327 9344 122 395
6327 9345 124 394
6327 9346 128 391
6327 9347 133 390
6327 9348 135 392
6327 9349 137 389
6327 9350 142 388
6327 9351 145 387
6327 9352 148 389
6327 9353 151 385
6327 9354 156 384
6327 9355 157 383
6327 9356 159 382
6327 9357 164 383
6327 9358 167 378
6327 9359 169 380
6327 9360 171 378
6327 9361 176 376
6327 9362 178 377
6327 9363 179 376
6327 9364 184 373
6327 9365 187 371
6327 9366 190 371
6327 9367 191 369
6327 9368 194 368
6327 9369 194 367
6418 9420 179 256
6418 9421 177 250
6418 9422 177 250
6418 9423 178 254
6418 9424 177 250
6418 9425 178 256
6418 9426 177 256
6418 9427 177 258
6418 9428 176 253
6418 9429 177 258
6418 9430 176 262
6418 9431 173 263
6418 9432 173 262
6418 9433 171 261
6418 9434 171 261
6418 9435 168 264
6418 9436 166 266
6418 9437 165 265
6418 9438 163 269
6418 9439 159 270
6418 9440 156 272
6418 9441 154 273
6418 9442 151 276
6418 9443 146 277
6418 9444 145 279
6418 9445 142 280
6418 9446 138 281
6418 9447 132 283
6418 9448 127 285
6418 9449 128 287
6418 9450 121 288
6418 9451 117 289
6418 9452 114 292
6418 9453 113 293
6418 9454 104 295
6418 9455 103 298
6418 9456 96 299
6418 9457 95 301
6418 9458 86 303
6418 9459 82 303
6418 9460 79 306
6418 9461 74 306
6418 9462 69 311
6418 9463 63 312
6418 9464 62 314
6418 9465 56 313
6418 9466 50 315
6418 9467 47 319
6418 9468 41 320
6418 9469 38 319
6418 9470 33 325
6418 9471 25 327
6418 9472 25 329
6418 9473 20 330
6418 9474 15 330
6418 9475 16 334
6418 9476 13 333
6418 9477 11 339
6418 9478 8 334
6418 9479 7 335
6418 9480 5 337
6655 9651 485 268
6655 9652 478 268
6655 9653 471 267
6655 9654 463 267
6655 9655 454 265
6655 9656 445 265
6655 9657 437 264
6655 9658 428 264
6655 9659 420 262
6655 9660 421 257
6655 9661 422 266
6655 9662 423 261
6655 9663 414 260
6655 9664 407 258
6655 9665 399 258
6655 9666 391 259
6655 9667 383 255
6655 9668 376 257
6655 9669 364 255
6655 9670 361 257
6819 9876 566 269
6819 9877 572 270
6819 9878 579 274
6819 9879 587 273
6819 9880 599 274
6819 9881 599 275
6819 9882 610 274
6819 9883 612 277
6819 9884 630 277
6819 9885 634 279
6819 9886 636 252
6819 9887 636 250
6873 9932 158 265
6873 9933 157 260
6873 9934 163 258
6873 9935 155 263
6873 9936 152 267
6873 9937 149 268
6873 9938 145 267
6873 9939 142 268
6873 9940 139 269
6873 9941 136 272
6873 9942 132 277
6873 9943 127 278
6873 9944 123 277
6873 9945 119 281
6873 9946 115 284
6873 9947 110 284
6873 9948 104 289
6873 9949 98 289
6873 9950 93 292
6873 9951 89 297
6873 9952 82 297
6873 9953 75 301
6873 9954 68 302
6873 9955 62 305
6873 9956 56 307
6873 9957 48 313
6873 9958 40 315
6873 9959 33 318
6873 9960 26 322
6873 9961 19 323
6873 9962 15 327
6873 9963 11 334
6873 9964 8 332
6873 9965 3 335
6880 9936 163 250
6880 9937 160 256
6880 9938 157 261
6880 9939 155 259
6880 9940 152 262
6880 9941 150 263
6880 9942 146 264
6880 9943 144 270
6880 9944 140 268
6880 9945 136 274
6880 9946 131 276
6880 9947 129 276
6880 9948 123 279
6880 9949 119 283
6880 9950 113 285
6880 9951 109 285
6880 9952 104 288
6880 9953 99 290
6880 9954 92 294
6880 9955 86 297
6880 9956 81 302
6880 9957 74 303
6880 9958 67 306
6880 9959 60 307
6880 9960 54 313
6880 9961 46 315
6880 9962 37 318
7712 10846 87 313
7712 10847 88 317
7712 10848 89 316
7712 10849 92 317
7712 10850 93 318
7712 10851 97 317
7712 10852 100 317
7712 10853 103 317
7712 10854 105 318
7712 10855 107 318
7712 10856 109 318
7712 10857 113 317
7712 10858 114 316
7712 10859 116 315
7712 10860 120 315
7712 10861 122 317
7712 10862 124 315
7712 10863 127 314
7712 10864 127 314
7712 10865 132 314
7712 10866 134 315
7712 10867 134 316
7712 10868 138 316
7712 10869 140 316
7712 10870 142 317
7712 10871 144 317
7712 10872 146 320
7712 10873 149 320
7712 10874 152 321
7712 10875 154 321
7712 10876 156 322
7712 10877 161 323
7712 10878 160 324
7712 10879 162 325
7712 10880 166 325
7712 10881 169 324
7712 10882 173 324
7712 10883 176 324
7712 10884 179 324
7712 10885 180 323
7712 10886 183 323
7712 10887 186 327
7712 10888 187 328
7712 10889 193 325
7712 10890 195 329
7712 10891 196 330
7743 10938 353 338
7743 10939 356 341
7743 10940 360 342
7743 10941 362 342
7743 10942 364 342
7743 10943 368 342
7743 10944 371 344
7743 10945 376 344
7743 10946 380 345
7743 10947 383 343
7743 10948 385 346
7743 10949 388 345
7743 10950 392 345
7743 10951 395 345
7743 10952 399 341
7743 10953 401 344
7743 10954 405 344
7743 10955 409 342
7743 10956 410 345
7743 10957 413 345
7743 10958 417 347
7743 10959 419 347
7743 10960 425 345
7743 10961 427 346
7743 10962 431 347
7743 10963 433 344
7743 10964 434 349
7743 10965 439 347
7743 10966 442 348
7743 10967 444 348
7743 10968 448 348
7743 10969 452 347
7743 10970 454 348
7743 10971 456 348
7743 10972 461 344
7743 10973 464 346
7743 10974 467 345
7743 10975 470 345
7743 10976 473 347
7743 10977 476 345
7743 10978 478 349
7743 10979 481 348
7743 10980 486 348
7743 10981 489 346
7743 10982 492 346
7743 10983 495 346
7743 10984 498 346
7743 10985 501 349
7743 10986 505 349
7743 10987 508 349
7743 10988 512 346
7743 10989 513 351
7743 10990 518 347
7743 10991 522 346
7743 10992 525 347
7743 10993 527 350
7743 10994 528 351
7743 10995 534 348
7743 10996 537 347
7743 10997 539 350
7743 10998 540 351
7743 10999 545 347
7743 11000 548 350
7743 11001 551 351
7743 11002 555 347
7743 11003 557 349
7743 11004 560 347
7743 11005 562 351
7743 11006 566 351
7743 11007 569 347
7743 11008 571 350
7743 11009 573 350
7743 11010 576 350
7743 11011 580 347
7743 11012 583 348
7743 11013 585 347
7743 11014 588 347
7743 11015 590 350
7743 11016 593 348
7743 11017 595 351
7743 11018 599 348
7743 11019 601 351
7743 11020 604 351
7743 11021 607 348
7743 11022 609 348
7743 11023 613 348
7743 11024 615 349
7743 11025 617 353
7743 11026 621 349
7743 11027 624 351
7743 11028 625 348
7743 11029 628 350
7743 11030 631 349
7743 11031 633 352
7743 11032 633 355
7912 11435 162 246
7912 11436 175 250
7912 11437 182 251
7912 11438 187 249
7912 11439 198 249
7912 11440 201 246
7912 11441 204 250
7912 11442 206 249
7912 11443 209 251
7912 11444 220 253
7912 11445 235 253
7912 11446 245 254
7912 11447 256 255
7912 11448 266 256
7912 11449 279 256
7912 11450 289 258
7912 11451 305 258
7912 11452 319 259
7912 11453 328 262
7912 11454 336 263
7927 11445 266 259
7927 11446 277 259
7927 11447 287 259
7927 11448 299 260
7927 11449 314 260
7927 11450 321 262
7927 11451 336 263
7927 11452 345 265
7927 11453 351 252
7927 11454 356 255
7927 11455 348 254
7927 11456 344 252
7927 11457 344 250
7927 11458 342 248
7927 11459 345 250
8099 11689 158 246
8099 11690 161 247
8099 11691 163 248
8099 11692 165 249
8099 11693 167 250
8099 11694 172 252
8099 11695 172 253
8099 11696 173 254
8099 11697 174 255
8099 11698 172 257
8099 11699 173 258
8099 11700 171 260
8099 11701 170 262
8099 11702 168 263
8099 11703 166 266
8099 11704 164 267
8099 11705 161 268
8099 11706 158 270
8099 11707 156 273
8099 11708 153 275
8099 11709 148 281
8099 11710 143 282
8099 11711 139 284
8099 11712 134 285
8099 11713 127 288
8099 11714 121 291
8099 11715 116 293
8099 11716 110 297
8099 11717 102 299
8099 11718 95 303
8099 11719 88 306
8099 11720 82 309
8099 11721 73 312
8099 11722 64 317
8099 11723 57 320
8099 11724 47 325
8099 11725 38 329
8099 11726 31 332
8099 11727 26 336
8099 11728 21 340
8099 11729 15 341
8099 11730 12 344
8099 11731 5 349
8240 11992 3 314
8240 11993 4 315
8240 11994 4 315
8240 11995 8 317
8240 11996 10 316
8240 11997 13 312
8240 11998 15 314
8240 11999 17 315
8240 12000 19 310
8240 12001 21 313
8240 12002 24 315
8240 12003 27 312
8240 12004 30 311
8240 12005 33 314
8240 12006 34 314
8240 12007 37 308
8240 12008 39 312
8240 12009 41 309
8240 12010 43 308
8240 12011 47 308
8240 12012 48 308
8240 12013 51 307
8240 12014 52 306
8240 12015 56 310
8240 12016 58 311
8240 12017 61 306
8240 12018 65 309
8240 12019 67 308
8240 12020 68 306
8240 12021 72 307
8240 12022 73 308
8240 12023 76 305
8240 12024 80 306
8240 12025 81 306
8240 12026 83 304
8240 12027 86 303
8240 12028 89 304
8240 12029 91 307
8240 12030 93 304
8240 12031 97 303
8240 12032 99 302
8240 12033 99 302
8240 12034 103 302
8240 12035 107 301
8240 12036 107 298
8240 12037 109 302
8262 12037 135 276
8262 12038 135 282
8262 12039 133 282
8262 12040 128 283
8262 12041 122 284
8262 12042 117 285
8262 12043 108 287
8262 12044 103 292
8262 12045 99 292
8262 12046 91 295
8262 12047 84 300
8262 12048 80 298
8262 12049 73 303
8262 12050 85 298
8794 12631 110 438
8794 12632 113 434
8794 12633 112 428
8794 12634 116 424
8794 12635 118 422
8794 12636 121 420
8794 12637 124 419
8794 12638 126 417
8794 12639 129 415
8794 12640 133 418
8794 12641 134 413
8794 12642 137 413
8794 12643 140 409
8794 12644 142 406
8794 12645 145 406
8794 12646 148 404
8794 12647 150 406
8794 12648 152 404
8794 12649 154 402
8794 12650 157 405
8794 12651 158 402
8794 12652 161 399
8794 12653 165 399
8794 12654 165 394
8794 12655 166 392
8794 12656 169 391
8794 12657 173 392
8794 12658 175 394
8794 12659 176 392
8794 12660 177 390
8794 12661 181 392
8794 12662 182 386
8794 12663 182 383
8794 12664 182 388
9040 12951 379 261
9040 12952 373 257
9040 12953 365 256
9040 12954 349 255
9040 12955 346 255
9040 12956 341 255
9040 12957 335 254
9040 12958 327 254
9040 12959 322 254
9040 12960 319 253
9040 12961 306 251
9040 12962 300 252
9040 12963 297 252
9040 12964 291 251
9040 12965 286 250
9040 12966 280 251
9040 12967 277 250
9040 12968 272 250
9040 12969 267 251
9040 12970 263 250
9040 12971 260 251
9040 12972 257 251
9040 12973 252 251
9040 12974 250 251
9040 12975 247 252
9040 12976 244 252
9040 12977 242 252
9040 12978 243 250
9040 12979 236 253
9040 12980 239 251
9040 12981 241 252
9040 12982 236 253
9040 12983 227 253
9040 12984 234 253
9052 12984 217 255
9052 12985 222 255
9052 12986 216 255
9052 12987 218 254
9052 12988 218 255
9052 12989 215 255
9052 12990 216 255
9052 12991 217 255
9052 12992 212 256
9052 12993 212 256
9052 12994 210 255
9052 12995 202 258
9052 12996 199 258
9052 12997 198 259
9052 12998 196 259
9052 12999 192 260
9052 13000 186 260
9052 13001 186 262
9052 13002 183 262
9052 13003 182 262
9052 13004 180 263
9052 13005 179 265
9052 13006 178 266
9052 13007 174 267
9052 13008 171 266
9052 13009 170 267
9052 13010 166 269
9052 13011 164 269
9052 13012 160 270
9052 13013 157 272
9052 13014 155 275
9052 13015 150 275
9052 13016 147 275
9052 13017 143 277
9052 13018 141 277
9052 13019 138 279
9052 13020 134 280
9052 13021 131 282
9052 13022 128 283
9052 13023 125 284
9052 13024 124 286
9052 13025 120 288
9052 13026 115 289
9052 13027 113 291
9052 13028 110 292
9052 13029 106 294
9052 13030 101 297
9052 13031 97 299
9052 13032 96 300
9052 13033 92 302
9052 13034 88 304
9052 13035 85 305
9052 13036 81 308
9052 13037 73 311
9052 13038 68 314
9052 13039 61 317
9052 13040 58 319
9052 13041 52 321
9052 13042 47 325
9052 13043 42 327
9052 13044 37 328
9052 13045 31 332
9052 13046 27 334
9052 13047 21 337
9052 13048 21 339
9052 13049 15 341
9052 13050 12 340
9052 13051 8 342
9052 13052 13 342
9059 12993 213 318
9059 12994 212 315
9059 12995 210 317
9059 12996 208 316
9059 12997 206 315
9059 12998 205 319
9059 12999 204 321
9059 13000 203 321
9059 13001 202 313
9059 13002 201 316
9059 13003 199 321
9059 13004 197 323
9059 13005 196 325
9059 13006 194 326
9059 13007 194 328
9059 13008 192 327
9059 13009 190 329
9059 13010 190 331
9059 13011 189 331
9059 13012 185 330
9059 13013 183 328
9059 13014 181 334
9059 13015 183 335
9059 13016 179 333
9059 13017 178 336
9059 13018 176 338
9059 13019 175 343
9059 13020 174 348
9059 13021 172 349
9059 13022 168 349
9059 13023 169 351
9059 13024 170 347
9059 13025 162 345
9059 13026 161 340
9059 13027 158 341
9059 13028 157 340
9059 13029 155 341
9422 13219 165 346
9422 13220 160 348
9422 13221 158 344
9422 13222 159 346
9422 13223 159 343
9422 13224 159 343
9422 13225 161 344
9422 13226 162 346
9422 13227 163 345
9422 13228 166 348
9422 13229 165 345
9422 13230 167 346
9422 13231 168 347
9422 13232 172 350
9422 13233 171 351
9422 13234 175 353
9422 13235 173 350
9422 13236 174 351
9422 13237 176 351
9422 13238 179 351
9422 13239 178 351
9422 13240 180 355
9422 13241 182 352
9422 13242 183 354
9422 13243 185 356
9422 13244 186 357
9422 13245 188 355
9422 13246 190 356
9422 13247 191 354
9422 13248 193 353
9422 13249 195 354
9422 13250 198 360
9422 13251 199 355
9422 13252 202 356
9422 13253 204 358
9422 13254 206 356
9422 13255 208 358
9422 13256 210 357
9422 13257 212 356
9422 13258 216 357
9422 13259 216 357
9422 13260 218 358
9422 13261 221 358
9422 13262 224 363
9422 13263 224 361
9422 13264 227 360
9422 13265 230 365
9422 13266 231 362
9422 13267 234 363
9422 13268 238 363
9422 13269 241 360
9422 13270 242 361
9422 13271 244 361
9422 13272 245 361
9422 13273 247 363
9422 13274 248 362
9422 13275 251 362
9422 13276 253 364
9422 13277 255 363
9422 13278 257 364
9422 13279 259 367
9422 13280 262 363
9422 13281 263 367
9422 13282 265 366
9422 13283 267 369
9422 13284 269 371
9422 13285 270 372
9422 13286 272 371
9422 13287 276 369
9422 13288 277 369
9422 13289 279 370
9422 13290 280 375
9422 13291 282 375
9422 13292 283 374
9422 13293 284 375
9422 13294 286 374
9422 13295 288 373
9422 13296 289 374
9422 13297 291 379
9422 13298 291 378
9422 13299 296 376
9422 13300 297 383
9422 13301 299 381
9422 13302 301 383
9422 13303 302 378
9422 13304 304 381
9422 13305 306 385
9422 13306 306 385
9523 13296 4 434
9523 13297 3 433
9523 13298 5 432
9523 13299 7 432
9523 13300 10 431
9523 13301 12 433
9523 13302 16 432
9523 13303 18 432
9523 13304 21 434
9523 13305 24 434
9523 13306 29 438
9523 13307 29 430
9523 13308 33 433
9523 13309 34 433
9523 13310 38 433
9523 13311 46 439
9523 13312 41 435
9523 13313 45 431
9523 13314 46 437
9523 13315 54 435
9523 13316 53 440
9523 13317 55 436
9523 13318 58 435
9523 13319 61 439
9523 13320 63 440
9523 13321 69 437
9523 13322 69 434
9523 13323 73 439
9523 13324 75 437
9523 13325 81 437
9523 13326 83 434
9523 13327 85 433
9523 13328 91 438
9523 13329 90 439
9523 13330 94 434
9523 13331 96 435
9523 13332 99 444
9523 13333 101 439
9523 13334 104 434
9523 13335 112 435
9523 13336 110 440
9523 13337 113 442
9523 13338 117 434
9523 13339 123 440
9523 13340 123 434
9523 13341 125 435
9523 13342 130 441
9523 13343 135 442
9523 13344 136 436
9523 13345 137 436
9573 13326 633 278
9573 13327 628 277
9573 13328 622 271
9573 13329 618 270
9573 13330 609 269
9573 13331 598 268
9573 13332 588 268
9573 13333 584 267
9573 13334 575 263
9573 13335 566 260
9573 13336 563 253
9599 13340 487 266
9599 13341 483 260
9599 13342 478 259
9599 13343 466 258
9599 13344 450 257
9599 13345 439 258
9599 13346 429 255
9599 13347 416 255
9599 13348 412 253
9599 13349 402 253
9599 13350 386 252
9599 13351 374 251
9599 13352 366 250
9599 13353 372 262
9697 13382 263 436
9697 13383 267 437
9697 13384 271 437
9697 13385 273 441
9697 13386 276 437
9697 13387 279 437
9697 13388 285 437
9697 13389 288 439
9697 13390 289 435
9697 13391 292 435
9697 13392 296 436
9697 13393 299 437
9697 13394 305 440
9697 13395 309 434
9697 13396 311 440
9697 13397 312 438
9697 13398 316 434
9697 13399 320 433
9697 13400 323 433
9697 13401 327 433
9697 13402 333 438
9697 13403 333 434
9697 13404 338 438
9697 13405 339 433
9697 13406 343 436
9697 13407 346 438
9697 13408 350 436
9697 13409 353 436
9697 13410 355 434
9697 13411 359 436
9697 13412 360 431
9697 13413 364 421
9827 13478 205 430
9827 13479 207 433
9827 13480 210 434
9827 13481 213 436
9827 13482 216 435
9827 13483 217 436
9827 13484 221 439
9827 13485 223 441
9827 13486 225 440
9827 13487 230 443
9827 13488 234 445
9827 13489 237 445
9827 13490 240 443
9827 13491 242 445
9827 13492 247 446
9827 13493 252 449
9827 13494 256 449
9827 13495 257 443
9827 13496 263 449
9827 13497 268 450
9827 13498 272 449
9827 13499 275 453
9827 13500 280 455
9827 13501 284 453
9827 13502 289 455
9827 13503 294 458
9827 13504 299 459
9901 13608 5 440
9901 13609 5 437
9901 13610 8 435
9901 13611 14 437
9901 13612 17 436
9901 13613 17 436
9901 13614 22 436
9901 13615 28 435
9901 13616 30 436
9901 13617 31 432
9901 13618 37 435
9901 13619 41 436
9901 13620 43 433
9901 13621 46 434
9901 13622 53 437
9901 13623 55 436
9901 13624 58 435
9901 13625 64 438
9901 13626 69 437
9901 13627 70 437
9901 13628 74 438
9901 13629 82 440
9901 13630 84 439
9901 13631 86 436
9901 13632 92 438
9901 13633 99 441
9901 13634 98 438
9901 13635 102 436
9901 13636 110 438
9901 13637 115 441
9901 13638 115 438
9901 13639 119 438
9901 13640 120 445
9901 13641 123 445
9901 13642 131 450
9923 13640 127 439
9923 13641 129 437
9923 13642 132 434
9923 13643 139 439
9923 13644 144 438
9923 13645 147 439
9923 13646 149 437
9923 13647 157 437
9923 13648 160 437
9923 13649 163 434
9923 13650 169 438
9923 13651 175 437
9923 13652 176 436
9923 13653 180 432
9923 13654 187 435
9923 13655 191 435
9923 13656 195 431
9923 13657 199 435
9923 13658 205 434
9923 13659 207 432
9923 13660 212 432
9923 13661 219 432
9923 13662 222 431
9923 13663 226 429
9923 13664 231 432
9923 13665 236 432
9923 13666 239 429
9923 13667 243 430
9923 13668 250 431
9923 13669 253 431
9923 13670 257 427
9923 13671 262 429
9923 13672 268 429
9923 13673 271 427
9923 13674 275 423
9923 13675 280 427
9923 13676 284 427
9923 13677 289 427
9923 13678 294 428
9923 13679 299 426
9923 13680 303 422
9923 13681 303 424
9923 13682 304 418