138 231 184 251
138 232 170 249
138 233 179 248
138 234 188 249
138 235 194 248
138 236 204 246
138 237 213 253
138 238 222 255
138 239 233 254
138 240 241 254
138 241 250 255
138 242 260 253
138 243 272 257
138 244 284 258
138 245 293 259
138 246 304 258
138 247 315 262
138 248 325 262
138 249 338 265
252 383 635 383
252 384 634 380
252 385 635 376
252 386 632 376
252 387 629 376
252 388 626 376
252 389 625 376
252 390 618 376
252 391 618 376
252 392 616 376
252 393 610 376
252 394 606 376
252 395 605 376
252 396 603 373
252 397 597 376
252 398 594 376
252 399 593 373
252 400 587 376
252 401 584 376
252 402 582 376
252 403 579 374
252 404 573 375
252 405 571 376
252 406 570 376
252 407 564 376
252 408 559 376
252 409 557 376
252 410 556 374
252 411 551 375
252 412 547 375
252 413 545 374
252 414 539 375
252 415 535 375
252 416 530 375
252 417 531 373
252 418 526 375
252 419 523 375
252 420 520 375
252 421 515 375
252 422 510 375
252 423 510 375
252 424 506 373
252 425 500 375
252 426 498 375
252 427 495 375
252 428 490 375
252 429 486 376
252 430 483 375
252 431 480 375
252 432 476 375
252 433 472 375
252 434 470 375
252 435 465 375
252 436 457 375
252 437 445 374
252 438 442 373
252 439 439 373
252 440 433 373
252 441 430 372
252 442 427 370
252 443 420 370
252 444 416 369
252 445 414 367
252 446 411 367
252 447 407 365
252 448 403 364
252 449 400 364
252 450 395 362
252 451 392 361
252 452 387 359
252 453 386 360
252 454 386 364
252 455 382 363
287 465 339 356
287 466 335 363
287 467 334 364
287 468 329 363
287 469 325 363
287 470 323 362
287 471 318 362
287 472 314 362
287 473 311 361
287 474 309 360
287 475 301 361
287 476 300 360
287 477 298 360
287 478 293 359
287 479 288 360
287 480 285 359
287 481 282 359
287 482 279 358
287 483 275 358
287 484 271 358
287 485 266 357
287 486 264 356
287 487 261 357
287 488 257 357
287 489 252 356
287 490 251 356
287 491 248 356
287 492 244 355
287 493 239 355
287 494 236 355
287 495 234 354
287 496 231 353
287 497 228 354
287 498 224 352
287 499 220 351
287 500 214 351
287 501 213 351
287 502 212 349
287 503 209 350
287 504 205 349
287 505 203 349
287 506 198 347
287 507 194 348
287 508 192 348
287 509 190 346
287 510 189 346
287 511 184 345
287 512 183 344
287 513 178 344
287 514 176 344
287 515 173 343
287 516 170 341
287 517 170 342
287 518 166 343
287 519 164 340
287 520 160 340
287 521 159 345
287 522 157 343
287 523 154 344
287 524 153 345
287 525 152 345
287 526 151 346
323 573 582 431
323 574 580 430
323 575 576 431
323 576 572 431
323 577 568 430
323 578 565 430
323 579 561 431
323 580 558 429
323 581 553 428
323 582 549 427
323 583 547 427
323 584 544 425
323 585 537 424
323 586 534 424
323 587 532 420
323 588 528 420
323 589 524 419
323 590 521 417
323 591 518 414
323 592 513 412
323 593 511 411
323 594 508 409
323 595 504 408
323 596 499 409
323 597 498 407
323 598 494 405
323 599 489 405
323 600 488 403
323 601 484 401
323 602 483 400
323 603 478 400
323 604 476 396
323 605 472 395
323 606 469 395
323 607 467 392
323 608 464 390
323 609 461 389
323 610 458 389
323 611 455 387
323 612 453 383
323 613 450 382
323 614 449 380
323 615 445 379
323 616 442 378
323 617 439 378
323 618 437 375
323 619 435 375
323 620 431 373
323 621 429 370
323 622 427 369
323 623 425 368
323 624 421 367
323 625 420 365
323 626 417 365
323 627 418 367
420 631 589 430
420 632 586 430
420 633 585 430
420 634 582 430
420 635 579 429
420 636 576 429
420 637 572 429
420 638 570 429
420 639 567 429
420 640 563 429
420 641 560 430
420 642 558 428
420 643 555 427
420 644 552 427
420 645 548 426
420 646 546 425
420 647 543 424
420 648 538 422
420 649 537 423
420 650 534 421
420 651 531 419
420 652 526 419
420 653 525 419
420 654 523 417
420 655 520 415
420 656 517 415
420 657 514 413
420 658 513 415
420 659 508 409
420 660 505 409
420 661 503 409
420 662 502 408
420 663 499 406
420 664 495 404
420 665 494 404
420 666 491 403
420 667 486 402
420 668 484 401
420 669 483 400
420 670 480 395
423 632 335 259
423 633 344 259
423 634 349 259
423 635 362 260
423 636 372 262
423 637 383 262
423 638 391 264
423 639 400 264
423 640 411 265
423 641 422 266
423 642 431 266
423 643 440 267
423 644 451 267
423 645 462 270
423 646 465 270
423 647 470 271
436 640 497 345
436 641 493 341
436 642 492 340
436 643 491 340
436 644 490 338
436 645 486 339
436 646 485 339
436 647 484 336
436 648 481 339
436 649 480 335
436 650 477 338
436 651 476 339
436 652 474 338
436 653 470 339
436 654 469 338
436 655 467 337
436 656 464 335
436 657 460 338
436 658 459 335
436 659 454 333
436 660 449 335
436 661 446 330
436 662 444 330
436 663 442 328
436 664 436 327
436 665 434 325
436 666 432 324
436 667 428 326
436 668 427 326
436 669 425 323
436 670 423 319
459 658 453 263
459 659 452 265
459 660 435 262
459 661 420 261
459 662 408 258
459 663 395 259
459 664 381 258
459 665 366 257
459 666 352 255
459 667 338 254
459 668 327 253
459 669 317 256
465 660 342 328
465 661 341 327
465 662 338 326
465 663 338 326
465 664 336 325
465 665 332 323
465 666 330 323
465 667 331 322
465 668 329 322
465 669 327 320
465 670 326 319
465 671 323 319
465 672 321 318
465 673 319 317
465 674 318 317
465 675 316 317
465 676 314 315
465 677 312 315
465 678 310 313
465 679 308 312
465 680 307 311
465 681 304 311
465 682 303 310
465 683 302 309
465 684 300 309
465 685 298 308
465 686 296 307
465 687 293 306
465 688 292 306
465 689 291 305
465 690 288 304
465 691 288 304
465 692 284 304
465 693 283 303
465 694 281 303
465 695 279 302
465 696 277 301
465 697 275 301
465 698 273 302
465 699 271 300
465 700 269 299
465 701 268 299
465 702 266 299
465 703 264 298
465 704 263 297
465 705 260 297
465 706 259 296
465 707 256 296
465 708 254 296
465 709 253 295
465 710 251 294
465 711 249 294
465 712 248 294
465 713 246 296
465 714 243 295
465 715 241 295
465 716 239 295
465 717 236 297
465 718 235 297
465 719 234 298
465 720 231 297
489 690 436 376
489 691 434 374
489 692 431 373
489 693 429 369
489 694 426 371
489 695 424 368
489 696 424 366
489 697 423 367
489 698 419 365
489 699 417 365
489 700 415 364
489 701 411 362
489 702 409 362
489 703 408 361
489 704 406 362
489 705 405 360
489 706 403 357
489 707 401 357
489 708 398 355
489 709 395 353
489 710 394 354
489 711 392 354
489 712 392 351
489 713 390 350
489 714 389 350
489 715 387 350
489 716 384 352
489 717 382 349
489 718 380 348
489 719 380 347
489 720 378 346
489 721 376 345
489 722 374 345
489 723 372 345
489 724 369 342
489 725 367 343
489 726 366 342
489 727 365 340
489 728 363 339
489 729 362 338
489 730 360 340
489 731 358 338
489 732 356 335
489 733 355 336
489 734 353 333
489 735 352 334
489 736 351 332
489 737 348 332
489 738 347 331
489 739 345 330
489 740 344 330
489 741 342 329
489 742 340 329
489 743 340 325
489 744 339 325
489 745 336 325
489 746 335 323
489 747 333 325
489 748 331 322
489 749 329 322
489 750 328 321
489 751 326 321
489 752 326 319
489 753 323 319
489 754 322 318
489 755 321 318
489 756 320 318
489 757 318 316
489 758 316 316
489 759 315 315
489 760 313 316
489 761 312 314
489 762 309 313
489 763 309 311
489 764 307 312
489 765 307 312
489 766 305 310
489 767 304 309
489 768 303 309
489 769 301 308
489 770 300 308
489 771 297 307
489 772 297 307
489 773 296 306
489 774 295 306
489 775 292 305
489 776 291 305
489 777 290 304
489 778 288 304
489 779 287 304
489 780 285 303
489 781 285 303
489 782 282 302
489 783 282 302
489 784 281 302
489 785 279 301
489 786 277 300
489 787 275 301
489 788 273 300
489 789 272 299
489 790 271 299
489 791 269 298
489 792 267 299
489 793 266 298
489 794 264 297
489 795 262 297
489 796 261 296
489 797 259 296
489 798 258 295
489 799 256 295
489 800 254 295
489 801 254 295
489 802 250 294
489 803 249 294
489 804 248 293
489 805 246 293
489 806 244 296
506 701 410 394
506 702 416 390
506 703 418 394
506 704 414 394
506 705 409 393
506 706 405 394
506 707 405 393
506 708 403 392
506 709 399 390
506 710 396 394
506 711 393 395
506 712 391 394
506 713 389 395
506 714 384 396
506 715 382 397
506 716 379 397
506 717 378 398
506 718 375 399
506 719 368 399
506 720 368 400
506 721 366 399
506 722 363 400
506 723 356 401
506 724 355 402
506 725 353 402
506 726 350 403
506 727 346 404
506 728 343 404
506 729 339 405
506 730 336 402
506 731 333 406
506 732 327 406
506 733 326 407
506 734 324 407
506 735 321 408
506 736 314 409
506 737 312 409
506 738 312 407
506 739 308 409
506 740 301 410
506 741 298 410
506 742 298 410
506 743 295 411
506 744 289 411
506 745 285 411
506 746 282 412
506 747 280 411
506 748 278 412
506 749 271 412
506 750 268 412
506 751 265 413
506 752 257 414
506 753 255 414
506 754 253 414
506 755 255 413
506 756 250 412
506 757 243 415
506 758 241 414
506 759 239 415
506 760 234 415
506 761 230 417
506 762 226 417
506 763 221 416
506 764 221 415
506 765 219 416
506 766 212 416
506 767 208 416
506 768 207 417
506 769 206 419
506 770 198 418
506 771 194 418
506 772 194 418
506 773 191 416
506 774 185 416
506 775 182 417
506 776 180 419
506 777 174 418
506 778 172 419
506 779 168 420
506 780 165 420
506 781 160 418
506 782 157 420
506 783 161 417
601 783 149 424
601 784 151 420
601 785 147 420
601 786 146 421
601 787 142 422
601 788 134 423
601 789 133 422
601 790 132 421
601 791 126 423
601 792 122 423
601 793 120 424
601 794 115 424
601 795 113 424
601 796 110 425
601 797 106 426
601 798 101 425
601 799 100 423
601 800 96 426
601 801 91 425
601 802 89 425
601 803 87 426
601 804 82 427
601 805 76 427
601 806 75 427
601 807 73 426
601 808 67 427
601 809 64 426
601 810 62 428
601 811 59 426
601 812 54 427
601 813 52 427
601 814 46 428
601 815 43 427
601 816 40 427
601 817 38 427
601 818 33 428
601 819 31 428
601 820 30 427
601 821 24 427
601 822 20 427
601 823 18 428
601 824 13 430
601 825 8 428
601 826 5 421
601 827 4 419
601 828 3 419
601 829 6 423
601 830 6 432
601 831 3 431
641 828 343 258
641 829 356 259
641 830 368 260
641 831 379 261
641 832 393 263
641 833 406 263
641 834 418 265
641 835 429 266
641 836 449 267
641 837 463 267
641 838 469 268
641 839 472 271
641 840 482 272
685 897 385 466
685 898 381 461
685 899 385 460
685 900 387 460
685 901 389 459
685 902 394 459
685 903 400 458
685 904 402 458
685 905 401 457
685 906 403 456
685 907 407 455
685 908 410 452
685 909 413 453
685 910 419 450
685 911 419 452
685 912 423 448
685 913 425 448
685 914 425 447
685 915 429 445
685 916 431 441
685 917 434 443
685 918 437 440
685 919 441 441
685 920 444 441
685 921 446 439
685 922 447 437
685 923 448 437
685 924 450 436
685 925 454 434
685 926 458 432
685 927 460 432
685 928 464 432
685 929 464 428
685 930 467 428
685 931 465 426
685 932 463 423
685 933 462 426
876 1053 202 248
876 1054 201 249
876 1055 199 249
876 1056 196 249
876 1057 193 249
876 1058 188 257
876 1059 186 259
876 1060 184 260
876 1061 180 262
876 1062 178 261
876 1063 175 263
876 1064 173 264
876 1065 171 265
876 1066 169 267
876 1067 166 269
876 1068 164 269
876 1069 161 272
876 1070 160 272
876 1071 155 274
876 1072 155 275
876 1073 152 276
876 1074 150 278
876 1075 147 279
876 1076 143 281
876 1077 143 282
876 1078 138 283
876 1079 136 284
876 1080 132 287
876 1081 130 287
876 1082 128 289
876 1083 127 292
876 1084 121 292
876 1085 120 294
876 1086 114 296
876 1087 114 299
876 1088 110 300
876 1089 107 302
876 1090 103 303
876 1091 99 306
876 1092 96 307
876 1093 93 309
876 1094 89 313
876 1095 84 314
876 1096 79 316
876 1097 77 319
876 1098 72 320
876 1099 68 322
876 1100 63 324
876 1101 58 327
876 1102 52 328
876 1103 50 330
876 1104 31 341
876 1105 28 329
876 1106 21 336
876 1107 10 340
886 1060 109 287
886 1061 105 290
886 1062 99 292
886 1063 98 293
886 1064 94 294
886 1065 91 296
886 1066 87 298
886 1067 82 301
886 1068 80 303
886 1069 75 304
886 1070 74 312
886 1071 67 309
886 1072 61 312
886 1073 56 314
886 1074 53 323
886 1075 47 323
886 1076 39 322
886 1077 34 324
886 1078 32 332
886 1079 26 335
888 1062 86 315
888 1063 81 315
888 1064 80 317
888 1065 73 321
888 1066 74 321
888 1067 63 324
888 1068 59 327
888 1069 55 329
888 1070 48 332
888 1071 43 334
888 1072 39 337
888 1073 33 339
888 1074 28 342
888 1075 22 344
888 1076 23 337
928 1083 269 305
928 1084 269 301
928 1085 272 301
928 1086 272 301
928 1087 274 301
928 1088 273 302
928 1089 276 301
928 1090 277 302
928 1091 278 303
928 1092 280 302
928 1093 280 303
928 1094 281 304
928 1095 283 304
928 1096 283 304
928 1097 285 304
928 1098 287 305
928 1099 288 304
928 1100 289 305
928 1101 289 306
928 1102 291 306
928 1103 291 307
928 1104 294 309
928 1105 299 310
928 1106 304 313
928 1107 309 314
928 1108 311 316
928 1109 314 316
928 1110 316 318
928 1111 320 318
928 1112 322 318
928 1113 323 320
928 1114 324 321
928 1115 326 321
928 1116 327 323
928 1117 328 323
928 1118 330 323
928 1119 331 325
928 1120 331 323
928 1121 333 324
928 1122 334 325
928 1123 336 325
928 1124 336 326
928 1125 338 327
928 1126 339 329
928 1127 340 330
928 1128 341 329
928 1129 342 330
928 1130 344 330
928 1131 345 331
928 1132 346 332
928 1133 347 332
928 1134 348 332
928 1135 350 331
928 1136 351 333
928 1137 354 335
928 1138 353 335
928 1139 353 335
928 1140 355 335
928 1141 356 334
928 1142 358 336
928 1143 358 338
928 1144 359 339
928 1145 361 337
928 1146 362 338
928 1147 363 340
928 1148 364 341
928 1149 366 342
928 1150 366 341
928 1151 367 341
928 1152 371 340
928 1153 371 344
928 1154 372 344
928 1155 372 344
928 1156 374 344
928 1157 376 345
928 1158 377 346
928 1159 379 347
928 1160 379 348
928 1161 381 347
928 1162 383 347
928 1163 385 348
928 1164 385 348
928 1165 387 349
928 1166 388 349
928 1167 390 349
928 1168 391 350
928 1169 392 351
928 1170 394 352
928 1171 394 352
928 1172 396 353
928 1173 399 351
928 1174 400 353
928 1175 400 355
928 1176 402 356
928 1177 402 355
928 1178 404 356
928 1179 405 357
928 1180 408 358
928 1181 409 359
928 1182 408 359
928 1183 411 358
928 1184 414 358
928 1185 415 362
928 1186 416 363
928 1187 416 363
928 1188 417 362
928 1189 420 363
928 1190 421 365
928 1191 422 366
928 1192 423 366
928 1193 424 366
928 1194 427 366
928 1195 429 368
928 1196 430 372
928 1197 430 371
928 1198 433 370
928 1199 435 371
928 1200 435 372
928 1201 436 374
928 1202 436 375
928 1203 437 375
928 1204 442 375
928 1205 442 374
928 1206 442 377
928 1207 443 378
928 1208 445 379
928 1209 446 379
928 1210 444 378
993 1116 429 374
993 1117 432 372
993 1118 434 373
993 1119 436 372
993 1120 438 374
993 1121 439 373
993 1122 440 375
993 1123 442 378
993 1124 443 377
993 1125 445 378
993 1126 446 379
993 1127 448 382
993 1128 450 380
993 1129 452 381
993 1130 453 388
993 1131 455 383
993 1132 456 386
993 1133 459 384
993 1134 460 386
993 1135 462 389
993 1136 464 389
993 1137 468 390
993 1138 469 390
993 1139 470 390
993 1140 473 392
993 1141 475 394
993 1142 476 394
993 1143 478 395
993 1144 480 396
993 1145 483 398
993 1146 485 400
993 1147 487 398
993 1148 489 398
993 1149 491 403
993 1150 493 404
993 1151 494 404
993 1152 497 402
1013 1142 480 455
1013 1143 479 457
1013 1144 475 456
1013 1145 471 458
1013 1146 466 458
1013 1147 462 462
1013 1148 459 461
1013 1149 456 463
1013 1150 451 463
1013 1151 449 464
1013 1152 444 466
1013 1153 439 465
1013 1154 438 466
1013 1155 433 467
1013 1156 429 468
1013 1157 422 467
1013 1158 421 468
1013 1159 414 469
1013 1160 411 469
1013 1161 408 469
1013 1162 402 470
1013 1163 397 471
1013 1164 394 471
1013 1165 390 471
1013 1166 385 472
1013 1167 380 472
1013 1168 375 472
1013 1169 371 473
1013 1170 365 474
1013 1171 361 474
1013 1172 354 475
1013 1173 351 476
1016 1151 240 250
1016 1152 242 250
1016 1153 245 248
1016 1154 246 249
1016 1155 252 250
1016 1156 258 250
1016 1157 265 250
1016 1158 273 251
1016 1159 281 252
1016 1160 289 252
1016 1161 296 254
1016 1162 304 254
1016 1163 313 255
1016 1164 321 256
1016 1165 329 256
1016 1166 339 257
1016 1167 350 258
1016 1168 359 258
1016 1169 368 260
1016 1170 379 261
1016 1171 391 262
1016 1172 401 263
1016 1173 411 264
1016 1174 421 264
1016 1175 432 266
1016 1176 443 266
1016 1177 453 268
1016 1178 463 269
1016 1179 472 270
1016 1180 476 270
1016 1181 480 271
1016 1182 485 271
1017 1152 495 410
1017 1153 499 407
1017 1154 501 405
1017 1155 503 406
1017 1156 506 409
1017 1157 508 408
1017 1158 509 409
1017 1159 511 410
1017 1160 512 410
1017 1161 514 412
1017 1162 517 413
1017 1163 518 415
1017 1164 520 415
1017 1165 523 417
1017 1166 525 417
1017 1167 528 417
1017 1168 529 419
1017 1169 531 420
1017 1170 534 423
1017 1171 536 423
1017 1172 540 424
1017 1173 541 424
1017 1174 544 426
1017 1175 546 427
1017 1176 549 426
1017 1177 551 426
1017 1178 553 428
1017 1179 555 434
1017 1180 558 430
1017 1181 560 430
1017 1182 561 436
1017 1183 565 438
1017 1184 564 440
1017 1185 567 438
1017 1186 569 439
1017 1187 569 447
1017 1188 573 448
1017 1189 568 451
1035 1210 449 380
1035 1211 449 381
1035 1212 451 383
1035 1213 452 382
1035 1214 453 382
1035 1215 456 384
1035 1216 457 387
1035 1217 459 388
1035 1218 459 388
1035 1219 460 388
1035 1220 463 387
1035 1221 464 390
1035 1222 466 392
1035 1223 466 393
1035 1224 469 392
1035 1225 472 392
1035 1226 473 396
1035 1227 475 395
1035 1228 477 398
1035 1229 477 397
1035 1230 480 396
1035 1231 482 399
1035 1232 482 400
1035 1233 484 401
1035 1234 484 401
1035 1235 490 399
1035 1236 490 402
1035 1237 491 404
1035 1238 492 406
1035 1239 494 406
1035 1240 496 406
1035 1241 497 407
1035 1242 498 409
1035 1243 499 409
1035 1244 500 409
1035 1245 506 408
1035 1246 506 410
1035 1247 508 412
1035 1248 508 413
1035 1249 509 413
1035 1250 511 413
1035 1251 514 413
1035 1252 515 416
1035 1253 516 418
1035 1254 517 418
1035 1255 519 419
1035 1256 523 417
1035 1257 522 420
1035 1258 526 422
1035 1259 527 424
1035 1260 529 423
1035 1261 530 423
1035 1262 533 425
1035 1263 536 426
1035 1264 536 428
1035 1265 538 427
1035 1266 544 427
1035 1267 545 427
1035 1268 547 429
1035 1269 549 430
1035 1270 552 431
1035 1271 554 431
1035 1272 557 431
1035 1273 558 432
1035 1274 561 434
1035 1275 564 431
1035 1276 568 433
1035 1277 564 437
1035 1278 569 442
1035 1279 570 436
1036 1210 232 250
1036 1211 236 249
1036 1212 247 249
1036 1213 252 250
1036 1214 255 251
1036 1215 263 252
1036 1216 274 252
1036 1217 285 253
1036 1218 295 254
1036 1219 303 254
1036 1220 315 254
1036 1221 327 256
1036 1222 338 257
1036 1223 347 258
1036 1224 357 258
1036 1225 369 260
1036 1226 381 261
1036 1227 391 261
1036 1228 400 262
1036 1229 392 269
1306 1439 228 297
1306 1440 228 298
1306 1441 234 297
1306 1442 234 299
1306 1443 236 298
1306 1444 237 298
1306 1445 239 295
1306 1446 241 295
1306 1447 243 296
1306 1448 244 294
1306 1449 246 295
1306 1450 247 296
1306 1451 250 296
1306 1452 251 296
1306 1453 252 296
1306 1454 254 296
1306 1455 256 298
1306 1456 257 299
1306 1457 260 297
1306 1458 262 298
1306 1459 264 299
1306 1460 267 299
1306 1461 267 300
1306 1462 270 301
1306 1463 271 301
1306 1464 272 302
1306 1465 275 301
1306 1466 276 302
1306 1467 278 304
1306 1468 279 303
1306 1469 281 305
1306 1470 283 305
1306 1471 283 305
1306 1472 286 306
1306 1473 288 305
1306 1474 290 306
1306 1475 292 309
1306 1476 292 309
1306 1477 294 309
1306 1478 296 308
1306 1479 298 309
1306 1480 298 310
1306 1481 300 311
1306 1482 303 311
1306 1483 304 311
1306 1484 305 314
1306 1485 306 315
1306 1486 308 315
1306 1487 310 317
1306 1488 311 316
1306 1489 312 316
1306 1490 315 317
1306 1491 316 317
1306 1492 317 320
1306 1493 318 320
1306 1494 321 320
1306 1495 321 321
1306 1496 324 322
1306 1497 326 321
1306 1498 328 324
1306 1499 329 323
1306 1500 332 325
1306 1501 331 326
1306 1502 333 326
1306 1503 334 327
1306 1504 336 328
1306 1505 339 328
1306 1506 341 330
1306 1507 342 331
1306 1508 344 332
1306 1509 342 334
1420 1540 326 320
1420 1541 327 321
1420 1542 324 321
1420 1543 323 320
1420 1544 323 319
1420 1545 321 319
1420 1546 321 319
1420 1547 320 320
1420 1548 318 317
1420 1549 317 318
1420 1550 316 317
1420 1551 315 316
1420 1552 313 316
1420 1553 313 315
1420 1554 312 315
1420 1555 311 313
1420 1556 310 313
1420 1557 309 313
1420 1558 307 313
1420 1559 306 312
1420 1560 304 311
1420 1561 303 311
1420 1562 302 311
1420 1563 300 309
1420 1564 299 309
1420 1565 297 309
1420 1566 296 309
1420 1567 296 309
1420 1568 294 308
1420 1569 293 307
1420 1570 291 309
1420 1571 290 306
1420 1572 289 306
1420 1573 288 306
1420 1574 285 306
1420 1575 284 304
1420 1576 283 304
1420 1577 281 303
1420 1578 280 303
1420 1579 278 304
1420 1580 278 303
1420 1581 276 303
1420 1582 275 303
1420 1583 273 302
1420 1584 273 302
1420 1585 271 301
1420 1586 270 301
1420 1587 269 301
1420 1588 267 300
1420 1589 266 300
1420 1590 266 300
1420 1591 264 299
1420 1592 262 298
1420 1593 262 299
1420 1594 259 298
1420 1595 258 298
1420 1596 258 297
1420 1597 257 298
1420 1598 255 297
1420 1599 255 297
1420 1600 253 296
1420 1601 251 296
1420 1602 251 296
1420 1603 249 295
1420 1604 249 295
1420 1605 247 296
1420 1606 246 295
1420 1607 245 295
1420 1608 243 294
1420 1609 240 295
1420 1610 241 295
1420 1611 239 296
1420 1612 238 295
1420 1613 236 294
1423 1541 413 365
1423 1542 414 369
1423 1543 415 368
1423 1544 417 368
1423 1545 422 368
1423 1546 423 370
1423 1547 424 372
1423 1548 426 373
1423 1549 429 373
1423 1550 430 375
1423 1551 434 376
1423 1552 433 378
1423 1553 438 379
1423 1554 440 381
1423 1555 442 382
1423 1556 445 382
1423 1557 447 383
1423 1558 449 388
1423 1559 453 388
1423 1560 453 388
1423 1561 458 389
1423 1562 462 393
1423 1563 463 392
1423 1564 465 393
1423 1565 468 398
1423 1566 470 399
1423 1567 470 397
1448 1567 471 395
1448 1568 477 397
1448 1569 480 402
1448 1570 483 402
1448 1571 483 403
1448 1572 487 404
1448 1573 489 406
1448 1574 492 408
1448 1575 495 409
1448 1576 498 408
1448 1577 501 410
1448 1578 504 411
1448 1579 506 412
1448 1580 509 413
1448 1581 512 415
1448 1582 514 419
1448 1583 519 420
1448 1584 519 419
1448 1585 525 423
1448 1586 527 424
1448 1587 529 425
1448 1588 534 424
1448 1589 536 427
1448 1590 539 428
1448 1591 543 428
1448 1592 543 429
1448 1593 549 431
1448 1594 554 436
1448 1595 559 433
1448 1596 563 433
1448 1597 561 434
1450 1568 446 276
1450 1569 446 266
1450 1570 428 262
1450 1571 418 261
1450 1572 407 260
1450 1573 395 258
1450 1574 383 258
1450 1575 374 257
1450 1576 364 256
1453 1572 168 345
1453 1573 172 344
1453 1574 173 344
1453 1575 175 343
1453 1576 178 344
1453 1577 180 345
1453 1578 181 345
1453 1579 182 346
1453 1580 185 345
1453 1581 187 349
1453 1582 189 350
1453 1583 189 350
1453 1584 190 351
1453 1585 193 352
1453 1586 194 351
1453 1587 196 352
1453 1588 198 352
1453 1589 201 356
1453 1590 201 357
1453 1591 202 357
1453 1592 204 358
1453 1593 206 359
1453 1594 206 358
1453 1595 211 362
1453 1596 212 363
1453 1597 214 363
1453 1598 214 362
1453 1599 216 364
1453 1600 219 366
1453 1601 220 366
1453 1602 221 366
1453 1603 223 368
1453 1604 227 369
1453 1605 226 370
1453 1606 230 371
1453 1607 231 371
1453 1608 233 373
1453 1609 235 375
1453 1610 236 374
1453 1611 239 373
1453 1612 242 378
1453 1613 243 379
1453 1614 245 377
1453 1615 247 379
1453 1616 250 382
1453 1617 251 383
1453 1618 253 383
1453 1619 255 381
1453 1620 259 386
1453 1621 260 387
1453 1622 261 387
1453 1623 263 389
1453 1624 267 390
1453 1625 267 389
1453 1626 270 391
1453 1627 274 394
1453 1628 276 395
1453 1629 278 397
1453 1630 279 394
1453 1631 282 398
1453 1632 285 399
1453 1633 286 400
1453 1634 288 400
1453 1635 293 403
1453 1636 296 405
1453 1637 296 404
1453 1638 298 405
1453 1639 303 407
1453 1640 305 409
1453 1641 306 408
1453 1642 311 408
1453 1643 315 412
1453 1644 318 414
1453 1645 320 413
1453 1646 320 415
1453 1647 326 416
1453 1648 327 418
1453 1649 331 417
1453 1650 335 417
1453 1651 338 422
1453 1652 341 424
1453 1653 344 422
1453 1654 346 424
1453 1655 352 426
1453 1656 353 427
1453 1657 358 427
1453 1658 361 430
1453 1659 364 432
1453 1660 366 433
1453 1661 369 432
1453 1662 375 434
1453 1663 376 436
1453 1664 377 435
1453 1665 382 437
1453 1666 386 441
1453 1667 389 443
1453 1668 391 440
1453 1669 393 442
1453 1670 396 445
1453 1671 398 447
1453 1672 402 447
1453 1673 406 449
1453 1674 409 452
1453 1675 412 453
1453 1676 414 452
1453 1677 417 456
1453 1678 420 458
1453 1679 421 460
1453 1680 426 459
1453 1681 431 460
1453 1682 435 461
1453 1683 436 463
1453 1684 439 463
1453 1685 443 462
1453 1686 447 462
1453 1687 450 463
1453 1688 454 466
1453 1689 458 465
1453 1690 461 466
1453 1691 466 469
1453 1692 466 471
1471 1597 566 433
1471 1598 566 433
1471 1599 572 433
1471 1600 570 441
1471 1601 576 439
1471 1602 579 444
1471 1603 582 446
1471 1604 583 448
1471 1605 588 449
1471 1606 591 453
1471 1607 596 453
1471 1608 595 454
1471 1609 603 455
1471 1610 606 458
1471 1611 605 459
1471 1612 613 459
1471 1613 616 461
1471 1614 617 465
1471 1615 618 465
1471 1616 624 465
1471 1617 631 466
1471 1618 632 468
1471 1619 634 470
1626 1761 431 263
1626 1762 422 262
1626 1763 411 261
1626 1764 400 260
1626 1765 389 259
1626 1766 380 257
1626 1767 372 258
1626 1768 361 263
1626 1769 351 256
1626 1770 343 255
1626 1771 334 254
1626 1772 326 253
1626 1773 315 253
1626 1774 306 251
1626 1775 298 250
1626 1776 291 250
1626 1777 287 250
1854 1949 297 323
1854 1950 296 328
1854 1951 298 321
1854 1952 298 322
1854 1953 297 327
1854 1954 296 325
1854 1955 295 327
1854 1956 294 328
1854 1957 293 325
1854 1958 291 329
1854 1959 291 327
1854 1960 290 329
1854 1961 289 329
1854 1962 296 329
1854 1963 290 330
1854 1964 287 330
1854 1965 286 330
1854 1966 285 332
1854 1967 282 335
1854 1968 282 334
1854 1969 281 335
1854 1970 279 335
1854 1971 278 332
1854 1972 278 338
1854 1973 277 339
1854 1974 275 338
1854 1975 274 339
1854 1976 272 340
1854 1977 271 342
1854 1978 270 343
1854 1979 268 344
1854 1980 267 344
1854 1981 266 345
1854 1982 264 347
1854 1983 263 347
1854 1984 261 347
1854 1985 258 349
1854 1986 258 348
1854 1987 256 350
1854 1988 255 351
1854 1989 254 352
1854 1990 252 353
1854 1991 249 351
1854 1992 247 354
1854 1993 247 356
1854 1994 245 355
1854 1995 243 355
1854 1996 242 358
1854 1997 241 354
1854 1998 239 360
1854 1999 238 359
1854 2000 237 362
1854 2001 234 364
1854 2002 233 365
1854 2003 233 364
1854 2004 233 365
1854 2005 231 364
1854 2006 229 368
1854 2007 227 371
1854 2008 226 368
1854 2009 225 370
1854 2010 224 366
1886 2003 252 360
1886 2004 253 360
1886 2005 250 366
1886 2006 250 370
1886 2007 248 371
1886 2008 247 371
1886 2009 246 372
1886 2010 243 373
1886 2011 242 374
1886 2012 240 376
1886 2013 238 377
1886 2014 237 377
1886 2015 235 380
1886 2016 233 380
1886 2017 232 380
1886 2018 229 382
1886 2019 228 383
1886 2020 226 385
1886 2021 226 385
1886 2022 225 385
1886 2023 223 388
1886 2024 221 388
1886 2025 217 389
1886 2026 216 391
1886 2027 213 392
1886 2028 212 393
1886 2029 211 394
1886 2030 208 395
1886 2031 207 397
1886 2032 207 398
1886 2033 203 399
1886 2034 201 401
1886 2035 200 403
1886 2036 199 403
1886 2037 197 404
1886 2038 194 406
1886 2039 192 407
1886 2040 190 408
1886 2041 187 409
1886 2042 184 411
1886 2043 184 413
1886 2044 182 413
1886 2045 179 413
1886 2046 176 416
1886 2047 174 417
1886 2048 169 420
1886 2049 168 424
1886 2050 166 421
1886 2051 164 423
1886 2052 162 422
1886 2053 159 424
1886 2054 158 426
1886 2055 155 426
1886 2056 152 427
1886 2057 150 430
1886 2058 149 431
1886 2059 147 432
1886 2060 144 432
1886 2061 143 434
1886 2062 142 435
1886 2063 140 438
1886 2064 137 437
1886 2065 135 436
1886 2066 133 442
1886 2067 132 444
1886 2068 130 443
1886 2069 127 446
1886 2070 125 447
1886 2071 125 448
1886 2072 122 449
1886 2073 119 451
1886 2074 116 455
1886 2075 114 455
1886 2076 111 454
1886 2077 107 457
1886 2078 104 459
1886 2079 103 461
1886 2080 100 461
1886 2081 95 462
1886 2082 92 463
1886 2083 82 465
1886 2084 77 467
1886 2085 70 468
1886 2086 69 472
1889 2010 223 379
1889 2011 222 375
1889 2012 221 373
1889 2013 220 371
1889 2014 218 377
1889 2015 217 379
1889 2016 214 378
1889 2017 212 379
1889 2018 210 381
1889 2019 207 382
1889 2020 208 383
1889 2021 207 382
1889 2022 205 382
1889 2023 203 387
1889 2024 201 388
1889 2025 199 387
1889 2026 197 389
1889 2027 193 390
1889 2028 191 393
1889 2029 189 392
1889 2030 187 394
1889 2031 186 396
1889 2032 185 397
1889 2033 183 399
1889 2034 181 398
1889 2035 178 401
1889 2036 175 401
1889 2037 175 403
1889 2038 171 401
1889 2039 168 406
1889 2040 167 407
1889 2041 164 407
1889 2042 162 406
1889 2043 159 409
1889 2044 157 412
1889 2045 156 414
1889 2046 154 412
1889 2047 151 414
1889 2048 148 417
1889 2049 146 419
1889 2050 144 420
1889 2051 142 418
1889 2052 139 421
1889 2053 138 423
1889 2054 137 424
1889 2055 134 424
1889 2056 131 427
1889 2057 129 429
1889 2058 128 431
1889 2059 124 430
1889 2060 120 431
1889 2061 117 434
1889 2062 116 435
1889 2063 114 437
1889 2064 111 436
1889 2065 109 438
1889 2066 106 440
1889 2067 104 441
1889 2068 100 439
1889 2069 97 445
1889 2070 94 447
1889 2071 94 448
1889 2072 89 446
1889 2073 85 447
1889 2074 83 452
1889 2075 81 453
1889 2076 79 451
1889 2077 74 455
1889 2078 73 458
1889 2079 72 460
1889 2080 69 458
1889 2081 65 458
1889 2082 61 463
1889 2083 54 464
1889 2084 51 466
1889 2085 44 468
1889 2086 42 469
1889 2087 38 469
1889 2088 34 471
1889 2089 32 472
1889 2090 25 472
1889 2091 22 474
1889 2092 18 474
1889 2093 15 476
1931 2035 60 398
1931 2036 64 398
1931 2037 64 392
1931 2038 65 392
1931 2039 65 394
1931 2040 69 394
1931 2041 71 393
1931 2042 75 391
1931 2043 75 391
1931 2044 77 390
1931 2045 79 389
1931 2046 83 391
1931 2047 86 391
1931 2048 88 391
1931 2049 89 390
1931 2050 91 391
1931 2051 95 392
1931 2052 96 392
1931 2053 97 392
1931 2054 98 390
1931 2055 102 393
1931 2056 106 393
1931 2057 106 393
1931 2058 107 393
1931 2059 110 393
1931 2060 114 394
1931 2061 116 394
1931 2062 116 393
1931 2063 118 394
1931 2064 122 395
1931 2065 125 395
1931 2066 126 394
1931 2067 127 394
1931 2068 129 395
1931 2069 133 396
1931 2070 136 396
1931 2071 135 396
1931 2072 137 396
1931 2073 139 397
1931 2074 143 397
1931 2075 145 398
1931 2076 147 396
1931 2077 149 397
1931 2078 151 397
1931 2079 154 398
1931 2080 155 398
1931 2081 158 398
1931 2082 162 399
1931 2083 168 401
1931 2084 175 401
1931 2085 178 402
1931 2086 180 402
1931 2087 185 404
1931 2088 189 403
1931 2089 191 403
1931 2090 195 405
1931 2091 199 405
1931 2092 200 405
1931 2093 206 405
1931 2094 209 406
1931 2095 212 406
1931 2096 215 406
1931 2097 216 406
1931 2098 221 407
1931 2099 221 406
1931 2100 224 404
1931 2101 226 408
1931 2102 230 408
1931 2103 231 410
1931 2104 233 409
1931 2105 236 407
1931 2106 238 410
1931 2107 241 410
1931 2108 242 410
1931 2109 246 410
1931 2110 247 412
1931 2111 250 413
1931 2112 253 412
1931 2113 256 413
1931 2114 258 413
1931 2115 259 414
1931 2116 261 413
1931 2117 264 414
1931 2118 267 415
1931 2119 271 415
1931 2120 271 415
1931 2121 274 415
1931 2122 283 416
1931 2123 282 416
1931 2124 287 416
1931 2125 294 416
1931 2126 298 416
1931 2127 300 416
1931 2128 305 416
1931 2129 307 416
1931 2130 311 417
1931 2131 316 416
1931 2132 319 416
1931 2133 322 416
1931 2134 324 414
1931 2135 328 416
1931 2136 331 417
1931 2137 333 415
1931 2138 338 416
1931 2139 343 415
1931 2140 344 416
1931 2141 345 416
1931 2142 349 416
1931 2143 353 416
1931 2144 355 416
1931 2145 356 417
1931 2146 360 416
1931 2147 364 417
1931 2148 368 417
1931 2149 368 417
1931 2150 370 417
1931 2151 371 422
2029 2151 376 417
2029 2152 377 417
2029 2153 379 419
2029 2154 381 418
2029 2155 385 418
2029 2156 387 420
2029 2157 389 421
2029 2158 392 418
2029 2159 395 420
2029 2160 398 420
2029 2161 399 421
2029 2162 401 421
2029 2163 405 419
2029 2164 408 421
2029 2165 411 422
2029 2166 410 421
2029 2167 414 421
2029 2168 419 421
2029 2169 423 421
2029 2170 423 422
2029 2171 424 422
2029 2172 429 422
2029 2173 432 423
2029 2174 435 423
2029 2175 435 422
2029 2176 439 422
2029 2177 443 422
2029 2178 446 422
2029 2179 447 423
2029 2180 448 423
2029 2181 454 423
2029 2182 456 423
2029 2183 459 423
2029 2184 462 424
2029 2185 464 423
2029 2186 467 424
2029 2187 469 424
2029 2188 470 425
2029 2189 474 424
2029 2190 478 427
2029 2191 480 424
2029 2192 483 423
2029 2193 483 424
2029 2194 489 422
2029 2195 491 424
2029 2196 494 431
2029 2197 494 433
2029 2198 495 432
2056 2196 494 416
2056 2197 498 416
2056 2198 499 418
2056 2199 501 424
2056 2200 505 416
2056 2201 507 417
2056 2202 509 417
2056 2203 513 418
2056 2204 516 421
2056 2205 518 422
2056 2206 519 424
2056 2207 521 423
2056 2208 526 424
2056 2209 528 424
2056 2210 529 424
2056 2211 532 426
2056 2212 536 427
2056 2213 538 426
2056 2214 540 426
2056 2215 542 426
2056 2216 546 426
2056 2217 548 428
2056 2218 550 428
2056 2219 553 427
2056 2220 554 428
2056 2221 558 428
2056 2222 559 428
2056 2223 561 429
2056 2224 565 428
2056 2225 568 427
2056 2226 571 427
2056 2227 572 427
2056 2228 575 428
2056 2229 579 426
2056 2230 579 428
2056 2231 583 425
2056 2232 584 427
2056 2233 584 430
2056 2234 583 437
2066 2228 3 469
2066 2229 5 468
2066 2230 9 467
2066 2231 11 463
2066 2232 13 462
2066 2233 15 461
2066 2234 22 459
2066 2235 23 459
2066 2236 26 458
2066 2237 30 453
2066 2238 34 453
2066 2239 39 453
2066 2240 41 448
2066 2241 46 447
2066 2242 48 447
2066 2243 51 443
2066 2244 55 440
2066 2245 61 441
2066 2246 63 438
2066 2247 64 435
2066 2248 70 434
2066 2249 72 432
2066 2250 74 429
2066 2251 80 427
2066 2252 82 427
2066 2253 86 425
2066 2254 87 422
2066 2255 91 420
2066 2256 92 420
2066 2257 95 416
2066 2258 101 413
2066 2259 104 414
2066 2260 108 410
2066 2261 113 411
2066 2262 112 409
2066 2263 114 407
2066 2264 117 403
2066 2265 121 401
2066 2266 125 401
2066 2267 127 400
2066 2268 129 397
2066 2269 132 396
2066 2270 135 395
2066 2271 136 392
2066 2272 139 390
2066 2273 142 389
2066 2274 146 389
2066 2275 147 385
2066 2276 150 385
2066 2277 152 383
2066 2278 154 381
2066 2279 157 379
2066 2280 161 379
2066 2281 164 377
2066 2282 165 375
2066 2283 166 374
2066 2284 168 373
2066 2285 171 369
2066 2286 173 367
2066 2287 176 368
2066 2288 177 368
2066 2289 178 365
2066 2290 180 364
2066 2291 175 361
2066 2292 182 361
2066 2293 186 358
2066 2294 188 359
2066 2295 190 357
2066 2296 191 355
2066 2297 192 354
2066 2298 194 353
2066 2299 195 351
2066 2300 197 349
2066 2301 200 348
2066 2302 202 348
2066 2303 203 344
2066 2304 204 343
2066 2305 206 343
2066 2306 208 341
2066 2307 210 339
2066 2308 211 340
2066 2309 213 339
2066 2310 215 336
2066 2311 215 335
2066 2312 217 335
2066 2313 213 331
2066 2314 215 330
2163 2368 158 248
2163 2369 168 247
2163 2370 177 248
2163 2371 187 249
2163 2372 195 250
2163 2373 202 248
2163 2374 214 252
2163 2375 223 256
2163 2376 232 256
2163 2377 240 255
2163 2378 252 255
2163 2379 263 254
2163 2380 274 258
2163 2381 284 260
2163 2382 297 263
2163 2383 299 269
2163 2384 301 272
2163 2385 303 268
2163 2386 303 271
2163 2387 303 269
2163 2388 303 268
2163 2389 303 268
2412 2665 224 325
2412 2666 226 325
2412 2667 223 325
2412 2668 223 327
2412 2669 222 325
2412 2670 222 327
2412 2671 220 329
2412 2672 221 329
2412 2673 218 330
2412 2674 216 332
2412 2675 215 331
2412 2676 214 332
2412 2677 211 335
2412 2678 210 337
2412 2679 209 336
2412 2680 207 339
2412 2681 205 339
2412 2682 203 339
2412 2683 201 337
2412 2684 199 343
2412 2685 197 344
2412 2686 194 345
2412 2687 192 347
2412 2688 192 348
2412 2689 190 348
2412 2690 186 351
2412 2691 184 353
2412 2692 183 351
2412 2693 181 354
2412 2694 180 356
2412 2695 178 356
2412 2696 175 356
2412 2697 174 361
2412 2698 173 363
2412 2699 170 364
2412 2700 167 367
2412 2701 166 366
2412 2702 165 368
2412 2703 161 370
2412 2704 160 373
2412 2705 159 375
2412 2706 155 375
2412 2707 155 377
2412 2708 152 380
2412 2709 150 379
2412 2710 147 379
2412 2711 145 384
2412 2712 143 385
2412 2713 140 387
2412 2714 138 389
2412 2715 137 391
2412 2716 134 390
2412 2717 131 395
2412 2718 128 397
2412 2719 126 396
2412 2720 123 400
2412 2721 121 401
2412 2722 118 404
2412 2723 116 404
2412 2724 113 407
2412 2725 111 410
2412 2726 108 410
2412 2727 106 413
2412 2728 104 415
2412 2729 102 417
2412 2730 98 418
2412 2731 96 422
2412 2732 93 424
2412 2733 92 423
2412 2734 89 428
2412 2735 86 432
2412 2736 85 432
2412 2737 81 429
2412 2738 79 438
2412 2739 76 441
2412 2740 74 442
2412 2741 71 445
2412 2742 70 449
2412 2743 67 447
2412 2744 63 452
2412 2745 61 455
2412 2746 59 458
2412 2747 56 457
2412 2748 52 462
2412 2749 51 462
2412 2750 47 464
2412 2751 44 464
2412 2752 40 467
2412 2753 38 468
2412 2754 34 470
2412 2755 30 470
2412 2756 27 471
2412 2757 23 473
2412 2758 19 475
2412 2759 15 475
2586 2887 87 310
2586 2888 80 312
2586 2889 74 315
2586 2890 68 317
2586 2891 62 318
2586 2892 55 321
2586 2893 48 325
2586 2894 42 326
2586 2895 36 329
2586 2896 29 332
2586 2897 25 335
2586 2898 21 337
2586 2899 19 337
2586 2900 15 339
2586 2901 13 339
2586 2902 7 336
2646 2933 93 310
2646 2934 91 309
2646 2935 88 310
2646 2936 88 311
2646 2937 82 313
2646 2938 74 316
2646 2939 70 318
2646 2940 64 320
2646 2941 58 324
2646 2942 52 326
2646 2943 49 328
2646 2944 44 329
2646 2945 37 332
2646 2946 29 336
2646 2947 26 337
2646 2948 19 340
2646 2949 18 343
3090 3337 588 429
3090 3338 585 429
3090 3339 583 429
3090 3340 581 428
3090 3341 578 428
3090 3342 575 428
3090 3343 571 427
3090 3344 568 426
3090 3345 565 429
3090 3346 564 427
3090 3347 561 427
3090 3348 557 426
3090 3349 556 426
3090 3350 556 427
3090 3351 553 425
3090 3352 550 425
3090 3353 549 423
3090 3354 547 422
3090 3355 545 422
3090 3356 543 422
3090 3357 541 421
3090 3358 539 420
3090 3359 537 415
3090 3360 537 417
3090 3361 534 418
3090 3362 533 419
3090 3363 532 417
3090 3364 528 415
3090 3365 527 415
3090 3366 526 415
3090 3367 524 414
3090 3368 521 412
3090 3369 519 412
3090 3370 518 409
3090 3371 516 409
3090 3372 514 409
3090 3373 511 407
3090 3374 510 407
3090 3375 507 406
3090 3376 504 406
3090 3377 502 404
3090 3378 501 403
3090 3379 500 402
3090 3380 497 401
3090 3381 495 402
3090 3382 493 400
3090 3383 492 398
3090 3384 489 398
3090 3385 489 398
3090 3386 491 395
3145 3411 270 250
3145 3412 280 251
3145 3413 290 253
3145 3414 302 253
3145 3415 315 253
3145 3416 327 254
3145 3417 338 255
3145 3418 348 257
3145 3419 361 258
3145 3420 373 259
3145 3421 386 260
3145 3422 396 261
3145 3423 407 260
3145 3424 420 262
3145 3425 433 265
3145 3426 426 270
3145 3427 428 265
3145 3428 434 266
3709 4099 276 252
3709 4100 279 252
3709 4101 290 253
3709 4102 301 255
3709 4103 315 255
3709 4104 329 257
3709 4105 344 259
3709 4106 356 258
3709 4107 369 260
3709 4108 385 261
3709 4109 401 262
3709 4110 416 263
3709 4111 431 266
3709 4112 444 266
3709 4113 461 267
3709 4114 469 269
3709 4115 478 270
3709 4116 487 267
3730 4142 317 250
3730 4143 304 252
3730 4144 291 251
3730 4145 276 251
3730 4146 269 250
3730 4147 254 249
3730 4148 249 254
3730 4149 240 252
3730 4150 228 250
3730 4151 216 250
3730 4152 208 249
3730 4153 218 271
3730 4154 216 271
3730 4155 214 270
3730 4156 211 273
3730 4157 210 271
3730 4158 208 272
3730 4159 204 273
3730 4160 203 271
4060 4490 249 313
4060 4491 247 314
4060 4492 247 310
4060 4493 244 312
4060 4494 241 314
4060 4495 239 313
4060 4496 236 315
4060 4497 236 314
4060 4498 234 314
4060 4499 232 315
4060 4500 230 314
4060 4501 228 316
4060 4502 228 317
4060 4503 226 315
4060 4504 225 316
4060 4505 223 318
4060 4506 221 318
4060 4507 221 318
4060 4508 219 319
4060 4509 218 320
4060 4510 216 321
4060 4511 215 320
4060 4512 213 322
4060 4513 212 323
4060 4514 211 323
4060 4515 210 324
4060 4516 208 322
4060 4517 206 324
4060 4518 205 326
4060 4519 203 325
4060 4520 201 327
4060 4521 201 329
4060 4522 199 327
4060 4523 199 328
4060 4524 198 330
4060 4525 196 330
4060 4526 196 331
4060 4527 198 331
4060 4528 197 335
4060 4529 195 333
4060 4530 195 334
4060 4531 192 334
4060 4532 192 336
4060 4533 191 335
4060 4534 189 336
4060 4535 187 337
4060 4536 186 336
4060 4537 182 338
4060 4538 181 339
4060 4539 179 342
4060 4540 178 344
4060 4541 181 342
4060 4542 185 343
4113 4519 347 329
4113 4520 347 332
4113 4521 348 332
4113 4522 348 332
4113 4523 349 333
4113 4524 350 333
4113 4525 352 336
4113 4526 354 337
4113 4527 354 335
4113 4528 355 336
4113 4529 356 334
4113 4530 356 336
4113 4531 357 338
4113 4532 358 339
4113 4533 359 339
4113 4534 360 341
4113 4535 360 340
4113 4536 362 340
4113 4537 364 341
4113 4538 364 342
4113 4539 365 343
4113 4540 366 344
4113 4541 369 345
4113 4542 368 344
4113 4543 369 346
4113 4544 371 347
4113 4545 372 347
4113 4546 372 346
4113 4547 374 346
4113 4548 379 346
4113 4549 378 348
4113 4550 380 348
4113 4551 379 348
4113 4552 381 348
4113 4553 381 351
4113 4554 382 350
4113 4555 386 353
4113 4556 386 351
4113 4557 387 351
4113 4558 387 352
4113 4559 390 351
4113 4560 391 354
4113 4561 393 354
4113 4562 395 353
4113 4563 394 353
4113 4564 396 356
4113 4565 397 356
4113 4566 397 356
4113 4567 399 357
4113 4568 402 356
4113 4569 404 358
4113 4570 407 361
4113 4571 406 361
4113 4572 410 360
4113 4573 408 361
4113 4574 410 362
4113 4575 409 364
4113 4576 411 363
4113 4577 414 363
4113 4578 414 364
4113 4579 415 364
4113 4580 417 365
4113 4581 419 367
4113 4582 420 367
4113 4583 423 370
4113 4584 421 369
4113 4585 421 369
4113 4586 423 369
4113 4587 422 372
4113 4588 423 378
4129 4529 175 336
4129 4530 174 338
4129 4531 172 336
4129 4532 171 335
4129 4533 169 334
4129 4534 168 338
4129 4535 167 340
4129 4536 166 340
4129 4537 165 341
4129 4538 163 344
4129 4539 160 342
4129 4540 160 340
4129 4541 159 348
4129 4542 158 348
4129 4543 157 349
4129 4544 154 352
4129 4545 154 353
4129 4546 152 353
4129 4547 150 357
4129 4548 149 358
4129 4549 148 355
4129 4550 146 359
4129 4551 144 363
4129 4552 143 362
4129 4553 141 361
4129 4554 140 364
4129 4555 138 366
4129 4556 136 367
4129 4557 136 369
4129 4558 133 370
4129 4559 131 372
4129 4560 129 370
4129 4561 127 376
4129 4562 126 378
4129 4563 125 378
4129 4564 123 380
4129 4565 121 383
4129 4566 119 382
4129 4567 117 384
4129 4568 116 387
4129 4569 114 389
4129 4570 113 387
4129 4571 109 392
4129 4572 109 390
4129 4573 107 393
4129 4574 104 392
4159 4574 108 398
4159 4575 103 399
4159 4576 101 400
4159 4577 98 400
4159 4578 98 402
4159 4579 95 406
4159 4580 92 405
4159 4581 89 410
4159 4582 86 413
4159 4583 83 411
4159 4584 82 416
4159 4585 80 417
4159 4586 77 419
4159 4587 73 417
4159 4588 70 423
4159 4589 68 425
4159 4590 64 424
4159 4591 61 428
4159 4592 59 430
4159 4593 56 429
4159 4594 52 433
4159 4595 48 436
4159 4596 45 437
4159 4597 41 439
4159 4598 39 441
4159 4599 37 443
4159 4600 32 443
4159 4601 29 448
4159 4602 26 450
4159 4603 22 452
4159 4604 18 453
4159 4605 17 456
4159 4606 16 459
4159 4607 11 458
4159 4608 8 461
4159 4609 7 464
4159 4610 6 467
4159 4611 4 466
4275 4780 182 249
4275 4781 183 248
4275 4782 183 246
4275 4783 183 247
4275 4784 184 254
4275 4785 184 254
4275 4786 183 255
4275 4787 182 258
4275 4788 182 259
4275 4789 181 261
4275 4790 179 253
4275 4791 178 257
4275 4792 176 256
4275 4793 180 250
4275 4794 178 252
4275 4795 177 254
4275 4796 174 256
4275 4797 171 258
4275 4798 168 261
4275 4799 165 262
4275 4800 162 264
4275 4801 157 269
4275 4802 152 273
4275 4803 147 276
4275 4804 143 278
4275 4805 139 278
4275 4806 131 283
4275 4807 126 286
4275 4808 120 286
4275 4809 113 288
4278 4793 171 262
4278 4794 168 264
4278 4795 164 265
4278 4796 161 266
4278 4797 156 269
4278 4798 151 272
4278 4799 146 274
4278 4800 141 275
4278 4801 135 279
4278 4802 128 283
4278 4803 121 284
4278 4804 115 288
4278 4805 108 289
4278 4806 100 291
4278 4807 92 294
4278 4808 85 297
4278 4809 79 299
4278 4810 81 299
4278 4811 96 292
4278 4812 88 297
4278 4813 80 297
4278 4814 76 300
4278 4815 68 305
4278 4816 67 303
4278 4817 55 309
4278 4818 48 311
4278 4819 42 311
4278 4820 35 319
4278 4821 26 320
4278 4822 21 322
4278 4823 14 326
4278 4824 10 329
4278 4825 7 332
4278 4826 3 333
4367 5011 66 307
4367 5012 69 307
4367 5013 69 307
4367 5014 69 307
4367 5015 72 307
4367 5016 73 305
4367 5017 74 307
4367 5018 82 308
4367 5019 78 307
4367 5020 80 308
4367 5021 81 308
4367 5022 84 307
4367 5023 93 308
4367 5024 89 306
4367 5025 92 302
4367 5026 95 302
4367 5027 96 303
4367 5028 98 300
4367 5029 102 299
4367 5030 105 299
4367 5031 107 298
4367 5032 111 299
4367 5033 113 296
4367 5034 117 292
4367 5035 124 287
4367 5036 116 292
4367 5037 121 292
4367 5038 121 290
4367 5039 126 289
4367 5040 123 289
4367 5041 124 287
4367 5042 130 284
4367 5043 131 285
4576 5370 592 437
4576 5371 584 432
4576 5372 582 432
4576 5373 580 430
4576 5374 578 431
4576 5375 575 432
4576 5376 570 430
4576 5377 567 430
4576 5378 565 430
4576 5379 561 431
4576 5380 558 429
4576 5381 558 429
4576 5382 555 428
4576 5383 552 428
4576 5384 549 426
4576 5385 545 425
4576 5386 542 425
4576 5387 540 424
4576 5388 538 424
4576 5389 536 423
4576 5390 531 421
4576 5391 530 421
4576 5392 529 420
4576 5393 526 418
4576 5394 523 417
4576 5395 520 417
4576 5396 518 416
4576 5397 518 415
4576 5398 515 412
4576 5399 509 410
4576 5400 508 409
4576 5401 498 407
4576 5402 497 406
4576 5403 496 405
4576 5404 492 403
4576 5405 489 403
4576 5406 486 400
4576 5407 484 400
4576 5408 481 399
4576 5409 479 399
4576 5410 478 397
4576 5411 476 395
4576 5412 473 394
4576 5413 473 395
4576 5414 471 390
4576 5415 468 390
4576 5416 465 389
4576 5417 465 390
4576 5418 461 388
4576 5419 462 384
4576 5420 459 385
4576 5421 458 385
4576 5422 456 385
4576 5423 453 380
4576 5424 451 380
4576 5425 450 380
4576 5426 451 380
4576 5427 448 384
4707 5471 126 284
4707 5472 126 281
4707 5473 126 279
4707 5474 122 281
4707 5475 118 282
4707 5476 117 283
4707 5477 113 285
4707 5478 114 284
4707 5479 107 288
4707 5480 108 294
4707 5481 104 297
4707 5482 96 301
4707 5483 95 302
4707 5484 92 305
4707 5485 82 306
4707 5486 79 308
4707 5487 76 311
4707 5488 71 314
4707 5489 62 315
4707 5490 59 319
4707 5491 54 321
4707 5492 47 322
4707 5493 42 326
4707 5494 36 328
4707 5495 27 331
4707 5496 21 334
4707 5497 16 336
4707 5498 12 340
4707 5499 6 341
4707 5500 3 347
4921 5867 464 278
4921 5868 460 283
4921 5869 459 279
4921 5870 457 279
4921 5871 453 278
4921 5872 452 278
4921 5873 449 278
4921 5874 444 277
4921 5875 443 280
4921 5876 441 277
4921 5877 437 278
4921 5878 435 276
4921 5879 434 278
4921 5880 429 276
4921 5881 425 276
4921 5882 424 276
4921 5883 422 275
4921 5884 419 275
4921 5885 415 276
4921 5886 414 276
4921 5887 411 275
4921 5888 408 279
4921 5889 401 282
4921 5890 402 275
4921 5891 399 277
4921 5892 396 274
4921 5893 394 273
4921 5894 391 273
4921 5895 388 273
4921 5896 386 273
4921 5897 383 273
4921 5898 380 273
4921 5899 378 272
4921 5900 374 275
4921 5901 372 272
4921 5902 370 273
4921 5903 365 275
4921 5904 363 274
4921 5905 361 273
4921 5906 359 273
4921 5907 356 273
4921 5908 353 274
4921 5909 352 276
4921 5910 349 275
4921 5911 345 272
4921 5912 343 272
4921 5913 340 276
4921 5914 339 277
4921 5915 335 276
4921 5916 332 275
4921 5917 328 271
4921 5918 325 271
4921 5919 324 273
4921 5920 320 270
4921 5921 317 269
5224 6161 242 246
5224 6162 246 247
5224 6163 240 246
5224 6164 243 251
5224 6165 247 256
5224 6166 256 256
5224 6167 266 258
5224 6168 275 258
5224 6169 284 259
5224 6170 294 260
5224 6171 306 260
5224 6172 318 260
5224 6173 324 262
5224 6174 335 263
5247 6180 3 455
5247 6181 4 447
5247 6182 5 443
5247 6183 7 440
5247 6184 9 441
5247 6185 10 437
5247 6186 14 435
5247 6187 17 435
5247 6188 19 433
5247 6189 21 429
5247 6190 26 427
5247 6191 29 427
5247 6192 31 425
5247 6193 34 422
5247 6194 38 422
5247 6195 41 421
5247 6196 43 419
5247 6197 46 416
5247 6198 51 415
5247 6199 53 414
5247 6200 55 411
5247 6201 57 409
5247 6202 60 409
5247 6203 64 407
5247 6204 65 405
5247 6205 65 402
5306 6241 135 300
5306 6242 135 299
5306 6243 139 305
5306 6244 140 307
5306 6245 140 308
5306 6246 144 313
5306 6247 145 315
5306 6248 146 314
5306 6249 147 312
5306 6250 149 315
5306 6251 151 316
5306 6252 150 315
5306 6253 155 313
5306 6254 155 313
5306 6255 155 319
5306 6256 157 314
5306 6257 158 313
5306 6258 158 314
5306 6259 161 315
5306 6260 162 315
5306 6261 163 310
5306 6262 165 315
5306 6263 165 316
5306 6264 167 314
5306 6265 167 314
5306 6266 171 320
5306 6267 170 322
5306 6268 172 324
5306 6269 175 326
5306 6270 178 327
5306 6271 179 322
5306 6272 180 323
5306 6273 184 328
5306 6274 186 323
5306 6275 188 329
5306 6276 189 331
5306 6277 192 331
5306 6278 194 333
5306 6279 196 333
5306 6280 196 334
5306 6281 200 333
5306 6282 205 332
5306 6283 206 336
5306 6284 206 333
5306 6285 207 335
5306 6286 213 334
5306 6287 214 336
5306 6288 217 338
5306 6289 219 338
5306 6290 223 338
5306 6291 223 340
5306 6292 228 340
5306 6293 230 342
5306 6294 232 342
5306 6295 233 343
5306 6296 236 343
5306 6297 239 343
5306 6298 243 344
5306 6299 243 344
5306 6300 245 345
5306 6301 250 346
5306 6302 253 347
5306 6303 253 346
5306 6304 256 347
5306 6305 259 349
5306 6306 263 350
5306 6307 263 350
5306 6308 266 353
5306 6309 269 351
5306 6310 271 351
5306 6311 269 356
5306 6312 276 353
5306 6313 278 354
5306 6314 282 355
5306 6315 282 354
5306 6316 283 356
5306 6317 290 358
5306 6318 292 358
5306 6319 293 358
5306 6320 294 358
5306 6321 301 359
5306 6322 302 359
5306 6323 304 361
5306 6324 307 361
5306 6325 310 361
5306 6326 314 362
5306 6327 314 362
5306 6328 317 362
5306 6329 325 364
5306 6330 325 365
5306 6331 325 364
5306 6332 329 366
5306 6333 333 366
5306 6334 336 367
5306 6335 338 367
5306 6336 343 367
5306 6337 346 368
5306 6338 348 369
5306 6339 349 371
5306 6340 354 372
5306 6341 357 370
5306 6342 359 372
5306 6343 359 365
5306 6344 364 374
5306 6345 368 374
5306 6346 371 375
5306 6347 373 376
5306 6348 378 376
5306 6349 382 378
5306 6350 384 378
5339 6276 196 384
5339 6277 199 382
5339 6278 202 380
5339 6279 203 381
5339 6280 203 385
5339 6281 206 385
5339 6282 203 384
5339 6283 204 384
5339 6284 205 384
5339 6285 207 385
5339 6286 209 390
5339 6287 211 392
5339 6288 212 389
5339 6289 214 392
5339 6290 213 394
5339 6291 216 395
5339 6292 215 393
5339 6293 215 398
5339 6294 217 393
5339 6295 222 393
5339 6296 220 396
5339 6297 222 399
5339 6298 225 397
5339 6299 226 403
5339 6300 224 400
5339 6301 227 401
5339 6302 226 400
5339 6303 229 403
5339 6304 230 402
5339 6305 232 404
5339 6306 232 407
5339 6307 233 407
5339 6308 238 409
5339 6309 237 407
5339 6310 239 412
5339 6311 240 414
5339 6312 239 413
5339 6313 240 414
5339 6314 242 413
5339 6315 243 415
5339 6316 248 416
5339 6317 247 422
5339 6318 245 423
5364 6294 252 359
5364 6295 253 360
5364 6296 253 362
5364 6297 254 360
5364 6298 255 360
5364 6299 257 361
5364 6300 258 363
5364 6301 257 364
5364 6302 258 364
5364 6303 259 365
5364 6304 260 366
5364 6305 262 368
5364 6306 262 365
5364 6307 262 367
5364 6308 263 368
5364 6309 264 369
5364 6310 265 371
5364 6311 265 371
5364 6312 267 371
5364 6313 268 371
5364 6314 269 371
5364 6315 272 374
5364 6316 271 372
5364 6317 272 373
5364 6318 272 374
5364 6319 274 375
5364 6320 275 376
5364 6321 277 375
5364 6322 278 375
5364 6323 279 372
5364 6324 280 377
5364 6325 281 377
5364 6326 282 377
5364 6327 283 377
5364 6328 284 379
5364 6329 284 376
5364 6330 287 380
5364 6331 288 380
5364 6332 288 380
5364 6333 289 383
5364 6334 291 384
5364 6335 293 383
5364 6336 293 383
5364 6337 295 385
5364 6338 296 386
5364 6339 297 386
5364 6340 298 385
5364 6341 300 382
5364 6342 302 388
5364 6343 302 388
5364 6344 304 385
5364 6345 305 386
5364 6346 308 386
5364 6347 309 390
5364 6348 311 385
5364 6349 314 385
5364 6350 314 387
5364 6351 316 387
5364 6352 318 388
5364 6353 319 388
5364 6354 318 392
5368 6295 233 327
5368 6296 236 327
5368 6297 239 327
5368 6298 242 328
5368 6299 244 329
5368 6300 248 328
5368 6301 249 329
5368 6302 252 331
5368 6303 255 333
5368 6304 256 332
5368 6305 259 331
5368 6306 261 332
5368 6307 263 334
5368 6308 267 333
5368 6309 269 333
5368 6310 272 335
5368 6311 273 336
5368 6312 276 336
5368 6313 278 336
5368 6314 281 337
5368 6315 283 339
5368 6316 287 340
5368 6317 288 339
5368 6318 292 340
5368 6319 294 341
5368 6320 297 341
5368 6321 301 343
5368 6322 305 343
5368 6323 307 345
5368 6324 308 343
5368 6325 311 344
5368 6326 313 346
5368 6327 318 346
5368 6328 320 346
5368 6329 322 347
5368 6330 325 348
5368 6331 328 348
5368 6332 331 348
5368 6333 334 349
5368 6334 337 351
5368 6335 341 351
5368 6336 344 351
5368 6337 345 352
5368 6338 349 352
5368 6339 351 353
5480 6357 410 364
5480 6358 412 365
5480 6359 418 366
5480 6360 419 366
5480 6361 425 367
5480 6362 426 369
5480 6363 429 369
5480 6364 433 370
5480 6365 435 371
5480 6366 438 372
5480 6367 441 372
5480 6368 443 373
5480 6369 446 373
5480 6370 450 375
5480 6371 453 375
5480 6372 455 375
5480 6373 458 378
5480 6374 462 381
5480 6375 464 380
5480 6376 465 381
5480 6377 469 383
5480 6378 471 385
5480 6379 475 387
5480 6380 478 386
5480 6381 480 388
5480 6382 483 390
5480 6383 484 391
5480 6384 487 391
5480 6385 490 394
5480 6386 494 395
5480 6387 498 395
5480 6388 500 396
5480 6389 503 398
5480 6390 505 400
5480 6391 509 401
5480 6392 511 401
5480 6393 513 403
5480 6394 517 405
5480 6395 521 405
5480 6396 523 406
5480 6397 526 407
5480 6398 529 409
5480 6399 532 410
5480 6400 535 411
5480 6401 538 413
5480 6402 541 413
5480 6403 545 415
5480 6404 547 414
5489 6366 438 388
5489 6367 436 387
5489 6368 439 386
5489 6369 446 392
5489 6370 449 394
5489 6371 447 393
5489 6372 450 394
5489 6373 456 396
5489 6374 456 397
5489 6375 458 397
5489 6376 462 398
5489 6377 467 402
5489 6378 467 402
5489 6379 469 404
5489 6380 472 405
5489 6381 477 409
5489 6382 477 409
5489 6383 480 409
5489 6384 485 410
5489 6385 487 413
5489 6386 488 413
5489 6387 485 416
5510 6380 168 263
5510 6381 166 261
5510 6382 162 263
5510 6383 159 264
5510 6384 158 266
5510 6385 155 268
5510 6386 154 271
5510 6387 150 272
5510 6388 146 273
5510 6389 142 273
5510 6390 139 276
5510 6391 136 279
5510 6392 134 280
5510 6393 132 281
5510 6394 128 283
5510 6395 126 284
5510 6396 119 288
5510 6397 119 288
5510 6398 113 291
5510 6399 112 291
5510 6400 106 293
5510 6401 103 297
5510 6402 100 297
5510 6403 97 298
5510 6404 95 302
5510 6405 90 302
5510 6406 88 302
5510 6407 84 306
5510 6408 83 309
5510 6409 78 311
5510 6410 76 312
5510 6411 73 315
5510 6412 69 315
5510 6413 67 317
5510 6414 63 317
5510 6415 61 321
5510 6416 59 322
5510 6417 55 324
5510 6418 52 327
5510 6419 51 327
5510 6420 46 330
5510 6421 43 330
5510 6422 38 333
5510 6423 40 338
5518 6387 365 396
5518 6388 365 397
5518 6389 368 404
5518 6390 369 406
5518 6391 369 408
5518 6392 371 409
5518 6393 376 413
5518 6394 376 412
5518 6395 379 411
5518 6396 379 412
5518 6397 381 412
5518 6398 384 411
5518 6399 385 413
5518 6400 386 414
5518 6401 387 414
5518 6402 388 415
5518 6403 391 416
5518 6404 395 415
5518 6405 396 417
5518 6406 395 419
5518 6407 399 419
5518 6408 401 419
5518 6409 403 420
5518 6410 404 423
5518 6411 404 421
5518 6412 407 421
5518 6413 409 422
5518 6414 411 426
5518 6415 411 433
5518 6416 412 433
5567 6424 66 317
5567 6425 63 318
5567 6426 60 320
5567 6427 57 322
5567 6428 54 323
5567 6429 51 324
5567 6430 48 326
5567 6431 42 328
5567 6432 41 330
5567 6433 38 332
5567 6434 33 335
5567 6435 30 334
5567 6436 30 336
5567 6437 24 337
5567 6438 19 338
5567 6439 12 340
5567 6440 3 342
5567 6441 7 342
5567 6442 5 344
5631 6559 166 246
5631 6560 168 246
5631 6561 171 247
5631 6562 180 252
5631 6563 181 253
5631 6564 182 255
5631 6565 181 254
5631 6566 179 252
5631 6567 180 253
5631 6568 178 254
5631 6569 179 255
5631 6570 179 256
5631 6571 178 260
5631 6572 177 258
5631 6573 176 260
5631 6574 174 261
5631 6575 172 262
5631 6576 172 263
5631 6577 169 265
5631 6578 167 267
5631 6579 164 268
5631 6580 162 269
5631 6581 159 271
5631 6582 156 273
5631 6583 152 275
5631 6584 148 277
5631 6585 145 278
5631 6586 141 282
5631 6587 136 283
5631 6588 131 285
5631 6589 127 288
5631 6590 122 290
5631 6591 116 293
5631 6592 111 295
5631 6593 105 298
5631 6594 99 301
5631 6595 92 304
5631 6596 85 307
5631 6597 79 310
5631 6598 73 313
5631 6599 65 316
5631 6600 70 313
5776 6793 565 437
5776 6794 564 432
5776 6795 560 432
5776 6796 559 431
5776 6797 558 431
5776 6798 554 437
5776 6799 553 434
5776 6800 550 429
5776 6801 548 428
5776 6802 545 427
5776 6803 543 424
5776 6804 540 425
5776 6805 538 424
5776 6806 537 424
5776 6807 535 423
5776 6808 534 421
5776 6809 530 420
5776 6810 528 420
5776 6811 526 421
5776 6812 523 417
5776 6813 521 417
5776 6814 517 414
5776 6815 517 416
5776 6816 515 414
5776 6817 513 412
5776 6818 511 412
5776 6819 507 410
5776 6820 507 411
5776 6821 505 408
5776 6822 503 407
5776 6823 500 407
5776 6824 497 407
5776 6825 497 407
5776 6826 494 404
5776 6827 493 403
5776 6828 489 403
5776 6829 488 401
5776 6830 485 400
5776 6831 481 398
5776 6832 479 393
5776 6833 476 401
5776 6834 473 393
5776 6835 473 392
5776 6836 472 390
5776 6837 470 391
5776 6838 467 397
5804 6837 470 378
5804 6838 468 384
5804 6839 466 387
5804 6840 464 385
5804 6841 463 384
5804 6842 460 383
5804 6843 459 384
5804 6844 458 381
5804 6845 455 378
5804 6846 454 379
5804 6847 451 380
5804 6848 451 378
5804 6849 449 377
5804 6850 445 375
5804 6851 443 375
5804 6852 443 376
5804 6853 441 374
5804 6854 441 371
5804 6855 437 372
5804 6856 435 375
5804 6857 435 372
5804 6858 433 371
5804 6859 431 371
5804 6860 429 368
5804 6861 427 369
5804 6862 426 367
5804 6863 426 370
5804 6864 424 365
5804 6865 421 365
5804 6866 419 363
5804 6867 419 365
5804 6868 416 367
5804 6869 415 365
5804 6870 414 360
5804 6871 412 360
5804 6872 411 365
5891 7030 635 406
5891 7031 634 406
5891 7032 633 406
5891 7033 630 407
5891 7034 628 408
5891 7035 625 409
5891 7036 623 409
5891 7037 620 410
5891 7038 617 412
5891 7039 616 412
5891 7040 614 413
5891 7041 610 414
5891 7042 608 415
5891 7043 606 415
5891 7044 604 416
5891 7045 601 416
5891 7046 598 418
5891 7047 596 419
5891 7048 594 419
5891 7049 590 420
5891 7050 588 422
5891 7051 584 423
5891 7052 581 422
5891 7053 579 424
5891 7054 575 425
5891 7055 572 425
5891 7056 570 426
5891 7057 566 428
5891 7058 563 429
5891 7059 559 429
5891 7060 556 429
5891 7061 553 429
5891 7062 556 425
5921 7116 318 467
5921 7117 312 466
5921 7118 305 465
5921 7119 300 466
5921 7120 295 466
5921 7121 292 466
5921 7122 287 466
5921 7123 280 466
5921 7124 278 466
5921 7125 270 466
5921 7126 266 466
5921 7127 259 466
5921 7128 253 465
5921 7129 249 465
5921 7130 246 465
5921 7131 241 465
5921 7132 236 464
5921 7133 230 464
5921 7134 226 464
5921 7135 222 463
5921 7136 216 463
5921 7137 210 464
5921 7138 208 463
5921 7139 202 463
5921 7140 196 463
5921 7141 190 463
5921 7142 188 463
5921 7143 184 462
5921 7144 175 461
5921 7145 172 461
5921 7146 171 461
5921 7147 164 459
5921 7148 158 458
5921 7149 155 459
5921 7150 152 460
5921 7151 147 459
5921 7152 140 457
5921 7153 137 458
5921 7154 134 455
5921 7155 128 455
5921 7156 123 455
5921 7157 120 456
5921 7158 114 454
5921 7159 110 454
5921 7160 106 453
5921 7161 104 453
5921 7162 99 451
5921 7163 93 450
5921 7164 90 450
5921 7165 86 449
5921 7166 82 447
5921 7167 77 447
5921 7168 75 447
5921 7169 71 446
5921 7170 67 445
5921 7171 62 444
5921 7172 60 445
5921 7173 57 443
5921 7174 51 442
5921 7175 48 440
5921 7176 47 441
5921 7177 43 438
5921 7178 36 438
5921 7179 33 437
5921 7180 30 438
5921 7181 27 435
5921 7182 22 435
5921 7183 20 436
5921 7184 18 435
5921 7185 14 436
5921 7186 9 435
5921 7187 7 435
5921 7188 6 432
5921 7189 3 433
5984 7221 483 266
5984 7222 478 263
5984 7223 468 265
5984 7224 442 264
5984 7225 418 261
5984 7226 406 258
5984 7227 397 258
5984 7228 386 257
5984 7229 373 257
5984 7230 361 256
5984 7231 352 254
5984 7232 343 254
5984 7233 332 254
5984 7234 323 252
5984 7235 313 252
5984 7236 304 250
5984 7237 294 249
5984 7238 284 249
5984 7239 275 247
5984 7240 268 247
5984 7241 259 247
5984 7242 252 246
6005 7255 4 469
6005 7256 8 464
6005 7257 7 462
6005 7258 11 461
6005 7259 16 460
6005 7260 20 460
6005 7261 21 456
6005 7262 27 455
6005 7263 31 455
6005 7264 32 452
6005 7265 36 450
6005 7266 41 450
6005 7267 46 446
6005 7268 46 445
6005 7269 52 444
6005 7270 54 442
6005 7271 58 436
6005 7272 64 435
6005 7273 66 436
6005 7274 65 432
6005 7275 68 430
6005 7276 73 428
6005 7277 75 429
6005 7278 78 425
6005 7279 85 423
6005 7280 87 423
6005 7281 87 420
6005 7282 89 417
6005 7283 95 416
6005 7284 97 416
6005 7285 98 413
6005 7286 101 413
6005 7287 105 411
6005 7288 106 408
6005 7289 109 410
6005 7290 111 406
6005 7291 114 401
6005 7292 118 401
6005 7293 120 400
6005 7294 123 398
6005 7295 124 396
6005 7296 124 395
6035 7282 351 264
6035 7283 350 259
6035 7284 360 260
6035 7285 369 260
6035 7286 378 261
6035 7287 388 262
6035 7288 400 264
6035 7289 409 264
6035 7290 419 266
6035 7291 435 267
6035 7292 449 266
6035 7293 455 267
6035 7294 462 270
6035 7295 467 269
6035 7296 473 270
6035 7297 480 271
6040 7296 125 394
6040 7297 130 392
6040 7298 133 392
6040 7299 134 389
6040 7300 138 389
6040 7301 138 387
6040 7302 142 383
6040 7303 144 383
6040 7304 145 384
6040 7305 147 380
6040 7306 150 379
6040 7307 152 378
6040 7308 153 375
6040 7309 157 373
6040 7310 158 373
6040 7311 161 372
6040 7312 162 370
6040 7313 165 369
6040 7314 166 367
6040 7315 170 365
6040 7316 172 363
6040 7317 173 364
6040 7318 176 360
6040 7319 178 363
6040 7320 180 360
6040 7321 182 358
6040 7322 182 362
6040 7323 188 358
6040 7324 186 354
6040 7325 187 352
6040 7326 191 351
6040 7327 193 348
6040 7328 194 346
6040 7329 197 345
6040 7330 197 346
6040 7331 198 344
6040 7332 199 343
6040 7333 199 342
6041 7297 207 249
6041 7298 204 246
6041 7299 184 246
6041 7300 190 247
6041 7301 198 251
6041 7302 208 248
6041 7303 218 248
6041 7304 226 257
6041 7305 239 253
6041 7306 245 254
6041 7307 257 250
6041 7308 266 252
6041 7309 277 259
6041 7310 290 260
6041 7311 302 254
6041 7312 315 255
6041 7313 323 249
6041 7314 333 254
6041 7315 343 251
6342 7581 327 321
6342 7582 326 320
6342 7583 329 322
6342 7584 330 323
6342 7585 332 325
6342 7586 333 325
6342 7587 336 323
6342 7588 338 326
6342 7589 341 327
6342 7590 343 328
6342 7591 343 329
6342 7592 345 331
6342 7593 346 332
6342 7594 349 332
6342 7595 351 334
6342 7596 353 334
6342 7597 356 337
6342 7598 358 339
6342 7599 360 339
6342 7600 362 339
6342 7601 364 340
6342 7602 367 343
6342 7603 368 344
6342 7604 370 344
6342 7605 374 345
6342 7606 377 346
6342 7607 377 347
6342 7608 380 347
6342 7609 383 348
6342 7610 385 349
6342 7611 387 352
6342 7612 390 352
6342 7613 393 353
6342 7614 396 354
6342 7615 398 355
6342 7616 401 357
6342 7617 403 357
6342 7618 405 360
6342 7619 408 360
6342 7620 411 362
6342 7621 413 364
6342 7622 414 364
6342 7623 419 365
6342 7624 421 366
6342 7625 423 369
6342 7626 424 369
6342 7627 429 372
6342 7628 431 374
6342 7629 433 375
6342 7630 438 375
6342 7631 440 376
6342 7632 443 380
6342 7633 446 380
6342 7634 449 380
6342 7635 451 385
6342 7636 454 386
6342 7637 456 386
6342 7638 460 388
6342 7639 462 389
6342 7640 465 390
6342 7641 469 394
6342 7642 472 394
6342 7643 473 397
6342 7644 480 397
6342 7645 482 399
6342 7646 484 401
6342 7647 486 402
6342 7648 492 404
6342 7649 496 406
6342 7650 496 408
6342 7651 499 408
6342 7652 504 409
6342 7653 508 411
6342 7654 510 413
6342 7655 513 412
6342 7656 519 417
6342 7657 523 419
6342 7658 527 419
6342 7659 531 420
6342 7660 533 422
6342 7661 536 424
6342 7662 542 424
6342 7663 545 425
6342 7664 546 426
6342 7665 553 429
6342 7666 554 429
6342 7667 560 430
6342 7668 563 432
6342 7669 566 433
6342 7670 572 433
6342 7671 575 436
6342 7672 576 442
6342 7673 576 443
6342 7674 584 442
6528 8003 466 265
6528 8004 467 265
6528 8005 456 265
6528 8006 443 263
6528 8007 432 260
6528 8008 422 260
6528 8009 412 260
6528 8010 400 258
6528 8011 389 258
6528 8012 380 257
6528 8013 371 256
6528 8014 361 255
6528 8015 351 254
6528 8016 343 253
6528 8017 335 251
6528 8018 326 253
6573 8079 395 356
6573 8080 396 357
6573 8081 397 359
6573 8082 398 361
6573 8083 401 359
6573 8084 403 360
6573 8085 404 362
6573 8086 406 363
6573 8087 408 364
6573 8088 410 366
6573 8089 413 367
6573 8090 414 368
6573 8091 416 369
6573 8092 419 368
6573 8093 420 369
6573 8094 423 370
6573 8095 424 370
6573 8096 427 374
6573 8097 429 375
6573 8098 431 376
6573 8099 433 377
6573 8100 435 378
6573 8101 436 380
6573 8102 438 380
6573 8103 440 381
6573 8104 442 383
6573 8105 444 382
6573 8106 446 384
6573 8107 449 386
6573 8108 451 389
6573 8109 453 388
6573 8110 455 389
6573 8111 458 391
6573 8112 459 394
6573 8113 461 394
6573 8114 463 394
6573 8115 468 395
6573 8116 469 398
6573 8117 470 398
6573 8118 473 398
6573 8119 476 401
6573 8120 480 403
6573 8121 485 405
6573 8122 485 405
6648 8145 556 445
6648 8146 559 448
6648 8147 568 456
6648 8148 572 452
6648 8149 574 451
6648 8150 579 451
6648 8151 582 451
6648 8152 585 452
6648 8153 584 448
6648 8154 585 450
6648 8155 591 451
6648 8156 595 454
6648 8157 596 453
6648 8158 600 453
6648 8159 605 456
6648 8160 608 457
6648 8161 608 458
6648 8162 614 459
6648 8163 620 460
6648 8164 620 463
6648 8165 623 463
6648 8166 625 464
6648 8167 630 465
6648 8168 631 466
6648 8169 632 467
6648 8170 635 468
6648 8171 636 474
6648 8172 635 473
6673 8203 279 303
6673 8204 279 302
6673 8205 281 303
6673 8206 282 303
6673 8207 284 304
6673 8208 287 304
6673 8209 288 304
6673 8210 291 304
6673 8211 291 305
6673 8212 294 306
6673 8213 296 307
6673 8214 298 308
6673 8215 300 309
6673 8216 303 309
6673 8217 302 309
6673 8218 304 310
6673 8219 305 310
6673 8220 308 313
6673 8221 310 312
6673 8222 311 313
6673 8223 313 314
6673 8224 314 314
6673 8225 315 315
6673 8226 318 316
6673 8227 319 317
6673 8228 322 317
6673 8229 324 318
6673 8230 325 319
6673 8231 325 319
6673 8232 328 320
6673 8233 330 321
6673 8234 332 324
6673 8235 333 323
6673 8236 334 324
6673 8237 336 323
6673 8238 337 325
6673 8239 337 325
6673 8240 341 326
6673 8241 338 327
6737 8304 483 401
6737 8305 484 402
6737 8306 485 402
6737 8307 491 403
6737 8308 494 406
6737 8309 495 408
6737 8310 498 408
6737 8311 501 409
6737 8312 505 410
6737 8313 507 410
6737 8314 508 411
6737 8315 515 415
6737 8316 517 417
6737 8317 521 417
6737 8318 522 419
6737 8319 527 421
6737 8320 531 422
6737 8321 534 422
6737 8322 537 424
6737 8323 539 425
6737 8324 537 430
6790 8388 388 475
6790 8389 393 475
6790 8390 396 474
6790 8391 400 473
6790 8392 404 472
6790 8393 408 471
6790 8394 410 471
6790 8395 412 470
6790 8396 416 469
6790 8397 423 469
6790 8398 427 468
6790 8399 431 467
6790 8400 435 467
6790 8401 439 466
6790 8402 441 466
6790 8403 447 465
6790 8404 454 461
6790 8405 456 460
6790 8406 457 463
6790 8407 462 462
6790 8408 466 458
6790 8409 470 456
6790 8410 471 460
6790 8411 476 455
6790 8412 480 457
6790 8413 484 453
6790 8414 485 455
6815 8414 490 450
6815 8415 491 454
6815 8416 494 452
6815 8417 496 451
6815 8418 500 448
6815 8419 505 447
6815 8420 508 445
6815 8421 512 444
6815 8422 517 444
6815 8423 519 441
6815 8424 521 439
6815 8425 525 437
6815 8426 529 438
6815 8427 532 437
6815 8428 536 433
6815 8429 540 433
6815 8430 542 431
6815 8431 546 430
6815 8432 551 429
6815 8433 559 429
6815 8434 559 430
6815 8435 557 434
6815 8436 559 433
6815 8437 559 427
6815 8438 569 425
6815 8439 571 422
6815 8440 577 421
6815 8441 579 422
6815 8442 582 421
6815 8443 586 419
6815 8444 589 418
6815 8445 590 418
6815 8446 593 417
6815 8447 598 415
6815 8448 599 416
6815 8449 602 415
6815 8450 607 413
6815 8451 610 412
6815 8452 612 413
6815 8453 613 411
6815 8454 617 410
6815 8455 620 410
6815 8456 622 409
6815 8457 626 408
6815 8458 630 407
6815 8459 629 411
6815 8460 631 405
6815 8461 633 402
6815 8462 635 405
6863 8471 23 455
6863 8472 22 455
6863 8473 15 451
6863 8474 16 450
6863 8475 10 450
6863 8476 19 448
6863 8477 19 446
6863 8478 23 446
6863 8479 31 446
6863 8480 26 442
6863 8481 29 440
6863 8482 35 440
6863 8483 33 436
6863 8484 32 435
6863 8485 40 436
6863 8486 42 437
6863 8487 42 431
6863 8488 48 435
6863 8489 42 429
6863 8490 44 428
6863 8491 46 427
6863 8492 55 429
6863 8493 51 427
6863 8494 58 428
6863 8495 56 422
6863 8496 64 426
6863 8497 63 425
6863 8498 58 418
6863 8499 67 421
6863 8500 64 417
6863 8501 67 416
6863 8502 67 416
6863 8503 73 414
6863 8504 73 415
6863 8505 73 413
6863 8506 74 412
6863 8507 78 410
6863 8508 79 409
6863 8509 75 402
6863 8510 76 395
6863 8511 78 400
6902 8518 333 354
6902 8519 334 356
6902 8520 331 357
6902 8521 328 356
6902 8522 326 351
6902 8523 323 355
6902 8524 321 356
6902 8525 320 355
6902 8526 317 354
6902 8527 315 354
6902 8528 312 353
6902 8529 310 353
6902 8530 308 352
6902 8531 303 351
6902 8532 303 349
6902 8533 300 349
6902 8534 295 349
6902 8535 294 348
6902 8536 292 349
6902 8537 290 348
6902 8538 287 348
6902 8539 282 347
6902 8540 282 345
6902 8541 281 346
6902 8542 278 345
6902 8543 275 344
6902 8544 273 343
6902 8545 270 341
6902 8546 268 343
6902 8547 266 343
6902 8548 264 342
6902 8549 262 341
6902 8550 260 340
6902 8551 258 340
6902 8552 256 337
6902 8553 253 339
6902 8554 250 338
6902 8555 249 338
6902 8556 246 336
6902 8557 245 336
6902 8558 242 336
6902 8559 240 333
6902 8560 238 335
6902 8561 234 334
6902 8562 233 332
6902 8563 231 333
6902 8564 229 333
6902 8565 226 331
6902 8566 224 332
6902 8567 222 330
6902 8568 219 330
6902 8569 217 326
6902 8570 215 329
6902 8571 213 327
6902 8572 212 328
6902 8573 210 326
6902 8574 210 325
7294 9234 106 290
7294 9235 110 288
7294 9236 115 287
7294 9237 117 286
7294 9238 122 287
7294 9239 124 283
7294 9240 126 284
7294 9241 129 283
7294 9242 134 279
7294 9243 137 280
7294 9244 140 279
7294 9245 142 274
7294 9246 144 273
7294 9247 147 273
7294 9248 150 271
7294 9249 153 269
7294 9250 154 272
7294 9251 157 269
7294 9252 160 265
7294 9253 161 265
7294 9254 164 266
7294 9255 165 267
7294 9256 168 268
7294 9257 171 263
7711 9750 345 475
7711 9751 351 476
7711 9752 354 475
7711 9753 360 474
7711 9754 364 474
7711 9755 370 474
7711 9756 374 474
7711 9757 379 473
7711 9758 384 472
7711 9759 386 472
7711 9760 390 471
7711 9761 396 470
7711 9762 401 470
7711 9763 405 470
7711 9764 410 469
7711 9765 414 468
7711 9766 419 468
7711 9767 423 467
7711 9768 426 467
7711 9769 432 465
7711 9770 435 466
7711 9771 440 464
7711 9772 446 462
7711 9773 450 461
7711 9774 453 463
7711 9775 457 459
7711 9776 463 458
7711 9777 466 457
7711 9778 469 456
7711 9779 474 455
7711 9780 480 454
7711 9781 483 452
7711 9782 486 451
7711 9783 489 451
7711 9784 494 449
7711 9785 498 449
7711 9786 502 447
7711 9787 505 449
7711 9788 510 447
7711 9789 513 444
7711 9790 519 442
7711 9791 520 444
7711 9792 524 442
7711 9793 527 439
7711 9794 528 447
7711 9795 532 448
7738 9797 546 431
7738 9798 545 431
7738 9799 551 431
7738 9800 554 432
7738 9801 556 430
7738 9802 559 430
7738 9803 563 431
7738 9804 565 429
7738 9805 567 427
7738 9806 571 426
7738 9807 575 426
7738 9808 577 424
7738 9809 584 423
7738 9810 587 422
7738 9811 588 421
7738 9812 590 422
7738 9813 594 420
7738 9814 598 418
7738 9815 600 420
7738 9816 603 418
7738 9817 608 417
7738 9818 610 415
7738 9819 612 414
7738 9820 615 414
7738 9821 619 413
7738 9822 621 412
7738 9823 625 410
7738 9824 626 410
7738 9825 631 408
7738 9826 631 408
7738 9827 633 407
7738 9828 635 406
7738 9829 635 408
7738 9830 636 409
7954 10050 291 304
7954 10051 291 303
7954 10052 292 304
7954 10053 293 305
7954 10054 294 306
7954 10055 293 305
7954 10056 296 307
7954 10057 296 308
7954 10058 298 308
7954 10059 299 308
7954 10060 300 309
7954 10061 301 310
7954 10062 303 310
7954 10063 304 312
7954 10064 306 313
7954 10065 307 313
7954 10066 308 315
7954 10067 310 315
7954 10068 312 315
7954 10069 312 316
7954 10070 315 318
7954 10071 316 318
7954 10072 317 319
7954 10073 319 320
7954 10074 322 320
7954 10075 325 321
7954 10076 326 322
7954 10077 327 322
7954 10078 329 324
7954 10079 330 325
7954 10080 333 325
7954 10081 336 326
7954 10082 338 327
7954 10083 340 328
7954 10084 341 329
7954 10085 343 332
7954 10086 344 332
7954 10087 347 332
7954 10088 349 333
7954 10089 351 334
7954 10090 354 335
7954 10091 355 337
7954 10092 357 338
7954 10093 358 340
7954 10094 361 340
7954 10095 363 341
7954 10096 366 342
7954 10097 368 344
7954 10098 370 346
7954 10099 372 347
7954 10100 373 347
7954 10101 377 347
7954 10102 379 349
7954 10103 381 349
7954 10104 383 350
7954 10105 386 351
7954 10106 387 353
7954 10107 389 354
7954 10108 394 354
7954 10109 396 355
7954 10110 399 356
7954 10111 401 358
7954 10112 403 360
7954 10113 405 361
7954 10114 408 362
7954 10115 411 364
7954 10116 413 364
7954 10117 415 365
7954 10118 417 367
7954 10119 419 368
7954 10120 422 369
7954 10121 425 370
7954 10122 427 371
7954 10123 430 373
7954 10124 434 375
7954 10125 435 375
7954 10126 440 378
7954 10127 440 379
7954 10128 442 380
7954 10129 446 380
7954 10130 449 383
7954 10131 452 385
7954 10132 454 385
7954 10133 456 389
7954 10134 458 390
7954 10135 462 391
7954 10136 464 391
7954 10137 469 396
7954 10138 471 396
7954 10139 475 397
7954 10140 477 400
7954 10141 480 401
7954 10142 482 400
7954 10143 487 404
7954 10144 492 406
7954 10145 493 405
7954 10146 498 408
7954 10147 500 409
7954 10148 502 410
7954 10149 500 413
8042 10133 230 251
8042 10134 238 250
8042 10135 243 249
8042 10136 247 250
8042 10137 247 249
8042 10138 255 251
8042 10139 262 252
8042 10140 270 256
8042 10141 277 253
8042 10142 284 253
8042 10143 292 254
8042 10144 300 254
8042 10145 307 260
8042 10146 315 261
8042 10147 322 261
8042 10148 329 261
8042 10149 332 261
8042 10150 346 261
8042 10151 353 259
8042 10152 361 259
8042 10153 370 261
8042 10154 379 260
8042 10155 387 261
8042 10156 394 261
8042 10157 402 262
8042 10158 411 263
8042 10159 418 264
8042 10160 426 264
8042 10161 434 265
8042 10162 443 266
8042 10163 452 267
8042 10164 462 267
8042 10165 457 268
8042 10166 454 276
8116 10218 192 341
8116 10219 191 341
8116 10220 190 340
8116 10221 187 337
8116 10222 186 335
8116 10223 183 333
8116 10224 181 332
8116 10225 179 333
8116 10226 180 335
8116 10227 177 339
8116 10228 177 342
8116 10229 176 339
8116 10230 173 343
8116 10231 170 341
8116 10232 167 341
8116 10233 168 348
8116 10234 166 347
8116 10235 165 350
8116 10236 163 353
8116 10237 161 350
8116 10238 159 353
8116 10239 156 350
8116 10240 153 358
8116 10241 153 359
8116 10242 151 358
8116 10243 151 361
8116 10244 147 362
8116 10245 144 362
8116 10246 141 359
8116 10247 139 366
8116 10248 137 369
8116 10249 136 367
8116 10250 134 372
8116 10251 133 373
8116 10252 131 371
8116 10253 125 371
8116 10254 122 377
8116 10255 121 378
8116 10256 120 377
8116 10257 117 380
8116 10258 115 383
8116 10259 113 382
8116 10260 114 387
8255 10475 132 289
8255 10476 133 286
8255 10477 131 288
8255 10478 128 290
8255 10479 124 291
8255 10480 117 294
8255 10481 114 296
8255 10482 109 298
8255 10483 107 299
8255 10484 99 301
8255 10485 96 304
8255 10486 91 306
8255 10487 84 308
8255 10488 79 310
8255 10489 75 313
8255 10490 69 317
8255 10491 72 324
8255 10492 67 321
8255 10493 71 322
8264 10491 60 319
8264 10492 54 322
8264 10493 48 324
8264 10494 45 327
8264 10495 34 331
8264 10496 24 334
8264 10497 26 337
8264 10498 19 340
8264 10499 15 342
8264 10500 16 342
8264 10501 12 343
8264 10502 9 348
8264 10503 5 353
8273 10498 412 388
8273 10499 415 391
8273 10500 410 393
8273 10501 407 391
8273 10502 405 390
8273 10503 400 390
8273 10504 394 390
8273 10505 391 391
8273 10506 388 391
8273 10507 382 391
8273 10508 376 391
8273 10509 376 391
8273 10510 372 391
8273 10511 366 392
8273 10512 363 393
8273 10513 359 391
8273 10514 353 393
8273 10515 347 393
8273 10516 346 393
8273 10517 341 394
8273 10518 335 393
8273 10519 333 395
8273 10520 329 396
8273 10521 320 394
8273 10522 317 395
8273 10523 312 396
8273 10524 306 396
8273 10525 302 396
8273 10526 299 396
8273 10527 294 394
8273 10528 288 395
8273 10529 285 397
8273 10530 284 397
8273 10531 277 396
8273 10532 271 397
8273 10533 269 398
8273 10534 266 396
8273 10535 260 397
8273 10536 256 398
8273 10537 252 398
8273 10538 246 399
8273 10539 242 399
8273 10540 239 399
8273 10541 234 399
8273 10542 229 399
8273 10543 224 400
8273 10544 222 399
8273 10545 217 399
8273 10546 211 399
8273 10547 208 400
8273 10548 204 399
8273 10549 201 399
8273 10550 194 399
8273 10551 191 400
8273 10552 187 399
8273 10553 183 400
8273 10554 178 400
8273 10555 175 399
8273 10556 171 400
8273 10557 164 400
8273 10558 162 400
8273 10559 159 399
8273 10560 154 400
8273 10561 148 400
8273 10562 146 401
8273 10563 143 400
8273 10564 144 398
8283 10509 403 253
8283 10510 404 255
8283 10511 401 258
8283 10512 400 257
8283 10513 398 256
8283 10514 395 257
8283 10515 394 257
8283 10516 392 256
8283 10517 389 255
8283 10518 388 256
8283 10519 386 256
8283 10520 385 257
8283 10521 381 258
8283 10522 379 258
8283 10523 377 258
8283 10524 374 258
8283 10525 372 258
8283 10526 371 257
8283 10527 368 259
8283 10528 366 259
8283 10529 364 259
8283 10530 363 259
8283 10531 360 259
8283 10532 358 259
8283 10533 355 259
8283 10534 353 260
8283 10535 351 260
8283 10536 350 259
8283 10537 348 260
8283 10538 346 261
8283 10539 344 261
8283 10540 341 261
8283 10541 340 261
8283 10542 338 261
8283 10543 335 262
8283 10544 332 263
8283 10545 331 263
8283 10546 329 263
8283 10547 326 263
8283 10548 326 264
8283 10549 325 264
8283 10550 321 263
8283 10551 318 264
8283 10552 316 264
8283 10553 314 264
8283 10554 310 265
8283 10555 310 265
8283 10556 307 263
8283 10557 305 263
8283 10558 303 265
8283 10559 301 263
8283 10560 297 261
8283 10561 294 263
8283 10562 292 265
8283 10563 290 265
8283 10564 287 265
8283 10565 285 265
8283 10566 283 263
8283 10567 280 264
8283 10568 278 261
8309 10580 249 263
8309 10581 246 266
8309 10582 244 260
8309 10583 242 263
8309 10584 240 263
8309 10585 237 266
8309 10586 235 262
8309 10587 232 262
8309 10588 230 262
8309 10589 228 260
8309 10590 226 263
8309 10591 224 263
8309 10592 222 262
8309 10593 219 263
8309 10594 216 262
8309 10595 213 264
8309 10596 212 266
8309 10597 209 264
8309 10598 207 265
8309 10599 205 266
8309 10600 201 266
8309 10601 200 267
8309 10602 197 265
8309 10603 195 265
8309 10604 194 265
8309 10605 191 265
8309 10606 188 265
8309 10607 185 266
8309 10608 184 266
8309 10609 182 265
8309 10610 179 267
8309 10611 176 267
8309 10612 174 267
8309 10613 170 268
8309 10614 168 268
8309 10615 166 268
8309 10616 165 269
8309 10617 161 269
8309 10618 159 270
8309 10619 156 270
8309 10620 154 271
8309 10621 152 270
8309 10622 150 270
8309 10623 146 272
8309 10624 143 271
8309 10625 142 273
8309 10626 139 271
8309 10627 136 272
8309 10628 133 275
8309 10629 130 272
8309 10630 129 272
8309 10631 127 272
8309 10632 124 273
8309 10633 121 273
8309 10634 119 274
8309 10635 117 276
8324 10656 272 254
8324 10657 280 254
8324 10658 288 255
8324 10659 298 256
8324 10660 309 257
8324 10661 320 257
8324 10662 329 258
8324 10663 337 259
8324 10664 348 260
8324 10665 359 261
8324 10666 370 262
8324 10667 380 263
8324 10668 384 269
8498 10818 407 331
8498 10819 406 331
8498 10820 408 334
8498 10821 409 331
8498 10822 411 335
8498 10823 413 336
8498 10824 412 338
8498 10825 413 339
8498 10826 415 339
8498 10827 417 342
8498 10828 417 342
8498 10829 419 342
8498 10830 421 344
8498 10831 422 345
8498 10832 421 348
8498 10833 425 347
8498 10834 428 348
8498 10835 430 348
8498 10836 432 351
8498 10837 434 351
8498 10838 435 353
8498 10839 437 352
8498 10840 439 355
8498 10841 442 356
8498 10842 443 355
8498 10843 445 358
8498 10844 448 360
8498 10845 450 359
8498 10846 453 361
8498 10847 454 362
8498 10848 456 364
8498 10849 459 364
8498 10850 460 366
8498 10851 462 367
8498 10852 465 367
8498 10853 467 369
8498 10854 470 371
8498 10855 472 370
8498 10856 475 372
8498 10857 477 374
8498 10858 481 376
8498 10859 484 377
8498 10860 485 378
8498 10861 486 380
8498 10862 488 380
8498 10863 492 382
8498 10864 493 382
8498 10865 498 382
8498 10866 500 385
8498 10867 501 388
8498 10868 503 387
8498 10869 506 390
8498 10870 509 392
8498 10871 511 391
8498 10872 514 397
8498 10873 518 396
8498 10874 518 395
8498 10875 520 398
8498 10876 525 402
8498 10877 529 401
8498 10878 527 403
8498 10879 531 406
8498 10880 535 405
8498 10881 535 406
8498 10882 539 410
8498 10883 540 412
8498 10884 544 412
8498 10885 547 414
8498 10886 549 417
8498 10887 550 417
8498 10888 555 419
8498 10889 557 422
8498 10890 561 421
8498 10891 561 422
8498 10892 557 422
8580 10906 160 268
8580 10907 157 267
8580 10908 155 269
8580 10909 155 273
8580 10910 151 272
8580 10911 148 276
8580 10912 144 278
8580 10913 140 281
8580 10914 137 284
8580 10915 131 286
8580 10916 127 289
8580 10917 121 292
8580 10918 114 294
8580 10919 107 298
8580 10920 97 303
8580 10921 99 299
8580 10922 106 306
8616 10926 209 343
8616 10927 210 349
8616 10928 216 345
8616 10929 222 348
8616 10930 225 349
8616 10931 226 350
8616 10932 229 350
8616 10933 231 353
8616 10934 233 354
8616 10935 234 349
8616 10936 236 355
8616 10937 237 357
8616 10938 239 357
8616 10939 242 359
8616 10940 243 354
8616 10941 245 355
8616 10942 247 361
8616 10943 249 362
8616 10944 251 364
8616 10945 253 365
8616 10946 255 364
8616 10947 258 365
8616 10948 259 368
8616 10949 261 368
8616 10950 263 369
8616 10951 266 371
8616 10952 268 372
8616 10953 270 371
8616 10954 273 373
8616 10955 274 375
8616 10956 275 375
8616 10957 278 375
8616 10958 280 373
8616 10959 283 379
8616 10960 285 376
8616 10961 287 380
8616 10962 289 382
8616 10963 291 383
8616 10964 293 379
8616 10965 293 384
8616 10966 296 386
8616 10967 298 388
8616 10968 301 388
8616 10969 303 389
8616 10970 306 391
8616 10971 310 391
8616 10972 311 387
8629 10940 480 392
8629 10941 478 395
8629 10942 476 398
8629 10943 473 398
8629 10944 471 392
8629 10945 470 394
8629 10946 468 394
8629 10947 467 390
8629 10948 463 390
8629 10949 460 389
8629 10950 459 388
8629 10951 456 389
8629 10952 454 387
8629 10953 454 385
8629 10954 452 383
8629 10955 450 382
8629 10956 447 380
8629 10957 446 379
8629 10958 443 380
8629 10959 440 379
8629 10960 438 374
8629 10961 437 375
8629 10962 436 375
8629 10963 435 375
8629 10964 432 373
8629 10965 430 370
8629 10966 427 370
8629 10967 425 370
8629 10968 422 368
8629 10969 421 365
8629 10970 421 367
8629 10971 417 366
8629 10972 417 370
8637 10945 450 263
8637 10946 454 265
8637 10947 444 261
8637 10948 434 262
8637 10949 423 260
8637 10950 414 259
8637 10951 404 258
8637 10952 395 257
8637 10953 384 257
8637 10954 374 256
8637 10955 366 256
8637 10956 357 255
8637 10957 347 254
8637 10958 337 253
8637 10959 327 252
8637 10960 318 251
8637 10961 311 251
8637 10962 320 255
8685 10981 336 413
8685 10982 337 405
8685 10983 340 403
8685 10984 342 407
8685 10985 344 409
8685 10986 349 409
8685 10987 350 412
8685 10988 352 415
8685 10989 353 413
8685 10990 357 413
8685 10991 360 418
8685 10992 361 417
8685 10993 365 422
8685 10994 367 418
8685 10995 370 424
8685 10996 374 427
8685 10997 377 426
8685 10998 379 428
8685 10999 382 431
8685 11000 385 431
8685 11001 387 431
8685 11002 390 433
8685 11003 395 436
8685 11004 398 437
8685 11005 403 436
8685 11006 406 440
8685 11007 409 440
8685 11008 413 439
8685 11009 411 437
8746 11017 485 269
8746 11018 480 271
8746 11019 480 270
8746 11020 485 269
8746 11021 493 257
8746 11022 486 256
8746 11023 479 255
8746 11024 473 254
8746 11025 464 256
8746 11026 457 260
8746 11027 453 255
8746 11028 447 257
8746 11029 441 252
8746 11030 435 253
8746 11031 430 252
8746 11032 425 251
8746 11033 420 250
8746 11034 414 251
8746 11035 408 251
8746 11036 404 250
8746 11037 399 251
8746 11038 393 250
8746 11039 387 249
8746 11040 384 248
8746 11041 379 248
8746 11042 376 247
8746 11043 370 248
8746 11044 365 246
8746 11045 359 247
8767 11033 322 313
8767 11034 324 317
8767 11035 322 317
8767 11036 321 319
8767 11037 319 316
8767 11038 318 315
8767 11039 316 315
8767 11040 315 315
8767 11041 313 314
8767 11042 313 314
8767 11043 312 313
8767 11044 310 312
8767 11045 308 310
8767 11046 307 310
8767 11047 305 311
8767 11048 303 309
8767 11049 300 309
8767 11050 301 309
8767 11051 299 308
8767 11052 298 307
8767 11053 295 306
8767 11054 295 306
8767 11055 294 306
8767 11056 290 305
8767 11057 288 304
8767 11058 289 304
8767 11059 288 304
8767 11060 286 303
8767 11061 283 302
8767 11062 281 302
8767 11063 280 302
8767 11064 278 302
8767 11065 276 302
8767 11066 276 301
8767 11067 274 301
8767 11068 273 300
8767 11069 272 300
8767 11070 270 299
8767 11071 268 300
8767 11072 267 300
8767 11073 265 299
8767 11074 264 297
8767 11075 263 297
8767 11076 263 296
8767 11077 260 296
8767 11078 257 296
8767 11079 257 296
8767 11080 256 296
8767 11081 253 295
8767 11082 252 295
8767 11083 251 295
8767 11084 250 294
8767 11085 248 294
8767 11086 246 293
8767 11087 244 294
8767 11088 244 297
8767 11089 241 294
8767 11090 240 294
8767 11091 238 297
8767 11092 237 297
8767 11093 235 298
8767 11094 233 296
8767 11095 231 296
8767 11096 233 297
8767 11097 229 294
8767 11098 227 295
8767 11099 225 293
8767 11100 224 293
8805 11063 254 324
8805 11064 252 322
8805 11065 252 324
8805 11066 251 326
8805 11067 249 327
8805 11068 249 326
8805 11069 247 328
8805 11070 247 329
8805 11071 246 330
8805 11072 243 330
8805 11073 248 332
8805 11074 247 332
8805 11075 246 333
8805 11076 245 333
8805 11077 244 334
8805 11078 243 335
8805 11079 242 337
8805 11080 242 336
8805 11081 239 337
8805 11082 239 339
8805 11083 238 340
8805 11084 236 340
8805 11085 236 342
8805 11086 231 343
8805 11087 234 343
8805 11088 238 344
8805 11089 244 344
8805 11090 244 345
8805 11091 240 346
8805 11092 239 348
8805 11093 239 349
8805 11094 239 349
8805 11095 237 349
8805 11096 237 351
8805 11097 236 354
8805 11098 236 351
8805 11099 232 354
8805 11100 233 356
8805 11101 233 356
8805 11102 231 357
8805 11103 229 357
8805 11104 229 359
8805 11105 229 360
8805 11106 227 360
8805 11107 223 359
8805 11108 225 363
8805 11109 223 365
8805 11110 222 364
8805 11111 221 365
8805 11112 219 367
8805 11113 218 367
8805 11114 217 368
8805 11115 215 368
8805 11116 214 371
8805 11117 211 373
8805 11118 210 375
8805 11119 212 376
8805 11120 207 375
8805 11121 205 377
8805 11122 204 377
8805 11123 203 377
8805 11124 198 379
8805 11125 197 382
8805 11126 195 383
8805 11127 186 382
8805 11128 193 383
8805 11129 192 385
8805 11130 190 387
8805 11131 196 386
8812 11068 195 256
8812 11069 201 251
8812 11070 197 254
8812 11071 190 255
8812 11072 185 253
8812 11073 183 257
8812 11074 179 257
8812 11075 175 260
8812 11076 169 259
8812 11077 166 262
8812 11078 161 263
8812 11079 157 266
8812 11080 154 267
8812 11081 149 270
8812 11082 144 273
8812 11083 140 274
8812 11084 136 276
8812 11085 130 277
8812 11086 125 279
8812 11087 119 283
8812 11088 115 284
8812 11089 107 287
8812 11090 100 292
8812 11091 96 293
8812 11092 91 294
8812 11093 84 296
8812 11094 77 299
8812 11095 72 304
8812 11096 65 305
8812 11097 58 310
8812 11098 50 312
8812 11099 42 314
8812 11100 37 317
8812 11101 29 319
8812 11102 21 326
8812 11103 18 328
8812 11104 14 330
8812 11105 11 332
8812 11106 7 333
8814 11070 234 249
8814 11071 228 246
8814 11072 222 251
8814 11073 216 247
8814 11074 213 251
8814 11075 206 248
8814 11076 200 247
8814 11077 194 251
8814 11078 189 252
8814 11079 185 252
8814 11080 179 255
8814 11081 174 256
8814 11082 170 258
8814 11083 166 259
8814 11084 161 262
8814 11085 156 263
8814 11086 151 266
8814 11087 148 268
8814 11088 146 268
8814 11089 141 264
8833 11089 226 346
8833 11090 224 346
8833 11091 223 346
8833 11092 223 348
8833 11093 222 349
8833 11094 221 350
8833 11095 219 350
8833 11096 218 352
8833 11097 215 353
8833 11098 213 353
8833 11099 213 354
8833 11100 211 357
8833 11101 211 358
8833 11102 209 355
8833 11103 207 358
8833 11104 205 360
8833 11105 204 360
8833 11106 201 360
8833 11107 200 362
8833 11108 200 364
8833 11109 199 365
8833 11110 199 365
8833 11111 195 366
8833 11112 194 368
8833 11113 193 369
8833 11114 192 369
8833 11115 190 369
8833 11116 189 372
8833 11117 188 373
8833 11118 185 373
8833 11119 185 373
8833 11120 183 375
8833 11121 181 376
8833 11122 180 376
8833 11123 179 377
8833 11124 177 380
8833 11125 176 381
8833 11126 175 379
8836 11089 142 275
8836 11090 135 276
8836 11091 132 279
8836 11092 122 276
8836 11093 120 279
8836 11094 116 284
8836 11095 112 284
8836 11096 100 286
8836 11097 94 292
8836 11098 94 290
8836 11099 84 298
8836 11100 77 300
8836 11101 80 306
8836 11102 81 310
8848 11101 61 292
8848 11102 65 306
8848 11103 56 306
8848 11104 44 308
8848 11105 37 309
8848 11106 28 315
8848 11107 20 317
8848 11108 14 320
8848 11109 10 324
8848 11110 6 329
9135 11433 62 437
9135 11434 63 432
9135 11435 62 431
9135 11436 58 433
9135 11437 56 431
9135 11438 55 437
9135 11439 52 440
9135 11440 49 442
9135 11441 50 440
9135 11442 49 442
9135 11443 48 444
9135 11444 46 443
9135 11445 41 443
9135 11446 39 448
9135 11447 37 449
9135 11448 37 448
9135 11449 33 449
9135 11450 31 451
9135 11451 31 453
9135 11452 29 451
9135 11453 25 453
9135 11454 20 455
9135 11455 18 458
9135 11456 17 455
9135 11457 15 455
9135 11458 12 457
9135 11459 10 459
9135 11460 9 460
9135 11461 7 459
9135 11462 4 461
9135 11463 3 461
9135 11464 4 471
9312 11677 588 440
9312 11678 587 432
9312 11679 583 435
9312 11680 582 431
9312 11681 577 432
9312 11682 574 431
9312 11683 570 434
9312 11684 566 430
9312 11685 565 430
9312 11686 561 431
9312 11687 558 430
9312 11688 557 429
9312 11689 555 428
9312 11690 551 428
9312 11691 549 426
9312 11692 546 424
9312 11693 542 424
9312 11694 539 423
9312 11695 538 422
9312 11696 534 420
9312 11697 531 420
9312 11698 528 418
9312 11699 528 417
9312 11700 526 415
9312 11701 523 416
9312 11702 520 414
9312 11703 517 412
9312 11704 514 411
9312 11705 512 411
9312 11706 510 409
9312 11707 508 407
9312 11708 505 407
9312 11709 505 410
9336 11695 496 396
9336 11696 499 392
9336 11697 496 390
9336 11698 494 388
9336 11699 497 388
9336 11700 495 387
9336 11701 488 385
9336 11702 486 386
9336 11703 486 384
9336 11704 485 383
9336 11705 481 383
9336 11706 482 382
9336 11707 481 379
9336 11708 479 378
9336 11709 478 377
9336 11710 475 379
9336 11711 473 377
9336 11712 470 376
9336 11713 470 374
9336 11714 465 374
9336 11715 465 373
9336 11716 465 372
9336 11717 462 371
9336 11718 461 374
9336 11719 458 370
9336 11720 456 369
9336 11721 451 368
9336 11722 454 368
9336 11723 452 366
9336 11724 451 365
9336 11725 449 363
9336 11726 447 365
9336 11727 447 375
9336 11728 451 384
9336 11729 451 383
9336 11730 449 383
9376 11729 434 361
9376 11730 438 360
9376 11731 438 368
9376 11732 436 368
9376 11733 436 367
9376 11734 435 366
9376 11735 433 365
9376 11736 428 362
9376 11737 427 363
9376 11738 426 360
9376 11739 424 361
9376 11740 425 358
9376 11741 422 358
9376 11742 421 356
9376 11743 419 358
9376 11744 417 356
9376 11745 413 356
9376 11746 411 355
9376 11747 413 353
9376 11748 412 354
9376 11749 408 353
9376 11750 408 353
9376 11751 407 348
9376 11752 407 347
9376 11753 404 350
9376 11754 403 348
9376 11755 401 346
9376 11756 402 346
9376 11757 400 347
9376 11758 397 346
9376 11759 396 343
9376 11760 394 344
9376 11761 392 343
9376 11762 391 336
9376 11763 389 342
9376 11764 387 341
9376 11765 387 334
9376 11766 385 337
9376 11767 383 338
9376 11768 378 332
9376 11769 379 339
9376 11770 379 336
9376 11771 377 337
9376 11772 375 335
9376 11773 374 335
9376 11774 372 335
9376 11775 370 334
9376 11776 370 331
9376 11777 368 332
9376 11778 366 332
9376 11779 365 331
9376 11780 364 331
9376 11781 362 329
9376 11782 366 322
9419 11773 268 385
9419 11774 269 381
9419 11775 271 382
9419 11776 272 387
9419 11777 276 383
9419 11778 278 384
9419 11779 281 391
9419 11780 283 389
9419 11781 285 390
9419 11782 288 391
9419 11783 289 390
9419 11784 291 393
9419 11785 292 394
9419 11786 295 395
9419 11787 298 396
9419 11788 300 399
9419 11789 303 400
9419 11790 308 403
9419 11791 307 403
9419 11792 311 404
9419 11793 315 405
9419 11794 317 407
9419 11795 319 408
9419 11796 323 408
9419 11797 326 410
9419 11798 333 413
9419 11799 334 412
9419 11800 337 415
9419 11801 341 417
9419 11802 345 419
9419 11803 349 418
9419 11804 352 421
9419 11805 353 422
9419 11806 355 418
9434 11806 360 420
9434 11807 362 425
9434 11808 364 427
9434 11809 369 428
9434 11810 373 429
9434 11811 375 432
9434 11812 378 432
9434 11813 384 430
9434 11814 386 435
9434 11815 388 437
9434 11816 392 436
9434 11817 397 440
9434 11818 398 442
9434 11819 403 443
9434 11820 409 450
9434 11821 410 447
9434 11822 414 449
9434 11823 420 448
9434 11824 422 452
9434 11825 423 457
9434 11826 428 452
9434 11827 427 447
9436 11813 308 315
9436 11814 306 312
9436 11815 304 313
9436 11816 303 311
9436 11817 302 312
9436 11818 300 311
9436 11819 298 310
9436 11820 297 310
9436 11821 296 309
9436 11822 294 308
9436 11823 293 307
9436 11824 291 308
9436 11825 291 307
9436 11826 289 306
9436 11827 287 305
9436 11828 286 306
9436 11829 285 304
9436 11830 283 304
9436 11831 280 304
9436 11832 280 304
9436 11833 278 302
9436 11834 277 302
9436 11835 276 302
9436 11836 274 301
9436 11837 272 301
9436 11838 269 300
9436 11839 268 300
9436 11840 267 300
9436 11841 266 299
9436 11842 264 299
9436 11843 263 298
9436 11844 261 297
9436 11845 260 297
9436 11846 257 297
9436 11847 257 296
9436 11848 255 295
9436 11849 253 296
9436 11850 252 296
9436 11851 250 294
9436 11852 248 294
9436 11853 246 294
9436 11854 244 294
9436 11855 242 294
9436 11856 241 297
9436 11857 239 295
9436 11858 237 295
9436 11859 236 294
9436 11860 234 296
9436 11861 232 295
9436 11862 231 295
9436 11863 229 294
9436 11864 226 293
9623 12028 325 319
9623 12029 323 319
9623 12030 323 318
9623 12031 322 318
9623 12032 321 318
9623 12033 320 317
9623 12034 319 317
9623 12035 316 315
9623 12036 315 316
9623 12037 314 316
9623 12038 313 315
9623 12039 311 314
9623 12040 310 314
9623 12041 308 313
9623 12042 307 312
9623 12043 305 311
9623 12044 304 311
9623 12045 302 310
9623 12046 301 310
9623 12047 299 310
9623 12048 299 309
9623 12049 297 309
9623 12050 295 307
9623 12051 292 307
9623 12052 291 307
9623 12053 291 306
9623 12054 289 305
9623 12055 287 306
9623 12056 287 306
9623 12057 284 305
9623 12058 282 304
9623 12059 280 304
9623 12060 279 305
9623 12061 279 303
9623 12062 277 303
9623 12063 275 303
9623 12064 273 303
9623 12065 272 305
9623 12066 270 302
9623 12067 269 302
9623 12068 268 300
9623 12069 267 300
9623 12070 265 299
9623 12071 265 300
9623 12072 262 300
9623 12073 261 299
9623 12074 259 297
9623 12075 258 298
9623 12076 257 297
9623 12077 256 297
9623 12078 254 297
9623 12079 252 297
9623 12080 250 296
9623 12081 249 296
9623 12082 247 297
9623 12083 247 296
9623 12084 245 296
9623 12085 244 296
9623 12086 244 296
9623 12087 240 296
9623 12088 240 293
9623 12089 237 298
9623 12090 238 296
9623 12091 237 299
9649 12097 571 280
9649 12098 576 280
9649 12099 580 279
9649 12100 583 280
9649 12101 586 280
9649 12102 593 281
9649 12103 601 281
9649 12104 609 281
9649 12105 614 282
9649 12106 618 282
9649 12107 626 284
9649 12108 627 284
9649 12109 631 282
9649 12110 634 290
9649 12111 621 265
9690 12213 242 246
9690 12214 250 252
9690 12215 260 253
9690 12216 270 253
9690 12217 283 254
9690 12218 295 256
9690 12219 306 257
9690 12220 321 258
9690 12221 338 260
9690 12222 352 260
9690 12223 362 260
9690 12224 377 262
9690 12225 392 264
9690 12226 407 265
9690 12227 423 266
9690 12228 442 268
9690 12229 456 268
9690 12230 464 268
9690 12231 469 270
9690 12232 479 272
9690 12233 487 270
9702 12322 484 267
9702 12323 478 264
9702 12324 471 264
9702 12325 460 265
9702 12326 448 265
9702 12327 434 264
9702 12328 419 262
9702 12329 406 262
9702 12330 392 260
9702 12331 378 259
9702 12332 362 257
9702 12333 348 256
9702 12334 336 256
9702 12335 324 255
9702 12336 310 254
9702 12337 296 252
9702 12338 283 251
9702 12339 272 251
9702 12340 262 250
9702 12341 249 249
9702 12342 245 249
9702 12343 241 247
9702 12344 226 246
9875 12450 233 339
9875 12451 235 341
9875 12452 236 342
9875 12453 237 342
9875 12454 238 343
9875 12455 241 344
9875 12456 243 345
9875 12457 243 345
9875 12458 245 346
9875 12459 247 347
9875 12460 249 347
9875 12461 250 348
9875 12462 251 349
9875 12463 254 350
9875 12464 256 350
9875 12465 257 351
9875 12466 259 352
9875 12467 260 353
9875 12468 262 354
9875 12469 264 355
9875 12470 265 356
9875 12471 268 356
9875 12472 269 357
9875 12473 271 358
9875 12474 273 359
9875 12475 274 360
9875 12476 276 361
9875 12477 279 361
9875 12478 281 362
9875 12479 282 362
9875 12480 283 363
9875 12481 284 363
9875 12482 285 364
9875 12483 287 366
9875 12484 291 365
9875 12485 290 366
9950 12505 167 270
9950 12506 167 272
9950 12507 163 275
9950 12508 159 275
9950 12509 154 275
9950 12510 154 277
9950 12511 147 281
9950 12512 143 283
9950 12513 140 284
9950 12514 135 288
9950 12515 135 289
9950 12516 126 292
9950 12517 121 292
9950 12518 116 295
9950 12519 111 298
9950 12520 106 300
9950 12521 102 304
9950 12522 97 304
9961 12513 148 273
9961 12514 164 278
9961 12515 159 277
9961 12516 155 278
9961 12517 149 280
9961 12518 145 281
9961 12519 141 284
9961 12520 139 290
9961 12521 133 290
9961 12522 126 289
9961 12523 123 291
9961 12524 117 295
9961 12525 109 297
9961 12526 107 300
9976 12526 96 293
9976 12527 99 299
9976 12528 96 302
9976 12529 92 305
9976 12530 87 308
9976 12531 81 310
9976 12532 70 309
9976 12533 69 314
9976 12534 64 316
9976 12535 60 319
9976 12536 55 320
9976 12537 50 323
9976 12538 44 323
9976 12539 42 326
9976 12540 36 329
9976 12541 33 331
9976 12542 27 334
9976 12543 23 336
9976 12544 20 337
9976 12545 17 339
9976 12546 14 342
9976 12547 12 344
9976 12548 9 348
9976 12549 10 352
9976 12550 6 353
9976 12551 4 357
10007 12551 300 379
10007 12552 302 380
10007 12553 302 385
10007 12554 303 381
10007 12555 304 383
10007 12556 304 388
10007 12557 306 389
10007 12558 308 387
10007 12559 309 389
10007 12560 310 390
10007 12561 311 391
10007 12562 314 391
10007 12563 316 388
10007 12564 317 394
10007 12565 318 389
10007 12566 322 397
10007 12567 325 397
10007 12568 325 398
10007 12569 330 398
10007 12570 329 395
10007 12571 331 400
10007 12572 333 401
10007 12573 339 398
10007 12574 340 399
10007 12575 339 404
10007 12576 344 407
10007 12577 345 406
10007 12578 347 404
10007 12579 348 404
10007 12580 352 407
10007 12581 352 410
10007 12582 358 409
10007 12583 359 410
10007 12584 361 411
10007 12585 359 417
10016 12561 488 268
10016 12562 481 268
10016 12563 478 264
10016 12564 474 264
10016 12565 471 263
10016 12566 465 263
10016 12567 456 263
10016 12568 447 262
10016 12569 441 262
10016 12570 434 261
10016 12571 425 260
10016 12572 419 260
10016 12573 410 260
10016 12574 403 260
10016 12575 398 258
10016 12576 391 257
10016 12577 384 257
10016 12578 378 256
10016 12579 372 256
10016 12580 366 256
10016 12581 370 255
10184 12742 240 331
10184 12743 244 332
10184 12744 248 333
10184 12745 250 333
10184 12746 255 333
10184 12747 258 333
10184 12748 260 334
10184 12749 265 333
10184 12750 269 334
10184 12751 271 335
10184 12752 274 334
10184 12753 278 335
10184 12754 284 336
10184 12755 285 335
10184 12756 288 336
10184 12757 291 337
10184 12758 295 338
10184 12759 298 337
10184 12760 302 338
10184 12761 304 339
10184 12762 307 340
10184 12763 312 340
10184 12764 316 341
10184 12765 318 341
10184 12766 320 341
10184 12767 325 342
10184 12768 328 339
10184 12769 330 345
10184 12770 333 346
10184 12771 339 340
10184 12772 344 336
10184 12773 346 335
10184 12774 351 337
10184 12775 355 337
10184 12776 356 337
10184 12777 358 340
10184 12778 364 341
10184 12779 364 341
10184 12780 369 340
10184 12781 373 342
10184 12782 375 342
10184 12783 381 342
10184 12784 383 343
10184 12785 386 343
10184 12786 390 342
10184 12787 394 343
10184 12788 397 344
10184 12789 398 343
10184 12790 404 343
10184 12791 408 344
10184 12792 409 344
10184 12793 414 343
10184 12794 418 344
10184 12795 421 344
10184 12796 423 345
10184 12797 430 343
10184 12798 431 345
10184 12799 434 345
10184 12800 438 345
10184 12801 442 345
10184 12802 445 346
10184 12803 447 346
10184 12804 454 343
10184 12805 457 347
10184 12806 458 347
10184 12807 458 350