889 1501 163 249
889 1502 161 247
889 1503 161 248
889 1504 163 251
889 1505 163 253
889 1506 164 251
889 1507 163 256
889 1508 164 257
889 1509 164 257
889 1510 162 254
889 1511 164 258
889 1512 163 255
889 1513 163 262
889 1514 163 264
889 1515 161 258
889 1516 160 264
889 1517 158 265
889 1518 157 262
889 1519 155 263
889 1520 155 264
889 1521 152 265
889 1522 153 267
889 1523 146 268
889 1524 145 270
889 1525 143 271
889 1526 139 273
889 1527 137 275
889 1528 135 276
889 1529 132 278
889 1530 129 279
889 1531 127 280
889 1532 125 282
889 1533 123 284
889 1534 120 285
889 1535 118 286
889 1536 117 289
889 1537 116 283
930 1558 171 246
930 1559 171 247
930 1560 172 248
930 1561 175 251
930 1562 174 252
930 1563 172 249
930 1564 176 253
930 1565 175 250
930 1566 173 251
930 1567 173 251
930 1568 173 251
930 1569 172 255
930 1570 173 261
930 1571 171 255
930 1572 161 253
930 1573 162 257
930 1574 163 259
930 1575 163 260
930 1576 163 261
930 1577 159 264
930 1578 157 263
930 1579 159 265
930 1580 153 266
930 1581 149 261
930 1582 146 270
930 1583 145 271
930 1584 140 273
930 1585 137 275
930 1586 134 276
930 1587 132 278
930 1588 126 280
930 1589 123 282
930 1590 118 284
930 1591 114 285
930 1592 111 287
930 1593 105 288
930 1594 101 291
930 1595 96 292
930 1596 92 294
930 1597 86 297
930 1598 82 299
930 1599 77 298
930 1600 72 299
930 1601 66 305
930 1602 77 302
930 1603 86 291
930 1604 83 293
932 1561 150 315
932 1562 143 314
932 1563 144 313
932 1564 146 315
932 1565 146 313
932 1566 143 314
932 1567 152 315
932 1568 156 317
932 1569 158 317
932 1570 160 318
932 1571 150 317
932 1572 164 319
932 1573 168 320
932 1574 169 321
932 1575 173 322
932 1576 176 322
932 1577 170 316
932 1578 176 317
932 1579 180 325
932 1580 181 330
932 1581 184 327
932 1582 187 331
932 1583 187 328
932 1584 187 328
932 1585 187 328
932 1586 189 333
932 1587 183 337
932 1588 190 335
932 1589 191 338
932 1590 192 339
932 1591 193 347
932 1592 186 338
932 1593 188 339
932 1594 190 340
932 1595 194 340
932 1596 190 327
932 1597 196 321
935 1562 117 292
935 1563 117 292
935 1564 116 293
935 1565 117 294
935 1566 119 294
935 1567 120 294
935 1568 121 296
935 1569 124 296
935 1570 120 298
935 1571 123 300
935 1572 125 302
935 1573 127 301
935 1574 129 302
935 1575 130 302
935 1576 132 303
935 1577 129 304
935 1578 134 304
935 1579 136 304
935 1580 139 305
935 1581 140 306
935 1582 141 306
935 1583 144 308
935 1584 145 315
935 1585 147 309
935 1586 149 308
935 1587 150 310
935 1588 152 311
935 1589 155 310
935 1590 157 312
935 1591 162 311
935 1592 161 313
935 1593 163 313
935 1594 163 313
935 1595 164 315
935 1596 166 314
935 1597 167 317
935 1598 170 317
935 1599 171 318
935 1600 173 317
935 1601 174 323
935 1602 174 319
935 1603 175 318
935 1604 175 316
935 1605 178 319
935 1606 178 322
935 1607 179 318
935 1608 179 321
935 1609 180 320
958 1584 165 270
958 1585 163 262
958 1586 163 266
958 1587 158 261
958 1588 148 266
958 1589 146 272
958 1590 143 274
958 1591 143 275
958 1592 136 272
958 1593 133 276
958 1594 127 280
958 1595 125 283
958 1596 122 284
958 1597 118 286
958 1598 114 286
958 1599 107 290
958 1600 105 289
958 1601 98 293
964 1587 171 259
964 1588 171 261
964 1589 169 261
964 1590 168 262
964 1591 168 262
964 1592 166 264
964 1593 165 266
964 1594 163 267
964 1595 159 265
964 1596 157 266
964 1597 154 270
964 1598 152 272
964 1599 149 273
964 1600 145 275
964 1601 143 276
964 1602 141 278
964 1603 136 279
964 1604 134 282
964 1605 131 283
964 1606 125 284
964 1607 121 287
964 1608 117 289
964 1609 113 292
964 1610 117 290
964 1611 117 284
972 1595 193 366
972 1596 191 355
972 1597 190 350
972 1598 190 343
972 1599 188 344
972 1600 188 346
972 1601 188 351
972 1602 187 352
972 1603 185 354
972 1604 185 355
972 1605 182 357
972 1606 180 358
972 1607 178 357
972 1608 176 362
972 1609 174 367
972 1610 171 366
972 1611 170 370
972 1612 167 372
972 1613 166 374
972 1614 163 375
972 1615 163 375
972 1616 157 377
972 1617 158 379
972 1618 152 381
972 1619 149 385
972 1620 147 385
972 1621 140 390
972 1622 146 388
972 1623 143 390
972 1624 134 395
972 1625 139 394
972 1626 127 391
972 1627 122 402
972 1628 124 400
972 1629 114 406
972 1630 112 405
972 1631 109 408
972 1632 107 409
972 1633 104 412
972 1634 99 414
972 1635 101 414
972 1636 98 415
972 1637 94 419
999 1615 189 335
999 1616 188 340
999 1617 190 344
999 1618 185 341
999 1619 180 347
999 1620 176 348
999 1621 177 350
999 1622 175 352
999 1623 173 353
999 1624 170 353
999 1625 169 357
999 1626 166 359
999 1627 166 356
999 1628 165 361
999 1629 163 360
999 1630 162 360
999 1631 160 365
999 1632 159 367
999 1633 157 367
999 1634 155 361
999 1635 154 366
999 1636 153 370
999 1637 151 371
999 1638 149 360
999 1639 150 370
999 1640 149 372
999 1641 148 371
999 1642 148 371
999 1643 146 374
999 1644 147 372
999 1645 144 364
999 1646 145 372
1404 2241 346 257
1404 2242 367 259
1404 2243 389 262
1404 2244 410 263
1404 2245 432 265
1404 2246 449 267
1404 2247 465 267
1404 2248 470 268
1404 2249 478 269
1404 2250 485 270
1588 2655 278 252
1588 2656 288 252
1588 2657 299 254
1588 2658 311 255
1588 2659 322 256
1588 2660 331 256
1588 2661 340 255
1588 2662 352 259
1588 2663 361 259
1588 2664 372 260
1588 2665 385 260
1588 2666 397 262
1588 2667 408 264
1588 2668 418 263
1588 2669 428 264
1588 2670 439 266
1588 2671 452 266
1588 2672 463 267
1588 2673 469 266
1588 2674 473 268
1588 2675 479 267
1588 2676 481 269
2076 3843 455 368
2076 3844 453 372
2076 3845 452 371
2076 3846 448 371
2076 3847 448 371
2076 3848 443 377
2076 3849 441 378
2076 3850 439 377
2076 3851 435 381
2076 3852 435 379
2076 3853 432 382
2076 3854 430 383
2076 3855 428 386
2076 3856 427 387
2076 3857 424 385
2076 3858 423 387
2076 3859 421 390
2076 3860 418 393
2076 3861 416 392
2076 3862 412 393
2076 3863 410 394
2076 3864 406 392
2076 3865 406 389
2076 3866 404 390
2076 3867 404 389
2076 3868 400 391
2076 3869 397 393
2076 3870 394 396
2076 3871 393 398
2121 3876 361 457
2121 3877 365 460
2121 3878 365 456
2121 3879 364 451
2121 3880 361 458
2121 3881 360 454
2121 3882 359 458
2121 3883 358 456
2121 3884 355 461
2121 3885 353 462
2121 3886 351 460
2121 3887 349 462
2121 3888 346 464
2121 3889 345 466
2121 3890 342 464
2121 3891 339 465
2121 3892 334 467
2121 3893 333 467
2121 3894 331 469
2121 3895 328 468
2121 3896 325 467
2121 3897 321 468
2121 3898 319 470
2121 3899 317 470
2121 3900 314 470
2121 3901 309 471
2121 3902 304 474
2121 3903 303 472
2121 3904 300 472
2121 3905 296 473
2121 3906 294 474
2138 3892 363 427
2138 3893 365 425
2138 3894 364 428
2138 3895 363 422
2138 3896 359 430
2138 3897 357 431
2138 3898 353 429
2138 3899 351 431
2138 3900 347 433
2138 3901 344 434
2138 3902 341 432
2138 3903 339 433
2138 3904 336 437
2138 3905 333 438
2138 3906 331 438
2138 3907 327 438
2138 3908 321 441
2138 3909 319 440
2138 3910 317 443
2138 3911 316 442
2138 3912 311 445
2138 3913 306 446
2138 3914 304 448
2138 3915 299 448
2138 3916 294 450
2138 3917 294 445
2138 3918 289 452
2138 3919 288 452
2138 3920 287 452
2138 3921 281 456
2138 3922 277 458
2138 3923 274 457
2138 3924 270 460
2138 3925 268 458
2138 3926 265 462
2138 3927 263 466
2138 3928 260 464
2138 3929 257 464
2138 3930 255 467
2138 3931 252 466
2138 3932 249 467
2138 3933 244 470
2138 3934 242 471
2138 3935 242 468
2200 3995 54 322
2200 3996 61 321
2200 3997 70 318
2200 3998 77 314
2200 3999 83 312
2200 4000 88 309
2200 4001 96 304
2200 4002 101 303
2200 4003 106 300
2200 4004 111 300
2200 4005 117 297
2200 4006 122 294
2200 4007 126 292
2200 4008 131 291
2200 4009 135 288
2200 4010 137 286
2200 4011 141 285
2200 4012 144 283
2200 4013 149 282
2200 4014 151 281
2200 4015 153 279
2200 4016 157 278
2200 4017 160 277
2200 4018 162 276
2200 4019 164 273
2200 4020 168 273
2200 4021 170 272
2200 4022 171 271
2200 4023 173 270
2200 4024 175 269
2200 4025 178 269
2200 4026 179 268
2200 4027 180 266
2200 4028 182 266
2200 4029 183 265
2200 4030 183 265
2200 4031 185 264
2200 4032 186 264
2200 4033 187 264
2200 4034 186 268
2204 4014 249 252
2204 4015 250 252
2204 4016 262 253
2204 4017 270 254
2204 4018 280 255
2204 4019 291 256
2204 4020 301 256
2204 4021 311 257
2204 4022 323 258
2204 4023 335 259
2204 4024 347 260
2204 4025 360 261
2204 4026 371 262
2204 4027 382 263
2204 4028 395 265
2204 4029 409 265
2204 4030 420 266
2204 4031 430 267
2204 4032 445 268
2204 4033 458 269
2204 4034 464 270
2204 4035 474 270
2204 4036 479 271
2204 4037 487 274
2271 4174 487 266
2271 4175 482 263
2271 4176 475 264
2271 4177 466 262
2271 4178 455 261
2271 4179 446 261
2271 4180 435 261
2271 4181 424 258
2271 4182 410 258
2271 4183 402 256
2271 4184 393 257
2271 4185 384 255
2271 4186 377 255
2271 4187 370 252
2271 4188 362 254
2271 4189 356 253
2271 4190 350 253
2271 4191 342 252
2271 4192 336 251
2271 4193 331 251
2271 4194 326 251
2271 4195 320 250
2271 4196 314 250
2271 4197 311 249
2271 4198 307 249
2271 4199 303 248
2271 4200 299 250
2271 4201 294 249
2271 4202 291 248
2271 4203 286 248
2271 4204 281 248
2271 4205 279 247
2271 4206 274 247
2271 4207 270 247
2271 4208 265 247
2271 4209 271 247
2296 4220 207 247
2296 4221 211 247
2296 4222 205 248
2296 4223 202 248
2296 4224 199 249
2296 4225 194 249
2296 4226 189 251
2296 4227 186 251
2296 4228 183 253
2296 4229 180 254
2296 4230 176 256
2296 4231 172 256
2296 4232 168 258
2296 4233 165 259
2296 4234 161 261
2296 4235 157 263
2296 4236 152 266
2296 4237 150 266
2296 4238 148 267
2296 4239 144 269
2296 4240 142 271
2296 4241 137 272
2296 4242 133 275
2296 4243 128 276
2296 4244 125 279
2296 4245 120 281
2296 4246 115 284
2296 4247 111 285
2296 4248 118 281
2310 4248 102 289
2310 4249 104 289
2310 4250 99 291
2310 4251 94 293
2310 4252 90 296
2310 4253 84 298
2310 4254 78 301
2310 4255 73 304
2310 4256 69 306
2310 4257 60 309
2310 4258 54 311
2310 4259 50 314
2310 4260 45 317
2310 4261 38 320
2310 4262 34 322
2310 4263 27 324
2310 4264 24 329
2310 4265 20 333
2310 4266 17 335
2310 4267 14 336
2310 4268 11 336
2310 4269 5 340
2310 4270 5 344
2355 4434 241 251
2355 4435 239 251
2355 4436 267 251
2355 4437 267 252
2355 4438 279 251
2355 4439 272 252
2355 4440 291 255
2355 4441 308 257
2355 4442 322 258
2355 4443 332 258
2355 4444 344 260
2355 4445 359 259
2355 4446 373 261
2355 4447 386 262
2355 4448 401 263
2355 4449 413 265
2355 4450 424 265
2355 4451 439 267
2355 4452 451 268
2355 4453 462 269
2355 4454 464 268
2823 5132 263 251
2823 5133 260 251
2823 5134 254 251
2823 5135 254 250
2823 5136 274 255
2823 5137 284 256
2823 5138 293 256
2823 5139 303 257
2823 5140 313 258
2823 5141 325 259
2823 5142 336 259
2823 5143 347 261
2823 5144 357 261
2823 5145 371 262
2823 5146 382 261
2823 5147 390 264
2823 5148 399 261
2823 5149 400 250
2823 5150 401 251
2823 5151 402 254
2823 5152 396 254
2823 5153 389 253
2823 5154 387 254
2823 5155 387 255
2823 5156 393 254
2823 5157 386 258
3022 5235 382 363
3022 5236 383 359
3022 5237 381 359
3022 5238 379 366
3022 5239 376 366
3022 5240 374 367
3022 5241 371 369
3022 5242 369 370
3022 5243 367 369
3022 5244 365 369
3022 5245 363 367
3022 5246 360 374
3022 5247 357 374
3022 5248 355 375
3022 5249 354 370
3022 5250 351 377
3022 5251 349 377
3022 5252 350 377
3022 5253 345 380
3022 5254 343 381
3022 5255 341 381
3022 5256 338 382
3022 5257 337 384
3022 5258 331 384
3022 5259 330 384
3022 5260 327 384
3022 5261 324 387
3022 5262 322 389
3022 5263 320 388
3022 5264 317 390
3022 5265 313 391
3022 5266 312 391
3022 5267 312 387
3022 5268 310 384
3638 5692 428 340
3638 5693 428 344
3638 5694 426 344
3638 5695 425 344
3638 5696 424 344
3638 5697 423 342
3638 5698 422 343
3638 5699 420 341
3638 5700 418 343
3638 5701 418 339
3638 5702 417 341
3638 5703 415 338
3638 5704 414 334
3638 5705 412 339
3638 5706 410 339
3638 5707 410 338
3638 5708 410 339
3638 5709 407 338
3638 5710 405 341
3638 5711 404 337
3638 5712 403 336
3638 5713 402 337
3638 5714 401 336
3638 5715 400 334
3638 5716 398 335
3638 5717 396 334
3638 5718 396 333
3638 5719 395 335
3638 5720 394 334
3638 5721 390 333
3638 5722 390 333
3638 5723 388 332
3638 5724 387 332
3638 5725 387 331
3638 5726 385 327
3638 5727 382 331
3638 5728 382 330
3638 5729 380 330
3638 5730 378 328
3638 5731 378 329
3638 5732 376 328
3638 5733 375 328
3638 5734 375 328
3638 5735 372 323
3638 5736 372 323
3638 5737 371 326
3638 5738 369 325
3638 5739 369 324
3638 5740 368 325
3638 5741 367 324
3638 5742 364 324
3638 5743 364 324
3638 5744 363 323
3638 5745 363 323
3638 5746 360 321
3699 5818 464 413
3699 5819 464 410
3699 5820 463 405
3699 5821 460 403
3699 5822 456 402
3699 5823 454 401
3699 5824 450 399
3699 5825 447 397
3699 5826 445 395
3699 5827 441 396
3699 5828 438 394
3699 5829 435 392
3699 5830 434 390
3699 5831 429 387
3699 5832 427 388
3699 5833 424 387
3699 5834 422 386
3699 5835 417 387
3699 5836 414 383
3699 5837 413 382
3712 5847 382 370
3712 5848 382 370
3712 5849 378 370
3712 5850 377 369
3712 5851 376 368
3712 5852 372 370
3712 5853 370 365
3712 5854 368 364
3712 5855 365 363
3712 5856 363 362
3712 5857 361 362
3712 5858 358 359
3712 5859 354 362
3712 5860 351 358
3712 5861 350 355
3712 5862 348 355
3712 5863 346 356
3712 5864 344 355
3712 5865 340 351
3712 5866 339 351
3712 5867 337 351
3712 5868 335 349
3712 5869 334 348
3712 5870 330 348
3712 5871 330 345
3712 5872 327 345
3712 5873 325 343
3712 5874 324 343
3712 5875 322 345
3712 5876 321 344
3712 5877 319 340
3712 5878 317 337
3712 5879 316 338
3712 5880 314 332
3712 5881 311 336
3712 5882 311 338
3712 5883 310 335
3712 5884 308 337
3712 5885 307 334
3712 5886 306 330
3712 5887 304 330
3712 5888 302 333
3734 5888 302 325
3734 5889 301 328
3734 5890 300 327
3734 5891 299 327
3734 5892 297 326
3734 5893 295 325
3734 5894 295 324
3734 5895 292 325
3734 5896 290 326
3734 5897 290 322
3734 5898 289 323
3734 5899 287 321
3734 5900 285 319
3734 5901 283 318
3734 5902 281 319
3734 5903 281 318
3734 5904 278 317
3734 5905 276 317
3734 5906 274 317
3734 5907 273 315
3734 5908 272 315
3734 5909 270 317
3734 5910 269 314
3734 5911 266 314
3734 5912 264 313
3734 5913 262 312
3734 5914 259 312
3734 5915 258 311
3734 5916 258 313
3734 5917 255 313
3734 5918 253 310
3734 5919 252 308
3734 5920 249 308
3734 5921 248 307
3734 5922 246 306
3734 5923 245 306
3734 5924 244 305
3734 5925 242 305
3734 5926 241 304
3734 5927 240 302
3734 5928 239 303
4173 6538 480 277
4173 6539 476 278
4173 6540 473 279
4173 6541 472 279
4173 6542 470 279
4173 6543 466 278
4173 6544 464 279
4173 6545 463 277
4173 6546 458 279
4173 6547 457 277
4173 6548 456 278
4173 6549 451 276
4173 6550 450 277
4173 6551 449 276
4173 6552 448 277
4173 6553 446 277
4173 6554 441 276
4173 6555 440 276
4173 6556 437 276
4173 6557 436 276
4173 6558 432 275
4173 6559 430 277
4173 6560 429 275
4173 6561 425 276
4173 6562 422 275
4173 6563 421 273
4173 6564 416 275
4173 6565 411 276
4173 6566 408 274
4173 6567 406 271
4173 6568 404 273
4173 6569 402 273
4173 6570 397 272
4173 6571 396 274
4173 6572 394 273
4173 6573 392 273
4173 6574 389 271
4173 6575 387 272
4173 6576 385 272
4173 6577 382 274
4173 6578 378 273
4173 6579 378 272
4173 6580 376 273
4173 6581 371 272
4173 6582 370 273
4173 6583 369 273
4173 6584 367 272
4173 6585 363 272
4173 6586 361 270
4173 6587 360 271
4173 6588 357 268
4173 6589 354 270
4173 6590 353 270
4173 6591 352 270
4173 6592 349 270
4173 6593 345 269
4173 6594 344 269
4173 6595 342 269
4173 6596 338 270
4173 6597 337 268
4173 6598 337 269
4173 6599 335 268
4173 6600 333 265
4430 7132 89 416
4430 7133 89 421
4430 7134 92 437
4430 7135 90 431
4430 7136 95 436
4430 7137 98 442
4430 7138 100 453
4430 7139 98 454
4430 7140 100 457
4430 7141 105 459
4430 7142 109 461
4430 7143 114 462
4430 7144 119 463
4430 7145 126 465
4430 7146 128 467
4430 7147 137 468
4430 7148 141 470
4430 7149 148 472
4430 7150 154 473
4430 7151 166 475
4430 7152 176 476
4589 7853 149 246
4589 7854 151 246
4589 7855 159 249
4589 7856 153 247
4589 7857 156 247
4589 7858 151 246
4589 7859 157 247
4589 7860 158 248
4589 7861 164 251
4589 7862 166 252
4589 7863 162 249
4589 7864 164 251
4589 7865 166 253
4589 7866 165 252
4589 7867 165 254
4589 7868 165 255
4589 7869 164 253
4589 7870 166 258
4589 7871 165 253
4589 7872 165 260
4589 7873 164 257
4589 7874 163 259
4589 7875 163 260
4589 7876 161 256
4589 7877 161 258
4589 7878 161 257
4589 7879 158 263
4589 7880 157 260
4589 7881 155 264
4589 7882 154 266
4589 7883 152 267
4589 7884 151 269
4589 7885 149 271
4589 7886 147 273
4589 7887 143 275
4589 7888 141 277
4589 7889 138 278
4589 7890 136 279
4589 7891 134 281
4589 7892 129 284
4589 7893 124 286
4589 7894 123 288
4589 7895 116 290
4589 7896 115 292
4589 7897 110 294
4589 7898 105 297
4589 7899 101 298
4589 7900 95 300
4589 7901 91 303
4589 7902 87 305
4589 7903 81 307
4589 7904 75 310
4589 7905 69 311
4589 7906 63 314
4589 7907 60 315
4589 7908 57 316
4589 7909 49 319
4589 7910 45 322
4589 7911 40 325
4589 7912 35 326
4589 7913 28 328
4589 7914 25 331
4589 7915 20 332
4589 7916 18 335
4589 7917 18 336
4589 7918 12 335
4589 7919 13 337
4589 7920 9 339
4589 7921 3 339
4788 8295 153 246
4788 8296 158 247
4788 8297 159 247
4788 8298 162 249
4788 8299 165 250
4788 8300 167 251
4788 8301 169 253
4788 8302 170 254
4788 8303 171 256
4788 8304 172 258
4788 8305 171 259
4788 8306 170 261
4788 8307 169 262
4788 8308 168 264
4788 8309 165 266
4788 8310 164 267
4788 8311 161 269
4788 8312 157 273
4788 8313 154 274
4788 8314 149 276
4788 8315 142 280
4788 8316 138 283
4788 8317 133 284
4788 8318 130 287
4788 8319 125 290
4788 8320 120 292
4788 8321 112 295
4788 8322 107 298
4788 8323 100 302
4788 8324 92 305
4788 8325 90 306
4788 8326 82 310
4788 8327 74 313
4788 8328 68 317
4788 8329 60 319
4788 8330 55 322
4788 8331 46 326
4788 8332 38 330
4788 8333 33 333
4788 8334 26 337
4788 8335 22 340
4788 8336 19 343
4788 8337 15 342
4788 8338 10 346
4788 8339 6 349
5001 9278 209 262
5001 9279 212 263
5001 9280 214 262
5001 9281 215 262
5001 9282 217 262
5001 9283 219 262
5001 9284 222 262
5001 9285 222 262
5001 9286 224 263
5001 9287 226 263
5001 9288 229 263
5001 9289 231 262
5001 9290 234 262
5001 9291 234 263
5001 9292 236 262
5001 9293 238 262
5001 9294 242 264
5001 9295 243 264
5001 9296 244 264
5001 9297 246 264
5001 9298 248 264
5001 9299 250 264
5001 9300 252 264
5001 9301 254 264
5001 9302 256 265
5001 9303 258 264
5001 9304 261 265
5001 9305 263 265
5001 9306 264 265
5001 9307 267 265
5001 9308 267 266
5001 9309 271 265
5001 9310 273 265
5001 9311 276 264
5001 9312 278 265
5001 9313 279 264
5001 9314 283 265
5001 9315 284 265
5001 9316 286 265
5001 9317 287 265
5001 9318 290 265
5001 9319 292 266
5001 9320 294 267
5001 9321 294 267
5001 9322 296 266
5001 9323 299 267
5001 9324 301 268
5001 9325 304 268
5001 9326 306 268
5001 9327 308 268
5001 9328 308 268
5001 9329 312 268
5001 9330 312 269
5001 9331 315 269
5001 9332 317 269
5001 9333 318 269
5001 9334 321 270
5001 9335 323 270
5001 9336 326 270
5001 9337 328 270
5001 9338 329 270
5001 9339 331 271
5001 9340 334 271
5001 9341 337 271
5001 9342 337 271
5001 9343 339 271
5001 9344 342 272
5001 9345 345 272
5001 9346 346 271
5001 9347 349 271
5001 9348 352 272
5001 9349 352 275
5001 9350 356 270
5001 9351 358 272
5001 9352 359 273
5001 9353 362 272
5001 9354 363 273
5001 9355 367 272
5001 9356 369 273
5001 9357 369 273
5001 9358 372 273
5001 9359 375 273
5001 9360 376 273
5001 9361 378 273
5001 9362 381 273
5001 9363 383 274
5001 9364 385 273
5001 9365 387 274
5001 9366 390 273
5001 9367 391 275
5001 9368 393 275
5001 9369 395 274
5001 9370 399 275
5001 9371 401 273
5001 9372 402 273
5001 9373 404 274
5001 9374 407 275
5001 9375 409 274
5001 9376 412 274
5001 9377 414 275
5001 9378 415 275
5001 9379 417 275
5001 9380 420 275
5001 9381 422 275
5001 9382 423 275
5001 9383 424 275
5001 9384 429 276
5001 9385 430 276
5001 9386 432 276
5001 9387 435 276
5001 9388 436 276
5001 9389 438 276
5001 9390 441 276
5001 9391 443 277
5001 9392 446 277
5001 9393 447 277
5001 9394 450 277
5001 9395 452 278
5001 9396 454 277
5001 9397 456 277
5001 9398 458 278
5001 9399 460 277
5001 9400 462 277
5001 9401 465 278
5001 9402 467 277
5001 9403 469 277
5001 9404 470 277
5001 9405 473 277
5001 9406 476 277
5001 9407 475 279
5001 9408 479 278
5518 11096 202 246
5518 11097 207 246
5518 11098 216 247
5518 11099 229 248
5518 11100 242 249
5518 11101 249 250
5518 11102 260 251
5518 11103 271 252
5518 11104 284 253
5518 11105 296 254
5518 11106 304 255
5518 11107 317 255
5518 11108 329 256
5518 11109 336 257
5518 11110 351 258
5518 11111 366 259
5518 11112 380 260
5518 11113 387 261
5518 11114 375 254