43 22 217 251
43 23 216 250
43 24 210 251
43 25 212 251
43 26 210 253
43 27 205 254
43 28 205 254
43 29 200 256
43 30 197 257
43 31 195 258
43 32 191 259
43 33 188 260
43 34 185 262
43 35 183 263
43 36 180 265
43 37 176 266
43 38 173 267
43 39 170 268
43 40 165 271
43 41 161 273
43 42 158 275
43 43 155 276
43 44 150 279
43 45 145 281
43 46 141 283
43 47 136 290
43 48 131 293
43 49 126 294
43 50 121 292
43 51 114 295
43 52 110 297
43 53 108 300
43 54 97 303
43 55 92 305
43 56 85 309
43 57 79 311
43 58 73 315
43 59 66 318
43 60 58 321
43 61 52 323
43 62 45 327
43 63 37 331
43 64 29 335
43 65 25 338
43 66 22 342
43 67 18 343
43 68 14 344
43 69 9 347
43 70 7 351
582 558 324 345
582 559 327 345
582 560 321 341
582 561 319 340
582 562 323 341
582 563 321 342
582 564 325 343
582 565 322 342
582 566 325 340
582 567 324 340
582 568 328 343
582 569 333 341
582 570 333 342
582 571 336 344
582 572 337 345
582 573 335 344
582 574 337 344
582 575 340 349
582 576 339 345
582 577 341 348
582 578 346 349
582 579 347 350
582 580 348 350
582 581 349 350
582 582 351 351
582 583 354 353
582 584 354 353
582 585 354 352
582 586 358 352
582 587 359 353
582 588 362 355
582 589 363 356
582 590 368 358
582 591 366 355
582 592 369 359
582 593 374 359
582 594 372 360
582 595 374 358
582 596 376 361
582 597 380 363
582 598 379 362
582 599 382 364
582 600 383 361
582 601 387 365
582 602 386 364
582 603 383 364
582 604 387 364
582 605 390 364
582 606 395 368
582 607 393 364
718 662 409 451
718 663 415 456
718 664 417 452
718 665 420 453
718 666 423 449
718 667 423 448
718 668 427 447
718 669 428 447
718 670 430 443
718 671 433 443
718 672 438 443
718 673 440 441
718 674 442 438
718 675 445 438
718 676 448 436
718 677 450 430
718 678 452 430
718 679 456 430
718 680 460 427
718 681 463 425
718 682 464 426
718 683 466 424
718 684 468 421
718 685 471 421
718 686 475 418
718 687 476 416
718 688 480 415
718 689 476 418
768 686 156 271
768 687 154 271
768 688 150 274
768 689 143 276
768 690 139 277
768 691 134 278
768 692 127 280
768 693 120 280
768 694 113 285
768 695 106 290
768 696 98 293
768 697 90 297
768 698 82 300
768 699 73 304
768 700 63 307
768 701 54 311
768 702 45 316
768 703 33 320
768 704 28 325
768 705 25 329
768 706 20 331
768 707 13 334
768 708 8 338
768 709 5 344
880 788 289 322
880 789 286 322
880 790 288 322
880 791 283 323
880 792 284 324
880 793 285 325
880 794 288 325
880 795 290 328
880 796 292 327
880 797 294 328
880 798 295 329
880 799 297 330
880 800 299 330
880 801 301 330
880 802 304 332
880 803 306 332
880 804 308 334
880 805 309 335
880 806 311 336
880 807 314 337
880 808 316 337
880 809 320 340
880 810 326 336
880 811 328 337
880 812 330 340
880 813 332 345
880 814 335 340
880 815 336 343
880 816 335 347
880 817 340 344
880 818 342 345
880 819 343 348
880 820 345 347
880 821 349 351
880 822 348 353
926 824 367 357
926 825 366 357
926 826 360 354
926 827 362 356
926 828 367 357
926 829 368 359
926 830 369 357
926 831 373 359
926 832 371 363
926 833 370 364
926 834 372 366
926 835 380 366
926 836 384 365
926 837 386 368
926 838 389 368
926 839 392 370
926 840 394 373
926 841 398 374
926 842 399 376
926 843 402 379
926 844 405 379
926 845 408 378
926 846 409 380
926 847 412 378
926 848 414 381
926 849 416 385
926 850 418 387
1001 866 235 251
1001 867 245 251
1001 868 246 251
1001 869 256 252
1001 870 265 253
1001 871 276 254
1001 872 285 255
1001 873 293 256
1001 874 301 256
1001 875 310 257
1001 876 320 258
1001 877 330 259
1001 878 341 259
1001 879 351 262
1001 880 361 262
1001 881 369 263
1001 882 379 263
1001 883 389 265
1001 884 399 264
1001 885 408 266
1001 886 417 267
1001 887 429 268
1001 888 437 267
1001 889 443 269
1001 890 455 268
1001 891 451 269
1164 956 235 293
1164 957 236 289
1164 958 239 288
1164 959 240 289
1164 960 242 289
1164 961 244 289
1164 962 244 289
1164 963 247 289
1164 964 248 288
1164 965 251 287
1164 966 251 288
1164 967 253 289
1164 968 255 290
1164 969 256 290
1164 970 259 288
1164 971 259 288
1164 972 262 290
1164 973 263 288
1164 974 265 290
1164 975 266 288
1164 976 268 287
1164 977 272 289
1164 978 273 289
1164 979 272 287
1164 980 276 288
1164 981 277 287
1164 982 279 288
1164 983 280 288
1164 984 282 288
1164 985 283 285
1164 986 285 286
1164 987 286 286
1164 988 287 286
1164 989 289 286
1164 990 291 286
1164 991 293 286
1164 992 295 287
1164 993 296 286
1164 994 297 286
1164 995 298 286
1164 996 301 285
1164 997 301 286
1164 998 304 285
1164 999 305 285
1164 1000 306 285
1164 1001 307 285
1164 1002 310 285
1164 1003 310 284
1164 1004 313 285
1164 1005 313 285
1164 1006 315 285
1164 1007 317 285
1164 1008 318 284
1164 1009 320 284
1164 1010 320 284
1164 1011 323 285
1164 1012 324 284
1164 1013 325 284
1164 1014 327 284
1164 1015 329 284
1164 1016 331 283
1164 1017 331 283
1164 1018 333 284
1164 1019 336 283
1164 1020 337 283
1164 1021 338 282
1164 1022 340 282
1164 1023 341 282
1164 1024 342 283
1164 1025 343 283
1164 1026 345 282
1164 1027 346 282
1164 1028 347 282
1164 1029 349 282
1164 1030 352 282
1164 1031 352 280
1164 1032 353 282
1164 1033 354 281
1164 1034 356 281
1164 1035 357 281
1164 1036 359 280
1164 1037 359 281
1164 1038 361 283
1164 1039 363 281
1164 1040 362 280
1164 1041 365 281
1164 1042 367 281
1164 1043 368 282
1164 1044 368 280
1164 1045 369 282
1164 1046 366 284
1199 976 438 408
1199 977 440 409
1199 978 442 411
1199 979 443 413
1199 980 446 411
1199 981 448 417
1199 982 450 415
1199 983 453 416
1199 984 456 420
1199 985 457 421
1199 986 459 421
1199 987 461 422
1199 988 462 426
1199 989 466 427
1199 990 468 428
1199 991 470 426
1199 992 474 431
1199 993 475 435
1199 994 478 433
1199 995 480 434
1199 996 481 433
1199 997 484 434
1199 998 488 439
1199 999 489 440
1199 1000 493 441
1199 1001 496 440
1270 1027 619 437
1270 1028 616 436
1270 1029 612 435
1270 1030 611 435
1270 1031 609 435
1270 1032 609 434
1270 1033 610 433
1270 1034 601 433
1270 1035 595 430
1270 1036 594 429
1270 1037 599 430
1270 1038 598 432
1270 1039 595 437
1270 1040 590 436
1270 1041 584 439
1270 1042 582 434
1270 1043 579 437
1270 1044 576 435
1270 1045 574 430
1270 1046 571 433
1270 1047 569 430
1270 1048 564 430
1270 1049 563 430
1270 1050 560 428
1270 1051 551 427
1270 1052 554 423
1270 1053 553 424
1270 1054 549 422
1270 1055 539 418
1270 1056 544 420
1270 1057 541 420
1270 1058 539 420
1270 1059 538 417
1270 1060 531 420
1270 1061 524 422
1270 1062 533 417
1270 1063 540 411
1270 1064 540 418
1393 1130 150 415
1393 1131 148 416
1393 1132 150 416
1393 1133 152 416
1393 1134 154 415
1393 1135 158 414
1393 1136 160 415
1393 1137 162 416
1393 1138 164 416
1393 1139 166 416
1393 1140 169 417
1393 1141 171 417
1393 1142 172 418
1393 1143 174 418
1393 1144 177 418
1393 1145 180 419
1393 1146 183 419
1393 1147 184 419
1393 1148 186 420
1393 1149 189 420
1393 1150 191 421
1393 1151 193 421
1393 1152 196 421
1393 1153 197 421
1393 1154 200 421
1393 1155 202 422
1393 1156 205 422
1393 1157 206 422
1393 1158 208 423
1393 1159 211 422
1393 1160 214 423
1393 1161 215 423
1393 1162 216 423
1393 1163 219 423
1393 1164 222 423
1393 1165 226 423
1393 1166 229 425
1393 1167 230 423
1393 1168 232 423
1393 1169 236 424
1393 1170 237 424
1393 1171 239 424
1393 1172 241 424
1393 1173 243 425
1393 1174 248 424
1393 1175 252 425
1393 1176 252 425
1393 1177 254 424
1393 1178 257 424
1393 1179 262 423
1393 1180 264 424
1393 1181 265 424
1393 1182 267 424
1393 1183 271 423
1393 1184 274 422
1393 1185 276 424
1393 1186 279 422
1393 1187 281 422
1393 1188 284 422
1393 1189 287 424
1393 1190 289 424
1393 1191 293 427
1621 1285 595 389
1621 1286 597 385
1621 1287 596 386
1621 1288 599 386
1621 1289 600 386
1621 1290 596 379
1621 1291 598 379
1621 1292 598 379
1621 1293 598 378
1621 1294 603 378
1621 1295 604 376
1621 1296 604 376
1621 1297 606 376
1621 1298 604 372
1621 1299 608 375
1621 1300 608 372
1621 1301 610 373
1621 1302 610 371
1621 1303 608 369
1621 1304 609 368
1621 1305 613 371
1621 1306 612 369
1621 1307 616 368
1621 1308 614 365
1621 1309 618 368
1621 1310 618 366
1621 1311 614 362
1621 1312 619 362
1621 1313 617 361
1621 1314 620 360
1621 1315 622 360
1621 1316 621 359
1621 1317 620 359
1621 1318 625 360
1621 1319 624 356
1621 1320 625 354
1621 1321 622 356
1621 1322 626 356
1621 1323 627 354
1621 1324 624 350
1621 1325 623 349
1621 1326 624 349
1621 1327 624 348
1621 1328 629 348
1621 1329 626 348
1621 1330 627 350
1621 1331 630 346
1621 1332 629 348
1621 1333 631 346
1682 1337 412 436
1682 1338 416 435
1682 1339 414 436
1682 1340 412 439
1682 1341 411 437
1682 1342 410 443
1682 1343 407 444
1682 1344 405 447
1682 1345 400 455
1682 1346 398 450
1682 1347 395 453
1682 1348 392 453
1682 1349 390 452
1682 1350 386 456
1682 1351 383 458
1682 1352 378 459
1682 1353 375 458
1682 1354 373 462
1682 1355 369 465
1682 1356 367 464
1682 1357 364 467
1682 1358 361 468
1682 1359 356 469
1682 1360 354 470
1682 1361 351 470
1682 1362 348 471
1682 1363 344 473
1682 1364 341 473
1682 1365 338 474
1682 1366 334 475
1682 1367 329 476
1757 1410 168 246
1757 1411 168 249
1757 1412 168 249
1757 1413 166 247
1757 1414 167 246
1757 1415 167 252
1757 1416 163 251
1757 1417 156 252
1757 1418 159 250
1757 1419 163 251
1757 1420 167 253
1757 1421 169 254
1757 1422 158 254
1757 1423 158 255
1757 1424 159 253
1757 1425 156 254
1757 1426 153 258
1757 1427 150 259
1757 1428 151 258
1757 1429 150 257
1757 1430 149 255
1757 1431 145 254
1757 1432 146 255
1757 1433 144 263
1757 1434 143 264
1757 1435 142 264
1757 1436 131 264
1757 1437 132 266
1757 1438 134 266
1757 1439 122 267
1757 1440 133 265
1757 1441 124 267
1757 1442 120 265
1757 1443 126 268
1757 1444 128 263
1757 1445 118 268
1757 1446 116 268
1757 1447 123 265
1757 1448 121 266
1757 1449 116 269
1757 1450 110 270
1757 1451 116 266
1757 1452 108 272
1757 1453 100 272
1757 1454 100 273
1888 1468 137 266
1888 1469 136 265
1888 1470 137 268
1888 1471 139 268
1888 1472 142 267
1888 1473 142 268
1888 1474 142 269
1888 1475 144 268
1888 1476 145 269
1888 1477 145 269
1888 1478 146 269
1888 1479 148 270
1888 1480 149 271
1888 1481 149 271
1888 1482 150 271
1888 1483 150 272
1888 1484 152 271
1888 1485 152 271
1888 1486 154 272
1888 1487 155 273
1888 1488 155 274
1888 1489 156 272
1888 1490 157 273
1888 1491 158 275
1888 1492 158 274
1888 1493 161 275
1888 1494 162 275
1888 1495 163 276
1888 1496 164 278
1888 1497 165 278
1888 1498 165 277
1888 1499 167 277
1888 1500 167 278
1888 1501 169 278
1888 1502 169 278
1888 1503 172 278
1888 1504 173 280
1888 1505 173 280
1888 1506 176 280
1888 1507 177 281
1888 1508 177 282
1888 1509 178 285
1888 1510 179 282
1888 1511 181 282
1888 1512 184 281
1888 1513 183 282
1888 1514 185 284
1888 1515 185 283
1888 1516 186 283
1888 1517 187 283
1888 1518 190 284
1888 1519 189 283
1888 1520 193 283
1888 1521 193 285
1888 1522 195 287
1888 1523 197 287
1888 1524 199 286
1888 1525 198 286
1888 1526 200 287
1888 1527 202 287
1888 1528 204 288
1888 1529 206 287
1888 1530 206 290
1888 1531 208 289
1888 1532 211 290
1888 1533 211 290
1888 1534 211 287
1958 1510 537 352
1958 1511 539 353
1958 1512 537 356
1958 1513 539 356
1958 1514 542 358
1958 1515 545 358
1958 1516 545 356
1958 1517 547 357
1958 1518 551 356
1958 1519 554 357
1958 1520 555 356
1958 1521 557 356
1958 1522 560 356
1958 1523 560 355
1958 1524 562 354
1958 1525 564 354
1958 1526 567 354
1958 1527 569 354
1958 1528 570 353
1958 1529 572 355
1958 1530 575 353
1958 1531 574 353
1958 1532 576 350
1958 1533 580 352
1958 1534 581 352
1958 1535 584 349
1958 1536 585 350
1958 1537 585 350
1958 1538 588 351
1958 1539 588 349
1958 1540 589 348
1958 1541 591 349
1958 1542 594 348
1958 1543 594 347
1958 1544 596 347
1958 1545 597 345
1958 1546 598 345
1958 1547 600 344
1958 1548 601 343
1958 1549 603 344
1958 1550 604 345
1958 1551 605 343
1958 1552 608 343
1958 1553 609 344
1958 1554 608 340
1958 1555 612 340
1958 1556 614 342
1958 1557 615 341
1958 1558 616 341
1958 1559 618 339
1958 1560 621 341
1958 1561 622 340
1958 1562 621 338
1958 1563 621 338
1958 1564 625 339
1958 1565 627 342
1958 1566 627 339
1958 1567 628 338
1958 1568 630 337
1958 1569 630 336
1958 1570 629 335
1958 1571 631 335
1958 1572 629 335
1958 1573 631 335
1958 1574 631 332
1958 1575 632 333
1958 1576 632 332
1958 1577 632 331
1958 1578 634 331
1958 1579 634 330
1958 1580 635 330
1958 1581 635 329
1991 1543 224 299
1991 1544 226 299
1991 1545 227 299
1991 1546 227 298
1991 1547 228 299
1991 1548 229 300
1991 1549 230 300
1991 1550 231 301
1991 1551 232 302
1991 1552 232 303
1991 1553 233 304
1991 1554 233 305
1991 1555 234 306
1991 1556 235 306
1991 1557 236 307
1991 1558 237 307
1991 1559 238 308
1991 1560 238 309
1991 1561 240 310
1991 1562 241 309
1991 1563 241 311
1991 1564 243 310
1991 1565 244 312
1991 1566 245 312
1991 1567 246 314
1991 1568 247 314
1991 1569 249 316
1991 1570 254 315
1991 1571 255 315
1991 1572 256 316
1991 1573 255 318
1991 1574 255 316
1991 1575 256 320
1991 1576 256 318
1991 1577 258 318
1991 1578 257 321
1991 1579 264 322
1991 1580 263 323
1991 1581 266 325
1991 1582 267 328
1991 1583 268 326
1991 1584 269 327
1991 1585 271 328
1991 1586 271 329
1991 1587 273 330
1991 1588 274 330
1991 1589 277 332
1991 1590 279 334
1991 1591 281 334
1991 1592 281 334
1991 1593 283 335
1991 1594 285 337
1991 1595 287 338
1991 1596 287 337
1991 1597 290 338
1991 1598 292 340
1991 1599 295 341
1991 1600 299 338
1991 1601 296 342
1991 1602 299 345
1991 1603 301 345
1991 1604 302 344
1991 1605 304 347
1991 1606 306 347
1991 1607 308 349
1991 1608 309 350
1991 1609 311 349
1991 1610 313 352
1991 1611 315 354
1991 1612 316 353
1991 1613 319 354
1991 1614 323 349
2014 1573 226 406
2014 1574 224 403
2014 1575 223 405
2014 1576 222 405
2014 1577 220 404
2014 1578 219 406
2014 1579 219 407
2014 1580 217 408
2014 1581 216 413
2014 1582 215 411
2014 1583 215 412
2014 1584 212 415
2014 1585 211 414
2014 1586 211 416
2014 1587 208 418
2014 1588 207 419
2014 1589 206 421
2014 1590 206 420
2014 1591 204 421
2014 1592 202 423
2014 1593 200 425
2014 1594 197 426
2014 1595 198 425
2014 1596 197 428
2014 1597 196 431
2014 1598 192 427
2014 1599 194 432
2014 1600 193 431
2014 1601 191 435
2014 1602 189 438
2014 1603 189 435
2014 1604 187 437
2014 1605 187 439
2014 1606 185 443
2014 1607 185 439
2014 1608 184 441
2014 1609 182 444
2014 1610 181 448
2014 1611 179 449
2014 1612 180 447
2014 1613 178 450
2014 1614 175 451
2014 1615 179 447
2084 1633 361 373
2084 1634 359 378
2084 1635 362 380
2084 1636 363 383
2084 1637 365 384
2084 1638 368 384
2084 1639 370 386
2084 1640 373 389
2084 1641 375 388
2084 1642 378 388
2084 1643 380 391
2084 1644 386 393
2084 1645 386 393
2084 1646 389 394
2084 1647 392 397
2084 1648 394 398
2084 1649 396 400
2084 1650 399 400
2084 1651 402 401
2084 1652 405 402
2084 1653 408 404
2084 1654 414 405
2084 1655 413 406
2084 1656 416 408
2084 1657 420 411
2084 1658 421 410
2084 1659 424 412
2084 1660 427 414
2084 1661 431 417
2084 1662 433 416
2084 1663 440 417
2084 1664 444 421
2084 1665 445 423
2084 1666 444 424
2084 1667 445 422
2084 1668 442 432
2084 1669 440 424
2112 1651 146 259
2112 1652 148 268
2112 1653 150 272
2112 1654 142 273
2112 1655 138 274
2112 1656 137 276
2112 1657 130 276
2112 1658 127 279
2112 1659 122 281
2112 1660 118 282
2112 1661 113 284
2112 1662 111 286
2112 1663 106 287
2112 1664 110 287
2112 1665 96 293
2112 1666 91 294
2112 1667 86 296
2112 1668 81 298
2112 1669 75 300
2112 1670 70 300
2112 1671 64 302
2112 1672 60 306
2112 1673 54 308
2112 1674 61 307
2112 1675 73 303
2112 1676 70 305
2112 1677 64 309
2112 1678 58 313
2112 1679 53 315
2112 1680 47 312
2112 1681 41 318
2112 1682 32 322
2112 1683 28 323
2112 1684 23 325
2112 1685 18 328
2112 1686 14 332
2112 1687 11 338
2112 1688 9 338
2112 1689 5 342
2138 1667 447 422
2138 1668 455 426
2138 1669 454 428
2138 1670 456 430
2138 1671 460 432
2138 1672 467 434
2138 1673 465 435
2138 1674 468 437
2138 1675 472 437
2138 1676 479 437
2138 1677 478 441
2138 1678 481 444
2138 1679 485 442
2138 1680 488 446
2138 1681 496 449
2138 1682 500 450
2138 1683 503 452
2138 1684 506 451
2138 1685 510 454
2138 1686 508 457
2138 1687 500 458
2279 1738 222 353
2279 1739 224 354
2279 1740 226 354
2279 1741 227 354
2279 1742 231 351
2279 1743 234 351
2279 1744 235 350
2279 1745 237 349
2279 1746 240 347
2279 1747 241 348
2279 1748 243 346
2279 1749 246 344
2279 1750 248 343
2279 1751 251 343
2279 1752 251 343
2279 1753 254 341
2279 1754 256 340
2279 1755 257 339
2279 1756 258 341
2279 1757 262 337
2279 1758 264 338
2279 1759 265 337
2279 1760 267 335
2279 1761 269 333
2279 1762 271 334
2279 1763 273 332
2279 1764 275 331
2279 1765 277 329
2279 1766 278 331
2279 1767 281 330
2279 1768 283 328
2279 1769 284 328
2279 1770 286 327
2279 1771 290 322
2279 1772 291 325
2279 1773 291 326
2279 1774 293 323
2279 1775 295 322
2279 1776 294 320
2279 1777 296 318
2483 1839 429 391
2483 1840 430 390
2483 1841 429 393
2483 1842 429 392
2483 1843 427 391
2483 1844 426 395
2483 1845 423 395
2483 1846 424 394
2483 1847 419 396
2483 1848 419 399
2483 1849 418 400
2483 1850 417 399
2483 1851 415 399
2483 1852 414 400
2483 1853 411 402
2483 1854 412 399
2483 1855 412 399
2483 1856 409 403
2483 1857 408 404
2483 1858 406 405
2483 1859 408 403
2483 1860 404 406
2483 1861 401 405
2483 1862 401 405
2483 1863 400 405
2483 1864 395 408
2483 1865 396 408
2483 1866 395 410
2483 1867 394 410
2483 1868 393 410
2483 1869 390 411
2483 1870 389 412
2483 1871 385 414
2483 1872 386 413
2483 1873 383 414
2483 1874 381 417
2483 1875 379 418
2483 1876 378 417
2483 1877 377 414
2483 1878 374 418
2483 1879 373 418
2483 1880 371 419
2483 1881 368 420
2483 1882 367 420
2483 1883 365 422
2483 1884 362 422
2483 1885 361 421
2483 1886 358 424
2483 1887 356 423
2483 1888 354 420
2483 1889 355 417
2494 1846 486 270
2494 1847 481 264
2494 1848 469 262
2494 1849 461 261
2494 1850 451 261
2494 1851 435 260
2494 1852 420 259
2494 1853 407 258
2494 1854 398 258
2494 1855 412 251
2514 1856 356 270
2514 1857 353 258
2514 1858 343 250
2514 1859 331 257
2514 1860 312 250
2514 1861 299 251
2514 1862 285 246
2514 1863 274 248
2514 1864 265 247
2514 1865 258 246
2584 1908 317 430
2584 1909 319 430
2584 1910 318 430
2584 1911 319 436
2584 1912 316 433
2584 1913 315 438
2584 1914 315 443
2584 1915 313 443
2584 1916 309 442
2584 1917 306 440
2584 1918 305 441
2584 1919 301 446
2584 1920 288 460
2584 1921 286 450
2584 1922 285 450
2584 1923 284 450
2584 1924 282 452
2584 1925 279 457
2584 1926 276 455
2584 1927 274 456
2584 1928 272 456
2584 1929 269 458
2584 1930 267 457
2584 1931 264 456
2584 1932 263 457
2584 1933 260 462
2585 1908 198 399
2585 1909 202 393
2585 1910 209 387
2585 1911 217 383
2585 1912 228 378
2585 1913 243 375
2585 1914 264 371
2585 1915 275 370
2585 1916 293 368
2653 2007 483 270
2653 2008 481 265
2653 2009 475 264
2653 2010 467 263
2653 2011 462 263
2653 2012 453 263
2653 2013 441 261
2653 2014 431 260
2653 2015 423 256
2653 2016 411 259
2653 2017 400 257
2653 2018 388 258
2653 2019 380 256
2653 2020 368 256
2653 2021 358 261
2937 2340 174 290
2937 2341 173 291
2937 2342 171 294
2937 2343 168 295
2937 2344 167 296
2937 2345 164 297
2937 2346 160 297
2937 2347 158 298
2937 2348 157 297
2937 2349 153 298
2937 2350 150 299
2937 2351 148 299
2937 2352 147 298
2937 2353 142 299
2937 2354 141 299
2937 2355 139 300
2937 2356 135 301
2937 2357 132 302
2937 2358 132 301
2937 2359 129 304
2937 2360 125 302
2937 2361 123 303
2937 2362 121 303
2937 2363 118 304
2937 2364 113 305
2937 2365 113 304
2937 2366 110 304
2937 2367 105 306
2937 2368 102 307
2937 2369 103 306
2937 2370 100 306
2937 2371 97 307
2937 2372 93 307
2937 2373 93 308
2937 2374 94 312
3066 2488 36 310
3066 2489 37 310
3066 2490 39 309
3066 2491 39 305
3066 2492 36 303
3066 2493 39 303
3066 2494 43 303
3066 2495 42 302
3066 2496 46 301
3066 2497 47 301
3066 2498 48 301
3066 2499 50 301
3066 2500 52 299
3066 2501 55 298
3066 2502 56 298
3066 2503 60 301
3066 2504 64 298
3066 2505 65 297
3066 2506 68 296
3066 2507 68 297
3066 2508 72 297
3066 2509 75 296
3066 2510 78 295
3066 2511 78 295
3066 2512 81 294
3066 2513 83 294
3066 2514 83 294
3066 2515 87 294
3066 2516 90 294
3066 2517 90 290
3066 2518 95 291
3066 2519 97 292
3066 2520 99 291
3066 2521 101 291
3066 2522 104 292
3066 2523 106 289
3066 2524 110 289
3066 2525 108 288
3066 2526 113 289
3066 2527 116 292
3066 2528 118 289
3066 2529 119 290
3066 2530 122 289
3066 2531 123 289
3066 2532 126 287
3066 2533 129 289
3066 2534 130 288
3066 2535 133 287
3066 2536 134 287
3066 2537 136 286
3066 2538 139 287
3066 2539 141 287
3066 2540 143 286
3066 2541 146 285
3066 2542 149 286
3066 2543 152 285
3066 2544 153 286
3066 2545 155 285
3066 2546 158 284
3066 2547 160 284
3066 2548 161 285
3066 2549 163 285
3066 2550 165 285
3066 2551 169 283
3066 2552 170 283
3066 2553 171 284
3066 2554 173 283
3066 2555 177 282
3066 2556 178 282
3066 2557 180 283
3066 2558 182 281
3066 2559 185 281
3066 2560 186 281
3066 2561 188 281
3066 2562 189 282
3066 2563 192 279
3066 2564 194 279
3066 2565 195 279
3066 2566 197 278
3066 2567 201 278
3066 2568 202 277
3066 2569 204 277
3066 2570 205 276
3066 2571 206 277
3066 2572 210 277
3066 2573 211 276
3066 2574 212 275
3066 2575 215 275
3066 2576 218 274
3066 2577 219 273
3066 2578 220 274
3066 2579 222 272
3066 2580 224 272
3066 2581 226 270
3066 2582 228 272
3066 2583 231 272
3066 2584 232 272
3066 2585 234 270
3066 2586 235 270
3066 2587 237 268
3066 2588 238 267
3066 2589 241 268
3192 2588 240 275
3192 2589 242 274
3192 2590 243 271
3192 2591 244 271
3192 2592 245 270
3192 2593 248 270
3192 2594 249 270
3192 2595 251 272
3192 2596 253 269
3192 2597 255 269
3192 2598 256 270
3192 2599 258 271
3192 2600 260 269
3192 2601 262 270
3192 2602 262 269
3192 2603 265 269
3192 2604 267 266
3192 2605 269 268
3192 2606 271 269
3192 2607 272 267
3192 2608 275 267
3192 2609 276 266
3192 2610 279 267
3192 2611 280 266
3192 2612 283 265
3192 2613 285 265
3192 2614 286 266
3192 2615 288 264
3192 2616 290 264
3192 2617 291 266
3192 2618 295 265
3192 2619 296 265
3192 2620 298 264
3192 2621 299 265
3192 2622 302 264
3192 2623 303 265
3192 2624 306 265
3192 2625 307 265
3192 2626 311 265
3192 2627 312 264
3192 2628 313 263
3192 2629 315 263
3192 2630 317 263
3192 2631 319 262
3192 2632 319 263
3192 2633 322 260
3192 2634 322 263
3192 2635 325 264
3192 2636 327 262
3192 2637 327 261
3192 2638 328 261
3192 2639 331 261
3192 2640 332 262
3192 2641 334 262
3192 2642 336 262
3192 2643 338 261
3192 2644 340 260
3192 2645 341 260
3192 2646 343 259
3192 2647 345 260
3192 2648 347 259
3192 2649 349 258
3192 2650 352 259
3192 2651 354 260
3192 2652 355 258
3192 2653 356 257
3192 2654 357 258
3192 2655 360 257
3192 2656 360 258
3192 2657 364 257
3192 2658 366 258
3192 2659 368 257
3192 2660 370 257
3192 2661 371 257
3192 2662 372 257
3192 2663 374 256
3192 2664 379 257
3192 2665 378 257
3192 2666 382 257
3192 2667 381 257
3192 2668 383 256
3192 2669 385 256
3192 2670 386 256
3192 2671 388 256
3192 2672 391 256
3192 2673 394 256
3192 2674 394 255
3192 2675 398 256
3192 2676 398 256
3192 2677 400 257
3192 2678 400 255
3192 2679 402 256
3192 2680 406 256
3192 2681 407 255
3192 2682 409 257
3192 2683 408 255
3192 2684 410 255
3243 2628 3 357
3243 2629 5 355
3243 2630 8 353
3243 2631 8 353
3243 2632 11 352
3243 2633 13 350
3243 2634 9 348
3243 2635 5 346
3243 2636 8 345
3243 2637 10 345
3243 2638 12 345
3243 2639 15 344
3243 2640 17 342
3243 2641 20 342
3243 2642 22 337
3243 2643 22 337
3243 2644 24 339
3243 2645 25 336
3243 2646 28 337
3243 2647 30 336
3243 2648 32 336
3243 2649 35 330
3243 2650 36 329
3243 2651 38 331
3243 2652 40 332
3243 2653 42 331
3243 2654 46 333
3243 2655 46 327
3243 2656 49 328
3243 2657 50 325
3243 2658 52 327
3243 2659 53 325
3243 2660 55 326
3243 2661 58 325
3243 2662 60 324
3243 2663 65 324
3243 2664 67 322
3243 2665 67 320
3243 2666 66 319
3243 2667 72 319
3243 2668 70 320
3243 2669 74 316
3243 2670 74 314
3265 2649 162 246
3265 2650 164 248
3265 2651 166 250
3265 2652 169 251
3265 2653 170 252
3265 2654 171 253
3265 2655 172 254
3265 2656 171 256
3265 2657 169 257
3265 2658 170 259
3265 2659 168 259
3265 2660 166 261
3265 2661 165 263
3265 2662 163 264
3265 2663 160 266
3265 2664 157 267
3265 2665 154 268
3265 2666 152 270
3265 2667 151 271
3265 2668 148 273
3265 2669 146 274
3265 2670 142 276
3265 2671 138 277
3265 2672 136 277
3265 2673 133 280
3265 2674 129 281
3265 2675 125 282
3265 2676 123 283
3265 2677 120 285
3265 2678 116 287
3265 2679 112 287
3265 2680 108 298
3265 2681 105 297
3265 2682 102 297
3265 2683 100 296
3265 2684 97 294
3265 2685 95 295
3265 2686 91 298
3265 2687 88 298
3265 2688 86 298
3265 2689 86 299
3265 2690 80 300
3265 2691 79 301
3265 2692 77 303
3265 2693 73 304
3265 2694 74 304
3265 2695 71 305
3265 2696 70 307
3265 2697 71 302
3265 2698 66 308
3265 2699 61 311
3265 2700 58 312
3265 2701 62 306
3266 2650 292 413
3266 2651 288 405
3266 2652 287 405
3266 2653 286 401
3266 2654 287 401
3266 2655 291 400
3266 2656 295 399
3266 2657 298 399
3266 2658 302 399
3266 2659 305 398
3266 2660 308 397
3266 2661 310 398
3266 2662 313 398
3266 2663 317 398
3266 2664 321 397
3266 2665 324 397
3266 2666 326 396
3266 2667 329 396
3266 2668 331 395
3266 2669 334 397
3266 2670 338 396
3266 2671 342 395
3266 2672 345 395
3266 2673 347 395
3266 2674 350 395
3266 2675 353 395
3266 2676 357 393
3266 2677 358 394
3266 2678 362 395
3266 2679 366 393
3266 2680 369 392
3266 2681 373 392
3266 2682 375 392
3266 2683 377 392
3266 2684 382 390
3266 2685 383 390
3266 2686 387 392
3266 2687 391 391
3266 2688 394 390
3266 2689 397 390
3266 2690 400 390
3266 2691 403 389
3266 2692 406 388
3266 2693 409 389
3266 2694 412 387
3266 2695 414 388
3266 2696 417 388
3266 2697 421 388
3266 2698 423 387
3266 2699 426 387
3266 2700 429 386
3266 2701 431 386
3266 2702 434 386
3266 2703 439 390
3266 2704 439 386
3266 2705 442 386
3266 2706 445 385
3266 2707 448 384
3266 2708 442 380
3284 2676 248 247
3284 2677 261 247
3284 2678 277 248
3284 2679 290 250
3284 2680 306 252
3284 2681 320 252
3284 2682 335 253
3284 2683 349 254
3284 2684 363 256
3284 2685 378 257
3284 2686 399 259
3284 2687 420 260
3284 2688 439 262
3284 2689 453 264
3284 2690 451 262
3308 2701 52 321
3308 2702 55 318
3308 2703 56 316
3308 2704 55 318
3308 2705 52 320
3308 2706 55 322
3308 2707 56 323
3308 2708 56 330
3308 2709 58 325
3308 2710 58 326
3308 2711 61 327
3308 2712 64 329
3308 2713 65 332
3308 2714 68 332
3308 2715 70 333
3308 2716 71 334
3308 2717 74 334
3308 2718 75 335
3308 2719 80 336
3308 2720 82 336
3308 2721 84 337
3308 2722 86 337
3308 2723 89 338
3308 2724 90 339
3308 2725 93 339
3308 2726 94 339
3308 2727 104 342
3308 2728 105 349
3458 2808 285 255
3458 2809 295 256
3458 2810 306 258
3458 2811 319 258
3458 2812 334 259
3458 2813 349 261
3458 2814 365 262
3458 2815 380 264
3458 2816 397 265
3458 2817 412 266
3458 2818 426 267
3458 2819 439 267
3458 2820 454 267
3458 2821 456 269
3580 2913 463 267
3580 2914 463 265
3580 2915 455 265
3580 2916 448 264
3580 2917 443 263
3580 2918 443 262
3580 2919 435 263
3580 2920 429 262
3580 2921 420 261
3580 2922 412 262
3580 2923 400 261
3580 2924 391 259
3580 2925 384 258
3580 2926 377 257
3580 2927 372 256
3580 2928 364 256
3580 2929 357 256
3580 2930 348 255
3580 2931 336 255
3580 2932 333 254
3580 2933 326 254
3580 2934 319 252
3580 2935 311 252
3580 2936 302 250
3580 2937 295 250
3580 2938 291 250
3580 2939 284 249
3580 2940 277 248
3580 2941 270 248
3580 2942 263 247
3580 2943 257 247
3580 2944 254 247
3580 2945 250 247
3580 2946 243 246
3580 2947 238 246
3846 3167 536 475
3846 3168 538 462
3846 3169 542 450
3846 3170 543 441
3846 3171 549 430
3846 3172 555 418
3846 3173 566 410
3846 3174 578 402
3907 3237 59 431
3907 3238 57 427
3907 3239 61 428
3907 3240 64 428
3907 3241 68 428
3907 3242 72 427
3907 3243 76 429
3907 3244 80 428
3907 3245 84 428
3907 3246 87 428
3907 3247 92 428
3907 3248 96 427
3907 3249 101 428
3907 3250 105 428
3907 3251 110 427
3907 3252 114 427
3907 3253 118 428
3907 3254 122 427
3907 3255 127 426
3907 3256 132 427
3907 3257 136 426
3907 3258 141 427
3907 3259 145 427
3907 3260 149 426
3907 3261 154 424
3907 3262 157 426
3907 3263 162 426
3907 3264 168 424
3907 3265 172 424
3907 3266 176 424
3907 3267 181 422
3907 3268 187 424
3907 3269 190 424
3907 3270 195 423
3907 3271 201 422
3907 3272 204 422
3907 3273 208 422
3907 3274 215 420
3907 3275 218 422
3907 3276 222 421
3907 3277 228 420
3907 3278 233 420
3907 3279 236 420
3907 3280 245 418
3907 3281 249 420
3907 3282 259 417
3907 3283 264 418
3907 3284 273 416
3907 3285 278 416
3907 3286 286 415
3907 3287 291 414
3907 3288 295 414
3907 3289 304 414
3907 3290 311 413
3907 3291 318 411
3907 3292 321 411
3907 3293 330 410
3907 3294 336 410
3907 3295 342 409
3907 3296 348 409
3907 3297 356 408
3907 3298 361 407
3907 3299 365 407
3907 3300 371 405
3907 3301 375 406
3907 3302 380 405
3907 3303 384 402
3907 3304 388 404
3907 3305 393 403
3907 3306 398 400
3907 3307 403 400
3907 3308 408 400
3907 3309 412 399
3907 3310 417 399
3907 3311 422 396
3907 3312 426 396
3907 3313 432 394
3907 3314 436 395
3907 3315 440 393
3907 3316 444 391
3907 3317 450 392
3907 3318 445 392
3949 3276 367 263
3949 3277 365 264
3949 3278 372 265
3949 3279 381 265
3949 3280 390 266
3949 3281 402 267
3949 3282 420 260
3949 3283 427 261
3949 3284 438 260
3949 3285 448 262
3949 3286 460 261
3949 3287 470 272
3949 3288 477 272
3949 3289 483 272
3949 3290 499 266
3963 3285 417 254
3963 3286 413 253
3963 3287 404 253
3963 3288 400 252
3963 3289 394 252
3963 3290 387 251
3963 3291 370 257
3963 3292 362 255
3963 3293 381 254
3963 3294 379 255
3963 3295 383 254
3963 3296 402 256
3963 3297 425 266
3963 3298 437 269
3963 3299 445 269
3963 3300 456 267
4314 3574 121 288
4314 3575 117 294
4314 3576 123 289
4314 3577 120 289
4314 3578 112 292
4314 3579 116 292
4314 3580 113 293
4314 3581 106 289
4314 3582 107 295
4314 3583 103 296
4314 3584 99 297
4314 3585 97 299
4314 3586 93 298
4314 3587 90 301
4314 3588 86 302
4314 3589 83 305
4314 3590 79 305
4314 3591 67 309
4314 3592 77 307
4314 3593 67 309
4314 3594 55 313
4314 3595 62 313
4314 3596 58 315
4314 3597 70 311
4744 3998 488 265
4744 3999 483 263
4744 4000 478 262
4744 4001 465 260
4744 4002 453 260
4744 4003 444 259
4744 4004 433 258
4744 4005 421 262
4744 4006 409 263
4744 4007 398 260
4744 4008 393 255
4744 4009 383 254
4744 4010 370 253
4744 4011 361 252
4744 4012 355 251
4744 4013 346 251
4744 4014 336 249
4744 4015 330 247
4996 4149 168 263
4996 4150 169 266
4996 4151 168 267
4996 4152 165 268
4996 4153 162 270
4996 4154 159 272
4996 4155 157 273
4996 4156 153 275
4996 4157 151 276
4996 4158 148 276
4996 4159 145 279
4996 4160 143 280
4996 4161 141 283
4996 4162 139 284
4996 4163 136 286
4996 4164 132 287
4996 4165 129 291
4996 4166 127 291
4996 4167 124 293
4996 4168 121 295
4996 4169 121 295
4996 4170 114 298
4996 4171 111 300
4996 4172 106 301
4996 4173 102 302
4996 4174 98 304
4996 4175 94 305
4996 4176 90 307
4996 4177 84 308
4996 4178 82 311
4996 4179 75 313
4996 4180 72 316
4996 4181 66 317
4996 4182 61 320
4996 4183 56 321
4996 4184 50 322
4996 4185 46 324
4996 4186 40 326
4996 4187 36 328
4996 4188 27 330
4996 4189 27 331
4996 4190 21 332
4996 4191 14 333
4996 4192 10 333
4998 4150 190 266
4998 4151 188 265
4998 4152 187 267
4998 4153 185 261
4998 4154 183 260
4998 4155 179 271
4998 4156 176 274
4998 4157 175 275
4998 4158 173 275
4998 4159 171 277
4998 4160 167 279
4998 4161 165 281
4998 4162 163 282
4998 4163 162 282
4998 4164 157 280
4998 4165 157 285
4998 4166 154 288
4998 4167 152 290
4998 4168 149 291
4998 4169 146 293
4998 4170 144 293
4998 4171 142 296
4998 4172 138 290
4998 4173 139 297
4998 4174 138 295
5049 4177 121 307
5049 4178 115 299
5049 4179 112 301
5049 4180 109 295
5049 4181 105 304
5049 4182 99 305
5049 4183 97 306
5049 4184 96 309
5049 4185 88 309
5049 4186 83 310
5049 4187 79 311
5049 4188 79 312
5049 4189 66 313
5049 4190 59 321
5049 4191 58 323
5049 4192 49 326
5049 4193 33 330
5049 4194 30 328
5049 4195 38 327
5049 4196 35 326
5049 4197 36 332
5118 4236 384 446
5118 4237 383 451
5118 4238 378 456
5118 4239 375 457
5118 4240 373 463
5118 4241 369 461
5118 4242 364 462
5118 4243 359 464
5118 4244 356 465
5118 4245 353 465
5118 4246 349 465
5118 4247 343 464
5118 4248 339 460
5118 4249 337 468
5118 4250 331 465
5118 4251 328 468
5118 4252 322 466
5118 4253 316 464
5118 4254 316 470
5118 4255 313 471
5118 4256 309 473
5118 4257 306 475
5118 4258 303 475
5408 4479 387 263
5408 4480 387 259
5408 4481 385 258
5408 4482 381 259
5408 4483 383 259
5408 4484 380 260
5408 4485 377 260
5408 4486 373 259
5408 4487 372 260
5408 4488 372 261
5408 4489 368 260
5408 4490 366 260
5408 4491 363 258
5408 4492 361 262
5408 4493 359 262
5408 4494 356 261
5408 4495 354 261
5408 4496 350 261
5408 4497 348 262
5408 4498 345 262
5408 4499 344 260
5408 4500 340 261
5408 4501 337 261
5408 4502 335 259
5408 4503 334 262
5408 4504 331 260
5408 4505 329 263
5408 4506 327 260
5408 4507 324 262
5408 4508 322 269
5408 4509 319 264
5408 4510 317 263
5408 4511 314 261
5408 4512 312 264
5408 4513 308 264
5408 4514 306 264
5408 4515 306 269
5408 4516 300 269
5408 4517 299 269
5408 4518 295 264
5408 4519 293 264
5408 4520 289 265
5408 4521 286 264
5408 4522 283 264
5408 4523 280 264
5408 4524 278 265
5408 4525 272 265
5408 4526 271 265
5408 4527 268 265
5408 4528 265 266
5408 4529 263 265
5408 4530 257 266
5408 4531 260 268
5408 4532 252 268
5476 4537 291 259
5476 4538 282 249
5476 4539 300 249
5476 4540 319 252
5476 4541 337 253
5476 4542 354 255
5476 4543 371 255
5476 4544 388 257
5476 4545 406 259
5476 4546 425 261
5476 4547 442 262
5476 4548 457 263
5476 4549 460 264
5476 4550 470 265
5476 4551 483 271
5476 4552 487 275
5601 4626 77 420
5601 4627 83 426
5601 4628 85 423
5601 4629 93 416
5601 4630 97 411
5601 4631 96 410
5601 4632 102 409
5601 4633 106 407
5601 4634 111 405
5601 4635 111 399
5601 4636 117 399
5601 4637 120 396
5601 4638 121 392
5601 4639 129 390
5601 4640 131 389
5601 4641 133 388
5601 4642 134 384
5601 4643 140 382
5601 4644 135 384
5658 4664 201 339
5658 4665 202 338
5658 4666 204 336
5658 4667 206 336
5658 4668 208 335
5658 4669 211 331
5658 4670 215 330
5658 4671 217 329
5658 4672 217 326
5658 4673 220 325
5658 4674 223 324
5658 4675 226 321
5658 4676 227 322
5658 4677 229 320
5658 4678 232 318
5658 4679 234 319
5658 4680 236 314
5658 4681 238 315
5658 4682 239 315
5658 4683 242 312
5658 4684 248 307
5658 4685 244 310
5658 4686 246 309
5658 4687 249 307
5658 4688 250 306
5658 4689 251 306
5658 4690 253 303
5658 4691 255 302
5658 4692 257 301
5658 4693 257 301
5658 4694 260 299
5658 4695 257 299
5968 4826 361 329
5968 4827 358 329
5968 4828 357 326
5968 4829 355 328
5968 4830 355 327
5968 4831 350 324
5968 4832 348 320
5968 4833 347 323
5968 4834 345 321
5968 4835 344 322
5968 4836 341 321
5968 4837 338 319
5968 4838 337 318
5968 4839 334 317
5968 4840 332 316
5968 4841 331 315
5968 4842 332 316
5968 4843 329 314
5968 4844 329 315
5968 4845 326 313
5968 4846 324 311
5968 4847 321 310
5968 4848 319 310
5968 4849 318 308
5968 4850 316 308
5968 4851 314 306
5968 4852 312 308
5968 4853 310 306
5968 4854 308 305
5968 4855 307 305
5968 4856 304 305
5968 4857 304 304
5968 4858 302 304
5968 4859 298 302
5968 4860 296 301
5968 4861 296 302
5968 4862 289 300
5968 4863 287 299
5968 4864 286 299
5968 4865 285 298
5968 4866 284 298
5968 4867 277 299
5968 4868 278 297
5968 4869 276 297
5968 4870 270 297
5968 4871 273 296
6178 5064 236 268
6178 5065 236 274
6178 5066 240 270
6178 5067 242 273
6178 5068 243 273
6178 5069 244 273
6178 5070 249 273
6178 5071 251 272
6178 5072 253 272
6178 5073 252 271
6178 5074 255 271
6178 5075 256 270
6178 5076 259 271
6178 5077 260 271
6178 5078 263 270
6178 5079 263 269
6178 5080 266 269
6178 5081 267 269
6178 5082 271 268
6178 5083 270 268
6178 5084 274 268
6178 5085 276 268
6178 5086 279 268
6178 5087 280 268
6178 5088 279 267
6178 5089 284 267
6178 5090 284 267
6178 5091 284 266
6178 5092 289 266
6178 5093 290 265
6178 5094 289 263
6178 5095 292 264
6178 5096 294 264
6178 5097 297 264
6178 5098 298 263
6178 5099 300 263
6178 5100 302 262
6178 5101 303 263
6178 5102 304 262
6178 5103 305 262
6178 5104 308 262
6178 5105 309 263
6178 5106 311 261
6178 5107 313 262
6178 5108 316 261
6178 5109 317 259
6178 5110 318 258
6178 5111 319 257
6178 5112 322 257
6178 5113 323 257
6178 5114 325 259
6178 5115 327 258
6178 5116 329 254
6178 5117 329 258
6178 5118 332 257
6178 5119 333 258
6178 5120 333 260
6792 5873 629 332
6792 5874 626 332
6792 5875 624 332
6792 5876 622 332
6792 5877 623 333
6792 5878 621 335
6792 5879 620 334
6792 5880 621 334
6792 5881 621 336
6792 5882 620 338
6792 5883 619 335
6792 5884 619 337
6792 5885 616 337
6792 5886 615 339
6792 5887 614 338
6792 5888 614 339
6792 5889 614 341
6792 5890 613 342
6792 5891 612 341
6792 5892 611 341
6792 5893 611 343
6792 5894 610 343
6792 5895 608 342
6792 5896 608 344
6792 5897 603 343
6792 5898 606 346
6792 5899 604 346
6792 5900 603 346
6792 5901 603 348
6792 5902 601 349
6792 5903 599 348
6792 5904 600 349
6792 5905 598 349
6792 5906 595 350
6792 5907 594 351
6792 5908 593 350
6792 5909 591 351
6792 5910 589 352
6792 5911 587 350
6792 5912 586 351
6792 5913 584 352
6792 5914 581 354
6792 5915 579 354
6792 5916 579 352
6792 5917 574 353
6792 5918 573 354
6792 5919 571 354
6792 5920 569 355
6792 5921 571 355
6792 5922 566 358
6792 5923 566 357
6792 5924 563 357
6792 5925 562 358
6792 5926 559 359
6792 5927 557 358
6792 5928 556 359
6792 5929 555 361
6792 5930 554 361
6792 5931 553 362
6792 5932 551 362
6792 5933 548 362
6792 5934 547 364
6792 5935 548 364
6792 5936 545 364
6792 5937 543 366
6792 5938 542 368
6792 5939 543 367
6792 5940 540 368
6792 5941 539 369
6792 5942 537 370
6792 5943 537 371
6792 5944 537 371
6792 5945 535 372
6792 5946 533 374
6792 5947 533 373
6792 5948 532 374
6792 5949 531 376
6792 5950 529 377
6792 5951 526 377
6792 5952 525 378
6792 5953 526 380
6792 5954 525 381
6792 5955 526 377
6792 5956 532 374
6792 5957 531 371
7160 6148 275 255
7160 6149 271 254
7160 6150 289 256
7160 6151 296 256
7160 6152 306 257
7160 6153 319 259
7160 6154 334 260
7160 6155 348 260
7160 6156 361 263
7160 6157 374 264
7160 6158 388 265
7160 6159 402 267
7160 6160 415 267
7160 6161 431 267
7160 6162 446 268
7160 6163 453 269
7332 6337 82 428
7332 6338 77 431
7332 6339 77 433
7332 6340 74 433
7332 6341 73 431
7332 6342 72 430
7332 6343 68 428
7332 6344 73 430
7332 6345 66 428
7332 6346 68 426
7332 6347 67 430
7332 6348 69 425
7332 6349 62 422
7332 6350 60 423
7332 6351 61 428
7332 6352 60 422
7332 6353 62 419
7332 6354 60 419
7332 6355 56 420
7332 6356 56 418
7332 6357 54 420
7332 6358 54 415
7332 6359 53 417
7332 6360 51 414
7332 6361 47 414
7332 6362 47 412
7332 6363 47 410
7332 6364 45 410
7332 6365 43 409
7332 6366 43 412
7332 6367 42 409
7332 6368 43 408
7332 6369 43 407
7332 6370 42 408
7332 6371 46 405
7332 6372 41 405
7332 6373 36 402
7332 6374 37 402
7332 6375 36 401
7332 6376 32 401
7332 6377 33 401
7332 6378 29 399
7332 6379 29 398
7332 6380 31 398
7332 6381 28 398
7332 6382 31 397
7332 6383 31 396
7332 6384 30 394
7332 6385 29 393
7332 6386 29 392
7332 6387 31 392
7332 6388 32 389
7332 6389 31 389
7557 6600 259 350
7557 6601 257 348
7557 6602 259 345
7557 6603 262 344
7557 6604 264 347
7557 6605 266 343
7557 6606 270 343
7557 6607 270 343
7557 6608 272 343
7557 6609 273 341
7557 6610 276 339
7557 6611 278 338
7557 6612 280 338
7557 6613 282 336
7557 6614 284 337
7557 6615 286 334
7557 6616 288 332
7557 6617 289 331
7557 6618 291 330
7557 6619 292 329
7557 6620 294 327
7557 6621 295 330
7557 6622 296 329
7557 6623 297 329
7557 6624 298 325
7557 6625 299 323
7557 6626 301 322
7557 6627 304 320
7557 6628 304 317
7617 6655 438 452
7617 6656 441 451
7617 6657 444 450
7617 6658 446 449
7617 6659 452 452
7617 6660 451 447
7617 6661 456 448
7617 6662 457 450
7617 6663 461 450
7617 6664 462 453
7617 6665 462 451
7617 6666 464 449
7617 6667 470 451
7617 6668 465 450
7617 6669 463 445
7617 6670 469 444
7617 6671 470 446
7617 6672 471 445
7617 6673 473 441
7617 6674 475 441
7617 6675 478 440
7617 6676 478 438
7617 6677 480 438
7617 6678 482 437
7617 6679 485 438
7617 6680 487 437
7617 6681 495 435
7617 6682 497 435
7617 6683 494 433
7617 6684 503 432
7617 6685 510 428
7658 6694 527 422
7658 6695 528 422
7658 6696 526 429
7658 6697 525 423
7658 6698 520 422
7658 6699 515 421
7658 6700 522 419
7658 6701 524 418
7658 6702 527 416
7658 6703 528 416
7658 6704 529 415
7658 6705 530 414
7658 6706 532 416
7658 6707 534 414
7658 6708 542 410
7658 6709 546 411
7658 6710 540 412
7658 6711 541 412
7658 6712 543 408
7658 6713 545 408
7658 6714 550 407
7658 6715 546 409
7658 6716 548 407
7658 6717 555 405
7658 6718 559 405
7658 6719 553 404
7658 6720 554 403
7658 6721 556 401
7658 6722 556 401
7658 6723 563 403
7658 6724 559 402
7658 6725 561 398
7658 6726 569 398
7658 6727 570 394
7658 6728 566 397
7658 6729 557 397
7658 6730 558 398
7658 6731 556 392
7749 6785 219 340
7749 6786 221 342
7749 6787 222 342
7749 6788 223 343
7749 6789 225 346
7749 6790 226 346
7749 6791 228 348
7749 6792 228 348
7749 6793 231 349
7749 6794 235 351
7749 6795 235 354
7749 6796 235 359
7749 6797 239 359
7749 6798 244 359
7749 6799 246 362
7749 6800 247 363
7749 6801 251 365
7749 6802 254 368
7749 6803 254 374
7749 6804 255 371
7749 6805 255 377
7749 6806 254 380
7749 6807 256 382
7749 6808 255 382
7782 6810 256 385
7782 6811 256 386
7782 6812 257 387
7782 6813 259 389
7782 6814 260 391
7782 6815 262 391
7782 6816 260 393
7782 6817 262 393
7782 6818 262 395
7782 6819 263 400
7782 6820 266 397
7782 6821 267 399
7782 6822 268 399
7782 6823 270 402
7782 6824 272 400
7782 6825 273 403
7782 6826 274 403
7782 6827 275 403
7782 6828 275 405
7782 6829 277 406
7782 6830 278 408
7782 6831 278 409
7782 6832 279 410
7782 6833 281 411
7782 6834 283 412
7782 6835 283 413
7782 6836 283 416
7782 6837 283 415
7782 6838 283 417
7782 6839 284 419
7782 6840 286 420
7782 6841 287 422
7782 6842 289 423
7782 6843 291 424
7782 6844 292 424
7782 6845 293 426
7782 6846 294 428
7782 6847 295 429
7782 6848 297 430
7782 6849 299 431
7782 6850 300 434
7782 6851 300 436
7782 6852 303 437
7782 6853 304 436
7782 6854 305 437
7782 6855 306 439
7782 6856 306 443
7782 6857 308 443
7782 6858 308 444
7782 6859 307 449
7782 6860 311 447
7782 6861 314 449
7782 6862 314 450
7782 6863 314 455
7782 6864 313 453
7782 6865 315 455
7782 6866 314 460
7782 6867 314 463
7782 6868 316 463
7782 6869 316 465
7782 6870 320 465
7782 6871 320 466
7864 6928 574 350
7864 6929 572 352
7864 6930 569 352
7864 6931 569 351
7864 6932 567 353
7864 6933 564 353
7864 6934 563 353
7864 6935 561 355
7864 6936 559 355
7864 6937 558 354
7864 6938 557 356
7864 6939 555 356
7864 6940 551 357
7864 6941 548 356
7864 6942 547 357
7864 6943 547 358
7864 6944 543 359
7864 6945 542 358
7864 6946 540 359
7864 6947 535 359
7864 6948 533 360
7864 6949 531 359
7864 6950 531 363
7864 6951 528 362
7864 6952 526 362
7864 6953 527 363
7864 6954 522 363
7864 6955 521 365
7864 6956 520 366
7864 6957 517 366
7864 6958 517 367
7864 6959 515 368
7864 6960 512 368
7864 6961 511 368
7864 6962 506 370
7864 6963 505 370
7864 6964 502 371
7864 6965 505 372
7864 6966 500 373
7864 6967 501 373
7864 6968 506 373
8174 7297 364 352
8174 7298 366 355
8174 7299 364 356
8174 7300 361 354
8174 7301 359 353
8174 7302 358 352
8174 7303 356 351
8174 7304 354 349
8174 7305 352 349
8174 7306 351 347
8174 7307 348 348
8174 7308 347 348
8174 7309 346 345
8174 7310 344 345
8174 7311 343 344
8174 7312 340 343
8174 7313 338 341
8174 7314 335 338
8174 7315 334 340
8174 7316 333 340
8174 7317 331 341
8174 7318 330 339
8174 7319 328 338
8174 7320 326 338
8174 7321 324 336
8174 7322 323 336
8174 7323 321 335
8174 7324 319 334
8174 7325 318 333
8174 7326 317 333
8174 7327 315 331
8174 7328 312 331
8174 7329 311 330
8174 7330 310 330
8174 7331 309 328
8174 7332 307 327
8174 7333 305 327
8174 7334 305 326
8174 7335 304 327
8174 7336 302 323
8174 7337 301 325
8174 7338 300 324
8174 7339 297 323
8174 7340 295 320
8174 7341 296 322
8174 7342 294 321
8174 7343 292 321
8174 7344 291 319
8174 7345 290 321
8174 7346 288 318
8174 7347 287 317
8174 7348 286 317
8174 7349 284 315
8174 7350 283 316
8174 7351 282 314
8174 7352 280 315
8174 7353 279 315
8174 7354 278 314
8174 7355 276 313
8174 7356 275 311
8174 7357 272 312
8174 7358 271 311
8174 7359 270 311
8174 7360 269 311
8174 7361 268 309
8174 7362 266 310
8174 7363 264 309
8174 7364 263 308
8174 7365 262 307
8174 7366 261 302
8174 7367 260 306
8174 7368 258 307
8174 7369 257 306
8174 7370 256 310
8174 7371 255 305
8174 7372 256 303
8174 7373 252 304
8174 7374 250 303
8174 7375 250 303
8174 7376 247 301
8174 7377 248 302
8174 7378 246 302
8174 7379 244 300
8174 7380 244 300
8174 7381 244 299
8174 7382 241 298
8174 7383 239 298
8174 7384 239 297
8174 7385 239 298
8174 7386 237 298
8174 7387 236 303
8431 7492 457 262
8431 7493 456 263
8431 7494 445 263
8431 7495 436 262
8431 7496 426 262
8431 7497 414 261
8431 7498 402 260
8431 7499 393 258
8431 7500 383 258
8431 7501 371 257
8431 7502 362 256
8431 7503 351 256
8431 7504 340 254
8431 7505 329 253
8431 7506 320 251
8431 7507 308 253
8431 7508 300 252
8431 7509 290 249
8431 7510 281 249
8431 7511 271 249
8431 7512 260 248
8431 7513 252 247
8431 7514 241 247
8431 7515 235 246
8442 7511 346 343
8442 7512 342 348
8442 7513 343 349
8442 7514 345 351
8442 7515 347 350
8442 7516 348 351
8442 7517 350 354
8442 7518 352 352
8442 7519 354 353
8442 7520 357 355
8442 7521 359 356
8442 7522 360 355
8442 7523 363 359
8442 7524 364 359
8442 7525 367 360
8442 7526 368 358
8442 7527 367 362
8442 7528 371 362
8442 7529 376 362
8442 7530 379 361
8442 7531 378 364
8442 7532 381 366
8442 7533 383 367
8442 7534 387 366
8442 7535 388 368
8442 7536 390 372
8442 7537 392 370
8442 7538 394 371
8442 7539 397 372
8442 7540 399 375
8442 7541 400 373
8442 7542 400 372
8442 7543 404 375
8442 7544 406 375
8442 7545 412 376
8442 7546 410 380
8442 7547 413 379
8442 7548 417 379
8442 7549 419 379
8442 7550 421 382
8442 7551 423 382
8442 7552 427 384
8442 7553 425 390
8835 7938 532 390
8835 7939 532 387
8835 7940 528 390
8835 7941 525 390
8835 7942 524 389
8835 7943 521 395
8835 7944 519 393
8835 7945 514 395
8835 7946 511 397
8835 7947 507 400
8835 7948 504 401
8835 7949 499 403
8835 7950 494 406
8835 7951 491 408
8835 7952 486 409
8835 7953 483 412
8835 7954 478 414
8835 7955 473 417
8835 7956 470 421
8835 7957 466 420
8835 7958 461 422
8835 7959 458 423
8835 7960 454 425
8835 7961 451 422
8835 7962 453 420
8876 7969 417 433
8876 7970 422 432
8876 7971 422 437
8876 7972 419 443
8876 7973 416 447
8876 7974 412 445
8876 7975 407 445
8876 7976 405 452
8876 7977 402 454
8876 7978 397 456
8876 7979 393 462
8876 7980 388 463
8876 7981 384 464
8876 7982 380 467
8876 7983 374 468
8876 7984 369 469
8876 7985 364 474
8876 7986 358 475
8876 7987 354 475
8942 8063 626 320
8942 8064 624 321
8942 8065 623 321
8942 8066 622 321
8942 8067 622 322
8942 8068 622 323
8942 8069 622 325
8942 8070 620 326
8942 8071 619 325
8942 8072 620 326
8942 8073 620 329
8942 8074 617 329
8942 8075 617 330
8942 8076 616 331
8942 8077 614 331
8942 8078 612 331
8942 8079 610 332
8942 8080 611 335
8942 8081 609 334
8942 8082 608 334
8942 8083 607 335
8942 8084 605 337
8942 8085 604 336
8942 8086 603 338
8942 8087 603 340
8942 8088 600 341
8942 8089 598 340
8942 8090 597 340
8942 8091 597 342
8942 8092 594 343
8942 8093 593 341
8942 8094 594 346
8942 8095 591 347
8942 8096 589 346
8942 8097 589 346
8942 8098 585 348
8942 8099 582 348
8942 8100 581 348
8942 8101 581 349
8942 8102 578 350
8942 8103 576 352
8942 8104 576 352
8942 8105 574 353
8942 8106 570 354
8942 8107 570 354
8942 8108 566 354
8942 8109 564 357
8942 8110 564 357
8942 8111 562 358
8942 8112 558 358
8942 8113 556 360
8942 8114 556 360
8942 8115 553 361
8942 8116 551 363
8942 8117 547 363
8942 8118 544 363
8942 8119 542 364
8942 8120 538 365
8942 8121 536 365
8942 8122 533 366
8942 8123 532 368
8942 8124 528 369
8942 8125 528 369
8942 8126 525 369
8942 8127 519 369
8942 8128 515 371
8942 8129 513 370
8942 8130 517 371
8942 8131 511 374
8942 8132 510 369
8942 8133 511 365
8942 8134 511 359
9008 8137 490 378
9008 8138 491 374
9008 8139 489 375
9008 8140 487 374
9008 8141 483 375
9008 8142 479 376
9008 8143 476 377
9008 8144 472 378
9008 8145 468 380
9008 8146 465 380
9008 8147 460 381
9008 8148 459 381
9008 8149 455 383
9008 8150 451 384
9008 8151 447 384
9008 8152 443 386
9008 8153 440 386
9008 8154 435 387
9008 8155 432 387
9008 8156 428 387
9008 8157 425 389
9008 8158 420 392
9008 8159 416 391
9008 8160 412 391
9008 8161 409 392
9008 8162 404 391
9008 8163 399 393
9008 8164 395 393
9008 8165 391 393
9008 8166 386 395
9008 8167 382 396
9008 8168 378 395
9008 8169 374 396
9008 8170 368 397
9008 8171 366 397
9008 8172 362 398
9008 8173 356 399
9008 8174 352 400
9008 8175 349 401
9008 8176 343 401
9008 8177 337 401
9008 8178 334 403
9008 8179 330 402
9008 8180 325 404
9008 8181 320 405
9008 8182 317 406
9008 8183 312 406
9008 8184 305 406
9008 8185 302 406
9008 8186 298 406
9008 8187 293 408
9008 8188 286 409
9008 8189 284 409
9008 8190 277 409
9008 8191 271 410
9008 8192 267 411
9008 8193 263 410
9008 8194 257 412
9008 8195 252 413
9008 8196 249 413
9008 8197 243 412
9008 8198 237 413
9008 8199 234 414
9008 8200 229 414
9008 8201 223 415
9008 8202 218 415
9008 8203 215 417
9008 8204 209 416
9008 8205 204 416
9008 8206 200 417
9008 8207 195 418
9008 8208 190 419
9008 8209 185 420
9008 8210 182 420
9008 8211 176 420
9008 8212 171 421
9008 8213 166 422
9008 8214 167 426
9177 8434 403 259
9177 8435 392 257
9177 8436 380 257
9177 8437 366 255
9177 8438 355 254
9177 8439 345 254
9177 8440 332 252
9177 8441 322 250
9177 8442 311 250
9177 8443 301 250
9177 8444 293 249
9177 8445 281 249
9177 8446 271 248
9177 8447 261 247
9177 8448 269 249
9253 8505 570 360
9253 8506 578 358
9253 8507 576 358
9253 8508 574 359
9253 8509 572 359
9253 8510 570 361
9253 8511 568 362
9253 8512 565 362
9253 8513 563 362
9253 8514 562 363
9253 8515 560 364
9253 8516 557 364
9253 8517 555 365
9253 8518 553 367
9253 8519 551 366
9253 8520 549 368
9253 8521 546 368
9253 8522 543 369
9253 8523 540 372
9253 8524 538 372
9253 8525 536 371
9253 8526 534 372
9253 8527 532 373
9253 8528 528 375
9253 8529 527 377
9253 8530 524 375
9253 8531 522 376
9253 8532 520 378
9253 8533 517 379
9253 8534 514 378
9253 8535 512 381
9253 8536 509 381
9253 8537 506 382
9253 8538 503 382
9253 8539 501 383
9253 8540 499 383
9253 8541 495 385
9253 8542 491 385
9253 8543 489 387
9253 8544 487 386
9253 8545 483 388
9253 8546 481 389
9253 8547 478 390
9253 8548 475 391
9253 8549 470 391
9253 8550 467 392
9253 8551 465 392
9253 8552 461 393
9253 8553 458 394
9253 8554 455 395
9253 8555 451 396
9253 8556 447 398
9253 8557 444 399
9253 8558 443 397
9253 8559 439 399
9253 8560 436 401
9253 8561 433 401
9253 8562 429 403
9253 8563 424 403
9253 8564 421 404
9253 8565 419 404
9253 8566 416 405
9253 8567 413 406
9253 8568 409 407
9253 8569 406 407
9253 8570 401 408
9253 8571 397 410
9253 8572 396 409
9253 8573 392 410
9253 8574 389 412
9253 8575 385 413
9253 8576 381 414
9253 8577 375 415
9253 8578 371 417
9253 8579 370 416
9253 8580 365 417
9253 8581 363 418
9253 8582 359 419
9253 8583 354 419
9253 8584 348 417
9253 8585 342 421
9253 8586 340 418
9253 8587 337 418
9253 8588 332 425
9253 8589 329 428
9253 8590 327 429
9253 8591 320 429
9253 8592 315 431
9253 8593 314 432
9253 8594 311 431
9253 8595 304 432
9253 8596 301 434
9253 8597 299 434
9253 8598 292 436
9253 8599 287 437
9253 8600 284 438
9253 8601 282 438
9253 8602 274 439
9253 8603 271 440
9253 8604 271 441
9253 8605 264 443
9253 8606 257 444
9253 8607 253 446
9253 8608 251 443
9253 8609 245 446
9253 8610 241 448
9253 8611 239 447
9253 8612 233 450
9253 8613 226 451
9253 8614 223 453
9253 8615 221 451
9253 8616 215 453
9253 8617 213 454
9253 8618 208 455
9253 8619 203 455
9253 8620 195 455
9253 8621 189 456
9253 8622 191 456
9253 8623 185 457
9253 8624 189 458
9272 8516 462 265
9272 8517 445 265
9272 8518 431 262
9272 8519 420 262
9272 8520 403 261
9272 8521 384 261
9272 8522 368 258
9272 8523 348 256
9272 8524 336 256
9272 8525 324 254
9272 8526 311 253
9272 8527 298 253
9272 8528 283 252
9272 8529 270 250
9272 8530 257 248
9272 8531 246 248
9272 8532 238 247
9515 8746 197 248
9515 8747 212 249
9515 8748 205 249
9515 8749 217 250
9515 8750 229 251
9515 8751 239 253
9515 8752 250 253
9515 8753 259 253
9515 8754 270 254
9515 8755 279 255
9515 8756 288 256
9515 8757 295 257
9515 8758 301 257
9515 8759 312 258
9515 8760 322 258
9515 8761 329 259
9515 8762 336 260
9515 8763 343 261
9515 8764 351 261
9515 8765 361 255
9515 8766 369 256
9515 8767 377 257
9515 8768 382 257
9515 8769 389 264
9515 8770 397 265
9515 8771 404 265
9515 8772 412 266
9515 8773 417 266
9515 8774 423 266
9515 8775 431 267
9515 8776 440 268
9515 8777 448 269
9515 8778 456 267
9515 8779 462 268
9515 8780 460 268
9515 8781 467 270
9562 8772 156 247
9562 8773 160 248
9562 8774 166 249
9562 8775 169 251
9562 8776 172 252
9562 8777 174 255
9562 8778 175 258
9562 8779 175 259
9562 8780 174 261
9562 8781 173 262
9562 8782 171 265
9562 8783 169 267
9562 8784 166 269
9562 8785 165 270
9562 8786 161 272
9562 8787 157 275
9562 8788 153 276
9562 8789 147 278
9562 8790 140 281
9562 8791 137 284
9562 8792 131 286
9562 8793 125 288
9562 8794 119 290
9562 8795 112 293
9562 8796 106 294
9562 8797 100 297
9562 8798 93 305
9562 8799 87 305
9562 8800 82 307
9562 8801 76 306
9562 8802 71 310
9562 8803 66 314
9562 8804 54 316
9562 8805 51 322
9562 8806 47 321
9562 8807 41 321
9562 8808 35 324
9562 8809 29 326
9562 8810 26 329
9562 8811 19 332
9562 8812 19 335
9562 8813 14 335
9562 8814 10 337
9562 8815 7 341
9562 8816 3 346
9608 8799 72 431
9608 8800 70 430
9608 8801 66 432
9608 8802 64 431
9608 8803 59 431
9608 8804 59 436
9608 8805 58 440
9608 8806 54 442
9608 8807 50 447
9608 8808 50 450
9608 8809 43 447
9608 8810 41 450
9608 8811 37 452
9608 8812 34 458
9608 8813 31 460
9608 8814 29 464
9608 8815 23 461
9608 8816 21 468
9608 8817 18 467
9608 8818 13 470
9608 8819 9 470
9608 8820 5 473
9608 8821 3 475
9616 8806 283 261
9616 8807 283 259
9616 8808 281 260
9616 8809 282 260
9616 8810 277 261
9616 8811 274 262
9616 8812 272 265
9616 8813 268 262
9616 8814 267 261
9616 8815 264 265
9616 8816 261 264
9616 8817 259 264
9616 8818 255 266
9616 8819 253 265
9616 8820 250 267
9616 8821 248 267
9616 8822 246 267
9616 8823 243 267
9616 8824 242 267
9616 8825 239 266
9616 8826 234 268
9616 8827 232 268
9616 8828 231 269
9616 8829 227 270
9616 8830 225 270
9616 8831 222 272
9616 8832 223 273
9616 8833 219 272
9616 8834 216 273
9616 8835 212 273
9616 8836 212 274
9616 8837 208 275
9616 8838 205 276
9616 8839 205 277
9616 8840 203 276
9616 8841 201 277
9616 8842 198 277
9616 8843 197 277
9616 8844 195 277
9616 8845 192 279
9616 8846 189 279
9616 8847 187 280
9616 8848 185 280
9616 8849 182 281
9616 8850 180 282
9616 8851 177 282
9616 8852 175 282
9616 8853 172 282
9616 8854 170 283
9616 8855 167 284
9616 8856 164 284
9616 8857 162 285
9616 8858 160 285
9616 8859 159 289
9847 9075 633 316
9847 9076 631 315
9847 9077 631 316
9847 9078 630 316
9847 9079 631 319
9847 9080 628 318
9847 9081 628 319
9847 9082 627 318
9847 9083 628 320
9847 9084 627 320
9847 9085 626 322
9847 9086 626 322
9847 9087 624 321
9847 9088 625 323
9847 9089 626 325
9847 9090 623 326
9847 9091 620 324
9847 9092 620 326
9847 9093 619 326
9847 9094 618 327
9847 9095 616 327
9847 9096 617 329
9847 9097 618 330
9847 9098 616 332
9847 9099 615 331
9847 9100 615 331
9847 9101 615 333
9847 9102 612 334
9847 9103 612 334
9847 9104 613 334
9847 9105 612 337
9847 9106 610 336
9847 9107 611 338
9847 9108 611 339
9847 9109 608 339
9847 9110 607 339
9847 9111 605 339
9847 9112 606 342
9847 9113 604 341
9847 9114 603 343
9847 9115 602 343
9847 9116 600 344
9847 9117 600 346
9847 9118 598 346
9847 9119 601 346
9847 9120 598 349
9847 9121 597 350
9847 9122 597 351
9847 9123 594 351
9847 9124 593 352
9847 9125 589 353
9847 9126 589 353
9847 9127 588 352
9847 9128 588 355
9847 9129 586 356
9847 9130 586 357
9847 9131 583 357
9847 9132 582 359
9847 9133 583 357
9852 9085 234 249
9852 9086 235 251
9852 9087 250 250
9852 9088 263 252
9852 9089 274 251
9852 9090 289 255
9852 9091 300 256
9852 9092 313 257
9852 9093 328 258
9852 9094 341 259
9852 9095 355 261
9852 9096 368 262
9852 9097 384 262
9852 9098 399 265
9852 9099 413 265
9852 9100 426 266
9852 9101 443 267
9852 9102 457 267
9852 9103 467 268
9852 9104 474 269
9852 9105 485 268
9886 9133 579 359
9886 9134 578 358
9886 9135 577 361
9886 9136 577 364
9886 9137 576 362
9886 9138 575 364
9886 9139 572 365
9886 9140 573 366
9886 9141 569 366
9886 9142 569 368
9886 9143 568 369
9886 9144 565 370
9886 9145 564 370
9886 9146 560 371
9886 9147 557 374
9886 9148 556 374
9886 9149 559 371
9886 9150 554 376
9886 9151 551 376
9886 9152 550 376
9886 9153 547 378
9886 9154 543 379
9886 9155 542 381
9886 9156 539 379
9886 9157 539 383
9886 9158 540 381
9886 9159 535 384
9886 9160 534 385
9886 9161 529 387
9886 9162 527 389
9886 9163 525 389
9886 9164 526 390
9886 9165 528 390
9886 9166 533 386
9886 9167 529 384
9886 9168 529 385
9886 9169 527 391
9886 9170 523 389
9886 9171 523 395
9909 9157 462 261
9909 9158 455 260
9909 9159 445 260
9909 9160 439 260
9909 9161 427 258
9909 9162 413 258
9909 9163 401 257
9909 9164 390 257
9909 9165 377 254
9909 9166 364 254
9909 9167 353 253
9909 9168 342 252
9909 9169 329 251
9909 9170 316 251
9909 9171 308 250
9909 9172 295 249
9909 9173 283 247
9909 9174 271 246
9909 9175 270 247
9937 9180 583 412
9937 9181 581 411
9937 9182 580 410
9937 9183 577 408
9937 9184 574 407
9937 9185 572 406
9937 9186 570 405
9937 9187 567 402
9937 9188 565 401
9937 9189 562 401
9937 9190 560 400
9937 9191 562 402
9937 9192 556 399
9937 9193 562 396
9937 9194 563 394
9937 9195 560 392
9937 9196 559 387
9937 9197 557 391
9937 9198 553 389
9937 9199 550 384
9937 9200 546 385
9937 9201 548 386
9937 9202 544 383
9937 9203 541 383
9937 9204 539 382
9937 9205 537 380
9937 9206 534 375
10009 9231 457 263
10009 9232 453 263
10009 9233 441 262
10009 9234 430 261
10009 9235 416 260
10009 9236 404 260
10009 9237 393 259
10009 9238 379 258
10009 9239 366 256
10009 9240 352 254
10009 9241 342 253
10009 9242 331 253
10009 9243 319 252
10009 9244 310 252
10009 9245 299 250
10009 9246 287 249
10009 9247 277 248
10009 9248 269 247
10009 9249 258 247
10009 9250 257 248
10063 9288 257 447
10063 9289 258 446
10063 9290 255 441
10063 9291 258 440
10063 9292 261 437
10063 9293 262 436
10063 9294 263 435
10063 9295 262 435
10063 9296 269 433
10063 9297 268 434
10063 9298 270 428
10063 9299 277 429
10063 9300 278 427
10063 9301 276 422
10063 9302 276 420
10063 9303 277 420
10063 9304 278 417
10063 9305 281 416
10063 9306 285 418
10063 9307 284 415
10063 9308 284 410
10063 9309 285 409
10063 9310 285 411
10063 9311 286 406
10063 9312 287 408
10063 9313 288 404
10063 9314 293 402
10063 9315 292 400
10063 9316 292 398
10063 9317 290 391
10063 9318 294 396
10063 9319 295 396
10063 9320 298 399
10063 9321 300 399
10063 9322 299 405
10096 9317 323 257
10096 9318 324 256
10096 9319 334 257
10096 9320 345 257
10096 9321 353 259
10096 9322 362 259
10096 9323 372 259
10096 9324 380 260
10096 9325 390 261
10096 9326 401 262
10096 9327 412 263
10096 9328 421 263
10096 9329 432 264
10096 9330 435 272
10421 9626 102 302
10421 9627 100 302
10421 9628 96 305
10421 9629 92 306
10421 9630 86 308
10421 9631 85 308
10421 9632 82 310
10421 9633 77 312
10421 9634 74 314
10421 9635 70 315
10421 9636 67 317
10421 9637 64 316
10421 9638 60 319
10421 9639 56 321
10421 9640 52 322
10421 9641 48 324
10421 9642 43 325
10421 9643 41 325
10421 9644 35 328
10421 9645 34 331
10421 9646 30 333
10421 9647 24 334
10421 9648 24 335
10421 9649 21 336
10421 9650 16 337
10421 9651 12 336
10421 9652 10 341
10421 9653 12 340
10421 9654 17 343
10447 9637 88 301
10447 9638 86 307
10447 9639 88 309
10447 9640 81 310
10447 9641 78 312
10447 9642 72 314
10447 9643 68 314
10447 9644 65 316
10447 9645 62 317
10447 9646 59 319
10447 9647 58 317
10447 9648 53 320
10447 9649 52 322
10447 9650 49 323
10447 9651 47 325
10447 9652 43 326
10447 9653 42 326
10447 9654 40 327
10447 9655 41 326
10447 9656 38 328
10447 9657 37 329
10447 9658 34 326
10447 9659 31 326
10447 9660 33 328
10447 9661 31 330
10447 9662 28 328
10447 9663 28 329
10447 9664 29 331
10447 9665 27 330
10447 9666 27 330
10542 9749 408 258
10542 9750 396 258
10542 9751 381 257
10542 9752 367 255
10542 9753 355 255
10542 9754 340 254
10542 9755 328 252
10542 9756 315 251
10542 9757 304 250
10542 9758 293 249
10542 9759 281 248
10542 9760 271 248
10542 9761 260 247
10542 9762 252 247
10860 10017 312 410
10860 10018 313 411
10860 10019 312 412
10860 10020 318 410
10860 10021 323 403
10860 10022 327 408
10860 10023 330 409
10860 10024 334 407
10860 10025 339 406
10860 10026 340 407
10860 10027 344 404
10860 10028 349 405
10860 10029 350 403
10860 10030 354 403
10860 10031 355 404
10860 10032 360 405
10860 10033 364 402
10860 10034 365 403
10860 10035 369 401
10860 10036 371 400
10860 10037 377 400
10860 10038 378 400
10860 10039 382 399
10860 10040 386 398
10860 10041 388 398
10860 10042 392 398
10860 10043 395 401
10860 10044 398 400
10860 10045 401 395
10860 10046 404 395
10860 10047 402 396
10860 10048 405 398
11275 10422 561 373
11275 10423 564 372
11275 10424 566 370
11275 10425 569 372
11275 10426 570 370
11275 10427 573 370
11275 10428 575 369
11275 10429 575 367
11275 10430 576 368
11275 10431 580 368
11275 10432 582 365
11275 10433 583 365
11275 10434 584 365
11275 10435 587 365
11275 10436 589 365
11275 10437 591 362
11275 10438 591 363
11275 10439 594 362
11275 10440 596 361
11275 10441 596 359
11275 10442 598 361
11275 10443 602 360
11275 10444 602 357
11275 10445 603 356
11275 10446 605 357
11275 10447 606 354
11275 10448 608 354
11275 10449 610 356
11275 10450 611 355
11275 10451 612 351
11275 10452 613 350
11275 10453 615 353
11275 10454 618 352
11275 10455 619 351
11275 10456 621 350
11275 10457 622 351
11275 10458 623 347
11275 10459 624 347
11275 10460 629 344
11275 10461 627 345
11275 10462 630 346
11275 10463 632 346
11275 10464 632 349
11275 10465 631 344
11520 10621 518 413
11520 10622 521 415
11520 10623 518 413
11520 10624 516 414
11520 10625 514 413
11520 10626 509 411
11520 10627 506 409
11520 10628 504 409
11520 10629 500 408
11520 10630 497 407
11520 10631 494 405
11520 10632 492 404
11520 10633 492 403
11520 10634 487 403
11520 10635 483 400
11520 10636 483 400
11520 10637 480 400
11520 10638 476 398
11520 10639 476 398
11520 10640 473 397
11520 10641 471 396
11520 10642 468 395
11520 10643 464 393
11520 10644 463 392
11520 10645 460 393
11520 10646 456 390
11520 10647 454 390
11520 10648 454 388
11520 10649 452 389
11520 10650 456 393
11549 10638 351 443
11549 10639 349 446
11549 10640 348 446
11549 10641 344 445
11549 10642 343 446
11549 10643 342 447
11549 10644 338 449
11549 10645 334 452
11549 10646 336 449
11549 10647 331 451
11549 10648 329 453
11549 10649 327 451
11549 10650 323 452
11549 10651 320 453
11549 10652 318 455
11549 10653 316 455
11549 10654 313 456
11549 10655 311 457
11549 10656 309 457
11549 10657 305 457
11549 10658 303 458
11549 10659 301 459
11549 10660 297 460
11549 10661 295 460
11549 10662 290 460
11549 10663 288 461
11549 10664 285 462
11549 10665 281 462
11549 10666 278 461
11549 10667 277 462
11549 10668 274 463
11549 10669 270 463
11549 10670 269 464
11549 10671 266 463
11549 10672 263 464
11549 10673 260 464
11549 10674 256 464
11549 10675 254 463
11549 10676 252 464
11549 10677 249 464
11549 10678 245 465
11549 10679 243 464
11549 10680 240 465
11549 10681 238 465
11549 10682 234 465
11549 10683 231 463
11549 10684 228 464
11549 10685 226 464
11549 10686 223 465
11549 10687 221 465
11549 10688 218 465
11549 10689 215 466
11549 10690 210 467
11549 10691 208 465
11549 10692 203 465
11549 10693 203 466
11549 10694 198 466
11549 10695 199 467
11604 10670 338 396
11604 10671 343 397
11604 10672 344 390
11604 10673 344 390
11604 10674 350 390
11604 10675 355 389
11604 10676 356 387
11604 10677 357 389
11604 10678 365 387
11604 10679 368 387
11604 10680 372 383
11604 10681 373 385
11604 10682 377 384
11604 10683 381 384
11604 10684 383 383
11604 10685 385 384
11604 10686 392 381
11604 10687 394 386
11604 10688 396 383
11604 10689 401 380
11604 10690 402 378
11604 10691 405 381
11604 10692 408 378
11604 10693 412 378
11604 10694 417 378
11604 10695 418 380
11604 10696 421 377
11604 10697 428 377
11604 10698 428 374
11604 10699 429 376
11604 10700 434 375
11604 10701 437 378
11604 10702 440 374
11604 10703 443 372
11604 10704 444 370
11604 10705 451 373
11604 10706 451 372
11604 10707 454 372
11604 10708 459 372
11604 10709 459 375
11604 10710 463 372
11604 10711 466 374
11604 10712 465 373
11607 10672 209 277
11607 10673 207 274
11607 10674 210 276
11607 10675 211 272
11607 10676 212 272
11607 10677 214 272
11607 10678 217 271
11607 10679 219 271
11607 10680 220 269
11607 10681 222 270
11607 10682 223 267
11607 10683 224 271
11607 10684 228 269
11607 10685 231 267
11607 10686 232 267
11607 10687 233 269
11607 10688 236 266
11607 10689 237 266
11607 10690 239 266
11607 10691 241 266
11607 10692 243 266
11607 10693 245 266
11607 10694 246 264
11607 10695 248 265
11607 10696 251 265
11607 10697 252 266
11607 10698 256 264
11607 10699 258 264
11607 10700 259 263
11607 10701 260 263
11607 10702 262 263
11607 10703 265 263
11607 10704 269 263
11607 10705 268 262
11607 10706 273 262
11607 10707 275 264
11607 10708 278 263
11607 10709 275 263
11607 10710 279 263
11607 10711 282 262
11607 10712 284 263
11607 10713 285 262
11607 10714 288 263
11607 10715 291 262
11607 10716 292 263
11607 10717 293 262
11607 10718 297 262
11607 10719 299 262
11607 10720 299 261
11607 10721 302 262
11607 10722 304 262
11607 10723 307 262
11607 10724 308 262
11607 10725 311 258
11607 10726 313 261
11607 10727 315 263
11607 10728 317 260
11607 10729 317 260
11607 10730 321 262
11607 10731 322 261
11607 10732 323 262
11607 10733 325 261
11607 10734 328 261
11607 10735 330 262
11607 10736 330 261
11607 10737 331 261
11607 10738 334 262
11607 10739 336 261
11607 10740 338 261
11607 10741 337 261
11607 10742 342 260
11607 10743 343 261
11607 10744 345 260
11607 10745 346 261
11607 10746 350 261
11607 10747 350 262
11607 10748 352 261
11613 10675 242 251
11613 10676 249 251
11613 10677 256 252
11613 10678 271 255
11613 10679 289 256
11613 10680 303 257
11613 10681 318 257
11613 10682 337 260
11613 10683 352 261
11613 10684 369 263
11613 10685 387 264
11613 10686 406 266
11613 10687 422 267
11613 10688 439 269
11613 10689 457 270
11613 10690 467 270
11613 10691 473 271
11613 10692 487 269
12281 11254 170 266
12281 11255 167 264
12281 11256 167 267
12281 11257 167 262
12281 11258 162 269
12281 11259 161 264
12281 11260 159 265
12281 11261 154 266
12281 11262 153 267
12281 11263 154 267
12281 11264 154 266
12281 11265 146 272
12281 11266 145 272
12281 11267 142 273
12281 11268 137 275
12281 11269 135 276
12281 11270 132 278
12281 11271 130 278
12281 11272 133 280
12281 11273 124 282
12281 11274 120 289
12281 11275 116 285
12281 11276 114 286
12281 11277 117 283
12281 11278 106 289
12281 11279 103 290
12281 11280 109 292
12281 11281 97 293
12281 11282 93 294
12281 11283 88 297
12281 11284 85 297
12281 11285 82 300
12281 11286 76 301
12281 11287 74 303
12281 11288 70 304
12281 11289 66 307
12281 11290 61 308
12281 11291 58 310
12281 11292 53 312
12281 11293 48 313
12281 11294 46 315
12281 11295 41 314
12281 11296 51 313
12539 11354 234 252
12539 11355 238 252
12539 11356 245 252
12539 11357 246 252
12539 11358 255 252
12539 11359 264 253
12539 11360 272 255
12539 11361 279 254
12539 11362 289 256
12539 11363 299 257
12539 11364 306 257
12539 11365 316 258
12539 11366 327 257
12539 11367 335 260
12539 11368 344 259
12539 11369 355 260
12539 11370 364 260
12539 11371 373 260
12539 11372 384 263
12539 11373 396 263
12539 11374 404 265
12539 11375 413 265
12539 11376 424 268
12539 11377 435 268
12647 11463 126 315
12647 11464 126 315
12647 11465 131 314
12647 11466 131 314
12647 11467 133 317
12647 11468 135 317
12647 11469 135 317
12647 11470 138 317
12647 11471 139 318
12647 11472 141 319
12647 11473 143 319
12647 11474 144 320
12647 11475 146 319
12647 11476 149 321
12647 11477 149 321
12647 11478 152 323
12647 11479 153 323
12647 11480 156 326
12647 11481 158 327
12647 11482 159 325
12647 11483 162 325
12647 11484 163 326
12647 11485 165 327
12647 11486 167 329
12647 11487 168 329
12647 11488 170 329
12647 11489 170 329
12647 11490 174 330
12647 11491 175 330
12647 11492 176 330
12647 11493 178 331
12647 11494 181 331
12647 11495 182 334
12647 11496 184 336
12647 11497 186 338
12647 11498 186 333
12647 11499 188 337
12647 11500 188 334
12647 11501 190 337
12647 11502 193 341
12647 11503 194 340
12647 11504 195 339
12647 11505 197 341
12647 11506 201 339
12647 11507 201 342
12647 11508 202 340
12647 11509 204 338
12647 11510 207 342
12647 11511 208 339
12647 11512 210 344
12647 11513 211 342
12647 11514 213 340
12647 11515 211 337
12676 11518 224 345
12676 11519 222 345
12676 11520 224 348
12676 11521 226 349
12676 11522 228 348
12676 11523 230 350
12676 11524 232 351
12676 11525 234 349
12676 11526 235 346
12676 11527 237 351
12676 11528 237 354
12676 11529 241 352
12676 11530 244 352
12676 11531 245 351
12676 11532 248 355
12676 11533 250 353
12676 11534 251 353
12676 11535 254 357
12676 11536 255 354
12676 11537 258 353
12676 11538 261 353
12676 11539 262 356
12676 11540 265 359
12676 11541 269 360
12676 11542 270 359
12676 11543 270 358
12676 11544 271 356
12676 11545 275 360
12676 11546 278 359
12676 11547 282 364
12676 11548 283 367
12676 11549 284 364
12676 11550 289 367
12676 11551 287 363
12676 11552 289 365
12676 11553 293 367
12676 11554 295 366
12676 11555 298 366
12676 11556 301 369
12676 11557 304 366
12676 11558 305 368
12676 11559 309 367
12676 11560 309 368
12676 11561 311 368
12676 11562 314 368
12676 11563 318 366
12676 11564 320 372
12676 11565 323 369
12676 11566 324 365
12676 11567 329 371
12676 11568 329 374
12676 11569 330 372
12676 11570 333 372
12676 11571 338 372
12676 11572 341 373
12676 11573 342 374
12676 11574 345 372
12676 11575 348 373
12676 11576 349 369
12961 11859 155 246
12961 11860 157 247
12961 11861 159 248
12961 11862 161 249
12961 11863 163 250
12961 11864 165 251
12961 11865 166 252
12961 11866 168 252
12961 11867 168 253
12961 11868 170 255
12961 11869 170 255
12961 11870 170 257
12961 11871 170 258
12961 11872 169 261
12961 11873 169 260
12961 11874 169 261
12961 11875 167 262
12961 11876 164 263
12961 11877 166 265
12961 11878 162 266
12961 11879 163 267
12961 11880 158 268
12961 11881 157 269
12961 11882 156 270
12961 11883 152 273
12961 11884 153 275
12961 11885 149 276
12961 11886 148 275
12961 11887 145 281
12961 11888 143 285
12961 11889 140 283
12961 11890 135 279
12961 11891 133 281
12961 11892 132 283
12961 11893 130 284
12961 11894 125 285
12961 11895 123 287
12961 11896 119 288
12961 11897 115 289
12961 11898 112 290
12961 11899 106 291
12961 11900 105 292
12961 11901 102 294
12961 11902 98 296
12961 11903 95 296
12961 11904 91 297
12961 11905 87 299
12961 11906 83 301
12961 11907 80 302
12961 11908 92 298
13232 12103 297 320
13232 12104 297 315
13232 12105 300 316
13232 12106 302 315
13232 12107 303 317
13232 12108 306 319
13232 12109 306 317
13232 12110 308 318
13232 12111 312 320
13232 12112 313 320
13232 12113 315 321
13232 12114 317 321
13232 12115 319 323
13232 12116 320 323
13232 12117 321 323
13232 12118 326 325
13232 12119 327 325
13232 12120 329 327
13232 12121 331 327
13232 12122 332 327
13232 12123 335 330
13232 12124 337 330
13232 12125 339 330
13232 12126 341 331
13232 12127 345 332
13232 12128 347 333
13232 12129 349 333
13232 12130 350 333
13232 12131 353 336
13232 12132 355 337
13232 12133 358 337
13232 12134 360 337
13232 12135 363 339
13232 12136 367 341
13232 12137 368 340
13232 12138 371 341
13232 12139 373 344
13232 12140 375 344
13232 12141 377 343
13232 12142 380 344
13232 12143 383 347
13232 12144 386 348
13232 12145 388 346
13232 12146 391 346
13232 12147 392 348
13232 12148 395 350
13232 12149 397 350
13232 12150 400 350
13232 12151 397 354
13332 12162 511 361
13332 12163 513 356
13332 12164 511 356
13332 12165 509 357
13332 12166 507 358
13332 12167 505 359
13332 12168 504 357
13332 12169 502 361
13332 12170 498 362
13332 12171 497 360
13332 12172 495 364
13332 12173 494 361
13332 12174 491 362
13332 12175 490 361
13332 12176 488 363
13332 12177 486 363
13332 12178 480 371
13332 12179 479 374
13332 12180 476 375
13332 12181 478 375
13332 12182 473 367
13332 12183 473 364
13332 12184 471 364
13332 12185 468 364
13332 12186 466 366
13332 12187 464 364
13332 12188 461 365
13332 12189 459 366
13332 12190 457 366
13332 12191 456 368
13332 12192 454 367
13332 12193 451 367
13332 12194 449 369
13332 12195 446 367
13332 12196 444 368
13332 12197 441 371
13332 12198 440 368
13332 12199 437 371
13332 12200 433 369
13332 12201 429 370
13332 12202 426 370
13332 12203 424 371
13332 12204 423 370
13332 12205 420 372
13332 12206 418 372
13332 12207 415 371
13332 12208 412 373
13332 12209 409 372
13332 12210 406 374
13332 12211 405 373
13332 12212 402 373
13332 12213 399 374
13332 12214 397 374
13332 12215 394 373
13332 12216 391 373
13332 12217 387 374
13332 12218 385 374
13332 12219 383 374
13332 12220 379 375
13332 12221 377 375
13332 12222 375 375
13332 12223 371 375
13332 12224 367 376
13332 12225 367 375
13332 12226 364 376
13332 12227 359 375
13332 12228 357 376
13332 12229 355 376
13332 12230 352 377
13332 12231 349 376
13332 12232 346 378
13332 12233 344 377
13332 12234 341 377
13332 12235 337 378
13332 12236 336 378
13332 12237 332 379
13332 12238 329 379
13332 12239 326 380
13332 12240 325 379
13332 12241 323 380
13332 12242 318 380
13332 12243 316 380
13332 12244 316 381
13332 12245 310 381
13332 12246 312 379
13447 12246 306 381
13447 12247 304 381
13447 12248 304 381
13447 12249 298 381
13447 12250 296 381
13447 12251 294 382
13447 12252 291 382
13447 12253 286 382
13447 12254 285 382
13447 12255 282 382
13447 12256 280 382
13447 12257 275 383
13447 12258 275 383
13447 12259 270 386
13447 12260 267 384
13447 12261 264 384
13447 12262 262 383
13447 12263 260 383
13447 12264 256 385
13447 12265 253 384
13447 12266 252 385
13447 12267 246 385
13447 12268 243 385
13447 12269 241 386
13447 12270 239 385
13447 12271 236 385
13447 12272 234 386
13447 12273 231 386
13447 12274 226 386
13447 12275 224 386
13447 12276 221 386
13447 12277 220 386
13447 12278 217 386
13447 12279 213 386
13447 12280 211 387
13447 12281 207 387
13447 12282 204 387
13447 12283 201 388
13447 12284 199 387
13447 12285 196 388
13447 12286 192 388
13447 12287 190 388
13447 12288 187 389
13447 12289 183 389
13447 12290 180 389
13447 12291 177 389
13447 12292 175 389
13447 12293 171 389
13447 12294 169 390
13447 12295 165 390
13447 12296 162 390
13447 12297 158 390
13447 12298 156 389
13447 12299 153 390
13447 12300 150 391
13447 12301 148 391
13447 12302 144 390
13447 12303 141 391
13447 12304 138 391
13447 12305 135 391
13447 12306 135 395
13594 12345 470 351
13594 12346 472 350
13594 12347 476 349
13594 12348 478 348
13594 12349 477 355
13594 12350 479 356
13594 12351 480 354
13594 12352 482 356
13594 12353 484 358
13594 12354 487 359
13594 12355 489 358
13594 12356 491 356
13594 12357 493 361
13594 12358 494 362
13594 12359 494 362
13594 12360 496 363
13594 12361 499 365
13594 12362 500 366
13594 12363 500 365
13594 12364 502 367
13594 12365 507 364
13594 12366 505 370
13594 12367 508 372
13594 12368 511 371
13594 12369 513 372
13594 12370 513 377
13594 12371 516 379
13594 12372 519 375
13594 12373 515 376
13594 12374 522 379
13594 12375 522 381
13594 12376 525 382
13594 12377 526 383
13594 12378 528 383
13594 12379 532 378
13594 12380 531 384
13594 12381 536 385
13594 12382 534 382
13623 12362 240 251
13623 12363 249 251
13623 12364 254 253
13623 12365 264 254
13623 12366 274 254
13623 12367 285 255
13623 12368 298 256
13623 12369 307 257
13623 12370 318 257
13623 12371 329 259
13623 12372 341 260
13623 12373 351 261
13623 12374 364 260
13623 12375 377 263
13623 12376 388 264
13623 12377 401 265
13623 12378 414 266
13623 12379 406 266
13789 12575 227 255
13789 12576 234 254
13789 12577 237 253
13789 12578 244 250
13789 12579 249 251
13789 12580 257 252
13789 12581 265 253
13789 12582 272 254
13789 12583 281 256
13789 12584 286 255
13789 12585 296 256
13789 12586 305 256
13789 12587 313 257
13789 12588 309 257
13789 12589 303 257
13789 12590 312 258
13789 12591 321 259
13789 12592 325 260
13789 12593 336 260
13789 12594 344 260
13789 12595 349 261
13789 12596 359 262
13789 12597 367 263
13789 12598 377 263
13789 12599 382 264
13870 12677 227 467
13870 12678 242 462
13870 12679 251 457
13870 12680 267 453
13870 12681 284 448
13870 12682 295 445
13870 12683 312 443
13870 12684 330 441
13870 12685 346 435
13933 12745 262 362
13933 12746 261 363
13933 12747 261 362
13933 12748 258 361
13933 12749 257 367
13933 12750 257 365
13933 12751 260 368
13933 12752 261 370
13933 12753 261 370
13933 12754 258 364
13933 12755 258 367
13933 12756 259 367
13933 12757 260 368
13933 12758 261 371
13933 12759 264 375
13933 12760 263 372
13933 12761 264 373
13933 12762 264 374
13933 12763 266 375
13933 12764 267 375
13933 12765 268 377
13933 12766 271 375
13933 12767 271 379
13933 12768 273 383
13933 12769 274 381
13933 12770 275 381
13933 12771 276 383
13933 12772 277 383
13933 12773 278 385
13933 12774 279 386
13933 12775 281 387
13933 12776 284 389
13933 12777 283 389
13933 12778 285 391
13933 12779 286 393
13933 12780 287 393
13933 12781 289 394
13933 12782 290 397
13933 12783 293 397
13933 12784 295 400
13933 12785 297 396
13933 12786 298 401
13933 12787 300 402
13933 12788 302 402
13933 12789 304 404
13933 12790 305 407
13933 12791 308 407
13933 12792 310 408
13933 12793 311 409
13933 12794 317 407
13933 12795 320 407
14122 12959 241 252
14122 12960 245 252
14122 12961 257 254
14122 12962 267 254
14122 12963 277 255
14122 12964 290 256
14122 12965 303 257
14122 12966 313 257
14122 12967 325 258
14122 12968 339 260
14122 12969 354 260
14122 12970 364 261
14122 12971 377 263
14122 12972 394 271
14122 12973 403 271
14122 12974 416 271
14122 12975 414 283