64 60 429 265
64 61 436 262
64 62 429 262
64 63 422 262
64 64 417 261
64 65 413 261
64 66 406 261
64 67 400 260
64 68 395 259
64 69 387 258
64 70 383 257
64 71 376 257
64 72 371 257
64 73 366 256
64 74 361 256
64 75 353 255
64 76 347 255
64 77 342 254
64 78 337 255
64 79 331 254
64 80 327 253
64 81 321 253
64 82 312 253
64 83 304 251
64 84 304 251
64 85 296 251
64 86 292 250
64 87 286 250
64 88 280 250
64 89 277 248
64 90 271 248
64 91 262 248
64 92 257 247
64 93 253 247
64 94 251 247
64 95 228 247
64 96 233 247
64 97 231 249
634 633 218 412
634 634 221 418
634 635 220 419
634 636 216 419
634 637 214 421
634 638 211 424
634 639 210 421
634 640 208 425
634 641 206 425
634 642 203 427
634 643 201 427
634 644 197 429
634 645 196 429
634 646 194 432
634 647 191 431
634 648 187 436
634 649 185 434
634 650 182 437
634 651 180 436
634 652 177 439
634 653 174 440
634 654 169 443
634 655 167 443
634 656 163 439
634 657 161 446
634 658 159 448
634 659 155 444
634 660 153 447
634 661 148 449
634 662 144 447
634 663 144 452
634 664 140 455
634 665 135 455
634 666 134 456
634 667 131 458
634 668 128 459
634 669 126 458
634 670 120 459
634 671 116 460
634 672 114 460
634 673 110 460
634 674 108 460
634 675 104 461
634 676 100 462
634 677 97 462
634 678 94 463
634 679 90 463
634 680 82 465
634 681 83 465
634 682 81 467
634 683 77 465
634 684 72 466
634 685 69 466
634 686 66 467
634 687 69 475
667 671 365 263
667 672 360 260
667 673 371 259
667 674 375 261
667 675 383 262
667 676 395 263
667 677 402 264
667 678 408 265
667 679 419 266
667 680 429 266
667 681 436 268
667 682 443 267
667 683 454 268
667 684 466 269
667 685 470 271
667 686 476 270
667 687 481 272
667 688 487 272
667 689 489 276
708 730 400 438
708 731 397 429
708 732 397 430
708 733 395 430
708 734 390 430
708 735 384 431
708 736 388 427
708 737 382 433
708 738 377 432
708 739 372 432
708 740 366 434
708 741 362 434
708 742 361 435
708 743 356 435
708 744 351 436
708 745 350 436
708 746 347 435
708 747 339 436
708 748 334 437
708 749 333 436
708 750 333 437
708 751 329 438
708 752 319 439
708 753 319 439
708 754 317 439
708 755 312 434
708 756 305 441
708 757 301 443
708 758 300 443
708 759 297 444
708 760 290 445
708 761 290 446
708 762 286 447
708 763 283 446
708 764 274 447
708 765 271 448
708 766 271 449
708 767 268 449
708 768 261 450
708 769 256 450
708 770 254 451
708 771 251 449
708 772 245 450
708 773 244 443
1167 1241 127 287
1167 1242 126 283
1167 1243 126 287
1167 1244 124 286
1167 1245 125 289
1167 1246 124 285
1167 1247 123 290
1167 1248 124 290
1167 1249 122 291
1167 1250 122 290
1167 1251 120 288
1167 1252 121 289
1167 1253 119 291
1167 1254 118 293
1167 1255 117 293
1167 1256 116 293
1167 1257 116 293
1167 1258 115 294
1167 1259 113 289
1167 1260 113 292
1167 1261 112 293
1167 1262 112 294
1167 1263 109 296
1167 1264 108 297
1167 1265 108 296
1167 1266 107 297
1167 1267 106 299
1167 1268 105 297
1167 1269 103 299
1167 1270 102 298
1167 1271 102 299
1167 1272 100 300
1167 1273 99 299
1167 1274 97 301
1167 1275 97 299
1167 1276 98 302
1167 1277 95 302
1167 1278 95 303
1167 1279 92 304
1167 1280 93 305
1167 1281 91 304
1167 1282 90 305
1167 1283 89 305
1167 1284 87 306
1167 1285 86 303
1167 1286 85 306
1167 1287 83 307
1167 1288 84 307
1167 1289 82 307
1167 1290 82 307
1167 1291 79 308
1167 1292 78 309
1167 1293 76 309
1167 1294 75 307
1167 1295 74 309
1167 1296 72 310
1167 1297 73 310
1167 1298 70 310
1167 1299 71 311
1167 1300 67 313
1167 1301 67 313
1167 1302 65 314
1167 1303 65 314
1167 1304 65 315
1167 1305 62 315
1167 1306 60 315
1167 1307 61 316
1167 1308 58 317
1167 1309 57 316
1167 1310 54 313
1167 1311 53 316
1167 1312 54 316
1167 1313 51 317
1167 1314 48 317
1167 1315 48 315
1167 1316 47 316
1167 1317 45 316
1167 1318 44 318
1178 1255 91 298
1178 1256 87 298
1178 1257 85 294
1178 1258 84 297
1178 1259 83 300
1178 1260 81 298
1178 1261 81 300
1178 1262 78 300
1178 1263 78 301
1178 1264 74 302
1178 1265 73 298
1178 1266 71 298
1178 1267 70 300
1178 1268 70 303
1178 1269 67 304
1178 1270 67 304
1178 1271 64 304
1178 1272 62 301
1178 1273 60 301
1178 1274 58 307
1178 1275 57 306
1178 1276 56 307
1178 1277 53 307
1178 1278 52 309
1178 1279 51 307
1178 1280 50 309
1178 1281 48 306
1178 1282 46 310
1178 1283 46 309
1178 1284 45 310
1178 1285 43 309
1178 1286 41 312
1178 1287 40 311
1178 1288 36 308
1178 1289 35 310
1178 1290 33 312
1178 1291 30 312
1178 1292 30 312
1178 1293 28 311
1178 1294 26 309
1178 1295 25 313
1178 1296 24 311
1178 1297 21 315
1178 1298 19 311
1178 1299 17 311
1178 1300 16 315
1178 1301 15 317
1178 1302 12 314
1178 1303 11 316
1178 1304 10 317
1178 1305 8 318
1178 1306 7 319
1178 1307 4 319
1178 1308 3 316
1284 1369 609 473
1284 1370 607 463
1284 1371 604 462
1284 1372 603 465
1284 1373 597 461
1284 1374 600 461
1284 1375 594 459
1284 1376 585 455
1284 1377 587 456
1284 1378 583 454
1284 1379 581 451
1284 1380 574 451
1284 1381 570 449
1284 1382 571 446
1284 1383 567 443
1284 1384 565 440
1284 1385 560 446
1284 1386 561 443
1284 1387 558 434
1319 1393 539 424
1319 1394 533 426
1319 1395 531 430
1319 1396 528 428
1319 1397 520 428
1319 1398 523 424
1319 1399 519 421
1319 1400 514 419
1319 1401 506 418
1319 1402 502 418
1319 1403 498 418
1319 1404 499 416
1319 1405 492 415
1319 1406 490 415
1319 1407 485 414
1319 1408 482 414
1319 1409 479 415
1319 1410 476 411
1319 1411 476 409
1319 1412 468 408
1319 1413 464 406
1319 1414 462 407
1319 1415 460 404
1319 1416 456 403
1319 1417 454 403
1319 1418 453 401
1319 1419 446 396
1319 1420 444 398
1319 1421 442 399
1319 1422 440 393
1319 1423 438 392
1319 1424 435 392
1319 1425 435 391
1344 1418 309 256
1344 1419 317 256
1344 1420 331 257
1344 1421 347 259
1344 1422 365 260
1344 1423 384 262
1344 1424 400 264
1344 1425 416 267
1344 1426 435 268
1344 1427 455 270
1344 1428 462 268
1344 1429 471 270
1344 1430 485 272
1623 1622 363 438
1623 1623 362 434
1623 1624 362 430
1623 1625 359 430
1623 1626 356 423
1623 1627 350 429
1623 1628 346 429
1623 1629 343 427
1623 1630 341 428
1623 1631 335 429
1623 1632 335 431
1623 1633 329 426
1623 1634 324 426
1623 1635 322 426
1623 1636 320 425
1623 1637 316 424
1623 1638 309 425
1623 1639 310 426
1623 1640 306 424
1623 1641 301 422
1623 1642 297 423
1623 1643 297 423
1623 1644 292 419
1623 1645 288 419
1623 1646 285 419
1623 1647 285 419
1623 1648 281 416
1623 1649 275 416
1623 1650 273 415
1623 1651 272 415
1623 1652 270 411
1623 1653 265 413
1623 1654 264 415
1623 1655 262 413
1623 1656 256 411
1623 1657 252 410
1623 1658 250 410
1623 1659 249 408
1623 1660 244 407
1623 1661 241 404
1623 1662 238 404
1623 1663 236 407
1623 1664 231 405
1623 1665 230 405
1623 1666 229 405
1623 1667 224 404
1623 1668 219 403
1623 1669 220 400
1623 1670 217 401
1623 1671 213 396
1623 1672 209 400
1623 1673 208 399
1623 1674 204 399
1623 1675 201 397
1623 1676 197 397
1623 1677 196 394
1623 1678 192 397
1623 1679 187 396
1623 1680 187 396
1623 1681 186 395
1623 1682 182 394
1623 1683 179 393
1623 1684 176 393
1623 1685 174 392
1623 1686 168 392
1623 1687 167 391
1623 1688 164 391
1623 1689 161 390
1623 1690 160 388
1623 1691 158 390
1623 1692 157 389
1623 1693 152 387
1623 1694 148 387
1623 1695 146 387
1623 1696 145 386
1623 1697 144 386
1623 1698 144 391
1719 1722 171 407
1719 1723 174 400
1719 1724 176 400
1719 1725 180 399
1719 1726 183 401
1719 1727 189 400
1719 1728 191 401
1719 1729 194 400
1719 1730 200 400
1719 1731 200 402
1719 1732 206 402
1719 1733 210 401
1719 1734 214 404
1719 1735 215 403
1719 1736 221 403
1719 1737 224 402
1719 1738 230 404
1719 1739 231 405
1719 1740 233 405
1719 1741 235 411
1719 1742 243 407
1719 1743 242 406
1719 1744 249 406
1719 1745 254 407
1719 1746 257 407
1719 1747 258 409
1719 1748 259 408
1719 1749 264 410
1719 1750 270 409
1719 1751 274 410
1719 1752 277 409
1719 1753 283 409
1719 1754 288 411
1719 1755 288 412
1719 1756 291 410
1719 1757 301 413
1719 1758 304 413
1719 1759 306 412
1719 1760 308 411
1719 1761 313 413
1719 1762 319 414
1719 1763 320 415
1719 1764 324 410
1719 1765 326 416
1719 1766 335 415
1719 1767 337 415
1719 1768 341 415
1719 1769 347 416
1719 1770 350 419
1719 1771 351 417
1719 1772 355 418
1719 1773 361 420
1719 1774 365 419
1719 1775 365 418
1719 1776 370 419
1719 1777 375 421
1719 1778 379 423
1719 1779 382 422
1719 1780 385 418
2077 2367 141 450
2077 2368 142 456
2077 2369 145 455
2077 2370 148 454
2077 2371 150 451
2077 2372 153 450
2077 2373 156 448
2077 2374 158 447
2077 2375 160 444
2077 2376 164 444
2077 2377 166 442
2077 2378 169 439
2077 2379 171 438
2077 2380 174 437
2077 2381 176 435
2077 2382 178 434
2077 2383 181 433
2077 2384 184 432
2077 2385 188 429
2077 2386 192 429
2077 2387 192 426
2077 2388 194 425
2077 2389 188 422
2077 2390 188 419
2077 2391 194 420
2077 2392 194 418
2077 2393 195 416
2077 2394 197 415
2077 2395 201 415
2077 2396 202 413
2077 2397 205 410
2077 2398 209 411
2077 2399 211 410
2077 2400 212 409
2077 2401 209 415
2524 2725 395 340
2524 2726 398 337
2524 2727 399 335
2524 2728 400 336
2524 2729 401 340
2524 2730 403 341
2524 2731 405 341
2524 2732 406 342
2524 2733 409 343
2524 2734 410 346
2524 2735 412 346
2524 2736 413 346
2524 2737 414 347
2524 2738 415 348
2524 2739 418 349
2524 2740 419 348
2524 2741 421 353
2524 2742 421 353
2524 2743 424 355
2524 2744 424 356
2524 2745 426 356
2524 2746 430 357
2524 2747 432 358
2524 2748 432 359
2524 2749 434 362
2524 2750 435 362
2524 2751 439 363
2524 2752 441 363
2524 2753 442 366
2524 2754 447 368
2524 2755 448 368
2524 2756 449 368
2524 2757 452 371
2524 2758 453 371
2524 2759 455 372
2524 2760 459 373
2524 2761 462 377
2524 2762 464 379
2524 2763 466 379
2524 2764 468 380
2524 2765 471 381
2524 2766 472 382
2524 2767 477 382
2524 2768 480 386
2524 2769 482 386
2524 2770 485 387
2524 2771 489 389
2524 2772 491 389
2524 2773 494 390
2524 2774 497 391
2524 2775 501 393
2524 2776 501 394
2524 2777 506 394
2524 2778 504 395
2771 2997 139 435
2771 2998 134 440
2771 2999 131 432
2771 3000 130 434
2771 3001 128 436
2771 3002 127 439
2771 3003 123 438
2771 3004 123 440
2771 3005 120 443
2771 3006 121 445
2771 3007 116 444
2771 3008 116 446
2771 3009 114 446
2771 3010 112 448
2771 3011 109 447
2771 3012 107 447
2771 3013 105 447
2771 3014 101 447
2771 3015 100 449
2771 3016 99 449
2771 3017 95 448
2771 3018 90 446
2771 3019 94 449
2771 3020 91 447
2771 3021 86 446
2771 3022 91 448
2771 3023 86 450
2771 3024 86 442
2771 3025 89 448
2771 3026 88 448
2771 3027 86 448
2771 3028 83 448
2771 3029 82 448
2771 3030 76 445
2771 3031 75 449
2771 3032 75 448
2771 3033 74 449
2771 3034 67 445
2771 3035 68 449
2771 3036 63 452
2771 3037 59 451
2771 3038 59 451
2771 3039 55 449
2771 3040 48 443
2771 3041 49 451
2771 3042 44 451
2771 3043 42 452
2771 3044 36 451
2771 3045 36 453
2771 3046 31 453
2771 3047 27 454
2771 3048 23 454
2771 3049 21 454
2771 3050 17 454
2771 3051 13 455
2771 3052 11 457
2903 3174 8 434
2903 3175 7 432
2903 3176 8 428
2903 3177 9 425
2903 3178 11 425
2903 3179 14 422
2903 3180 14 420
2903 3181 18 420
2903 3182 22 417
2903 3183 23 416
2903 3184 25 414
2903 3185 28 414
2903 3186 30 411
2903 3187 34 409
2903 3188 38 410
2903 3189 39 408
2903 3190 43 400
2903 3191 46 399
2903 3192 50 398
2903 3193 52 397
2903 3194 55 395
2903 3195 58 395
2903 3196 63 393
2903 3197 67 392
2903 3198 70 393
2903 3199 75 393
3274 3511 395 259
3274 3512 379 257
3274 3513 363 255
3274 3514 347 253
3274 3515 332 254
3274 3516 321 253
3274 3517 310 253
3274 3518 300 251
3274 3519 284 249
3274 3520 269 248
3274 3521 253 246
3538 3791 248 250
3538 3792 253 250
3538 3793 265 253
3538 3794 275 254
3538 3795 286 254
3538 3796 297 255
3538 3797 310 257
3538 3798 317 256
3538 3799 325 257
3538 3800 339 258
3538 3801 346 259
3538 3802 361 260
3538 3803 377 262
3538 3804 388 263
3538 3805 398 264
3538 3806 408 265
3538 3807 415 265
3538 3808 427 266
3538 3809 443 267
3538 3810 453 268
3538 3811 457 269
3538 3812 466 268
3538 3813 474 270
3538 3814 479 270
3538 3815 485 271
3538 3816 490 275
3949 4337 360 261
3949 4338 358 260
3949 4339 366 261
3949 4340 376 262
3949 4341 380 262
3949 4342 389 263
3949 4343 398 264
3949 4344 405 266
3949 4345 413 266
3949 4346 422 268
3949 4347 433 268
3949 4348 443 270
3949 4349 452 269
3949 4350 461 269
3949 4351 467 269
3949 4352 473 270
3949 4353 478 271
3949 4354 483 271
3949 4355 488 276
4111 4478 89 476
4111 4479 96 475
4111 4480 98 474
4111 4481 107 475
4111 4482 104 473
4111 4483 108 471
4111 4484 114 471
4111 4485 115 470
4111 4486 120 469
4111 4487 123 468
4111 4488 121 468
4111 4489 130 467
4111 4490 131 466
4111 4491 135 465
4111 4492 137 464
4111 4493 142 463
4111 4494 145 462
4111 4495 147 461
4111 4496 150 461
4111 4497 154 460
4111 4498 157 458
4111 4499 160 458
4111 4500 160 458
4111 4501 161 457
4111 4502 165 452
4111 4503 167 450
4111 4504 171 451
4111 4505 175 449
4111 4506 175 446
4111 4507 179 447
4111 4508 179 443
4111 4509 181 441
4111 4510 184 441
4111 4511 186 440
4111 4512 190 436
4111 4513 192 436
4111 4514 195 434
4111 4515 197 432
4111 4516 197 430
4111 4517 198 430
4111 4518 201 427
4111 4519 194 426
4111 4520 194 421
4137 4509 252 250
4137 4510 259 250
4137 4511 270 255
4137 4512 281 255
4137 4513 290 255
4137 4514 300 256
4137 4515 312 257
4137 4516 323 257
4137 4517 336 259
4137 4518 347 264
4137 4519 357 265
4137 4520 365 265
4137 4521 378 266
4137 4522 390 265
4137 4523 404 266
4164 4533 334 263
4164 4534 335 261
4164 4535 349 260
4164 4536 366 261
4164 4537 380 262
4164 4538 395 262
4164 4539 406 263
4164 4540 416 265
4164 4541 431 267
4164 4542 449 268
4164 4543 459 270
4164 4544 468 269
4164 4545 478 270
4164 4546 486 269
4164 4547 488 276
4203 4562 306 386
4203 4563 301 385
4203 4564 301 381
4203 4565 306 382
4203 4566 309 385
4203 4567 315 385
4203 4568 316 380
4203 4569 319 380
4203 4570 324 383
4203 4571 328 383
4203 4572 330 383
4203 4573 329 380
4203 4574 335 385
4203 4575 339 385
4203 4576 341 386
4203 4577 343 391
4203 4578 346 385
4203 4579 352 385
4203 4580 352 387
4203 4581 356 386
4203 4582 359 388
4203 4583 363 381
4203 4584 364 389
4203 4585 365 389
4203 4586 371 388
4203 4587 374 391
4203 4588 375 391
4203 4589 375 396
4203 4590 378 399
4203 4591 385 394
4203 4592 385 398
4203 4593 384 402
4530 4756 272 452
4530 4757 274 455
4530 4758 276 458
4530 4759 280 456
4530 4760 282 454
4530 4761 284 453
4530 4762 288 452
4530 4763 291 449
4530 4764 293 450
4530 4765 298 447
4530 4766 301 447
4530 4767 303 447
4530 4768 309 445
4530 4769 311 442
4530 4770 315 441
4530 4771 317 442
4530 4772 321 438
4530 4773 323 440
4530 4774 328 438
4530 4775 332 439
4530 4776 334 438
4530 4777 336 442
4530 4778 338 437
4530 4779 345 436
4530 4780 348 435
4530 4781 347 435
4530 4782 351 433
4530 4783 357 430
4530 4784 360 431
4530 4785 363 430
4530 4786 366 428
4530 4787 369 423
4530 4788 371 425
4530 4789 374 427
4530 4790 375 431
4541 4760 313 386
4541 4761 312 383
4541 4762 311 384
4541 4763 311 381
4541 4764 308 385
4541 4765 305 385
4541 4766 304 392
4541 4767 300 394
4541 4768 298 389
4541 4769 295 392
4541 4770 294 387
4541 4771 292 393
4541 4772 290 398
4541 4773 287 396
4541 4774 287 399
4541 4775 286 398
4541 4776 283 402
4541 4777 281 402
4541 4778 277 402
4541 4779 276 403
4541 4780 273 409
4541 4781 270 415
4541 4782 268 413
4541 4783 265 407
4541 4784 263 407
4541 4785 257 410
4541 4786 258 410
4541 4787 255 411
4541 4788 250 406
4541 4789 249 403
4541 4790 246 405
4541 4791 246 411
4541 4792 241 408
4541 4793 238 409
4617 4797 229 427
4617 4798 231 430
4617 4799 227 429
4617 4800 221 428
4617 4801 221 429
4617 4802 219 429
4617 4803 218 437
4617 4804 211 433
4617 4805 209 436
4617 4806 210 438
4617 4807 207 436
4617 4808 203 440
4617 4809 202 439
4617 4810 199 440
4617 4811 197 448
4617 4812 194 452
4617 4813 193 446
4617 4814 190 450
4617 4815 186 452
4617 4816 181 450
4617 4817 179 449
4617 4818 178 451
4617 4819 175 458
4617 4820 169 459
4617 4821 168 454
4617 4822 164 459
4617 4823 160 455
4617 4824 155 452
4617 4825 150 447
4634 4804 463 258
4634 4805 454 258
4634 4806 446 258
4634 4807 434 257
4634 4808 429 256
4634 4809 440 257
4634 4810 434 266
4634 4811 424 265
4634 4812 417 264
4634 4813 414 265
4634 4814 411 253
4634 4815 406 253
4634 4816 396 250
4634 4817 387 249
4634 4818 375 248
4634 4819 370 250
4863 4915 582 475
4863 4916 581 474
4863 4917 580 472
4863 4918 578 473
4863 4919 578 472
4863 4920 577 468
4863 4921 572 468
4863 4922 571 467
4863 4923 571 463
4863 4924 569 462
4863 4925 564 467
4863 4926 566 459
4863 4927 564 460
4863 4928 560 459
4863 4929 562 456
4863 4930 560 453
4863 4931 559 450
4863 4932 555 452
4863 4933 555 450
4863 4934 553 447
4863 4935 552 445
4863 4936 550 444
4863 4937 548 441
4863 4938 546 443
4863 4939 543 441
4863 4940 542 437
4863 4941 541 439
4863 4942 537 438
4863 4943 536 436
4863 4944 532 435
4863 4945 529 433
4863 4946 527 433
4863 4947 524 432
4863 4948 521 427
4863 4949 520 429
4863 4950 519 427
4863 4951 512 426
4863 4952 511 426
4863 4953 508 426
4863 4954 508 427
4863 4955 506 424
4863 4956 504 423
4863 4957 499 423
4863 4958 499 423
4863 4959 499 427
4924 4947 486 270
4924 4948 478 269
4924 4949 475 266
4924 4950 466 266
4924 4951 451 265
4924 4952 437 265
4924 4953 422 263
4924 4954 412 263
4924 4955 404 261
4924 4956 387 260
4924 4957 365 258
4924 4958 350 258
4924 4959 350 257
5122 5076 484 270
5122 5077 482 267
5122 5078 478 265
5122 5079 475 265
5122 5080 467 266
5122 5081 457 265
5122 5082 444 264
5122 5083 434 263
5122 5084 423 262
5122 5085 410 261
5122 5086 396 261
5122 5087 388 259
5122 5088 379 258
5122 5089 368 257
5122 5090 360 256
5122 5091 348 255
5122 5092 338 254
5122 5093 332 254
5122 5094 323 253
5122 5095 309 252
5122 5096 301 252
5122 5097 291 250
5122 5098 283 249
5122 5099 275 249
5122 5100 266 248
5122 5101 257 247
5122 5102 253 246
5122 5103 247 246
5122 5104 240 246
5203 5133 140 476
5203 5134 142 475
5203 5135 145 474
5203 5136 147 473
5203 5137 149 472
5203 5138 152 472
5203 5139 155 469
5203 5140 163 468
5203 5141 163 468
5203 5142 169 467
5203 5143 172 465
5203 5144 175 465
5203 5145 179 463
5203 5146 181 462
5203 5147 185 461
5203 5148 187 461
5203 5149 191 460
5203 5150 194 458
5203 5151 198 453
5203 5152 203 455
5203 5153 203 454
5203 5154 209 457
5245 5153 205 437
5245 5154 203 443
5245 5155 209 448
5245 5156 211 444
5245 5157 215 441
5245 5158 218 440
5245 5159 221 440
5245 5160 221 439
5245 5161 225 436
5245 5162 227 435
5245 5163 229 433
5245 5164 232 428
5245 5165 237 427
5245 5166 236 428
5245 5167 238 424
5245 5168 241 423
5245 5169 242 423
5245 5170 244 420
5245 5171 246 415
5245 5172 246 414
5245 5173 249 415
5245 5174 251 413
5245 5175 253 411
5245 5176 255 409
5245 5177 256 407
5245 5178 258 407
5245 5179 262 404
5245 5180 261 401
5245 5181 263 401
5245 5182 264 398
5245 5183 266 397
5245 5184 268 394
5245 5185 269 390
5245 5186 270 388
5245 5187 271 392
5245 5188 273 389
5382 5237 170 406
5382 5238 167 403
5382 5239 168 404
5382 5240 169 405
5382 5241 169 401
5382 5242 167 400
5382 5243 171 407
5382 5244 170 406
5382 5245 172 409
5382 5246 174 409
5382 5247 174 409
5382 5248 176 411
5382 5249 178 414
5382 5250 177 409
5382 5251 180 415
5382 5252 180 412
5382 5253 180 413
5382 5254 181 414
5382 5255 183 416
5382 5256 185 419
5382 5257 186 419
5382 5258 188 421
5382 5259 189 421
5382 5260 189 417
5382 5261 191 424
5382 5262 191 421
5382 5263 191 420
5382 5264 194 427
5382 5265 193 425
5382 5266 196 429
5382 5267 198 429
5382 5268 200 429
5382 5269 201 433
5382 5270 202 429
5382 5271 203 431
5382 5272 204 430
5382 5273 206 432
5382 5274 207 432
5382 5275 209 438
5382 5276 211 440
5382 5277 212 439
5382 5278 211 439
5382 5279 216 440
5382 5280 218 444
5382 5281 220 441
5382 5282 222 446
5382 5283 223 443
5382 5284 225 447
5382 5285 227 449
5382 5286 228 450
5382 5287 230 450
5382 5288 233 451
5382 5289 235 453
5382 5290 237 454
5382 5291 238 456
5382 5292 239 453
5382 5293 241 454
5382 5294 242 455
5382 5295 241 456
5382 5296 244 460
5382 5297 246 461
5382 5298 249 462
5382 5299 252 463
5382 5300 254 459
5382 5301 256 462
5382 5302 255 464
5382 5303 258 465
5382 5304 261 465
5382 5305 262 466
5382 5306 264 467
5382 5307 264 467
5382 5308 266 467
5382 5309 270 467
5382 5310 272 467
5382 5311 274 468
5382 5312 277 469
5382 5313 278 469
5382 5314 280 470
5382 5315 282 470
5382 5316 283 471
5382 5317 284 471
5382 5318 281 472
5646 5450 273 356
5646 5451 273 350
5646 5452 273 352
5646 5453 271 355
5646 5454 273 356
5646 5455 271 361
5646 5456 270 355
5646 5457 270 354
5646 5458 268 356
5646 5459 266 360
5646 5460 268 360
5646 5461 267 358
5646 5462 265 358
5646 5463 263 359
5646 5464 263 362
5646 5465 263 360
5646 5466 262 363
5646 5467 262 363
5646 5468 261 364
5646 5469 260 367
5646 5470 258 367
5646 5471 258 366
5646 5472 257 365
5646 5473 256 369
5646 5474 252 372
5646 5475 250 371
5646 5476 251 368
5646 5477 250 370
5646 5478 248 371
5646 5479 245 373
5646 5480 243 372
5646 5481 245 371
5646 5482 240 372
5646 5483 237 373
5646 5484 238 372
5646 5485 236 374
5646 5486 234 374
5646 5487 232 374
5646 5488 231 375
5646 5489 228 375
5646 5490 224 376
5646 5491 223 376
5646 5492 218 380
5646 5493 216 380
5646 5494 215 379
5646 5495 214 378
5646 5496 211 380
5646 5497 210 379
5646 5498 209 381
5646 5499 204 382
5646 5500 202 382
5646 5501 200 383
5646 5502 198 384
5646 5503 194 384
5646 5504 192 386
5646 5505 191 384
5646 5506 189 384
5646 5507 185 386
5646 5508 184 384
5646 5509 180 384
5646 5510 179 388
5646 5511 176 385
5646 5512 172 384
5646 5513 171 387
5646 5514 168 386
5646 5515 165 384
5646 5516 165 386
5646 5517 162 387
5646 5518 158 388
5646 5519 156 388
5646 5520 153 388
5646 5521 150 389
5646 5522 147 388
5646 5523 147 389
5646 5524 143 388
5646 5525 141 387
5646 5526 140 388
5646 5527 138 387
5646 5528 135 386
5646 5529 132 388
5646 5530 129 388
5646 5531 126 388
5646 5532 124 387
5646 5533 121 388
5646 5534 121 388
5646 5535 128 388
5646 5536 133 387
5646 5537 131 387
5646 5538 124 387
5646 5539 123 386
5646 5540 125 388
5742 5504 215 379
5742 5505 215 376
5742 5506 212 375
5742 5507 212 372
5742 5508 211 376
5742 5509 205 375
5742 5510 203 375
5742 5511 203 376
5742 5512 201 375
5742 5513 199 376
5742 5514 194 377
5742 5515 192 375
5742 5516 190 373
5742 5517 186 378
5742 5518 183 382
5742 5519 181 382
5742 5520 178 377
5742 5521 174 378
5742 5522 172 383
5742 5523 168 381
5742 5524 166 381
5742 5525 163 381
5742 5526 159 383
5742 5527 160 383
5742 5528 155 384
5742 5529 151 389
5742 5530 148 391
5742 5531 142 394
5742 5532 136 396
5807 5555 116 288
5807 5556 114 289
5807 5557 115 289
5807 5558 105 295
5807 5559 102 292
5807 5560 107 293
5807 5561 98 297
5807 5562 94 298
5807 5563 96 306
5807 5564 93 299
5807 5565 92 297
5807 5566 96 297
5807 5567 92 299
5807 5568 88 300
5807 5569 86 301
5807 5570 79 305
5807 5571 70 306
5807 5572 73 307
5807 5573 68 309
5807 5574 68 310
5807 5575 62 313
5807 5576 57 315
5807 5577 53 316
5807 5578 51 317
5815 5563 53 388
5815 5564 54 392
5815 5565 51 393
5815 5566 48 394
5815 5567 47 395
5815 5568 43 395
5815 5569 43 395
5815 5570 40 396
5815 5571 38 400
5815 5572 38 401
5815 5573 34 400
5815 5574 34 402
5815 5575 30 402
5815 5576 25 402
5815 5577 24 407
5815 5578 23 405
5815 5579 25 405
5815 5580 21 407
5815 5581 18 410
5815 5582 19 409
5815 5583 16 410
5815 5584 15 410
5815 5585 15 413
5815 5586 9 415
5815 5587 13 415
5815 5588 12 416
5815 5589 7 415
5815 5590 9 420
5815 5591 11 419
5815 5592 10 423
5815 5593 14 428
5815 5594 9 426
5815 5595 10 430
5967 5769 374 463
5967 5770 376 462
5967 5771 381 460
5967 5772 383 459
5967 5773 387 463
5967 5774 387 463
5967 5775 389 457
5967 5776 392 456
5967 5777 395 452
5967 5778 399 457
5967 5779 403 453
5967 5780 405 449
5967 5781 408 452
5967 5782 408 453
5967 5783 411 449
5967 5784 414 451
5967 5785 421 447
5967 5786 422 444
5967 5787 425 444
5967 5788 429 443
5967 5789 431 442
5967 5790 434 444
5967 5791 437 441
5967 5792 441 436
5967 5793 446 431
6467 6102 431 418
6467 6103 435 418
6467 6104 430 417
6467 6105 426 416
6467 6106 421 420
6467 6107 418 420
6467 6108 414 420
6467 6109 411 422
6467 6110 408 422
6467 6111 405 423
6467 6112 397 424
6467 6113 395 422
6467 6114 393 427
6467 6115 387 430
6467 6116 383 431
6467 6117 380 432
6467 6118 378 436
6467 6119 373 432
6467 6120 366 433
6467 6121 364 432
6467 6122 358 435
6467 6123 358 435
6467 6124 353 435
6467 6125 345 437
6467 6126 348 430
6958 6409 261 269
6958 6410 260 268
6958 6411 261 269
6958 6412 261 264
6958 6413 265 267
6958 6414 267 267
6958 6415 267 265
6958 6416 267 268
6958 6417 267 267
6958 6418 271 265
6958 6419 280 247
6958 6420 275 247
6958 6421 268 247
6958 6422 260 247
6958 6423 254 248
6958 6424 244 248
6958 6425 242 249
6958 6426 238 249
6958 6427 228 250
6958 6428 218 251
6958 6429 212 251
6958 6430 211 252
6958 6431 205 254
6958 6432 198 255
6958 6433 203 255
6958 6434 214 253
6958 6435 212 260
6996 6440 156 264
6996 6441 153 267
6996 6442 151 268
6996 6443 147 270
6996 6444 145 271
6996 6445 139 273
6996 6446 135 275
6996 6447 129 277
6996 6448 125 279
6996 6449 122 280
6996 6450 122 282
6996 6451 114 284
6996 6452 112 286
6996 6453 107 287
6996 6454 107 288
6996 6455 102 288
6996 6456 96 291
6996 6457 93 293
6996 6458 91 294
6996 6459 88 296
6996 6460 91 297
6996 6461 80 300
6996 6462 84 298
6996 6463 78 300
6996 6464 65 305
6996 6465 71 303
6996 6466 59 309
6996 6467 58 310
6996 6468 62 307
6996 6469 57 307
6996 6470 55 308
6996 6471 49 308
6996 6472 47 311
6996 6473 35 314
6996 6474 40 314
6996 6475 35 315
6996 6476 33 316
6996 6477 31 317
6996 6478 28 316
6996 6479 36 307
7104 6513 115 398
7104 6514 114 397
7104 6515 116 400
7104 6516 119 399
7104 6517 121 399
7104 6518 124 401
7104 6519 126 403
7104 6520 127 406
7104 6521 135 412
7104 6522 136 414
7104 6523 139 417
7104 6524 140 420
7104 6525 142 419
7104 6526 141 423
7104 6527 142 424
7104 6528 146 424
7104 6529 145 427
7104 6530 147 430
7104 6531 146 432
7104 6532 145 433
7104 6533 141 434
7104 6534 138 436
7104 6535 137 437
7104 6536 132 437
7104 6537 129 438
7104 6538 126 441
7104 6539 124 439
7104 6540 122 439
7104 6541 118 438
7104 6542 118 438
7104 6543 117 440
7104 6544 114 447
7104 6545 120 449
7127 6529 484 268
7127 6530 478 265
7127 6531 467 265
7127 6532 454 264
7127 6533 436 262
7127 6534 417 261
7127 6535 398 259
7127 6536 381 258
7127 6537 363 256
7127 6538 346 254
7127 6539 328 255
7127 6540 311 252
7127 6541 295 249
7127 6542 279 249
7127 6543 263 248
7127 6544 249 246
7127 6545 233 246
7181 6576 229 389
7181 6577 227 390
7181 6578 227 390
7181 6579 230 390
7181 6580 233 390
7181 6581 237 393
7181 6582 238 391
7181 6583 240 391
7181 6584 241 393
7181 6585 246 391
7181 6586 245 396
7181 6587 248 392
7181 6588 251 390
7181 6589 254 394
7181 6590 257 391
7181 6591 258 393
7181 6592 262 391
7181 6593 264 394
7181 6594 267 396
7181 6595 270 391
7181 6596 271 392
7181 6597 273 396
7181 6598 276 395
7181 6599 280 395
7181 6600 282 396
7181 6601 284 402
7181 6602 287 398
7181 6603 293 395
7181 6604 291 398
7181 6605 293 397
7181 6606 296 398
7181 6607 301 401
7181 6608 305 399
7181 6609 305 401
7181 6610 308 401
7181 6611 309 405
7181 6612 307 410
7181 6613 305 411
7756 6940 310 304
7756 6941 315 305
7756 6942 316 304
7756 6943 318 304
7756 6944 318 301
7756 6945 321 304
7756 6946 320 300
7756 6947 323 296
7756 6948 326 300
7756 6949 327 295
7756 6950 327 296
7756 6951 328 299
7756 6952 332 299
7756 6953 333 298
7756 6954 334 295
7756 6955 337 293
7756 6956 340 297
7756 6957 340 295
7756 6958 341 293
7756 6959 345 296
7756 6960 346 293
7756 6961 348 296
7756 6962 351 301
7756 6963 351 296
7756 6964 353 292
7756 6965 354 294
7756 6966 357 294
7756 6967 359 294
7756 6968 359 290
7756 6969 363 289
7756 6970 364 293
7756 6971 366 292
7756 6972 367 292
7756 6973 370 292
7756 6974 371 292
7756 6975 373 288
7756 6976 379 287
7756 6977 378 285
7756 6978 379 286
7756 6979 379 286
7756 6980 381 286
7756 6981 383 289
7756 6982 385 286
7756 6983 386 286
7756 6984 389 289
7756 6985 391 288
7756 6986 392 285
7756 6987 394 285
7756 6988 396 285
7756 6989 397 285
7756 6990 402 285
7756 6991 402 287
7756 6992 404 284
7756 6993 406 284
7756 6994 409 283
7756 6995 410 284
7756 6996 411 285
7756 6997 414 282
7756 6998 416 283
7756 6999 418 282
7756 7000 419 286
7756 7001 419 281
7756 7002 421 291
7756 7003 420 291
7817 6974 451 395
7817 6975 452 388
7817 6976 457 385
7817 6977 456 387
7817 6978 461 384
7817 6979 463 384
7817 6980 466 387
7817 6981 465 390
7817 6982 470 389
7817 6983 469 396
7817 6984 471 399
7817 6985 468 404
7817 6986 473 402
7817 6987 477 396
7817 6988 476 403
7817 6989 481 399
7817 6990 484 404
7817 6991 486 406
7817 6992 484 409
7817 6993 487 410
7817 6994 490 409
7817 6995 492 409
7817 6996 494 407
7817 6997 496 411
7817 6998 495 417
7817 6999 497 421
7817 7000 497 426
7817 7001 499 428
7817 7002 498 428
7817 7003 504 429
8048 7132 510 412
8048 7133 508 412
8048 7134 509 415
8048 7135 514 416
8048 7136 515 418
8048 7137 518 417
8048 7138 523 415
8048 7139 522 420
8048 7140 525 421
8048 7141 527 422
8048 7142 531 424
8048 7143 534 423
8048 7144 536 425
8048 7145 539 420
8048 7146 543 428
8048 7147 545 431
8048 7148 547 430
8048 7149 548 431
8048 7150 556 432
8048 7151 557 437
8048 7152 556 437
8048 7153 562 434
8048 7154 560 435
8048 7155 562 438
8048 7156 565 438
8048 7157 564 440
8048 7158 571 446
8048 7159 574 443
8048 7160 574 443
8048 7161 578 445
8048 7162 581 447
8048 7163 581 446
8208 7232 48 391
8208 7233 48 385
8208 7234 47 389
8208 7235 41 384
8208 7236 44 391
8208 7237 37 392
8208 7238 40 392
8208 7239 38 397
8208 7240 40 397
8208 7241 36 399
8208 7242 35 402
8208 7243 29 404
8208 7244 30 405
8208 7245 28 407
8208 7246 28 410
8208 7247 25 412
8208 7248 22 415
8208 7249 24 418
8208 7250 21 418
8208 7251 23 420
8208 7252 20 424
8208 7253 18 427
8208 7254 12 426
8208 7255 13 430
8208 7256 13 432
8208 7257 16 437
8435 7362 3 440
8435 7363 4 436
8435 7364 6 434
8435 7365 4 433
8435 7366 7 431
8435 7367 9 430
8435 7368 10 423
8435 7369 12 418
8435 7370 13 418
8435 7371 9 415
8435 7372 13 415
8435 7373 16 413
8435 7374 15 410
8435 7375 20 407
8435 7376 18 405
8435 7377 21 404
8435 7378 27 405
8435 7379 28 403
8435 7380 30 400
8435 7381 34 398
8435 7382 35 398
8435 7383 34 395
8435 7384 40 392
8435 7385 41 393
8435 7386 40 391
8435 7387 44 391
8435 7388 48 389
8435 7389 47 387
8435 7390 50 385
8435 7391 48 382
8435 7392 53 382
8435 7393 54 381
8435 7394 54 378
8435 7395 56 379
8435 7396 55 377
8435 7397 58 377
8435 7398 57 374
8435 7399 58 376
8435 7400 57 372
8435 7401 55 370
8435 7402 52 369
8435 7403 56 369
8435 7404 52 367
8435 7405 50 365
8435 7406 47 362
8435 7407 48 365
8435 7408 47 364
8435 7409 48 368
8446 7366 455 428
8446 7367 456 421
8446 7368 459 420
8446 7369 456 417
8446 7370 450 420
8446 7371 450 420
8446 7372 451 414
8446 7373 446 418
8446 7374 445 418
8446 7375 442 416
8446 7376 440 415
8446 7377 437 414
8446 7378 435 415
8446 7379 434 412
8446 7380 429 407
8446 7381 428 406
8446 7382 425 411
8446 7383 425 411
8446 7384 423 409
8446 7385 421 408
8446 7386 419 407
8446 7387 418 408
8446 7388 415 406
8446 7389 414 403
8446 7390 414 406
8446 7391 411 404
8446 7392 410 404
8446 7393 408 404
8446 7394 406 401
8446 7395 402 402
8446 7396 404 401
8446 7397 403 403
8446 7398 399 403
8660 7464 365 468
8660 7465 363 469
8660 7466 361 468
8660 7467 365 467
8660 7468 369 466
8660 7469 372 466
8660 7470 372 465
8660 7471 373 463
8660 7472 379 463
8660 7473 381 463
8660 7474 383 463
8660 7475 387 462
8660 7476 389 461
8660 7477 392 458
8660 7478 391 461
8660 7479 396 457
8660 7480 400 457
8660 7481 400 458
8660 7482 403 456
8660 7483 403 456
8660 7484 408 455
8660 7485 410 454
8660 7486 412 453
8660 7487 415 454
8660 7488 417 452
8660 7489 420 453
8660 7490 424 450
8660 7491 425 450
8660 7492 427 451
8660 7493 431 450
8660 7494 433 449
8660 7495 436 449
8660 7496 439 448
8660 7497 440 449
8660 7498 443 448
8660 7499 446 445
8660 7500 447 446
8660 7501 452 441
8660 7502 450 447
8660 7503 453 444
8660 7504 452 444
8660 7505 455 445
8683 7475 83 297
8683 7476 82 299
8683 7477 79 298
8683 7478 78 302
8683 7479 76 301
8683 7480 75 303
8683 7481 71 299
8683 7482 69 300
8683 7483 67 300
8683 7484 64 300
8683 7485 63 305
8683 7486 60 301
8683 7487 59 304
8683 7488 57 306
8683 7489 53 305
8683 7490 52 306
8683 7491 51 306
8683 7492 49 309
8683 7493 47 309
8683 7494 43 309
8683 7495 42 309
8683 7496 42 311
8683 7497 39 310
8683 7498 35 310
8683 7499 33 309
8683 7500 31 310
8683 7501 28 308
8683 7502 25 311
8683 7503 25 312
8683 7504 21 310
8683 7505 19 313
8683 7506 19 312
8683 7507 15 315
8683 7508 15 314
8683 7509 13 316
8683 7510 10 316
8683 7511 8 319
8683 7512 6 318
8683 7513 4 316
8683 7514 3 312
8816 7558 365 419
8816 7559 360 419
8816 7560 367 419
8816 7561 370 420
8816 7562 372 420
8816 7563 369 421
8816 7564 371 422
8816 7565 377 423
8816 7566 379 425
8816 7567 386 427
8816 7568 391 427
8816 7569 391 436
8816 7570 395 429
8816 7571 398 429
8816 7572 399 429
8816 7573 402 429
8816 7574 404 430
8816 7575 404 433
8816 7576 406 431
8816 7577 410 434
8816 7578 411 434
8816 7579 414 433
8816 7580 417 433
8816 7581 422 423
8816 7582 422 424
8816 7583 424 425
8816 7584 426 432
8816 7585 431 437
8816 7586 429 437
8816 7587 431 435
8816 7588 432 438
8816 7589 435 436
8816 7590 439 438
8816 7591 439 437
8816 7592 441 437
8816 7593 445 439
8816 7594 443 433
8816 7595 445 437
8816 7596 446 437
8816 7597 447 437
8816 7598 449 438
8816 7599 449 438
8816 7600 450 445
8816 7601 455 442
9055 7681 439 417
9055 7682 440 418
9055 7683 441 416
9055 7684 438 411
9055 7685 439 415
9055 7686 435 413
9055 7687 431 414
9055 7688 430 414
9055 7689 427 413
9055 7690 426 414
9055 7691 422 413
9055 7692 420 412
9055 7693 419 411
9055 7694 417 410
9055 7695 413 411
9055 7696 410 410
9055 7697 410 410
9055 7698 408 411
9055 7699 405 410
9055 7700 401 410
9055 7701 400 409
9055 7702 400 408
9055 7703 398 409
9055 7704 396 404
9055 7705 391 407
9055 7706 391 406
9055 7707 389 412
9055 7708 386 411
9055 7709 384 408
9055 7710 381 408
9055 7711 381 408
9055 7712 379 406
9055 7713 376 406
9055 7714 373 404
9055 7715 371 401
9055 7716 371 401
9055 7717 368 401
9055 7718 367 405
9055 7719 362 402
9055 7720 361 400
9055 7721 361 399
9055 7722 358 403
9055 7723 362 402
9066 7685 330 445
9066 7686 326 446
9066 7687 325 446
9066 7688 319 447
9066 7689 311 449
9066 7690 311 448
9066 7691 308 450
9066 7692 303 452
9066 7693 298 454
9066 7694 297 453
9066 7695 292 453
9066 7696 288 454
9066 7697 283 456
9066 7698 282 456
9066 7699 279 457
9066 7700 273 459
9066 7701 272 459
9066 7702 267 460
9066 7703 264 460
9066 7704 259 463
9066 7705 257 464
9066 7706 261 470
9104 7705 135 364
9104 7706 132 368
9104 7707 130 362
9104 7708 129 363
9104 7709 126 368
9104 7710 126 363
9104 7711 130 365
9104 7712 128 364
9104 7713 129 368
9104 7714 129 368
9104 7715 130 373
9104 7716 131 372
9104 7717 130 375
9104 7718 133 380
9104 7719 133 381
9104 7720 134 382
9104 7721 132 379
9104 7722 135 381
9104 7723 134 385
9104 7724 136 383
9104 7725 134 385
9104 7726 137 384
9104 7727 140 385
9104 7728 142 387
9104 7729 143 388
9104 7730 144 388
9104 7731 146 389
9104 7732 148 390
9104 7733 149 392
9104 7734 150 393
9104 7735 151 392
9104 7736 150 396
9104 7737 153 399
9104 7738 155 401
9104 7739 157 399
9104 7740 159 401
9104 7741 160 403
9104 7742 161 406
9104 7743 163 404
9104 7744 164 406
9104 7745 166 408
9104 7746 165 402
9110 7707 250 464
9110 7708 247 466
9110 7709 245 466
9110 7710 241 466
9110 7711 238 466
9110 7712 234 466
9110 7713 229 467
9110 7714 226 467
9110 7715 223 467
9110 7716 220 467
9110 7717 215 468
9110 7718 210 467
9110 7719 205 468
9110 7720 201 468
9110 7721 197 469
9110 7722 193 469
9110 7723 191 468
9110 7724 188 469
9110 7725 183 470
9110 7726 178 469
9110 7727 171 469
9110 7728 167 469
9110 7729 163 469
9110 7730 159 469
9110 7731 155 471
9110 7732 151 469
9110 7733 146 471
9110 7734 142 470
9110 7735 138 470
9110 7736 136 471
9110 7737 131 470
9110 7738 126 470
9110 7739 122 471
9110 7740 117 471
9110 7741 112 470
9110 7742 106 472
9110 7743 104 471
9110 7744 101 471
9110 7745 97 471
9110 7746 92 471
9110 7747 91 470
9110 7748 86 471
9110 7749 79 471
9110 7750 78 472
9110 7751 73 470
9110 7752 68 471
9110 7753 71 474
9110 7754 68 474
9373 7861 412 260
9373 7862 394 258
9373 7863 381 256
9373 7864 368 254
9373 7865 359 254
9373 7866 349 253
9373 7867 334 251
9373 7868 322 251
9373 7869 309 251
9373 7870 298 250
9373 7871 290 249
9373 7872 281 250
9373 7873 270 248
9373 7874 263 248
9373 7875 252 246
9665 8038 420 338
9665 8039 418 335
9665 8040 421 337
9665 8041 424 336
9665 8042 424 339
9665 8043 427 338
9665 8044 430 339
9665 8045 429 338
9665 8046 433 339
9665 8047 433 339
9665 8048 436 339
9665 8049 436 339
9665 8050 439 340
9665 8051 444 341
9665 8052 447 342
9665 8053 445 343
9665 8054 450 342
9665 8055 455 344
9665 8056 456 344
9665 8057 458 344
9665 8058 461 345
9665 8059 462 346
9665 8060 465 348
9665 8061 464 347
9665 8062 471 349
9665 8063 469 349
9665 8064 472 348
9665 8065 474 349
9665 8066 478 350
9665 8067 479 351
9665 8068 481 352
9665 8069 484 352
9665 8070 485 352
9665 8071 486 356
9665 8072 488 353
9665 8073 490 354
9665 8074 494 353
9665 8075 496 354
9665 8076 497 358
9665 8077 499 356
9665 8078 502 356
9665 8079 503 356
9665 8080 505 353
9665 8081 511 351
9702 8060 214 397
9702 8061 214 395
9702 8062 212 401
9702 8063 211 402
9702 8064 208 402
9702 8065 204 405
9702 8066 201 407
9702 8067 198 406
9702 8068 197 407
9702 8069 194 409
9702 8070 188 410
9702 8071 188 409
9702 8072 188 411
9702 8073 184 414
9702 8074 181 416
9702 8075 178 418
9702 8076 172 421
9702 8077 168 420
9702 8078 170 418
9702 8079 167 420
9702 8080 165 422
9702 8081 160 426
9702 8082 159 431
9702 8083 154 428
9702 8084 151 422
9702 8085 150 425
9740 8103 234 460
9740 8104 233 457
9740 8105 234 459
9740 8106 234 467
9740 8107 245 470
9740 8108 249 471
9740 8109 256 470
9740 8110 260 469
9740 8111 262 468
9740 8112 264 466
9740 8113 269 467
9740 8114 271 467
9740 8115 275 466
9740 8116 280 466
9740 8117 282 466
9740 8118 288 465
9740 8119 293 464
9740 8120 295 464
9740 8121 298 463
9740 8122 300 456
9740 8123 302 463
9740 8124 306 464
9740 8125 309 462
9740 8126 316 463
9740 8127 322 463
9740 8128 322 462
9740 8129 326 461
9740 8130 329 461
9740 8131 334 459
9740 8132 336 459
9740 8133 339 458
9740 8134 349 454
9740 8135 353 456
9740 8136 355 455
9740 8137 354 458
9740 8138 355 455
9740 8139 361 451
9740 8140 363 451
9740 8141 368 450
9740 8142 373 451
9740 8143 377 449
9740 8144 381 448
9740 8145 384 447
9740 8146 386 447
9740 8147 388 454
9880 8264 243 467
9880 8265 239 469
9880 8266 243 468
9880 8267 249 468
9880 8268 252 468
9880 8269 256 467
9880 8270 260 467
9880 8271 263 466
9880 8272 266 465
9880 8273 269 464
9880 8274 273 464
9880 8275 277 464
9880 8276 279 463
9880 8277 282 462
9880 8278 285 462
9880 8279 292 461
9880 8280 295 461
9880 8281 298 460
9880 8282 302 459
9880 8283 305 458
9880 8284 306 459
9880 8285 311 457
9880 8286 316 453
9880 8287 319 454
9880 8288 322 453
9880 8289 324 454
9880 8290 327 451
9880 8291 329 448
9880 8292 326 446
9919 8299 362 439
9919 8300 359 439
9919 8301 362 438
9919 8302 365 437
9919 8303 369 435
9919 8304 374 436
9919 8305 374 438
9919 8306 376 432
9919 8307 382 431
9919 8308 383 430
9919 8309 387 431
9919 8310 390 428
9919 8311 395 428
9919 8312 397 428
9919 8313 398 428
9919 8314 403 426
9919 8315 408 425
9919 8316 410 424
9919 8317 413 425
9919 8318 415 422
9919 8319 418 422
9919 8320 421 423
9919 8321 424 422
9919 8322 428 421
9919 8323 431 422
9919 8324 433 418
9919 8325 438 418
9919 8326 441 419
9919 8327 441 420
10222 8492 5 326
10222 8493 4 324
10222 8494 5 323
10222 8495 6 322
10222 8496 7 318
10222 8497 9 319
10222 8498 11 321
10222 8499 13 317
10222 8500 14 317
10222 8501 17 315
10222 8502 18 317
10222 8503 19 317
10222 8504 22 314
10222 8505 23 313
10222 8506 25 312
10222 8507 28 312
10222 8508 28 312
10222 8509 30 310
10222 8510 32 311
10222 8511 33 312
10222 8512 34 311
10222 8513 38 311
10222 8514 37 306
10222 8515 39 309
10222 8516 39 306
10222 8517 43 305
10222 8518 45 306
10222 8519 45 306
10222 8520 46 307
10222 8521 47 301
10222 8522 51 305
10222 8523 50 304
10222 8524 52 304
10222 8525 55 303
10222 8526 55 303
10222 8527 57 302
10222 8528 57 298
10222 8529 59 299
10222 8530 62 301
10222 8531 61 297
10222 8532 60 297
10222 8533 61 298
10222 8534 63 296
10355 8589 457 326
10355 8590 452 323
10355 8591 448 330
10355 8592 449 329
10355 8593 446 325
10355 8594 442 324
10355 8595 441 322
10355 8596 437 325
10355 8597 433 325
10355 8598 430 323
10355 8599 427 325
10355 8600 424 321
10355 8601 421 321
10355 8602 419 323
10355 8603 417 322
10355 8604 414 321
10355 8605 413 322
10355 8606 410 320
10355 8607 409 320
10355 8608 407 318
10355 8609 405 316
10355 8610 402 318
10355 8611 397 317
10355 8612 396 317
10355 8613 395 316
10355 8614 392 313
10355 8615 387 315
10355 8616 388 314
10355 8617 384 310
10355 8618 380 312
10355 8619 379 311
10355 8620 377 309
10355 8621 373 310
10355 8622 371 306
10355 8623 371 309
10355 8624 369 308
10355 8625 364 307
10355 8626 362 306
10355 8627 361 306
10355 8628 359 303
10355 8629 355 305
10355 8630 353 303
10355 8631 350 305
10355 8632 347 303
10355 8633 345 304
10355 8634 343 304
10355 8635 337 303
10355 8636 336 303
10355 8637 334 303
10355 8638 332 301
10355 8639 327 299
10355 8640 324 299
10487 8686 133 267
10487 8687 130 268
10487 8688 128 269
10487 8689 126 271
10487 8690 119 273
10487 8691 117 274
10487 8692 115 277
10487 8693 109 279
10487 8694 104 280
10487 8695 100 283
10487 8696 98 283
10487 8697 96 285
10487 8698 94 285
10487 8699 91 288
10487 8700 87 289
10487 8701 83 291
10487 8702 79 290
10487 8703 74 296
10487 8704 70 298
10487 8705 76 294
10504 8694 245 250
10504 8695 256 251
10504 8696 263 251
10504 8697 269 251
10504 8698 280 254
10504 8699 297 252
10504 8700 307 253
10504 8701 321 256
10504 8702 332 256
10504 8703 349 259
10504 8704 364 259
10504 8705 384 261
10504 8706 399 263
10504 8707 410 264
10504 8708 425 265
10504 8709 440 266
10504 8710 456 267
10504 8711 470 268
10504 8712 476 269
10504 8713 483 271
10534 8712 239 253
10534 8713 243 251
10534 8714 257 251
10534 8715 262 252
10534 8716 275 254
10534 8717 287 255
10534 8718 301 256
10534 8719 317 257
10534 8720 326 257
10534 8721 339 260
10534 8722 353 259
10534 8723 367 261
10534 8724 386 263
10534 8725 395 264
10534 8726 404 265
10534 8727 417 266
10534 8728 416 266
10585 8740 392 253
10585 8741 391 250
10585 8742 383 260
10585 8743 395 261
10585 8744 418 266
10585 8745 426 267
10585 8746 436 268
10585 8747 454 271
10585 8748 460 269
10736 8889 307 256
10736 8890 309 256
10736 8891 319 257
10736 8892 335 258
10736 8893 347 258
10736 8894 367 260
10736 8895 389 263
10736 8896 406 265
10736 8897 416 266
10736 8898 433 268
10736 8899 452 269
10736 8900 462 268
10736 8901 470 269
10736 8902 477 271
10736 8903 482 272
10903 8982 359 261
10903 8983 367 262
10903 8984 375 262
10903 8985 389 264
10903 8986 400 265
10903 8987 410 266
10903 8988 423 267
10903 8989 432 268
10903 8990 443 269
10903 8991 455 269
10903 8992 463 269
10903 8993 470 271
10903 8994 471 270
10903 8995 477 272
10903 8996 488 273
10919 8993 22 429
10919 8994 24 427
10919 8995 19 418
10919 8996 22 417
10919 8997 21 415
10919 8998 25 413
10919 8999 29 411
10919 9000 32 409
10919 9001 35 408
10919 9002 36 409
10919 9003 40 407
10919 9004 45 401
10919 9005 47 399
10919 9006 49 398
10919 9007 53 396
10919 9008 58 394
10919 9009 62 393
10919 9010 66 392
10919 9011 68 392
10919 9012 72 391
10919 9013 77 393
10919 9014 76 392
11202 9160 366 457
11202 9161 367 458
11202 9162 369 464
11202 9163 370 464
11202 9164 374 469
11202 9165 381 468
11202 9166 385 470
11202 9167 383 466
11202 9168 390 467
11202 9169 393 467
11202 9170 396 461
11202 9171 396 458
11202 9172 401 455
11202 9173 404 455
11202 9174 406 455
11202 9175 409 453
11202 9176 410 454
11202 9177 415 452
11202 9178 419 450
11202 9179 420 450
11202 9180 426 448
11202 9181 429 450
11202 9182 430 454
11202 9183 432 454
11202 9184 436 451
11202 9185 440 445
11202 9186 442 450
11202 9187 446 449
11202 9188 448 443
11202 9189 450 442
11202 9190 450 450
11202 9191 452 448
11202 9192 454 448
11538 9396 174 445
11538 9397 171 441
11538 9398 176 436
11538 9399 179 435
11538 9400 182 436
11538 9401 183 437
11538 9402 186 434
11538 9403 188 433
11538 9404 187 431
11538 9405 191 432
11538 9406 195 428
11538 9407 199 426
11538 9408 200 430
11538 9409 201 424
11538 9410 204 425
11538 9411 205 425
11538 9412 208 424
11538 9413 212 416
11538 9414 213 418
11538 9415 212 417
11538 9416 215 417
11538 9417 216 416
11538 9418 218 412
11538 9419 219 415
11538 9420 222 411
11538 9421 224 406
11538 9422 226 408
11538 9423 227 408
11538 9424 228 405
11538 9425 231 403
11538 9426 232 402
11538 9427 233 402
11538 9428 235 403
11538 9429 235 401
11538 9430 239 398
11538 9431 240 397
11538 9432 239 400
11538 9433 242 398
11538 9434 241 394
11538 9435 245 394
11538 9436 247 396
11538 9437 249 390
11538 9438 250 391
11538 9439 250 391
11538 9440 251 393
11538 9441 252 387
11538 9442 251 381
11538 9443 253 376
11538 9444 255 376
11670 9521 213 404
11670 9522 217 410
11670 9523 220 408
11670 9524 222 410
11670 9525 226 408
11670 9526 231 403
11670 9527 231 403
11670 9528 235 409
11670 9529 233 411
11670 9530 241 407
11670 9531 242 399
11670 9532 247 393
11670 9533 249 392
11670 9534 251 394
11670 9535 253 393
11670 9536 256 392
11670 9537 256 390
11670 9538 261 388
11670 9539 263 389
11670 9540 267 386
11670 9541 268 385
11670 9542 271 383
11670 9543 275 388
11670 9544 276 388
11670 9545 277 388
11716 9543 567 458
11716 9544 566 458
11716 9545 571 459
11716 9546 567 451
11716 9547 564 449
11716 9548 561 449
11716 9549 559 446
11716 9550 558 450
11716 9551 557 451
11716 9552 550 448
11716 9553 545 445
11716 9554 538 441
11716 9555 539 439
11716 9556 535 437
11716 9557 534 438
11716 9558 532 441
11716 9559 531 440
11716 9560 529 437
11716 9561 525 435
11716 9562 519 428
11716 9563 516 424
11716 9564 517 425
11716 9565 511 424
11716 9566 508 422
11716 9567 504 421
11716 9568 501 420
11716 9569 499 422
11716 9570 497 419
11716 9571 491 418
11716 9572 488 420
11716 9573 485 418
11716 9574 483 417
11716 9575 479 417
11716 9576 477 414
11716 9577 474 414
11716 9578 472 413
11716 9579 466 411
11716 9580 463 414
11716 9581 463 413
11716 9582 464 414
11716 9583 456 411
11716 9584 453 406
11716 9585 451 406
11716 9586 448 407
11716 9587 445 406
11716 9588 444 405
11716 9589 440 404
11716 9590 439 402
11716 9591 436 402
11716 9592 434 401
11716 9593 432 399
11716 9594 428 398
11716 9595 426 396
11716 9596 427 393
11716 9597 425 396
11716 9598 422 393
11716 9599 420 392
11716 9600 418 392
11716 9601 415 389
11716 9602 415 388
11716 9603 412 390
11716 9604 412 388
11716 9605 411 382
11716 9606 409 386
11716 9607 408 383
11716 9608 406 379
11716 9609 403 378
11716 9610 402 380
11716 9611 401 381
11716 9612 400 379
11716 9613 399 374
11716 9614 399 373
11716 9615 400 373
11716 9616 397 377
11716 9617 398 375
11716 9618 396 372
11716 9619 396 373
11716 9620 395 370
11838 9645 401 259
11838 9646 387 258
11838 9647 379 257
11838 9648 370 255
11838 9649 360 255
11838 9650 349 254
11838 9651 331 253
11838 9652 322 251
11838 9653 313 250
11838 9654 306 250
11838 9655 293 250
11838 9656 285 248
11838 9657 274 248
11838 9658 260 247
11838 9659 253 246
11838 9660 228 247
11851 9657 424 261
11851 9658 406 259
11851 9659 394 258
11851 9660 388 257
11851 9661 376 257
11851 9662 358 255
11851 9663 346 254
11851 9664 337 253
11851 9665 330 252
11851 9666 324 252
11851 9667 308 251
11851 9668 293 250
11851 9669 283 248
11851 9670 273 248
11851 9671 264 247
11851 9672 260 247
11851 9673 253 246
12037 9851 3 437
12037 9852 4 437
12037 9853 8 435
12037 9854 8 432
12037 9855 11 429
12037 9856 13 426
12037 9857 16 426
12037 9858 18 424
12037 9859 23 421
12037 9860 23 420
12037 9861 26 418
12037 9862 28 415
12037 9863 30 413
12037 9864 30 411
12037 9865 33 411
12037 9866 39 406
12037 9867 40 400
12037 9868 42 399
12037 9869 45 397
12037 9870 51 396
12037 9871 55 395
12037 9872 59 392
12037 9873 62 391
12037 9874 64 390
12037 9875 67 389
12037 9876 69 387
12037 9877 76 386
12037 9878 79 386
12037 9879 82 387
12037 9880 84 387
12037 9881 93 387
12037 9882 96 386
12037 9883 99 385
12037 9884 102 385
12037 9885 102 384
12037 9886 103 383
12037 9887 104 383
12037 9888 105 389
12067 9888 102 369
12067 9889 103 378
12067 9890 106 380
12067 9891 104 379
12067 9892 99 375
12067 9893 102 377
12067 9894 96 376
12067 9895 98 376
12067 9896 93 374
12067 9897 86 373
12067 9898 87 374
12067 9899 84 373
12067 9900 82 374
12067 9901 80 372
12067 9902 75 371
12067 9903 71 370
12067 9904 69 369
12067 9905 67 366
12067 9906 62 367
12067 9907 61 367
12067 9908 57 367
12067 9909 55 366
12067 9910 53 366
12067 9911 52 366
12067 9912 49 365
12067 9913 49 362
12067 9914 49 360
12067 9915 48 360
12067 9916 46 359
12067 9917 44 356
12067 9918 43 357
12067 9919 44 358
12067 9920 44 364
12067 9921 45 361
12067 9922 42 364
12067 9923 43 356
12067 9924 42 358
12136 9938 231 252
12136 9939 236 250
12136 9940 246 250
12136 9941 249 251
12136 9942 252 252
12136 9943 260 251
12136 9944 268 253
12136 9945 274 254
12136 9946 280 254
12136 9947 290 255
12136 9948 301 256
12136 9949 309 257
12136 9950 325 258
12136 9951 325 257
12136 9952 342 257
12136 9953 340 257
12136 9954 336 264
12136 9955 341 255
12220 9995 238 248
12220 9996 245 249
12220 9997 246 249
12220 9998 258 250
12220 9999 267 251
12220 10000 275 251
12220 10001 283 247
12220 10002 291 248
12220 10003 297 249
12220 10004 301 253
12220 10005 309 260
12220 10006 320 260
12220 10007 332 262
12220 10008 341 262
12220 10009 350 262
12220 10010 358 258
12220 10011 348 259
12482 10142 397 387
12482 10143 396 386
12482 10144 393 384
12482 10145 390 383
12482 10146 388 383
12482 10147 384 383
12482 10148 382 385
12482 10149 379 385
12482 10150 375 385
12482 10151 373 386
12482 10152 369 385
12482 10153 368 385
12482 10154 364 382
12482 10155 360 386
12482 10156 358 386
12482 10157 357 388
12482 10158 353 392
12482 10159 352 392
12482 10160 350 388
12482 10161 347 388
12482 10162 342 388
12482 10163 338 393
12482 10164 335 387
12482 10165 334 389
12482 10166 329 390
12482 10167 326 390
12482 10168 324 390
12482 10169 321 389
12482 10170 316 389
12482 10171 313 390
12482 10172 312 390
12482 10173 310 391
12482 10174 303 391
12482 10175 301 395
12482 10176 300 390
12482 10177 294 391
12482 10178 290 394
12482 10179 288 394
12482 10180 286 395
12482 10181 281 394
12482 10182 278 391
12482 10183 275 395
12482 10184 274 391
12482 10185 270 395
12482 10186 266 392
12482 10187 264 393
12482 10188 260 393
12482 10189 255 394
12482 10190 253 398
12482 10191 250 393
12482 10192 245 396
12482 10193 241 397
12482 10194 238 394
12482 10195 237 395
12482 10196 230 393
12482 10197 228 394
12482 10198 228 398
12482 10199 223 397
12482 10200 217 396
12482 10201 214 393
12482 10202 213 399
12482 10203 212 394
12482 10204 208 398
12482 10205 206 394
12482 10206 203 395
12630 10216 399 262
12630 10217 394 263
12630 10218 392 261
12630 10219 374 255
12630 10220 363 254
12630 10221 359 255
12630 10222 351 255
12630 10223 338 258
12630 10224 329 253
12630 10225 319 252
12630 10226 310 250
12630 10227 299 250
12630 10228 284 249
12630 10229 274 248
12630 10230 278 248
12671 10246 73 391
12671 10247 71 388
12671 10248 67 387
12671 10249 65 389
12671 10250 63 391
12671 10251 58 391
12671 10252 55 393
12671 10253 52 395
12671 10254 49 394
12671 10255 48 397
12671 10256 46 398
12671 10257 43 397
12671 10258 39 403
12671 10259 38 401
12671 10260 36 401
12671 10261 31 403
12671 10262 28 403
12671 10263 28 403
12671 10264 24 406
12671 10265 21 405
12671 10266 19 405
12671 10267 15 406
12671 10268 13 408
12671 10269 12 407
12671 10270 10 409
12671 10271 9 411
12671 10272 6 408
12671 10273 7 411
12671 10274 4 414
12671 10275 4 416
12814 10313 197 247
12814 10314 202 247
12814 10315 211 248
12814 10316 220 248
12814 10317 229 250
12814 10318 242 251
12814 10319 251 251
12814 10320 259 253
12814 10321 266 254
12814 10322 272 254
12814 10323 286 256
12814 10324 296 256
12814 10325 306 257
12814 10326 319 257
12814 10327 328 259
12814 10328 340 260
12814 10329 353 260
12814 10330 362 261
12814 10331 371 262
12814 10332 384 263
12814 10333 389 269
13194 10540 37 466
13194 10541 38 469
13194 10542 30 463
13194 10543 45 444
13194 10544 54 445
13194 10545 51 447
13194 10546 53 445
13194 10547 61 445
13194 10548 45 449
13194 10549 38 451
13194 10550 32 453
13194 10551 28 455
13194 10552 25 456
13194 10553 36 456
13194 10554 23 459
13194 10555 20 463
13194 10556 18 464
13194 10557 17 467
13194 10558 9 468
13194 10559 6 471
13194 10560 5 474
13230 10579 335 258
13230 10580 336 263
13230 10581 345 272
13230 10582 348 273
13230 10583 351 274
13230 10584 352 273
13230 10585 353 272
13230 10586 353 273
13230 10587 356 272
13230 10588 357 273
13230 10589 361 273
13230 10590 362 277
13230 10591 366 274
13230 10592 365 271
13230 10593 365 274
13230 10594 367 273
13230 10595 370 276
13230 10596 371 273
13230 10597 373 273
13230 10598 374 273
13230 10599 378 274
13230 10600 379 274
13230 10601 379 276
13230 10602 381 275
13230 10603 382 274
13230 10604 385 277
13230 10605 387 279
13230 10606 387 278
13230 10607 388 275
13230 10608 391 275
13230 10609 396 277
13230 10610 393 276
13230 10611 395 276
13230 10612 395 277
13230 10613 399 275
13230 10614 399 277
13230 10615 403 276
13230 10616 403 279
13230 10617 404 277
13230 10618 408 276
13230 10619 409 276
13230 10620 410 280
13230 10621 412 277
13230 10622 415 277
13230 10623 415 277
13230 10624 418 274
13230 10625 420 271
13355 10721 363 433
13355 10722 366 428
13355 10723 368 430
13355 10724 364 426
13355 10725 362 428
13355 10726 361 420
13355 10727 358 419
13355 10728 356 418
13355 10729 355 417
13355 10730 355 415
13355 10731 350 412
13355 10732 351 416
13355 10733 349 412
13355 10734 346 409
13355 10735 346 408
13355 10736 344 404
13355 10737 345 403
13355 10738 343 403
13355 10739 341 400
13355 10740 340 399
13355 10741 338 395
13355 10742 340 401
13355 10743 337 395
13355 10744 336 393
13355 10745 335 390
13355 10746 336 391
13355 10747 333 387
13355 10748 334 389
13355 10749 331 388
13355 10750 330 386
13355 10751 329 382
13355 10752 328 381
13355 10753 331 383
13393 10744 187 476
13393 10745 190 475
13393 10746 188 467
13393 10747 189 467
13393 10748 187 467
13393 10749 194 467
13393 10750 199 467
13393 10751 202 467
13393 10752 205 467
13393 10753 208 466
13393 10754 211 465
13393 10755 214 468
13393 10756 217 468
13393 10757 221 465
13393 10758 223 465
13393 10759 227 465
13393 10760 230 467
13393 10761 235 467
13393 10762 236 466
13393 10763 238 469
13393 10764 239 463
13393 10765 243 465
13393 10766 248 466
13393 10767 251 463
13393 10768 256 466
13393 10769 257 465
13393 10770 262 463
13393 10771 266 462
13393 10772 269 462
13393 10773 272 464
13393 10774 276 461
13393 10775 278 460
13393 10776 282 461
13393 10777 288 461
13393 10778 289 463
13393 10779 291 463
13393 10780 296 460
13393 10781 297 460
13393 10782 300 460
13393 10783 306 459
13393 10784 308 457
13393 10785 315 457
13393 10786 316 457
13393 10787 320 452
13393 10788 321 457
13393 10789 324 455
13393 10790 330 452
13393 10791 334 451
13393 10792 336 453
13393 10793 336 451
13393 10794 339 459
13393 10795 341 463
13393 10796 343 462
13564 10869 229 454
13564 10870 233 455
13564 10871 234 454
13564 10872 236 457
13564 10873 239 457
13564 10874 241 458
13564 10875 245 461
13564 10876 245 465
13564 10877 251 463
13564 10878 253 463
13564 10879 256 464
13564 10880 260 465
13564 10881 264 470
13564 10882 264 466
13564 10883 268 470
13564 10884 273 468
13564 10885 276 470
13564 10886 276 470
13564 10887 280 471
13564 10888 282 471
13564 10889 285 471
13564 10890 287 473
13564 10891 292 474
13564 10892 294 474
13564 10893 296 475
13564 10894 299 476
13593 10897 331 335
13593 10898 331 331
13593 10899 331 328
13593 10900 329 329
13593 10901 328 331
13593 10902 327 330
13593 10903 327 332
13593 10904 326 331
13593 10905 325 334
13593 10906 324 335
13593 10907 322 336
13593 10908 322 336
13593 10909 321 340
13593 10910 318 338
13593 10911 317 337
13593 10912 316 340
13593 10913 315 341
13593 10914 314 341
13593 10915 313 339
13593 10916 310 342
13593 10917 309 345
13593 10918 307 344
13593 10919 306 345
13593 10920 306 347
13593 10921 303 347
13593 10922 301 348
13593 10923 301 348
13593 10924 298 350
13593 10925 295 353
13593 10926 296 351
13593 10927 294 350
13593 10928 293 354
13593 10929 292 356
13593 10930 290 355
13593 10931 286 356
13593 10932 285 357
13593 10933 284 358
13593 10934 280 357
13593 10935 280 360
13593 10936 279 361
13593 10937 279 361
13593 10938 277 362
13593 10939 274 362
13593 10940 270 363
13593 10941 269 366
13593 10942 266 367
13593 10943 265 364
13593 10944 263 368
13593 10945 262 366
13593 10946 258 366
13593 10947 257 368
13593 10948 253 368
13593 10949 251 370
13593 10950 249 371
13593 10951 248 369
13593 10952 246 371
13593 10953 243 370
13593 10954 241 370
13593 10955 238 369
13593 10956 234 372
13593 10957 232 372
13593 10958 229 371
13593 10959 225 373
13593 10960 224 374
13593 10961 222 373
13593 10962 221 371
13593 10963 218 371
13593 10964 218 370
13593 10965 213 369
13593 10966 207 370
13593 10967 207 372
13593 10968 208 370
13593 10969 207 369
13593 10970 207 369
13593 10971 203 367
13593 10972 207 368
13593 10973 206 367
13593 10974 202 367
13593 10975 205 372
13593 10976 205 368
13593 10977 204 370
13593 10978 203 371
13653 10952 500 260
13653 10953 486 270
13653 10954 485 265
13653 10955 478 262
13653 10956 470 261
13653 10957 462 261
13653 10958 452 260
13653 10959 440 259
13653 10960 432 258
13653 10961 421 257
13653 10962 413 257
13653 10963 408 258
13653 10964 400 254
13653 10965 400 254
13653 10966 402 255
13653 10967 400 256
13928 11159 262 322
13928 11160 261 322
13928 11161 264 320
13928 11162 267 319
13928 11163 267 319
13928 11164 270 319
13928 11165 272 320
13928 11166 276 315
13928 11167 278 319
13928 11168 279 319
13928 11169 281 320
13928 11170 282 314
13928 11171 285 323
13928 11172 286 323
13928 11173 288 323
13928 11174 290 324
13928 11175 291 320
13928 11176 295 324
13928 11177 296 324
13928 11178 297 327
13928 11179 300 327
13928 11180 301 328
13928 11181 304 324
13928 11182 305 324
13928 11183 305 324
13928 11184 309 329
13928 11185 310 330
13928 11186 312 331
13928 11187 314 333
13928 11188 315 332
13928 11189 316 335
13928 11190 321 335
13928 11191 321 336
13928 11192 323 336
13928 11193 326 337
13928 11194 329 340
13928 11195 329 338
13928 11196 330 340
13928 11197 331 341
13928 11198 336 340
13928 11199 338 343
13928 11200 339 342
13928 11201 341 341
13928 11202 346 344
13928 11203 347 345
13928 11204 346 347
13932 11175 141 453
13932 11176 141 455
13932 11177 144 453
13932 11178 144 452
13932 11179 151 452
13932 11180 154 451
13932 11181 157 451
13932 11182 158 451
13932 11183 162 451
13932 11184 166 450
13932 11185 169 450
13932 11186 175 449
13932 11187 175 448
13932 11188 180 448
13932 11189 182 447
13932 11190 186 443
13932 11191 190 445
13932 11192 196 446
13932 11193 196 444
13932 11194 203 443
13932 11195 204 442
13932 11196 209 442
13932 11197 208 439
13932 11198 215 441
13932 11199 219 440
13932 11200 220 434
13932 11201 223 438
13932 11202 230 437
13932 11203 232 437
13932 11204 233 435
13932 11205 236 438
13932 11206 238 435
13932 11207 245 436
13932 11208 248 434
13932 11209 249 431
13932 11210 254 431
13932 11211 257 430
13932 11212 260 429
13932 11213 263 428
13932 11214 267 428
13932 11215 269 429
13932 11216 273 429
13932 11217 276 427
13932 11218 280 427
13932 11219 282 424
13932 11220 285 425
13932 11221 290 423
13932 11222 292 423
13932 11223 295 426
13932 11224 297 422
13932 11225 298 422
13932 11226 302 422
13932 11227 307 420
13932 11228 308 420
13932 11229 309 420
13932 11230 312 419
13932 11231 317 418
13932 11232 320 419
13932 11233 324 417
13932 11234 330 416
13932 11235 332 415
13932 11236 333 415
13932 11237 335 414
13932 11238 331 417
13977 11238 340 412
13977 11239 342 413
13977 11240 347 418
13977 11241 345 411
13977 11242 350 411
13977 11243 354 410
13977 11244 354 410
13977 11245 357 408
13977 11246 360 406
13977 11247 364 407
13977 11248 367 407
13977 11249 370 405
13977 11250 374 406
13977 11251 374 405
13977 11252 378 404
13977 11253 382 403
13977 11254 389 405
13977 11255 385 401
13977 11256 389 402
13977 11257 391 402
13977 11258 396 399
13977 11259 402 403
13977 11260 399 399
13977 11261 395 393
13977 11262 398 388
13978 11238 423 377
13978 11239 425 376
13978 11240 427 374
13978 11241 427 378
13978 11242 431 380
13978 11243 432 380
13978 11244 436 380
13978 11245 439 383
13978 11246 442 381
13978 11247 444 384
13978 11248 449 386
13978 11249 453 390
13978 11250 456 384
13978 11251 456 386
13978 11252 460 389
13978 11253 463 389
13978 11254 466 391
13978 11255 467 388
13978 11256 469 390
13978 11257 476 391
13978 11258 479 392
13978 11259 483 390
13978 11260 486 394
13978 11261 490 392
13978 11262 490 395
13978 11263 496 393
13978 11264 500 396
13978 11265 500 394
13978 11266 505 394
14322 11517 37 322
14322 11518 43 321
14322 11519 48 320
14322 11520 54 320
14322 11521 57 319
14322 11522 62 319
14322 11523 69 316
14322 11524 72 314
14322 11525 75 312
14322 11526 78 310
14322 11527 82 309
14322 11528 93 309
14322 11529 88 306
14322 11530 92 305
14322 11531 96 303
14322 11532 99 302
14322 11533 103 300
14322 11534 106 298
14322 11535 114 297
14322 11536 112 295
14426 11578 197 369
14426 11579 199 364
14426 11580 204 367
14426 11581 204 371
14426 11582 204 367
14426 11583 205 367
14426 11584 207 364
14426 11585 208 367
14426 11586 210 369
14426 11587 214 369
14426 11588 213 369
14426 11589 213 369
14426 11590 215 370
14426 11591 220 365
14426 11592 222 367
14426 11593 223 366
14426 11594 224 367
14426 11595 224 366
14426 11596 228 367
14426 11597 231 366
14426 11598 233 366
14426 11599 235 367
14426 11600 238 366
14426 11601 242 368
14426 11602 243 368
14426 11603 247 368
14426 11604 250 369
14426 11605 253 370
14426 11606 255 370
14426 11607 257 367
14426 11608 259 369
14426 11609 264 370
14426 11610 264 370
14426 11611 269 372
14426 11612 271 372
14426 11613 274 373
14426 11614 275 373
14426 11615 280 372
14426 11616 282 373
14426 11617 284 373
14426 11618 286 375
14426 11619 287 372
14426 11620 290 373
14426 11621 294 376
14426 11622 297 374
14426 11623 301 373
14426 11624 305 374
14426 11625 308 374
14426 11626 309 375
14426 11627 312 374
14426 11628 317 375
14426 11629 319 378
14426 11630 322 377
14426 11631 323 382
14459 11597 636 432
14459 11598 636 434
14459 11599 634 434
14459 11600 632 432
14459 11601 630 432
14459 11602 629 431
14459 11603 627 427
14459 11604 623 424
14459 11605 618 426
14459 11606 617 426
14459 11607 617 427
14459 11608 612 423
14459 11609 608 423
14459 11610 604 422
14459 11611 606 419
14459 11612 598 417
14459 11613 595 422
14459 11614 592 420
14459 11615 589 417
14459 11616 585 419
14459 11617 587 420
14459 11618 581 415
14459 11619 579 418
14459 11620 574 417
14459 11621 569 415
14459 11622 567 413
14459 11623 563 416
14459 11624 556 411
14459 11625 557 414
14459 11626 554 409
14459 11627 550 413
14459 11628 547 409
14459 11629 544 412
14459 11630 543 409
14459 11631 545 403
14566 11672 445 372
14566 11673 447 372
14566 11674 447 372
14566 11675 450 369
14566 11676 456 379
14566 11677 459 380
14566 11678 460 380
14566 11679 461 378
14566 11680 468 384
14566 11681 469 378
14566 11682 471 378
14566 11683 473 377
14566 11684 477 376
14566 11685 480 377
14566 11686 481 381
14566 11687 484 376
14566 11688 489 374
14566 11689 488 376
14566 11690 491 375
14566 11691 495 377
14566 11692 499 381
14566 11693 502 378
14566 11694 503 376
14566 11695 504 375
14566 11696 507 376
14566 11697 511 376
14566 11698 513 377
14566 11699 516 382
14566 11700 519 380
14566 11701 520 380
14566 11702 523 376
14566 11703 524 376
14566 11704 527 382
14566 11705 532 377
14566 11706 535 376
14566 11707 536 375
14566 11708 537 379
14566 11709 540 374
14566 11710 543 378
14566 11711 545 379
14566 11712 550 374
14566 11713 552 378
14566 11714 553 375
14566 11715 553 378
14566 11716 556 382
14589 11688 132 375
14589 11689 133 373
14589 11690 133 373
14589 11691 133 375
14589 11692 135 376
14589 11693 136 376
14589 11694 138 378
14589 11695 137 379
14589 11696 139 379
14589 11697 142 379
14589 11698 144 380
14589 11699 146 380
14589 11700 146 378
14589 11701 148 381
14589 11702 149 378
14589 11703 152 381
14589 11704 154 382
14589 11705 156 383
14589 11706 159 383
14589 11707 157 383
14589 11708 159 383
14589 11709 160 384
14589 11710 163 385
14589 11711 166 386
14589 11712 169 386
14589 11713 170 390
14589 11714 171 388
14589 11715 174 387
14589 11716 177 393
14589 11717 177 390
14589 11718 181 390
14589 11719 182 391
14589 11720 184 391
14589 11721 186 392
14589 11722 188 393
14589 11723 189 393
14589 11724 191 394
14589 11725 193 395
14589 11726 195 397
14589 11727 198 396
14589 11728 200 399
14589 11729 202 398
14589 11730 203 400
14589 11731 207 403
14589 11732 208 399
14589 11733 209 401
14589 11734 213 400
14589 11735 216 402
14589 11736 217 403
14589 11737 219 403
14589 11738 220 405
14589 11739 224 406
14589 11740 224 410
14589 11741 229 407
14589 11742 232 407
14589 11743 232 408
14589 11744 232 411
14589 11745 236 411
14589 11746 238 411
14589 11747 240 413
14589 11748 242 411
14589 11749 244 414
14589 11750 247 415
14589 11751 247 417
14589 11752 248 420
14589 11753 252 420
14589 11754 254 419
14589 11755 255 421
14589 11756 257 422
14589 11757 259 425
14589 11758 261 422
14589 11759 262 424
14589 11760 266 424
14589 11761 267 429
14589 11762 269 430
14589 11763 270 431
14589 11764 272 430
14589 11765 275 434
14589 11766 274 437
14589 11767 278 435
14589 11768 278 437
14589 11769 280 438
14589 11770 283 438
14589 11771 284 441
14589 11772 286 446
14589 11773 289 445
14589 11774 289 449
14589 11775 290 447
14589 11776 293 449
14589 11777 295 450
14589 11778 296 453
14589 11779 297 453
14589 11780 299 454
14589 11781 303 457
14589 11782 305 458
14589 11783 305 459
14589 11784 308 463
14589 11785 310 466
14589 11786 312 464
14589 11787 316 466
14589 11788 319 469
14589 11789 321 469
14589 11790 322 470
14589 11791 325 470
14589 11792 328 471
14589 11793 327 472
14677 11716 132 379
14677 11717 134 377
14677 11718 138 378
14677 11719 140 383
14677 11720 142 380
14677 11721 147 380
14677 11722 145 384
14677 11723 146 383
14677 11724 150 383
14677 11725 150 383
14677 11726 152 387
14677 11727 154 387
14677 11728 156 388
14677 11729 154 394
14677 11730 159 391
14677 11731 158 396
14677 11732 160 394
14677 11733 162 394
14677 11734 165 397
14677 11735 168 397
14677 11736 169 397
14677 11737 169 398
14677 11738 171 397
14677 11739 172 401
14677 11740 172 401
14677 11741 177 403
14677 11742 181 404
14677 11743 182 408
14677 11744 184 412
14677 11745 185 405
14677 11746 189 409
14677 11747 192 412
14677 11748 192 410
14677 11749 185 413
14810 11775 262 452
14810 11776 258 451
14810 11777 262 450
14810 11778 267 456
14810 11779 264 451
14810 11780 266 453
14810 11781 272 457
14810 11782 270 458
14810 11783 275 457
14810 11784 281 460
14810 11785 283 461
14810 11786 284 461
14810 11787 290 462
14810 11788 289 463
14810 11789 295 463
14810 11790 296 464
14810 11791 297 466
14810 11792 306 466
14810 11793 309 468
14810 11794 311 468
14810 11795 313 468
14810 11796 317 469
14810 11797 321 469
14810 11798 323 469
14810 11799 328 471
14810 11800 330 471
14810 11801 333 471
14810 11802 338 473
14810 11803 339 473
14810 11804 344 474
14810 11805 347 474
14979 11847 84 304
14979 11848 85 305
14979 11849 81 307
14979 11850 76 310
14979 11851 70 313
14979 11852 68 315
14979 11853 62 316
14979 11854 58 317
14979 11855 53 318
14979 11856 50 319
14979 11857 43 319
14979 11858 40 320
14979 11859 36 320
14979 11860 29 320
14979 11861 24 321
14979 11862 20 322
14979 11863 17 322
14979 11864 12 327
14979 11865 8 330
14979 11866 8 335
14979 11867 8 335
14979 11868 6 336
14979 11869 4 337
14979 11870 3 342
15042 11890 245 467
15042 11891 241 466
15042 11892 239 469
15042 11893 238 465
15042 11894 234 464
15042 11895 228 463
15042 11896 223 463
15042 11897 220 462
15042 11898 215 462
15042 11899 208 462
15042 11900 202 459
15042 11901 198 458
15042 11902 194 455
15042 11903 188 453
15042 11904 184 448
15042 11905 181 443
15121 11948 630 447
15121 11949 631 443
15121 11950 630 440
15121 11951 632 438
15121 11952 631 434
15121 11953 628 431
15121 11954 625 433
15121 11955 620 434
15121 11956 621 429
15121 11957 616 430
15121 11958 615 427
15121 11959 614 424
15121 11960 607 427
15121 11961 604 425
15121 11962 605 421
15121 11963 599 424
15121 11964 596 422
15121 11965 593 421
15121 11966 591 417
15121 11967 591 414
15121 11968 589 413
15121 11969 587 413
15121 11970 585 411
15121 11971 583 408
15121 11972 577 411
15121 11973 575 411
15121 11974 573 410
15121 11975 573 404
15121 11976 569 404
15195 11981 556 399
15195 11982 554 402
15195 11983 551 400
15195 11984 550 393
15195 11985 546 397
15195 11986 542 396
15195 11987 541 397
15195 11988 538 395
15195 11989 540 389
15195 11990 534 392
15195 11991 531 391
15195 11992 530 390
15195 11993 526 389
15195 11994 529 388
15195 11995 523 388
15195 11996 520 388
15195 11997 517 385
15195 11998 514 382
15195 11999 516 380
15195 12000 511 381
15195 12001 510 381
15195 12002 510 378
15195 12003 506 379
15195 12004 503 382
15195 12005 502 378
15195 12006 500 375
15195 12007 500 371
15219 11992 478 414
15219 11993 478 412
15219 11994 476 407
15219 11995 474 410
15219 11996 471 409
15219 11997 467 406
15219 11998 462 408
15219 11999 457 410
15219 12000 457 405
15219 12001 455 402
15219 12002 457 401
15219 12003 450 401
15219 12004 449 401
15219 12005 447 399
15219 12006 444 400
15219 12007 440 400
15219 12008 437 394
15219 12009 435 392
15219 12010 436 393
15219 12011 431 390
15219 12012 431 394
15219 12013 428 389
15219 12014 422 389
15219 12015 422 386
15219 12016 420 384
15219 12017 423 382
15341 12061 411 332
15341 12062 410 332
15341 12063 412 321
15341 12064 410 319
15341 12065 410 317
15341 12066 408 318
15341 12067 406 319
15341 12068 405 316
15341 12069 404 319
15341 12070 404 315
15341 12071 403 317
15341 12072 400 318
15341 12073 398 319
15341 12074 398 312
15341 12075 397 310
15341 12076 397 311
15341 12077 395 314
15341 12078 394 313
15341 12079 392 311
15341 12080 390 316
15341 12081 391 310
15341 12082 390 310
15341 12083 388 309
15341 12084 386 307
15341 12085 387 307
15341 12086 386 308
15341 12087 385 304
15341 12088 384 307
15341 12089 383 305
15341 12090 382 301
15341 12091 381 301
15341 12092 380 303
15341 12093 378 299
15341 12094 376 301
15341 12095 375 300
15341 12096 374 301
15341 12097 374 297
15341 12098 371 296
15341 12099 371 295
15341 12100 369 296
15341 12101 368 298
15341 12102 367 296
15341 12103 364 293
15341 12104 363 294
15341 12105 363 293
15341 12106 361 295
15341 12107 360 291
15341 12108 361 289
15578 12221 634 361
15578 12222 632 362
15578 12223 628 362
15578 12224 622 362
15578 12225 621 363
15578 12226 615 363
15578 12227 611 363
15578 12228 609 363
15578 12229 602 361
15578 12230 602 364
15578 12231 595 364
15578 12232 587 364
15578 12233 589 365
15578 12234 584 365
15578 12235 582 365
15578 12236 575 366
15578 12237 570 366
15578 12238 568 368
15578 12239 562 368
15578 12240 559 369
15578 12241 556 370
15578 12242 549 369
15578 12243 544 371
15578 12244 541 372
15578 12245 541 373
15578 12246 538 373
15578 12247 533 373
15578 12248 528 372
15578 12249 527 377
15883 12343 487 261
15883 12344 477 260
15883 12345 471 260
15883 12346 465 258
15883 12347 454 258
15883 12348 446 257
15883 12349 436 255
15883 12350 429 255
15883 12351 425 255
15883 12352 414 254
15883 12353 406 253
15883 12354 397 252
15883 12355 388 253
15883 12356 378 251
15883 12357 372 251
15883 12358 366 251
15883 12359 359 251
15883 12360 351 248
15883 12361 341 248
15883 12362 333 246
15883 12363 324 249
15883 12364 320 249
15883 12365 319 247
16104 12471 225 421
16104 12472 222 420
16104 12473 223 416
16104 12474 225 413
16104 12475 226 414
16104 12476 229 413
16104 12477 231 412
16104 12478 233 409
16104 12479 235 409
16104 12480 237 406
16104 12481 241 408
16104 12482 240 405
16104 12483 243 402
16104 12484 248 404
16104 12485 245 402
16104 12486 247 402
16104 12487 249 399
16104 12488 253 397
16104 12489 253 395
16104 12490 256 397
16104 12491 257 395
16104 12492 260 392
16104 12493 260 393
16104 12494 262 390
16104 12495 263 389
16104 12496 263 390
16104 12497 266 390
16104 12498 266 386
16104 12499 270 388
16104 12500 270 383
16104 12501 279 377
16104 12502 274 383
16104 12503 272 383
16104 12504 276 381
16104 12505 277 380
16104 12506 280 378
16104 12507 281 377
16104 12508 281 376
16104 12509 277 377
16135 12485 87 299
16135 12486 89 295
16135 12487 87 298
16135 12488 80 301
16135 12489 75 301
16135 12490 71 303
16135 12491 67 306
16135 12492 64 308
16135 12493 60 309
16135 12494 52 310
16135 12495 48 312
16135 12496 44 314
16135 12497 41 312
16135 12498 35 316
16135 12499 32 314
16135 12500 36 319
16135 12501 41 311
16135 12502 37 313
16135 12503 30 309
16135 12504 25 314
16135 12505 15 317
16135 12506 11 319
16155 12496 193 424
16155 12497 195 428
16155 12498 197 428
16155 12499 194 425
16155 12500 199 426
16155 12501 197 421
16155 12502 201 422
16155 12503 204 426
16155 12504 203 418
16155 12505 205 416
16155 12506 203 414
16155 12507 208 410
16155 12508 205 408
16155 12509 211 410
16155 12510 212 411
16155 12511 214 406
16155 12512 215 408
16155 12513 217 405
16155 12514 220 402
16155 12515 218 399
16155 12516 221 399
16155 12517 222 399
16155 12518 225 397
16155 12519 226 395
16155 12520 229 394
16155 12521 231 390
16155 12522 229 389
16155 12523 234 389
16155 12524 232 385
16155 12525 234 389
16155 12526 236 388
16155 12527 237 383
16235 12545 262 360
16235 12546 265 363
16235 12547 266 361
16235 12548 264 357
16235 12549 268 361
16235 12550 269 357
16235 12551 270 356
16235 12552 271 359
16235 12553 271 356
16235 12554 273 356
16235 12555 274 355
16235 12556 275 354
16235 12557 276 350
16235 12558 277 351
16235 12559 277 350
16235 12560 279 349
16235 12561 279 347
16235 12562 277 350
16235 12563 280 346
16235 12564 282 346
16235 12565 284 347
16235 12566 282 346
16235 12567 285 344
16235 12568 286 343
16235 12569 287 342
16235 12570 289 341
16235 12571 289 339
16235 12572 291 341
16235 12573 293 339
16235 12574 293 342
16235 12575 294 337
16235 12576 296 335
16235 12577 297 334
16235 12578 297 331
16235 12579 298 334
16235 12580 300 334
16235 12581 300 335
16235 12582 301 330
16235 12583 303 329
16235 12584 303 329
16235 12585 305 328
16235 12586 305 325
16235 12587 306 325
16235 12588 307 325
16235 12589 308 324
16235 12590 309 323
16235 12591 310 324
16235 12592 310 325
16235 12593 310 323
16235 12594 313 323
16235 12595 313 323
16235 12596 314 321
16235 12597 317 321
16235 12598 318 321
16235 12599 320 324
16235 12600 322 319
16235 12601 322 320
16235 12602 322 317
16235 12603 325 318
16235 12604 325 315
16235 12605 328 312
16235 12606 326 316
16235 12607 327 316