221 483 261 252
221 484 270 251
221 485 280 253
221 486 288 254
221 487 297 254
221 488 308 255
221 489 317 256
221 490 325 257
221 491 335 258
221 492 346 258
221 493 355 259
221 494 364 260
221 495 374 261
221 496 382 261
221 497 391 262
221 498 401 263
221 499 397 263
288 594 464 364
288 595 464 362
288 596 461 363
288 597 458 367
288 598 455 364
288 599 454 364
288 600 451 365
288 601 449 368
288 602 446 367
288 603 441 368
288 604 440 367
288 605 438 372
288 606 437 367
288 607 430 371
288 608 429 373
288 609 425 372
288 610 422 373
288 611 419 373
288 612 417 373
288 613 411 374
288 614 410 373
288 615 407 374
288 616 402 375
288 617 401 379
288 618 397 377
288 619 395 379
288 620 390 375
288 621 387 377
288 622 384 377
288 623 380 379
288 624 377 377
288 625 374 380
288 626 371 381
288 627 367 379
288 628 367 378
806 1189 524 410
806 1190 526 408
806 1191 524 410
806 1192 523 410
806 1193 520 412
806 1194 519 413
806 1195 516 414
806 1196 514 415
806 1197 513 418
806 1198 511 418
806 1199 510 421
806 1200 506 419
806 1201 503 421
806 1202 501 424
806 1203 499 423
806 1204 496 424
806 1205 493 427
806 1206 490 427
806 1207 487 427
806 1208 484 429
806 1209 479 430
806 1210 476 431
806 1211 474 434
806 1212 471 434
806 1213 469 436
806 1214 465 435
806 1215 460 437
806 1216 456 438
806 1217 453 441
806 1218 450 441
806 1219 447 442
806 1220 444 444
806 1221 441 445
806 1222 436 445
806 1223 432 448
806 1224 430 450
806 1225 425 449
806 1226 422 451
806 1227 419 451
806 1228 415 452
806 1229 409 452
806 1230 406 454
806 1231 403 460
806 1232 398 456
806 1233 395 458
806 1234 392 459
806 1235 388 460
806 1236 381 460
806 1237 376 462
806 1238 374 463
806 1239 367 464
806 1240 363 464
806 1241 360 465
806 1242 356 466
806 1243 349 466
806 1244 345 466
806 1245 341 467
806 1246 336 467
806 1247 331 467
806 1248 329 467
806 1249 324 469
806 1250 317 469
806 1251 311 469
806 1252 308 472
806 1253 303 469
806 1254 297 469
806 1255 293 470
806 1256 289 471
806 1257 284 471
806 1258 280 471
806 1259 275 472
806 1260 269 472
806 1261 264 472
806 1262 259 473
806 1263 254 474
806 1264 249 474
806 1265 244 475
806 1266 240 475
806 1267 235 476
860 1289 405 474
860 1290 405 474
860 1291 411 473
860 1292 415 473
860 1293 417 473
860 1294 422 472
860 1295 426 471
860 1296 429 471
860 1297 434 471
860 1298 439 470
860 1299 443 470
860 1300 447 469
860 1301 451 469
860 1302 455 468
860 1303 458 468
860 1304 462 467
860 1305 468 467
860 1306 471 467
860 1307 476 466
860 1308 479 465
860 1309 482 465
860 1310 486 465
860 1311 491 464
860 1312 495 463
860 1313 497 463
860 1314 501 463
860 1315 507 458
860 1316 509 459
860 1317 511 458
860 1318 513 457
860 1319 518 451
860 1320 522 456
860 1321 524 454
860 1322 528 452
860 1323 532 447
860 1324 530 453
860 1325 536 450
860 1326 538 448
860 1327 543 447
860 1328 546 447
860 1329 548 446
860 1330 553 444
860 1331 556 442
860 1332 559 443
860 1333 560 441
860 1334 563 439
860 1335 566 440
860 1336 571 434
860 1337 575 429
860 1338 575 434
860 1339 579 436
860 1340 580 435
860 1341 582 430
860 1342 585 432
860 1343 584 435
860 1344 585 430
1481 2326 526 342
1481 2327 524 345
1481 2328 522 342
1481 2329 520 341
1481 2330 518 343
1481 2331 514 347
1481 2332 513 342
1481 2333 511 346
1481 2334 509 343
1481 2335 507 341
1481 2336 505 342
1481 2337 503 345
1481 2338 500 341
1481 2339 497 340
1481 2340 497 336
1481 2341 494 338
1481 2342 490 339
1481 2343 488 338
1481 2344 485 338
1481 2345 485 341
1481 2346 482 340
1481 2347 481 336
1481 2348 476 341
1481 2349 476 335
1481 2350 473 334
1481 2351 470 335
1481 2352 468 333
1481 2353 466 334
1481 2354 463 333
1481 2355 463 333
1481 2356 461 333
1481 2357 457 336
1481 2358 455 331
1481 2359 454 330
1481 2360 451 329
1481 2361 449 331
1481 2362 446 330
1481 2363 445 328
1481 2364 441 333
1481 2365 440 332
1481 2366 437 332
1481 2367 436 329
1481 2368 435 324
1481 2369 434 327
1481 2370 431 329
1481 2371 429 327
1481 2372 425 329
1481 2373 425 326
1481 2374 422 328
1481 2375 421 325
1481 2376 418 326
1481 2377 415 325
1481 2378 414 324
1481 2379 412 323
1481 2380 409 324
1481 2381 406 324
1481 2382 405 323
1481 2383 405 323
1481 2384 400 328
1481 2385 395 328
1531 2353 441 256
1531 2354 430 254
1531 2355 422 255
1531 2356 412 253
1531 2357 401 253
1531 2358 393 253
1531 2359 383 251
1531 2360 373 251
1531 2361 365 250
1531 2362 352 258
1531 2363 348 248
1531 2364 338 248
1531 2365 331 247
1531 2366 323 246
1531 2367 321 246
1531 2368 306 246
1587 2386 634 405
1587 2387 634 400
1587 2388 631 399
1587 2389 626 400
1587 2390 623 401
1587 2391 620 398
1587 2392 619 395
1587 2393 615 396
1587 2394 611 395
1587 2395 610 393
1587 2396 606 394
1587 2397 601 393
1587 2398 599 393
1587 2399 598 391
1587 2400 592 392
1587 2401 591 390
1587 2402 588 388
1587 2403 584 388
1587 2404 579 387
1587 2405 578 387
1587 2406 577 385
1587 2407 571 384
1587 2408 569 383
1587 2409 565 384
1587 2410 565 381
1587 2411 558 382
1587 2412 555 381
1587 2413 553 379
1587 2414 551 379
1587 2415 548 378
1587 2416 546 377
1587 2417 544 376
1587 2418 538 376
1587 2419 536 374
1587 2420 534 374
1587 2421 533 372
1587 2422 530 372
1587 2423 526 372
1587 2424 526 369
1587 2425 520 370
1587 2426 516 369
1587 2427 514 368
1587 2428 513 366
1587 2429 510 366
1587 2430 507 364
1587 2431 503 364
1587 2432 502 362
1587 2433 497 362
1587 2434 496 361
1587 2435 494 360
1587 2436 491 359
1587 2437 489 359
1587 2438 486 358
1587 2439 486 357
1587 2440 479 356
1587 2441 479 356
1587 2442 477 356
1587 2443 476 353
1587 2444 472 352
1587 2445 472 352
1587 2446 468 349
1587 2447 466 351
1587 2448 462 350
1587 2449 460 347
1587 2450 458 346
1587 2451 456 347
1587 2452 455 345
1587 2453 454 343
1587 2454 450 345
1587 2455 446 344
1587 2456 445 343
1587 2457 443 341
1587 2458 442 341
1587 2459 441 341
1587 2460 440 338
1587 2461 441 338
1875 2925 484 264
1875 2926 474 262
1875 2927 467 261
1875 2928 453 261
1875 2929 432 259
1875 2930 416 259
1875 2931 400 252
1875 2932 379 256
1875 2933 363 254
1875 2934 347 254
1875 2935 329 252
1875 2936 335 260
2246 3472 164 282
2246 3473 163 282
2246 3474 162 283
2246 3475 160 280
2246 3476 159 283
2246 3477 156 282
2246 3478 154 284
2246 3479 153 283
2246 3480 151 285
2246 3481 148 287
2246 3482 147 287
2246 3483 145 285
2246 3484 144 285
2246 3485 142 288
2246 3486 140 287
2246 3487 137 289
2246 3488 136 289
2246 3489 134 289
2246 3490 133 289
2246 3491 132 290
2246 3492 130 291
2246 3493 127 290
2246 3494 125 290
2246 3495 124 291
2246 3496 122 292
2246 3497 121 292
2246 3498 118 292
2246 3499 116 294
2246 3500 115 295
2246 3501 112 295
2246 3502 111 295
2246 3503 108 297
2246 3504 107 294
2246 3505 105 295
2246 3506 103 296
2246 3507 101 297
2246 3508 98 297
2246 3509 98 298
2246 3510 95 298
2246 3511 93 299
2246 3512 91 300
2246 3513 89 300
2246 3514 88 302
2246 3515 85 302
2246 3516 83 301
2246 3517 82 302
2246 3518 81 304
2246 3519 79 304
2246 3520 76 303
2246 3521 75 304
2246 3522 73 304
2246 3523 70 305
2246 3524 68 306
2246 3525 67 307
2246 3526 64 307
2246 3527 61 308
2246 3528 60 307
2246 3529 58 308
2246 3530 56 310
2246 3531 54 309
2246 3532 52 310
2246 3533 50 311
2246 3534 48 311
2246 3535 46 311
2246 3536 44 313
2246 3537 42 313
2246 3538 40 313
2246 3539 38 314
2246 3540 36 315
2246 3541 34 316
2246 3542 32 316
2246 3543 30 316
2246 3544 28 318
2246 3545 26 318
2246 3546 24 318
2246 3547 21 318
2246 3548 19 320
2246 3549 17 321
2246 3550 15 318
2246 3551 13 320
2246 3552 11 320
2246 3553 9 322
2246 3554 6 322
2246 3555 5 323
2246 3556 4 324
2265 3525 254 249
2265 3526 265 251
2265 3527 279 252
2265 3528 290 252
2265 3529 303 254
2265 3530 318 255
2265 3531 330 256
2265 3532 342 257
2265 3533 357 259
2265 3534 359 264
2268 3534 371 259
2268 3535 385 260
2268 3536 400 262
2268 3537 416 263
2268 3538 428 264
2268 3539 440 263
2268 3540 458 266
2268 3541 468 267
2268 3542 475 268
2268 3543 481 269
2268 3544 488 276
2495 3723 635 408
2495 3724 634 402
2495 3725 631 407
2495 3726 630 402
2495 3727 627 402
2495 3728 625 401
2495 3729 621 403
2495 3730 621 397
2495 3731 616 401
2495 3732 612 400
2495 3733 611 398
2495 3734 610 392
2495 3735 606 394
2495 3736 605 393
2495 3737 600 395
2495 3738 599 394
2495 3739 596 390
2495 3740 595 389
2495 3741 591 392
2495 3742 589 384
2495 3743 587 388
2495 3744 584 387
2495 3745 581 386
2495 3746 579 384
2495 3747 574 385
2495 3748 571 385
2495 3749 571 383
2495 3750 569 383
2495 3751 565 381
2495 3752 562 380
2495 3753 561 374
2495 3754 558 379
2495 3755 556 376
2495 3756 552 378
2495 3757 552 377
2495 3758 549 376
2495 3759 548 371
2495 3760 543 376
2495 3761 542 373
2495 3762 540 367
2495 3763 538 367
2495 3764 534 371
2495 3765 533 371
2495 3766 529 368
2495 3767 530 363
2499 3744 360 264
2499 3745 360 264
2499 3746 360 269
2499 3747 362 265
2499 3748 361 265
2499 3749 362 265
2499 3750 364 265
2499 3751 364 263
2499 3752 367 259
2499 3753 368 265
2499 3754 370 263
2499 3755 371 263
2499 3756 372 264
2499 3757 374 264
2499 3758 375 264
2499 3759 379 262
2499 3760 380 264
2499 3761 384 263
2499 3762 385 263
2499 3763 387 262
2499 3764 389 263
2499 3765 389 262
2499 3766 393 262
2499 3767 395 259
2499 3768 397 262
2499 3769 400 262
2499 3770 402 262
2499 3771 403 261
2499 3772 405 261
2499 3773 405 261
2499 3774 410 260
2499 3775 410 255
2499 3776 413 256
2499 3777 415 255
2499 3778 416 258
2499 3779 418 254
2499 3780 420 258
2499 3781 421 257
2499 3782 424 257
2499 3783 425 255
2499 3784 428 257
2499 3785 429 257
2499 3786 431 257
2499 3787 433 253
2499 3788 435 253
2499 3789 436 255
2499 3790 438 254
2499 3791 439 253
2499 3792 441 253
2499 3793 443 252
2499 3794 443 252
2499 3795 444 252
2499 3796 445 252
2499 3797 446 252
2499 3798 448 252
2500 3767 523 368
2500 3768 524 369
2500 3769 522 365
2500 3770 519 366
2500 3771 518 364
2500 3772 515 364
2500 3773 514 364
2500 3774 511 363
2500 3775 507 362
2500 3776 506 360
2500 3777 504 358
2500 3778 502 358
2500 3779 499 358
2500 3780 497 358
2500 3781 496 355
2500 3782 491 355
2500 3783 490 354
2500 3784 489 353
2500 3785 486 353
2500 3786 485 349
2500 3787 482 352
2500 3788 480 352
2500 3789 477 350
2500 3790 475 350
2500 3791 472 350
2500 3792 470 347
2500 3793 467 347
2500 3794 466 346
2500 3795 464 347
2500 3796 462 346
2500 3797 461 346
2500 3798 457 344
2500 3799 456 344
2500 3800 454 341
2500 3801 452 342
2500 3802 450 340
2500 3803 448 341
2500 3804 446 341
2500 3805 444 340
2500 3806 441 339
2500 3807 439 339
2500 3808 438 335
2500 3809 435 336
2500 3810 434 337
2500 3811 433 336
2500 3812 430 335
2500 3813 428 334
2500 3814 426 334
2500 3815 426 334
2500 3816 424 331
2500 3817 421 331
2500 3818 418 332
2500 3819 419 329
2500 3820 416 326
2500 3821 417 327
2500 3822 413 327
2500 3823 413 326
2500 3824 411 323
2500 3825 410 325
2500 3826 407 324
2500 3827 406 324
2500 3828 405 325
2500 3829 403 320
2500 3830 402 323
2500 3831 401 321
2500 3832 400 319
2500 3833 398 319
2500 3834 397 319
2500 3835 396 317
2500 3836 395 315
2500 3837 394 312
2506 3826 252 248
2506 3827 263 249
2506 3828 271 250
2506 3829 280 251
2506 3830 291 252
2506 3831 299 252
2506 3832 308 252
2506 3833 319 253
2506 3834 327 254
2506 3835 337 255
2506 3836 348 256
2506 3837 358 257
2506 3838 367 258
2506 3839 377 259
2506 3840 388 260
2506 3841 398 260
2506 3842 408 262
2506 3843 417 261
2506 3844 427 263
2506 3845 436 264
2506 3846 445 263
2506 3847 454 265
2506 3848 463 267
2506 3849 473 268
2506 3850 479 268
2506 3851 486 263
2506 3852 488 265
2506 3853 484 262
2506 3854 493 259
2510 3837 393 322
2510 3838 392 318
2510 3839 391 317
2510 3840 390 316
2510 3841 388 314
2510 3842 387 315
2510 3843 386 313
2510 3844 384 312
2510 3845 385 313
2510 3846 382 311
2510 3847 380 311
2510 3848 379 309
2510 3849 377 311
2510 3850 377 309
2510 3851 376 309
2510 3852 375 308
2510 3853 373 307
2510 3854 372 308
2510 3855 371 305
2510 3856 371 305
2510 3857 369 305
2510 3858 370 307
2510 3859 367 304
2510 3860 366 303
2510 3861 366 305
2510 3862 364 303
2510 3863 363 302
2510 3864 363 301
2510 3865 362 300
2510 3866 360 300
2510 3867 359 299
2510 3868 357 299
2510 3869 357 296
2510 3870 355 298
2510 3871 355 297
2510 3872 354 297
2510 3873 353 296
2510 3874 350 296
2510 3875 351 295
2510 3876 349 295
2510 3877 351 290
2510 3878 348 294
2510 3879 347 294
2510 3880 345 291
2510 3881 344 293
2510 3882 343 292
2510 3883 342 292
2510 3884 341 291
2510 3885 340 292
2510 3886 339 289
2510 3887 338 291
2510 3888 338 287
2510 3889 336 289
2510 3890 334 291
2510 3891 334 288
2510 3892 333 288
2510 3893 331 283
2510 3894 330 281
2510 3895 330 286
2510 3896 329 284
2510 3897 327 286
2510 3898 328 279
2510 3899 325 284
2510 3900 324 283
2510 3901 323 279
2510 3902 322 282
2510 3903 322 282
2510 3904 320 281
2510 3905 320 282
2510 3906 318 280
2510 3907 317 280
2510 3908 316 279
2510 3909 315 277
2510 3910 314 279
2510 3911 314 280
2510 3912 312 277
2510 3913 311 277
2576 3979 635 403
2576 3980 635 396
2576 3981 634 397
2576 3982 628 400
2576 3983 627 399
2576 3984 625 398
2576 3985 624 395
2576 3986 620 403
2576 3987 620 400
2576 3988 618 401
2576 3989 612 403
2576 3990 608 404
2576 3991 607 406
2576 3992 605 403
2576 3993 601 406
2576 3994 597 408
2576 3995 595 404
2576 3996 594 404
2576 3997 587 408
2576 3998 586 408
2576 3999 584 406
2576 4000 583 407
2576 4001 577 410
2576 4002 575 410
2576 4003 573 409
2576 4004 569 410
2576 4005 563 411
2576 4006 562 413
2576 4007 559 410
2576 4008 556 413
2576 4009 551 414
2576 4010 549 413
2576 4011 546 410
2576 4012 546 415
2579 4001 167 273
2579 4002 163 279
2579 4003 163 280
2579 4004 162 280
2579 4005 159 280
2579 4006 156 283
2579 4007 154 283
2579 4008 151 281
2579 4009 149 282
2579 4010 145 283
2579 4011 144 282
2579 4012 144 282
2579 4013 141 286
2579 4014 138 285
2579 4015 136 285
2579 4016 132 285
2579 4017 128 287
2579 4018 126 286
2579 4019 125 288
2579 4020 123 287
2579 4021 121 291
2579 4022 117 289
2579 4023 114 289
2579 4024 112 287
2579 4025 110 290
2579 4026 107 290
2579 4027 107 290
2579 4028 103 289
2579 4029 99 291
2579 4030 97 291
2579 4031 94 293
2579 4032 92 290
2579 4033 88 293
2579 4034 85 294
2579 4035 86 294
2579 4036 82 292
2579 4037 79 295
2579 4038 77 295
2579 4039 74 295
2579 4040 72 295
2579 4041 69 296
2579 4042 68 297
2579 4043 66 297
2579 4044 62 295
2579 4045 59 298
2579 4046 57 299
2579 4047 53 298
2579 4048 52 299
2579 4049 49 300
2579 4050 46 300
2579 4051 45 299
2579 4052 42 299
2579 4053 40 301
2579 4054 35 301
2579 4055 34 302
2579 4056 32 301
2579 4057 30 302
2579 4058 27 302
2579 4059 24 302
2579 4060 23 301
2579 4061 19 297
2596 4077 286 441
2596 4078 282 432
2596 4079 279 430
2596 4080 273 431
2596 4081 268 431
2596 4082 266 424
2596 4083 260 430
2596 4084 254 432
2596 4085 251 432
2596 4086 249 431
2596 4087 243 430
2596 4088 236 431
2596 4089 234 431
2596 4090 232 430
2596 4091 225 429
2596 4092 220 431
2596 4093 217 431
2596 4094 215 429
2596 4095 208 431
2596 4096 202 431
2596 4097 200 430
2596 4098 195 428
2596 4099 191 431
2596 4100 187 431
2596 4101 185 430
2596 4102 179 429
2596 4103 174 430
2596 4104 171 430
2596 4105 168 428
2596 4106 167 425
2616 4126 629 462
2616 4127 625 462
2616 4128 622 459
2616 4129 619 458
2616 4130 614 456
2616 4131 609 456
2616 4132 608 452
2616 4133 606 452
2616 4134 601 451
2616 4135 597 450
2616 4136 594 446
2616 4137 591 445
2616 4138 587 444
2616 4139 584 442
2616 4140 582 439
2616 4141 578 439
2616 4142 574 437
2616 4143 573 436
2616 4144 570 433
2616 4145 566 432
2616 4146 563 431
2616 4147 560 429
2616 4148 558 427
2616 4149 554 427
2616 4150 552 426
2616 4151 550 424
2616 4152 546 421
2616 4153 544 421
2616 4154 540 420
2616 4155 537 417
2616 4156 535 416
2616 4157 533 415
2616 4158 530 413
2616 4159 527 412
2616 4160 523 410
2616 4161 520 408
2616 4162 518 408
2616 4163 515 405
2616 4164 513 403
2616 4165 511 403
2616 4166 508 402
2616 4167 504 399
2616 4168 502 398
2616 4169 499 398
2616 4170 495 396
2616 4171 494 394
2616 4172 490 393
2616 4173 491 390
2743 4247 295 257
2743 4248 306 258
2743 4249 321 259
2743 4250 331 260
2743 4251 346 261
2743 4252 364 263
2743 4253 375 263
2743 4254 389 265
2743 4255 408 266
2743 4256 424 267
2743 4257 436 269
2743 4258 437 272
2802 4298 536 432
2802 4299 533 429
2802 4300 531 429
2802 4301 527 428
2802 4302 526 427
2802 4303 523 424
2802 4304 520 423
2802 4305 516 423
2802 4306 512 420
2802 4307 511 419
2802 4308 508 419
2802 4309 505 418
2802 4310 503 416
2802 4311 495 421
2802 4312 497 415
2802 4313 495 414
2802 4314 491 412
2802 4315 488 411
2802 4316 486 410
2802 4317 484 408
2802 4318 482 407
2802 4319 479 407
2802 4320 477 406
2802 4321 474 405
2887 4491 636 389
2887 4492 635 385
2887 4493 633 384
2887 4494 629 384
2887 4495 626 383
2887 4496 626 380
2887 4497 622 382
2887 4498 619 382
2887 4499 615 379
2887 4500 614 379
2887 4501 611 379
2887 4502 607 379
2887 4503 605 379
2887 4504 603 378
2887 4505 600 377
2887 4506 596 377
2887 4507 594 377
2887 4508 591 375
2887 4509 588 375
2887 4510 586 377
2887 4511 583 374
2887 4512 579 373
2887 4513 577 373
2887 4514 574 373
2887 4515 571 369
2887 4516 567 370
2887 4517 565 370
2887 4518 562 370
2887 4519 559 369
2887 4520 557 369
2887 4521 554 369
2887 4522 551 368
2887 4523 549 366
2887 4524 546 366
2887 4525 543 366
2887 4526 539 367
2887 4527 538 364
2887 4528 535 362
2887 4529 532 365
2887 4530 530 364
2887 4531 527 361
2887 4532 523 363
2887 4533 522 363
2887 4534 519 362
2887 4535 516 361
2887 4536 513 358
2887 4537 509 361
2887 4538 508 365
2887 4539 505 363
2980 4590 149 272
2980 4591 152 273
2980 4592 149 274
2980 4593 147 275
2980 4594 144 276
2980 4595 140 277
2980 4596 136 278
2980 4597 134 280
2980 4598 132 281
2980 4599 127 283
2980 4600 124 284
2980 4601 121 285
2980 4602 118 288
2980 4603 115 290
2980 4604 111 291
2980 4605 107 293
2980 4606 102 295
2980 4607 100 297
2980 4608 96 298
2980 4609 91 301
2980 4610 88 302
2980 4611 84 305
2980 4612 79 306
2980 4613 76 308
2980 4614 71 310
2980 4615 65 312
2980 4616 61 315
2980 4617 58 317
2980 4618 52 319
2980 4619 47 321
2980 4620 45 323
2980 4621 39 325
2980 4622 34 327
2980 4623 30 329
2980 4624 25 331
2980 4625 24 335
2980 4626 21 336
2980 4627 18 338
2980 4628 15 338
2980 4629 12 340
2980 4630 10 340
2980 4631 7 342
2980 4632 4 340
2996 4606 373 258
2996 4607 367 258
2996 4608 357 257
2996 4609 348 258
2996 4610 339 258
2996 4611 331 255
2996 4612 321 255
2996 4613 314 255
2996 4614 305 254
2996 4615 299 253
2996 4616 289 251
2996 4617 284 250
2996 4618 280 249
2996 4619 277 246
2996 4620 279 246
2996 4621 272 253
2996 4622 262 252
2996 4623 256 247
2996 4624 247 247
2996 4625 240 250
3044 4675 337 274
3044 4676 335 274
3044 4677 333 274
3044 4678 331 274
3044 4679 330 275
3044 4680 329 275
3044 4681 327 275
3044 4682 328 276
3044 4683 325 276
3044 4684 323 276
3044 4685 323 276
3044 4686 321 277
3044 4687 319 277
3044 4688 318 277
3044 4689 315 277
3044 4690 313 278
3044 4691 313 279
3044 4692 312 278
3044 4693 310 278
3044 4694 308 279
3044 4695 307 279
3044 4696 305 279
3044 4697 303 280
3044 4698 302 281
3044 4699 300 281
3044 4700 299 280
3044 4701 298 281
3044 4702 296 281
3044 4703 295 282
3044 4704 295 282
3044 4705 291 280
3044 4706 289 282
3044 4707 288 283
3044 4708 287 282
3044 4709 284 283
3044 4710 283 284
3044 4711 282 284
3044 4712 282 284
3044 4713 280 285
3044 4714 276 285
3044 4715 275 285
3044 4716 274 285
3044 4717 272 285
3044 4718 271 286
3044 4719 269 286
3044 4720 269 287
3044 4721 266 287
3044 4722 265 288
3044 4723 264 287
3044 4724 261 287
3044 4725 260 288
3044 4726 258 289
3044 4727 258 289
3044 4728 255 288
3044 4729 255 290
3044 4730 252 290
3044 4731 252 290
3044 4732 250 291
3044 4733 249 294
3044 4734 246 294
3044 4735 246 294
3044 4736 243 294
3044 4737 242 295
3044 4738 240 295
3044 4739 239 295
3044 4740 237 295
3044 4741 233 298
3044 4742 233 296
3044 4743 232 296
3098 4794 129 303
3098 4795 127 304
3098 4796 126 303
3098 4797 125 304
3098 4798 122 305
3098 4799 121 306
3098 4800 120 304
3098 4801 118 306
3098 4802 117 307
3098 4803 115 308
3098 4804 113 307
3098 4805 112 309
3098 4806 109 310
3098 4807 108 312
3098 4808 107 310
3098 4809 106 311
3098 4810 103 311
3098 4811 102 311
3098 4812 102 311
3098 4813 99 311
3098 4814 97 312
3098 4815 95 313
3098 4816 93 313
3098 4817 91 313
3098 4818 90 315
3098 4819 89 315
3098 4820 87 316
3098 4821 84 315
3098 4822 83 317
3098 4823 82 318
3098 4824 80 317
3098 4825 78 317
3098 4826 76 319
3098 4827 75 319
3098 4828 73 318
3098 4829 71 320
3098 4830 69 322
3098 4831 67 322
3098 4832 68 322
3098 4833 65 323
3098 4834 63 324
3098 4835 62 324
3098 4836 60 323
3098 4837 58 324
3098 4838 56 326
3098 4839 55 326
3098 4840 55 325
3098 4841 51 327
3098 4842 51 328
3098 4843 49 327
3098 4844 47 327
3098 4845 45 329
3098 4846 43 330
3098 4847 43 329
3098 4848 41 329
3098 4849 39 330
3098 4850 36 331
3098 4851 37 331
3098 4852 37 333
3161 4901 406 259
3161 4902 393 258
3161 4903 384 257
3161 4904 365 256
3161 4905 348 255
3161 4906 338 254
3161 4907 324 253
3161 4908 310 252
3161 4909 301 250
3161 4910 287 249
3161 4911 280 249
3161 4912 267 247
3161 4913 251 247
3161 4914 244 246
3199 5061 447 268
3199 5062 438 263
3199 5063 431 257
3199 5064 425 257
3199 5065 424 256
3199 5066 421 255
3199 5067 412 255
3199 5068 406 253
3199 5069 404 253
3199 5070 391 253
3199 5071 393 253
3199 5072 384 252
3199 5073 374 252
3199 5074 367 252
3199 5075 360 251
3199 5076 357 250
3199 5077 350 250
3199 5078 348 249
3199 5079 339 248
3199 5080 330 248
3199 5081 326 248
3199 5082 326 248
3199 5083 320 247
3199 5084 313 247
3392 5272 387 321
3392 5273 391 323
3392 5274 392 324
3392 5275 394 323
3392 5276 396 326
3392 5277 400 328
3392 5278 402 327
3392 5279 403 329
3392 5280 407 330
3392 5281 409 332
3392 5282 411 330
3392 5283 415 332
3392 5284 418 334
3392 5285 420 335
3392 5286 421 336
3392 5287 425 337
3392 5288 426 337
3392 5289 428 339
3392 5290 432 340
3392 5291 436 341
3392 5292 437 341
3392 5293 439 344
3392 5294 443 345
3392 5295 445 345
3392 5296 447 345
3392 5297 451 346
3392 5298 454 348
3392 5299 457 349
3392 5300 460 351
3392 5301 463 353
3392 5302 464 351
3392 5303 466 353
3392 5304 472 354
3392 5305 475 355
3392 5306 477 357
3392 5307 481 358
3392 5308 484 359
3392 5309 485 358
3392 5310 491 360
3392 5311 494 361
3392 5312 497 362
3392 5313 501 363
3392 5314 504 365
3392 5315 506 367
3392 5316 510 365
3392 5317 513 368
3392 5318 518 368
3392 5319 522 371
3392 5320 525 371
3392 5321 527 373
3392 5322 531 372
3392 5323 533 374
3392 5324 538 375
3392 5325 542 376
3392 5326 545 378
3392 5327 549 380
3392 5328 553 382
3392 5329 554 381
3392 5330 558 383
3392 5331 564 384
3392 5332 566 385
3392 5333 570 388
3392 5334 574 388
3392 5335 578 388
3392 5336 579 389
3392 5337 585 390
3392 5338 589 392
3392 5339 591 393
3392 5340 595 395
3392 5341 599 396
3392 5342 602 396
3392 5343 604 397
3392 5344 610 399
3392 5345 614 400
3392 5346 616 402
3392 5347 621 403
3392 5348 623 405
3392 5349 629 404
3392 5350 630 406
3392 5351 634 408
3679 5969 460 469
3679 5970 464 467
3679 5971 469 467
3679 5972 472 464
3679 5973 476 463
3679 5974 477 460
3679 5975 477 459
3679 5976 482 461
3679 5977 484 456
3679 5978 487 455
3679 5979 486 458
3679 5980 492 456
3679 5981 495 455
3679 5982 497 452
3679 5983 499 453
3679 5984 501 450
3679 5985 502 449
3679 5986 506 447
3679 5987 508 445
3679 5988 511 448
3679 5989 512 446
3679 5990 514 443
3679 5991 513 447
3679 5992 517 444
3679 5993 516 440
3683 5971 483 460
3683 5972 485 458
3683 5973 488 460
3683 5974 492 460
3683 5975 494 457
3683 5976 496 456
3683 5977 500 454
3683 5978 503 454
3683 5979 503 451
3683 5980 506 449
3683 5981 508 448
3683 5982 511 448
3683 5983 514 447
3683 5984 517 445
3683 5985 518 444
3683 5986 520 443
3683 5987 523 442
3683 5988 525 441
3683 5989 526 440
3683 5990 529 438
3683 5991 531 439
3683 5992 533 437
3683 5993 535 435
3683 5994 536 439
3683 5995 539 433
3683 5996 540 433
3683 5997 542 431
3683 5998 544 431
3683 5999 545 432
3683 6000 548 429
3683 6001 550 429
3683 6002 551 427
3683 6003 553 427
3683 6004 556 426
3683 6005 556 426
3683 6006 558 423
3683 6007 560 421
3683 6008 553 421
3763 6037 242 253
3763 6038 244 251
3763 6039 248 251
3763 6040 267 251
3763 6041 267 251
3763 6042 267 251
3763 6043 265 251
3763 6044 280 253
3763 6045 287 255
3763 6046 295 256
3763 6047 305 257
3763 6048 311 257
3763 6049 320 257
3763 6050 328 259
3763 6051 336 260
3763 6052 344 261
3763 6053 353 261
3763 6054 361 261
3763 6055 367 263
3763 6056 378 264
3763 6057 387 264
3763 6058 396 265
3763 6059 390 263
3838 6286 347 258
3838 6287 358 259
3838 6288 366 260
3838 6289 379 261
3838 6290 392 262
3838 6291 400 262
3838 6292 410 263
3838 6293 424 270
3838 6294 434 269
3838 6295 434 281
3974 6487 487 270
3974 6488 484 267
3974 6489 476 266
3974 6490 465 265
3974 6491 450 264
3974 6492 442 263
3974 6493 429 262
3974 6494 414 261
3974 6495 403 260
3974 6496 391 259
3974 6497 378 258
3974 6498 363 257
3974 6499 355 256
3974 6500 340 255
3974 6501 329 254
3974 6502 320 253
3974 6503 308 252
3982 6495 236 295
3982 6496 228 285
3982 6497 228 283
3982 6498 231 288
3982 6499 231 289
3982 6500 233 289
3982 6501 236 288
3982 6502 236 290
3982 6503 238 288
3982 6504 244 289
3982 6505 249 295
3982 6506 251 295
3982 6507 253 295
3982 6508 254 297
3982 6509 258 299
3982 6510 257 297
3982 6511 257 295
3982 6512 261 295
3982 6513 260 297
3982 6514 265 300
3982 6515 265 299
3982 6516 264 298
3982 6517 267 299
3982 6518 270 301
3982 6519 272 301
3982 6520 273 303
3982 6521 274 301
3982 6522 275 299
3982 6523 277 299
3982 6524 280 301
3982 6525 281 300
3982 6526 282 302
3982 6527 284 302
3982 6528 287 304
3982 6529 288 306
3982 6530 290 305
3982 6531 292 304
3982 6532 295 305
3982 6533 295 305
3982 6534 297 305
3982 6535 299 303
3982 6536 300 309
3982 6537 303 313
4172 6627 468 261
4172 6628 457 260
4172 6629 447 260
4172 6630 440 259
4172 6631 428 259
4172 6632 418 258
4172 6633 410 257
4172 6634 400 256
4172 6635 392 255
4172 6636 384 254
4172 6637 375 253
4172 6638 365 253
4172 6639 359 252
4172 6640 352 252
4172 6641 343 250
4172 6642 336 251
4172 6643 329 250
4172 6644 323 249
4172 6645 316 249
4172 6646 310 248
4172 6647 304 248
4172 6648 296 248
4172 6649 291 247
4172 6650 286 247
4172 6651 279 247
4172 6652 274 247
4172 6653 268 246
4172 6654 262 247
4172 6655 258 247
4172 6656 252 248
4172 6657 246 248
4172 6658 238 250
4172 6659 237 248
4172 6660 236 248
4234 6666 198 253
4234 6667 198 254
4234 6668 193 255
4234 6669 189 256
4234 6670 185 257
4234 6671 182 258
4234 6672 178 259
4234 6673 176 260
4234 6674 172 261
4234 6675 168 261
4234 6676 166 263
4234 6677 162 263
4234 6678 159 267
4234 6679 157 267
4234 6680 154 268
4234 6681 152 269
4234 6682 150 269
4234 6683 147 272
4234 6684 144 274
4234 6685 142 275
4234 6686 138 277
4234 6687 136 278
4234 6688 131 280
4234 6689 129 279
4234 6690 126 283
4234 6691 122 285
4234 6692 119 286
4234 6693 115 288
4234 6694 110 290
4234 6695 107 292
4234 6696 103 294
4234 6697 98 296
4234 6698 93 297
4234 6699 88 301
4234 6700 84 303
4234 6701 80 304
4234 6702 74 306
4234 6703 70 309
4234 6704 65 311
4234 6705 59 314
4234 6706 55 317
4234 6707 50 318
4234 6708 44 320
4234 6709 38 323
4234 6710 33 326
4234 6711 28 327
4234 6712 22 331
4234 6713 18 334
4234 6714 16 335
4234 6715 13 335
4234 6716 9 339
4234 6717 7 341
4234 6718 4 338
4234 6719 9 337
4234 6720 5 332
4234 6721 4 340
4241 6675 190 249
4241 6676 186 252
4241 6677 182 255
4241 6678 178 252
4241 6679 175 254
4241 6680 169 257
4241 6681 166 256
4241 6682 166 257
4241 6683 162 264
4241 6684 161 261
4241 6685 157 267
4241 6686 153 261
4241 6687 150 264
4241 6688 147 266
4241 6689 145 268
4241 6690 141 274
4241 6691 142 283
4241 6692 139 285
4241 6693 136 287
4241 6694 132 289
4250 6692 135 271
4250 6693 131 275
4250 6694 126 276
4250 6695 124 283
4250 6696 120 279
4250 6697 115 281
4250 6698 111 286
4250 6699 107 290
4250 6700 104 288
4250 6701 99 294
4250 6702 93 292
4250 6703 90 292
4250 6704 84 300
4250 6705 80 297
4250 6706 75 305
4250 6707 70 302
4250 6708 65 304
4250 6709 60 307
4250 6710 57 309
4250 6711 51 312
4250 6712 45 318
4250 6713 39 320
4250 6714 36 318
4250 6715 31 321
4250 6716 26 319
4250 6717 17 326
4250 6718 15 330
4315 6834 156 255
4315 6835 158 254
4315 6836 159 255
4315 6837 160 256
4315 6838 161 257
4315 6839 162 258
4315 6840 162 260
4315 6841 162 261
4315 6842 162 262
4315 6843 162 264
4315 6844 161 265
4315 6845 161 266
4315 6846 160 263
4315 6847 159 264
4315 6848 158 266
4315 6849 156 267
4315 6850 154 269
4315 6851 153 270
4315 6852 150 272
4315 6853 145 274
4315 6854 143 276
4315 6855 139 277
4315 6856 134 280
4315 6857 131 283
4315 6858 126 286
4315 6859 122 289
4315 6860 117 291
4320 6850 242 250
4320 6851 247 250
4320 6852 256 253
4320 6853 268 253
4320 6854 276 255
4320 6855 285 255
4320 6856 301 256
4320 6857 311 256
4320 6858 320 258
4320 6859 337 259
4320 6860 351 260
4320 6861 360 261
4320 6862 372 262
4320 6863 369 267
4320 6864 378 266
4479 7033 172 290
4479 7034 171 291
4479 7035 173 292
4479 7036 173 292
4479 7037 175 292
4479 7038 176 292
4479 7039 179 293
4479 7040 180 293
4479 7041 181 293
4479 7042 184 294
4479 7043 184 296
4479 7044 185 295
4479 7045 186 297
4479 7046 187 298
4479 7047 188 300
4479 7048 190 299
4479 7049 192 297
4479 7050 193 301
4479 7051 193 302
4479 7052 194 304
4479 7053 194 302
4479 7054 195 304
4479 7055 196 305
4479 7056 199 304
4479 7057 198 304
4479 7058 198 306
4479 7059 199 307
4479 7060 201 305
4479 7061 201 305
4479 7062 202 309
4479 7063 204 311
4479 7064 206 309
4479 7065 204 311
4479 7066 206 312
4479 7067 209 313
4479 7068 207 313
4479 7069 211 314
4479 7070 211 315
4479 7071 213 313
4479 7072 216 313
4479 7073 216 317
4479 7074 219 317
4479 7075 220 316
4479 7076 221 316
4479 7077 224 320
4479 7078 225 318
4479 7079 228 316
4479 7080 230 320
4479 7081 231 321
4479 7082 232 322
4479 7083 234 320
4479 7084 236 320
4479 7085 238 322
4479 7086 240 324
4479 7087 243 321
4479 7088 245 325
4479 7089 246 324
4479 7090 248 325
4479 7091 250 326
4479 7092 252 326
4479 7093 255 328
4479 7094 257 325
4479 7095 260 329
4479 7096 262 333
4479 7097 263 331
4479 7098 265 329
4479 7099 268 331
4479 7100 270 332
4479 7101 273 331
4479 7102 275 332
4479 7103 278 332
4479 7104 279 334
4479 7105 282 334
4479 7106 284 334
4479 7107 287 335
4479 7108 289 336
4479 7109 292 334
4479 7110 295 338
4479 7111 297 337
4479 7112 299 338
4479 7113 302 338
4479 7114 305 341
4479 7115 306 341
4479 7116 308 340
4479 7117 312 341
4479 7118 314 342
4479 7119 317 343
4479 7120 318 343
4479 7121 322 344
4479 7122 325 345
4479 7123 328 344
4479 7124 332 346
4479 7125 333 348
4479 7126 335 348
4479 7127 338 349
4479 7128 341 349
4479 7129 342 350
4479 7130 344 348
4498 7130 345 354
4498 7131 349 351
4498 7132 352 349
4498 7133 356 353
4498 7134 356 353
4498 7135 360 354
4498 7136 362 355
4498 7137 365 356
4498 7138 368 356
4498 7139 371 353
4498 7140 374 357
4498 7141 375 359
4498 7142 377 359
4498 7143 382 359
4498 7144 383 360
4498 7145 388 362
4498 7146 391 362
4498 7147 394 362
4498 7148 397 364
4498 7149 397 364
4498 7150 402 365
4498 7151 405 365
4498 7152 410 366
4498 7153 414 367
4498 7154 415 367
4498 7155 418 368
4498 7156 422 369
4498 7157 424 370
4498 7158 429 369
4498 7159 429 371
4498 7160 433 371
4498 7161 437 370
4498 7162 441 373
4498 7163 443 375
4498 7164 446 375
4498 7165 451 375
4498 7166 453 375
4498 7167 455 376
4498 7168 459 377
4498 7169 463 378
4498 7170 466 379
4498 7171 469 380
4498 7172 472 380
4498 7173 475 380
4498 7174 477 381
4498 7175 482 382
4498 7176 486 383
4498 7177 489 384
4498 7178 492 386
4498 7179 496 386
4498 7180 498 386
4498 7181 500 387
4498 7182 503 388
4498 7183 507 388
4498 7184 511 389
4498 7185 514 391
4498 7186 518 392
4498 7187 519 391
4498 7188 523 393
4498 7189 527 393
4498 7190 531 394
4498 7191 533 392
4498 7192 537 394
4498 7193 539 396
4498 7194 542 396
4498 7195 546 396
4498 7196 549 395
4498 7197 551 396
4498 7198 556 398
4498 7199 560 400
4498 7200 563 401
4498 7201 568 401
4498 7202 571 399
4498 7203 574 402
4498 7204 576 403
4498 7205 580 400
4498 7206 583 401
4498 7207 585 404
4498 7208 587 405
4498 7209 593 403
4498 7210 595 404
4498 7211 598 406
4498 7212 602 407
4498 7213 605 407
4498 7214 608 405
4498 7215 611 409
4498 7216 614 410
4498 7217 617 408
4498 7218 621 408
4498 7219 624 410
4498 7220 625 412
4498 7221 630 413
4498 7222 634 410
4498 7223 635 416
4511 7188 3 344
4511 7189 5 343
4511 7190 6 343
4511 7191 8 342
4511 7192 10 342
4511 7193 13 342
4511 7194 15 342
4511 7195 18 339
4511 7196 20 341
4511 7197 24 341
4511 7198 26 341
4511 7199 29 336
4511 7200 31 337
4511 7201 34 337
4511 7202 36 338
4511 7203 38 333
4511 7204 41 336
4511 7205 44 333
4511 7206 46 333
4511 7207 47 332
4511 7208 49 329
4511 7209 51 331
4511 7210 54 329
4511 7211 57 327
4511 7212 58 326
4511 7213 59 326
4511 7214 62 325
4511 7215 64 325
4511 7216 67 323
4511 7217 69 325
4511 7218 71 324
4511 7219 73 321
4511 7220 75 320
4511 7221 77 322
4511 7222 79 322
4511 7223 81 321
4511 7224 84 316
4511 7225 86 321
4511 7226 86 327
4524 7226 88 315
4524 7227 89 314
4524 7228 92 313
4524 7229 94 314
4524 7230 96 313
4524 7231 98 311
4524 7232 100 311
4524 7233 102 312
4524 7234 103 312
4524 7235 105 311
4524 7236 107 309
4524 7237 109 310
4524 7238 109 307
4524 7239 111 308
4524 7240 113 304
4524 7241 115 307
4524 7242 117 305
4524 7243 118 302
4524 7244 120 305
4524 7245 122 303
4524 7246 125 302
4524 7247 125 303
4524 7248 127 299
4524 7249 129 300
4524 7250 132 299
4524 7251 133 297
4524 7252 134 299
4524 7253 137 296
4524 7254 136 297
4524 7255 140 296
4524 7256 142 292
4524 7257 145 295
4524 7258 145 293
4524 7259 146 293
4524 7260 148 291
4524 7261 150 291
4524 7262 151 291
4524 7263 153 287
4524 7264 154 287
4524 7265 156 290
4524 7266 157 289
4524 7267 158 289
4524 7268 159 286
4524 7269 161 286
4524 7270 162 285
4524 7271 163 285
4524 7272 164 285
4552 7320 269 271
4552 7321 269 267
4552 7322 272 265
4552 7323 274 266
4552 7324 277 265
4552 7325 277 267
4552 7326 280 265
4552 7327 283 265
4552 7328 286 266
4552 7329 287 266
4552 7330 290 265
4552 7331 293 265
4552 7332 296 265
4552 7333 297 264
4552 7334 299 264
4552 7335 303 265
4552 7336 306 265
4552 7337 307 264
4552 7338 308 263
4552 7339 311 264
4552 7340 314 264
4552 7341 315 264
4552 7342 317 262
4552 7343 320 263
4552 7344 322 263
4552 7345 323 263
4552 7346 325 263
4552 7347 328 263
4552 7348 332 263
4552 7349 332 262
4552 7350 334 263
4552 7351 337 262
4552 7352 339 262
4552 7353 340 262
4552 7354 343 263
4552 7355 345 262
4552 7356 348 263
4552 7357 348 262
4552 7358 350 262
4552 7359 352 259
4552 7360 354 259
4552 7361 357 262
4552 7362 359 262
4552 7363 361 260
4552 7364 364 261
4552 7365 366 262
4552 7366 367 261
4552 7367 371 261
4552 7368 372 262
4552 7369 373 262
4552 7370 376 260
4552 7371 379 260
4552 7372 381 261
4552 7373 381 260
4552 7374 384 260
4552 7375 387 259
4552 7376 389 261
4552 7377 390 261
4552 7378 393 259
4552 7379 395 261
4552 7380 398 260
4552 7381 398 260
4552 7382 401 259
4552 7383 403 259
4552 7384 406 259
4552 7385 408 259
4552 7386 409 256
4552 7387 411 258
4552 7388 412 254
4700 7551 411 402
4700 7552 410 397
4700 7553 408 398
4700 7554 405 401
4700 7555 402 401
4700 7556 399 400
4700 7557 400 400
4700 7558 395 408
4700 7559 393 416
4700 7560 392 407
4700 7561 390 410
4700 7562 385 415
4700 7563 382 414
4700 7564 379 412
4700 7565 378 418
4700 7566 375 418
4700 7567 373 423
4700 7568 370 423
4700 7569 367 426
4700 7570 364 427
4700 7571 359 424
4700 7572 355 430
4700 7573 352 435
4700 7574 349 434
4700 7575 344 440
4700 7576 346 433
4700 7577 340 436
4700 7578 340 438
4735 7576 340 451
4735 7577 345 449
4735 7578 340 451
4735 7579 333 456
4735 7580 329 450
4735 7581 326 450
4735 7582 322 451
4735 7583 318 451
4735 7584 312 456
4735 7585 312 457
4735 7586 308 458
4735 7587 302 461
4735 7588 298 463
4735 7589 295 465
4735 7590 291 466
4735 7591 289 465
4735 7592 282 467
4735 7593 277 468
4735 7594 273 470
4735 7595 269 469
4735 7596 263 471
4735 7597 258 472
4783 7606 566 460
4783 7607 563 458
4783 7608 558 458
4783 7609 555 457
4783 7610 553 456
4783 7611 549 455
4783 7612 545 453
4783 7613 544 453
4783 7614 540 451
4783 7615 538 449
4783 7616 535 449
4783 7617 531 449
4783 7618 528 447
4783 7619 524 445
4783 7620 523 445
4783 7621 520 444
4783 7622 518 444
4783 7623 515 441
4783 7624 512 441
4783 7625 508 440
4783 7626 506 439
4783 7627 503 438
4783 7628 500 438
4783 7629 499 436
4783 7630 495 435
4783 7631 492 433
4783 7632 490 432
4783 7633 487 431
4783 7634 484 431
4783 7635 481 430
4783 7636 480 428
4783 7637 476 428
4783 7638 474 429
4783 7639 471 425
4783 7640 468 423
4783 7641 466 423
4783 7642 463 422
4783 7643 459 421
4783 7644 456 420
4932 7690 157 296
4932 7691 157 292
4932 7692 158 284
4932 7693 160 290
4932 7694 160 293
4932 7695 160 289
4932 7696 162 288
4932 7697 162 290
4932 7698 163 290
4932 7699 165 287
4932 7700 166 290
4932 7701 167 289
4932 7702 166 292
4932 7703 168 290
4932 7704 169 289
4932 7705 173 291
4932 7706 173 291
4932 7707 174 289
4932 7708 175 291
4932 7709 176 292
4932 7710 177 292
4932 7711 178 292
4932 7712 181 294
4932 7713 181 292
4932 7714 182 293
4932 7715 183 293
4932 7716 183 296
4932 7717 185 295
4932 7718 185 296
4932 7719 188 297
4932 7720 189 297
4932 7721 190 300
4932 7722 190 301
4932 7723 191 301
4932 7724 191 302
4932 7725 192 298
4932 7726 194 302
4932 7727 194 302
4932 7728 195 301
4932 7729 197 299
4932 7730 197 305
4932 7731 199 304
4932 7732 199 307
4932 7733 201 307
4932 7734 202 307
4932 7735 203 308
4932 7736 204 305
4932 7737 205 309
4932 7738 206 305
4932 7739 206 312
4932 7740 207 311
4932 7741 207 308
4932 7742 208 311
4932 7743 209 315
4932 7744 210 312
4932 7745 211 317
4932 7746 212 315
4932 7747 213 316
5199 7857 294 427
5199 7858 297 426
5199 7859 300 426
5199 7860 303 426
5199 7861 303 424
5199 7862 306 432
5199 7863 308 434
5199 7864 309 433
5199 7865 312 435
5199 7866 315 439
5199 7867 314 437
5199 7868 316 438
5199 7869 321 438
5199 7870 323 441
5199 7871 323 444
5199 7872 328 442
5199 7873 331 444
5199 7874 331 446
5199 7875 333 448
5199 7876 333 449
5199 7877 338 447
5199 7878 339 447
5199 7879 343 453
5199 7880 345 456
5199 7881 348 455
5199 7882 348 458
5199 7883 349 458
5199 7884 347 455
5312 8048 404 261
5312 8049 394 260
5312 8050 386 260
5312 8051 384 257
5312 8052 374 256
5312 8053 368 255
5312 8054 359 255
5312 8055 349 254
5312 8056 340 253
5312 8057 332 253
5312 8058 325 252
5312 8059 315 251
5312 8060 307 251
5312 8061 300 250
5312 8062 291 250
5312 8063 278 252
5312 8064 278 247
5312 8065 268 247
5312 8066 260 248
5312 8067 253 247
5312 8068 246 246
5431 8242 255 335
5431 8243 256 334
5431 8244 258 334
5431 8245 260 331
5431 8246 261 326
5431 8247 262 332
5431 8248 264 333
5431 8249 267 331
5431 8250 268 335
5431 8251 269 336
5431 8252 271 338
5431 8253 272 341
5431 8254 274 342
5431 8255 275 343
5431 8256 275 341
5431 8257 278 339
5431 8258 279 344
5431 8259 281 341
5431 8260 282 343
5431 8261 283 340
5431 8262 285 343
5431 8263 286 349
5431 8264 286 347
5431 8265 288 345
5431 8266 290 345
5431 8267 291 346
5431 8268 291 346
5431 8269 294 347
5431 8270 295 354
5431 8271 296 349
5431 8272 297 348
5431 8273 300 349
5431 8274 301 352
5431 8275 303 353
5431 8276 305 351
5431 8277 307 351
5431 8278 309 354
5431 8279 310 356
5431 8280 311 359
5484 8303 243 252
5484 8304 246 252
5484 8305 254 253
5484 8306 265 256
5484 8307 273 256
5484 8308 285 256
5484 8309 297 257
5484 8310 309 257
5484 8311 318 258
5484 8312 331 259
5484 8313 344 260
5484 8314 353 260
5484 8315 366 262
5484 8316 380 264
5484 8317 388 265
5484 8318 402 265
5484 8319 391 265
5484 8320 389 265
5484 8321 398 260
5484 8322 399 260
5614 8403 37 411
5614 8404 38 409
5614 8405 42 409
5614 8406 44 409
5614 8407 50 409
5614 8408 51 409
5614 8409 52 407
5614 8410 55 405
5614 8411 63 405
5614 8412 65 404
5614 8413 65 399
5614 8414 68 400
5614 8415 74 400
5614 8416 76 399
5614 8417 79 398
5614 8418 83 399
5614 8419 87 398
5614 8420 88 398
5614 8421 91 396
5614 8422 96 398
5614 8423 100 398
5614 8424 102 396
5614 8425 105 395
5614 8426 111 396
5614 8427 114 396
5614 8428 115 394
5614 8429 118 394
5614 8430 125 395
5614 8431 126 394
5614 8432 128 393
5614 8433 131 393
5614 8434 136 393
5614 8435 140 392
5614 8436 141 391
5614 8437 144 390
5614 8438 150 392
5614 8439 153 392
5614 8440 153 390
5614 8441 157 390
5614 8442 163 390
5614 8443 167 389
5614 8444 166 387
5614 8445 171 390
5614 8446 176 389
5614 8447 178 388
5614 8448 180 387
5614 8449 184 388
5614 8450 189 388
5614 8451 193 387
5614 8452 192 386
5614 8453 196 386
5614 8454 201 388
5614 8455 204 386
5614 8456 206 385
5614 8457 209 387
5614 8458 214 387
5614 8459 216 386
5614 8460 218 386
5614 8461 222 387
5614 8462 228 387
5614 8463 227 386
5614 8464 232 386
5614 8465 238 386
5614 8466 241 387
5614 8467 242 386
5614 8468 247 385
5614 8469 252 386
5614 8470 253 386
5614 8471 255 385
5614 8472 260 382
5614 8473 264 386
5614 8474 269 385
5614 8475 269 384
5614 8476 273 383
5614 8477 278 384
5614 8478 280 384
5614 8479 281 382
5614 8480 286 382
5614 8481 290 383
5614 8482 293 383
5614 8483 294 382
5614 8484 299 380
5614 8485 304 382
5614 8486 308 382
5614 8487 308 381
5614 8488 313 379
5614 8489 317 380
5614 8490 318 380
5614 8491 321 379
5614 8492 324 378
5614 8493 329 379
5614 8494 333 379
5614 8495 332 378
5614 8496 337 377
5614 8497 341 377
5614 8498 343 377
5614 8499 347 375
5614 8500 351 376
5614 8501 354 376
5614 8502 355 375
5614 8503 359 374
5614 8504 362 375
5614 8505 365 374
5614 8506 368 373
5614 8507 372 371
5614 8508 375 373
5614 8509 377 372
5614 8510 380 371
5614 8511 385 369
5614 8512 386 371
5614 8513 389 370
5614 8514 392 369
5614 8515 395 367
5614 8516 400 369
5614 8517 403 369
5614 8518 404 368
5614 8519 408 365
5614 8520 411 368
5614 8521 412 368
5614 8522 415 365
5614 8523 419 367
5614 8524 423 367
5614 8525 422 367
5614 8526 427 365
5614 8527 427 363
5614 8528 428 363
5624 8419 124 289
5624 8420 118 292
5624 8421 113 295
5624 8422 107 297
5624 8423 101 300
5624 8424 96 303
5624 8425 88 306
5624 8426 82 309
5624 8427 77 312
5624 8428 70 316
5624 8429 61 320
5624 8430 52 323
5624 8431 47 326
5624 8432 45 335
5624 8433 51 335
5624 8434 45 339
5624 8435 37 341
5624 8436 28 344
5624 8437 22 347
5624 8438 14 351
5666 8472 463 475
5666 8473 463 473
5666 8474 468 473
5666 8475 470 475
5666 8476 475 474
5666 8477 480 473
5666 8478 483 472
5666 8479 485 471
5666 8480 491 471
5666 8481 494 471
5666 8482 497 471
5666 8483 499 470
5666 8484 506 469
5666 8485 510 469
5666 8486 513 471
5666 8487 516 470
5666 8488 522 468
5666 8489 524 469
5666 8490 526 469
5666 8491 531 467
5666 8492 536 468
5666 8493 540 466
5666 8494 543 468
5666 8495 548 468
5666 8496 551 466
5666 8497 553 466
5666 8498 559 466
5666 8499 559 464
5666 8500 564 464
5666 8501 567 464
5666 8502 572 463
5666 8503 575 462
5666 8504 576 462
5666 8505 571 461
5666 8506 575 461
5755 8542 172 265
5755 8543 176 260
5755 8544 172 263
5755 8545 167 258
5755 8546 166 265
5755 8547 162 267
5755 8548 159 268
5755 8549 156 270
5755 8550 151 271
5755 8551 145 273
5755 8552 143 275
5755 8553 138 277
5755 8554 132 279
5755 8555 127 281
5755 8556 122 283
5755 8557 116 286
5755 8558 111 288
5755 8559 105 291
5755 8560 97 293
5755 8561 92 296
5755 8562 86 299
5755 8563 80 302
5755 8564 73 305
5755 8565 66 307
5755 8566 61 310
5755 8567 53 313
5755 8568 46 316
5755 8569 40 319
5755 8570 31 324
5755 8571 23 327
5755 8572 17 331
5755 8573 14 330
5755 8574 10 334
5755 8575 5 333
5768 8551 158 264
5768 8552 166 274
5768 8553 162 269
5768 8554 158 277
5768 8555 154 279
5768 8556 147 282
5768 8557 140 284
5768 8558 137 285
5768 8559 131 288
5768 8560 124 291
5768 8561 118 295
5768 8562 115 296
5768 8563 108 299
5768 8564 100 301
5768 8565 96 304
5768 8566 89 304
5768 8567 83 309
5768 8568 77 312
5768 8569 71 316
5768 8570 63 319
5768 8571 53 323
5768 8572 49 326
5768 8573 40 330
5768 8574 32 327
5768 8575 27 337
5768 8576 20 334
5768 8577 11 337
5768 8578 6 334
6123 9181 316 257
6123 9182 325 258
6123 9183 340 259
6123 9184 349 260
6123 9185 363 261
6123 9186 377 262
6123 9187 389 264
6123 9188 398 265
6123 9189 413 266
6123 9190 428 266
6123 9191 445 267
6123 9192 452 268
6123 9193 453 267
6123 9194 473 271
6123 9195 481 271
6123 9196 486 268
6193 9393 246 256
6193 9394 252 257
6193 9395 262 258
6193 9396 272 258
6193 9397 279 259
6193 9398 289 260
6193 9399 301 260
6193 9400 308 260
6193 9401 319 262
6193 9402 331 263
6193 9403 343 263
6193 9404 349 264
6193 9405 363 265
6193 9406 375 266
6193 9407 384 268
6193 9408 396 268
6193 9409 408 270
6193 9410 419 269
6193 9411 430 271
6193 9412 442 272
6193 9413 455 273
6193 9414 463 274
6193 9415 475 275
6273 9570 82 323
6273 9571 81 323
6273 9572 78 321
6273 9573 78 321
6273 9574 76 325
6273 9575 74 325
6273 9576 72 327
6273 9577 71 324
6273 9578 68 326
6273 9579 67 324
6273 9580 65 326
6273 9581 64 329
6273 9582 62 329
6273 9583 61 327
6273 9584 59 330
6273 9585 56 330
6273 9586 55 331
6273 9587 53 331
6273 9588 52 333
6273 9589 51 334
6273 9590 50 337
6273 9591 48 336
6273 9592 47 337
6273 9593 45 335
6273 9594 43 338
6273 9595 41 336
6273 9596 41 337
6273 9597 40 339
6273 9598 37 337
6273 9599 36 337
6273 9600 35 339
6273 9601 33 341
6273 9602 33 339
6273 9603 31 338
6273 9604 30 342
6273 9605 29 343
6273 9606 27 346
6273 9607 24 345
6273 9608 23 346
6273 9609 23 344
6273 9610 23 345
6273 9611 19 345
6273 9612 17 345
6273 9613 17 348
6273 9614 15 347
6273 9615 14 348
6273 9616 12 349
6273 9617 11 350
6273 9618 8 349
6273 9619 7 350
6273 9620 5 350
6273 9621 4 351
6351 9648 199 256
6351 9649 196 257
6351 9650 194 257
6351 9651 193 255
6351 9652 193 255
6351 9653 189 257
6351 9654 186 258
6351 9655 179 263
6351 9656 175 263
6351 9657 175 261
6351 9658 170 261
6351 9659 167 262
6351 9660 169 262
6351 9661 161 263
6351 9662 156 266
6351 9663 153 265
6351 9664 156 267
6351 9665 148 267
6351 9666 144 271
6351 9667 147 270
6351 9668 143 271
6351 9669 142 272
6351 9670 139 273
6351 9671 133 274
6351 9672 134 276
6351 9673 131 278
6351 9674 128 278
6351 9675 124 281
6351 9676 118 282
6351 9677 118 284
6351 9678 114 285
6351 9679 117 285
6416 9774 296 381
6416 9775 294 376
6416 9776 293 381
6416 9777 290 380
6416 9778 289 380
6416 9779 286 384
6416 9780 286 386
6416 9781 285 383
6416 9782 282 386
6416 9783 280 388
6416 9784 278 388
6416 9785 276 391
6416 9786 276 396
6416 9787 273 392
6416 9788 273 396
6416 9789 270 397
6416 9790 269 394
6416 9791 266 396
6416 9792 264 398
6416 9793 262 402
6416 9794 260 401
6416 9795 257 405
6416 9796 256 406
6416 9797 254 407
6416 9798 252 405
6416 9799 248 410
6416 9800 247 411
6416 9801 245 413
6416 9802 242 412
6416 9803 241 409
6433 9821 199 450
6433 9822 198 443
6433 9823 194 445
6433 9824 192 442
6433 9825 189 447
6433 9826 188 443
6433 9827 185 448
6433 9828 181 448
6433 9829 178 450
6433 9830 177 446
6433 9831 174 449
6433 9832 171 455
6433 9833 169 455
6433 9834 167 459
6433 9835 162 462
6433 9836 162 462
6433 9837 158 462
6433 9838 155 459
6433 9839 154 466
6433 9840 152 463
6433 9841 148 467
6433 9842 144 468
6433 9843 142 469
6433 9844 139 470
6433 9845 135 470
6433 9846 137 472
6463 9977 489 268
6463 9978 483 266
6463 9979 480 265
6463 9980 473 264
6463 9981 461 264
6463 9982 449 263
6463 9983 442 262
6463 9984 429 261
6463 9985 420 260
6463 9986 411 259
6463 9987 400 258
6463 9988 389 258
6463 9989 383 257
6463 9990 369 257
6463 9991 357 256
6463 9992 347 260
6463 9993 339 254
6463 9994 330 255
6463 9995 318 253
6463 9996 311 252
6463 9997 299 251
6463 9998 291 250
6463 9999 283 249
6463 10000 274 249
6463 10001 265 248
6463 10002 257 247
6463 10003 256 247
6492 10027 466 279
6492 10028 464 281
6492 10029 462 281
6492 10030 459 283
6492 10031 458 282
6492 10032 457 284
6492 10033 454 284
6492 10034 453 285
6492 10035 452 283
6492 10036 448 283
6492 10037 447 283
6492 10038 445 284
6492 10039 445 286
6492 10040 443 285
6492 10041 442 284
6492 10042 439 286
6492 10043 438 286
6492 10044 436 287
6492 10045 434 286
6492 10046 432 288
6492 10047 430 287
6492 10048 429 286
6492 10049 426 288
6492 10050 426 288
6492 10051 428 282
6492 10052 421 285
6492 10053 419 289
6492 10054 418 289
6492 10055 418 286
6492 10056 415 286
6492 10057 411 290
6492 10058 412 290
6492 10059 410 289
6492 10060 408 286
6492 10061 407 286
6492 10062 405 289
6492 10063 402 286
6492 10064 400 291
6492 10065 399 288
6492 10066 399 288
6492 10067 397 292
6492 10068 395 289
6492 10069 394 288
6492 10070 392 288
6492 10071 390 289
6492 10072 389 289
6492 10073 387 290
6492 10074 386 289
6492 10075 384 289
6492 10076 383 288
6492 10077 381 292
6492 10078 381 290
6492 10079 378 289
6492 10080 376 289
6492 10081 374 291
6492 10082 372 291
6492 10083 371 291
6492 10084 370 287
6492 10085 368 292
6492 10086 366 293
6492 10087 363 292
6492 10088 363 291
6492 10089 360 293
6492 10090 359 293
6492 10091 357 292
6492 10092 356 292
6492 10093 354 294
6492 10094 353 293
6492 10095 350 296
6492 10096 349 296
6492 10097 347 294
6492 10098 346 294
6492 10099 343 294
6492 10100 342 296
6492 10101 340 296
6492 10102 339 296
6492 10103 335 296
6492 10104 335 299
6492 10105 331 297
6492 10106 330 297
6492 10107 329 297
6492 10108 328 298
6492 10109 326 298
6492 10110 323 297
6492 10111 322 298
6492 10112 318 302
6492 10113 316 298
6492 10114 315 298
6492 10115 313 300
6492 10116 310 299
6492 10117 308 299
6492 10118 306 299
6492 10119 304 300
6492 10120 302 299
6492 10121 300 299
6492 10122 298 300
6492 10123 295 301
6492 10124 293 299
6492 10125 290 301
6492 10126 289 301
6492 10127 286 300
6492 10128 285 299
6492 10129 282 299
6492 10130 284 298
6524 10058 487 269
6524 10059 482 265
6524 10060 476 265
6524 10061 469 264
6524 10062 456 263
6524 10063 442 261
6524 10064 434 259
6524 10065 421 259
6524 10066 416 259
6524 10067 401 258
6524 10068 387 257
6524 10069 375 256
6524 10070 362 255
6524 10071 366 255
6578 10102 428 263
6578 10103 423 259
6578 10104 411 258
6578 10105 398 258
6578 10106 382 257
6578 10107 373 256
6578 10108 359 254
6578 10109 346 253
6578 10110 333 253
6578 10111 325 252
6578 10112 312 251
6578 10113 299 249
6578 10114 301 254
6585 10112 430 349
6585 10113 429 351
6585 10114 435 349
6585 10115 438 348
6585 10116 437 344
6585 10117 438 346
6585 10118 435 351
6585 10119 440 356
6585 10120 441 357
6585 10121 444 355
6585 10122 446 359
6585 10123 450 360
6585 10124 452 359
6585 10125 452 357
6585 10126 457 362
6585 10127 458 365
6585 10128 461 362
6585 10129 463 361
6585 10130 467 365
6585 10131 468 365
6585 10132 470 364
6585 10133 474 365
6585 10134 477 367
6585 10135 479 368
6585 10136 482 365
6585 10137 483 364
6585 10138 488 369
6585 10139 487 371
6585 10140 492 368
6585 10141 494 366
6585 10142 495 374
6585 10143 496 375
6585 10144 499 377
6585 10145 500 373
6585 10146 502 378
6585 10147 503 376
6585 10148 504 376
6585 10149 506 376
6585 10150 509 378
6585 10151 508 375
6585 10152 508 379
6611 10144 444 374
6611 10145 447 371
6611 10146 450 367
6611 10147 451 370
6611 10148 453 373
6611 10149 456 374
6611 10150 458 379
6611 10151 460 374
6611 10152 463 374
6611 10153 465 376
6611 10154 467 373
6611 10155 469 372
6611 10156 471 377
6611 10157 473 380
6611 10158 475 374
6611 10159 478 379
6611 10160 481 375
6611 10161 482 377
6611 10162 485 377
6611 10163 487 379
6611 10164 489 380
6611 10165 491 382
6611 10166 494 385
6611 10167 495 381
6611 10168 498 384
6611 10169 500 385
6611 10170 502 389
6611 10171 505 389
6611 10172 506 388
6611 10173 506 391
6611 10174 507 387
6611 10175 508 388
6611 10176 510 390
6611 10177 511 392
6611 10178 513 394
6611 10179 515 391
6611 10180 516 389
6611 10181 516 390
6611 10182 518 395
6611 10183 520 401
6766 10283 13 460
6766 10284 18 456
6766 10285 21 454
6766 10286 23 456
6766 10287 25 455
6766 10288 27 454
6766 10289 29 451
6766 10290 30 450
6766 10291 32 448
6766 10292 34 445
6766 10293 37 444
6766 10294 38 444
6766 10295 41 444
6766 10296 43 439
6766 10297 44 437
6766 10298 46 438
6766 10299 48 436
6766 10300 50 436
6766 10301 52 432
6766 10302 54 431
6766 10303 57 430
6766 10304 58 430
6766 10305 60 426
6766 10306 62 423
6766 10307 64 425
6766 10308 65 425
6766 10309 67 421
6766 10310 67 425
6800 10310 69 415
6800 10311 71 419
6800 10312 73 417
6800 10313 74 416
6800 10314 75 415
6800 10315 77 416
6800 10316 78 414
6800 10317 80 412
6800 10318 81 408
6800 10319 83 408
6800 10320 85 409
6800 10321 87 407
6800 10322 89 405
6800 10323 90 405
6800 10324 92 405
6800 10325 93 400
6800 10326 96 400
6800 10327 97 399
6800 10328 100 399
6800 10329 101 397
6800 10330 103 396
6800 10331 106 393
6800 10332 106 395
6800 10333 108 391
6800 10334 110 390
6800 10335 112 391
6800 10336 113 388
6800 10337 115 386
6800 10338 116 386
6800 10339 114 385
6825 10341 304 256
6825 10342 317 257
6825 10343 331 255
6825 10344 339 259
6825 10345 353 260
6825 10346 367 261
6825 10347 375 262
6825 10348 391 263
6825 10349 405 264
6825 10350 420 266
6825 10351 429 267
6825 10352 444 268
6825 10353 459 270
6825 10354 468 270
6825 10355 477 271
6825 10356 484 269
7081 10868 175 475
7081 10869 179 475
7081 10870 182 475
7081 10871 188 474
7081 10872 191 473
7081 10873 196 472
7081 10874 201 472
7081 10875 207 473
7081 10876 210 473
7081 10877 215 472
7081 10878 219 471
7081 10879 223 471
7081 10880 228 471
7081 10881 234 470
7081 10882 239 469
7081 10883 244 469
7081 10884 247 469
7081 10885 252 469
7081 10886 255 468
7081 10887 261 467
7081 10888 266 468
7081 10889 270 467
7081 10890 273 466
7081 10891 277 466
7081 10892 283 466
7081 10893 286 466
7081 10894 290 466
7081 10895 295 465
7081 10896 299 464
7081 10897 308 464
7081 10898 309 464
7081 10899 314 463
7081 10900 321 463
7081 10901 326 463
7081 10902 328 463
7081 10903 334 463
7081 10904 338 459
7081 10905 342 462
7081 10906 349 462
7081 10907 349 460
7081 10908 353 461
7081 10909 359 461
7081 10910 366 461
7081 10911 368 461
7081 10912 370 459
7081 10913 378 455
7081 10914 382 459
7081 10915 388 458
7081 10916 389 454
7081 10917 393 453
7081 10918 398 456
7081 10919 402 455
7081 10920 401 460
7161 10920 409 454
7161 10921 408 452
7161 10922 414 449
7161 10923 419 451
7161 10924 423 450
7161 10925 426 448
7161 10926 430 446
7161 10927 436 450
7161 10928 441 448
7161 10929 442 448
7161 10930 448 444
7161 10931 451 445
7161 10932 455 445
7161 10933 459 444
7161 10934 460 443
7161 10935 466 440
7161 10936 472 442
7161 10937 474 442
7161 10938 478 439
7161 10939 483 438
7161 10940 485 439
7161 10941 489 438
7161 10942 491 438
7161 10943 495 435
7161 10944 499 435
7161 10945 499 435
7161 10946 500 444
7184 10945 506 437
7184 10946 509 437
7184 10947 511 434
7184 10948 513 433
7184 10949 517 434
7184 10950 521 433
7184 10951 524 430
7184 10952 528 430
7184 10953 531 432
7184 10954 537 431
7184 10955 539 430
7184 10956 542 429
7184 10957 547 426
7184 10958 548 429
7184 10959 552 428
7184 10960 555 425
7184 10961 559 424
7184 10962 563 426
7184 10963 567 426
7184 10964 570 424
7184 10965 573 424
7184 10966 576 421
7184 10967 580 424
7184 10968 583 424
7184 10969 587 423
7184 10970 591 420
7184 10971 595 423
7184 10972 597 423
7184 10973 600 421
7184 10974 605 419
7184 10975 606 422
7184 10976 609 421
7184 10977 613 417
7184 10978 614 417
7184 10979 617 419
7184 10980 620 419
7184 10981 624 418
7184 10982 626 417
7184 10983 628 413
7184 10984 632 417
7184 10985 633 418
7184 10986 635 416
7340 11150 133 397
7340 11151 128 393
7340 11152 127 395
7340 11153 123 393
7340 11154 123 395
7340 11155 119 395
7340 11156 116 396
7340 11157 115 397
7340 11158 112 399
7340 11159 110 395
7340 11160 107 396
7340 11161 107 399
7340 11162 103 396
7340 11163 100 397
7340 11164 99 402
7340 11165 96 403
7340 11166 95 402
7340 11167 92 404
7340 11168 91 405
7340 11169 88 402
7340 11170 85 403
7340 11171 83 405
7340 11172 81 410
7340 11173 80 412
7340 11174 78 411
7340 11175 76 411
7340 11176 74 414
7340 11177 71 413
7340 11178 70 412
7340 11179 67 417
7340 11180 66 419
7340 11181 64 418
7340 11182 62 418
7340 11183 61 421
7340 11184 57 418
7340 11185 56 421
7340 11186 54 420
7340 11187 52 425
7340 11188 51 425
7340 11189 49 427
7340 11190 47 428
7340 11191 43 426
7340 11192 43 427
7340 11193 40 432
7340 11194 37 429
7506 11472 141 283
7506 11473 139 284
7506 11474 135 284
7506 11475 132 288
7506 11476 132 285
7506 11477 129 286
7506 11478 125 288
7506 11479 124 289
7506 11480 120 292
7506 11481 118 294
7506 11482 116 292
7506 11483 114 295
7506 11484 110 297
7506 11485 107 299
7506 11486 103 300
7506 11487 101 302
7506 11488 98 304
7506 11489 95 304
7506 11490 93 303
7506 11491 89 307
7506 11492 85 309
7506 11493 83 308
7506 11494 79 312
7506 11495 75 311
7506 11496 71 313
7506 11497 67 317
7506 11498 64 316
7506 11499 60 318
7506 11500 57 322
7506 11501 53 321
7506 11502 49 323
7537 11491 58 314
7537 11492 57 319
7537 11493 53 319
7537 11494 50 321
7537 11495 46 319
7537 11496 42 320
7537 11497 38 326
7537 11498 34 324
7537 11499 30 327
7537 11500 26 326
7537 11501 22 331
7537 11502 18 336
7537 11503 14 335
7537 11504 12 341
7537 11505 10 343
7537 11506 8 342
7537 11507 6 345
7587 11563 436 329
7587 11564 431 333
7587 11565 426 336
7587 11566 428 336
7587 11567 431 335
7587 11568 431 337
7587 11569 431 338
7587 11570 435 340
7587 11571 435 344
7587 11572 439 341
7587 11573 439 342
7587 11574 440 343
7587 11575 442 346
7587 11576 445 344
7587 11577 447 345
7587 11578 448 346
7587 11579 450 346
7587 11580 453 348
7587 11581 453 348
7587 11582 455 349
7587 11583 456 353
7587 11584 457 350
7587 11585 461 352
7587 11586 463 355
7587 11587 465 357
7587 11588 466 356
7587 11589 469 355
7587 11590 471 359
7587 11591 472 360
7587 11592 473 358
7587 11593 475 359
7587 11594 476 364
7587 11595 479 361
7587 11596 480 364
7587 11597 483 363
7587 11598 485 366
7587 11599 487 368
7587 11600 488 367
7587 11601 491 366
7587 11602 493 371
7587 11603 495 372
7587 11604 496 372
7587 11605 500 371
7587 11606 501 374
7587 11607 503 373
7587 11608 504 375
7587 11609 508 376
7587 11610 510 377
7587 11611 512 381
7587 11612 514 382
7587 11613 518 380
7587 11614 521 384
7587 11615 522 384
7587 11616 524 387
7637 11619 545 379
7637 11620 546 382
7637 11621 548 381
7637 11622 551 385
7637 11623 548 390
7637 11624 543 395
7637 11625 544 394
7637 11626 547 396
7637 11627 550 400
7637 11628 550 398
7637 11629 554 399
7637 11630 556 399
7637 11631 558 400
7637 11632 561 401
7637 11633 564 400
7637 11634 566 403
7637 11635 567 409
7637 11636 573 411
7637 11637 578 408
7637 11638 575 411
7637 11639 583 414
7637 11640 584 411
7637 11641 583 414
7637 11642 586 415
7637 11643 587 420
7637 11644 591 421
7637 11645 591 419
7637 11646 596 419
7637 11647 598 425
7637 11648 601 426
7637 11649 605 425
7637 11650 606 422
7894 11999 487 268
7894 12000 479 265
7894 12001 469 265
7894 12002 457 264
7894 12003 442 263
7894 12004 425 262
7894 12005 409 260
7894 12006 395 259
7894 12007 378 258
7894 12008 364 256
7894 12009 348 255
7894 12010 341 256
7894 12011 346 265
7894 12012 351 266
7894 12013 350 261
8023 12164 514 395
8023 12165 514 394
8023 12166 510 396
8023 12167 507 396
8023 12168 504 397
8023 12169 500 397
8023 12170 497 401
8023 12171 495 399
8023 12172 491 401
8023 12173 488 403
8023 12174 485 403
8023 12175 480 406
8023 12176 473 407
8023 12177 474 408
8023 12178 471 409
8023 12179 466 408
8023 12180 461 411
8023 12181 459 411
8023 12182 455 413
8023 12183 452 411
8023 12184 447 415
8023 12185 445 413
8023 12186 441 414
8023 12187 435 416
8023 12188 433 419
8023 12189 429 420
8023 12190 427 418
8023 12191 420 422
8023 12192 418 422
8023 12193 416 418
8023 12194 410 422
8023 12195 407 425
8023 12196 404 425
8023 12197 398 428
8023 12198 392 430
8023 12199 390 431
8023 12200 387 430
8023 12201 381 431
8023 12202 375 435
8023 12203 375 432
8023 12204 369 437
8023 12205 363 437
8023 12206 360 438
8023 12207 358 438
8023 12208 351 440
8023 12209 347 443
8023 12210 344 442
8023 12211 339 445
8023 12212 333 444
8023 12213 329 448
8023 12214 327 447
8023 12215 320 447
8023 12216 316 450
8023 12217 314 453
8023 12218 307 454
8023 12219 301 454
8023 12220 297 456
8023 12221 294 455
8041 12221 289 461
8041 12222 287 455
8041 12223 283 458
8041 12224 278 460
8041 12225 274 461
8041 12226 267 460
8041 12227 262 463
8041 12228 260 463
8041 12229 252 463
8041 12230 247 464
8041 12231 245 465
8041 12232 239 465
8041 12233 232 465
8041 12234 226 466
8041 12235 222 467
8041 12236 218 467
8041 12237 212 467
8041 12238 206 468
8041 12239 201 469
8041 12240 196 469
8041 12241 189 470
8041 12242 185 471
8041 12243 181 471
8041 12244 175 471
8041 12245 169 472
8041 12246 163 473
8041 12247 158 473
8041 12248 153 473
8041 12249 147 474
8041 12250 142 475
8041 12251 136 475
8041 12252 128 475
8041 12253 125 476
8041 12254 121 476
8049 12238 15 456
8049 12239 19 459
8049 12240 20 454
8049 12241 23 451
8049 12242 25 450
8049 12243 26 449
8049 12244 29 447
8049 12245 32 446
8049 12246 34 443
8049 12247 36 441
8049 12248 40 440
8049 12249 42 437
8049 12250 42 437
8049 12251 44 436
8049 12252 47 437
8049 12253 49 431
8049 12254 52 429
8049 12255 54 427
8049 12256 56 425
8049 12257 56 426
8049 12258 58 423
8049 12259 61 420
8049 12260 64 420
8049 12261 66 420
8049 12262 69 416
8049 12263 70 416
8049 12264 72 414
8049 12265 75 413
8049 12266 78 411
8049 12267 80 409
8049 12268 84 408
8049 12269 86 406
8049 12270 88 404
8049 12271 88 404
8049 12272 90 403
8049 12273 96 402
8049 12274 101 406
8049 12275 100 398
8049 12276 105 399
8049 12277 104 401
8049 12278 108 401
8299 12512 263 251
8299 12513 262 251
8299 12514 270 251
8299 12515 276 252
8299 12516 283 254
8299 12517 289 253
8299 12518 298 254
8299 12519 304 254
8299 12520 311 255
8299 12521 318 255
8299 12522 327 257
8299 12523 334 257
8299 12524 341 257
8299 12525 350 258
8299 12526 357 259
8299 12527 365 259
8299 12528 374 260
8299 12529 381 260
8299 12530 389 262
8299 12531 399 262
8299 12532 407 262
8299 12533 414 265
8299 12534 423 265
8299 12535 432 266
8299 12536 441 266
8299 12537 451 267
8299 12538 462 269
8299 12539 470 269
8299 12540 473 271
8299 12541 478 271
8299 12542 486 272
8610 13029 488 266
8610 13030 482 265
8610 13031 474 263
8610 13032 464 264
8610 13033 452 263
8610 13034 440 262
8610 13035 425 260
8610 13036 412 259
8610 13037 400 259
8610 13038 386 257
8610 13039 374 256
8610 13040 363 256
8610 13041 349 254
8610 13042 335 253
8610 13043 325 252
8610 13044 316 251
8610 13045 302 250
8610 13046 309 256
8949 13496 486 266
8949 13497 481 264
8949 13498 476 263
8949 13499 469 265
8949 13500 458 264
8949 13501 449 262
8949 13502 439 262
8949 13503 429 260
8949 13504 418 260
8949 13505 409 259
8949 13506 400 259
8949 13507 391 258
8949 13508 384 257
8949 13509 375 257
8949 13510 366 254
8949 13511 357 253
8949 13512 355 258
8967 13533 201 261
8967 13534 197 261
8967 13535 199 260
8967 13536 200 259
8967 13537 195 260
8967 13538 186 262
8967 13539 183 261
8967 13540 182 263
8967 13541 178 267
8967 13542 173 268
8967 13543 169 270
8967 13544 163 272
8967 13545 157 275
8967 13546 154 276
8967 13547 148 278
8967 13548 144 281
8967 13549 138 281
8967 13550 132 285
8967 13551 127 286
8967 13552 119 288
8967 13553 114 290
8967 13554 109 293
8967 13555 103 294
8967 13556 97 296
8967 13557 91 299
8967 13558 85 302
8967 13559 81 304
8967 13560 74 306
8967 13561 67 311
8967 13562 61 314
8967 13563 55 316
8967 13564 48 320
8967 13565 42 322
8967 13566 36 324
8967 13567 28 328
8967 13568 23 330
8967 13569 19 334
8967 13570 17 335
8967 13571 13 334
8967 13572 9 336
8967 13573 6 341
8993 13557 55 334
8993 13558 57 334
8993 13559 60 332
8993 13560 63 331
8993 13561 67 329
8993 13562 70 327
8993 13563 72 325
8993 13564 76 322
8993 13565 73 321
8993 13566 74 318
8993 13567 79 316
8993 13568 85 316
8993 13569 91 318
8993 13570 94 314
8993 13571 97 311
8993 13572 99 309
8993 13573 103 308
8993 13574 106 305
8993 13575 102 306
8993 13576 111 303
8993 13577 114 301
8993 13578 116 300