0 0 14 341
0 1 10 345
0 2 18 342
0 3 20 340
0 4 23 340
0 5 25 338
0 6 28 339
0 7 29 337
0 8 31 336
0 9 33 337
0 10 35 334
0 11 37 334
0 12 38 331
0 13 41 331
0 14 43 330
0 15 45 329
0 16 48 328
0 17 50 330
0 18 51 326
0 19 54 325
0 20 55 327
0 21 57 326
0 22 60 322
0 23 61 322
0 24 64 321
0 25 65 322
0 26 67 320
0 27 69 320
0 28 71 319
0 29 73 318
0 30 75 317
50 34 151 274
50 35 151 271
50 36 147 272
50 37 143 274
50 38 140 276
50 39 136 277
50 40 133 278
50 41 129 281
50 42 125 282
50 43 118 284
50 44 115 288
50 45 113 286
50 46 116 294
50 47 105 294
50 48 109 291
50 49 99 295
50 50 93 294
50 51 90 295
50 52 87 297
328 386 585 364
328 387 583 364
328 388 582 365
328 389 581 365
328 390 579 370
328 391 579 367
328 392 578 368
328 393 576 372
328 394 575 369
328 395 574 370
328 396 573 370
328 397 571 375
328 398 568 374
328 399 567 376
328 400 566 373
328 401 564 374
328 402 562 375
328 403 559 375
328 404 560 376
328 405 555 377
328 406 554 377
328 407 553 373
328 408 551 373
328 409 549 376
328 410 546 378
328 411 545 374
328 412 543 374
328 413 540 377
328 414 539 380
328 415 536 375
328 416 534 375
328 417 532 375
328 418 526 380
328 419 527 375
328 420 524 378
328 421 521 377
328 422 521 380
328 423 517 382
328 424 516 377
328 425 514 376
328 426 512 381
328 427 511 377
328 428 506 381
328 429 506 379
328 430 504 384
328 431 502 384
328 432 499 385
328 433 497 382
328 434 497 382
328 435 496 384
328 436 495 384
328 437 494 385
328 438 493 385
328 439 492 386
328 440 491 389
328 441 489 393
328 442 488 387
328 443 486 391
328 444 487 390
328 445 485 392
328 446 485 392
328 447 484 393
328 448 482 393
328 449 481 397
328 450 477 395
328 451 479 396
328 452 480 394
328 453 481 397
488 494 311 272
488 495 317 262
488 496 330 263
488 497 341 258
488 498 352 259
488 499 362 260
488 500 375 259
488 501 388 261
488 502 398 263
488 503 410 263
488 504 422 265
488 505 433 265
488 506 443 266
488 507 456 267
488 508 466 267
488 509 473 268
488 510 477 268
488 511 484 270
488 512 489 274
531 523 162 249
531 524 160 246
531 525 163 247
531 526 163 253
531 527 168 254
531 528 166 254
531 529 166 255
531 530 169 254
531 531 169 257
531 532 167 259
531 533 167 261
531 534 167 263
531 535 168 263
531 536 166 265
531 537 164 263
531 538 163 265
531 539 161 267
531 540 158 270
531 541 155 268
531 542 153 269
531 543 149 272
531 544 148 273
531 545 144 274
531 546 140 276
531 547 133 278
531 548 132 280
531 549 126 282
531 550 121 285
531 551 116 286
531 552 111 289
531 553 105 291
531 554 98 292
531 555 94 296
531 556 87 299
531 557 81 301
531 558 74 304
531 559 69 307
531 560 60 311
531 561 52 312
531 562 46 316
531 563 40 319
531 564 32 322
531 565 25 325
531 566 19 329
531 567 15 332
531 568 11 335
531 569 6 331
531 570 4 334
549 542 169 270
549 543 170 268
549 544 168 261
549 545 166 264
549 546 164 266
549 547 160 268
549 548 157 269
549 549 149 271
549 550 150 274
549 551 143 274
549 552 137 278
549 553 132 279
549 554 129 282
549 555 123 284
549 556 117 286
549 557 111 287
549 558 108 290
549 559 100 292
549 560 93 296
549 561 89 299
549 562 83 303
549 563 76 305
549 564 68 307
549 565 66 311
549 566 58 311
549 567 49 317
549 568 42 321
549 569 35 323
549 570 28 326
549 571 20 329
549 572 14 332
549 573 10 335
549 574 7 336
572 570 143 271
572 571 140 272
572 572 137 272
572 573 136 274
572 574 133 273
572 575 132 277
572 576 130 276
572 577 125 277
572 578 124 280
572 579 122 282
572 580 119 284
572 581 117 283
572 582 114 284
572 583 111 287
572 584 109 289
572 585 106 291
572 586 104 292
572 587 101 295
572 588 97 295
572 589 95 298
572 590 92 301
572 591 89 300
572 592 86 303
572 593 82 304
572 594 80 308
572 595 75 306
572 596 73 310
572 597 69 310
572 598 66 311
572 599 64 315
572 600 59 316
572 601 57 319
572 602 54 322
572 603 50 322
572 604 47 326
572 605 42 326
572 606 40 329
572 607 37 329
572 608 32 332
572 609 31 335
572 610 26 336
572 611 23 340
572 612 18 344
572 613 15 347
572 614 8 344
572 615 4 346
572 616 3 347
607 653 449 351
607 654 454 346
607 655 454 348
607 656 454 346
607 657 455 347
607 658 458 348
607 659 459 349
607 660 460 349
607 661 461 350
607 662 465 353
607 663 466 354
607 664 465 353
607 665 469 352
607 666 468 354
607 667 470 356
607 668 470 355
607 669 472 355
607 670 472 358
607 671 478 361
607 672 478 359
607 673 480 362
607 674 481 359
607 675 483 361
607 676 482 363
607 677 485 364
607 678 486 363
607 679 489 364
607 680 492 365
607 681 492 367
607 682 494 366
607 683 497 366
607 684 495 368
607 685 499 369
607 686 499 368
607 687 501 369
607 688 505 369
607 689 508 373
607 690 509 374
607 691 507 373
607 692 509 373
607 693 513 375
607 694 512 377
607 695 513 379
607 696 515 376
607 697 521 378
607 698 523 380
607 699 520 381
607 700 523 380
607 701 523 380
607 702 528 384
607 703 527 384
607 704 529 384
607 705 533 385
607 706 533 385
607 707 538 388
607 708 536 387
607 709 537 387
607 710 542 388
607 711 544 392
607 712 543 392
607 713 546 391
607 714 550 391
607 715 552 394
607 716 554 394
607 717 555 393
607 718 557 394
607 719 557 395
607 720 561 398
607 721 562 397
607 722 563 398
607 723 567 398
607 724 571 401
607 725 570 404
607 726 572 401
607 727 573 404
607 728 578 400
607 729 577 405
607 730 577 405
607 731 582 406
607 732 581 410
607 733 587 411
607 734 588 409
607 735 592 405
715 829 3 342
715 830 6 339
715 831 10 335
715 832 14 335
715 833 19 334
715 834 22 332
715 835 25 328
715 836 29 329
715 837 32 325
715 838 36 323
715 839 40 323
715 840 43 319
715 841 46 322
715 842 50 316
715 843 53 316
715 844 57 315
715 845 60 312
715 846 63 311
715 847 66 310
715 848 68 308
715 849 72 307
715 850 74 303
715 851 77 303
715 852 80 300
715 853 83 300
715 854 85 300
715 855 88 298
715 856 90 296
715 857 92 297
715 858 95 293
715 859 97 291
715 860 99 290
715 861 101 289
715 862 104 286
715 863 106 286
715 864 107 286
715 865 112 286
715 866 112 283
715 867 115 282
715 868 117 278
715 869 118 280
715 870 120 279
715 871 121 276
715 872 124 274
715 873 125 275
715 874 129 276
715 875 130 274
715 876 132 272
715 877 133 272
715 878 135 270
715 879 136 270
715 880 139 268
715 881 140 269
715 882 140 267
715 883 143 266
715 884 144 266
715 885 147 264
715 886 147 265
715 887 149 262
715 888 150 262
715 889 152 261
715 890 155 261
715 891 155 261
715 892 157 260
715 893 158 258
715 894 160 257
715 895 162 257
715 896 163 256
715 897 164 255
715 898 166 255
715 899 166 255
715 900 167 256
715 901 169 255
715 902 170 254
715 903 172 253
715 904 171 253
715 905 174 254
715 906 174 251
715 907 176 253
715 908 177 252
715 909 178 252
715 910 179 250
715 911 181 250
715 912 181 253
715 913 183 249
715 914 183 248
715 915 185 250
715 916 186 250
715 917 187 248
715 918 187 247
715 919 190 248
715 920 191 249
715 921 194 247
715 922 193 246
715 923 194 247
715 924 195 246
715 925 199 246
725 878 483 261
725 879 477 260
725 880 469 261
725 881 455 260
725 882 439 259
725 883 425 258
725 884 411 255
725 885 395 254
725 886 378 253
725 887 352 252
725 888 339 253
725 889 335 253
725 890 342 264
725 891 351 266
741 906 489 265
741 907 485 264
741 908 476 264
741 909 467 263
741 910 452 262
741 911 437 261
741 912 425 260
741 913 408 258
741 914 393 257
741 915 380 256
741 916 368 255
741 917 354 254
741 918 339 252
741 919 328 250
741 920 317 250
741 921 304 250
741 922 293 249
741 923 281 248
741 924 269 247
814 1094 106 292
814 1095 106 292
814 1096 104 296
814 1097 102 295
814 1098 101 297
814 1099 100 298
814 1100 100 299
814 1101 96 295
814 1102 95 297
814 1103 95 301
814 1104 92 300
814 1105 90 299
814 1106 89 300
814 1107 86 300
814 1108 84 301
814 1109 83 300
814 1110 82 304
814 1111 81 305
814 1112 78 303
814 1113 76 306
814 1114 74 305
814 1115 72 304
814 1116 70 304
814 1117 68 305
814 1118 69 310
814 1119 67 310
814 1120 65 307
814 1121 63 310
814 1122 61 311
814 1123 59 310
814 1124 59 311
814 1125 56 311
814 1126 57 314
814 1127 53 314
814 1128 51 315
814 1129 50 315
814 1130 50 318
814 1131 46 317
814 1132 44 316
814 1133 43 317
814 1134 44 321
814 1135 40 318
814 1136 38 319
814 1137 37 321
814 1138 37 326
818 1099 252 248
818 1100 252 248
818 1101 261 249
818 1102 270 250
818 1103 282 251
818 1104 292 252
818 1105 303 252
818 1106 315 253
818 1107 327 263
818 1108 339 258
818 1109 350 261
818 1110 363 265
818 1111 377 258
818 1112 391 261
818 1113 404 262
818 1114 416 263
818 1115 432 264
818 1116 446 265
818 1117 459 266
818 1118 467 266
818 1119 477 266
818 1120 484 268
818 1121 501 263
830 1115 403 303
830 1116 406 299
830 1117 403 294
830 1118 403 293
830 1119 401 296
830 1120 400 293
830 1121 399 294
830 1122 397 296
830 1123 395 294
830 1124 394 296
830 1125 393 297
830 1126 392 299
830 1127 391 298
830 1128 388 298
830 1129 387 299
830 1130 385 298
830 1131 383 299
830 1132 381 299
830 1133 379 301
830 1134 378 302
830 1135 377 300
830 1136 376 301
830 1137 373 302
830 1138 371 304
830 1139 369 302
830 1140 368 306
830 1141 367 306
830 1142 364 306
830 1143 364 305
830 1144 362 307
830 1145 359 307
830 1146 358 310
830 1147 356 309
830 1148 355 310
830 1149 353 314
830 1150 353 313
830 1151 351 312
830 1152 350 312
830 1153 349 312
830 1154 347 316
830 1155 347 316
830 1156 345 315
830 1157 344 319
830 1158 344 319
830 1159 342 320
830 1160 341 320
830 1161 340 320
830 1162 340 324
830 1163 339 324
830 1164 338 322
830 1165 337 325
830 1166 336 326
830 1167 333 328
830 1168 333 324
830 1169 332 324
830 1170 330 328
830 1171 329 326
830 1172 327 329
830 1173 326 328
830 1174 324 331
830 1175 322 335
830 1176 321 331
830 1177 319 334
830 1178 316 337
830 1179 317 336
830 1180 316 338
830 1181 314 338
830 1182 313 338
830 1183 312 344
830 1184 309 339
830 1185 308 343
830 1186 309 345
830 1187 307 346
830 1188 306 343
830 1189 308 342
897 1193 273 335
897 1194 270 330
897 1195 269 333
897 1196 268 331
897 1197 267 332
897 1198 266 331
897 1199 265 335
897 1200 263 336
897 1201 262 332
897 1202 261 333
897 1203 260 338
897 1204 259 337
897 1205 258 341
897 1206 257 338
897 1207 256 342
897 1208 254 341
897 1209 251 338
897 1210 252 339
897 1211 251 345
897 1212 250 343
897 1213 249 347
897 1214 248 348
897 1215 247 349
897 1216 247 349
897 1217 245 348
897 1218 243 353
897 1219 243 349
897 1220 242 352
897 1221 240 354
897 1222 239 356
897 1223 238 355
897 1224 237 357
897 1225 235 355
897 1226 233 360
897 1227 233 362
897 1228 231 359
897 1229 229 362
897 1230 227 363
897 1231 226 363
897 1232 224 364
897 1233 223 366
897 1234 221 367
897 1235 219 368
897 1236 217 368
897 1237 216 369
897 1238 215 371
897 1239 214 371
897 1240 213 371
897 1241 211 373
897 1242 209 370
899 1194 295 362
899 1195 295 356
899 1196 294 358
899 1197 292 354
899 1198 291 362
899 1199 289 360
899 1200 287 357
899 1201 286 362
899 1202 284 366
899 1203 283 364
899 1204 282 366
899 1205 278 365
899 1206 279 370
899 1207 278 367
899 1208 274 368
899 1209 275 370
899 1210 273 374
899 1211 272 372
899 1212 270 377
899 1213 267 375
899 1214 266 380
899 1215 268 379
899 1216 265 377
899 1217 263 379
899 1218 262 384
899 1219 261 385
899 1220 258 389
899 1221 256 386
899 1222 254 392
899 1223 256 391
899 1224 254 391
899 1225 252 390
899 1226 249 400
899 1227 249 401
899 1228 248 396
899 1229 244 399
899 1230 243 404
899 1231 243 405
899 1232 241 405
899 1233 240 403
899 1234 239 410
899 1235 236 411
899 1236 235 410
899 1237 233 410
899 1238 230 417
899 1239 230 413
899 1240 229 419
899 1241 226 417
899 1242 223 424
899 1243 223 424
899 1244 220 427
899 1245 216 425
899 1246 214 433
899 1247 214 429
899 1248 211 434
899 1249 207 432
899 1250 206 436
899 1251 203 439
899 1252 199 438
899 1253 195 446
899 1254 195 449
899 1255 192 445
899 1256 191 446
899 1257 189 448
899 1258 188 453
899 1259 185 455
899 1260 185 458
899 1261 184 452
899 1262 185 445
899 1263 185 446
899 1264 185 450
899 1265 186 450
899 1266 188 451
899 1267 190 452
899 1268 190 446
899 1269 191 448
899 1270 193 453
899 1271 194 449
899 1272 192 453
899 1273 193 452
899 1274 194 453
899 1275 193 452
924 1243 208 379
924 1244 207 379
924 1245 207 380
924 1246 205 378
924 1247 204 380
924 1248 202 382
924 1249 201 381
924 1250 199 386
924 1251 198 386
924 1252 197 388
924 1253 195 390
924 1254 194 392
924 1255 193 391
924 1256 191 392
924 1257 190 395
924 1258 188 397
924 1259 187 398
924 1260 186 398
924 1261 184 401
924 1262 182 402
924 1263 180 404
924 1264 178 403
924 1265 176 407
924 1266 175 408
924 1267 173 406
924 1268 171 410
924 1269 169 412
924 1270 168 414
924 1271 165 414
924 1272 162 417
924 1273 160 419
924 1274 158 420
924 1275 157 420
924 1276 153 423
924 1277 151 425
924 1278 150 426
924 1279 147 425
924 1280 145 429
924 1281 142 431
924 1282 140 433
924 1283 137 432
924 1284 135 436
924 1285 132 438
924 1286 131 438
924 1287 128 439
924 1288 124 442
924 1289 124 443
924 1290 121 445
924 1291 118 444
924 1292 116 448
924 1293 114 450
924 1294 110 449
924 1295 107 451
924 1296 105 454
924 1297 102 455
924 1298 99 454
924 1299 94 456
924 1300 95 459
924 1301 93 461
924 1302 89 462
924 1303 88 462
924 1304 85 463
924 1305 83 464
924 1306 80 465
924 1307 76 466
924 1308 73 467
924 1309 71 468
924 1310 68 469
924 1311 66 469
924 1312 63 470
924 1313 62 471
924 1314 53 472
924 1315 53 473
924 1316 49 474
924 1317 46 475
932 1251 236 399
932 1252 238 402
932 1253 237 406
932 1254 236 409
932 1255 234 409
932 1256 233 409
932 1257 230 413
932 1258 230 414
932 1259 230 414
932 1260 229 415
932 1261 227 417
932 1262 226 419
932 1263 225 422
932 1264 224 427
932 1265 220 423
932 1266 219 426
932 1267 217 426
932 1268 215 428
932 1269 213 431
932 1270 213 438
932 1271 210 436
932 1272 209 439
932 1273 205 435
932 1274 202 438
932 1275 202 440
932 1276 201 447
932 1277 199 441
932 1278 197 448
932 1279 194 454
932 1280 193 458
932 1281 190 456
932 1282 187 457
932 1283 186 459
932 1284 184 461
932 1285 180 462
932 1286 177 463
932 1287 175 464
932 1288 172 465
932 1289 168 465
932 1290 166 466
932 1291 161 467
932 1292 158 468
932 1293 156 469
932 1294 152 469
932 1295 149 471
932 1296 146 472
932 1297 142 473
932 1298 138 474
932 1299 137 475
932 1300 133 476
952 1270 133 278
952 1271 135 277
952 1272 131 278
952 1273 129 279
952 1274 126 282
952 1275 121 286
952 1276 118 288
952 1277 113 286
952 1278 113 292
952 1279 110 294
952 1280 102 294
952 1281 96 297
952 1282 92 299
952 1283 86 302
952 1284 80 305
952 1285 76 308
952 1286 70 309
952 1287 62 314
952 1288 55 318
952 1289 50 321
952 1290 42 323
952 1291 34 327
952 1292 25 329
952 1293 18 331
952 1294 13 337
952 1295 8 341
952 1296 5 345
1219 1704 61 284
1219 1705 59 281
1219 1706 59 284
1219 1707 58 283
1219 1708 58 289
1219 1709 58 285
1219 1710 57 286
1219 1711 55 286
1219 1712 53 289
1219 1713 54 287
1219 1714 52 288
1219 1715 52 289
1219 1716 51 288
1219 1717 49 290
1219 1718 49 290
1219 1719 49 292
1219 1720 47 290
1219 1721 45 291
1219 1722 46 291
1219 1723 46 291
1219 1724 45 293
1219 1725 44 293
1219 1726 43 294
1219 1727 42 293
1219 1728 42 295
1219 1729 41 295
1219 1730 41 295
1219 1731 39 297
1219 1732 38 299
1219 1733 37 297
1219 1734 36 297
1219 1735 36 299
1219 1736 36 303
1219 1737 35 300
1219 1738 34 304
1219 1739 33 306
1219 1740 31 305
1219 1741 30 304
1219 1742 29 308
1219 1743 27 310
1219 1744 27 308
1219 1745 26 310
1219 1746 25 310
1219 1747 24 312
1219 1748 22 309
1219 1749 22 313
1219 1750 21 311
1219 1751 21 314
1219 1752 20 314
1219 1753 19 313
1219 1754 19 315
1219 1755 18 315
1219 1756 16 318
1219 1757 15 318
1219 1758 15 319
1350 1798 558 439
1350 1799 552 442
1350 1800 544 445
1350 1801 535 447
1350 1802 528 451
1350 1803 520 453
1350 1804 509 457
1350 1805 502 460
1350 1806 492 463
1350 1807 483 465
1350 1808 472 468
1350 1809 477 459
1350 1810 474 459
1350 1811 465 462
1645 1908 224 393
1645 1909 224 386
1645 1910 219 389
1645 1911 216 388
1645 1912 213 390
1645 1913 211 391
1645 1914 209 397
1645 1915 207 400
1645 1916 205 401
1645 1917 202 404
1645 1918 199 404
1645 1919 196 405
1645 1920 194 404
1645 1921 192 407
1645 1922 190 413
1645 1923 187 415
1645 1924 184 415
1645 1925 183 416
1645 1926 182 417
1645 1927 180 419
1645 1928 178 425
1645 1929 176 424
1645 1930 173 425
1645 1931 173 430
1645 1932 170 431
1645 1933 170 431
1645 1934 170 431
1645 1935 169 436
1645 1936 164 434
1645 1937 161 437
1645 1938 161 442
1645 1939 159 446
1645 1940 153 445
1645 1941 151 445
1645 1942 151 453
1645 1943 149 450
1645 1944 144 455
1645 1945 141 456
1645 1946 140 459
1645 1947 136 462
1645 1948 132 464
1645 1949 126 464
1645 1950 125 466
1645 1951 122 467
1645 1952 117 468
1645 1953 112 468
1645 1954 109 469
1645 1955 104 471
1645 1956 99 471
1645 1957 95 472
1645 1958 86 475
1645 1959 85 475
1654 1911 488 263
1654 1912 482 249
1654 1913 477 249
1654 1914 473 249
1654 1915 467 249
1654 1916 464 248
1654 1917 454 249
1654 1918 440 248
1654 1919 426 248
1654 1920 416 248
1654 1921 400 248
1654 1922 401 246
1654 1923 388 246
1843 1981 117 279
1843 1982 122 278
1843 1983 118 282
1843 1984 112 285
1843 1985 109 287
1843 1986 107 282
1843 1987 102 285
1843 1988 93 294
1843 1989 94 289
1843 1990 88 292
1843 1991 83 294
1843 1992 71 300
1843 1993 66 304
1843 1994 65 301
1843 1995 58 302
1843 1996 46 312
1843 1997 41 315
1843 1998 42 311
1843 1999 32 319
1843 2000 36 315
1843 2001 33 313
1843 2002 23 325
1843 2003 21 324
1843 2004 24 319
1843 2005 30 314
1843 2006 22 317
1843 2007 11 308
1843 2008 9 309
2267 2172 18 346
2267 2173 19 347
2267 2174 23 347
2267 2175 26 347
2267 2176 31 352
2267 2177 32 349
2267 2178 35 351
2267 2179 39 355
2267 2180 40 354
2267 2181 42 354
2267 2182 46 355
2267 2183 46 357
2267 2184 51 361
2267 2185 52 360
2267 2186 54 360
2267 2187 57 362
2267 2188 59 365
2267 2189 63 366
2267 2190 64 368
2267 2191 66 366
2267 2192 67 369
2267 2193 70 373
2267 2194 72 376
2267 2195 74 374
2267 2196 76 376
2267 2197 78 380
2267 2198 81 383
2267 2199 83 382
2267 2200 86 384
2267 2201 88 385
2267 2202 89 387
2267 2203 93 392
2267 2204 96 394
2267 2205 97 396
2267 2206 101 398
2267 2207 103 401
2267 2208 109 408
2267 2209 108 403
2364 2223 174 448
2364 2224 174 450
2364 2225 180 453
2364 2226 187 457
2364 2227 193 459
2364 2228 198 460
2364 2229 203 461
2364 2230 209 463
2364 2231 214 465
2364 2232 219 467
2364 2233 225 468
2364 2234 233 469
2364 2235 243 471
2364 2236 246 472
2364 2237 254 474
2367 2223 140 271
2367 2224 143 272
2367 2225 141 273
2367 2226 140 275
2367 2227 134 276
2367 2228 132 277
2367 2229 131 281
2367 2230 127 283
2367 2231 122 284
2367 2232 118 287
2367 2233 115 288
2367 2234 111 289
2367 2235 104 287
2367 2236 103 292
2367 2237 99 294
2367 2238 95 295
2367 2239 87 294
2367 2240 87 297
2367 2241 80 297
2367 2242 76 298
2367 2243 73 299
2367 2244 71 301
2367 2245 70 303
2367 2246 67 305
2367 2247 64 303
2367 2248 62 307
2367 2249 59 308
2367 2250 57 308
2367 2251 53 306
2367 2252 49 309
2367 2253 46 310
2367 2254 45 314
2647 2504 400 462
2647 2505 402 463
2647 2506 406 461
2647 2507 410 460
2647 2508 414 459
2647 2509 418 456
2647 2510 422 458
2647 2511 426 453
2647 2512 428 452
2647 2513 431 450
2647 2514 435 449
2647 2515 439 447
2647 2516 442 446
2647 2517 445 445
2647 2518 450 442
2647 2519 452 443
2647 2520 455 440
2647 2521 459 437
2647 2522 462 437
2647 2523 465 435
2647 2524 467 435
2678 2524 471 431
2678 2525 471 431
2678 2526 474 430
2678 2527 477 429
2678 2528 479 428
2678 2529 483 425
2678 2530 485 425
2678 2531 489 423
2678 2532 491 421
2678 2533 493 420
2678 2534 496 420
2678 2535 498 419
2678 2536 501 416
2678 2537 505 415
2678 2538 507 415
2678 2539 510 413
2678 2540 512 414
2678 2541 515 412
2678 2542 517 410
2678 2543 520 410
2678 2544 522 407
2678 2545 524 407
2678 2546 527 405
2678 2547 530 405
2678 2548 532 402
2678 2549 534 402
2678 2550 537 401
2678 2551 539 399
2678 2552 542 399
2678 2553 544 398
2678 2554 546 398
2678 2555 550 396
2678 2556 552 395
2678 2557 555 393
2678 2558 557 393
2678 2559 558 391
2678 2560 560 391
2678 2561 563 391
2678 2562 566 389
2838 2676 361 257
2838 2677 358 256
2838 2678 358 249
2838 2679 356 251
2838 2680 359 258
2838 2681 372 263
2838 2682 383 264
2838 2683 393 265
2838 2684 401 266
2838 2685 413 266
2838 2686 422 268
2838 2687 431 269
2838 2688 442 270
2838 2689 454 270
2838 2690 463 271
2838 2691 472 273
2838 2692 481 273
2979 2744 172 247
2979 2745 175 256
2979 2746 169 264
2979 2747 168 266
2979 2748 165 267
2979 2749 165 268
2979 2750 162 271
2979 2751 159 273
2979 2752 156 274
2979 2753 153 276
2979 2754 148 278
2979 2755 144 280
2979 2756 140 282
2979 2757 134 285
2979 2758 129 287
2979 2759 124 289
2979 2760 119 291
2979 2761 113 294
2979 2762 117 293
3014 2762 100 298
3014 2763 102 299
3014 2764 95 302
3014 2765 87 304
3014 2766 81 307
3014 2767 75 309
3014 2768 68 311
3014 2769 62 315
3014 2770 56 317
3014 2771 48 320
3014 2772 41 323
3014 2773 34 326
3014 2774 28 329
3014 2775 24 333
3014 2776 19 335
3014 2777 15 336
3014 2778 13 336
3014 2779 9 339
3014 2780 5 342
3054 2780 187 261
3054 2781 182 261
3054 2782 180 262
3054 2783 176 263
3054 2784 178 264
3054 2785 172 266
3054 2786 169 267
3054 2787 170 268
3054 2788 166 269
3054 2789 162 270
3054 2790 162 271
3054 2791 160 272
3054 2792 157 273
3054 2793 155 274
3054 2794 153 274
3054 2795 150 275
3054 2796 147 277
3054 2797 146 278
3054 2798 143 278
3054 2799 142 280
3054 2800 139 281
3054 2801 137 282
3054 2802 135 284
3054 2803 133 283
3054 2804 130 285
3054 2805 128 286
3054 2806 126 287
3054 2807 122 288
3054 2808 120 290
3054 2809 117 291
3054 2810 113 293
3054 2811 110 295
3054 2812 105 297
3054 2813 99 299
3192 3143 342 259
3192 3144 355 259
3192 3145 372 261
3192 3146 388 262
3192 3147 404 264
3192 3148 418 265
3192 3149 433 265
3192 3150 450 267
3192 3151 465 268
3192 3152 474 269
3192 3153 479 270
3192 3154 488 271
3380 3515 115 287
3380 3516 112 284
3380 3517 110 287
3380 3518 107 286
3380 3519 105 286
3380 3520 103 289
3380 3521 99 287
3380 3522 98 287
3380 3523 94 288
3380 3524 92 288
3380 3525 90 287
3380 3526 88 288
3380 3527 85 288
3380 3528 84 290
3380 3529 81 288
3380 3530 79 289
3380 3531 77 290
3380 3532 75 292
3380 3533 72 290
3380 3534 71 292
3380 3535 68 291
3380 3536 66 293
3380 3537 63 293
3380 3538 61 293
3380 3539 59 293
3380 3540 57 293
3380 3541 54 293
3380 3542 52 293
3380 3543 50 296
3380 3544 46 295
3380 3545 45 295
3380 3546 42 296
3380 3547 40 297
3380 3548 38 297
3380 3549 36 296
3380 3550 34 296
3380 3551 32 298
3380 3552 29 300
3380 3553 26 297
3380 3554 25 299
3380 3555 22 300
3380 3556 19 300
3380 3557 18 298
3380 3558 15 300
3380 3559 13 299
3380 3560 12 300
3380 3561 8 299
3380 3562 6 299
3380 3563 4 300
3380 3564 4 300
3380 3565 4 303
3911 4294 243 324
3911 4295 243 323
3911 4296 241 321
3911 4297 239 322
3911 4298 238 323
3911 4299 236 324
3911 4300 234 326
3911 4301 231 327
3911 4302 232 325
3911 4303 230 328
3911 4304 226 329
3911 4305 227 324
3911 4306 228 330
3911 4307 224 330
3911 4308 220 333
3911 4309 219 334
3911 4310 219 335
3911 4311 218 333
3911 4312 218 335
3911 4313 214 333
3911 4314 213 338
3911 4315 212 337
3911 4316 211 337
3911 4317 209 336
3911 4318 207 340
3911 4319 207 340
3911 4320 205 339
3911 4321 204 338
3911 4322 202 341
3911 4323 200 348
3911 4324 199 343
3911 4325 197 343
3911 4326 193 344
3911 4327 193 344
3911 4328 188 345
3911 4329 186 343
3911 4330 187 346
3911 4331 184 347
3911 4332 183 346
3911 4333 179 347
3911 4334 179 344
3911 4335 177 352
3911 4336 175 349
3911 4337 172 350
3911 4338 172 352
3911 4339 169 354
3911 4340 165 351
3911 4341 164 352
3911 4342 162 354
3911 4343 158 355
3911 4344 155 355
3911 4345 156 352
3911 4346 155 350
3911 4347 153 345
4101 4650 487 266
4101 4651 484 265
4101 4652 476 264
4101 4653 467 265
4101 4654 452 264
4101 4655 439 262
4101 4656 426 261
4101 4657 412 259
4101 4658 399 258
4101 4659 387 257
4101 4660 373 256
4101 4661 360 256
4101 4662 349 254
4101 4663 335 253
4101 4664 340 258
4130 4694 99 424
4130 4695 99 424
4130 4696 101 425
4130 4697 101 424
4130 4698 103 423
4130 4699 103 423
4130 4700 104 421
4130 4701 103 423
4130 4702 104 419
4130 4703 105 418
4130 4704 106 420
4130 4705 107 422
4130 4706 109 422
4130 4707 111 418
4130 4708 112 423
4130 4709 113 419
4130 4710 113 418
4130 4711 115 419
4130 4712 115 415
4130 4713 116 412
4130 4714 117 412
4130 4715 118 410
4130 4716 120 407
4130 4717 123 408
4130 4718 122 404
4130 4719 123 402
4130 4720 124 403
4130 4721 125 399
4130 4722 126 401
4130 4723 128 404
4130 4724 129 398
4130 4725 131 400
4130 4726 132 399
4130 4727 133 394
4130 4728 133 389
4130 4729 134 390
4130 4730 135 390
4130 4731 137 390
4130 4732 140 388
4130 4733 141 384
4130 4734 141 383
4130 4735 141 383
4130 4736 142 381
4130 4737 143 381
4130 4738 145 380
4130 4739 145 382
4130 4740 147 381
4130 4741 148 378
4130 4742 150 377
4130 4743 150 377
4130 4744 150 376
4130 4745 151 374
4130 4746 152 375
4130 4747 154 374
4130 4748 156 372
4130 4749 156 370
4130 4750 155 370
4130 4751 156 368
4130 4752 156 366
4130 4753 158 365
4130 4754 158 367
4130 4755 159 368
4130 4756 160 369
4130 4757 162 368
4130 4758 163 368
4130 4759 164 367
4130 4760 165 368
4130 4761 165 366
4130 4762 166 364
4130 4763 167 363
4130 4764 170 362
4130 4765 170 364
4130 4766 172 363
4130 4767 173 363
4130 4768 174 364
4130 4769 175 361
4130 4770 175 357
4130 4771 176 357
4130 4772 177 356
4130 4773 179 358
4130 4774 180 356
4130 4775 181 357
4130 4776 181 356
4130 4777 190 371
4130 4778 192 379
4196 4755 212 247
4196 4756 222 247
4196 4757 232 248
4196 4758 245 249
4196 4759 255 250
4196 4760 266 251
4196 4761 280 251
4196 4762 294 253
4196 4763 306 254
4196 4764 319 256
4196 4765 335 258
4196 4766 350 259
4196 4767 363 259
4196 4768 378 260
4196 4769 395 263
4196 4770 413 264
4196 4771 428 266
4196 4772 444 267
4196 4773 460 268
4196 4774 470 269
4196 4775 478 271
4196 4776 482 276
4275 4878 108 365
4275 4879 106 365
4275 4880 101 364
4275 4881 97 363
4275 4882 94 365
4275 4883 91 365
4275 4884 87 365
4275 4885 84 367
4275 4886 81 367
4275 4887 80 371
4275 4888 75 369
4275 4889 74 369
4275 4890 70 368
4275 4891 66 368
4275 4892 64 369
4275 4893 62 373
4275 4894 59 373
4275 4895 56 373
4275 4896 53 370
4275 4897 49 373
4275 4898 47 377
4275 4899 44 375
4275 4900 42 375
4275 4901 40 377
4275 4902 37 377
4275 4903 34 376
4275 4904 30 377
4275 4905 28 377
4275 4906 27 379
4275 4907 22 378
4275 4908 21 379
4275 4909 17 378
4275 4910 16 378
4275 4911 13 379
4275 4912 8 379
4275 4913 7 380
4275 4914 5 378
4275 4915 4 378
4275 4916 3 381
4275 4917 3 393
4383 4961 11 376
4383 4962 14 376
4383 4963 18 376
4383 4964 20 376
4383 4965 23 381
4383 4966 25 379
4383 4967 28 379
4383 4968 33 376
4383 4969 34 377
4383 4970 35 379
4383 4971 38 378
4383 4972 41 376
4383 4973 45 370
4383 4974 45 376
4383 4975 51 368
4383 4976 54 370
4383 4977 56 368
4383 4978 59 366
4383 4979 63 368
4383 4980 66 366
4383 4981 67 365
4383 4982 70 364
4383 4983 72 365
4383 4984 74 363
4383 4985 77 364
4383 4986 78 363
4383 4987 81 360
4383 4988 83 365
4383 4989 85 358
4383 4990 89 357
4383 4991 92 359
4383 4992 95 358
4383 4993 98 354
4383 4994 99 354
4383 4995 101 353
4383 4996 103 353
4383 4997 105 352
4383 4998 107 354
4383 4999 109 350
4383 5000 112 350
4383 5001 114 349
4383 5002 116 345
4383 5003 117 347
4383 5004 121 346
4383 5005 122 346
4383 5006 123 344
4383 5007 126 347
4383 5008 129 343
4383 5009 130 343
4383 5010 132 346
4383 5011 133 343
4383 5012 135 342
4383 5013 137 344
4383 5014 139 339
4383 5015 140 340
4383 5016 141 338
4383 5017 144 337
4383 5018 146 339
4383 5019 147 336
4383 5020 148 336
4383 5021 149 335
4383 5022 149 334
4383 5023 152 334
4383 5024 151 333
4383 5025 156 331
4383 5026 157 330
4383 5027 158 330
4383 5028 160 329
4383 5029 162 328
4383 5030 162 329
4383 5031 163 327
4383 5032 165 328
4383 5033 166 328
4383 5034 167 325
4383 5035 170 325
4383 5036 170 324
4383 5037 172 323
4383 5038 173 320
4383 5039 176 318
4479 5033 76 452
4479 5034 86 455
4479 5035 97 458
4479 5036 106 463
4479 5037 117 465
4479 5038 130 470
4479 5039 151 475
4692 5543 242 247
4692 5544 249 249
4692 5545 250 248
4692 5546 263 250
4692 5547 272 249
4692 5548 284 251
4692 5549 297 252
4692 5550 310 254
4692 5551 322 254
4692 5552 335 256
4692 5553 347 258
4692 5554 359 259
4692 5555 371 259
4692 5556 385 258
4692 5557 400 260
4692 5558 412 260
4692 5559 423 263
4692 5560 438 264
4692 5561 450 264
4692 5562 455 273
4853 5814 4 395
4853 5815 6 390
4853 5816 6 389
4853 5817 10 389
4853 5818 12 394
4853 5819 16 389
4853 5820 21 389
4853 5821 23 389
4853 5822 26 388
4853 5823 28 390
4853 5824 31 394
4853 5825 36 390
4853 5826 38 388
4853 5827 40 388
4853 5828 43 390
4853 5829 44 391
4853 5830 49 395
4853 5831 51 394
4853 5832 57 392
4853 5833 57 398
4853 5834 59 396
4853 5835 63 387
4853 5836 66 392
4853 5837 68 395
4853 5838 72 397
4853 5839 73 402
4853 5840 77 400
4853 5841 81 398
4853 5842 82 403
4853 5843 85 402
4853 5844 91 400
4853 5845 95 393
4853 5846 98 399
4853 5847 102 393
4853 5848 106 397
4853 5849 107 398
4853 5850 110 402
4853 5851 110 407
5039 6020 4 419
5039 6021 4 419
5039 6022 6 417
5039 6023 7 419
5039 6024 10 421
5039 6025 14 418
5039 6026 19 417
5039 6027 22 418
5039 6028 25 416
5039 6029 29 416
5039 6030 32 419
5039 6031 35 415
5039 6032 40 415
5039 6033 43 417
5039 6034 48 417
5039 6035 51 417
5039 6036 52 415
5039 6037 55 413
5039 6038 60 413
5039 6039 64 414
5039 6040 69 415
5039 6041 72 415
5039 6042 77 414
5039 6043 80 413
5039 6044 84 414
5039 6045 88 412
5039 6046 92 409
5039 6047 95 411
5039 6048 97 413
5039 6049 103 412
5039 6050 106 412
5039 6051 111 413
5039 6052 112 411
5039 6053 119 409
5039 6054 123 410
5039 6055 123 409
5039 6056 129 409
5039 6057 134 411
5039 6058 138 408
5039 6059 141 406
5039 6060 145 407
5039 6061 149 411
5039 6062 152 409
5039 6063 157 408
5039 6064 161 409
5039 6065 163 406
5039 6066 168 406
5039 6067 173 407
5039 6068 177 411
5039 6069 181 405
5039 6070 184 405
5039 6071 188 403
5039 6072 193 405
5039 6073 196 402
5039 6074 200 405
5039 6075 204 407
5039 6076 208 403
5039 6077 212 403
5039 6078 216 402
5039 6079 220 403
5039 6080 223 403
5039 6081 226 402
5039 6082 232 402
5039 6083 236 404
5039 6084 239 403
5039 6085 242 401
5039 6086 247 401
5039 6087 251 399
5039 6088 255 403
5039 6089 258 400
5039 6090 262 398
5039 6091 264 398
5039 6092 269 398
5039 6093 273 396
5039 6094 276 395
5039 6095 279 393
5039 6096 283 395
5039 6097 286 395
5039 6098 290 394
5039 6099 293 395
5039 6100 296 392
5039 6101 300 392
5039 6102 304 395
5039 6103 306 391
5039 6104 309 392
5039 6105 312 389
5039 6106 316 389
5039 6107 318 386
5039 6108 322 387
5039 6109 325 387
5039 6110 328 385
5039 6111 329 384
5039 6112 331 386
5039 6113 335 386
5039 6114 337 385
5039 6115 338 384
5039 6116 342 384
5039 6117 344 385
5039 6118 345 383
5039 6119 345 380
5039 6120 347 383
5039 6121 348 382
5039 6122 350 383
5039 6123 352 380
5039 6124 354 380
5039 6125 352 378
5039 6126 355 381
5039 6127 355 379
5039 6128 353 380
5039 6129 354 379
5039 6130 354 381
5039 6131 358 382
5039 6132 356 381
5039 6133 356 379
5039 6134 356 381
5042 6029 636 472
5042 6030 634 471
5042 6031 630 470
5042 6032 625 470
5042 6033 621 469
5042 6034 615 467
5042 6035 611 465
5042 6036 609 466
5042 6037 608 460
5042 6038 604 462
5042 6039 599 460
5042 6040 595 458
5042 6041 589 462
5042 6042 585 454
5042 6043 582 451
5042 6044 579 449
5042 6045 577 449
5042 6046 572 449
5042 6047 567 446
5042 6048 560 455
5042 6049 553 460
5042 6050 553 462
5042 6051 550 458
5042 6052 549 453
5042 6053 546 446
5042 6054 542 448
5089 6080 270 251
5089 6081 283 253
5089 6082 299 255
5089 6083 316 256
5089 6084 331 257
5089 6085 346 258
5089 6086 363 260
5089 6087 382 261
5089 6088 397 263
5089 6089 414 264
5089 6090 432 265
5089 6091 448 266
5089 6092 462 267
5089 6093 473 268
5089 6094 482 270
5089 6095 499 267
5368 6389 268 449
5368 6390 271 447
5368 6391 273 445
5368 6392 278 441
5368 6393 280 442
5368 6394 282 448
5368 6395 285 450
5368 6396 289 452
5368 6397 292 447
5368 6398 294 454
5368 6399 297 456
5368 6400 299 457
5368 6401 303 465
5368 6402 306 458
5368 6403 309 460
5368 6404 311 462
5368 6405 316 458
5368 6406 319 459
5368 6407 323 460
5368 6408 324 462
5368 6409 328 467
5368 6410 332 463
5368 6411 335 467
5368 6412 338 468
5368 6413 341 467
5368 6414 345 470
5368 6415 348 470
5368 6416 351 471
5368 6417 355 472
5368 6418 357 472
5368 6419 361 473
5368 6420 365 473
5368 6421 369 474
5368 6422 372 475
5368 6423 376 475
5368 6424 379 476
5460 6625 549 357
5460 6626 542 354
5460 6627 538 354
5460 6628 538 348
5460 6629 536 346
5460 6630 535 347
5460 6631 534 350
5460 6632 531 350
5460 6633 527 350
5460 6634 524 352
5460 6635 523 351
5460 6636 520 350
5460 6637 518 354
5460 6638 514 354
5460 6639 513 354
5460 6640 512 354
5460 6641 507 353
5460 6642 506 356
5460 6643 503 355
5460 6644 502 352
5460 6645 499 356
5460 6646 496 355
5460 6647 495 356
5460 6648 490 357
5460 6649 488 358
5460 6650 486 356
5460 6651 483 358
5460 6652 480 358
5460 6653 479 358
5460 6654 475 358
5460 6655 472 356
5460 6656 468 359
5460 6657 467 359
5460 6658 463 360
5460 6659 459 361
5460 6660 457 362
5460 6661 456 358
5460 6662 454 361
5460 6663 449 362
5460 6664 449 362
5460 6665 443 363
5460 6666 441 360
5460 6667 441 364
5460 6668 437 363
5460 6669 433 360
5460 6670 430 362
5460 6671 427 363
5460 6672 424 364
5460 6673 421 360
5460 6674 417 362
5460 6675 415 364
5460 6676 412 364
5460 6677 406 365
5460 6678 404 362
5460 6679 400 365
5460 6680 397 362
5460 6681 394 363
5460 6682 394 364
5460 6683 390 366
5460 6684 385 362
5460 6685 382 367
5460 6686 380 366
5460 6687 376 362
5460 6688 373 360
5460 6689 368 366
5460 6690 366 364
5460 6691 362 365
5460 6692 358 368
5460 6693 355 368
5460 6694 352 365
5460 6695 350 369
5460 6696 347 370
5460 6697 347 366
5460 6698 341 370
5460 6699 337 369
5460 6700 334 368
5460 6701 332 370
5460 6702 327 366
5460 6703 326 369
5460 6704 323 368
5460 6705 320 370
5460 6706 315 372
5460 6707 313 373
5460 6708 307 373
5460 6709 304 370
5460 6710 302 374
5460 6711 300 374
5460 6712 298 371
5460 6713 292 372
5460 6714 288 375
5460 6715 284 373
5460 6716 281 373
5460 6717 278 377
5460 6718 277 378
5460 6719 272 374
5460 6720 270 375
5460 6721 264 377
5460 6722 263 378
5460 6723 259 378
5460 6724 255 378
5460 6725 260 379
5519 6727 600 433
5519 6728 597 435
5519 6729 595 433
5519 6730 591 431
5519 6731 590 431
5519 6732 588 430
5519 6733 585 429
5519 6734 582 430
5519 6735 582 428
5519 6736 578 424
5519 6737 576 423
5519 6738 574 422
5519 6739 571 422
5519 6740 569 421
5519 6741 567 419
5519 6742 562 421
5519 6743 563 418
5519 6744 560 413
5519 6745 557 412
5519 6746 556 413
5519 6747 554 413
5519 6748 551 409
5519 6749 549 410
5519 6750 545 414
5519 6751 544 408
5519 6752 544 404
5519 6753 541 405
5519 6754 538 404
5519 6755 537 404
5519 6756 535 402
5519 6757 532 400
5519 6758 530 399
5519 6759 529 397
5519 6760 526 399
5519 6761 523 396
5519 6762 524 389
5519 6763 518 394
5519 6764 516 395
5519 6765 513 393
5519 6766 515 394
5521 6727 238 373
5521 6728 240 377
5521 6729 238 381
5521 6730 234 381
5521 6731 231 382
5521 6732 228 379
5521 6733 226 382
5521 6734 221 382
5521 6735 217 383
5521 6736 213 379
5521 6737 212 383
5521 6738 208 384
5521 6739 205 386
5521 6740 202 387
5521 6741 196 382
5521 6742 194 383
5521 6743 191 388
5521 6744 185 388
5521 6745 182 384
5521 6746 180 387
5521 6747 177 389
5521 6748 176 389
5521 6749 170 390
5521 6750 165 390
5521 6751 164 391
5521 6752 158 386
5521 6753 155 386
5521 6754 154 392
5521 6755 147 391
5521 6756 144 388
5521 6757 143 392
5521 6758 136 391
5521 6759 133 390
5521 6760 130 391
5521 6761 127 394
5521 6762 125 392
5521 6763 123 394
5521 6764 116 394
5521 6765 115 394
5521 6766 114 394
5521 6767 107 389
5521 6768 103 387
5536 6766 509 393
5536 6767 510 389
5536 6768 507 390
5536 6769 506 389
5536 6770 502 390
5536 6771 501 386
5536 6772 500 384
5536 6773 497 385
5536 6774 496 383
5536 6775 493 381
5536 6776 492 380
5536 6777 490 382
5536 6778 488 379
5536 6779 485 379
5536 6780 483 378
5536 6781 481 377
5536 6782 479 377
5536 6783 477 374
5536 6784 476 374
5536 6785 474 373
5536 6786 472 373
5536 6787 469 372
5536 6788 467 370
5536 6789 466 370
5536 6790 463 369
5536 6791 461 369
5536 6792 459 366
5536 6793 457 363
5536 6794 456 366
5536 6795 454 365
5536 6796 453 369
5544 6779 483 267
5544 6780 477 264
5544 6781 472 265
5544 6782 459 263
5544 6783 443 261
5544 6784 426 260
5544 6785 413 259
5544 6786 399 257
5544 6787 383 255
5544 6788 368 254
5544 6789 353 252
5544 6790 339 251
5544 6791 324 250
5544 6792 311 249
5544 6793 297 249
5544 6794 285 247
5544 6795 271 247
5567 6807 383 376
5567 6808 384 376
5567 6809 384 379
5567 6810 387 378
5567 6811 389 375
5567 6812 390 377
5567 6813 393 380
5567 6814 395 376
5567 6815 397 378
5567 6816 401 378
5567 6817 400 377
5567 6818 403 374
5567 6819 406 375
5567 6820 408 374
5567 6821 409 377
5567 6822 413 378
5567 6823 416 379
5567 6824 419 379
5567 6825 421 380
5567 6826 423 375
5567 6827 425 378
5567 6828 429 375
5567 6829 432 378
5567 6830 435 375
5567 6831 439 373
5567 6832 441 372
5567 6833 444 378
5567 6834 446 377
5567 6835 450 372
5567 6836 454 374
5567 6837 455 378
5567 6838 459 373
5567 6839 464 369
5567 6840 466 372
5567 6841 467 374
5567 6842 471 369
5567 6843 475 369
5567 6844 478 367
5567 6845 481 368
5567 6846 485 367
5567 6847 485 373
5567 6848 486 378
5567 6849 485 382
5597 6836 180 258
5597 6837 179 256
5597 6838 181 257
5597 6839 181 258
5597 6840 180 257
5597 6841 179 259
5597 6842 180 261
5597 6843 178 264
5597 6844 176 266
5597 6845 175 266
5597 6846 174 263
5597 6847 171 268
5597 6848 169 270
5597 6849 168 270
5597 6850 165 272
5597 6851 163 272
5597 6852 160 275
5597 6853 157 271
5597 6854 154 272
5597 6855 152 274
5597 6856 149 275
5597 6857 146 276
5597 6858 142 278
5597 6859 141 279
5597 6860 137 280
5597 6861 134 281
5597 6862 132 283
5597 6863 129 284
5597 6864 126 286
5597 6865 123 287
5597 6866 120 287
5597 6867 117 289
5597 6868 114 291
5597 6869 111 292
5597 6870 108 294
5597 6871 104 295
5597 6872 100 297
5597 6873 97 298
5597 6874 94 300
5597 6875 91 299
5597 6876 88 303
5597 6877 85 304
5597 6878 81 307
5597 6879 77 308
5597 6880 75 310
5597 6881 71 311
5597 6882 69 313
5597 6883 65 315
5597 6884 65 316
5597 6885 63 318
5597 6886 61 320
5597 6887 58 321
5597 6888 55 320
5597 6889 55 321
5597 6890 52 323
5597 6891 47 323
5597 6892 47 324
5597 6893 42 325
5597 6894 40 326
5597 6895 35 328
5597 6896 33 329
5597 6897 31 330
5597 6898 27 331
5597 6899 22 330
5597 6900 21 332
5597 6901 16 331
5597 6902 16 332
5597 6903 14 332
5597 6904 14 333
5597 6905 11 332
5597 6906 9 332
5597 6907 11 329
5597 6908 6 335
5610 6848 489 368
5610 6849 492 367
5610 6850 496 367
5610 6851 499 368
5610 6852 501 365
5610 6853 505 365
5610 6854 505 367
5610 6855 510 363
5610 6856 513 365
5610 6857 515 363
5610 6858 519 363
5610 6859 521 361
5610 6860 522 362
5610 6861 524 366
5610 6862 527 363
5610 6863 531 360
5610 6864 534 357
5610 6865 535 360
5610 6866 539 358
5610 6867 541 359
5610 6868 542 360
5610 6869 545 360
5610 6870 548 357
5610 6871 551 356
5610 6872 552 355
5610 6873 555 355
5610 6874 556 356
5610 6875 558 355
5610 6876 560 355
5610 6877 563 351
5610 6878 565 352
5610 6879 567 352
5610 6880 568 349
5610 6881 568 353
5610 6882 570 355
5610 6883 574 356
5610 6884 570 363
5619 6853 179 257
5619 6854 178 260
5619 6855 175 262
5619 6856 175 264
5619 6857 172 265
5619 6858 171 267
5619 6859 168 267
5619 6860 165 270
5619 6861 164 270
5619 6862 160 271
5619 6863 159 273
5619 6864 156 275
5619 6865 154 276
5619 6866 153 276
5619 6867 149 280
5619 6868 147 279
5619 6869 138 280
5619 6870 135 283
5619 6871 133 284
5619 6872 130 285
5619 6873 128 285
5619 6874 124 287
5619 6875 121 287
5619 6876 119 288
5619 6877 115 290
5619 6878 112 291
5619 6879 110 293
5619 6880 107 294
5619 6881 104 295
5619 6882 101 298
5619 6883 99 299
5619 6884 97 300
5619 6885 93 301
5619 6886 94 301
5619 6887 96 302
5619 6888 94 306
5619 6889 93 304
5619 6890 91 307
5619 6891 88 307
5619 6892 88 309
5619 6893 82 309
5619 6894 81 311
5619 6895 81 311
5619 6896 77 312
5619 6897 75 312
5619 6898 74 314
5619 6899 73 316
5619 6900 72 317
5619 6901 67 317
5619 6902 65 318
5619 6903 63 315
5619 6904 62 319
5619 6905 60 320
5619 6906 56 321
5619 6907 55 323
5619 6908 51 321
5619 6909 50 323
5619 6910 46 321
5619 6911 46 325
5619 6912 43 321
5619 6913 40 322
5619 6914 38 322
5923 7252 483 267
5923 7253 476 265
5923 7254 469 265
5923 7255 456 264
5923 7256 443 261
5923 7257 430 261
5923 7258 415 260
5923 7259 400 258
5923 7260 385 257
5923 7261 374 257
5923 7262 361 255
5923 7263 349 254
5923 7264 335 251
5923 7265 327 252
5923 7266 313 251
5923 7267 301 254
5997 7391 96 299
5997 7392 98 298
5997 7393 89 296
5997 7394 90 294
5997 7395 81 297
5997 7396 78 298
5997 7397 75 302
5997 7398 72 303
5997 7399 65 304
5997 7400 68 303
5997 7401 66 306
5997 7402 58 308
5997 7403 51 311
5997 7404 47 312
5997 7405 48 312
5997 7406 42 314
5997 7407 32 320
5997 7408 36 317
5997 7409 24 320
5997 7410 29 324
5997 7411 35 327
6135 7627 159 266
6135 7628 158 263
6135 7629 157 264
6135 7630 156 265
6135 7631 155 267
6135 7632 153 269
6135 7633 152 269
6135 7634 150 271
6135 7635 148 272
6135 7636 146 275
6135 7637 144 275
6135 7638 143 275
6135 7639 139 278
6135 7640 136 279
6135 7641 133 280
6135 7642 131 280
6135 7643 127 282
6135 7644 124 284
6135 7645 119 284
6135 7646 118 286
6135 7647 113 287
6135 7648 108 289
6135 7649 105 289
6135 7650 102 291
6135 7651 98 293
6135 7652 94 295
6135 7653 89 298
6135 7654 82 303
6135 7655 79 301
6135 7656 75 304
6135 7657 69 304
6135 7658 67 306
6135 7659 58 308
6135 7660 56 310
6135 7661 53 311
6135 7662 48 314
6135 7663 43 316
6135 7664 38 318
6135 7665 35 320
6135 7666 29 322
6135 7667 24 325
6135 7668 18 329
6135 7669 14 331
6135 7670 11 333
6135 7671 8 336
6135 7672 5 338
6420 7920 191 262
6420 7921 189 262
6420 7922 188 263
6420 7923 187 263
6420 7924 186 259
6420 7925 184 263
6420 7926 182 260
6420 7927 182 260
6420 7928 179 260
6420 7929 178 260
6420 7930 176 260
6420 7931 174 259
6420 7932 172 260
6420 7933 172 263
6420 7934 171 263
6420 7935 169 262
6420 7936 168 263
6420 7937 166 264
6420 7938 165 263
6420 7939 164 265
6420 7940 163 263
6420 7941 163 265
6420 7942 162 265
6420 7943 161 264
6420 7944 159 266
6420 7945 157 265
6420 7946 156 268
6420 7947 155 269
6420 7948 155 269
6420 7949 154 267
6420 7950 153 269
6420 7951 150 271
6420 7952 150 271
6420 7953 148 271
6420 7954 148 270
6420 7955 145 272
6420 7956 146 273
6420 7957 142 271
6420 7958 141 271
6420 7959 139 273
6420 7960 138 273
6420 7961 136 273
6420 7962 134 272
6420 7963 134 274
6420 7964 132 276
6420 7965 131 273
6420 7966 130 274
6420 7967 129 274
6420 7968 126 276
6420 7969 125 277
6420 7970 122 274
6420 7971 121 277
6420 7972 119 277
6420 7973 118 278
6420 7974 117 278
6420 7975 115 278
6420 7976 114 278
6420 7977 113 280
6420 7978 111 280
6420 7979 110 280
6420 7980 108 281
6420 7981 106 281
6420 7982 105 282
6420 7983 106 281
6420 7984 106 281
6420 7985 104 282
6420 7986 100 284
6420 7987 98 284
6420 7988 96 285
6420 7989 96 285
6420 7990 94 285
6420 7991 94 284
6420 7992 92 285
6420 7993 89 286
6420 7994 87 286
6420 7995 87 287
6420 7996 85 285
6420 7997 83 286
6420 7998 81 288
6420 7999 81 287
6420 8000 77 286
6420 8001 73 287
6420 8002 73 282
6428 7942 245 332
6428 7943 242 330
6428 7944 243 334
6428 7945 245 337
6428 7946 245 341
6428 7947 245 337
6428 7948 247 336
6428 7949 251 339
6428 7950 251 338
6428 7951 254 337
6428 7952 254 337
6428 7953 255 340
6428 7954 256 345
6428 7955 259 340
6428 7956 261 343
6428 7957 259 343
6428 7958 261 343
6428 7959 261 344
6428 7960 264 344
6428 7961 265 349
6428 7962 267 344
6428 7963 269 348
6428 7964 271 349
6428 7965 270 350
6428 7966 272 355
6428 7967 274 351
6428 7968 275 349
6428 7969 277 352
6428 7970 279 352
6428 7971 281 353
6428 7972 283 354
6428 7973 286 356
6428 7974 286 356
6428 7975 288 354
6428 7976 289 357
6428 7977 290 358
6428 7978 293 359
6428 7979 296 360
6428 7980 296 359
6428 7981 299 360
6428 7982 303 363
6428 7983 303 363
6428 7984 303 364
6428 7985 305 364
6449 7959 224 246
6449 7960 232 255
6449 7961 241 248
6449 7962 253 250
6449 7963 263 249
6449 7964 271 251
6449 7965 282 251
6449 7966 293 252
6449 7967 305 253
6449 7968 315 254
6449 7969 324 255
6449 7970 337 256
6449 7971 350 257
6449 7972 361 258
6449 7973 372 259
6449 7974 386 260
6449 7975 397 261
6449 7976 410 262
6449 7977 425 263
6449 7978 438 265
6449 7979 451 266
6449 7980 462 267
6449 7981 472 267
6449 7982 478 268
6463 7979 77 388
6463 7980 78 388
6463 7981 81 388
6463 7982 84 384
6463 7983 87 384
6463 7984 90 385
6463 7985 93 383
6463 7986 95 387
6463 7987 99 378
6463 7988 101 376
6463 7989 101 380
6463 7990 104 383
6463 7991 111 384
6463 7992 111 385
6463 7993 112 381
6463 7994 112 378
6463 7995 118 380
6463 7996 118 377
6463 7997 121 372
6463 7998 123 367
6463 7999 124 366
6463 8000 126 364
6463 8001 128 367
6463 8002 130 364
6463 8003 132 363
6463 8004 133 357
6463 8005 137 355
6463 8006 137 355
6463 8007 140 357
6463 8008 143 358
6463 8009 144 350
6463 8010 146 353
6463 8011 148 354
6467 7985 308 375
6467 7986 306 370
6467 7987 311 366
6467 7988 312 365
6467 7989 313 363
6467 7990 314 367
6467 7991 317 367
6467 7992 319 369
6467 7993 319 369
6467 7994 320 370
6467 7995 322 371
6467 7996 324 369
6467 7997 326 373
6467 7998 327 376
6467 7999 328 377
6467 8000 330 375
6467 8001 331 381
6467 8002 334 379
6467 8003 335 380
6467 8004 336 381
6467 8005 336 380
6467 8006 340 376
6467 8007 341 382
6467 8008 343 383
6467 8009 345 381
6467 8010 347 383
6467 8011 349 382
6467 8012 351 387
6467 8013 352 387
6467 8014 351 395
6467 8015 355 389
6467 8016 357 389
6467 8017 361 391
6467 8018 363 392
6467 8019 364 398
6467 8020 366 392
6467 8021 368 398
6467 8022 371 395
6467 8023 374 397
6467 8024 375 394
6467 8025 378 393
6467 8026 377 397
6467 8027 381 398
6467 8028 383 401
6467 8029 386 400
6467 8030 384 400
6467 8031 389 399
6467 8032 391 402
6467 8033 393 403
6467 8034 397 395
6490 8005 114 447
6490 8006 96 441
6490 8007 78 436
6490 8008 60 432
6490 8009 38 428
6490 8010 27 426
6490 8011 11 425
6522 8023 431 261
6522 8024 416 259
6522 8025 409 260
6522 8026 396 258
6522 8027 380 259
6522 8028 364 256
6522 8029 351 254
6522 8030 339 253
6522 8031 324 251
6522 8032 312 251
6522 8033 299 249
6522 8034 285 249
6522 8035 270 248
6522 8036 258 246
6522 8037 248 250
6522 8038 253 261
6522 8039 252 256
6522 8040 239 268
6522 8041 240 267
6522 8042 238 268
6522 8043 236 269
6522 8044 237 266
6522 8045 237 265
6522 8046 235 265
6522 8047 234 268
6522 8048 233 265
6522 8049 233 263
6522 8050 232 267
6522 8051 226 267
6522 8052 227 267
6560 8058 458 425
6560 8059 460 421
6560 8060 461 420
6560 8061 470 422
6560 8062 469 422
6560 8063 472 431
6560 8064 474 424
6560 8065 479 421
6560 8066 482 415
6560 8067 485 422
6560 8068 487 417
6560 8069 490 424
6560 8070 493 428
6560 8071 495 425
6560 8072 496 430
6560 8073 500 428
6560 8074 500 431
6560 8075 501 432
6560 8076 504 439
6560 8077 508 440
6560 8078 512 437
6560 8079 516 434
6560 8080 518 436
6560 8081 519 443
6593 8085 538 438
6593 8086 543 444
6593 8087 547 446
6593 8088 549 446
6593 8089 552 446
6593 8090 556 448
6593 8091 563 444
6593 8092 565 451
6593 8093 568 453
6593 8094 572 456
6593 8095 575 455
6593 8096 576 456
6593 8097 578 457
6593 8098 578 461
6593 8099 584 461
6593 8100 588 461
6593 8101 591 462
6593 8102 593 463
6593 8103 596 463
6593 8104 598 458
6593 8105 601 465
6593 8106 603 466
6593 8107 606 467
6593 8108 609 467
6593 8109 613 467
6593 8110 616 468
6593 8111 618 466
6593 8112 621 468
6593 8113 623 469
6593 8114 626 470
6593 8115 629 468
6593 8116 632 469
6593 8117 633 470
6593 8118 635 474
6674 8215 219 341
6674 8216 219 338
6674 8217 220 336
6674 8218 224 341
6674 8219 227 342
6674 8220 230 344
6674 8221 232 346
6674 8222 234 348
6674 8223 238 350
6674 8224 240 352
6674 8225 243 354
6674 8226 244 354
6674 8227 246 358
6674 8228 249 360
6674 8229 250 361
6674 8230 254 359
6674 8231 256 364
6674 8232 257 365
6674 8233 260 370
6674 8234 261 371
6674 8235 262 372
6688 8252 331 438
6688 8253 336 440
6688 8254 333 433
6688 8255 337 436
6688 8256 342 441
6688 8257 348 445
6688 8258 353 448
6688 8259 359 452
6688 8260 364 456
6688 8261 370 459
6688 8262 375 461
6688 8263 380 462
6688 8264 385 464
6688 8265 394 467
6688 8266 402 470
6688 8267 406 471
6688 8268 415 472
6688 8269 419 475
6852 8447 90 406
6852 8448 87 414
6852 8449 90 411
6852 8450 89 415
6852 8451 97 423
6852 8452 111 428
6852 8453 115 429
6852 8454 111 429
6852 8455 117 434
6852 8456 125 445
6852 8457 136 443
6852 8458 134 441
6852 8459 143 449
6852 8460 150 448
6852 8461 160 456
6852 8462 169 459
6852 8463 173 461
6852 8464 167 454
6852 8465 169 456
7308 8897 434 465
7308 8898 430 465
7308 8899 428 466
7308 8900 424 466
7308 8901 421 467
7308 8902 417 467
7308 8903 413 467
7308 8904 410 467
7308 8905 407 467
7308 8906 402 468
7308 8907 398 469
7308 8908 395 469
7308 8909 391 469
7308 8910 387 470
7308 8911 384 470
7308 8912 379 470
7308 8913 377 470
7308 8914 373 471
7308 8915 368 471
7308 8916 363 471
7308 8917 357 471
7308 8918 356 471
7308 8919 351 472
7308 8920 349 472
7308 8921 344 472
7308 8922 339 472
7308 8923 336 473
7308 8924 332 473
7308 8925 329 473
7308 8926 326 473
7308 8927 320 474
7308 8928 317 474
7308 8929 312 474
7308 8930 309 475
7308 8931 306 475
7308 8932 301 475
7308 8933 297 475
7308 8934 292 475
7308 8935 289 475
7367 8977 141 364
7367 8978 139 363
7367 8979 144 364
7367 8980 142 363
7367 8981 139 364
7367 8982 141 365
7367 8983 133 365
7367 8984 136 369
7367 8985 133 369
7367 8986 130 368
7367 8987 130 373
7367 8988 126 373
7367 8989 125 373
7367 8990 118 372
7367 8991 119 374
7367 8992 115 379
7367 8993 112 374
7367 8994 111 377
7367 8995 109 381
7367 8996 108 379
7367 8997 104 382
7367 8998 103 381
7367 8999 98 383
7367 9000 97 386
7367 9001 98 385
7367 9002 92 385
7367 9003 89 388
7367 9004 84 388
7367 9005 77 389
7367 9006 78 390
7367 9007 73 393
7467 9054 347 259
7467 9055 363 260
7467 9056 377 262
7467 9057 391 263
7467 9058 408 264
7467 9059 425 266
7467 9060 440 268
7467 9061 454 269
7467 9062 465 270
7467 9063 475 271
7467 9064 483 272
7524 9115 67 321
7524 9116 58 317
7524 9117 58 319
7524 9118 52 321
7524 9119 47 323
7524 9120 43 326
7524 9121 37 328
7524 9122 32 330
7524 9123 28 333
7524 9124 25 335
7524 9125 23 335
7524 9126 19 336
7524 9127 17 338
7524 9128 15 338
7524 9129 13 339
7524 9130 10 341
7524 9131 9 342
7524 9132 6 346
7622 9220 500 267
7622 9221 483 267
7622 9222 476 266
7622 9223 470 264
7622 9224 462 265
7622 9225 445 264
7622 9226 429 263
7622 9227 416 261
7622 9228 402 260
7622 9229 387 257
7622 9230 371 257
7622 9231 360 256
7622 9232 347 254
7622 9233 332 253
7622 9234 323 252
7622 9235 312 250
7622 9236 300 250
7718 9280 180 265
7718 9281 174 266
7718 9282 173 267
7718 9283 170 268
7718 9284 167 267
7718 9285 164 271
7718 9286 161 272
7718 9287 157 273
7718 9288 152 274
7718 9289 151 276
7718 9290 148 277
7718 9291 145 277
7718 9292 142 279
7718 9293 137 280
7718 9294 134 279
7718 9295 132 283
7718 9296 127 284
7718 9297 127 285
7718 9298 121 287
7718 9299 118 289
7718 9300 117 290
7718 9301 119 291
7749 9302 247 475
7749 9303 247 475
7749 9304 254 475
7749 9305 258 474
7749 9306 263 474
7749 9307 266 473
7749 9308 270 473
7749 9309 274 472
7749 9310 280 472
7749 9311 284 472
7749 9312 288 471
7749 9313 292 471
7749 9314 296 471
7749 9315 300 471
7749 9316 304 470
7749 9317 308 469
7749 9318 313 470
7749 9319 321 469
7749 9320 323 467
7749 9321 325 467
7749 9322 330 468
7749 9323 333 466
7749 9324 337 467
7749 9325 342 465
7749 9326 346 463
7749 9327 349 462
7749 9328 353 461
7749 9329 358 462
7749 9330 361 459
7749 9331 369 459
7749 9332 370 458
7749 9333 375 457
7749 9334 378 456
7749 9335 381 456
7749 9336 384 458
7749 9337 388 454
7749 9338 393 458
7749 9339 395 454
7749 9340 401 452
7749 9341 403 452
7749 9342 402 455
7890 9380 531 425
7890 9381 534 426
7890 9382 537 425
7890 9383 541 424
7890 9384 543 424
7890 9385 546 424
7890 9386 549 422
7890 9387 552 422
7890 9388 556 423
7890 9389 556 421
7890 9390 560 420
7890 9391 562 421
7890 9392 564 419
7890 9393 566 419
7890 9394 570 416
7890 9395 572 417
7890 9396 574 417
7890 9397 577 414
7890 9398 580 415
7890 9399 582 416
7890 9400 584 414
7890 9401 586 412
7890 9402 589 412
7890 9403 591 411
7890 9404 593 410
7890 9405 596 410
7890 9406 598 411
7890 9407 600 411
7890 9408 602 407
7890 9409 605 408
7890 9410 608 406
7890 9411 613 405
7890 9412 612 407
7890 9413 615 406
7890 9414 616 406
7890 9415 618 403
7890 9416 620 404
7890 9417 623 401
7890 9418 625 401
7890 9419 627 402
7890 9420 629 401
7890 9421 632 400
7890 9422 633 400
7890 9423 633 402
8021 9779 530 368
8021 9780 530 366
8021 9781 528 365
8021 9782 527 363
8021 9783 525 364
8021 9784 523 364
8021 9785 519 365
8021 9786 515 363
8021 9787 513 362
8021 9788 515 361
8021 9789 511 362
8021 9790 508 360
8021 9791 508 359
8021 9792 506 359
8021 9793 502 359
8021 9794 500 355
8021 9795 499 356
8021 9796 497 357
8021 9797 493 355
8021 9798 493 354
8021 9799 491 355
8021 9800 488 354
8021 9801 485 354
8021 9802 485 349
8021 9803 482 349
8021 9804 481 351
8021 9805 479 349
8021 9806 478 348
8021 9807 476 349
8021 9808 474 348
8021 9809 472 349
8021 9810 469 346
8021 9811 469 348
8021 9812 466 343
8021 9813 464 346
8021 9814 462 344
8021 9815 461 343
8021 9816 458 343
8021 9817 456 343
8021 9818 453 340
8021 9819 453 341
8021 9820 451 340
8021 9821 449 339
8021 9822 448 338
8021 9823 446 340
8021 9824 445 338
8021 9825 442 337
8021 9826 441 338
8021 9827 439 336
8021 9828 439 336
8021 9829 436 337
8021 9830 434 332
8021 9831 434 335
8021 9832 431 334
8021 9833 428 334
8021 9834 428 332
8021 9835 428 330
8021 9836 425 332
8021 9837 423 330
8021 9838 420 330
8021 9839 420 330
8021 9840 419 329
8021 9841 417 330
8021 9842 415 327
8021 9843 413 327
8021 9844 413 326
8021 9845 411 328
8021 9846 410 325
8021 9847 407 325
8021 9848 405 326
8021 9849 405 325
8021 9850 403 324
8021 9851 402 322
8021 9852 401 322
8021 9853 398 320
8021 9854 397 320
8021 9855 396 321
8021 9856 394 320
8021 9857 392 324
8021 9858 392 318
8021 9859 391 318
8021 9860 389 319
8021 9861 388 317
8021 9862 386 316
8021 9863 385 316
8021 9864 383 314
8021 9865 382 315
8021 9866 382 313
8021 9867 381 314
8021 9868 378 313
8021 9869 377 311
8021 9870 376 312
8021 9871 375 315
8021 9872 374 311
8021 9873 373 310
8021 9874 372 310
8021 9875 371 309
8021 9876 370 310
8021 9877 369 308
8021 9878 368 307
8021 9879 365 308
8021 9880 365 306
8021 9881 364 306
8021 9882 363 303
8021 9883 362 304
8021 9884 360 303
8021 9885 359 304
8021 9886 358 303
8021 9887 358 305
8021 9888 356 304
8021 9889 356 302
8021 9890 355 302
8021 9891 354 301
8021 9892 351 300
8021 9893 351 299
8021 9894 351 298
8021 9895 349 300
8021 9896 349 298
8021 9897 347 296
8021 9898 348 297
8021 9899 347 296
8021 9900 346 297
8021 9901 345 298
8021 9902 345 295
8021 9903 343 296
8021 9904 342 295
8021 9905 340 295
8080 9905 340 288
8080 9906 340 291
8080 9907 340 294
8080 9908 338 295
8080 9909 337 290
8080 9910 336 292
8080 9911 336 292
8080 9912 334 293
8080 9913 333 291
8080 9914 333 291
8080 9915 332 290
8080 9916 332 290
8080 9917 331 287
8080 9918 330 288
8080 9919 330 289
8080 9920 328 287
8080 9921 326 288
8080 9922 326 284
8080 9923 325 287
8080 9924 325 286
8080 9925 324 285
8080 9926 323 284
8080 9927 322 284
8080 9928 321 283
8080 9929 320 284
8080 9930 319 286
8080 9931 319 283
8080 9932 318 283
8080 9933 317 283
8080 9934 316 280
8080 9935 315 282
8080 9936 315 283
8080 9937 314 281
8080 9938 313 280
8080 9939 312 281
8080 9940 310 280
8080 9941 309 278
8080 9942 308 280
8080 9943 308 281
8080 9944 308 278
8080 9945 307 276
8080 9946 307 278
8080 9947 306 277
8080 9948 305 277
8080 9949 303 275
8080 9950 304 276
8080 9951 300 274
8080 9952 300 275
8080 9953 300 273
8080 9954 299 273
8080 9955 299 273
8080 9956 298 273
8080 9957 296 273
8080 9958 296 271
8080 9959 296 272
8080 9960 294 272
8080 9961 293 268
8080 9962 293 270
8080 9963 292 271
8080 9964 291 270
8080 9965 291 272
8080 9966 289 271
8080 9967 287 270
8080 9968 288 270
8080 9969 287 268
8080 9970 287 268
8080 9971 285 265
8080 9972 285 269
8080 9973 284 268
8080 9974 283 267
8080 9975 282 268
8080 9976 281 268
8080 9977 280 266
8080 9978 280 265
8080 9979 279 266
8080 9980 278 266
8080 9981 277 265
8080 9982 276 263
8080 9983 275 263
8080 9984 275 265
8417 10509 372 327
8417 10510 368 326
8417 10511 373 330
8417 10512 370 330
8417 10513 368 329
8417 10514 371 335
8417 10515 368 336
8417 10516 365 334
8417 10517 363 333
8417 10518 357 334
8417 10519 354 328
8417 10520 353 326
8417 10521 351 323
8417 10522 350 326
8417 10523 345 325
8417 10524 345 326
8417 10525 342 325
8417 10526 341 324
8417 10527 339 325
8417 10528 335 324
8417 10529 335 324
8417 10530 333 323
8417 10531 331 324
8417 10532 327 319
8417 10533 327 323
8417 10534 326 322
8417 10535 323 322
8417 10536 319 328
8417 10537 316 321
8417 10538 318 321
8417 10539 315 320
8417 10540 313 321
8417 10541 311 319
8417 10542 310 319
8417 10543 308 322
8417 10544 306 318
8417 10545 304 318
8417 10546 301 318
8417 10547 301 313
8417 10548 299 317
8417 10549 295 318
8417 10550 294 320
8417 10551 291 326
8422 10516 152 292
8422 10517 149 285
8422 10518 148 282
8422 10519 151 290
8422 10520 151 293
8422 10521 150 296
8422 10522 153 294
8422 10523 154 296
8422 10524 154 295
8422 10525 153 293
8422 10526 154 292
8422 10527 154 295
8422 10528 155 295
8422 10529 155 296
8422 10530 157 297
8422 10531 160 298
8422 10532 157 298
8422 10533 159 299
8422 10534 158 296
8422 10535 160 298
8422 10536 161 303
8422 10537 160 301
8422 10538 162 301
8422 10539 164 301
8422 10540 165 302
8422 10541 166 302
8422 10542 168 302
8422 10543 166 308
8422 10544 170 304
8422 10545 171 304
8422 10546 172 306
8422 10547 173 306
8422 10548 175 307
8422 10549 175 304
8422 10550 177 308
8422 10551 177 303
8422 10552 180 308
8422 10553 182 308
8422 10554 182 312
8422 10555 184 314
8422 10556 184 311
8422 10557 184 313
8422 10558 187 312
8422 10559 188 314
8422 10560 191 315
8422 10561 190 315
8422 10562 192 315
8422 10563 193 317
8422 10564 196 317
8422 10565 196 323
8422 10566 198 318
8422 10567 200 320
8422 10568 201 321
8422 10569 202 323
8422 10570 203 321
8422 10571 204 324
8422 10572 204 327
8422 10573 205 326
8422 10574 207 325
8422 10575 208 327
8422 10576 210 329
8422 10577 211 327
8422 10578 211 331
8422 10579 212 329
8422 10580 212 331
8422 10581 212 332
8422 10582 215 332
8422 10583 216 334
8422 10584 216 338
8422 10585 217 335
8422 10586 218 337
8422 10587 220 338
8422 10588 220 338
8422 10589 222 339
8422 10590 223 342
8422 10591 223 341
8422 10592 226 339
8422 10593 227 343
8422 10594 228 344
8422 10595 230 347
8422 10596 229 346
8422 10597 230 348
8422 10598 234 349
8422 10599 234 351
8422 10600 235 352
8422 10601 238 351
8422 10602 239 353
8422 10603 241 353
8422 10604 242 356
8422 10605 244 358
8422 10606 247 361
8422 10607 247 358
8422 10608 251 360
8422 10609 252 363
8422 10610 255 361
8422 10611 255 363
8422 10612 257 364
8422 10613 258 367
8422 10614 261 366
8422 10615 263 367
8422 10616 263 366
8461 10604 240 411
8461 10605 245 407
8461 10606 237 410
8461 10607 237 406
8461 10608 234 399
8461 10609 238 404
8461 10610 234 400
8461 10611 235 403
8461 10612 233 404
8461 10613 232 407
8461 10614 234 410
8461 10615 233 412
8461 10616 233 411
8461 10617 232 414
8461 10618 229 413
8461 10619 227 415
8461 10620 229 415
8461 10621 226 419
8461 10622 227 418
8461 10623 225 422
8461 10624 223 423
8461 10625 223 421
8461 10626 223 427
8461 10627 219 425
8461 10628 222 432
8461 10629 220 433
8461 10630 218 431
8461 10631 216 431
8461 10632 216 437
8461 10633 214 438
8461 10634 212 437
8461 10635 207 439
8461 10636 210 442
8461 10637 210 441
8461 10638 208 445
8461 10639 207 444
8461 10640 206 450
8461 10641 204 449
8461 10642 203 447
8481 10631 300 389
8481 10632 298 388
8481 10633 300 390
8481 10634 302 391
8481 10635 303 391
8481 10636 305 395
8481 10637 309 397
8481 10638 313 397
8481 10639 313 399
8481 10640 317 400
8481 10641 320 402
8481 10642 322 403
8481 10643 325 405
8481 10644 326 407
8481 10645 330 407
8481 10646 331 408
8481 10647 335 410
8481 10648 337 412
8481 10649 340 413
8481 10650 343 415
8481 10651 347 417
8481 10652 348 419
8481 10653 351 419
8481 10654 355 421
8481 10655 358 423
8481 10656 360 425
8481 10657 363 426
8481 10658 367 429
8481 10659 370 431
8481 10660 374 433
8481 10661 378 432
8481 10662 380 435
8481 10663 383 437
8481 10664 386 437
8481 10665 389 440
8481 10666 393 443
8481 10667 398 445
8481 10668 401 445
8481 10669 404 446
8481 10670 408 448
8481 10671 409 450
8481 10672 412 450
8481 10673 417 454
8481 10674 422 456
8481 10675 423 458
8481 10676 428 458
8481 10677 432 459
8481 10678 436 461
8481 10679 437 462
8481 10680 441 463
8481 10681 445 463
8481 10682 449 465
8481 10683 452 466
8779 11098 109 293
8779 11099 110 294
8779 11100 113 298
8779 11101 113 299
8779 11102 115 297
8779 11103 117 299
8779 11104 118 297
8779 11105 120 297
8779 11106 121 296
8779 11107 122 291
8779 11108 123 290
8779 11109 125 293
8779 11110 125 295
8779 11111 126 294
8779 11112 129 295
8779 11113 131 293
8779 11114 132 292
8779 11115 133 293
8779 11116 135 292
8779 11117 136 286
8779 11118 138 290
8779 11119 139 290
8779 11120 139 291
8779 11121 140 290
8779 11122 143 285
8779 11123 144 289
8779 11124 145 289
8779 11125 146 288
8779 11126 147 283
8779 11127 149 288
8779 11128 150 287
8779 11129 151 286
8779 11130 153 285
8779 11131 154 285
8779 11132 155 284
8779 11133 157 285
8779 11134 158 284
8779 11135 159 279
8779 11136 161 280
8779 11137 161 281
8779 11138 163 283
8779 11139 164 282
8779 11140 166 284
8779 11141 167 281
8779 11142 168 281
8779 11143 170 284
8779 11144 171 281
8779 11145 172 280
8779 11146 173 279
8779 11147 173 279
8779 11148 175 279
8779 11149 176 275
8779 11150 177 272
8812 11137 501 474
8812 11138 504 475
8812 11139 506 476
8812 11140 509 475
8812 11141 515 475
8812 11142 516 472
8812 11143 519 473
8812 11144 522 473
8812 11145 527 472
8812 11146 530 471
8812 11147 533 471
8812 11148 536 471
8812 11149 541 466
8812 11150 553 466
8812 11151 555 463
8812 11152 559 465
8812 11153 564 461
8812 11154 568 460
8812 11155 571 459
8812 11156 571 459
8812 11157 574 458
8812 11158 578 453
8812 11159 579 455
8812 11160 580 456
8812 11161 583 454
8812 11162 586 449
8812 11163 587 450
8812 11164 589 450
8812 11165 591 448
8812 11166 594 446
8812 11167 596 446
8812 11168 597 444
8812 11169 599 439
8812 11170 600 440
8812 11171 601 440
8812 11172 603 438
8812 11173 605 432
8812 11174 606 431
8812 11175 605 431
8812 11176 608 429
8812 11177 609 427
8812 11178 609 428
8812 11179 611 426
8875 11216 62 475
8875 11217 64 474
8875 11218 68 472
8875 11219 69 472
8875 11220 71 470
8875 11221 74 467
8875 11222 76 464
8875 11223 78 464
8875 11224 80 460
8875 11225 83 460
8875 11226 85 457
8875 11227 87 455
8875 11228 89 454
8875 11229 91 452
8875 11230 94 449
8875 11231 97 455
8875 11232 105 451
8875 11233 105 447
8875 11234 106 446
8875 11235 108 439
8875 11236 110 438
8875 11237 108 436
8875 11238 113 436
8875 11239 114 433
8875 11240 115 431
8875 11241 116 432
8875 11242 118 436
8875 11243 113 432
8875 11244 116 430
9225 11969 4 388
9225 11970 5 386
9225 11971 8 386
9225 11972 12 386
9225 11973 15 389
9225 11974 17 390
9225 11975 21 385
9225 11976 22 387
9225 11977 26 392
9225 11978 30 388
9225 11979 33 386
9225 11980 37 389
9225 11981 39 389
9225 11982 41 387
9225 11983 44 385
9225 11984 46 386
9225 11985 50 390
9225 11986 53 385
9225 11987 58 386
9225 11988 62 387
9225 11989 65 387
9225 11990 68 385
9225 11991 70 385
9225 11992 74 389
9225 11993 77 385
9225 11994 82 384
9225 11995 85 386
9225 11996 88 387
9225 11997 90 384
9225 11998 93 384
9225 11999 97 384
9225 12000 99 386
9225 12001 102 386
9225 12002 106 378
9225 12003 109 382
9225 12004 112 384
9225 12005 115 382
9225 12006 118 380
9225 12007 121 383
9225 12008 124 379
9225 12009 127 381
9225 12010 131 377
9225 12011 134 380
9225 12012 137 379
9225 12013 139 376
9225 12014 142 376
9225 12015 145 379
9225 12016 148 378
9225 12017 151 373
9225 12018 154 375
9225 12019 156 376
9225 12020 159 374
9225 12021 163 371
9225 12022 165 372
9225 12023 170 375
9225 12024 170 375
9225 12025 173 369
9225 12026 176 371
9225 12027 179 372
9225 12028 183 371
9225 12029 186 368
9225 12030 188 369
9225 12031 191 369
9225 12032 193 370
9225 12033 198 371
9225 12034 198 368
9225 12035 203 369
9225 12036 205 365
9225 12037 209 368
9225 12038 210 365
9225 12039 215 368
9225 12040 216 368
9225 12041 220 364
9225 12042 222 365
9225 12043 227 368
9225 12044 229 362
9225 12045 232 363
9225 12046 235 364
9225 12047 238 367
9225 12048 243 364
9225 12049 245 362
9225 12050 248 366
9225 12051 250 367
9225 12052 255 369
9225 12053 258 367
9225 12054 260 364
9225 12055 262 367
9225 12056 266 367
9225 12057 269 364
9225 12058 272 367
9225 12059 276 366
9225 12060 278 364
9225 12061 282 364
9225 12062 285 364
9225 12063 286 366
9225 12064 291 362
9225 12065 294 363
9225 12066 298 367
9225 12067 300 363
9225 12068 303 363
9225 12069 307 366
9225 12070 309 363
9225 12071 310 366
9225 12072 314 366
9225 12073 319 366
9225 12074 321 365
9225 12075 325 365
9225 12076 327 362
9225 12077 330 365
9225 12078 333 363
9225 12079 334 366
9225 12080 339 360
9225 12081 343 364
9225 12082 346 364
9297 12047 480 265
9297 12048 477 264
9297 12049 470 265
9297 12050 457 264
9297 12051 439 262
9297 12052 424 261
9297 12053 409 260
9297 12054 391 258
9297 12055 374 257
9297 12056 363 255
9297 12057 346 254
9297 12058 330 253
9297 12059 313 251
9297 12060 301 250
9297 12061 289 249
9297 12062 271 248
9297 12063 258 246
9297 12064 246 246
9307 12087 375 356
9307 12088 375 358
9307 12089 378 361
9307 12090 381 359
9307 12091 381 361
9307 12092 387 357
9307 12093 388 361
9307 12094 393 359
9307 12095 393 360
9307 12096 399 357
9307 12097 401 359
9307 12098 402 360
9307 12099 406 354
9307 12100 410 354
9307 12101 413 358
9307 12102 413 358
9307 12103 417 354
9307 12104 419 357
9307 12105 423 356
9307 12106 425 352
9307 12107 426 350
9307 12108 429 356
9307 12109 430 354
9307 12110 433 351
9307 12111 437 354
9307 12112 438 353
9307 12113 442 350
9307 12114 444 347
9307 12115 445 352
9307 12116 449 347
9307 12117 451 347
9307 12118 454 345
9307 12119 456 347
9307 12120 459 348
9307 12121 461 348
9307 12122 465 346
9307 12123 467 346
9307 12124 468 350
9307 12125 472 345
9307 12126 474 344
9307 12127 476 345
9307 12128 479 346
9307 12129 482 346
9307 12130 484 343
9307 12131 487 345
9307 12132 489 350
9307 12133 493 345
9307 12134 497 344
9307 12135 497 345
9307 12136 501 349
9307 12137 503 351
9323 12132 438 339
9323 12133 437 340
9323 12134 443 336
9323 12135 441 341
9323 12136 444 340
9323 12137 449 341
9323 12138 451 341
9323 12139 453 341
9323 12140 455 342
9323 12141 460 342
9323 12142 462 342
9323 12143 464 342
9323 12144 465 343
9323 12145 470 343
9323 12146 473 350
9323 12147 476 344
9323 12148 476 343
9323 12149 479 344
9323 12150 483 344
9323 12151 486 345
9323 12152 486 345
9323 12153 489 345
9323 12154 494 345
9323 12155 496 345
9323 12156 497 346
9323 12157 500 345
9323 12158 503 346
9323 12159 507 345
9323 12160 509 346
9323 12161 511 347
9323 12162 511 351
9323 12163 517 347
9323 12164 520 346
9323 12165 521 347
9323 12166 523 347
9323 12167 528 347
9323 12168 529 347
9323 12169 531 347
9323 12170 533 353
9323 12171 537 347
9323 12172 539 353
9323 12173 542 352
9323 12174 544 348
9323 12175 546 353
9323 12176 547 348
9323 12177 552 348
9323 12178 557 348
9323 12179 562 351
9323 12180 567 351
9546 12369 388 402
9546 12370 392 397
9546 12371 391 394
9546 12372 393 394
9546 12373 397 395
9546 12374 398 398
9546 12375 401 397
9546 12376 402 401
9546 12377 404 402
9546 12378 407 405
9546 12379 409 402
9546 12380 408 405
9546 12381 412 403
9546 12382 413 409
9546 12383 414 411
9546 12384 415 406
9546 12385 417 411
9546 12386 418 413
9546 12387 422 415
9546 12388 422 412
9546 12389 421 416
9546 12390 424 418
9546 12391 426 414
9546 12392 426 419
9546 12393 432 419
9546 12394 431 419
9546 12395 431 427
9546 12396 434 425
9546 12397 435 426
9546 12398 437 427
9546 12399 437 432
9546 12400 440 431
9546 12401 440 430
9546 12402 445 432
9546 12403 445 436
9546 12404 446 436
9546 12405 446 435
9546 12406 450 438
9546 12407 451 439
9546 12408 452 446
9546 12409 455 443
9546 12410 455 447
9546 12411 459 445
9546 12412 461 452
9546 12413 465 447
9546 12414 465 446
9546 12415 466 453
9546 12416 468 456
9546 12417 470 455
9546 12418 471 455
9546 12419 475 456
9546 12420 477 461
9546 12421 481 464
9546 12422 484 457
9546 12423 485 451
9546 12424 488 452
9546 12425 488 459
9847 12776 260 293
9847 12777 261 293
9847 12778 260 294
9847 12779 258 291
9847 12780 254 290
9847 12781 254 296
9847 12782 252 294
9847 12783 251 293
9847 12784 249 298
9847 12785 246 295
9847 12786 245 298
9847 12787 243 294
9847 12788 241 298
9847 12789 240 296
9847 12790 237 298
9847 12791 236 297
9847 12792 235 302
9847 12793 232 303
9847 12794 230 300
9847 12795 228 299
9847 12796 226 300
9847 12797 225 301
9847 12798 222 302
9847 12799 220 302
9847 12800 219 306
9847 12801 216 303
9847 12802 213 305
9847 12803 213 307
9847 12804 211 308
9847 12805 209 311
9847 12806 206 310
9847 12807 205 311
9847 12808 202 309
9847 12809 201 312
9847 12810 198 313
9847 12811 196 313
9847 12812 193 311
9847 12813 191 312
9847 12814 190 315
9847 12815 187 315
9847 12816 184 314
9847 12817 183 316
9847 12818 178 314
9847 12819 175 317
9847 12820 176 318
9847 12821 173 319
9847 12822 170 319
9847 12823 166 319
9847 12824 165 321
9847 12825 161 321
9847 12826 159 319
9847 12827 155 318
9847 12828 154 319
9847 12829 152 319
9847 12830 148 314
9847 12831 146 314
9847 12832 142 313
9847 12833 143 312
9847 12834 138 312
9847 12835 137 311
9847 12836 135 311
9847 12837 132 310
9847 12838 130 309
9847 12839 127 309
9847 12840 123 309
9847 12841 123 309
9847 12842 120 309
9847 12843 118 308
9847 12844 115 308
9847 12845 112 308
9847 12846 110 310
9847 12847 107 310
9847 12848 105 312
9847 12849 101 312
9847 12850 99 314
9847 12851 97 314
9847 12852 93 315
9847 12853 90 315
9847 12854 89 314
9847 12855 87 314
9847 12856 84 315
9847 12857 82 316
9847 12858 80 317
9847 12859 77 316
9847 12860 74 319
9847 12861 73 320
9847 12862 70 320
9847 12863 68 321
9847 12864 65 322
9847 12865 62 320
9847 12866 60 320
9847 12867 58 324
9847 12868 54 327
9847 12869 52 324
9847 12870 53 328
9847 12871 49 328
9847 12872 44 325
9847 12873 41 327
9847 12874 38 326
9847 12875 36 328
9847 12876 34 329
9847 12877 32 330
9847 12878 29 330
9847 12879 26 332
9847 12880 24 332
9847 12881 22 331
9847 12882 21 336
9847 12883 16 335
9847 12884 16 338
9847 12885 13 338
9847 12886 8 333
9847 12887 6 337
9847 12888 7 340
9847 12889 6 341
9863 12802 266 252
9863 12803 266 252
9863 12804 275 254
9863 12805 287 254
9863 12806 298 255
9863 12807 310 256
9863 12808 319 257
9863 12809 330 257
9863 12810 343 258
9863 12811 356 259
9863 12812 367 260
9863 12813 378 261
9863 12814 391 262
9863 12815 405 263
9863 12816 416 265
9863 12817 429 266
9863 12818 448 267
9863 12819 463 268
9863 12820 469 268
9863 12821 474 269
9863 12822 481 270
9863 12823 489 276
10065 13026 41 392
10065 13027 43 393
10065 13028 47 391
10065 13029 52 394
10065 13030 54 394
10065 13031 57 395
10065 13032 62 394
10065 13033 64 393
10065 13034 71 392
10065 13035 73 391
10065 13036 78 392
10065 13037 82 395
10065 13038 80 391
10065 13039 84 390
10065 13040 89 390
10065 13041 94 389
10065 13042 94 388
10065 13043 100 389
10065 13044 101 383
10065 13045 103 382
10065 13046 106 386
10065 13047 110 385
10065 13048 114 383
10065 13049 116 386
10065 13050 122 385
10065 13051 126 385
10065 13052 129 382
10065 13053 134 383
10065 13054 134 382
10065 13055 141 382
10065 13056 141 375
10126 13082 489 269
10126 13083 482 265
10126 13084 473 264
10126 13085 465 265
10126 13086 451 263
10126 13087 435 261
10126 13088 419 259
10126 13089 405 259
10126 13090 392 257
10126 13091 376 256
10126 13092 360 255
10126 13093 347 254
10126 13094 335 253
10126 13095 321 252
10126 13096 308 250
10126 13097 294 248
10126 13098 282 248
10126 13099 269 246
10126 13100 257 246
10126 13101 249 246
10266 13288 255 373
10266 13289 254 368
10266 13290 252 367
10266 13291 250 370
10266 13292 245 372
10266 13293 248 373
10266 13294 246 373
10266 13295 244 376
10266 13296 244 376
10266 13297 242 379
10266 13298 240 380
10266 13299 237 381
10266 13300 236 382
10266 13301 236 382
10266 13302 232 384
10266 13303 232 385
10266 13304 231 388
10266 13305 230 388
10266 13306 228 388
10266 13307 225 385
10266 13308 225 392
10266 13309 223 393
10266 13310 219 392
10266 13311 220 397
10266 13312 219 398
10266 13313 217 398
10266 13314 216 401
10266 13315 211 403
10266 13316 210 403
10266 13317 207 405
10266 13318 207 406
10266 13319 205 407
10266 13320 203 410
10266 13321 202 410
10266 13322 197 413
10266 13323 195 414
10266 13324 192 414
10266 13325 193 417
10266 13326 190 420
10266 13327 186 420
10266 13328 185 421
10266 13329 183 418
10266 13330 183 425
10266 13331 178 427
10266 13332 178 427
10266 13333 175 430
10266 13334 173 432
10266 13335 171 434
10266 13336 169 433
10266 13337 166 437
10266 13338 162 438
10266 13339 160 440
10266 13340 157 439
10266 13341 155 443
10266 13342 156 445
10266 13343 155 446
10266 13344 151 445
10266 13345 147 451
10266 13346 145 452
10266 13347 141 451
10266 13348 139 454
10266 13349 137 457
10266 13350 136 458
10266 13351 134 459
10266 13352 130 461
10266 13353 133 462
10266 13354 128 463
10266 13355 124 465
10266 13356 120 466
10266 13357 118 466
10266 13358 116 467
10266 13359 116 469
10266 13360 111 469
10266 13361 112 471