2 0 472 264
2 1 473 264
2 2 453 262
2 3 444 262
2 4 437 262
2 5 426 262
2 6 419 260
2 7 414 260
2 8 405 260
2 9 398 257
2 10 391 258
2 11 387 258
2 12 379 258
2 13 374 256
2 14 367 256
2 15 362 256
2 16 356 255
2 17 349 254
2 18 343 252
2 19 339 254
2 20 333 254
2 21 326 254
2 22 321 253
2 23 317 252
2 24 311 252
2 25 305 251
2 26 298 251
2 27 293 250
2 28 289 249
2 29 283 248
2 30 277 249
2 31 272 248
2 32 277 249
15 25 378 440
15 26 377 439
15 27 371 437
15 28 369 441
15 29 366 440
15 30 363 443
15 31 359 443
15 32 355 444
15 33 353 446
15 34 348 443
15 35 344 448
15 36 339 447
15 37 338 448
15 38 335 449
15 39 329 451
15 40 328 452
15 41 325 452
15 42 320 452
15 43 316 456
15 44 315 459
15 45 311 456
15 46 306 459
15 47 303 460
15 48 300 460
15 49 295 459
15 50 291 463
15 51 288 465
15 52 284 465
15 53 277 465
15 54 275 467
15 55 273 467
15 56 268 467
15 57 262 467
15 58 257 468
15 59 256 468
15 60 253 469
15 61 247 468
15 62 245 470
15 63 241 470
15 64 236 470
15 65 232 468
15 66 232 474
92 270 484 271
92 271 481 267
92 272 476 265
92 273 472 264
92 274 465 264
92 275 456 263
92 276 447 263
92 277 441 262
92 278 432 263
92 279 424 261
92 280 413 260
92 281 403 260
92 282 397 258
92 283 390 257
92 284 381 257
92 285 359 258
92 286 357 264
92 287 356 259
92 288 354 258
242 414 87 298
242 415 89 301
242 416 88 300
242 417 89 302
242 418 86 303
242 419 85 303
242 420 84 303
242 421 84 304
242 422 83 304
242 423 82 303
242 424 79 303
242 425 80 307
242 426 80 307
242 427 79 305
242 428 79 311
242 429 79 309
242 430 77 308
242 431 76 309
242 432 76 312
242 433 75 311
242 434 74 310
242 435 73 314
242 436 73 314
242 437 72 313
242 438 71 314
242 439 70 317
242 440 70 318
242 441 69 318
242 442 69 319
242 443 68 320
242 444 67 320
242 445 66 319
242 446 66 323
242 447 64 320
242 448 64 321
242 449 65 323
242 450 64 324
242 451 63 325
242 452 61 325
242 453 61 326
242 454 61 328
242 455 60 327
242 456 60 329
242 457 60 331
242 458 59 330
242 459 57 331
242 460 57 335
242 461 56 334
242 462 54 334
242 463 55 337
242 464 55 338
242 465 53 337
242 466 51 336
242 467 50 341
242 468 48 341
242 469 48 341
242 470 48 343
242 471 47 344
242 472 44 344
242 473 43 345
242 474 40 346
242 475 39 347
242 476 38 347
242 477 36 346
242 478 34 350
242 479 33 350
242 480 30 350
242 481 28 353
242 482 25 353
242 483 25 353
242 484 22 356
242 485 22 356
242 486 21 357
242 487 16 357
242 488 15 359
242 489 13 360
242 490 12 360
242 491 12 360
242 492 8 360
242 493 6 361
242 494 5 360
242 495 4 362
242 496 4 361
270 438 626 443
270 439 629 443
270 440 627 440
270 441 625 439
270 442 626 435
270 443 624 433
270 444 617 432
270 445 614 432
270 446 612 429
270 447 608 427
270 448 602 427
270 449 599 425
270 450 595 422
270 451 594 421
270 452 590 419
270 453 586 420
270 454 582 417
270 455 582 416
270 456 576 416
270 457 574 413
270 458 571 412
270 459 566 412
270 460 563 410
270 461 562 408
270 462 554 406
270 463 549 406
270 464 550 403
270 465 549 403
270 466 544 403
270 467 540 401
270 468 537 398
270 469 533 398
270 470 528 398
270 471 529 395
270 472 524 392
270 473 523 389
270 474 519 392
270 475 520 398
299 472 479 268
299 473 475 265
299 474 463 264
299 475 448 263
299 476 434 262
299 477 424 262
299 478 408 261
299 479 393 259
299 480 379 258
299 481 369 257
299 482 355 257
299 483 340 256
299 484 328 254
299 485 318 253
299 486 305 252
299 487 292 251
299 488 278 250
299 489 265 250
299 490 257 248
299 491 249 247
299 492 241 247
300 475 510 392
300 476 511 388
300 477 510 389
300 478 503 386
300 479 504 385
300 480 499 384
300 481 498 384
300 482 492 382
300 483 492 381
300 484 489 380
300 485 487 378
300 486 485 374
300 487 481 375
300 488 479 375
300 489 476 371
300 490 475 373
300 491 470 371
300 492 467 370
300 493 467 367
300 494 462 367
300 495 461 367
300 496 460 364
300 497 457 362
300 498 454 363
300 499 452 361
300 500 450 360
300 501 447 359
300 502 445 358
300 503 442 356
300 504 446 351
300 505 443 353
319 525 388 335
319 526 386 334
319 527 383 334
319 528 386 331
319 529 381 329
319 530 378 330
319 531 376 330
319 532 372 329
319 533 370 328
319 534 369 328
319 535 366 326
319 536 365 324
319 537 362 324
319 538 360 325
319 539 359 323
319 540 356 323
319 541 354 321
319 542 353 321
319 543 350 319
319 544 348 319
319 545 346 319
319 546 345 317
319 547 343 317
319 548 341 316
319 549 339 315
319 550 337 315
319 551 336 313
319 552 334 314
319 553 331 313
319 554 330 312
319 555 328 312
319 556 326 311
319 557 324 310
319 558 323 309
319 559 320 309
319 560 318 308
319 561 317 308
319 562 315 308
319 563 318 306
319 564 320 304
319 565 319 302
319 566 317 302
322 529 391 329
322 530 388 328
322 531 386 328
322 532 383 326
322 533 383 324
322 534 380 324
322 535 378 324
322 536 377 322
322 537 375 322
322 538 374 321
322 539 371 320
322 540 370 319
322 541 368 317
322 542 366 318
322 543 363 316
322 544 362 315
322 545 359 315
322 546 358 314
322 547 356 313
322 548 354 313
322 549 352 313
322 550 349 311
322 551 349 310
322 552 346 310
322 553 344 309
322 554 342 308
322 555 340 309
322 556 338 309
322 557 335 307
322 558 333 307
322 559 330 306
322 560 330 305
322 561 328 305
322 562 325 304
435 717 301 275
435 718 301 275
435 719 302 274
435 720 303 275
435 721 305 275
435 722 307 275
435 723 308 275
435 724 309 274
435 725 311 275
435 726 313 276
435 727 314 276
435 728 315 276
435 729 316 275
435 730 320 277
435 731 321 277
435 732 321 276
435 733 323 276
435 734 324 277
435 735 327 277
435 736 328 277
435 737 330 277
435 738 331 277
435 739 333 278
435 740 335 278
435 741 336 277
435 742 337 277
435 743 339 278
435 744 342 277
435 745 342 278
435 746 343 278
435 747 345 278
435 748 348 279
435 749 349 279
435 750 349 278
435 751 352 277
435 752 354 280
435 753 357 279
435 754 356 278
435 755 359 279
435 756 362 279
435 757 364 279
435 758 364 279
435 759 366 279
435 760 367 279
435 761 370 279
435 762 371 279
435 763 372 280
435 764 373 279
435 765 376 279
435 766 378 280
435 767 378 279
435 768 380 279
435 769 382 279
435 770 385 280
435 771 386 280
435 772 387 280
435 773 388 281
435 774 391 281
435 775 393 280
435 776 393 279
435 777 395 281
435 778 397 281
435 779 400 281
435 780 402 280
435 781 401 282
435 782 403 280
435 783 407 282
435 784 407 281
435 785 408 281
435 786 409 282
435 787 412 280
435 788 414 281
435 789 415 280
435 790 416 281
435 791 419 281
435 792 422 281
435 793 422 282
435 794 423 281
435 795 424 281
435 796 428 282
435 797 429 281
435 798 429 282
435 799 431 282
435 800 432 282
435 801 436 282
435 802 436 281
435 803 437 282
435 804 439 282
435 805 443 282
435 806 443 283
435 807 444 283
435 808 444 287
511 924 277 371
511 925 276 376
511 926 274 373
511 927 272 374
511 928 271 371
511 929 268 372
511 930 266 368
511 931 265 367
511 932 263 370
511 933 260 365
511 934 258 364
511 935 256 366
511 936 254 367
511 937 251 362
511 938 249 365
511 939 245 364
511 940 244 363
511 941 241 363
511 942 239 363
511 943 238 362
511 944 236 362
511 945 232 361
511 946 231 356
511 947 229 359
511 948 227 355
511 949 225 356
511 950 222 351
511 951 220 353
511 952 219 355
511 953 217 354
511 954 215 353
511 955 212 353
511 956 210 352
511 957 210 356
511 958 207 348
511 959 205 350
511 960 203 349
511 961 200 350
511 962 199 347
511 963 196 347
511 964 195 344
511 965 193 344
511 966 191 341
511 967 191 343
511 968 189 343
511 969 187 342
511 970 185 343
511 971 186 340
511 972 182 340
511 973 181 340
511 974 180 340
511 975 179 339
511 976 176 338
511 977 174 340
511 978 173 338
511 979 172 338
511 980 169 338
566 987 161 272
566 988 161 267
566 989 158 270
566 990 157 269
566 991 155 273
566 992 153 274
566 993 149 274
566 994 147 275
566 995 146 278
566 996 142 279
566 997 140 280
566 998 137 282
566 999 137 283
566 1000 131 282
566 1001 129 285
566 1002 125 288
566 1003 123 290
566 1004 120 290
566 1005 117 291
566 1006 114 293
566 1007 109 295
566 1008 107 294
566 1009 102 299
566 1010 99 301
566 1011 97 302
566 1012 94 302
566 1013 88 306
566 1014 84 309
566 1015 82 309
566 1016 80 311
566 1017 74 312
566 1018 71 315
566 1019 74 321
567 988 485 267
567 989 478 266
567 990 477 264
567 991 473 263
567 992 460 262
567 993 453 262
567 994 442 261
567 995 435 261
567 996 421 259
567 997 406 261
567 998 402 261
567 999 391 261
567 1000 380 260
567 1001 371 255
567 1002 360 255
567 1003 352 254
567 1004 342 252
567 1005 331 252
567 1006 321 251
567 1007 313 251
567 1008 304 250
567 1009 294 250
567 1010 284 248
567 1011 278 248
588 1019 65 318
588 1020 60 320
588 1021 56 322
588 1022 53 322
588 1023 48 326
588 1024 43 328
588 1025 40 329
588 1026 35 333
588 1027 32 334
588 1028 28 336
588 1029 22 337
588 1030 20 340
588 1031 15 343
588 1032 15 345
588 1033 12 346
588 1034 11 348
588 1035 7 343
588 1036 5 343
592 1022 78 320
592 1023 73 323
592 1024 71 325
592 1025 68 327
592 1026 64 329
592 1027 60 332
592 1028 55 334
592 1029 53 335
592 1030 48 338
592 1031 44 339
592 1032 39 342
592 1033 37 344
592 1034 31 346
592 1035 27 349
592 1036 23 352
592 1037 18 353
592 1038 15 355
592 1039 8 357
592 1040 4 360
592 1041 4 361
600 1032 359 339
600 1033 363 339
600 1034 362 342
600 1035 364 344
600 1036 368 343
600 1037 369 344
600 1038 370 350
600 1039 371 351
600 1040 374 350
600 1041 376 350
600 1042 377 353
600 1043 379 354
600 1044 384 351
600 1045 385 357
600 1046 388 354
600 1047 389 357
600 1048 391 358
600 1049 393 361
600 1050 395 360
600 1051 399 358
600 1052 401 362
600 1053 405 365
600 1054 407 366
600 1055 409 365
600 1056 410 365
600 1057 414 369
600 1058 415 366
600 1059 418 369
600 1060 420 369
600 1061 424 369
600 1062 428 368
600 1063 427 373
600 1064 431 375
600 1065 434 377
600 1066 434 376
600 1067 437 377
600 1068 440 375
600 1069 442 378
600 1070 444 382
600 1071 443 389
656 1071 450 376
656 1072 452 384
656 1073 453 387
656 1074 454 384
656 1075 457 387
656 1076 462 389
656 1077 464 386
656 1078 467 389
656 1079 468 389
656 1080 471 395
656 1081 474 395
656 1082 477 394
656 1083 479 394
656 1084 484 399
656 1085 486 397
656 1086 487 398
656 1087 489 400
656 1088 494 403
656 1089 496 402
656 1090 498 404
656 1091 496 411
666 1091 437 289
666 1092 437 284
666 1093 437 284
666 1094 434 283
666 1095 434 283
666 1096 431 284
666 1097 429 284
666 1098 426 285
666 1099 427 283
666 1100 423 283
666 1101 421 284
666 1102 420 284
666 1103 418 283
666 1104 416 281
666 1105 413 283
666 1106 411 284
666 1107 412 285
666 1108 408 283
666 1109 406 283
666 1110 404 283
666 1111 403 284
666 1112 403 283
666 1113 398 283
666 1114 396 283
666 1115 394 283
666 1116 394 284
666 1117 391 283
666 1118 388 283
666 1119 387 283
666 1120 386 283
666 1121 384 283
666 1122 383 282
666 1123 379 283
666 1124 379 282
666 1125 377 281
666 1126 374 281
666 1127 372 282
666 1128 371 283
666 1129 370 283
666 1130 368 281
666 1131 366 282
666 1132 363 281
666 1133 362 282
666 1134 361 281
666 1135 358 281
666 1136 355 282
666 1137 354 283
666 1138 353 282
666 1139 352 280
666 1140 349 282
666 1141 346 281
666 1142 347 281
666 1143 345 281
666 1144 342 281
666 1145 339 281
666 1146 339 281
666 1147 338 281
666 1148 335 280
666 1149 333 281
666 1150 330 281
666 1151 330 280
666 1152 328 280
666 1153 326 281
666 1154 322 281
666 1155 322 280
666 1156 320 279
666 1157 318 279
666 1158 315 279
666 1159 313 280
666 1160 314 279
666 1161 312 278
666 1162 309 279
666 1163 306 279
666 1164 307 278
666 1165 306 279
666 1166 302 278
666 1167 300 279
666 1168 297 279
666 1169 297 278
666 1170 295 278
666 1171 293 278
666 1172 290 279
666 1173 290 278
666 1174 289 276
666 1175 287 277
666 1176 285 278
666 1177 284 278
666 1178 283 277
666 1179 281 277
666 1180 280 277
666 1181 277 277
666 1182 278 277
666 1183 276 277
666 1184 275 274
666 1185 273 276
666 1186 272 276
666 1187 272 275
669 1100 531 410
669 1101 534 417
669 1102 538 412
669 1103 538 419
669 1104 541 422
669 1105 543 421
669 1106 547 423
669 1107 554 417
669 1108 555 419
669 1109 556 425
669 1110 559 428
669 1111 565 430
669 1112 567 428
669 1113 570 428
669 1114 575 425
669 1115 579 427
669 1116 582 435
669 1117 585 429
669 1118 585 436
669 1119 591 439
669 1120 593 436
669 1121 595 439
669 1122 602 441
669 1123 606 440
669 1124 611 438
669 1125 613 442
669 1126 616 447
669 1127 617 450
669 1128 624 448
669 1129 627 447
669 1130 630 446
669 1131 630 452
669 1132 635 453
669 1133 636 454
715 1248 486 269
715 1249 481 266
715 1250 472 265
715 1251 459 263
715 1252 444 263
715 1253 434 262
715 1254 419 262
715 1255 403 259
715 1256 389 258
715 1257 379 257
715 1258 365 256
715 1259 350 255
735 1267 486 267
735 1268 482 263
735 1269 474 262
735 1270 468 261
735 1271 442 263
735 1272 440 263
735 1273 437 263
735 1274 437 263
735 1275 416 258
735 1276 403 257
735 1277 391 256
735 1278 383 251
735 1279 371 249
735 1280 360 253
735 1281 346 252
735 1282 335 252
735 1283 326 251
735 1284 315 251
735 1285 304 250
735 1286 294 249
735 1287 297 249
787 1431 247 250
787 1432 253 251
787 1433 261 251
787 1434 268 251
787 1435 279 253
787 1436 289 254
787 1437 300 254
787 1438 307 254
787 1439 318 256
787 1440 328 256
787 1441 340 257
787 1442 348 257
787 1443 357 259
787 1444 351 268
840 1616 433 263
840 1617 430 260
840 1618 419 260
840 1619 409 259
840 1620 402 259
840 1621 394 257
840 1622 383 257
840 1623 372 256
840 1624 363 255
840 1625 355 255
840 1626 346 254
840 1627 338 253
840 1628 329 252
840 1629 318 252
840 1630 309 252
840 1631 311 246
840 1632 319 248
951 1946 485 270
951 1947 481 267
951 1948 475 265
951 1949 469 266
951 1950 457 265
951 1951 447 264
951 1952 440 264
951 1953 431 263
951 1954 417 262
951 1955 405 262
951 1956 394 259
951 1957 388 259
951 1958 378 259
951 1959 369 258
951 1960 360 258
951 1961 354 257
951 1962 345 258
951 1963 336 255
951 1964 328 254
951 1965 321 253
951 1966 313 253
951 1967 305 253
951 1968 302 253
951 1969 292 253
951 1970 285 252
951 1971 277 252
951 1972 271 252
951 1973 278 252
969 1998 155 279
969 1999 159 276
969 2000 153 279
969 2001 153 280
969 2002 150 281
969 2003 149 283
969 2004 147 284
969 2005 144 285
969 2006 140 288
969 2007 137 289
969 2008 133 290
969 2009 131 291
969 2010 128 293
969 2011 124 295
969 2012 122 296
969 2013 118 298
969 2014 114 300
969 2015 111 302
969 2016 106 303
969 2017 102 305
969 2018 100 307
969 2019 95 308
969 2020 90 311
969 2021 85 313
969 2022 82 315
969 2023 77 317
969 2024 70 320
969 2025 64 321
969 2026 59 324
969 2027 55 326
969 2028 48 328
969 2029 44 332
969 2030 37 334
969 2031 34 335
969 2032 28 338
969 2033 25 341
969 2034 22 344
969 2035 20 344
969 2036 17 345
969 2037 14 344
969 2038 9 348
969 2039 9 349
969 2040 6 353
987 2060 300 274
987 2061 302 273
987 2062 299 272
987 2063 297 273
987 2064 296 272
987 2065 294 273
987 2066 294 272
987 2067 293 271
987 2068 290 272
987 2069 288 271
987 2070 287 271
987 2071 288 271
987 2072 285 271
987 2073 285 271
987 2074 283 271
987 2075 281 271
987 2076 280 270
987 2077 279 269
987 2078 278 271
987 2079 275 270
987 2080 275 268
987 2081 273 268
987 2082 273 269
987 2083 270 269
987 2084 269 268
987 2085 268 268
987 2086 266 266
987 2087 267 268
987 2088 262 267
987 2089 262 267
987 2090 260 267
987 2091 259 268
987 2092 258 267
987 2093 257 266
987 2094 255 268
987 2095 254 266
987 2096 251 266
987 2097 251 267
987 2098 250 267
987 2099 249 267
987 2100 246 267
987 2101 244 267
987 2102 243 267
987 2103 242 266
987 2104 241 266
987 2105 239 269
987 2106 238 266
987 2107 237 265
987 2108 236 266
987 2109 233 266
987 2110 232 265
987 2111 233 265
987 2112 231 266
987 2113 228 265
987 2114 227 267
987 2115 232 260
987 2116 225 265
987 2117 222 264
987 2118 220 265
987 2119 221 264
987 2120 220 266
987 2121 217 265
987 2122 216 264
987 2123 215 264
987 2124 214 264
987 2125 212 263
987 2126 210 263
987 2127 209 263
987 2128 209 263
987 2129 206 264
987 2130 205 267
987 2131 202 267
987 2132 205 267
987 2133 204 267
987 2134 200 266
987 2135 197 263
987 2136 197 263
987 2137 196 263
987 2138 196 263
987 2139 193 262
987 2140 192 262
987 2141 192 263
987 2142 191 263
987 2143 187 263
987 2144 186 261
987 2145 186 261
987 2146 186 262
987 2147 184 265
987 2148 182 266
987 2149 181 262
987 2150 180 262
987 2151 179 262
987 2152 180 262
987 2153 177 262
987 2154 175 262
987 2155 173 262
987 2156 173 261
987 2157 172 262
1233 2307 354 257
1233 2308 340 255
1233 2309 328 254
1233 2310 319 253
1233 2311 307 253
1233 2312 296 251
1233 2313 282 250
1233 2314 275 250
1233 2315 263 249
1233 2316 251 247
1233 2317 243 247
1233 2318 239 246
1233 2319 223 246
1233 2320 199 262
1297 2502 287 255
1297 2503 295 255
1297 2504 310 257
1297 2505 319 257
1297 2506 332 259
1297 2507 342 259
1297 2508 350 260
1297 2509 361 260
1297 2510 374 261
1297 2511 384 262
1297 2512 392 262
1297 2513 404 265
1297 2514 415 265
1297 2515 428 266
1297 2516 428 272
1378 2577 369 441
1378 2578 366 443
1378 2579 363 442
1378 2580 358 444
1378 2581 356 445
1378 2582 352 446
1378 2583 348 445
1378 2584 344 446
1378 2585 341 443
1378 2586 339 447
1378 2587 333 449
1378 2588 329 445
1378 2589 328 450
1378 2590 322 449
1378 2591 320 450
1378 2592 319 447
1378 2593 310 452
1378 2594 309 451
1378 2595 306 454
1378 2596 303 454
1378 2597 299 453
1378 2598 297 454
1378 2599 294 455
1378 2600 290 455
1378 2601 287 454
1378 2602 285 456
1378 2603 284 452
1378 2604 277 457
1378 2605 276 452
1378 2606 272 458
1378 2607 267 457
1378 2608 265 459
1378 2609 262 459
1378 2610 257 459
1378 2611 255 456
1378 2612 253 460
1378 2613 250 460
1378 2614 246 461
1378 2615 245 461
1378 2616 241 458
1378 2617 239 460
1378 2618 236 460
1378 2619 235 464
1378 2620 230 465
1378 2621 226 462
1378 2622 223 462
1378 2623 220 462
1378 2624 217 463
1378 2625 215 462
1408 2599 484 268
1408 2600 479 267
1408 2601 476 264
1408 2602 470 265
1408 2603 459 263
1408 2604 450 262
1408 2605 442 262
1408 2606 435 262
1408 2607 424 261
1408 2608 411 260
1408 2609 402 259
1408 2610 385 257
1408 2611 382 257
1408 2612 376 257
1408 2613 370 257
1408 2614 359 256
1408 2615 349 256
1408 2616 340 254
1408 2617 331 254
1408 2618 321 254
1408 2619 316 253
1408 2620 307 253
1408 2621 297 251
1408 2622 288 251
1408 2623 279 249
1408 2624 275 250
1408 2625 265 249
1408 2626 256 248
1408 2627 261 254
1446 2640 399 447
1446 2641 397 450
1446 2642 396 444
1446 2643 392 443
1446 2644 389 446
1446 2645 388 450
1446 2646 383 447
1446 2647 381 449
1446 2648 378 452
1446 2649 374 454
1446 2650 371 455
1446 2651 368 455
1446 2652 366 459
1446 2653 361 458
1446 2654 357 459
1446 2655 354 461
1446 2656 350 461
1446 2657 345 460
1446 2658 341 462
1446 2659 340 463
1446 2660 333 462
1446 2661 331 463
1446 2662 325 464
1446 2663 318 465
1446 2664 315 466
1446 2665 313 466
1446 2666 310 466
1446 2667 303 467
1446 2668 300 467
1446 2669 297 467
1446 2670 292 467
1446 2671 287 468
1446 2672 282 469
1446 2673 279 469
1446 2674 273 469
1446 2675 270 470
1446 2676 265 471
1446 2677 261 471
1446 2678 256 471
1446 2679 252 471
1446 2680 246 472
1446 2681 244 473
1446 2682 238 473
1446 2683 233 474
1446 2684 228 474
1446 2685 223 474
1446 2686 220 475
1446 2687 214 476
1446 2688 209 476
1677 3150 126 286
1677 3151 122 287
1677 3152 118 289
1677 3153 116 291
1677 3154 112 293
1677 3155 106 295
1677 3156 101 296
1677 3157 97 299
1677 3158 90 302
1677 3159 86 305
1677 3160 81 307
1677 3161 74 309
1677 3162 68 311
1677 3163 63 314
1677 3164 61 324
1868 3609 227 428
1868 3610 231 429
1868 3611 233 432
1868 3612 235 434
1868 3613 238 431
1868 3614 241 427
1868 3615 245 431
1868 3616 244 427
1868 3617 248 430
1868 3618 252 429
1868 3619 253 426
1868 3620 255 428
1868 3621 256 429
1868 3622 259 428
1868 3623 262 424
1868 3624 264 427
1868 3625 266 426
1868 3626 270 428
1868 3627 272 427
1868 3628 275 426
1868 3629 276 422
1868 3630 277 423
1868 3631 281 422
1868 3632 283 420
1868 3633 285 419
1868 3634 287 423
1868 3635 290 423
1868 3636 292 422
1868 3637 295 421
1868 3638 295 418
1868 3639 297 418
1868 3640 299 418
1868 3641 301 416
1868 3642 302 415
1868 3643 304 415
1868 3644 306 422
1868 3645 307 417
1868 3646 309 420
1868 3647 309 419
1868 3648 311 414
1868 3649 312 416
1868 3650 314 414
1868 3651 315 414
1868 3652 315 412
1868 3653 316 413
1868 3654 317 417
1868 3655 318 414
1868 3656 319 419
1868 3657 319 416
1868 3658 321 418
1868 3659 320 416
1868 3660 323 418
1868 3661 324 413
1868 3662 323 416
1868 3663 327 413
1868 3664 327 414
1868 3665 329 417
1868 3666 332 413
1868 3667 333 418
1892 3640 453 471
1892 3641 449 470
1892 3642 453 463
1892 3643 457 459
1892 3644 447 462
1892 3645 442 457
1892 3646 444 454
1892 3647 436 458
1892 3648 432 455
1892 3649 430 452
1892 3650 424 451
1892 3651 421 449
1892 3652 417 447
1892 3653 411 447
1892 3654 406 446
1892 3655 399 445
1892 3656 396 443
1892 3657 392 442
1892 3658 386 442
1892 3659 380 440
1892 3660 376 439
1892 3661 374 439
1892 3662 367 437
1892 3663 361 436
1892 3664 356 436
1892 3665 354 435
1892 3666 349 432
1892 3667 343 431
1892 3668 346 425
2153 3865 591 427
2153 3866 587 431
2153 3867 586 428
2153 3868 586 427
2153 3869 584 428
2153 3870 584 423
2153 3871 582 424
2153 3872 580 424
2153 3873 578 425
2153 3874 575 426
2153 3875 573 423
2153 3876 572 422
2153 3877 571 422
2153 3878 569 424
2153 3879 567 418
2153 3880 565 420
2153 3881 562 419
2153 3882 559 416
2153 3883 559 414
2153 3884 557 417
2153 3885 555 417
2153 3886 553 413
2153 3887 550 416
2153 3888 546 415
2153 3889 546 410
2153 3890 542 411
2153 3891 541 412
2153 3892 541 409
2153 3893 537 411
2153 3894 534 406
2153 3895 536 403
2153 3896 534 404
2153 3897 532 402
2153 3898 530 404
2153 3899 529 402
2153 3900 526 400
2153 3901 523 403
2153 3902 522 402
2167 3887 534 399
2167 3888 531 400
2167 3889 527 399
2167 3890 525 402
2167 3891 525 396
2167 3892 522 398
2167 3893 519 397
2167 3894 517 397
2167 3895 514 395
2167 3896 512 395
2167 3897 509 394
2167 3898 507 398
2167 3899 507 392
2167 3900 504 393
2167 3901 502 392
2167 3902 499 392
2167 3903 499 392
2167 3904 498 388
2167 3905 493 388
2167 3906 493 387
2167 3907 494 385
2167 3908 492 386
2167 3909 491 383
2167 3910 489 383
2167 3911 488 384
2167 3912 485 384
2167 3913 484 380
2167 3914 480 380
2167 3915 481 385
2167 3916 476 381
2167 3917 477 379
2167 3918 475 378
2167 3919 472 376
2167 3920 471 376
2167 3921 470 375
2167 3922 469 374
2172 3902 516 404
2172 3903 517 400
2172 3904 515 399
2172 3905 516 400
2172 3906 514 399
2172 3907 512 397
2172 3908 507 398
2172 3909 509 395
2172 3910 505 393
2172 3911 502 394
2172 3912 500 397
2172 3913 499 393
2172 3914 500 392
2172 3915 499 389
2172 3916 497 388
2172 3917 492 387
2172 3918 490 387
2172 3919 490 384
2172 3920 491 385
2172 3921 489 384
2172 3922 485 383
2172 3923 483 382
2172 3924 480 381
2172 3925 479 382
2172 3926 478 380
2172 3927 479 379
2172 3928 479 375
2172 3929 477 378
2172 3930 473 377
2172 3931 472 376
2172 3932 472 377
2172 3933 470 375
2172 3934 468 373
2172 3935 467 373
2172 3936 467 373
2172 3937 465 371
2172 3938 463 370
2172 3939 462 371
2172 3940 463 373
2223 3954 108 294
2223 3955 104 296
2223 3956 97 300
2223 3957 92 301
2223 3958 87 303
2223 3959 86 304
2223 3960 80 308
2223 3961 75 309
2223 3962 71 312
2223 3963 66 314
2223 3964 63 315
2223 3965 59 315
2223 3966 55 319
2223 3967 51 318
2223 3968 47 321
2223 3969 43 324
2223 3970 40 325
2223 3971 36 326
2223 3972 32 328
2223 3973 28 331
2223 3974 25 331
2223 3975 21 335
2223 3976 18 335
2223 3977 13 336
2223 3978 10 338
2223 3979 8 340
2223 3980 7 344
2223 3981 5 345
2315 4030 242 393
2315 4031 245 387
2315 4032 247 387
2315 4033 250 390
2315 4034 251 385
2315 4035 253 389
2315 4036 253 388
2315 4037 256 390
2315 4038 258 391
2315 4039 260 391
2315 4040 262 396
2315 4041 264 397
2315 4042 267 396
2315 4043 267 396
2315 4044 269 398
2315 4045 271 400
2315 4046 271 400
2315 4047 274 401
2315 4048 277 399
2315 4049 279 404
2315 4050 280 405
2315 4051 282 404
2315 4052 284 404
2315 4053 285 407
2315 4054 285 411
2315 4055 289 410
2315 4056 291 412
2315 4057 293 413
2315 4058 295 414
2315 4059 296 413
2315 4060 299 414
2315 4061 300 415
2315 4062 303 417
2315 4063 304 419
2315 4064 306 418
2315 4065 310 421
2315 4066 312 420
2315 4067 312 423
2315 4068 315 424
2315 4069 316 425
2315 4070 314 426
2329 4045 556 359
2329 4046 555 355
2329 4047 551 358
2329 4048 549 355
2329 4049 547 351
2329 4050 544 355
2329 4051 541 356
2329 4052 535 355
2329 4053 537 354
2329 4054 530 358
2329 4055 528 358
2329 4056 525 355
2329 4057 522 358
2329 4058 520 360
2329 4059 513 363
2329 4060 511 365
2329 4061 509 360
2329 4062 508 356
2329 4063 505 358
2329 4064 501 359
2329 4065 498 361
2329 4066 496 360
2329 4067 493 360
2329 4068 488 364
2329 4069 486 364
2329 4070 483 363
2329 4071 479 365
2329 4072 475 364
2329 4073 474 365
2329 4074 472 368
2329 4075 466 369
2329 4076 464 368
2359 4075 337 436
2359 4076 335 435
2359 4077 335 434
2359 4078 338 437
2359 4079 340 438
2359 4080 341 438
2359 4081 345 441
2359 4082 346 441
2359 4083 349 446
2359 4084 353 444
2359 4085 354 444
2359 4086 356 447
2359 4087 357 450
2359 4088 362 448
2359 4089 363 449
2359 4090 367 453
2359 4091 370 455
2359 4092 372 455
2359 4093 374 455
2359 4094 378 458
2359 4095 381 461
2359 4096 382 460
2359 4097 384 460
2359 4098 389 464
2359 4099 391 464
2359 4100 394 470
2359 4101 390 473
2396 4123 314 432
2396 4124 307 428
2396 4125 305 425
2396 4126 301 427
2396 4127 298 425
2396 4128 294 428
2396 4129 290 429
2396 4130 288 432
2396 4131 285 433
2396 4132 281 434
2396 4133 278 438
2396 4134 274 437
2396 4135 269 438
2396 4136 265 442
2396 4137 261 444
2396 4138 258 445
2396 4139 256 445
2396 4140 250 450
2396 4141 246 450
2396 4142 242 448
2396 4143 237 455
2396 4144 233 457
2396 4145 230 457
2396 4146 227 454
2396 4147 222 461
2396 4148 217 463
2396 4149 214 462
2396 4150 209 462
2396 4151 203 464
2396 4152 199 467
2396 4153 198 466
2396 4154 194 467
2396 4155 192 469
2396 4156 185 469
2396 4157 179 470
2396 4158 173 472
2396 4159 170 472
2396 4160 165 473
2396 4161 160 474
2396 4162 156 476
2426 4182 4 474
2426 4183 6 470
2426 4184 10 469
2426 4185 12 469
2426 4186 17 472
2426 4187 19 468
2426 4188 22 466
2426 4189 26 467
2426 4190 30 466
2426 4191 32 468
2426 4192 35 465
2426 4193 39 466
2426 4194 42 464
2426 4195 46 466
2426 4196 49 460
2426 4197 52 460
2426 4198 55 460
2426 4199 58 459
2426 4200 62 459
2426 4201 65 457
2426 4202 70 461
2426 4203 74 461
2426 4204 76 455
2426 4205 79 452
2426 4206 83 452
2426 4207 85 450
2426 4208 88 451
2426 4209 92 449
2426 4210 95 447
2426 4211 99 451
2426 4212 102 447
2426 4213 105 444
2426 4214 107 442
2426 4215 111 441
2426 4216 110 446
2747 4439 152 283
2747 4440 152 289
2747 4441 152 294
2747 4442 147 294
2747 4443 146 297
2747 4444 137 298
2747 4445 137 297
2747 4446 133 302
2747 4447 130 305
2747 4448 122 304
2747 4449 121 307
2747 4450 118 309
2747 4451 112 312
2747 4452 107 315
2747 4453 104 314
2800 4507 112 310
2800 4508 115 310
2800 4509 117 309
2800 4510 119 308
2800 4511 122 306
2800 4512 124 305
2800 4513 128 302
2800 4514 131 301
2800 4515 130 297
2800 4516 129 294
2800 4517 136 295
2800 4518 139 293
2800 4519 141 293
2800 4520 142 292
2800 4521 145 290
2800 4522 148 288
2800 4523 150 287
2800 4524 151 287
2800 4525 154 285
2800 4526 156 284
2800 4527 158 282
2800 4528 159 278
2800 4529 160 274
2800 4530 162 272
2800 4531 163 269
2800 4532 166 269
2800 4533 167 268
2800 4534 169 267
2800 4535 173 265
2800 4536 174 264
2800 4537 177 264
2800 4538 179 263
2806 4513 101 324
2806 4514 102 323
2806 4515 105 320
2806 4516 107 316
2806 4517 110 315
2806 4518 113 314
2806 4519 114 314
2806 4520 116 310
2806 4521 119 310
2806 4522 122 308
2806 4523 124 305
2806 4524 127 304
2806 4525 129 302
2806 4526 132 301
2806 4527 135 299
2806 4528 137 298
2806 4529 139 298
2806 4530 141 295
2806 4531 144 294
2806 4532 146 292
2806 4533 147 293
2806 4534 150 290
2806 4535 152 288
2806 4536 153 287
2806 4537 155 285
2806 4538 156 287
2806 4539 157 286
2806 4540 157 283
2831 4536 471 266
2831 4537 482 270
2831 4538 483 264
2831 4539 478 263
2831 4540 467 264
2831 4541 456 262
2831 4542 443 262
2831 4543 436 261
2831 4544 421 260
2831 4545 408 259
2831 4546 399 258
2831 4547 387 257
2831 4548 374 256
2831 4549 363 255
2831 4550 349 255
2831 4551 339 254
2831 4552 331 253
2831 4553 319 252
2831 4554 308 249
2831 4555 299 250
2831 4556 286 248
2831 4557 282 248
2831 4558 272 247
2831 4559 263 247
2831 4560 272 247
3171 5058 419 260
3171 5059 405 260
3171 5060 392 258
3171 5061 385 257
3171 5062 371 257
3171 5063 361 255
3171 5064 348 254
3171 5065 339 254
3171 5066 329 252
3171 5067 317 252
3171 5068 306 250
3171 5069 298 250
3171 5070 285 249
3171 5071 275 248
3171 5072 264 248
3171 5073 257 247
3171 5074 248 246
3190 5221 139 266
3190 5222 140 266
3190 5223 142 266
3190 5224 144 267
3190 5225 144 267
3190 5226 148 265
3190 5227 150 267
3190 5228 152 267
3190 5229 153 267
3190 5230 155 267
3190 5231 159 267
3190 5232 159 267
3190 5233 161 265
3190 5234 163 266
3190 5235 165 266
3190 5236 166 267
3190 5237 169 265
3190 5238 170 265
3190 5239 173 265
3190 5240 174 265
3190 5241 176 264
3190 5242 179 265
3190 5243 180 265
3190 5244 182 265
3190 5245 183 265
3190 5246 186 266
3190 5247 189 266
3190 5248 190 266
3190 5249 192 266
3190 5250 194 266
3190 5251 197 267
3190 5252 199 266
3190 5253 202 265
3190 5254 204 268
3190 5255 205 268
3190 5256 208 270
3190 5257 211 271
3190 5258 212 270
3190 5259 215 270
3190 5260 218 270
3190 5261 219 271
3190 5262 221 271
3190 5263 224 271
3190 5264 224 270
3190 5265 227 271
3190 5266 230 269
3190 5267 233 270
3190 5268 234 271
3190 5269 235 270
3190 5270 238 270
3190 5271 241 270
3190 5272 244 271
3190 5273 245 271
3190 5274 247 270
3190 5275 251 271
3190 5276 252 272
3190 5277 254 271
3190 5278 257 272
3190 5279 260 272
3190 5280 260 271
3190 5281 263 271
3190 5282 267 272
3190 5283 269 272
3190 5284 271 271
3190 5285 274 272
3190 5286 276 272
3190 5287 279 272
3190 5288 280 272
3190 5289 282 272
3190 5290 286 273
3190 5291 287 272
3190 5292 289 273
3190 5293 291 272
3190 5294 293 273
3190 5295 295 273
3190 5296 299 274
3190 5297 301 273
3190 5298 303 273
3190 5299 306 273
3190 5300 308 273
3190 5301 310 274
3190 5302 312 272
3190 5303 315 274
3190 5304 318 274
3190 5305 319 274
3190 5306 322 275
3190 5307 324 276
3190 5308 329 275
3190 5309 329 274
3190 5310 331 273
3190 5311 333 274
3190 5312 335 275
3190 5313 337 274
3190 5314 340 275
3190 5315 342 275
3190 5316 345 275
3190 5317 345 275
3190 5318 348 276
3190 5319 351 275
3190 5320 352 276
3190 5321 355 274
3190 5322 357 276
3190 5323 361 277
3190 5324 363 277
3190 5325 364 276
3190 5326 368 276
3190 5327 369 277
3190 5328 371 278
3190 5329 374 276
3190 5330 377 278
3190 5331 376 281
3386 5431 536 473
3386 5432 532 473
3386 5433 532 474
3386 5434 528 472
3386 5435 524 472
3386 5436 521 469
3386 5437 517 470
3386 5438 514 470
3386 5439 510 467
3386 5440 507 465
3386 5441 501 467
3386 5442 500 462
3386 5443 498 463
3386 5444 490 459
3386 5445 487 459
3386 5446 488 452
3386 5447 485 450
3386 5448 480 451
3386 5449 478 446
3386 5450 475 444
3386 5451 475 447
3386 5452 474 445
3447 5483 276 387
3447 5484 273 382
3447 5485 270 382
3447 5486 270 381
3447 5487 268 381
3447 5488 264 378
3447 5489 263 379
3447 5490 263 378
3447 5491 260 378
3447 5492 261 377
3447 5493 257 376
3447 5494 255 376
3447 5495 253 374
3447 5496 251 373
3447 5497 248 373
3447 5498 247 373
3447 5499 246 369
3447 5500 245 372
3447 5501 241 371
3447 5502 239 371
3447 5503 239 371
3447 5504 237 369
3447 5505 234 368
3447 5506 228 367
3447 5507 231 367
3447 5508 228 365
3447 5509 226 360
3447 5510 222 366
3447 5511 224 366
3447 5512 222 365
3447 5513 216 366
3447 5514 217 364
3447 5515 214 364
3447 5516 208 362
3447 5517 213 362
3447 5518 211 362
3449 5483 274 256
3449 5484 287 257
3449 5485 302 258
3449 5486 312 260
3449 5487 325 260
3449 5488 342 261
3449 5489 358 262
3449 5490 375 264
3449 5491 385 266
3449 5492 402 266
3449 5493 403 271
3453 5487 422 386
3453 5488 420 382
3453 5489 419 379
3453 5490 417 379
3453 5491 416 376
3453 5492 415 375
3453 5493 413 377
3453 5494 410 373
3453 5495 409 372
3453 5496 406 374
3453 5497 404 370
3453 5498 401 369
3453 5499 399 368
3453 5500 396 370
3453 5501 393 369
3453 5502 390 368
3453 5503 387 367
3453 5504 386 367
3453 5505 383 365
3453 5506 380 365
3453 5507 377 363
3453 5508 377 362
3453 5509 373 363
3453 5510 369 361
3453 5511 367 360
3453 5512 364 358
3453 5513 364 354
3453 5514 360 356
3453 5515 358 355
3453 5516 354 354
3453 5517 353 353
3453 5518 351 352
3453 5519 347 350
3503 5521 346 346
3503 5522 342 349
3503 5523 340 346
3503 5524 337 346
3503 5525 335 345
3503 5526 333 345
3503 5527 330 342
3503 5528 328 342
3503 5529 326 341
3503 5530 324 340
3503 5531 321 338
3503 5532 319 337
3503 5533 317 334
3503 5534 315 332
3503 5535 313 335
3503 5536 311 334
3503 5537 308 332
3503 5538 307 332
3503 5539 306 330
3503 5540 304 331
3503 5541 301 329
3503 5542 299 328
3503 5543 297 328
3503 5544 295 327
3503 5545 290 326
3503 5546 288 320
3503 5547 289 323
3503 5548 286 324
3503 5549 286 323
3503 5550 284 322
3503 5551 282 322
3503 5552 280 320
3503 5553 278 319
3503 5554 277 318
3503 5555 275 318
3503 5556 274 318
3503 5557 273 316
3503 5558 271 316
3503 5559 268 314
3503 5560 266 313
3626 5598 120 288
3626 5599 118 294
3626 5600 116 296
3626 5601 112 302
3626 5602 107 301
3626 5603 104 300
3626 5604 98 302
3626 5605 96 303
3626 5606 90 306
3626 5607 86 307
3626 5608 81 310
3626 5609 78 311
3626 5610 70 312
3626 5611 66 315
3626 5612 59 315
3626 5613 55 319
3626 5614 45 322
3626 5615 39 325
3626 5616 36 323
3626 5617 25 327
3626 5618 20 334
3626 5619 19 332
3626 5620 15 341
3626 5621 7 342
3626 5622 5 336
3626 5623 3 329
3690 5640 442 263
3690 5641 431 263
3690 5642 415 262
3690 5643 403 261
3690 5644 391 259
3690 5645 381 258
3690 5646 369 257
3690 5647 358 257
3690 5648 346 256
3690 5649 339 255
3690 5650 328 254
3690 5651 318 253
3690 5652 307 253
3690 5653 296 252
3690 5654 289 252
3690 5655 279 251
3690 5656 268 249
3690 5657 258 248
3690 5658 249 247
3690 5659 243 246
3690 5660 234 246
3690 5661 213 246
3993 5954 143 294
3993 5955 140 296
3993 5956 133 299
3993 5957 129 301
3993 5958 123 303
3993 5959 121 300
3993 5960 114 307
3993 5961 109 310
3993 5962 103 313
3993 5963 98 314
3993 5964 92 316
3993 5965 86 320
3993 5966 79 323
3993 5967 73 325
4086 6079 202 322
4086 6080 201 324
4086 6081 199 321
4086 6082 198 322
4086 6083 198 322
4086 6084 197 323
4086 6085 196 325
4086 6086 196 325
4086 6087 194 328
4086 6088 193 326
4086 6089 192 325
4086 6090 191 326
4086 6091 190 332
4086 6092 188 332
4086 6093 188 329
4086 6094 187 329
4086 6095 187 333
4086 6096 184 335
4086 6097 183 331
4086 6098 182 332
4086 6099 180 336
4086 6100 179 336
4086 6101 179 337
4086 6102 178 336
4086 6103 176 341
4086 6104 173 339
4086 6105 174 336
4086 6106 173 344
4086 6107 172 344
4086 6108 171 342
4086 6109 170 343
4086 6110 169 348
4086 6111 167 348
4086 6112 166 345
4086 6113 164 346
4086 6114 165 348
4086 6115 163 349
4086 6116 164 349
4086 6117 163 351
4086 6118 162 356
4086 6119 162 353
4086 6120 160 353
4086 6121 158 352
4086 6122 158 357
4086 6123 158 357
4086 6124 157 354
4134 6124 157 363
4134 6125 156 364
4134 6126 154 364
4134 6127 153 361
4134 6128 151 364
4134 6129 150 362
4134 6130 149 367
4134 6131 148 366
4134 6132 146 367
4134 6133 146 374
4134 6134 143 372
4134 6135 141 371
4134 6136 140 373
4134 6137 139 377
4134 6138 138 377
4134 6139 136 377
4134 6140 134 380
4134 6141 132 383
4134 6142 130 379
4134 6143 130 381
4134 6144 129 387
4134 6145 128 388
4134 6146 126 387
4134 6147 122 385
4134 6148 121 391
4134 6149 119 391
4134 6150 117 392
4134 6151 114 393
4134 6152 113 397
4134 6153 111 394
4134 6154 109 393
4134 6155 106 396
4134 6156 104 401
4134 6157 102 398
4134 6158 101 398
4134 6159 98 406
4134 6160 97 406
4134 6161 95 405
4134 6162 92 405
4134 6163 90 408
4134 6164 87 410
4134 6165 85 410
4134 6166 83 407
4134 6167 82 415
4134 6168 81 416
4134 6169 79 417
4134 6170 76 415
4134 6171 75 420
4134 6172 72 419
4134 6173 68 417
4134 6174 68 426
4134 6175 67 426
4134 6176 68 432
4184 6169 488 269
4184 6170 485 267
4184 6171 480 263
4184 6172 474 262
4184 6173 462 263
4184 6174 451 262
4184 6175 444 261
4184 6176 433 261
4184 6177 421 259
4184 6178 410 259
4184 6179 402 258
4184 6180 391 257
4184 6181 379 257
4184 6182 370 256
4184 6183 363 256
4184 6184 367 249
4215 6188 167 263
4215 6189 171 266
4215 6190 173 262
4215 6191 171 259
4215 6192 171 263
4215 6193 161 267
4215 6194 167 259
4215 6195 171 261
4215 6196 171 256
4215 6197 171 262
4215 6198 171 258
4215 6199 169 253
4215 6200 169 255
4215 6201 168 256
4215 6202 168 259
4215 6203 173 263
4215 6204 180 255
4215 6205 176 247
4215 6206 171 251
4215 6207 167 257
4215 6208 156 266
4215 6209 153 267
4215 6210 153 269
4215 6211 146 269
4215 6212 145 273
4215 6213 139 273
4215 6214 136 276
4215 6215 133 278
4215 6216 141 281
4254 6216 124 279
4254 6217 127 282
4254 6218 122 279
4254 6219 117 282
4254 6220 113 284
4254 6221 107 287
4254 6222 103 293
4254 6223 94 296
4254 6224 90 298
4254 6225 85 301
4254 6226 76 303
4254 6227 70 306
4254 6228 63 309
4254 6229 57 307
4254 6230 54 309
4254 6231 47 313
4254 6232 38 314
4254 6233 47 324
4254 6234 51 324
4254 6235 50 326
4254 6236 44 325
4254 6237 38 331
4254 6238 39 332
4254 6239 35 332
4254 6240 28 336
4287 6249 228 258
4287 6250 223 253
4287 6251 221 254
4287 6252 227 252
4287 6253 218 250
4287 6254 214 251
4287 6255 211 251
4287 6256 210 251
4287 6257 206 253
4287 6258 195 253
4287 6259 194 253
4287 6260 194 254
4287 6261 194 255
4287 6262 190 257
4287 6263 188 257
4287 6264 185 257
4287 6265 179 259
4287 6266 180 259
4287 6267 177 260
4287 6268 181 261
4287 6269 171 264
4287 6270 172 264
4287 6271 170 265
4287 6272 168 266
4287 6273 164 268
4287 6274 161 269
4287 6275 157 270
4287 6276 156 272
4287 6277 154 273
4287 6278 150 274
4287 6279 148 276
4287 6280 145 277
4287 6281 145 278
4287 6282 141 280
4287 6283 136 282
4287 6284 135 284
4287 6285 129 285
4287 6286 128 288
4287 6287 120 289
4287 6288 123 292
4287 6289 116 293
4287 6290 111 295
4287 6291 109 296
4287 6292 106 298
4287 6293 101 298
4287 6294 97 302
4287 6295 92 304
4287 6296 86 305
4287 6297 81 306
4287 6298 76 307
4287 6299 71 312
4287 6300 68 314
4287 6301 62 315
4287 6302 57 318
4287 6303 52 328
4287 6304 50 329
4287 6305 45 330
4287 6306 37 329
4287 6307 32 331
4287 6308 39 327
4298 6269 197 264
4298 6270 195 263
4298 6271 191 266
4298 6272 189 266
4298 6273 186 265
4298 6274 186 259
4298 6275 184 263
4298 6276 176 264
4298 6277 171 264
4298 6278 169 260
4298 6279 167 261
4298 6280 170 263
4298 6281 160 264
4298 6282 156 262
4298 6283 158 266
4298 6284 151 264
4298 6285 148 266
4298 6286 144 270
4298 6287 141 274
4298 6288 138 274
4298 6289 140 276
4298 6290 133 274
4298 6291 130 278
4298 6292 126 277
4298 6293 123 278
4298 6294 125 286
4373 6379 246 250
4373 6380 252 251
4373 6381 264 252
4373 6382 278 253
4373 6383 287 254
4373 6384 300 255
4373 6385 314 257
4373 6386 328 258
4373 6387 341 259
4373 6388 351 260
4373 6389 367 261
4373 6390 381 262
4373 6391 396 264
4373 6392 407 268
4373 6393 422 269
4373 6394 437 269
4373 6395 453 272
4373 6396 462 269
4373 6397 473 270
4373 6398 482 271
4391 6412 443 262
4391 6413 430 262
4391 6414 422 261
4391 6415 407 261
4391 6416 394 257
4391 6417 381 257
4391 6418 375 257
4391 6419 359 256
4391 6420 344 255
4391 6421 332 253
4391 6422 320 253
4391 6423 312 252
4391 6424 301 252
4391 6425 287 251
4391 6426 276 249
4391 6427 267 249
4391 6428 255 247
4391 6429 247 247
4391 6430 238 246
4391 6431 226 248
4598 6621 311 255
4598 6622 321 257
4598 6623 327 257
4598 6624 335 258
4598 6625 342 258
4598 6626 351 258
4598 6627 359 259
4598 6628 369 261
4598 6629 378 261
4598 6630 388 263
4598 6631 395 263
4598 6632 404 263
4598 6633 414 264
4598 6634 424 266
4598 6635 431 267
4598 6636 441 268
4598 6637 436 274
4735 6774 323 312
4735 6775 328 307
4735 6776 328 303
4735 6777 322 300
4735 6778 321 305
4735 6779 317 305
4735 6780 316 306
4735 6781 313 306
4735 6782 311 308
4735 6783 307 308
4735 6784 306 305
4735 6785 303 310
4735 6786 300 310
4735 6787 298 311
4735 6788 293 313
4735 6789 292 312
4735 6790 291 312
4735 6791 285 315
4735 6792 285 315
4735 6793 282 314
4735 6794 281 315
4735 6795 277 316
4735 6796 275 317
4735 6797 272 317
4735 6798 269 318
4735 6799 265 320
4735 6800 262 319
4735 6801 261 320
4735 6802 256 322
4735 6803 254 323
4735 6804 251 321
4735 6805 247 324
4735 6806 246 325
4735 6807 241 324
4735 6808 239 323
4735 6809 235 325
4735 6810 232 325
4735 6811 228 324
4735 6812 225 327
4735 6813 222 327
4735 6814 219 327
4735 6815 217 327
4735 6816 213 330
4735 6817 212 330
4735 6818 206 328
4735 6819 202 331
4735 6820 199 332
4735 6821 194 331
4735 6822 194 333
4735 6823 188 335
4735 6824 186 332
4735 6825 183 332
4735 6826 179 335
4735 6827 176 336
4735 6828 173 335
4735 6829 170 336
4735 6830 166 337
4735 6831 162 337
4735 6832 158 333
4735 6833 156 333
4920 7038 457 263
4920 7039 450 261
4920 7040 436 261
4920 7041 421 259
4920 7042 405 260
4920 7043 378 257
4920 7044 375 257
4920 7045 364 256
4920 7046 349 254
4920 7047 341 253
4920 7048 328 252
4920 7049 316 251
4920 7050 303 250
4920 7051 307 250
5151 7646 170 246
5151 7647 182 246
5151 7648 194 247
5151 7649 206 248
5151 7650 213 248
5151 7651 226 249
5151 7652 241 251
5151 7653 254 251
5151 7654 263 252
5151 7655 277 254
5151 7656 294 255
5151 7657 309 256
5151 7658 320 257
5151 7659 336 258
5151 7660 350 259
5151 7661 370 261
5151 7662 387 262
5151 7663 398 263
5151 7664 416 265
5151 7665 434 266
5151 7666 453 268
5198 7816 290 256
5198 7817 296 257
5198 7818 308 257
5198 7819 320 259
5198 7820 331 259
5198 7821 339 260
5198 7822 350 261
5198 7823 364 261
5198 7824 377 263
5198 7825 384 264
5198 7826 397 265
5198 7827 410 266
5198 7828 424 267
5198 7829 436 268
5198 7830 445 269
5198 7831 459 270
5198 7832 470 270
5198 7833 469 266
5257 7908 67 331
5257 7909 72 330
5257 7910 74 326
5257 7911 78 327
5257 7912 84 324
5257 7913 86 323
5257 7914 91 320
5257 7915 95 317
5257 7916 97 316
5257 7917 104 311
5257 7918 107 310
5257 7919 108 311
5257 7920 112 307
5257 7921 115 307
5257 7922 120 303
5257 7923 123 302
5266 7917 455 265
5266 7918 460 265
5266 7919 465 281
5266 7920 463 283
5266 7921 461 279
5266 7922 458 280
5266 7923 457 282
5266 7924 456 278
5266 7925 453 280
5266 7926 450 282
5266 7927 451 283
5266 7928 447 280
5266 7929 445 282
5266 7930 443 280
5266 7931 442 282
5266 7932 439 280
5266 7933 437 280
5266 7934 435 280
5266 7935 432 282
5266 7936 431 279
5266 7937 429 280
5266 7938 426 279
5266 7939 425 281
5266 7940 423 279
5266 7941 421 279
5266 7942 419 278
5266 7943 416 278
5266 7944 416 278
5266 7945 413 278
5266 7946 411 278
5266 7947 408 278
5266 7948 406 277
5266 7949 404 283
5266 7950 402 277
5266 7951 402 278
5266 7952 398 277
5266 7953 396 279
5266 7954 394 278
5266 7955 393 277
5266 7956 391 277
5266 7957 387 277
5266 7958 386 277
5266 7959 385 276
5266 7960 382 278
5266 7961 380 277
5266 7962 379 277
5266 7963 377 276
5266 7964 373 277
5266 7965 372 277
5266 7966 371 276
5266 7967 368 277
5266 7968 366 276
5266 7969 365 276
5266 7970 363 275
5266 7971 360 276
5266 7972 359 276
5266 7973 356 276
5266 7974 354 279
5266 7975 352 275
5266 7976 351 279
5266 7977 349 275
5266 7978 345 275
5266 7979 345 275
5266 7980 344 275
5266 7981 340 275
5266 7982 338 275
5266 7983 338 275
5266 7984 336 273
5266 7985 333 274
5266 7986 332 274
5266 7987 331 274
5266 7988 328 274
5266 7989 327 274
5266 7990 325 273
5266 7991 323 273
5266 7992 321 273
5266 7993 319 273
5266 7994 318 272
5266 7995 316 272
5266 7996 314 272
5266 7997 312 272
5266 7998 310 272
5266 7999 306 272
5266 8000 305 270
5266 8001 305 272
5266 8002 303 271
5266 8003 299 271
5266 8004 298 272
5266 8005 298 272
5266 8006 295 271
5266 8007 293 271
5266 8008 291 270
5266 8009 290 272
5266 8010 289 279
5266 8011 286 273
5266 8012 286 278
5266 8013 283 271
5266 8014 280 270
5266 8015 281 271
5266 8016 277 271
5266 8017 275 266
5277 7928 583 436
5277 7929 576 434
5277 7930 569 430
5277 7931 565 430
5277 7932 558 427
5277 7933 551 424
5277 7934 545 419
5277 7935 538 418
5277 7936 534 413
5277 7937 528 412
5277 7938 521 408
5277 7939 514 407
5277 7940 517 403
5302 7943 491 395
5302 7944 488 395
5302 7945 483 392
5302 7946 478 389
5302 7947 472 387
5302 7948 469 384
5302 7949 463 381
5302 7950 459 379
5302 7951 454 377
5302 7952 449 375
5302 7953 447 372
5302 7954 443 370
5302 7955 438 368
5302 7956 433 366
5302 7957 431 363
5302 7958 426 363
5302 7959 422 359
5302 7960 418 357
5302 7961 415 355
5302 7962 411 353
5302 7963 407 351
5302 7964 403 349
5302 7965 400 347
5302 7966 395 345
5302 7967 392 343
5302 7968 389 342
5302 7969 387 340
5302 7970 383 343
5349 7986 485 265
5349 7987 481 265
5349 7988 471 263
5349 7989 459 264
5349 7990 448 263
5349 7991 435 262
5349 7992 427 260
5349 7993 416 260
5349 7994 404 259
5349 7995 396 257
5349 7996 385 257
5349 7997 372 256
5349 7998 361 256
5349 7999 341 253
5349 8000 338 253
5349 8001 331 253
5349 8002 318 252
5349 8003 308 251
5349 8004 295 249
5349 8005 288 249
5349 8006 277 249
5349 8007 266 247
5349 8008 256 247
5349 8009 249 246
5349 8010 243 246
5362 8014 283 286
5362 8015 281 286
5362 8016 279 286
5362 8017 276 279
5362 8018 275 275
5362 8019 274 274
5362 8020 270 269
5362 8021 270 275
5362 8022 269 274
5362 8023 266 274
5362 8024 263 277
5362 8025 263 277
5362 8026 261 276
5362 8027 259 272
5362 8028 257 271
5362 8029 254 270
5362 8030 253 270
5362 8031 251 271
5362 8032 249 270
5362 8033 247 269
5362 8034 245 269
5362 8035 242 271
5362 8036 241 267
5362 8037 243 265
5362 8038 242 270
5362 8039 240 265
5362 8040 239 265
5362 8041 239 265
5362 8042 237 265
5362 8043 236 265
5362 8044 234 264
5362 8045 232 264
5362 8046 231 264
5362 8047 230 267
5362 8048 228 267
5362 8049 224 264
5362 8050 223 264
5362 8051 223 263
5362 8052 221 263
5362 8053 219 263
5362 8054 218 263
5362 8055 217 263
5362 8056 214 263
5362 8057 213 263
5362 8058 211 263
5362 8059 210 266
5362 8060 207 267
5362 8061 206 266
5362 8062 204 268
5362 8063 201 267
5479 8201 238 253
5479 8202 244 251
5479 8203 251 252
5479 8204 265 254
5479 8205 279 255
5479 8206 294 256
5479 8207 304 262
5479 8208 319 261
5479 8209 335 263
5479 8210 348 260
5479 8211 362 262
5479 8212 378 262
5479 8213 395 264
5479 8214 413 265
5479 8215 425 266
5479 8216 443 269
5479 8217 461 270
5479 8218 474 270
5523 8258 258 397
5523 8259 259 398
5523 8260 261 397
5523 8261 262 402
5523 8262 265 406
5523 8263 268 403
5523 8264 270 403
5523 8265 270 407
5523 8266 271 408
5523 8267 275 410
5523 8268 280 409
5523 8269 278 408
5523 8270 276 409
5523 8271 281 410
5523 8272 281 410
5523 8273 284 410
5523 8274 283 410
5523 8275 288 412
5523 8276 288 414
5523 8277 290 412
5523 8278 291 412
5523 8279 291 418
5523 8280 296 415
5523 8281 296 413
5523 8282 298 418
5523 8283 301 415
5523 8284 302 416
5523 8285 301 417
5523 8286 306 420
5523 8287 307 422
5523 8288 308 423
5523 8289 311 423
5523 8290 310 424
5523 8291 312 425
5523 8292 315 425
5523 8293 318 424
5523 8294 320 424
5523 8295 321 426
5523 8296 323 428
5523 8297 326 426
5523 8298 326 427
5523 8299 327 429
5523 8300 332 433
5523 8301 333 431
5523 8302 335 431
5523 8303 336 424
5523 8304 339 431
5523 8305 337 429
5523 8306 341 420
5594 8331 299 260
5594 8332 301 258
5594 8333 301 260
5594 8334 307 258
5594 8335 308 259
5594 8336 313 260
5594 8337 315 259
5594 8338 320 260
5594 8339 323 260
5594 8340 328 262
5594 8341 328 263
5594 8342 332 263
5594 8343 335 262
5594 8344 338 263
5594 8345 340 262
5594 8346 345 261
5594 8347 351 262
5594 8348 351 263
5594 8349 358 263
5594 8350 361 264
5594 8351 363 264
5594 8352 367 264
5594 8353 370 265
5594 8354 373 264
5594 8355 376 264
5594 8356 380 264
5594 8357 385 264
5594 8358 388 265
5594 8359 390 265
5594 8360 395 266
5594 8361 400 267
5594 8362 402 268
5594 8363 406 266
5594 8364 409 268
5594 8365 412 267
5594 8366 417 267
5594 8367 420 267
5594 8368 425 268
5594 8369 426 269
5594 8370 431 269
5594 8371 433 270
5594 8372 436 270
5594 8373 440 271
5594 8374 444 271
5594 8375 449 271
5594 8376 451 270
5594 8377 456 269
5594 8378 458 272
5594 8379 461 272
5594 8380 465 274
5594 8381 470 275
5594 8382 474 276
5594 8383 480 272
5594 8384 485 269
5594 8385 487 270
5701 8548 481 268
5701 8549 477 265
5701 8550 466 264
5701 8551 450 264
5701 8552 436 263
5701 8553 426 262
5701 8554 411 261
5701 8555 396 259
5701 8556 382 257
5701 8557 374 257
5701 8558 359 256
5701 8559 345 255
5701 8560 332 254
5701 8561 319 254
5701 8562 317 252
5736 8593 455 347
5736 8594 455 348
5736 8595 460 350
5736 8596 460 352
5736 8597 460 350
5736 8598 464 350
5736 8599 464 350
5736 8600 465 353
5736 8601 467 353
5736 8602 469 352
5736 8603 474 350
5736 8604 472 354
5736 8605 475 355
5736 8606 476 355
5736 8607 478 355
5736 8608 480 355
5736 8609 482 356
5736 8610 484 358
5736 8611 485 357
5736 8612 487 357
5736 8613 489 358
5736 8614 492 359
5736 8615 494 360
5736 8616 495 359
5736 8617 497 360
5736 8618 500 361
5736 8619 501 362
5736 8620 503 362
5736 8621 506 362
5736 8622 508 361
5736 8623 510 363
5736 8624 512 364
5736 8625 514 364
5736 8626 516 364
5736 8627 519 365
5736 8628 523 366
5736 8629 522 366
5736 8630 525 366
5736 8631 527 367
5736 8632 529 367
5736 8633 532 368
5736 8634 533 368
5736 8635 535 368
5736 8636 537 369
5736 8637 541 370
5736 8638 541 371
5736 8639 543 370
5736 8640 545 370
5736 8641 547 372
5736 8642 550 373
5736 8643 551 373
5736 8644 556 372
5736 8645 555 374
5736 8646 557 376
5736 8647 559 377
5736 8648 560 375
5736 8649 563 376
5736 8650 565 377
5736 8651 567 378
5736 8652 568 379
5736 8653 571 379
5736 8654 571 381
5755 8654 578 376
5755 8655 578 381
5755 8656 577 381
5755 8657 579 380
5755 8658 581 380
5755 8659 587 382
5755 8660 585 384
5755 8661 588 383
5755 8662 594 380
5755 8663 595 382
5755 8664 596 386
5755 8665 599 386
5755 8666 598 385
5755 8667 604 384
5755 8668 605 388
5755 8669 607 390
5755 8670 607 389
5755 8671 609 388
5755 8672 614 388
5755 8673 614 391
5755 8674 617 392
5755 8675 617 391
5755 8676 619 392
5755 8677 624 393
5755 8678 625 394
5755 8679 627 396
5755 8680 628 395
5755 8681 633 394
5755 8682 632 399
5755 8683 634 403
5755 8684 633 405
5755 8685 633 407
5861 8863 525 409
5861 8864 527 406
5861 8865 527 406
5861 8866 529 407
5861 8867 532 407
5861 8868 537 408
5861 8869 537 409
5861 8870 540 407
5861 8871 543 412
5861 8872 546 413
5861 8873 547 413
5861 8874 549 411
5861 8875 551 412
5861 8876 556 415
5861 8877 557 416
5861 8878 558 415
5861 8879 560 417
5861 8880 565 420
5861 8881 567 419
5861 8882 568 420
5861 8883 570 421
5861 8884 574 424
5861 8885 575 424
5861 8886 577 424
5861 8887 577 431
5861 8888 580 429
5861 8889 584 433
5997 9014 459 265
5997 9015 459 263
5997 9016 448 263
5997 9017 436 262
5997 9018 429 261
5997 9019 420 261
5997 9020 411 260
5997 9021 402 259
5997 9022 393 258
5997 9023 385 257
5997 9024 376 256
5997 9025 371 256
5997 9026 362 255
5997 9027 354 255
5997 9028 345 254
5997 9029 337 254
5997 9030 330 252
5997 9031 325 253
5997 9032 316 251
5997 9033 308 251
5997 9034 299 250
5997 9035 294 250
5997 9036 286 249
5997 9037 277 248
5997 9038 270 248
5997 9039 274 248
6045 9128 469 264
6045 9129 462 264
6045 9130 451 264
6045 9131 442 263
6045 9132 434 262
6045 9133 423 262
6045 9134 412 261
6045 9135 402 260
6045 9136 391 259
6045 9137 382 258
6045 9138 377 257
6045 9139 368 257
6045 9140 358 256
6045 9141 347 255
6045 9142 339 254
6045 9143 328 254
6045 9144 318 253
6045 9145 314 252
6045 9146 305 252
6045 9147 313 247
6063 9202 444 264
6063 9203 437 264
6063 9204 428 263
6063 9205 413 262
6063 9206 405 261
6063 9207 395 259
6063 9208 381 258
6063 9209 368 257
6063 9210 358 256
6063 9211 340 255
6063 9212 331 254
6063 9213 326 254
6063 9214 315 253
6063 9215 308 253
6063 9216 298 251
6063 9217 283 251
6063 9218 274 249
6063 9219 267 248
6063 9220 253 247
6063 9221 251 247
6063 9222 248 247
6063 9223 244 247
6110 9289 364 459
6110 9290 364 458
6110 9291 360 456
6110 9292 357 454
6110 9293 351 453
6110 9294 347 450
6110 9295 344 449
6110 9296 337 448
6110 9297 337 447
6110 9298 331 444
6110 9299 324 441
6110 9300 323 443
6110 9301 318 440
6110 9302 313 438
6110 9303 309 436
6110 9304 309 437
6110 9305 303 433
6110 9306 298 430
6110 9307 295 431
6110 9308 294 437
6380 9708 201 267
6380 9709 203 267
6380 9710 203 266
6380 9711 206 262
6380 9712 209 263
6380 9713 210 263
6380 9714 212 263
6380 9715 214 263
6380 9716 216 263
6380 9717 217 262
6380 9718 220 263
6380 9719 221 263
6380 9720 222 263
6380 9721 224 263
6380 9722 227 263
6380 9723 229 264
6380 9724 231 264
6380 9725 231 263
6380 9726 234 263
6380 9727 237 263
6380 9728 239 264
6380 9729 239 264
6380 9730 241 264
6380 9731 243 264
6380 9732 244 264
6380 9733 246 263
6380 9734 248 264
6380 9735 250 264
6380 9736 251 265
6380 9737 253 265
6380 9738 255 266
6380 9739 256 266
6380 9740 259 265
6380 9741 261 266
6380 9742 263 266
6380 9743 264 266
6380 9744 267 266
6380 9745 268 266
6380 9746 271 267
6380 9747 272 267
6380 9748 274 267
6380 9749 277 267
6380 9750 278 267
6380 9751 279 266
6380 9752 282 268
6380 9753 285 267
6380 9754 286 267
6380 9755 288 267
6380 9756 290 267
6380 9757 292 268
6380 9758 294 267
6380 9759 296 268
6380 9760 298 268
6380 9761 299 268
6380 9762 300 268
6380 9763 304 268
6380 9764 306 268
6380 9765 307 268
6380 9766 309 268
6380 9767 311 268
6380 9768 314 269
6380 9769 315 270
6380 9770 317 269
6380 9771 319 269
6380 9772 321 269
6380 9773 322 269
6380 9774 324 269
6380 9775 327 270
6380 9776 330 270
6380 9777 330 269
6380 9778 332 270
6380 9779 335 269
6380 9780 337 270
6380 9781 339 270
6380 9782 340 270
6380 9783 343 271
6380 9784 346 271
6380 9785 347 270
6380 9786 348 270
6380 9787 352 271
6380 9788 353 271
6380 9789 355 271
6380 9790 357 271
6380 9791 360 271
6380 9792 362 271
6380 9793 363 271
6380 9794 365 271
6380 9795 366 272
6380 9796 368 272
6380 9797 371 272
6380 9798 372 272
6380 9799 373 273
6380 9800 374 273
6380 9801 376 273
6380 9802 380 272
6380 9803 382 273
6380 9804 381 274
6380 9805 384 273
6380 9806 386 273
6380 9807 389 274
6380 9808 391 274
6380 9809 392 274
6380 9810 395 274
6380 9811 397 275
6380 9812 398 275
6380 9813 400 274
6380 9814 403 276
6380 9815 404 276
6380 9816 406 275
6380 9817 397 269
6380 9818 394 270
6380 9819 392 265
6380 9820 400 263
6416 9753 6 363
6416 9754 11 362
6416 9755 4 355
6416 9756 6 353
6416 9757 9 352
6416 9758 13 351
6416 9759 17 352
6416 9760 19 348
6416 9761 22 351
6416 9762 25 350
6416 9763 30 349
6416 9764 32 349
6416 9765 35 349
6416 9766 39 348
6416 9767 43 349
6416 9768 45 347
6416 9769 48 345
6416 9770 52 346
6416 9771 55 342
6416 9772 58 341
6416 9773 63 340
6416 9774 67 340
6416 9775 71 340
6416 9776 74 340
6416 9777 76 340
6416 9778 80 340
6416 9779 84 341
6416 9780 87 342
6416 9781 91 343
6416 9782 94 342
6416 9783 98 342
6416 9784 103 342
6416 9785 106 341
6416 9786 109 339
6416 9787 112 340
6416 9788 116 344
6416 9789 122 339
6416 9790 125 340
6416 9791 127 335
6416 9792 133 336
6416 9793 135 337
6416 9794 141 341
6416 9795 143 340
6416 9796 145 340
6416 9797 151 339
6416 9798 153 340
6416 9799 156 339
6416 9800 158 332
6416 9801 162 335
6460 9802 170 340
6460 9803 170 334
6460 9804 175 336
6460 9805 179 338
6460 9806 179 334
6460 9807 185 334
6460 9808 189 335
6460 9809 190 334
6460 9810 193 331
6460 9811 199 332
6460 9812 201 333
6460 9813 203 331
6460 9814 207 331
6460 9815 211 330
6460 9816 213 329
6460 9817 217 327
6460 9818 220 327
6460 9819 223 327
6460 9820 225 326
6460 9821 229 325
6460 9822 231 325
6460 9823 233 325
6460 9824 237 322
6460 9825 240 323
6460 9826 243 322
6460 9827 246 320
6460 9828 249 322
6460 9829 252 321
6460 9830 255 320
6460 9831 257 318
6460 9832 260 317
6460 9833 262 318
6460 9834 265 318
6460 9835 269 315
6460 9836 271 316
6460 9837 273 315
6460 9838 277 314
6460 9839 280 313
6460 9840 282 314
6460 9841 285 312
6460 9842 287 312
6460 9843 292 312
6460 9844 293 311
6460 9845 296 309
6460 9846 298 309
6460 9847 301 309
6460 9848 304 308
6460 9849 305 308
6460 9850 309 308
6460 9851 310 306
6460 9852 314 305
6460 9853 316 306
6460 9854 318 305
6460 9855 321 304
6460 9856 323 304
6460 9857 326 303
6460 9858 329 303
6460 9859 331 301
6460 9860 334 302
6460 9861 336 301
6460 9862 339 300
6460 9863 341 300
6460 9864 344 299
6460 9865 347 299
6460 9866 349 296
6460 9867 351 298
6460 9868 354 298
6460 9869 355 302
6533 9850 567 278
6533 9851 570 277
6533 9852 580 276
6533 9853 587 276
6533 9854 597 277
6533 9855 608 278
6533 9856 619 279
6533 9857 627 282
6533 9858 634 277
6533 9859 628 275
6533 9860 608 253
6557 9876 373 290
6557 9877 376 294
6557 9878 379 294
6557 9879 382 293
6557 9880 383 292
6557 9881 385 292
6557 9882 388 292
6557 9883 390 290
6557 9884 393 291
6557 9885 396 290
6557 9886 398 290
6557 9887 400 289
6557 9888 402 289
6557 9889 405 289
6557 9890 408 288
6557 9891 411 289
6557 9892 414 289
6557 9893 415 287
6557 9894 418 288
6557 9895 421 287
6557 9896 423 287
6557 9897 425 286
6557 9898 428 287
6557 9899 431 286
6557 9900 432 285
6557 9901 436 284
6557 9902 438 285
6557 9903 440 284
6557 9904 442 283
6557 9905 446 283
6557 9906 446 282
6557 9907 449 282
6557 9908 451 282
6557 9909 454 282
6557 9910 456 281
6557 9911 458 280
6557 9912 463 281
6557 9913 465 280
6557 9914 467 280
6557 9915 470 280
6557 9916 472 280
6557 9917 475 278
6557 9918 479 278
6557 9919 480 281
6767 10061 112 278
6767 10062 109 282
6767 10063 105 285
6767 10064 111 280
6767 10065 106 285
6767 10066 107 281
6767 10067 107 282
6767 10068 105 283
6767 10069 106 284
6767 10070 103 284
6767 10071 102 281
6767 10072 102 281
6767 10073 101 288
6767 10074 99 288
6767 10075 97 290
6767 10076 95 291
6767 10077 95 292
6767 10078 93 294
6767 10079 89 295
6767 10080 88 296
6767 10081 87 298
6767 10082 85 299
6767 10083 82 298
6767 10084 81 300
6767 10085 79 303
6767 10086 76 304
6767 10087 73 307
6767 10088 70 306
6767 10089 66 309
6767 10090 65 311
6767 10091 62 312
6767 10092 59 314
6767 10093 56 317
6767 10094 52 317
6767 10095 48 321
6767 10096 46 323
6767 10097 42 322
6767 10098 38 323
6767 10099 35 329
6767 10100 30 329
6767 10101 28 328
6767 10102 23 332
6767 10103 19 335
6767 10104 17 338
6767 10105 17 337
6767 10106 15 341
6767 10107 13 345
6767 10108 10 339
6767 10109 8 343
6767 10110 5 345
6767 10111 4 341
6767 10112 5 338
6787 10081 443 262
6787 10082 439 262
6787 10083 427 262
6787 10084 416 262
6787 10085 408 260
6787 10086 397 258
6787 10087 385 257
6787 10088 375 257
6787 10089 363 256
6787 10090 359 256
6787 10091 345 255
6787 10092 337 254
6787 10093 325 253
6787 10094 313 253
6787 10095 306 252
6787 10096 295 252
6787 10097 284 251
6787 10098 274 250
6787 10099 268 249
6787 10100 258 247
6787 10101 250 247
6793 10087 91 281
6793 10088 87 281
6793 10089 92 283
6793 10090 85 287
6793 10091 84 289
6793 10092 82 289
6793 10093 77 288
6793 10094 75 295
6793 10095 73 297
6793 10096 71 296
6793 10097 69 299
6793 10098 65 302
6793 10099 62 301
6793 10100 58 300
6793 10101 55 300
6793 10102 51 304
6793 10103 48 312
6793 10104 52 316
6813 10099 379 450
6813 10100 375 446
6813 10101 372 447
6813 10102 368 449
6813 10103 365 450
6813 10104 363 450
6813 10105 357 452
6813 10106 352 453
6813 10107 347 454
6813 10108 343 456
6813 10109 343 456
6813 10110 337 458
6813 10111 334 459
6813 10112 328 460
6813 10113 324 462
6813 10114 319 464
6813 10115 314 464
6813 10116 310 466
6813 10117 306 466
6813 10118 300 467
6813 10119 295 467
6813 10120 291 467
6813 10121 288 469
6813 10122 282 468
6813 10123 278 468
6813 10124 272 468
6813 10125 268 468
6813 10126 263 469
6813 10127 259 469
6813 10128 254 471
6813 10129 250 469
6813 10130 247 471
6813 10131 241 472
6813 10132 244 475
6948 10323 488 269
6948 10324 481 267
6948 10325 480 264
6948 10326 470 263
6948 10327 461 263
6948 10328 450 262
6948 10329 437 261
6948 10330 427 260
6948 10331 413 260
6948 10332 406 258
6948 10333 395 258
6948 10334 383 257
6948 10335 372 256
6948 10336 360 254
6948 10337 350 254
6948 10338 339 253
6948 10339 328 252
6948 10340 316 251
6948 10341 310 250
6948 10342 318 247
7031 10406 386 374
7031 10407 388 374
7031 10408 391 374
7031 10409 394 375
7031 10410 398 378
7031 10411 401 378
7031 10412 404 380
7031 10413 407 383
7031 10414 410 382
7031 10415 413 382
7031 10416 416 386
7031 10417 420 387
7031 10418 424 384
7031 10419 427 390
7031 10420 431 392
7031 10421 434 392
7031 10422 437 393
7031 10423 440 395
7031 10424 445 395
7031 10425 448 398
7031 10426 450 402
7031 10427 455 401
7031 10428 461 401
7031 10429 463 403
7031 10430 465 405
7031 10431 470 405
7031 10432 476 410
7031 10433 479 409
7031 10434 480 410
7031 10435 484 410
7031 10436 483 414
7254 10736 265 472
7254 10737 263 466
7254 10738 267 466
7254 10739 272 466
7254 10740 277 466
7254 10741 278 464
7254 10742 282 465
7254 10743 287 465
7254 10744 289 461
7254 10745 294 464
7254 10746 298 465
7254 10747 302 464
7254 10748 307 461
7254 10749 309 460
7254 10750 313 463
7254 10751 317 457
7254 10752 319 459
7254 10753 325 460
7254 10754 331 459
7254 10755 333 456
7254 10756 338 453
7254 10757 342 454
7254 10758 345 456
7254 10759 349 455
7254 10760 353 451
7254 10761 356 453
7254 10762 362 453
7254 10763 364 451
7254 10764 366 448
7254 10765 371 445
7254 10766 373 451
7254 10767 379 448
7254 10768 382 445
7254 10769 381 445
7307 10768 163 362
7307 10769 163 362
7307 10770 166 362
7307 10771 166 358
7307 10772 170 359
7307 10773 173 364
7307 10774 175 361
7307 10775 175 362
7307 10776 179 365
7307 10777 181 367
7307 10778 185 367
7307 10779 184 365
7307 10780 187 367
7307 10781 190 372
7307 10782 193 371
7307 10783 195 373
7307 10784 198 372
7307 10785 200 373
7307 10786 203 373
7307 10787 206 375
7307 10788 207 377
7307 10789 208 376
7307 10790 211 377
7307 10791 214 379
7307 10792 217 379
7307 10793 220 381
7307 10794 220 381
7307 10795 225 382
7307 10796 226 385
7307 10797 230 384
7307 10798 233 385
7307 10799 235 387
7307 10800 239 388
7307 10801 242 388
7307 10802 245 390
7307 10803 246 392
7307 10804 250 390
7307 10805 251 393
7307 10806 249 393
7387 10842 377 439
7387 10843 375 438
7387 10844 380 441
7387 10845 382 442
7387 10846 386 442
7387 10847 391 446
7387 10848 395 446
7387 10849 398 446
7387 10850 400 447
7387 10851 405 450
7387 10852 409 450
7387 10853 413 452
7387 10854 416 455
7387 10855 421 456
7387 10856 425 454
7387 10857 428 458
7387 10858 431 458
7387 10859 435 457
7387 10860 439 460
7387 10861 445 460
7387 10862 448 461
7387 10863 451 461
7387 10864 453 465
7387 10865 459 466
7387 10866 463 464
7387 10867 467 465
7387 10868 471 466
7387 10869 475 466
7387 10870 479 467
7387 10871 485 468
7387 10872 488 469
7387 10873 485 475
7443 10959 300 312
7443 10960 301 309
7443 10961 303 308
7443 10962 305 309
7443 10963 305 310
7443 10964 308 312
7443 10965 309 312
7443 10966 311 313
7443 10967 313 317
7443 10968 314 316
7443 10969 316 317
7443 10970 318 320
7443 10971 320 320
7443 10972 320 321
7443 10973 324 321
7443 10974 326 323
7443 10975 329 325
7443 10976 331 326
7443 10977 333 327
7443 10978 336 330
7443 10979 340 332
7443 10980 342 332
7443 10981 345 333
7443 10982 348 333
7443 10983 351 337
7443 10984 354 338
7443 10985 356 338
7443 10986 360 340
7443 10987 363 341
7443 10988 367 346
7443 10989 371 347
7443 10990 373 347
7443 10991 377 348
7443 10992 380 351
7443 10993 384 352
7443 10994 385 353
7443 10995 390 355
7443 10996 393 357
7443 10997 396 359
7443 10998 400 360
7443 10999 404 363
7443 11000 407 365
7443 11001 411 367
7443 11002 413 368
7443 11003 417 371
7443 11004 420 373
7443 11005 424 375
7443 11006 429 378
7443 11007 432 379
7443 11008 435 381
7443 11009 440 383
7443 11010 446 386
7443 11011 449 388
7443 11012 453 389
7443 11013 458 391
7443 11014 464 394
7443 11015 468 395
7477 10994 409 263
7477 10995 411 271
7477 10996 406 272
7477 10997 407 259
7477 10998 402 259
7477 10999 389 257
7477 11000 378 256
7477 11001 364 256
7477 11002 358 256
7477 11003 345 254
7477 11004 334 254
7477 11005 323 254
7477 11006 315 252
7477 11007 305 251
7477 11008 295 251
7477 11009 283 250
7477 11010 273 248
7477 11011 266 248
7477 11012 256 247
7477 11013 248 248
7477 11014 238 247
7477 11015 231 246
7491 11015 476 399
7491 11016 474 397
7491 11017 480 400
7491 11018 484 403
7491 11019 488 405
7491 11020 494 408
7491 11021 499 410
7491 11022 505 410
7491 11023 510 413
7491 11024 515 415
7491 11025 521 417
7491 11026 528 421
7491 11027 532 421
7491 11028 541 423
7491 11029 543 426
7491 11030 549 428
7491 11031 555 430
7491 11032 559 431
7491 11033 565 433
7491 11034 571 436
7491 11035 576 439
7491 11036 582 441
7491 11037 588 444
7573 11271 75 424
7573 11272 71 421
7573 11273 75 417
7573 11274 70 413
7573 11275 69 411
7573 11276 69 411
7573 11277 69 410
7573 11278 71 413
7573 11279 68 410
7573 11280 68 406
7573 11281 68 403
7573 11282 68 402
7573 11283 68 400
7573 11284 68 399
7573 11285 68 395
7573 11286 67 396
7573 11287 68 396
7573 11288 66 394
7573 11289 66 393
7573 11290 65 391
7573 11291 65 393
7573 11292 64 391
7573 11293 64 391
7573 11294 60 387
7573 11295 60 385
7573 11296 60 389
7573 11297 56 387
7573 11298 55 387
7573 11299 53 383
7573 11300 52 381
7573 11301 51 383
7573 11302 49 379
7573 11303 48 382
7573 11304 45 378
7573 11305 44 378
7573 11306 43 376
7573 11307 39 377
7573 11308 39 375
7573 11309 37 375
7573 11310 34 375
7573 11311 33 373
7573 11312 31 373
7573 11313 29 372
7573 11314 27 368
7604 11349 635 388
7604 11350 634 389
7604 11351 634 387
7604 11352 633 386
7604 11353 631 389
7604 11354 630 386
7604 11355 629 383
7604 11356 628 383
7604 11357 626 382
7604 11358 624 382
7604 11359 623 382
7604 11360 621 381
7604 11361 620 382
7604 11362 617 381
7604 11363 615 380
7604 11364 614 379
7604 11365 615 374
7604 11366 613 375
7604 11367 611 374
7604 11368 609 375
7604 11369 608 375
7604 11370 606 371
7604 11371 603 374
7604 11372 603 371
7604 11373 602 367
7604 11374 601 369
7604 11375 599 368
7604 11376 596 369
7604 11377 596 369
7604 11378 595 368
7604 11379 593 365
7604 11380 591 362
7604 11381 589 365
7604 11382 589 358
7604 11383 586 361
7604 11384 583 362
7604 11385 582 364
7604 11386 582 359
7604 11387 579 358
7604 11388 575 362
7604 11389 577 359
7604 11390 575 359
7604 11391 573 356
7604 11392 572 355
7604 11393 570 356
7604 11394 569 356
7604 11395 569 355
7604 11396 567 355
7604 11397 565 354
7604 11398 563 356
7604 11399 561 354
7604 11400 563 353
7604 11401 561 346
7604 11402 560 350
7604 11403 559 349
7604 11404 558 351
7604 11405 556 345
7604 11406 554 347
7604 11407 553 346
7604 11408 554 342
7604 11409 551 344
7828 11653 97 312
7828 11654 90 307
7828 11655 90 305
7828 11656 91 305
7828 11657 95 306
7828 11658 100 302
7828 11659 103 298
7828 11660 106 296
7828 11661 111 295
7828 11662 116 294
7828 11663 119 291
7828 11664 123 290
7828 11665 128 289
7828 11666 131 287
7828 11667 136 286
7828 11668 138 285
7828 11669 144 283
7828 11670 148 282
7828 11671 153 280
7828 11672 155 279
7828 11673 157 275
7828 11674 160 273
7828 11675 159 272
7838 11658 94 314
7838 11659 96 308
7838 11660 90 306
7838 11661 92 305
7838 11662 97 299
7838 11663 100 299
7838 11664 105 294
7838 11665 109 293
7838 11666 114 292
7838 11667 117 292
7838 11668 121 289
7838 11669 126 288
7838 11670 130 286
7838 11671 135 284
7838 11672 138 286
7838 11673 142 282
7838 11674 144 281
7838 11675 149 279
7838 11676 153 281
7838 11677 154 277
7838 11678 159 270
7838 11679 158 263
7838 11680 154 266
7838 11681 156 268
7838 11682 153 267
7838 11683 153 268
7844 11662 94 315
7844 11663 91 315
7844 11664 94 315
7844 11665 94 316
7844 11666 92 318
7844 11667 94 321
7844 11668 93 319
7844 11669 93 320
7844 11670 92 319
7844 11671 92 319
7844 11672 92 322
7844 11673 93 324
7844 11674 91 323
7844 11675 93 323
7844 11676 93 324
7844 11677 93 330
7844 11678 93 329
7844 11679 94 326
7844 11680 95 330
7844 11681 98 331
7844 11682 97 329
7844 11683 100 332
7844 11684 101 333
7844 11685 101 333
7844 11686 104 335
7844 11687 106 333
7844 11688 108 338
7844 11689 109 335
7844 11690 110 336
7844 11691 112 339
7844 11692 112 339
7844 11693 115 336
7844 11694 115 339
7844 11695 118 341
7844 11696 123 342
7844 11697 121 339
7844 11698 123 344
7844 11699 125 342
7844 11700 126 342
7844 11701 130 344
7844 11702 130 342
7844 11703 135 347
7844 11704 136 347
7844 11705 137 348
7844 11706 137 350
7844 11707 139 349
7844 11708 143 348
7844 11709 143 351
7844 11710 146 354
7844 11711 146 353
7844 11712 146 355
7844 11713 150 356
7844 11714 151 356
7844 11715 150 354
7844 11716 154 356
7844 11717 156 360
7844 11718 156 358
7844 11719 160 361
7844 11720 158 358
7909 11698 246 251
7909 11699 249 252
7909 11700 256 252
7909 11701 270 254
7909 11702 277 255
7909 11703 288 255
7909 11704 298 256
7909 11705 308 257
7909 11706 316 256
7909 11707 325 257
7909 11708 336 258
7909 11709 347 259
7909 11710 355 264
7909 11711 367 265
7909 11712 378 265
7909 11713 388 266
7909 11714 398 267
7909 11715 394 264
7960 11741 199 389
7960 11742 200 388
7960 11743 199 384
7960 11744 200 386
7960 11745 204 386
7960 11746 203 385
7960 11747 207 388
7960 11748 209 392
7960 11749 210 390
7960 11750 211 390
7960 11751 214 393
7960 11752 215 394
7960 11753 218 393
7960 11754 219 394
7960 11755 222 397
7960 11756 224 398
7960 11757 228 397
7960 11758 229 398
7960 11759 231 401
7960 11760 234 402
7960 11761 237 400
7960 11762 238 402
7960 11763 242 405
7960 11764 244 405
7960 11765 247 402
7960 11766 251 408
7960 11767 255 409
7960 11768 256 409
7960 11769 259 408
7960 11770 262 411
7960 11771 262 412
7960 11772 266 413
7960 11773 269 408
7983 11770 230 269
7983 11771 231 268
7983 11772 235 269
7983 11773 235 270
7983 11774 236 269
7983 11775 240 268
7983 11776 241 270
7983 11777 243 271
7983 11778 246 270
7983 11779 248 271
7983 11780 250 271
7983 11781 251 270
7983 11782 253 271
7983 11783 257 271
7983 11784 259 270
7983 11785 259 272
7983 11786 262 271
7983 11787 265 272
7983 11788 267 271
7983 11789 268 271
7983 11790 271 271
7983 11791 273 271
7983 11792 274 272
7983 11793 277 271
7983 11794 279 271
7983 11795 282 272
7983 11796 282 272
7983 11797 285 273
7983 11798 288 272
7983 11799 291 272
7983 11800 291 272
7983 11801 294 273
7983 11802 296 273
7983 11803 298 273
7983 11804 300 272
7983 11805 303 272
7983 11806 305 272
7983 11807 306 273
7983 11808 309 274
7983 11809 311 274
7983 11810 313 275
7983 11811 315 273
7983 11812 318 275
7983 11813 321 272
7983 11814 323 274
7983 11815 324 274
7983 11816 327 274
7983 11817 328 274
7983 11818 332 275
7983 11819 333 275
7983 11820 335 275
7983 11821 338 275
7983 11822 339 275
7983 11823 340 276
7983 11824 343 274
7983 11825 346 276
7983 11826 348 276
7983 11827 350 275
7983 11828 352 274
7983 11829 355 278
7983 11830 358 276
7983 11831 359 277
7983 11832 361 276
7983 11833 364 277
7983 11834 365 277
7983 11835 368 276
7983 11836 371 276
7983 11837 372 278
7983 11838 374 279
7983 11839 377 278
7983 11840 379 279
7983 11841 381 278
7983 11842 382 278
7983 11843 385 278
7983 11844 388 278
7983 11845 390 279
7983 11846 389 278
7983 11847 394 278
7983 11848 397 279
7983 11849 399 279
7983 11850 401 278
7983 11851 404 278
7983 11852 407 278
7983 11853 408 279
7983 11854 411 278
7983 11855 412 279
7983 11856 414 280
7983 11857 416 280
7983 11858 419 279
7983 11859 421 279
7983 11860 424 280
7983 11861 426 280
7983 11862 428 280
7983 11863 430 281
7983 11864 433 281
7983 11865 435 281
7983 11866 436 281
7990 11784 314 439
7990 11785 307 439
7990 11786 307 438
7990 11787 307 437
7990 11788 310 441
7990 11789 307 438
7990 11790 316 436
7990 11791 320 436
7990 11792 322 437
7990 11793 326 440
7990 11794 327 443
7990 11795 331 443
7990 11796 334 444
7990 11797 337 447
7990 11798 340 447
7990 11799 343 448
7990 11800 345 452
7990 11801 349 453
7990 11802 352 454
7990 11803 355 455
7990 11804 359 458
7990 11805 361 459
7990 11806 364 460
7990 11807 368 462
7990 11808 371 463
7990 11809 373 464
7990 11810 378 465
7990 11811 380 465
7990 11812 383 470
7990 11813 388 468
7990 11814 390 468
7990 11815 392 470
7990 11816 398 470
7990 11817 402 471
7990 11818 408 471
7990 11819 411 473
7990 11820 413 473
7990 11821 418 474
7990 11822 422 475
7990 11823 425 475
8058 12059 484 268
8058 12060 482 265
8058 12061 476 263
8058 12062 467 263
8058 12063 461 262
8058 12064 452 261
8058 12065 436 260
8058 12066 433 260
8058 12067 424 259
8058 12068 419 259
8058 12069 411 258
8058 12070 402 257
8058 12071 395 257
8058 12072 389 257
8058 12073 381 255
8058 12074 376 255
8058 12075 369 255
8058 12076 362 254
8058 12077 358 253
8058 12078 351 251
8058 12079 344 252
8058 12080 340 252
8058 12081 335 251
8058 12082 331 251
8058 12083 325 251
8058 12084 322 251
8058 12085 318 250
8058 12086 311 249
8058 12087 313 249
8058 12088 310 249
8058 12089 311 249
8058 12090 305 249
8058 12091 304 250
8058 12092 302 249
8058 12093 309 255
8058 12094 311 254
8058 12095 315 248
8058 12096 314 247
8120 12141 209 250
8120 12142 210 251
8120 12143 211 250
8120 12144 208 250
8120 12145 201 253
8120 12146 197 254
8120 12147 194 254
8120 12148 188 257
8120 12149 186 258
8120 12150 184 258
8120 12151 182 259
8120 12152 179 259
8120 12153 176 261
8120 12154 173 262
8120 12155 169 264
8120 12156 167 264
8120 12157 163 266
8120 12158 160 267
8120 12159 157 268
8120 12160 154 270
8120 12161 150 271
8120 12162 146 273
8120 12163 145 275
8120 12164 142 276
8120 12165 138 277
8120 12166 134 279
8120 12167 132 280
8120 12168 127 282
8120 12169 127 283
8120 12170 121 284
8120 12171 120 286
8120 12172 119 288
8120 12173 112 289
8120 12174 112 291
8120 12175 109 293
8120 12176 106 294
8120 12177 99 296
8120 12178 98 297
8120 12179 94 299
8120 12180 95 296
8140 12180 88 308
8140 12181 90 302
8140 12182 85 302
8140 12183 80 304
8140 12184 80 305
8140 12185 75 308
8140 12186 71 310
8140 12187 66 309
8140 12188 65 311
8140 12189 59 313
8140 12190 56 315
8140 12191 51 316
8140 12192 50 318
8140 12193 46 321
8140 12194 40 321
8140 12195 38 325
8140 12196 32 326
8140 12197 24 329
8140 12198 25 330
8140 12199 19 332
8140 12200 21 336
8140 12201 18 335
8140 12202 20 340
8185 12285 139 246
8185 12286 143 246
8185 12287 144 247
8185 12288 148 248
8185 12289 149 248
8185 12290 151 248
8185 12291 154 249
8185 12292 155 251
8185 12293 156 251
8185 12294 158 252
8185 12295 160 253
8185 12296 158 251
8185 12297 161 254
8185 12298 163 255
8185 12299 164 256
8185 12300 165 257
8185 12301 164 260
8185 12302 165 259
8185 12303 163 259
8185 12304 163 260
8185 12305 162 262
8185 12306 161 261
8185 12307 160 264
8185 12308 159 264
8185 12309 158 266
8185 12310 156 270
8185 12311 156 266
8185 12312 155 268
8185 12313 153 269
8185 12314 151 270
8185 12315 149 270
8185 12316 146 271
8185 12317 146 273
8185 12318 144 274
8185 12319 142 275
8185 12320 139 276
8185 12321 137 278
8185 12322 135 280
8185 12323 134 281
8185 12324 131 283
8185 12325 128 283
8185 12326 124 285
8185 12327 121 287
8185 12328 119 289
8185 12329 114 290
8185 12330 112 292
8185 12331 108 293
8185 12332 104 296
8185 12333 101 297
8185 12334 98 298
8185 12335 93 301
8185 12336 89 302
8185 12337 85 303
8185 12338 80 305
8185 12339 77 307
8185 12340 73 308
8185 12341 68 310
8185 12342 64 312
8185 12343 62 314
8185 12344 57 317
8185 12345 51 319
8185 12346 47 319
8185 12347 43 321
8185 12348 40 323
8185 12349 33 327
8185 12350 33 327
8185 12351 29 329
8185 12352 25 332
8185 12353 23 334
8185 12354 20 335
8185 12355 20 336
8185 12356 18 338
8185 12357 16 338
8185 12358 14 336
8185 12359 12 337
8185 12360 9 339
8185 12361 6 342
8185 12362 7 343
8185 12363 3 340
8199 12319 431 453
8199 12320 433 456
8199 12321 432 462
8199 12322 429 454
8199 12323 427 456
8199 12324 426 452
8199 12325 424 450
8199 12326 421 448
8199 12327 418 450
8199 12328 417 449
8199 12329 415 445
8199 12330 414 447
8199 12331 411 441
8199 12332 409 441
8199 12333 408 441
8199 12334 406 438
8199 12335 403 439
8199 12336 401 437
8199 12337 402 439
8199 12338 400 434
8199 12339 395 441
8199 12340 395 431
8199 12341 393 429
8199 12342 392 431
8199 12343 389 428
8199 12344 386 428
8199 12345 384 426
8199 12346 384 422
8199 12347 382 423
8199 12348 380 422
8199 12349 377 422
8199 12350 376 422
8199 12351 375 420
8199 12352 372 419
8199 12353 370 418
8199 12354 368 420
8199 12355 367 416
8199 12356 367 415
8199 12357 364 414
8199 12358 363 413
8199 12359 362 411
8199 12360 359 410
8199 12361 357 411
8199 12362 354 409
8199 12363 354 408
8199 12364 354 405
8199 12365 352 406
8199 12366 351 406
8199 12367 350 406
8199 12368 348 402
8199 12369 346 403
8199 12370 343 401
8199 12371 343 405
8199 12372 340 398
8199 12373 341 398
8199 12374 340 394
8199 12375 340 396
8199 12376 338 395
8199 12377 336 392
8199 12378 335 391
8199 12379 333 393
8199 12380 333 390
8199 12381 332 389
8199 12382 330 387
8199 12383 330 389
8199 12384 328 387
8199 12385 326 387
8199 12386 319 387
8199 12387 318 389
8199 12388 317 385
8199 12389 316 382
8199 12390 315 386
8199 12391 314 382
8199 12392 316 380
8199 12393 308 383
8199 12394 309 381
8199 12395 307 379
8199 12396 306 378
8199 12397 306 379
8199 12398 306 380
8199 12399 311 374
8199 12400 308 372
8199 12401 307 371
8199 12402 301 372
8199 12403 303 369
8199 12404 296 371
8199 12405 300 367
8199 12406 307 364
8260 12424 285 349
8260 12425 286 352
8260 12426 285 355
8260 12427 284 352
8260 12428 283 351
8260 12429 281 349
8260 12430 279 349
8260 12431 279 349
8260 12432 277 350
8260 12433 277 348
8260 12434 275 347
8260 12435 273 347
8260 12436 272 348
8260 12437 270 345
8260 12438 270 347
8260 12439 268 343
8260 12440 268 345
8260 12441 267 344
8260 12442 267 343
8260 12443 265 344
8260 12444 264 342
8260 12445 261 341
8260 12446 261 339
8260 12447 261 340
8260 12448 260 338
8260 12449 260 343
8260 12450 259 338
8260 12451 258 339
8260 12452 257 338
8260 12453 257 340
8260 12454 255 335
8260 12455 254 335
8260 12456 253 336
8260 12457 252 339
8260 12458 251 334
8260 12459 252 331
8260 12460 251 333
8260 12461 250 331
8260 12462 251 332
8260 12463 249 332
8260 12464 248 330
8260 12465 246 328
8260 12466 245 335
8260 12467 246 331
8260 12468 245 328
8260 12469 243 325
8260 12470 241 327
8260 12471 242 324
8260 12472 241 324
8260 12473 239 325
8260 12474 238 324
8260 12475 238 326
8260 12476 237 326
8260 12477 237 322
8260 12478 234 324
8260 12479 235 317
8260 12480 235 319
8260 12481 234 321
8260 12482 234 324
8260 12483 234 317
8260 12484 234 320
8260 12485 233 320
8260 12486 233 315
8260 12487 232 315
8260 12488 232 315
8260 12489 232 317
8260 12490 233 323
8324 12545 191 292
8324 12546 189 291
8324 12547 188 292
8324 12548 187 291
8324 12549 187 291
8324 12550 184 291
8324 12551 182 291
8324 12552 182 291
8324 12553 180 291
8324 12554 180 291
8324 12555 179 291
8324 12556 177 291
8324 12557 176 293
8324 12558 174 293
8324 12559 172 292
8324 12560 171 292
8324 12561 171 292
8324 12562 169 292
8324 12563 168 290
8324 12564 167 292
8324 12565 166 293
8324 12566 167 293
8324 12567 164 292
8324 12568 163 293
8324 12569 161 294
8324 12570 160 293
8324 12571 160 293
8324 12572 158 294
8324 12573 156 294
8324 12574 156 293
8324 12575 155 292
8324 12576 154 293
8324 12577 151 292
8324 12578 150 292
8324 12579 148 291
8324 12580 148 292
8324 12581 147 293
8324 12582 147 293
8324 12583 145 292
8324 12584 146 297
8324 12585 144 292
8324 12586 141 292
8324 12587 140 288
8324 12588 139 290
8324 12589 138 287
8324 12590 137 291
8324 12591 136 289
8324 12592 134 288
8324 12593 136 291
8324 12594 133 289
8324 12595 133 290
8324 12596 131 287
8324 12597 130 291
8324 12598 129 288
8324 12599 129 288
8324 12600 128 288
8324 12601 127 287
8324 12602 125 284
8324 12603 125 287
8324 12604 123 286
8324 12605 123 287
8324 12606 122 287
8324 12607 121 289
8324 12608 120 287
8324 12609 119 285
8324 12610 118 286
8324 12611 116 289
8324 12612 116 286
8324 12613 114 285
8324 12614 113 288
8324 12615 113 289
8324 12616 112 285
8324 12617 109 285
8324 12618 109 284
8324 12619 109 286
8324 12620 108 285
8324 12621 107 285
8324 12622 106 285
8324 12623 106 284
8324 12624 105 286
8324 12625 102 285
8324 12626 102 285
8324 12627 100 285
8324 12628 98 286
8324 12629 96 283
8324 12630 97 284
8324 12631 96 286
8324 12632 95 284
8324 12633 94 283
8324 12634 91 281
8324 12635 93 283
8326 12545 486 267
8326 12546 478 265
8326 12547 465 265
8326 12548 460 263
8326 12549 456 264
8326 12550 454 275
8326 12551 453 269
8326 12552 451 272
8326 12553 448 272
8326 12554 447 269
8326 12555 445 271
8326 12556 443 271
8326 12557 441 268
8326 12558 439 269
8326 12559 436 270
8326 12560 435 270
8326 12561 433 270
8326 12562 430 268
8326 12563 429 267
8326 12564 427 267
8326 12565 424 270
8326 12566 423 269
8326 12567 420 269
8326 12568 418 269
8326 12569 416 269
8326 12570 414 266
8326 12571 412 266
8326 12572 411 267
8326 12573 408 268
8326 12574 406 268
8326 12575 405 265
8326 12576 403 267
8326 12577 401 267
8326 12578 398 267
8326 12579 396 266
8326 12580 396 264
8326 12581 393 267
8326 12582 390 267
8326 12583 387 266
8326 12584 387 267
8326 12585 384 267
8326 12586 383 264
8326 12587 380 265
8326 12588 378 265
8326 12589 377 266
8326 12590 375 265
8326 12591 372 266
8326 12592 371 264
8326 12593 370 265
8326 12594 367 265
8326 12595 365 264
8326 12596 363 265
8326 12597 362 262
8326 12598 359 264
8326 12599 358 264
8326 12600 355 258
8326 12601 352 264
8326 12602 351 263
8326 12603 350 263
8326 12604 348 263
8326 12605 345 263
8326 12606 344 263
8326 12607 342 263
8326 12608 340 263
8326 12609 337 263
8400 12656 401 270
8400 12657 394 273
8400 12658 390 274
8400 12659 386 273
8400 12660 384 273
8400 12661 381 273
8400 12662 378 273
8400 12663 377 269
8400 12664 375 272
8400 12665 373 273
8400 12666 371 272
8400 12667 370 272
8400 12668 368 272
8400 12669 365 272
8400 12670 364 272
8400 12671 362 271
8400 12672 361 267
8400 12673 357 272
8400 12674 356 272
8400 12675 355 271
8400 12676 352 270
8400 12677 352 267
8400 12678 350 271
8400 12679 347 270
8400 12680 344 270
8400 12681 342 270
8400 12682 342 270
8400 12683 340 270
8400 12684 336 270
8400 12685 336 272
8400 12686 334 270
8400 12687 332 269
8400 12688 329 270
8400 12689 329 269
8400 12690 327 269
8400 12691 325 271
8400 12692 322 269
8400 12693 322 269
8400 12694 320 269
8400 12695 317 268
8400 12696 315 269
8400 12697 315 268
8400 12698 312 264
8400 12699 310 268
8400 12700 308 268
8400 12701 307 268
8400 12702 305 268
8400 12703 301 268
8400 12704 301 267
8400 12705 299 267
8400 12706 298 267
8400 12707 294 267
8400 12708 292 264
8400 12709 292 268
8400 12710 289 267
8400 12711 287 267
8400 12712 287 267
8400 12713 284 264
8400 12714 282 266
8400 12715 280 267
8400 12716 280 267
8400 12717 277 267
8400 12718 275 267
8400 12719 274 267
8400 12720 272 267
8400 12721 270 265
8400 12722 268 266
8400 12723 265 266
8400 12724 265 266
8400 12725 262 267
8400 12726 260 263
8400 12727 260 266
8400 12728 258 262
8400 12729 256 266
8400 12730 253 265
8400 12731 253 265
8400 12732 251 265
8400 12733 249 267
8400 12734 246 265
8400 12735 246 265
8400 12736 244 265
8400 12737 243 266
8400 12738 240 265
8400 12739 239 265
8400 12740 237 263
8400 12741 235 264
8400 12742 233 265
8400 12743 232 265
8400 12744 230 264
8400 12745 228 265
8400 12746 225 264
8400 12747 223 264
8400 12748 223 264
8400 12749 224 264
8400 12750 219 264
8400 12751 216 263
8400 12752 215 262
8400 12753 214 263
8400 12754 216 263
8400 12755 213 262
8400 12756 209 263
8400 12757 222 261
8400 12758 229 260
8400 12759 229 260
8400 12760 233 260
8400 12761 232 260
8400 12762 237 259
8400 12763 239 259
8400 12764 243 259
8400 12765 247 258
8400 12766 252 259
8400 12767 252 258
8400 12768 256 259
8404 12660 172 262
8404 12661 168 263
8404 12662 169 266
8404 12663 156 271
8404 12664 157 268
8404 12665 151 269
8404 12666 146 272
8404 12667 141 274
8404 12668 137 277
8404 12669 134 277
8404 12670 125 279
8404 12671 122 282
8404 12672 116 284
8404 12673 111 285
8404 12674 108 288
8404 12675 103 291
8404 12676 97 293
8404 12677 89 295
8404 12678 85 298
8404 12679 78 301
8404 12680 71 303
8404 12681 66 306
8404 12682 62 313
8404 12683 54 319
8404 12684 48 320
8404 12685 44 325
8404 12686 44 321
8404 12687 44 316
8430 12686 120 363
8430 12687 121 365
8430 12688 121 368
8430 12689 122 366
8430 12690 122 373
8430 12691 121 370
8430 12692 121 370
8430 12693 122 374
8430 12694 121 374
8430 12695 122 376
8430 12696 122 374
8430 12697 122 376
8430 12698 122 377
8430 12699 121 383
8430 12700 121 385
8430 12701 122 387
8430 12702 121 383
8430 12703 121 386
8430 12704 121 389
8430 12705 120 387
8430 12706 120 388
8430 12707 125 398
8430 12708 120 394
8430 12709 121 394
8430 12710 120 396
8430 12711 120 400
8430 12712 120 400
8430 12713 120 404
8430 12714 119 407
8430 12715 118 407
8430 12716 119 408
8430 12717 121 411
8430 12718 118 407
8430 12719 118 412
8430 12720 117 418
8430 12721 117 418
8430 12722 117 421
8430 12723 116 423
8430 12724 117 421
8430 12725 115 424
8430 12726 114 425
8430 12727 114 431
8430 12728 112 429
8430 12729 112 432
8430 12730 112 436
8430 12731 111 436
8430 12732 113 437
8430 12733 110 441
8430 12734 111 444
8430 12735 108 442
8430 12736 107 445
8430 12737 106 448
8430 12738 106 453
8430 12739 105 453
8430 12740 107 455
8430 12741 106 460
8430 12742 103 454
8430 12743 103 459
8430 12744 103 463
8430 12745 103 465
8430 12746 102 466
8430 12747 102 467
8430 12748 102 468
8430 12749 100 469
8430 12750 100 470
8430 12751 99 472
8430 12752 98 472
8430 12753 98 474
8430 12754 97 475
8431 12687 60 326
8431 12688 62 324
8431 12689 68 324
8431 12690 72 322
8431 12691 77 318
8431 12692 81 317
8431 12693 81 316
8431 12694 87 313
8431 12695 90 311
8431 12696 95 308
8431 12697 99 308
8431 12698 101 306
8431 12699 104 305
8431 12700 107 303
8431 12701 111 301
8431 12702 111 303
8431 12703 116 299
8431 12704 118 298
8431 12705 122 295
8431 12706 124 296
8461 12756 635 433
8461 12757 634 431
8461 12758 632 430
8461 12759 628 429
8461 12760 625 427
8461 12761 620 426
8461 12762 617 424
8461 12763 614 423
8461 12764 611 420
8461 12765 608 419
8461 12766 605 419
8461 12767 601 417
8461 12768 598 416
8461 12769 593 413
8461 12770 590 413
8461 12771 587 410
8461 12772 585 409
8461 12773 582 408
8461 12774 579 407
8461 12775 575 405
8461 12776 570 404
8461 12777 566 403
8461 12778 563 400
8461 12779 561 400
8461 12780 558 399
8461 12781 554 399
8461 12782 550 396
8461 12783 545 395
8461 12784 542 393
8461 12785 539 392
8461 12786 537 391
8461 12787 534 389
8461 12788 531 389
8461 12789 527 388
8461 12790 523 385
8461 12791 519 384
8461 12792 517 384
8461 12793 514 382
8461 12794 512 381
8461 12795 507 381
8461 12796 505 379
8461 12797 501 377
8461 12798 496 375
8461 12799 493 375
8461 12800 487 377
8461 12801 487 371
8461 12802 486 372
8461 12803 483 371
8461 12804 479 368
8461 12805 476 367
8461 12806 472 366
8461 12807 467 368
8461 12808 468 364
8461 12809 465 362
8461 12810 462 363
8461 12811 459 361
8461 12812 456 358
8461 12813 453 358
8461 12814 449 358
8461 12815 448 359
8461 12816 445 355
8461 12817 442 355
8461 12818 440 353
8461 12819 437 351
8461 12820 434 350
8461 12821 432 348
8461 12822 431 347
8461 12823 428 348
8461 12824 425 346
8461 12825 422 347
8461 12826 423 347
8519 12842 488 267
8519 12843 485 267
8519 12844 481 267
8519 12845 479 264
8519 12846 476 263
8519 12847 471 263
8519 12848 472 263
8519 12849 465 263
8519 12850 458 262
8519 12851 453 262
8519 12852 445 261
8519 12853 438 261
8519 12854 429 260
8519 12855 426 260
8519 12856 416 259
8519 12857 410 259
8519 12858 401 257
8519 12859 396 258
8519 12860 387 257
8519 12861 380 256
8519 12862 372 255
8519 12863 367 255
8519 12864 360 254
8519 12865 348 252
8519 12866 339 253
8519 12867 331 253
8519 12868 324 252
8519 12869 316 251
8519 12870 307 249
8736 13197 158 391
8736 13198 157 388
8736 13199 159 396
8736 13200 158 394
8736 13201 158 391
8736 13202 159 394
8736 13203 159 396
8736 13204 162 403
8736 13205 160 395
8736 13206 162 396
8736 13207 165 401
8736 13208 164 400
8736 13209 166 400
8736 13210 167 403
8736 13211 168 406
8736 13212 169 408
8736 13213 172 404
8736 13214 172 407
8736 13215 173 409
8736 13216 175 410
8736 13217 177 411
8736 13218 178 412
8736 13219 182 411
8736 13220 184 412
8736 13221 183 415
8736 13222 186 418
8736 13223 187 419
8736 13224 189 421
8736 13225 190 421
8736 13226 188 423
8736 13227 193 421
8736 13228 194 421
8736 13229 196 424
8736 13230 198 428
8736 13231 201 425
8736 13232 203 424
8736 13233 203 431
8736 13234 208 429
8736 13235 210 428
8736 13236 207 436
8736 13237 210 432
8736 13238 214 434
8767 13238 506 446
8767 13239 508 441
8767 13240 511 434
8767 13241 512 434
8767 13242 518 435
8767 13243 519 442
8767 13244 522 438
8767 13245 525 439
8767 13246 529 443
8767 13247 530 439
8767 13248 532 443
8767 13249 534 448
8767 13250 534 447
8767 13251 538 446
8767 13252 539 452
8767 13253 543 447
8767 13254 543 449
8767 13255 550 452
8767 13256 547 454
8767 13257 553 455
8767 13258 555 453
8767 13259 556 453
8767 13260 559 459
8767 13261 560 458
8767 13262 564 458
8767 13263 564 460
8767 13264 566 460
8767 13265 570 459
8767 13266 571 463
8767 13267 572 468
8767 13268 566 468
8767 13269 571 468
8793 13266 250 253
8793 13267 260 254
8793 13268 272 255
8793 13269 279 255
8793 13270 293 256
8793 13271 304 257
8793 13272 316 257
8793 13273 324 258
8793 13274 338 259
8793 13275 349 261
8793 13276 364 262
8793 13277 371 268