45 34 484 264
45 35 477 262
45 36 468 261
45 37 451 260
45 38 435 258
45 39 423 257
45 40 412 257
45 41 397 255
45 42 384 254
45 43 371 253
45 44 357 251
45 45 369 249
155 132 445 339
155 133 447 339
155 134 448 339
155 135 451 340
155 136 454 340
155 137 456 340
155 138 462 341
155 139 465 341
155 140 467 340
155 141 470 343
155 142 473 342
155 143 474 344
155 144 479 343
155 145 480 346
155 146 484 347
155 147 487 347
155 148 492 345
155 149 493 345
155 150 493 348
155 151 495 348
155 152 499 347
155 153 505 347
155 154 505 350
155 155 508 349
155 156 512 347
155 157 513 350
155 158 516 349
155 159 519 351
155 160 523 352
155 161 528 351
155 162 535 349
155 163 534 352
155 164 538 351
155 165 540 351
155 166 541 355
155 167 545 354
155 168 549 351
155 169 551 353
155 170 554 350
155 171 555 355
155 172 561 353
155 173 563 357
155 174 567 357
155 175 571 356
155 176 571 360
155 177 574 359
155 178 577 357
155 179 583 358
155 180 582 362
155 181 582 362
155 182 586 360
155 183 588 365
170 149 324 339
170 150 321 344
170 151 323 346
170 152 327 346
170 153 330 345
170 154 333 346
170 155 336 346
170 156 339 347
170 157 343 347
170 158 345 346
170 159 348 346
170 160 350 348
170 161 356 349
170 162 360 351
170 163 363 350
170 164 365 346
170 165 367 350
170 166 370 350
170 167 374 351
170 168 373 352
170 169 379 352
170 170 382 353
170 171 386 353
170 172 388 353
170 173 392 356
170 174 397 355
170 175 400 355
170 176 404 356
170 177 406 356
170 178 409 356
170 179 415 357
170 180 417 356
170 181 422 356
170 182 424 355
170 183 430 358
170 184 430 359
170 185 432 358
170 186 434 358
170 187 438 357
170 188 443 360
170 189 443 358
228 183 309 255
228 184 321 255
228 185 331 257
228 186 342 259
228 187 355 259
228 188 369 260
228 189 378 262
228 190 385 261
228 191 397 262
228 192 409 264
228 193 425 266
228 194 437 266
228 195 443 267
228 196 453 267
228 197 465 268
228 198 471 269
228 199 481 270
228 200 485 271
327 246 308 252
327 247 317 252
327 248 324 253
327 249 337 255
327 250 352 256
327 251 369 257
327 252 378 258
327 253 387 258
327 254 400 260
327 255 419 261
327 256 436 262
327 257 450 264
327 258 444 264
347 262 144 246
347 263 148 248
347 264 150 248
347 265 151 249
347 266 156 251
347 267 157 253
347 268 158 253
347 269 160 254
347 270 162 255
347 271 164 258
347 272 163 258
347 273 163 260
347 274 166 259
347 275 165 262
347 276 166 263
347 277 165 266
347 278 165 268
347 279 164 269
347 280 163 274
347 281 162 271
347 282 161 274
347 283 159 275
347 284 158 276
347 285 156 279
347 286 152 281
347 287 149 283
347 288 145 285
347 289 143 287
347 290 140 288
347 291 136 291
347 292 132 292
347 293 125 294
347 294 124 296
347 295 118 298
347 296 111 300
347 297 106 297
347 298 101 305
347 299 95 301
347 300 92 310
347 301 87 311
347 302 83 314
347 303 78 314
347 304 71 319
347 305 66 320
347 306 63 322
347 307 59 323
347 308 52 327
347 309 46 330
347 310 40 332
347 311 36 335
347 312 31 336
347 313 28 338
347 314 25 340
347 315 22 344
347 316 18 346
347 317 15 345
347 318 15 347
347 319 12 347
347 320 10 349
347 321 6 351
347 322 4 357
347 323 4 359
386 347 143 314
386 348 147 309
386 349 148 310
386 350 150 309
386 351 151 310
386 352 153 311
386 353 153 311
386 354 153 313
386 355 155 314
386 356 156 316
386 357 156 316
386 358 158 314
386 359 159 313
386 360 162 317
386 361 162 318
386 362 160 314
386 363 162 319
386 364 165 321
386 365 165 321
386 366 167 320
386 367 170 321
386 368 172 321
386 369 172 326
386 370 172 322
386 371 173 322
386 372 177 323
386 373 178 326
386 374 179 326
386 375 177 324
386 376 181 328
386 377 180 324
386 378 184 328
386 379 184 330
386 380 185 333
386 381 186 330
386 382 187 331
386 383 187 332
386 384 190 332
386 385 193 331
386 386 194 332
386 387 194 334
386 388 197 335
386 389 194 339
386 390 197 334
386 391 200 337
386 392 200 333
386 393 202 337
386 394 202 335
386 395 203 339
386 396 201 338
386 397 206 342
386 398 207 341
386 399 210 345
386 400 210 342
386 401 213 347
386 402 213 343
386 403 213 340
386 404 209 338
386 405 213 343
386 406 216 346
386 407 219 348
386 408 219 348
386 409 223 349
386 410 223 349
386 411 224 350
386 412 224 351
386 413 224 353
386 414 219 359
661 524 487 267
661 525 484 267
661 526 476 265
661 527 471 265
661 528 458 265
661 529 445 263
661 530 436 261
661 531 423 259
661 532 417 262
661 533 409 260
661 534 398 259
661 535 387 259
661 536 373 257
661 537 361 256
661 538 354 256
661 539 342 255
661 540 327 253
661 541 315 255
661 542 307 252
661 543 300 253
661 544 299 262
804 672 276 255
804 673 277 255
804 674 291 256
804 675 299 257
804 676 309 258
804 677 319 258
804 678 326 259
804 679 337 260
804 680 352 261
804 681 365 262
804 682 374 264
804 683 386 265
804 684 398 265
804 685 406 266
804 686 411 266
804 687 427 266
804 688 441 269
804 689 443 268
844 717 488 271
844 718 481 266
844 719 477 265
844 720 468 265
844 721 464 265
844 722 445 262
844 723 430 260
844 724 421 260
844 725 414 259
844 726 404 259
844 727 392 258
844 728 380 257
844 729 367 256
844 730 351 255
844 731 339 253
844 732 333 253
844 733 323 252
844 734 311 251
844 735 299 251
844 736 284 249
844 737 272 248
844 738 261 248
844 739 251 246
844 740 244 246
937 895 379 261
937 896 375 256
937 897 356 254
937 898 347 254
937 899 334 253
937 900 320 252
937 901 314 252
937 902 304 249
937 903 290 248
937 904 275 247
937 905 264 251
1028 1135 3 422
1028 1136 3 425
1028 1137 5 420
1028 1138 4 418
1028 1139 7 417
1028 1140 9 418
1028 1141 10 416
1028 1142 13 416
1028 1143 17 417
1028 1144 17 419
1028 1145 18 418
1028 1146 22 416
1028 1147 23 418
1028 1148 29 420
1028 1149 34 420
1028 1150 34 415
1028 1151 38 420
1028 1152 41 422
1028 1153 45 423
1028 1154 48 421
1028 1155 52 422
1028 1156 55 422
1028 1157 58 423
1028 1158 61 423
1028 1159 67 424
1028 1160 69 426
1028 1161 69 423
1028 1162 75 425
1028 1163 77 426
1028 1164 82 426
1028 1165 86 426
1028 1166 89 426
1028 1167 92 428
1028 1168 96 429
1028 1169 97 425
1028 1170 104 428
1028 1171 107 428
1028 1172 109 428
1028 1173 111 429
1028 1174 118 429
1028 1175 121 430
1028 1176 124 429
1028 1177 127 430
1028 1178 129 429
1028 1179 135 430
1028 1180 137 429
1028 1181 139 430
1028 1182 145 427
1028 1183 150 430
1028 1184 151 431
1028 1185 153 433
1028 1186 158 430
1028 1187 164 431
1028 1188 166 432
1028 1189 173 432
1028 1190 176 430
1028 1191 179 432
1028 1192 184 432
1028 1193 189 431
1028 1194 190 433
1028 1195 193 432
1028 1196 198 432
1028 1197 202 432
1028 1198 209 433
1028 1199 211 432
1028 1200 215 433
1028 1201 217 431
1028 1202 222 432
1028 1203 228 432
1028 1204 227 433
1028 1205 231 433
1028 1206 243 431
1028 1207 245 436
1028 1208 245 432
1028 1209 254 429
1028 1210 260 432
1028 1211 262 431
1028 1212 261 431
1028 1213 269 433
1028 1214 275 431
1028 1215 275 434
1028 1216 278 430
1028 1217 280 430
1028 1218 290 431
1028 1219 292 431
1028 1220 296 431
1028 1221 301 432
1028 1222 304 431
1028 1223 308 432
1028 1224 310 430
1028 1225 313 431
1028 1226 320 433
1028 1227 324 431
1028 1228 327 432
1028 1229 332 435
1028 1230 337 431
1028 1231 340 432
1028 1232 344 432
1028 1233 348 441
1028 1234 348 440
1155 1251 233 293
1155 1252 233 297
1155 1253 235 298
1155 1254 236 298
1155 1255 238 299
1155 1256 238 306
1155 1257 241 301
1155 1258 242 302
1155 1259 243 300
1155 1260 245 302
1155 1261 246 302
1155 1262 247 303
1155 1263 248 307
1155 1264 251 305
1155 1265 253 306
1155 1266 253 303
1155 1267 255 305
1155 1268 256 310
1155 1269 258 306
1155 1270 258 308
1155 1271 261 308
1155 1272 263 312
1155 1273 264 309
1155 1274 265 308
1155 1275 268 309
1155 1276 269 311
1155 1277 269 310
1155 1278 272 310
1155 1279 274 312
1155 1280 275 312
1155 1281 275 312
1155 1282 278 313
1155 1283 281 313
1155 1284 281 314
1155 1285 282 315
1155 1286 284 321
1155 1287 286 315
1155 1288 287 317
1155 1289 289 316
1155 1290 291 316
1155 1291 293 317
1155 1292 294 318
1155 1293 296 320
1155 1294 298 319
1155 1295 299 321
1155 1296 300 321
1155 1297 304 321
1155 1298 305 322
1155 1299 305 322
1155 1300 308 322
1155 1301 309 324
1155 1302 312 324
1155 1303 313 325
1155 1304 315 325
1155 1305 318 325
1155 1306 319 327
1155 1307 320 327
1155 1308 323 324
1155 1309 324 328
1155 1310 326 329
1155 1311 329 330
1155 1312 331 333
1155 1313 332 331
1155 1314 333 332
1155 1315 336 332
1155 1316 339 332
1155 1317 341 333
1155 1318 342 333
1155 1319 344 334
1155 1320 349 335
1155 1321 349 336
1155 1322 352 340
1155 1323 354 337
1155 1324 357 339
1155 1325 358 338
1155 1326 360 337
1155 1327 362 339
1155 1328 365 339
1155 1329 364 344
1155 1330 368 341
1155 1331 372 336
1288 1354 430 361
1288 1355 430 355
1288 1356 433 355
1288 1357 434 356
1288 1358 438 356
1288 1359 439 356
1288 1360 440 357
1288 1361 445 359
1288 1362 448 360
1288 1363 450 360
1288 1364 456 361
1288 1365 457 364
1288 1366 457 362
1288 1367 461 363
1288 1368 464 364
1288 1369 466 365
1288 1370 469 364
1288 1371 472 366
1288 1372 475 369
1288 1373 474 367
1288 1374 476 368
1288 1375 479 368
1288 1376 482 369
1288 1377 484 371
1288 1378 486 377
1288 1379 488 372
1288 1380 492 373
1288 1381 495 373
1288 1382 499 375
1288 1383 500 378
1288 1384 502 377
1288 1385 506 377
1288 1386 509 372
1357 1403 557 388
1357 1404 556 395
1357 1405 558 397
1357 1406 561 396
1357 1407 565 397
1357 1408 569 399
1357 1409 571 400
1357 1410 573 400
1357 1411 576 400
1357 1412 579 402
1357 1413 583 402
1357 1414 587 402
1357 1415 589 406
1357 1416 592 404
1357 1417 596 404
1357 1418 598 406
1357 1419 603 407
1357 1420 603 406
1357 1421 607 407
1357 1422 613 408
1357 1423 612 410
1357 1424 618 410
1357 1425 624 404
1357 1426 625 412
1357 1427 625 412
1357 1428 628 412
1357 1429 633 415
1357 1430 634 418
1357 1431 632 416
1357 1432 634 424
1600 1546 534 360
1600 1547 537 364
1600 1548 536 365
1600 1549 540 365
1600 1550 543 364
1600 1551 545 365
1600 1552 546 366
1600 1553 546 370
1600 1554 551 368
1600 1555 554 368
1600 1556 555 367
1600 1557 557 365
1600 1558 560 367
1600 1559 561 367
1600 1560 561 371
1600 1561 566 371
1600 1562 566 371
1600 1563 569 372
1600 1564 572 371
1600 1565 574 372
1600 1566 575 372
1600 1567 575 375
1600 1568 581 378
1600 1569 583 375
1600 1570 583 377
1600 1571 588 374
1600 1572 590 377
1600 1573 594 375
1600 1574 591 378
1600 1575 592 378
1600 1576 598 380
1600 1577 598 381
1600 1578 600 383
1600 1579 599 380
1600 1580 605 379
1600 1581 607 383
1600 1582 607 383
1600 1583 605 387
1600 1584 609 382
1600 1585 613 385
1600 1586 615 385
1600 1587 615 385
1600 1588 618 388
1600 1589 620 386
1600 1590 624 389
1600 1591 626 387
1600 1592 627 387
1600 1593 629 394
1600 1594 631 391
1600 1595 629 388
1600 1596 634 389
1600 1597 634 392
1600 1598 633 394
1832 1870 487 268
1832 1871 482 265
1832 1872 474 264
1832 1873 457 263
1832 1874 441 261
1832 1875 433 260
1832 1876 414 258
1832 1877 396 257
1832 1878 390 258
1832 1879 376 257
1832 1880 358 255
1832 1881 343 253
1832 1882 336 253
1832 1883 321 252
1832 1884 308 249
1832 1885 294 248
1832 1886 276 247
1832 1887 268 247
2519 2514 65 311
2519 2515 68 312
2519 2516 63 314
2519 2517 59 316
2519 2518 52 319
2519 2519 47 320
2519 2520 43 323
2519 2521 36 326
2519 2522 32 328
2519 2523 28 329
2519 2524 25 335
2519 2525 20 338
2519 2526 18 334
2519 2527 15 336
2519 2528 13 340
2519 2529 9 343
2519 2530 6 345
2525 2517 141 298
2525 2518 142 295
2525 2519 139 297
2525 2520 142 295
2525 2521 143 295
2525 2522 143 296
2525 2523 144 298
2525 2524 145 301
2525 2525 146 304
2525 2526 150 303
2525 2527 147 304
2525 2528 149 302
2525 2529 150 304
2525 2530 152 306
2525 2531 153 308
2525 2532 153 312
2525 2533 153 308
2525 2534 155 307
2525 2535 158 306
2525 2536 158 307
2525 2537 160 307
2525 2538 159 307
2525 2539 159 311
2525 2540 161 312
2525 2541 162 309
2525 2542 165 313
2525 2543 166 308
2525 2544 168 312
2525 2545 169 313
2525 2546 168 314
2525 2547 170 312
2525 2548 171 313
2525 2549 174 315
2525 2550 171 317
2525 2551 177 316
2525 2552 176 314
2525 2553 179 316
2525 2554 180 319
2525 2555 180 316
2525 2556 182 319
2525 2557 181 320
2525 2558 185 319
2525 2559 186 323
2525 2560 187 317
2525 2561 187 323
2525 2562 188 322
2525 2563 189 326
2581 2613 237 324
2581 2614 241 323
2581 2615 245 321
2581 2616 249 321
2581 2617 262 318
2581 2618 262 318
2581 2619 269 316
2581 2620 279 314
2581 2621 281 313
2581 2622 285 312
2581 2623 291 309
2581 2624 297 308
2581 2625 301 308
2581 2626 307 306
2581 2627 314 305
2581 2628 319 304
2581 2629 323 302
2581 2630 324 305
2832 3018 432 336
2832 3019 432 334
2832 3020 436 332
2832 3021 439 329
2832 3022 440 332
2832 3023 444 334
2832 3024 445 332
2832 3025 447 334
2832 3026 451 337
2832 3027 452 338
2832 3028 455 336
2832 3029 458 338
2832 3030 460 338
2832 3031 461 339
2832 3032 464 343
2832 3033 468 340
2832 3034 471 340
2832 3035 473 344
2832 3036 478 347
2832 3037 481 342
2832 3038 483 348
2832 3039 486 349
2832 3040 490 347
2832 3041 490 351
2832 3042 495 352
2832 3043 497 357
2832 3044 501 355
2832 3045 504 361
2832 3046 505 360
2832 3047 508 364
2832 3048 514 363
2832 3049 516 361
2832 3050 517 364
2832 3051 516 368
3773 4545 330 352
3773 4546 331 357
3773 4547 333 363
3773 4548 337 361
3773 4549 339 361
3773 4550 344 362
3773 4551 347 363
3773 4552 348 362
3773 4553 351 362
3773 4554 355 360
3773 4555 358 364
3773 4556 361 362
3773 4557 363 362
3773 4558 367 364
3773 4559 369 360
3773 4560 370 362
3773 4561 373 362
3773 4562 380 365
3773 4563 382 364
3773 4564 385 364
3773 4565 387 359
3773 4566 389 362
3773 4567 393 364
3773 4568 396 363
3773 4569 399 364
3773 4570 402 365
3773 4571 405 366
3773 4572 407 365
3773 4573 410 364
3773 4574 411 365
3773 4575 415 365
3773 4576 418 369
3773 4577 422 366
3773 4578 422 364
3828 4759 109 297
3828 4760 113 295
3828 4761 103 298
3828 4762 105 297
3828 4763 99 299
3828 4764 92 302
3828 4765 95 302
3828 4766 90 304
3828 4767 81 308
3828 4768 85 307
3828 4769 82 310
3828 4770 77 309
3828 4771 74 310
3828 4772 70 312
3828 4773 59 316
3828 4774 58 317
3828 4775 57 316
3828 4776 50 320
3828 4777 52 319
3828 4778 46 320
3828 4779 41 324
3828 4780 42 322
3828 4781 37 326
3828 4782 35 321
3828 4783 33 327
3828 4784 25 330
3828 4785 24 331
3828 4786 24 331
3828 4787 17 334
3828 4788 18 335
3828 4789 14 335
3828 4790 12 337
3828 4791 17 336
3828 4792 14 336
3828 4793 14 330
4017 4994 245 316
4017 4995 244 312
4017 4996 241 314
4017 4997 241 311
4017 4998 240 314
4017 4999 240 313
4017 5000 238 317
4017 5001 236 315
4017 5002 234 318
4017 5003 232 317
4017 5004 231 319
4017 5005 231 321
4017 5006 231 320
4017 5007 228 322
4017 5008 225 324
4017 5009 223 326
4017 5010 222 325
4017 5011 221 327
4017 5012 220 329
4017 5013 220 328
4017 5014 218 329
4017 5015 216 331
4017 5016 215 331
4017 5017 214 333
4017 5018 210 335
4017 5019 208 334
4017 5020 207 336
4017 5021 206 337
4017 5022 204 339
4017 5023 202 340
4017 5024 202 342
4017 5025 199 343
4017 5026 197 342
4017 5027 196 344
4017 5028 194 344
4017 5029 194 346
4017 5030 192 344
4017 5031 191 350
4017 5032 188 350
4017 5033 187 354
4017 5034 187 350
4017 5035 185 355
4017 5036 181 352
4017 5037 182 354
4017 5038 181 356
4017 5039 179 361
4017 5040 176 361
4017 5041 174 363
4017 5042 173 363
4017 5043 170 365
4017 5044 170 365
4017 5045 165 368
4017 5046 164 369
4017 5047 161 372
4017 5048 158 372
4017 5049 157 373
4017 5050 156 370
4017 5051 155 376
4017 5052 151 378
4017 5053 148 376
4017 5054 146 377
4017 5055 145 382
4017 5056 142 381
4017 5057 140 385
4017 5058 137 384
4017 5059 138 387
4017 5060 135 389
4017 5061 132 389
4017 5062 130 391
4017 5063 126 393
4017 5064 123 393
4017 5065 120 395
4017 5066 119 397
4017 5067 118 399
4017 5068 114 396
4017 5069 112 402
4017 5070 105 403
4017 5071 104 404
4017 5072 103 405
4017 5073 101 409
4017 5074 97 409
4017 5075 95 409
4017 5076 95 409
4017 5077 93 412
4017 5078 89 417
4017 5079 85 417
4017 5080 81 416
4017 5081 82 421
4017 5082 82 423
4075 5082 78 423
4075 5083 76 424
4075 5084 72 428
4075 5085 67 432
4075 5086 66 431
4075 5087 64 431
4075 5088 63 434
4075 5089 59 438
4075 5090 52 436
4075 5091 51 441
4075 5092 48 447
4075 5093 47 447
4075 5094 43 448
4075 5095 38 448
4075 5096 37 450
4075 5097 29 450
4075 5098 32 452
4075 5099 27 455
4075 5100 20 457
4075 5101 19 459
4075 5102 14 459
4075 5103 13 461
4075 5104 12 460
4075 5105 11 465
4075 5106 9 470
4075 5107 7 468
4142 5223 104 294
4142 5224 102 299
4142 5225 101 296
4142 5226 94 298
4142 5227 91 302
4142 5228 90 302
4142 5229 86 303
4142 5230 81 307
4142 5231 77 309
4142 5232 73 307
4142 5233 70 313
4142 5234 69 309
4142 5235 62 311
4142 5236 59 319
4142 5237 55 316
4142 5238 52 322
4142 5239 50 322
4142 5240 47 321
4142 5241 45 316
4195 5334 379 263
4195 5335 379 264
4195 5336 394 265
4195 5337 406 265
4195 5338 415 266
4195 5339 428 266
4195 5340 439 268
4195 5341 448 268
4195 5342 453 268
4195 5343 460 271
4195 5344 469 271
4195 5345 477 271
4195 5346 483 272
4195 5347 488 278
4258 5517 60 345
4258 5518 61 347
4258 5519 64 347
4258 5520 66 348
4258 5521 68 349
4258 5522 71 350
4258 5523 74 351
4258 5524 76 353
4258 5525 79 353
4258 5526 81 353
4258 5527 83 355
4258 5528 88 360
4258 5529 91 361
4258 5530 92 361
4258 5531 95 361
4258 5532 100 362
4258 5533 103 362
4258 5534 106 363
4258 5535 108 364
4258 5536 111 365
4258 5537 114 365
4258 5538 119 365
4258 5539 123 366
4258 5540 124 366
4258 5541 127 366
4258 5542 132 366
4258 5543 136 367
4258 5544 138 367
4258 5545 142 367
4258 5546 148 366
4258 5547 149 372
4258 5548 153 371
4258 5549 160 366
4258 5550 162 367
4258 5551 164 366
4258 5552 171 366
4258 5553 176 370
4258 5554 176 371
4258 5555 173 375
4268 5555 182 365
4268 5556 188 364
4268 5557 190 364
4268 5558 193 364
4268 5559 199 369
4268 5560 202 368
4268 5561 205 367
4268 5562 210 366
4268 5563 214 365
4268 5564 216 365
4268 5565 221 361
4268 5566 225 365
4268 5567 228 366
4268 5568 230 366
4268 5569 235 364
4268 5570 240 363
4268 5571 242 360
4268 5572 245 359
4268 5573 250 364
4268 5574 253 359
4268 5575 255 359
4268 5576 260 359
4268 5577 263 359
4268 5578 267 359
4268 5579 269 359
4268 5580 273 362
4268 5581 278 363
4268 5582 279 358
4268 5583 282 362
4268 5584 287 357
4268 5585 293 357
4268 5586 292 357
4268 5587 294 357
4268 5588 299 361
4268 5589 303 356
4268 5590 304 359
4268 5591 306 360
4268 5592 311 355
4268 5593 315 355
4268 5594 316 355
4268 5595 318 358
4268 5596 323 359
4268 5597 326 359
4268 5598 328 354
4268 5599 330 358
4268 5600 333 358
4268 5601 337 354
4268 5602 339 354
4268 5603 343 356
4268 5604 346 356
4268 5605 348 354
4268 5606 350 357
4268 5607 353 358
4268 5608 357 354
4268 5609 360 355
4268 5610 361 355
4268 5611 362 360
4268 5612 367 357
4268 5613 372 355
4268 5614 374 356
4268 5615 376 357
4268 5616 383 357
4268 5617 383 361
4268 5618 385 358
4268 5619 391 351
4298 5593 385 262
4298 5594 373 257
4298 5595 361 255
4298 5596 352 255
4298 5597 341 254
4298 5598 330 253
4298 5599 318 253
4298 5600 310 251
4298 5601 300 251
4298 5602 288 250
4298 5603 277 248
4298 5604 270 249
4298 5605 261 248
4298 5606 258 247
4298 5607 251 246
4311 5647 487 388
4311 5648 488 389
4311 5649 489 390
4311 5650 491 392
4311 5651 499 399
4311 5652 500 399
4311 5653 503 394
4311 5654 509 396
4311 5655 515 401
4311 5656 516 398
4311 5657 517 402
4311 5658 524 406
4311 5659 528 403
4311 5660 532 405
4311 5661 537 405
4311 5662 540 410
4311 5663 543 414
4311 5664 548 414
4311 5665 552 415
4311 5666 554 411
4311 5667 556 410
4311 5668 563 417
4311 5669 565 418
4311 5670 573 422
4311 5671 577 423
4311 5672 577 424
4311 5673 584 425
4311 5674 583 427
4356 5704 68 317
4356 5705 70 318
4356 5706 73 320
4356 5707 75 313
4356 5708 77 311
4356 5709 80 313
4356 5710 80 311
4356 5711 85 315
4356 5712 87 314
4356 5713 86 304
4356 5714 90 301
4356 5715 92 298
4356 5716 92 292
4356 5717 94 292
4356 5718 94 291
4356 5719 98 294
4356 5720 100 291
4356 5721 100 285
4356 5722 104 285
4356 5723 104 283
4356 5724 105 283
4356 5725 105 279
4356 5726 104 279
4356 5727 107 278
4370 5751 510 475
4370 5752 510 475
4370 5753 514 473
4370 5754 517 473
4370 5755 518 473
4370 5756 521 471
4370 5757 526 470
4370 5758 527 471
4370 5759 526 469
4370 5760 530 467
4370 5761 531 467
4370 5762 533 466
4370 5763 534 466
4370 5764 538 465
4370 5765 538 464
4370 5766 544 462
4370 5767 544 460
4370 5768 547 458
4370 5769 546 459
4370 5770 549 459
4370 5771 552 454
4370 5772 553 451
4370 5773 553 454
4370 5774 558 447
4370 5775 561 449
4370 5776 558 450
4370 5777 560 446
4370 5778 564 446
4370 5779 567 439
4370 5780 566 443
4370 5781 571 441
4370 5782 573 437
4370 5783 572 440
4370 5784 574 442
4370 5785 575 435
4370 5786 580 433
4370 5787 581 431
4370 5788 580 433
4370 5789 583 431
4370 5790 585 431
4370 5791 590 427
4370 5792 589 432
4370 5793 591 428
4370 5794 594 423
4370 5795 594 426
4370 5796 599 422
4370 5797 600 426
4370 5798 601 420
4370 5799 603 422
4370 5800 607 418
4370 5801 608 421
4576 6250 322 255
4576 6251 323 255
4576 6252 336 256
4576 6253 348 257
4576 6254 359 258
4576 6255 371 259
4576 6256 386 260
4576 6257 400 261
4576 6258 414 263
4576 6259 434 265
4576 6260 451 266
4576 6261 448 269
4638 6313 100 302
4638 6314 94 305
4638 6315 88 307
4638 6316 83 309
4638 6317 78 311
4638 6318 71 313
4638 6319 65 317
4638 6320 57 320
4638 6321 50 322
4638 6322 43 325
4638 6323 36 329
4638 6324 28 330
4638 6325 22 331
4638 6326 22 333
4638 6327 18 337
4638 6328 14 333
4638 6329 8 336
4638 6330 7 344
4771 6503 234 249
4771 6504 240 250
4771 6505 247 250
4771 6506 253 250
4771 6507 259 251
4771 6508 269 251
4771 6509 281 254
4771 6510 289 254
4771 6511 299 255
4771 6512 309 255
4771 6513 313 256
4771 6514 326 257
4771 6515 335 258
4771 6516 341 258
4771 6517 348 259
4771 6518 362 260
4771 6519 373 261
4771 6520 384 262
4771 6521 398 264
4771 6522 405 264
4771 6523 414 265
4771 6524 427 265
4771 6525 435 265
4771 6526 446 266
4771 6527 457 266
4771 6528 463 269
4771 6529 469 269
4771 6530 480 270
4771 6531 481 270
4771 6532 489 275
4773 6506 233 317
4773 6507 235 316
4773 6508 236 313
4773 6509 238 313
4773 6510 237 316
4773 6511 240 315
4773 6512 242 311
4773 6513 242 313
4773 6514 244 317
4773 6515 245 319
4773 6516 245 315
4773 6517 247 318
4773 6518 249 319
4773 6519 250 322
4773 6520 252 321
4773 6521 255 323
4773 6522 254 319
4773 6523 257 323
4773 6524 259 322
4773 6525 259 321
4773 6526 261 324
4773 6527 263 319
4773 6528 264 321
4773 6529 267 326
4773 6530 268 329
4773 6531 270 327
4773 6532 273 328
4773 6533 274 330
4773 6534 275 329
4773 6535 276 325
4773 6536 279 330
4773 6537 280 332
4773 6538 282 332
4773 6539 283 332
4773 6540 285 333
4773 6541 288 334
4773 6542 290 335
4773 6543 291 336
4773 6544 294 337
4773 6545 293 335
4773 6546 296 338
4773 6547 298 340
4773 6548 299 339
4773 6549 301 340
4773 6550 304 341
4773 6551 305 344
4773 6552 307 343
4773 6553 308 342
4773 6554 310 342
4773 6555 312 344
4773 6556 313 346
4773 6557 315 344
4773 6558 318 347
4773 6559 318 348
4773 6560 320 348
4773 6561 321 349
4773 6562 322 351
4773 6563 325 351
4773 6564 327 352
4773 6565 330 353
4773 6566 331 350
4773 6567 333 354
4773 6568 334 355
4773 6569 336 357
4773 6570 339 358
4773 6571 341 358
4773 6572 344 358
4773 6573 345 353
4837 6629 26 445
4837 6630 22 436
4837 6631 20 431
4837 6632 24 431
4837 6633 27 432
4837 6634 34 431
4837 6635 38 430
4837 6636 43 430
4837 6637 46 427
4837 6638 50 434
4837 6639 59 435
4837 6640 61 433
4837 6641 56 428
4837 6642 62 420
4837 6643 61 420
4837 6644 63 420
4837 6645 70 419
4837 6646 74 415
4837 6647 76 416
4837 6648 80 415
4837 6649 80 412
4837 6650 89 413
4837 6651 93 412
4837 6652 95 408
4837 6653 99 410
4837 6654 103 409
4837 6655 106 408
4837 6656 106 411
4837 6657 108 408
4837 6658 115 406
4837 6659 119 405
4837 6660 118 403
4837 6661 119 412
4850 6654 569 427
4850 6655 571 436
4850 6656 575 434
4850 6657 574 436
4850 6658 578 437
4850 6659 584 439
4850 6660 585 438
4850 6661 589 439
4850 6662 596 442
4850 6663 596 443
4850 6664 601 442
4850 6665 607 443
4850 6666 607 444
4850 6667 610 444
4850 6668 615 443
4850 6669 620 444
4850 6670 625 441
4850 6671 627 447
4850 6672 626 448
4850 6673 632 449
4850 6674 632 452
4850 6675 632 450
4850 6676 635 454
4878 6682 309 324
4878 6683 311 329
4878 6684 310 330
4878 6685 306 329
4878 6686 305 327
4878 6687 304 328
4878 6688 302 327
4878 6689 300 333
4878 6690 297 324
4878 6691 297 324
4878 6692 295 322
4878 6693 295 324
4878 6694 291 322
4878 6695 289 322
4878 6696 286 321
4878 6697 284 316
4878 6698 284 320
4878 6699 282 320
4878 6700 281 318
4878 6701 278 318
4878 6702 273 325
4878 6703 275 318
4878 6704 273 316
4878 6705 271 316
4878 6706 268 316
4878 6707 268 316
4878 6708 265 314
4878 6709 263 316
4878 6710 264 313
4878 6711 262 313
4878 6712 259 312
4878 6713 255 308
4878 6714 256 311
4878 6715 254 312
4878 6716 253 309
4878 6717 252 310
4878 6718 251 308
4878 6719 248 308
4878 6720 247 308
4878 6721 247 313
4878 6722 244 308
4878 6723 242 307
4878 6724 241 310
4878 6725 240 305
4878 6726 238 305
4878 6727 238 305
4878 6728 236 304
4878 6729 235 304
4878 6730 233 302
4878 6731 231 303
4878 6732 229 301
4878 6733 228 298
4878 6734 227 300
4878 6735 225 300
4878 6736 226 307
4967 6795 3 440
4967 6796 3 438
4967 6797 5 440
4967 6798 5 439
4967 6799 13 438
4967 6800 11 436
4967 6801 13 434
4967 6802 15 433
4967 6803 21 433
4967 6804 19 434
4967 6805 23 432
4967 6806 28 429
4967 6807 29 428
4967 6808 31 425
4967 6809 34 425
4967 6810 32 425
4967 6811 36 424
4967 6812 34 422
4967 6813 40 421
4967 6814 39 420
4967 6815 41 416
4967 6816 42 416
4967 6817 43 418
4967 6818 43 416
4967 6819 46 411
4967 6820 48 408
4967 6821 53 409
4967 6822 51 408
4967 6823 56 405
4967 6824 56 404
4967 6825 56 404
4967 6826 57 406
4967 6827 57 404
4967 6828 61 401
4967 6829 62 401
4967 6830 67 399
4967 6831 65 398
4967 6832 68 396
4967 6833 72 396
4967 6834 71 394
4967 6835 74 395
4967 6836 75 394
4967 6837 76 391
4967 6838 79 390
4967 6839 78 390
4967 6840 80 387
4967 6841 84 385
4967 6842 84 385
4967 6843 83 384
5013 6847 92 375
5013 6848 91 379
5013 6849 93 376
5013 6850 94 376
5013 6851 98 375
5013 6852 97 376
5013 6853 98 375
5013 6854 99 370
5013 6855 100 371
5013 6856 101 369
5013 6857 103 368
5013 6858 106 366
5013 6859 107 366
5013 6860 109 365
5013 6861 108 362
5013 6862 109 361
5013 6863 111 361
5013 6864 113 361
5013 6865 111 360
5013 6866 116 361
5013 6867 119 356
5013 6868 119 356
5013 6869 119 357
5013 6870 122 354
5013 6871 125 354
5013 6872 126 354
5013 6873 128 353
5013 6874 127 348
5013 6875 127 351
5013 6876 131 347
5013 6877 133 348
5013 6878 136 348
5013 6879 137 347
5013 6880 138 345
5013 6881 140 342
5013 6882 141 341
5013 6883 143 339
5013 6884 143 337
5013 6885 146 340
5013 6886 148 340
5013 6887 149 339
5013 6888 152 338
5013 6889 153 335
5013 6890 154 335
5013 6891 156 334
5013 6892 158 335
5013 6893 159 334
5013 6894 159 333
5013 6895 161 330
5013 6896 164 331
5013 6897 166 328
5013 6898 165 327
5013 6899 166 325
5013 6900 167 324
5013 6901 169 326
5013 6902 169 326
5013 6903 171 326
5013 6904 173 322
5013 6905 174 323
5013 6906 175 324
5013 6907 176 323
5013 6908 178 317
5013 6909 178 320
5013 6910 180 320
5013 6911 182 320
5013 6912 182 315
5013 6913 184 316
5013 6914 185 314
5013 6915 187 317
5013 6916 189 314
5013 6917 190 314
5013 6918 193 311
5013 6919 193 311
5013 6920 195 310
5013 6921 196 309
5013 6922 198 310
5013 6923 199 310
5013 6924 201 310
5013 6925 204 308
5013 6926 205 313
5176 7028 330 339
5176 7029 330 333
5176 7030 326 330
5176 7031 322 326
5176 7032 318 327
5176 7033 315 325
5176 7034 314 325
5176 7035 311 323
5176 7036 309 324
5176 7037 307 322
5176 7038 303 321
5176 7039 301 321
5176 7040 299 322
5176 7041 296 319
5176 7042 295 318
5176 7043 293 318
5176 7044 291 318
5176 7045 287 320
5176 7046 286 316
5176 7047 286 316
5176 7048 284 315
5176 7049 281 314
5176 7050 280 314
5176 7051 277 313
5176 7052 275 314
5176 7053 275 310
5176 7054 271 311
5176 7055 268 310
5176 7056 268 310
5176 7057 266 314
5267 7174 304 254
5267 7175 312 256
5267 7176 329 257
5267 7177 353 259
5267 7178 374 261
5267 7179 390 262
5267 7180 402 264
5267 7181 421 266
5267 7182 421 272
5351 7350 618 420
5351 7351 619 416
5351 7352 613 418
5351 7353 610 417
5351 7354 607 414
5351 7355 608 410
5351 7356 601 410
5351 7357 599 412
5351 7358 600 406
5351 7359 592 409
5351 7360 591 407
5351 7361 588 407
5351 7362 585 405
5351 7363 584 400
5351 7364 577 402
5351 7365 576 403
5351 7366 572 400
5351 7367 566 399
5351 7368 564 400
5351 7369 558 395
5351 7370 555 395
5351 7371 555 393
5351 7372 549 392
5351 7373 544 390
5351 7374 542 391
5351 7375 540 389
5351 7376 537 388
5351 7377 532 387
5351 7378 533 385
5351 7379 531 381
5351 7380 523 383
5351 7381 521 381
5351 7382 518 382
5351 7383 515 379
5351 7384 518 376
5351 7385 511 378
5351 7386 507 375
5351 7387 507 372
5351 7388 504 375
5351 7389 500 375
5351 7390 496 372
5351 7391 492 371
5351 7392 490 370
5351 7393 489 369
5351 7394 488 368
5351 7395 484 368
5351 7396 483 367
5351 7397 480 367
5351 7398 478 365
5351 7399 471 364
5351 7400 468 362
5351 7401 466 361
5351 7402 465 360
5351 7403 460 360
5351 7404 459 359
5351 7405 454 357
5351 7406 454 351
5351 7407 449 356
5351 7408 448 351
5351 7409 445 355
5351 7410 440 354
5351 7411 438 354
5351 7412 435 352
5351 7413 429 350
5351 7414 429 349
5351 7415 428 350
5351 7416 419 348
5351 7417 418 346
5351 7418 416 348
5351 7419 413 346
5351 7420 407 345
5351 7421 406 344
5351 7422 404 347
5351 7423 403 342
5351 7424 400 342
5351 7425 393 342
5351 7426 394 340
5351 7427 390 339
5351 7428 386 339
5351 7429 385 338
5351 7430 381 337
5351 7431 377 337
5351 7432 376 336
5351 7433 374 335
5351 7434 373 335
5351 7435 369 335
5351 7436 367 334
5351 7437 365 333
5351 7438 359 331
5351 7439 357 330
5351 7440 354 330
5351 7441 354 331
5351 7442 352 330
5351 7443 349 329
5351 7444 346 328
5351 7445 344 323
5351 7446 340 326
5351 7447 338 327
5351 7448 336 326
5351 7449 331 324
5351 7450 330 324
5351 7451 328 323
5351 7452 324 322
5351 7453 322 321
5351 7454 324 317
5351 7455 323 318
5440 7510 328 424
5440 7511 328 424
5440 7512 329 425
5440 7513 333 425
5440 7514 336 423
5440 7515 339 422
5440 7516 341 421
5440 7517 344 419
5440 7518 350 423
5440 7519 350 418
5440 7520 354 418
5440 7521 358 416
5440 7522 360 419
5440 7523 361 414
5440 7524 365 414
5440 7525 368 411
5440 7526 371 410
5440 7527 372 411
5440 7528 373 410
5440 7529 378 409
5440 7530 380 408
5440 7531 382 408
5440 7532 384 407
5440 7533 388 405
5440 7534 390 405
5440 7535 392 405
5440 7536 396 403
5440 7537 397 402
5440 7538 401 401
5440 7539 403 401
5440 7540 404 401
5440 7541 409 400
5440 7542 410 399
5440 7543 413 399
5440 7544 418 394
5440 7545 416 399
5440 7546 419 400
5440 7547 424 396
5440 7548 428 392
5440 7549 430 394
5440 7550 431 394
5440 7551 432 398
5440 7552 434 394
5440 7553 439 392
5440 7554 441 392
5440 7555 446 391
5440 7556 446 391
5440 7557 450 391
5440 7558 453 388
5440 7559 453 390
5440 7560 459 390
5440 7561 458 388
5440 7562 461 389
5440 7563 460 388
5440 7564 463 390
5440 7565 465 386
5440 7566 467 385
5440 7567 471 384
5440 7568 472 383
5440 7569 476 383
5440 7570 477 382
5440 7571 476 386
5742 7847 433 416
5742 7848 434 413
5742 7849 434 407
5742 7850 431 413
5742 7851 430 409
5742 7852 428 409
5742 7853 425 416
5742 7854 419 418
5742 7855 421 412
5742 7856 419 412
5742 7857 416 420
5742 7858 415 413
5742 7859 412 416
5742 7860 410 423
5742 7861 409 417
5742 7862 406 418
5742 7863 405 424
5742 7864 403 419
5742 7865 399 420
5742 7866 399 420
5742 7867 396 428
5742 7868 395 422
5742 7869 391 423
5742 7870 387 430
5742 7871 387 425
5742 7872 384 426
5742 7873 382 427
5742 7874 385 423
5742 7875 378 427
5742 7876 374 428
5742 7877 371 430
5742 7878 370 430
5742 7879 366 430
5742 7880 362 431
5742 7881 363 432
5742 7882 358 433
5742 7883 354 434
5742 7884 351 435
5742 7885 349 435
5742 7886 344 437
5742 7887 342 437
5742 7888 340 438
5742 7889 339 439
5742 7890 336 439
5742 7891 332 440
5742 7892 338 438
6464 8857 8 323
6464 8858 11 327
6464 8859 15 327
6464 8860 17 325
6464 8861 21 325
6464 8862 24 325
6464 8863 27 323
6464 8864 31 325
6464 8865 31 322
6464 8866 32 321
6464 8867 36 321
6464 8868 39 323
6464 8869 42 321
6464 8870 43 319
6464 8871 49 322
6464 8872 49 322
6464 8873 52 320
6464 8874 57 320
6464 8875 57 320
6464 8876 59 320
6464 8877 62 320
6464 8878 68 320
6464 8879 68 318
6464 8880 70 318
6464 8881 74 318
6464 8882 77 314
6464 8883 79 317
6464 8884 82 314
6464 8885 84 314
6464 8886 86 314
6464 8887 89 311
6464 8888 92 312
6464 8889 93 312
6464 8890 97 312
6464 8891 102 310
6464 8892 101 310
6464 8893 105 310
6464 8894 105 307
6464 8895 106 307
6464 8896 110 308
6464 8897 111 308
6464 8898 114 306
6464 8899 115 304
6464 8900 117 306
6464 8901 121 305
6464 8902 123 303
6464 8903 125 303
6464 8904 127 300
6464 8905 128 303
6464 8906 132 300
6464 8907 134 299
6464 8908 135 301
6464 8909 138 301
6464 8910 141 300
6464 8911 142 298
6464 8912 144 296
6464 8913 146 300
6464 8914 148 295
6464 8915 149 293
6464 8916 150 295
6464 8917 154 292
6464 8918 156 292
6464 8919 158 291
6464 8920 161 289
6464 8921 165 289
6464 8922 167 289
6464 8923 169 288
6464 8924 172 288
6464 8925 174 290
6464 8926 176 291
6464 8927 178 290
6464 8928 180 292
6464 8929 183 291
6464 8930 184 291
6464 8931 187 288
6464 8932 189 289
6464 8933 192 290
6464 8934 194 291
6464 8935 199 292
6464 8936 201 291
6464 8937 203 293
6464 8938 205 291
6464 8939 206 288
6464 8940 208 289
6464 8941 212 289
6464 8942 215 286
6464 8943 218 287
6464 8944 219 288
6464 8945 221 288
6464 8946 223 287
6464 8947 228 286
6464 8948 229 286
6464 8949 229 283
6464 8950 232 287
6464 8951 236 285
6464 8952 237 286
6464 8953 240 286
6464 8954 241 285
6524 8952 4 353
6524 8953 6 344
6524 8954 4 342
6524 8955 9 342
6524 8956 13 339
6524 8957 15 337
6524 8958 17 335
6524 8959 16 335
6524 8960 21 337
6524 8961 23 335
6524 8962 28 331
6524 8963 30 331
6524 8964 32 329
6524 8965 36 327
6524 8966 39 326
6524 8967 46 323
6524 8968 55 320
6524 8969 59 318
6524 8970 63 316
6524 8971 70 312
6524 8972 76 310
6524 8973 83 308
6524 8974 87 305
6524 8975 93 303
6524 8976 97 301
6524 8977 102 299
6524 8978 111 295
6524 8979 116 293
6524 8980 121 292
6524 8981 126 288
6524 8982 129 286
6524 8983 134 285
6524 8984 140 282
6524 8985 142 280
6524 8986 147 279
6524 8987 151 276
6524 8988 154 274
6524 8989 159 272
6524 8990 161 270
6524 8991 163 269
6524 8992 166 267
6524 8993 169 264
6524 8994 171 264
6524 8995 173 263
6524 8996 174 261
6524 8997 176 262
6524 8998 176 259
6524 8999 177 257
6524 9000 176 257
6524 9001 174 254
6524 9002 172 253
6524 9003 171 252
6524 9004 176 255
6661 9068 246 246
6661 9069 245 249
6661 9070 247 246
6661 9071 260 246
6661 9072 269 251
6661 9073 277 253
6661 9074 285 253
6661 9075 297 253
6661 9076 308 255
6661 9077 319 256
6661 9078 330 257
6661 9079 342 259
6661 9080 351 259
6661 9081 359 259
6661 9082 371 261
6661 9083 365 262
6722 9102 322 435
6722 9103 324 430
6722 9104 326 432
6722 9105 328 433
6722 9106 332 435
6722 9107 335 438
6722 9108 334 445
6722 9109 336 440
6722 9110 341 442
6722 9111 344 440
6722 9112 341 443
6722 9113 343 445
6722 9114 346 446
6722 9115 353 452
6722 9116 352 455
6722 9117 356 453
6722 9118 357 452
6722 9119 360 458
6722 9120 363 460
6722 9121 364 459
6722 9122 368 463
6722 9123 371 463
6722 9124 374 457
6722 9125 374 465
6722 9126 378 466
6722 9127 379 466
6722 9128 382 467
6722 9129 384 467
6722 9130 384 474
6743 9116 451 358
6743 9117 452 364
6743 9118 450 361
6743 9119 446 357
6743 9120 442 358
6743 9121 441 357
6743 9122 437 357
6743 9123 438 354
6743 9124 434 355
6743 9125 431 355
6743 9126 428 354
6743 9127 426 353
6743 9128 424 352
6743 9129 421 350
6743 9130 423 354
6743 9131 419 348
6743 9132 417 348
6743 9133 415 350
6743 9134 413 348
6743 9135 412 348
6743 9136 406 346
6743 9137 403 347
6743 9138 404 345
6743 9139 402 344
6743 9140 399 343
6743 9141 398 339
6743 9142 392 342
6743 9143 390 338
6743 9144 390 340
6743 9145 391 342
7046 9469 504 413
7046 9470 505 408
7046 9471 506 402
7046 9472 502 408
7046 9473 500 408
7046 9474 496 410
7046 9475 498 403
7046 9476 493 410
7046 9477 489 412
7046 9478 488 410
7046 9479 483 418
7046 9480 484 414
7046 9481 483 414
7046 9482 480 416
7046 9483 477 415
7046 9484 471 417
7046 9485 470 417
7046 9486 467 417
7046 9487 462 418
7046 9488 461 419
7046 9489 460 420
7046 9490 460 420
7046 9491 453 423
7046 9492 453 420
7046 9493 450 424
7046 9494 448 423
7046 9495 445 426
7046 9496 439 427
7046 9497 435 429
7046 9498 436 430
7046 9499 432 429
7046 9500 429 433
7046 9501 426 436
7046 9502 423 432
7046 9503 421 432
7046 9504 418 434
7046 9505 413 435
7046 9506 409 437
7046 9507 408 437
7046 9508 407 437
7046 9509 403 439
7046 9510 406 438
7046 9511 399 441
7046 9512 398 441
7046 9513 393 442
7046 9514 389 442
7046 9515 384 445
7046 9516 385 445
7046 9517 378 446
7046 9518 380 444
7047 9469 176 256
7047 9470 172 248
7047 9471 171 254
7047 9472 169 250
7047 9473 169 251
7047 9474 150 248
7047 9475 155 249
7047 9476 154 250
7047 9477 158 250
7047 9478 159 251
7047 9479 166 252
7047 9480 157 258
7047 9481 157 257
7047 9482 154 257
7047 9483 153 260
7047 9484 146 261
7047 9485 142 261
7047 9486 140 263
7047 9487 137 264
7047 9488 134 265
7047 9489 133 265
7047 9490 129 265
7047 9491 127 266
7047 9492 119 268
7047 9493 117 269
7047 9494 115 268
7047 9495 111 269
7047 9496 107 271
7047 9497 103 271
7047 9498 100 271
7047 9499 101 270
7047 9500 100 274
7047 9501 96 274
7047 9502 94 275
7047 9503 96 269
7221 9704 201 365
7221 9705 200 360
7221 9706 195 363
7221 9707 191 367
7221 9708 182 366
7221 9709 187 371
7221 9710 182 372
7221 9711 180 376
7221 9712 178 378
7221 9713 175 383
7221 9714 168 387
7221 9715 165 390
7221 9716 161 393
7221 9717 157 396
7221 9718 158 387
7241 9718 148 408
7241 9719 150 401
7241 9720 148 405
7241 9721 149 407
7241 9722 140 411
7241 9723 130 414
7241 9724 130 409
7241 9725 124 419
7241 9726 120 421
7241 9727 109 426
7241 9728 108 431
7241 9729 108 435
7241 9730 98 438
7241 9731 93 441
7241 9732 91 433
7244 9720 218 372
7244 9721 216 375
7244 9722 216 377
7244 9723 212 379
7244 9724 210 382
7244 9725 207 383
7244 9726 206 385
7244 9727 202 389
7244 9728 197 392
7244 9729 193 397
7244 9730 189 396
7244 9731 186 398
7244 9732 182 402
7244 9733 182 401
7244 9734 178 410
7244 9735 178 406
7244 9736 171 404
7244 9737 166 405
7244 9738 167 407
7244 9739 174 409
7244 9740 170 411
7569 10091 308 400
7569 10092 309 403
7569 10093 320 406
7569 10094 320 402
7569 10095 323 402
7569 10096 328 400
7569 10097 332 399
7569 10098 336 402
7569 10099 340 397
7569 10100 343 399
7569 10101 345 398
7569 10102 347 399
7569 10103 354 397
7569 10104 357 396
7569 10105 360 394
7569 10106 362 394
7569 10107 367 399
7569 10108 367 396
7569 10109 373 391
7569 10110 376 391
7569 10111 377 393
7569 10112 380 390
7569 10113 386 383
7792 10285 3 323
7792 10286 4 326
7792 10287 7 327
7792 10288 12 323
7792 10289 14 324
7792 10290 16 326
7792 10291 18 322
7792 10292 20 320
7792 10293 22 320
7792 10294 24 324
7792 10295 27 321
7792 10296 29 322
7792 10297 32 319
7792 10298 34 321
7792 10299 36 322
7792 10300 38 317
7792 10301 41 318
7792 10302 42 319
7792 10303 45 319
7792 10304 49 314
7792 10305 50 314
7792 10306 53 317
7792 10307 56 314
7792 10308 58 318
7792 10309 59 314
7792 10310 61 315
7792 10311 65 315
7792 10312 68 310
7792 10313 69 312
7792 10314 72 313
7792 10315 75 308
7792 10316 76 309
7792 10317 77 311
7792 10318 83 312
7792 10319 83 316
8153 10624 567 386
8153 10625 564 385
8153 10626 560 387
8153 10627 557 387
8153 10628 558 381
8153 10629 554 379
8153 10630 552 377
8153 10631 550 382
8153 10632 546 378
8153 10633 546 382
8153 10634 544 380
8153 10635 541 382
8153 10636 542 379
8153 10637 539 374
8153 10638 536 378
8153 10639 537 372
8153 10640 534 375
8153 10641 533 372
8153 10642 529 376
8153 10643 528 375
8153 10644 526 377
8153 10645 523 372
8153 10646 520 370
8153 10647 520 370
8153 10648 517 374
8153 10649 516 376
8153 10650 511 374
8153 10651 511 374
8153 10652 511 373
8153 10653 508 375
8153 10654 505 369
8153 10655 502 367
8153 10656 502 372
8153 10657 500 368
8153 10658 497 370
8153 10659 496 370
8153 10660 492 369
8153 10661 490 366
8153 10662 488 365
8153 10663 485 370
8153 10664 485 364
8153 10665 480 363
8153 10666 480 362
8241 10681 451 348
8241 10682 450 349
8241 10683 445 353
8241 10684 441 357
8241 10685 443 355
8241 10686 440 356
8241 10687 436 356
8241 10688 434 355
8241 10689 431 355
8241 10690 428 355
8241 10691 429 350
8241 10692 429 351
8241 10693 424 350
8241 10694 419 353
8241 10695 418 352
8241 10696 416 348
8241 10697 415 353
8241 10698 412 350
8241 10699 408 349
8241 10700 407 350
8241 10701 407 352
8241 10702 403 351
8241 10703 399 347
8241 10704 399 350
8241 10705 397 348
8241 10706 395 352
8241 10707 394 351
8241 10708 390 346
8241 10709 387 349
8241 10710 386 350
8241 10711 384 349
8241 10712 380 350
8241 10713 378 348
8241 10714 377 349
8241 10715 375 350
8241 10716 373 349
8241 10717 369 348
8241 10718 368 349
8241 10719 365 348
8241 10720 365 344
8241 10721 364 342
8241 10722 362 347
8241 10723 362 343
8241 10724 361 346
8241 10725 358 344
8241 10726 355 340
8241 10727 356 342
8241 10728 354 343
8241 10729 352 343
8327 10782 481 469
8327 10783 485 466
8327 10784 483 464
8327 10785 480 460
8327 10786 473 462
8327 10787 471 461
8327 10788 468 461
8327 10789 466 459
8327 10790 464 457
8327 10791 465 453
8327 10792 460 453
8327 10793 454 450
8327 10794 450 448
8327 10795 453 448
8327 10796 447 448
8327 10797 444 444
8327 10798 444 440
8327 10799 442 443
8327 10800 438 440
8327 10801 435 438
8327 10802 432 437
8327 10803 431 435
8327 10804 429 434
8327 10805 426 430
8327 10806 423 429
8327 10807 421 429
8327 10808 418 428
8327 10809 419 426
8327 10810 415 425
8327 10811 414 422
8327 10812 410 421
8327 10813 407 420
8327 10814 404 417
8327 10815 403 416
8327 10816 403 416
8327 10817 399 413
8327 10818 396 410
8327 10819 393 408
8327 10820 393 410
8327 10821 392 406
8327 10822 389 405
8327 10823 388 404
8327 10824 386 402
8327 10825 384 401
8327 10826 389 407
8338 10798 238 455
8338 10799 240 452
8338 10800 239 448
8338 10801 242 445
8338 10802 236 445
8338 10803 238 444
8338 10804 233 446
8338 10805 232 441
8338 10806 231 439
8338 10807 228 438
8338 10808 226 436
8338 10809 225 436
8338 10810 224 433
8338 10811 219 437
8338 10812 222 431
8338 10813 219 432
8338 10814 218 427
8338 10815 216 425
8338 10816 214 426
8338 10817 213 423
8338 10818 211 422
8338 10819 209 422
8338 10820 209 420
8338 10821 208 420
8338 10822 204 418
8338 10823 202 418
8338 10824 201 415
8338 10825 200 414
8338 10826 201 413
8338 10827 199 413
8338 10828 194 411
8338 10829 194 409
8338 10830 192 409
8338 10831 187 408
8338 10832 187 406
8338 10833 184 404
8338 10834 184 407
8338 10835 180 402
8338 10836 181 402
8338 10837 178 402
8338 10838 174 400
8338 10839 173 400
8338 10840 170 397
8338 10841 170 396
8338 10842 168 395
8338 10843 168 395
8338 10844 165 395
8338 10845 164 397
8338 10846 162 393
8338 10847 160 391
8338 10848 158 391
8338 10849 155 389
8338 10850 153 389
8338 10851 156 396
8338 10852 153 390
8338 10853 159 394
8386 10839 330 257
8386 10840 340 257
8386 10841 360 259
8386 10842 377 260
8386 10843 396 263
8386 10844 413 263
8386 10845 426 264
8386 10846 443 266
8386 10847 463 268
8386 10848 476 269
8386 10849 488 270
8447 10890 388 371
8447 10891 386 368
8447 10892 384 367
8447 10893 381 366
8447 10894 379 369
8447 10895 373 366
8447 10896 375 365
8447 10897 369 369
8447 10898 365 368
8447 10899 363 369
8447 10900 362 370
8447 10901 361 370
8447 10902 355 367
8447 10903 352 367
8447 10904 351 368
8447 10905 346 370
8447 10906 345 370
8447 10907 342 371
8447 10908 339 371
8447 10909 338 368
8447 10910 329 372
8447 10911 326 373
8447 10912 326 375
8447 10913 323 372
8447 10914 319 372
8447 10915 316 369
8447 10916 313 373
8447 10917 312 376
8447 10918 309 379
8447 10919 302 376
8447 10920 299 376
8447 10921 297 372
8447 10922 294 378
8447 10923 289 378
8447 10924 287 377
8447 10925 286 374
8447 10926 284 379
8447 10927 280 376
8447 10928 278 382
8447 10929 276 380
8447 10930 273 381
8447 10931 272 382
8447 10932 265 385
8447 10933 267 390
9245 11290 207 252
9245 11291 211 253
9245 11292 213 250
9245 11293 218 250
9245 11294 220 249
9245 11295 229 251
9245 11296 210 251
9245 11297 208 251
9245 11298 211 251
9245 11299 212 249
9245 11300 215 251
9245 11301 216 249
9245 11302 221 248
9245 11303 223 250
9245 11304 226 250
9245 11305 229 248
9245 11306 233 250
9245 11307 237 249
9245 11308 241 248
9245 11309 244 248
9245 11310 248 249
9245 11311 254 248
9245 11312 260 246
9245 11313 263 246
9245 11314 268 246
9245 11315 267 247
9245 11316 270 246
9245 11317 283 247
9245 11318 287 246
9245 11319 284 247
9245 11320 294 247
9245 11321 299 246
9245 11322 303 247
9245 11323 305 247
9245 11324 312 247
9245 11325 316 248
9245 11326 319 249
9245 11327 323 248
9245 11328 328 250
9245 11329 334 249
9245 11330 339 250
9245 11331 344 251
9245 11332 350 252
9245 11333 357 253
9245 11334 362 253
9245 11335 368 254
9245 11336 373 255
9245 11337 378 255
9245 11338 371 258
9262 11298 170 258
9262 11299 171 247
9262 11300 171 258
9262 11301 175 256
9262 11302 176 257
9262 11303 180 255
9262 11304 182 256
9262 11305 184 255
9262 11306 189 255
9262 11307 192 254
9262 11308 194 253
9262 11309 195 253
9262 11310 199 253
9262 11311 205 247
9262 11312 209 252
9262 11313 215 250
9262 11314 220 250
9262 11315 223 249
9262 11316 228 249
9262 11317 232 254
9262 11318 235 255
9262 11319 241 249
9262 11320 245 247
9262 11321 253 247
9262 11322 258 247
9262 11323 257 248
9262 11324 261 248
9262 11325 266 248
9262 11326 271 247
9262 11327 273 246
9262 11328 280 246
9262 11329 286 247
9262 11330 288 247
9262 11331 298 247
9262 11332 304 247
9262 11333 311 248
9262 11334 313 249
9262 11335 318 247
9262 11336 324 250
9262 11337 330 249
9262 11338 336 251
9262 11339 343 252
9262 11340 347 252
9368 11347 418 267
9368 11348 414 259
9368 11349 417 258
9368 11350 415 260
9368 11351 423 261
9368 11352 403 255
9368 11353 388 255
9368 11354 378 254
9368 11355 371 254
9368 11356 363 253
9368 11357 351 253
9368 11358 341 251
9368 11359 331 251
9368 11360 321 250
9368 11361 310 249
9368 11362 303 249
9368 11363 299 249
9368 11364 291 247
9368 11365 280 247
9368 11366 269 246
9579 11449 485 269
9579 11450 485 266
9579 11451 477 265
9579 11452 463 265
9579 11453 450 263
9579 11454 442 263
9579 11455 425 261
9579 11456 407 258
9579 11457 393 258
9579 11458 381 258
9579 11459 374 257
9579 11460 361 256
9579 11461 342 255
9579 11462 328 254
9579 11463 319 253
9579 11464 307 251
9579 11465 288 249
9579 11466 275 248
9579 11467 268 248
9579 11468 257 247
9616 11484 481 265
9616 11485 477 265
9616 11486 467 264
9616 11487 455 264
9616 11488 439 262
9616 11489 422 260
9616 11490 406 259
9616 11491 390 258
9616 11492 371 258
9616 11493 353 256
9616 11494 342 255
9616 11495 327 254
9616 11496 314 253
9616 11497 302 250
9616 11498 287 250
9616 11499 273 248
9616 11500 261 248
9616 11501 250 247
9616 11502 237 246
9616 11503 236 249
9616 11504 224 248
9731 11573 54 285
9731 11574 55 284
9731 11575 57 285
9731 11576 58 286
9731 11577 60 285
9731 11578 61 284
9731 11579 64 286
9731 11580 67 283
9731 11581 68 284
9731 11582 68 285
9731 11583 71 286
9731 11584 73 283
9731 11585 75 284
9731 11586 76 283
9731 11587 79 282
9731 11588 82 283
9731 11589 83 282
9731 11590 83 284
9731 11591 85 283
9731 11592 88 284
9731 11593 89 282
9731 11594 91 284
9731 11595 94 284
9731 11596 95 281
9731 11597 98 281
9731 11598 99 279
9731 11599 101 280
9731 11600 103 280
9731 11601 104 281
9731 11602 107 282
9731 11603 108 280
9731 11604 110 277
9731 11605 112 277
9731 11606 114 277
9731 11607 115 276
9731 11608 117 276
9731 11609 119 280
9731 11610 122 279
9731 11611 123 277
9731 11612 124 276
9731 11613 127 278
9731 11614 129 275
9731 11615 131 276
9731 11616 132 277
9731 11617 134 278
9731 11618 136 278
9731 11619 139 276
9731 11620 140 274
9731 11621 141 276
9731 11622 143 275
9731 11623 145 276
9731 11624 147 276
9731 11625 147 273
9731 11626 149 273
9731 11627 152 271
9731 11628 155 274
9731 11629 156 272
9731 11630 157 274
9731 11631 159 273
9731 11632 160 271
9731 11633 162 275
9731 11634 164 272
9731 11635 166 273
9731 11636 168 271
9731 11637 170 273
9731 11638 171 271
9731 11639 173 272
9731 11640 176 270
9731 11641 178 270
9731 11642 179 272
9731 11643 181 272
9731 11644 183 272
9731 11645 185 269
9731 11646 188 269
9731 11647 188 271
9731 11648 190 269
9731 11649 192 271
9731 11650 194 268
9731 11651 196 268
9731 11652 198 268
9731 11653 199 270
9731 11654 201 269
9731 11655 203 270
9731 11656 204 270
9731 11657 206 268
9731 11658 208 268
9731 11659 208 270
9731 11660 211 269
9731 11661 212 265
9731 11662 214 266
9731 11663 216 269
9731 11664 218 267
9731 11665 219 265
9731 11666 221 267
9731 11667 224 271
9731 11668 224 265
9731 11669 227 266
9731 11670 228 264
9731 11671 229 267
9731 11672 231 263
9731 11673 233 265
9731 11674 235 265
9731 11675 236 264
9731 11676 238 265
9731 11677 240 263
9731 11678 242 262
9731 11679 243 265
9731 11680 245 261
9731 11681 246 260
9731 11682 248 263
9731 11683 250 261
10048 11818 41 421
10048 11819 45 423
10048 11820 44 422
10048 11821 48 419
10048 11822 51 417
10048 11823 56 415
10048 11824 57 412
10048 11825 60 410
10048 11826 62 408
10048 11827 65 407
10048 11828 67 407
10048 11829 72 403
10048 11830 76 405
10048 11831 80 401
10048 11832 81 399
10048 11833 87 398
10048 11834 90 400
10048 11835 94 399
10048 11836 97 394
10048 11837 100 392
10048 11838 104 393
10048 11839 105 395
10662 12297 98 294
10662 12298 96 296
10662 12299 97 297
10662 12300 95 294
10662 12301 93 296
10662 12302 91 297
10662 12303 89 294
10662 12304 87 296
10662 12305 84 298
10662 12306 81 298
10662 12307 81 300
10662 12308 79 299
10662 12309 79 299
10662 12310 77 300
10662 12311 76 301
10662 12312 73 300
10662 12313 71 300
10662 12314 68 302
10662 12315 67 301
10662 12316 66 301
10662 12317 65 301
10662 12318 63 302
10662 12319 62 302
10662 12320 59 302
10662 12321 56 302
10662 12322 54 302
10662 12323 53 302
10662 12324 52 301
10662 12325 51 302
10662 12326 50 305
10662 12327 48 306
10662 12328 44 305
10662 12329 42 303
10662 12330 40 304
10662 12331 40 304
10662 12332 38 303
10662 12333 36 303
10662 12334 35 305
10662 12335 34 307
10662 12336 30 305
10662 12337 27 305
10662 12338 24 306
10662 12339 25 306
10662 12340 24 306
10662 12341 21 307
10662 12342 22 307
10662 12343 20 307
10662 12344 16 307
10662 12345 14 307
10662 12346 11 306
10662 12347 11 306
10662 12348 10 308
10662 12349 7 308
10662 12350 7 308
10662 12351 6 310
10662 12352 4 308
10662 12353 3 307
11071 12719 124 388
11071 12720 127 389
11071 12721 131 391
11071 12722 135 388
11071 12723 148 390
11071 12724 142 388
11071 12725 146 387
11071 12726 150 386
11071 12727 156 387
11071 12728 166 386
11071 12729 167 386
11071 12730 166 385
11071 12731 173 385
11071 12732 183 382
11071 12733 186 390
11071 12734 186 382
11071 12735 188 382
11071 12736 185 379
11071 12737 193 380
11071 12738 187 379
11071 12739 201 377
11071 12740 199 374
11071 12741 199 372
11071 12742 201 375
11071 12743 201 372
11071 12744 203 373
11071 12745 204 374
11071 12746 201 373
11071 12747 202 373
11071 12748 205 374
11071 12749 204 375
11071 12750 204 375
11081 12728 63 295
11081 12729 63 294
11081 12730 62 298
11081 12731 63 299
11081 12732 60 299
11081 12733 60 299
11081 12734 59 301
11081 12735 58 303
11081 12736 57 303
11081 12737 56 303
11081 12738 56 304
11081 12739 54 305
11081 12740 52 305
11081 12741 51 307
11081 12742 50 307
11081 12743 49 307
11081 12744 47 308
11081 12745 46 308
11081 12746 45 308
11081 12747 44 309
11081 12748 42 310
11081 12749 41 310
11081 12750 39 311
11081 12751 39 313
11081 12752 37 313
11081 12753 37 314
11081 12754 35 315
11081 12755 35 315
11081 12756 34 317
11081 12757 33 317
11081 12758 31 319
11081 12759 30 318
11081 12760 28 320
11081 12761 27 322
11081 12762 25 322
11081 12763 24 322
11081 12764 22 323
11081 12765 22 323
11081 12766 20 325
11081 12767 19 326
11081 12768 17 327
11081 12769 15 326
11081 12770 15 330
11081 12771 13 329
11081 12772 11 330
11081 12773 10 332
11081 12774 8 332
11081 12775 6 334
11081 12776 4 333
11081 12777 5 336
11081 12778 3 337
11081 12779 3 338
11084 12736 182 331
11084 12737 182 331
11084 12738 182 332
11084 12739 188 317
11084 12740 190 317
11084 12741 192 317
11084 12742 194 315
11084 12743 195 315
11084 12744 197 316
11084 12745 199 315
11084 12746 201 313
11084 12747 203 318
11084 12748 205 312
11084 12749 207 311
11084 12750 209 310
11084 12751 210 309
11084 12752 213 308
11084 12753 215 310
11084 12754 217 307
11084 12755 218 306
11084 12756 224 320
11084 12757 222 306
11084 12758 225 305
11084 12759 226 304
11084 12760 228 304
11084 12761 230 303
11084 12762 233 302
11084 12763 234 301
11084 12764 237 301
11084 12765 237 301
11084 12766 239 300
11084 12767 240 299
11084 12768 243 299
11084 12769 244 299
11084 12770 247 298
11084 12771 249 296
11084 12772 250 308
11084 12773 252 307
11203 12877 175 267
11203 12878 175 266
11203 12879 173 267
11203 12880 172 267
11203 12881 170 269
11203 12882 168 270
11203 12883 165 272
11203 12884 162 274
11203 12885 159 274
11203 12886 156 278
11203 12887 151 280
11203 12888 146 281
11203 12889 146 284
11203 12890 141 284
11203 12891 137 288
11203 12892 132 289
11203 12893 127 292
11203 12894 123 293
11203 12895 118 296
11203 12896 113 299
11203 12897 107 301
11203 12898 102 303
11203 12899 97 306
11203 12900 91 308
11203 12901 85 311
11203 12902 79 314
11203 12903 74 316
11203 12904 67 320
11203 12905 59 322
11203 12906 51 326
11203 12907 45 328
11203 12908 39 331
11203 12909 31 335
11203 12910 26 338
11203 12911 22 341
11203 12912 20 342
11203 12913 16 341
11203 12914 12 346
11203 12915 7 348
11203 12916 4 353
11206 12880 164 361
11206 12881 163 360
11206 12882 161 360
11206 12883 160 366
11206 12884 157 367
11206 12885 156 365
11206 12886 154 368
11206 12887 151 370
11206 12888 147 369
11206 12889 144 369
11206 12890 144 368
11206 12891 142 373
11206 12892 139 372
11206 12893 138 376
11206 12894 135 377
11206 12895 134 379
11206 12896 132 379
11206 12897 130 381
11206 12898 127 381
11206 12899 125 385
11206 12900 121 385
11206 12901 118 389
11206 12902 116 388
11206 12903 114 392
11206 12904 111 390
11206 12905 106 387
11206 12906 104 393
11206 12907 103 396
11206 12908 100 396
11206 12909 97 399
11206 12910 95 400
11206 12911 93 401
11206 12912 91 399
11206 12913 89 398