60 164 260 451
60 165 261 450
60 166 264 447
60 167 271 449
60 168 275 449
60 169 279 448
60 170 280 446
60 171 285 446
60 172 290 445
60 173 292 444
60 174 296 444
60 175 299 444
60 176 305 443
60 177 307 443
60 178 309 440
60 179 313 439
60 180 316 440
60 181 320 438
60 182 325 437
60 183 327 441
60 184 332 436
60 185 336 435
60 186 338 433
60 187 343 431
60 188 345 433
60 189 349 431
60 190 351 430
60 191 357 430
60 192 361 429
60 193 362 428
60 194 368 425
60 195 373 423
60 196 375 423
60 197 377 425
60 198 382 419
60 199 385 422
60 200 387 427
76 200 384 415
76 201 391 419
76 202 395 417
76 203 399 418
76 204 404 416
76 205 405 416
76 206 411 413
76 207 414 415
76 208 416 414
76 209 422 412
76 210 425 408
76 211 427 412
76 212 433 409
76 213 437 409
76 214 440 407
76 215 444 407
76 216 445 405
76 217 445 402
76 218 453 404
76 219 455 402
76 220 458 400
76 221 460 401
76 222 464 401
76 223 466 399
76 224 472 397
76 225 472 404
76 226 476 397
76 227 478 395
76 228 477 393
184 598 184 265
184 599 182 266
184 600 177 268
184 601 173 270
184 602 168 271
184 603 162 273
184 604 160 274
184 605 153 275
184 606 149 277
184 607 146 278
184 608 142 279
184 609 135 281
184 610 133 283
184 611 125 284
184 612 124 285
184 613 118 288
184 614 115 289
184 615 110 291
184 616 107 293
184 617 104 294
184 618 99 295
184 619 100 298
276 756 138 247
276 757 142 247
276 758 146 249
276 759 148 249
276 760 153 251
276 761 155 252
276 762 157 254
276 763 159 256
276 764 161 258
276 765 161 263
276 766 161 264
276 767 160 266
276 768 159 266
276 769 157 268
276 770 154 271
276 771 152 273
276 772 149 276
276 773 143 279
276 774 137 282
276 775 129 286
276 776 125 290
276 777 116 295
276 778 123 299
292 778 106 299
292 779 94 304
292 780 84 309
292 781 74 313
292 782 57 319
292 783 49 324
292 784 37 330
292 785 25 335
292 786 15 342
292 787 9 343
576 1453 223 258
576 1454 220 254
576 1455 217 255
576 1456 216 254
576 1457 210 254
576 1458 211 251
576 1459 208 250
576 1460 205 256
576 1461 200 257
576 1462 191 259
576 1463 187 260
576 1464 181 262
576 1465 182 262
576 1466 175 264
576 1467 176 264
576 1468 172 266
576 1469 168 268
576 1470 165 269
576 1471 161 271
576 1472 157 273
576 1473 151 274
576 1474 146 277
576 1475 143 279
576 1476 138 280
576 1477 133 282
576 1478 130 284
576 1479 124 286
576 1480 119 289
576 1481 114 290
576 1482 108 293
576 1483 104 294
576 1484 100 296
576 1485 95 297
576 1486 90 296
576 1487 85 300
576 1488 80 302
576 1489 75 305
576 1490 69 309
576 1491 65 310
576 1492 61 309
576 1493 54 314
576 1494 50 316
576 1495 43 318
576 1496 41 317
576 1497 34 323
576 1498 30 324
576 1499 24 324
809 2115 88 414
809 2116 87 420
809 2117 83 415
809 2118 78 416
809 2119 77 417
809 2120 75 421
809 2121 75 426
809 2122 70 419
809 2123 69 425
809 2124 65 427
809 2125 65 434
809 2126 61 438
809 2127 59 439
809 2128 57 433
809 2129 54 431
809 2130 54 438
809 2131 48 443
809 2132 46 436
809 2133 42 435
809 2134 37 431
809 2135 34 428
809 2136 33 432
809 2137 28 431
829 2140 46 408
829 2141 43 407
829 2142 43 406
829 2143 45 410
829 2144 43 417
829 2145 43 421
829 2146 42 421
829 2147 39 428
829 2148 38 431
829 2149 34 437
829 2150 33 441
829 2151 29 447
829 2152 28 446
829 2153 24 452
829 2154 21 459
829 2155 16 460
829 2156 12 467
829 2157 8 469
829 2158 4 471
1537 4072 119 291
1537 4073 116 290
1537 4074 111 292
1537 4075 106 294
1537 4076 103 294
1537 4077 98 298
1537 4078 91 298
1537 4079 87 300
1537 4080 81 305
1537 4081 76 306
1537 4082 71 309
1537 4083 63 313
1537 4084 58 314
1537 4085 53 318
1537 4086 51 315
1539 4080 105 301
1539 4081 98 305
1539 4082 91 303
1539 4083 87 308
1539 4084 82 311
1539 4085 76 311
1539 4086 68 314
1539 4087 66 316
1539 4088 58 321
1539 4089 51 321
1539 4090 46 325
1539 4091 37 328
1539 4092 33 330
1539 4093 27 331
1539 4094 20 334
1539 4095 16 337
1539 4096 9 337
1539 4097 3 344
1545 4121 488 261
1545 4122 478 260
1545 4123 467 259
1545 4124 454 258
1545 4125 446 257
1545 4126 435 258
1545 4127 424 256
1545 4128 417 255
1545 4129 409 253
1545 4130 399 254
1545 4131 393 253
1545 4132 385 252
1545 4133 379 251
1545 4134 375 251
1545 4135 366 249
1545 4136 366 247
1545 4137 356 247
1545 4138 355 247
1545 4139 350 247
1545 4140 348 246
1545 4141 344 247
1545 4142 342 247
1545 4143 340 247
1549 4142 450 264
1549 4143 435 263
1549 4144 428 262
1549 4145 416 260
1549 4146 406 259
1549 4147 394 259
1549 4148 383 259
1549 4149 372 258
1549 4150 361 257
1549 4151 347 256
1549 4152 340 256
1549 4153 326 252
1549 4154 313 253
1549 4155 307 253
1549 4156 311 253
1558 4174 482 262
1558 4175 480 257
1558 4176 465 260
1558 4177 454 259
1558 4178 441 258
1558 4179 430 257
1558 4180 420 256
1558 4181 411 255
1558 4182 399 254
1558 4183 388 253
1558 4184 377 252
1558 4185 366 252
1558 4186 356 249
1558 4187 348 250
1558 4188 341 249
1558 4189 327 252
1573 4201 224 263
1573 4202 219 258
1573 4203 211 259
1573 4204 209 259
1573 4205 195 266
1573 4206 190 263
1573 4207 187 263
1573 4208 178 267
1573 4209 173 267
1573 4210 167 268
1573 4211 161 270
1573 4212 155 269
1573 4213 152 272
1573 4214 146 279
1573 4215 142 276
1573 4216 136 278
1573 4217 131 286
1573 4218 127 282
1573 4219 124 288
1573 4220 118 291
1573 4221 114 291
1573 4222 108 293
1600 4250 217 249
1600 4251 211 251
1600 4252 207 250
1600 4253 203 250
1600 4254 198 252
1600 4255 195 256
1600 4256 190 258
1600 4257 190 256
1600 4258 188 258
1600 4259 177 262
1600 4260 173 263
1600 4261 169 265
1600 4262 165 264
1600 4263 160 268
1600 4264 155 271
1600 4265 147 273
1600 4266 142 274
1600 4267 135 277
1600 4268 130 279
1600 4269 128 279
1600 4270 119 284
1600 4271 114 286
1600 4272 108 289
1600 4273 101 295
1600 4274 94 297
1600 4275 89 298
1600 4276 81 300
1600 4277 74 304
1600 4278 64 299
1604 4261 197 259
1604 4262 195 262
1604 4263 189 263
1604 4264 183 265
1604 4265 177 266
1604 4266 173 269
1604 4267 166 270
1604 4268 161 272
1604 4269 157 273
1604 4270 150 275
1604 4271 145 277
1604 4272 139 279
1604 4273 134 278
1604 4274 124 285
1604 4275 120 284
1604 4276 112 289
1604 4277 106 289
1604 4278 96 294
1604 4279 89 294
1604 4280 82 297
1604 4281 77 299
1604 4282 69 300
1615 4372 231 253
1615 4373 243 252
1615 4374 258 252
1615 4375 271 254
1615 4376 285 255
1615 4377 299 256
1615 4378 312 257
1615 4379 321 258
1615 4380 334 260
1615 4381 355 261
1615 4382 369 261
1615 4383 390 263
1615 4384 404 265
1615 4385 426 266
1615 4386 435 267
1615 4387 452 269
1615 4388 469 270
1615 4389 481 271
1616 4375 40 341
1616 4376 42 343
1616 4377 43 343
1616 4378 43 344
1616 4379 44 342
1616 4380 44 342
1616 4381 47 341
1616 4382 47 340
1616 4383 48 340
1616 4384 50 339
1616 4385 52 338
1616 4386 53 342
1616 4387 52 338
1616 4388 54 338
1616 4389 56 336
1616 4390 58 336
1616 4391 60 335
1616 4392 60 335
1616 4393 61 331
1616 4394 62 334
1616 4395 64 333
1616 4396 63 334
1616 4397 66 331
1616 4398 68 332
1616 4399 70 331
1616 4400 70 331
1616 4401 70 331
1616 4402 71 329
1616 4403 74 328
1616 4404 76 329
1616 4405 75 329
1616 4406 78 326
1616 4407 81 327
1616 4408 82 326
1616 4409 84 326
1616 4410 84 325
1616 4411 85 324
1616 4412 88 323
1616 4413 90 324
1616 4414 91 323
1616 4415 93 320
1616 4416 95 321
1616 4417 97 320
1616 4418 98 319
1616 4419 98 320
1616 4420 99 319
1616 4421 101 320
1616 4422 103 319
1616 4423 103 318
1616 4424 105 317
1616 4425 108 317
1616 4426 110 317
1616 4427 109 318
1616 4428 111 316
1616 4429 113 315
1616 4430 114 315
1616 4431 115 316
1616 4432 115 314
1616 4433 116 314
1616 4434 117 314
1616 4435 118 312
1616 4436 119 311
1616 4437 120 311
1616 4438 118 312
1644 4485 246 250
1644 4486 249 250
1644 4487 258 251
1644 4488 276 252
1644 4489 289 254
1644 4490 309 255
1644 4491 323 256
1644 4492 343 258
1644 4493 363 259
1644 4494 383 262
1644 4495 405 264
1644 4496 421 264
1644 4497 441 266
1644 4498 454 268
1644 4499 468 266
1874 5494 317 258
1874 5495 332 259
1874 5496 348 261
1874 5497 370 262
1874 5498 381 263
1874 5499 404 265
1874 5500 421 266
1874 5501 445 267
1874 5502 462 269
1874 5503 478 270
1874 5504 479 275
2061 6024 487 267
2061 6025 480 262
2061 6026 465 261
2061 6027 449 259
2061 6028 438 258
2061 6029 424 258
2061 6030 408 256
2061 6031 393 255
2061 6032 380 254
2061 6033 369 253
2061 6034 359 252
2061 6035 343 252
2061 6036 332 251
2061 6037 320 250
2061 6038 307 249
2061 6039 295 250
2061 6040 282 247
2061 6041 270 246
2061 6042 257 249
2137 6187 250 253
2137 6188 259 254
2137 6189 270 254
2137 6190 287 255
2137 6191 299 256
2137 6192 307 257
2137 6193 320 258
2137 6194 337 260
2137 6195 349 260
2137 6196 363 261
2137 6197 377 263
2137 6198 395 264
2137 6199 410 265
2137 6200 425 266
2137 6201 438 267
2137 6202 451 268
2137 6203 472 270
2137 6204 475 270
2137 6205 480 276
2141 6217 45 344
2141 6218 47 344
2141 6219 49 345
2141 6220 49 346
2141 6221 51 342
2141 6222 55 341
2141 6223 56 342
2141 6224 58 341
2141 6225 59 337
2141 6226 60 341
2141 6227 62 341
2141 6228 63 341
2141 6229 63 337
2141 6230 64 336
2141 6231 69 335
2141 6232 70 335
2141 6233 71 338
2141 6234 72 333
2141 6235 75 335
2141 6236 75 335
2141 6237 77 332
2141 6238 78 334
2141 6239 80 331
2141 6240 81 330
2141 6241 83 330
2141 6242 85 333
2141 6243 87 329
2141 6244 88 326
2141 6245 90 328
2141 6246 91 328
2141 6247 93 326
2141 6248 94 326
2141 6249 96 323
2141 6250 97 325
2141 6251 98 325
2141 6252 100 322
2141 6253 101 321
2141 6254 102 321
2141 6255 105 322
2141 6256 106 320
2141 6257 108 322
2141 6258 109 318
2141 6259 111 320
2141 6260 111 322
2146 6263 436 425
2146 6264 433 431
2146 6265 431 429
2146 6266 427 428
2146 6267 426 426
2146 6268 424 424
2146 6269 422 425
2146 6270 417 424
2146 6271 417 423
2146 6272 414 422
2146 6273 413 419
2146 6274 410 420
2146 6275 408 417
2146 6276 405 416
2146 6277 402 416
2146 6278 400 414
2146 6279 398 413
2146 6280 394 412
2146 6281 393 411
2146 6282 390 409
2146 6283 388 409
2146 6284 385 408
2146 6285 383 407
2146 6286 380 406
2146 6287 379 405
2146 6288 376 404
2146 6289 373 402
2146 6290 371 401
2146 6291 369 401
2146 6292 367 399
2146 6293 366 399
2146 6294 362 398
2146 6295 361 397
2146 6296 358 395
2146 6297 356 396
2146 6298 353 394
2146 6299 351 392
2146 6300 346 391
2146 6301 347 392
2146 6302 345 391
2146 6303 342 390
2146 6304 339 389
2146 6305 338 389
2146 6306 336 388
2146 6307 335 387
2146 6308 332 386
2146 6309 332 386
2146 6310 329 383
2146 6311 328 387
2189 6347 231 259
2189 6348 235 257
2189 6349 237 255
2189 6350 240 255
2189 6351 243 255
2189 6352 247 254
2189 6353 250 255
2189 6354 254 254
2189 6355 256 254
2189 6356 261 255
2189 6357 264 252
2189 6358 267 255
2189 6359 270 254
2189 6360 275 254
2189 6361 277 251
2189 6362 280 254
2189 6363 283 255
2189 6364 288 255
2189 6365 290 253
2189 6366 291 255
2189 6367 293 255
2189 6368 297 256
2189 6369 300 256
2189 6370 301 258
2189 6371 305 256
2189 6372 307 256
2189 6373 310 258
2189 6374 314 258
2189 6375 315 258
2189 6376 319 258
2189 6377 324 259
2189 6378 326 259
2189 6379 331 259
2189 6380 333 257
2189 6381 335 259
2189 6382 337 258
2189 6383 340 261
2189 6384 343 261
2189 6385 347 262
2189 6386 351 262
2189 6387 351 262
2189 6388 356 263
2189 6389 360 262
2189 6390 363 260
2189 6391 367 263
2189 6392 370 263
2189 6393 373 263
2189 6394 374 263
2189 6395 379 263
2189 6396 382 263
2189 6397 384 263
2189 6398 387 264
2189 6399 390 263
2189 6400 393 262
2189 6401 397 264
2189 6402 400 265
2189 6403 403 265
2189 6404 406 265
2189 6405 408 266
2189 6406 412 266
2189 6407 415 264
2189 6408 419 264
2189 6409 421 267
2189 6410 423 266
2189 6411 426 263
2189 6412 429 264
2189 6413 431 267
2189 6414 435 268
2189 6415 437 267
2189 6416 442 268
2189 6417 446 266
2189 6418 448 265
2189 6419 452 269
2189 6420 455 270
2189 6421 458 270
2189 6422 462 270
2189 6423 466 271
2189 6424 468 267
2189 6425 473 269
2189 6426 474 268
2189 6427 477 272
2189 6428 480 270
2189 6429 484 269
2229 6412 479 453
2229 6413 482 458
2229 6414 485 457
2229 6415 488 457
2229 6416 478 453
2229 6417 475 449
2229 6418 476 448
2229 6419 486 450
2229 6420 482 449
2229 6421 485 446
2229 6422 493 446
2229 6423 498 446
2229 6424 501 447
2229 6425 506 446
2229 6426 508 444
2229 6427 509 446
2229 6428 512 444
2229 6429 504 444
2229 6430 509 442
2229 6431 512 443
2229 6432 522 441
2229 6433 518 442
2229 6434 528 439
2229 6435 525 436
2229 6436 533 437
2229 6437 536 437
2229 6438 537 438
2229 6439 539 437
2229 6440 545 436
2229 6441 545 435
2229 6442 551 433
2229 6443 548 433
2229 6444 553 431
2229 6445 558 434
2229 6446 565 431
2229 6447 567 433
2229 6448 560 429
2229 6449 565 428
2229 6450 566 425
2229 6451 557 422
2229 6452 558 424
2229 6453 561 424
2312 6498 150 281
2312 6499 144 282
2312 6500 138 284
2312 6501 130 286
2312 6502 123 289
2312 6503 116 292
2312 6504 108 295
2312 6505 99 299
2312 6506 93 300
2312 6507 86 305
2312 6508 77 308
2312 6509 79 317
2417 7285 492 473
2417 7286 496 460
2417 7287 505 448
2417 7288 513 433
2417 7289 522 421
2417 7290 532 410
2417 7291 537 402
2417 7292 546 391
2460 7474 485 269
2460 7475 478 266
2460 7476 473 265
2460 7477 459 264
2460 7478 444 264
2460 7479 428 263
2460 7480 413 259
2460 7481 398 259
2460 7482 383 258
2460 7483 368 257
2460 7484 354 256
2460 7485 340 255
2460 7486 330 254
2460 7487 316 253
2460 7488 302 251
2460 7489 289 250
2460 7490 276 250
2460 7491 267 248
2460 7492 254 247
2460 7493 242 247
2460 7494 241 247
2499 8024 243 268
2499 8025 244 264
2499 8026 246 264
2499 8027 248 261
2499 8028 249 264
2499 8029 251 264
2499 8030 254 264
2499 8031 255 260
2499 8032 257 260
2499 8033 259 264
2499 8034 260 265
2499 8035 262 262
2499 8036 265 265
2499 8037 267 266
2499 8038 268 264
2499 8039 271 265
2499 8040 273 266
2499 8041 274 263
2499 8042 276 265
2499 8043 278 263
2499 8044 280 266
2499 8045 281 266
2499 8046 283 266
2499 8047 286 266
2499 8048 288 263
2499 8049 289 263
2499 8050 291 266
2499 8051 294 268
2499 8052 294 267
2499 8053 297 267
2499 8054 300 267
2499 8055 301 268
2499 8056 302 265
2499 8057 305 263
2499 8058 307 265
2499 8059 309 269
2499 8060 311 268
2499 8061 312 267
2499 8062 315 268
2499 8063 316 268
2499 8064 319 265
2499 8065 321 268
2499 8066 323 270
2499 8067 325 269
2499 8068 327 269
2499 8069 329 265
2499 8070 332 266
2499 8071 333 267
2499 8072 335 269
2499 8073 338 266
2499 8074 339 266
2499 8075 341 266
2499 8076 342 270
2499 8077 345 267
2499 8078 347 268
2499 8079 350 271
2499 8080 351 270
2499 8081 353 271
2499 8082 356 271
2499 8083 356 271
2499 8084 359 271
2499 8085 362 269
2499 8086 363 271
2499 8087 365 269
2499 8088 368 272
2499 8089 367 276
2502 8089 370 268
2502 8090 371 271
2502 8091 374 272
2502 8092 376 269
2502 8093 379 269
2502 8094 380 269
2502 8095 382 272
2502 8096 384 269
2502 8097 387 273
2502 8098 388 273
2502 8099 392 274
2502 8100 392 274
2502 8101 395 270
2502 8102 396 270
2502 8103 399 275
2502 8104 401 274
2502 8105 403 272
2502 8106 405 271
2502 8107 406 271
2502 8108 409 271
2502 8109 412 272
2502 8110 412 271
2502 8111 415 275
2502 8112 417 272
2502 8113 419 272
2502 8114 421 276
2502 8115 422 277
2502 8116 424 282
2502 8117 426 281
2502 8118 428 281
2502 8119 431 278
2502 8120 433 277
2502 8121 435 273
2502 8122 439 278
2502 8123 439 274
2502 8124 441 278
2502 8125 443 277
2502 8126 446 275
2502 8127 448 278
2502 8128 451 276
2502 8129 452 275
2502 8130 454 275
2502 8131 456 279
2502 8132 459 279
2502 8133 461 276
2502 8134 463 277
2502 8135 465 279
2502 8136 468 276
2502 8137 470 279
2502 8138 473 277
2502 8139 474 275
2502 8140 477 276
2502 8141 479 277
2502 8142 480 277
2541 8484 421 268
2541 8485 433 269
2541 8486 447 277
2541 8487 458 282
2541 8488 468 290
2541 8489 479 299
2541 8490 494 310
2541 8491 507 320
2541 8492 520 330
2541 8493 542 344
2545 8499 590 413
2545 8500 593 426
2545 8501 594 436
2545 8502 589 440
2545 8503 584 453
2545 8504 577 462
2545 8505 569 465
2545 8506 554 475
2562 8533 394 259
2562 8534 375 258
2562 8535 362 257
2562 8536 351 256
2562 8537 328 254
2562 8538 316 253
2562 8539 298 251
2562 8540 282 249
2562 8541 272 250
2562 8542 260 248
2667 9143 160 247
2667 9144 163 247
2667 9145 167 247
2667 9146 170 247
2667 9147 174 247
2667 9148 174 247
2667 9149 178 248
2667 9150 183 247
2667 9151 187 248
2667 9152 189 249
2667 9153 192 248
2667 9154 196 249
2667 9155 200 248
2667 9156 203 247
2667 9157 205 249
2667 9158 209 249
2667 9159 212 250
2667 9160 216 250
2667 9161 219 252
2667 9162 225 250
2667 9163 228 248
2667 9164 230 253
2667 9165 236 251
2667 9166 239 252
2667 9167 243 252
2667 9168 244 252
2667 9169 247 252
2667 9170 251 253
2667 9171 255 253
2667 9172 258 253
2667 9173 261 253
2667 9174 264 253
2667 9175 267 254
2667 9176 271 255
2667 9177 273 254
2667 9178 278 254
2667 9179 280 254
2667 9180 283 255
2667 9181 287 255
2667 9182 290 256
2667 9183 294 256
2667 9184 297 257
2667 9185 299 256
2667 9186 303 257
2667 9187 307 258
2667 9188 310 258
2667 9189 313 258
2667 9190 317 258
2667 9191 321 258
2667 9192 325 259
2667 9193 327 259
2667 9194 332 260
2667 9195 336 260
2667 9196 339 261
2667 9197 344 262
2667 9198 347 261
2667 9199 352 262
2667 9200 356 262
2667 9201 360 262
2667 9202 365 263
2667 9203 370 264
2667 9204 372 263
2667 9205 378 264
2667 9206 382 263
2667 9207 386 264
2667 9208 390 265
2667 9209 392 264
2667 9210 397 265
2667 9211 401 266
2667 9212 404 267
2667 9213 409 267
2667 9214 413 267
2667 9215 417 267
2667 9216 421 268
2667 9217 426 267
2667 9218 429 268
2667 9219 435 269
2667 9220 438 269
2702 9233 170 276
2702 9234 172 274
2702 9235 174 271
2702 9236 175 275
2702 9237 177 279
2702 9238 178 278
2702 9239 179 280
2702 9240 180 283
2702 9241 182 284
2702 9242 184 286
2702 9243 185 287
2702 9244 187 287
2702 9245 189 290
2702 9246 190 289
2702 9247 192 291
2702 9248 195 293
2702 9249 196 295
2702 9250 200 297
2702 9251 202 297
2702 9252 204 300
2702 9253 207 300
2702 9254 210 302
2702 9255 210 304
2702 9256 215 306
2702 9257 217 308
2702 9258 218 306
2720 9266 240 333
2720 9267 242 327
2720 9268 245 330
2720 9269 248 331
2720 9270 252 333
2720 9271 255 335
2720 9272 259 337
2720 9273 263 340
2720 9274 266 343
2720 9275 270 345
2720 9276 275 348
2720 9277 277 350
2720 9278 283 353
2720 9279 286 355
2720 9280 291 358
2720 9281 295 360
2720 9282 300 364
2720 9283 305 366
2720 9284 310 369
2720 9285 315 369
2720 9286 319 372
2726 9286 325 383
2726 9287 325 377
2726 9288 332 380
2726 9289 336 382
2726 9290 343 386
2726 9291 349 389
2726 9292 356 392
2726 9293 363 395
2726 9294 372 397
2726 9295 378 400
2726 9296 389 404
2726 9297 396 408
2726 9298 400 406
2864 9689 461 264
2864 9690 445 263
2864 9691 429 259
2864 9692 415 259
2864 9693 397 258
2864 9694 382 257
2864 9695 368 257
2864 9696 352 255
2864 9697 342 254
2864 9698 328 254
2864 9699 318 253
2864 9700 295 250
2864 9701 291 249
2864 9702 273 249
2864 9703 275 249
2870 9703 252 251
2870 9704 253 251
2870 9705 262 251
2870 9706 283 255
2870 9707 294 256
2870 9708 309 256
2870 9709 318 257
2870 9710 334 259
2870 9711 346 260
2870 9712 347 267
3020 10314 293 437
3020 10315 297 436
3020 10316 303 433
3020 10317 306 433
3020 10318 313 433
3020 10319 318 429
3020 10320 321 427
3020 10321 325 428
3020 10322 328 427
3020 10323 333 424
3020 10324 336 423
3020 10325 342 424
3020 10326 344 423
3020 10327 346 419
3020 10328 351 418
3020 10329 350 418
3020 10330 355 418
3020 10331 357 417
3020 10332 365 413
3020 10333 369 413
3020 10334 372 414
3020 10335 376 410
3020 10336 381 408
3020 10337 385 409
3020 10338 386 409
3020 10339 391 407
3020 10340 396 406
3020 10341 400 406
3020 10342 400 405
3020 10343 404 403
3020 10344 409 401
3020 10345 413 402
3020 10346 416 401
3020 10347 421 399
3020 10348 424 399
3020 10349 428 398
3020 10350 431 396
3020 10351 434 394
3020 10352 439 394
3020 10353 442 394
3020 10354 445 394
3020 10355 450 391
3020 10356 455 391
3020 10357 455 391
3020 10358 460 388
3020 10359 463 388
3020 10360 469 389
3020 10361 470 389
3020 10362 474 386
3020 10363 475 386
3020 10364 478 386
3020 10365 476 385
3048 10383 507 380
3048 10384 510 375
3048 10385 514 374
3048 10386 516 374
3048 10387 517 373
3048 10388 519 374
3048 10389 523 372
3048 10390 528 370
3048 10391 532 371
3048 10392 534 371
3048 10393 535 369
3048 10394 537 369
3048 10395 541 368
3048 10396 542 367
3048 10397 544 366
3048 10398 547 366
3048 10399 550 365
3048 10400 551 365
3048 10401 554 363
3048 10402 556 362
3048 10403 557 364
3048 10404 559 363
3048 10405 561 361
3048 10406 566 359
3048 10407 569 363
3048 10408 569 362
3048 10409 572 360
3048 10410 575 361
3048 10411 579 360
3048 10412 580 359
3048 10413 583 357
3048 10414 587 358
3048 10415 589 358
3048 10416 593 357
3048 10417 590 358
3048 10418 591 355
3153 10689 464 263
3153 10690 445 262
3153 10691 430 260
3153 10692 413 258
3153 10693 395 258
3153 10694 384 258
3153 10695 368 256
3153 10696 356 256
3153 10697 341 254
3153 10698 325 253
3153 10699 314 252
3153 10700 299 249
3153 10701 285 250
3153 10702 270 248
3153 10703 261 248
3153 10704 248 247
3153 10705 241 246
3164 10709 379 259
3164 10710 371 257
3164 10711 354 256
3164 10712 337 254
3164 10713 332 254
3164 10714 311 252
3164 10715 306 251
3164 10716 287 249
3164 10717 268 249
3164 10718 259 248
3164 10719 246 246
3164 10720 222 248
3178 10917 140 248
3178 10918 134 246
3178 10919 142 249
3178 10920 145 251
3178 10921 145 250
3178 10922 149 252
3178 10923 151 253
3178 10924 153 255
3178 10925 155 254
3178 10926 157 257
3178 10927 159 258
3178 10928 160 260
3178 10929 161 261
3178 10930 162 262
3178 10931 163 263
3178 10932 162 264
3178 10933 161 266
3178 10934 161 267
3178 10935 161 269
3178 10936 160 270
3178 10937 159 268
3178 10938 157 274
3178 10939 156 273
3178 10940 155 275
3178 10941 152 273
3178 10942 150 279
3178 10943 148 281
3178 10944 143 284
3178 10945 141 281
3178 10946 138 284
3178 10947 133 289
3178 10948 128 291
3178 10949 124 291
3178 10950 118 294
3178 10951 114 295
3178 10952 109 298
3178 10953 104 299
3178 10954 99 301
3178 10955 94 304
3178 10956 89 306
3178 10957 79 309
3178 10958 74 313
3178 10959 68 316
3178 10960 61 318
3178 10961 54 322
3178 10962 59 316
3178 10963 54 318
3178 10964 58 320
3178 10965 54 323
3178 10966 47 327
3184 10960 83 310
3184 10961 81 318
3184 10962 75 319
3184 10963 70 322
3184 10964 63 326
3184 10965 55 330
3184 10966 49 331
3184 10967 42 334
3184 10968 33 335
3184 10969 29 340
3184 10970 21 344
3184 10971 12 352
3184 10972 6 351
3441 12435 486 269
3441 12436 480 267
3441 12437 472 266
3441 12438 458 264
3441 12439 444 264
3441 12440 425 261
3441 12441 416 261
3441 12442 402 259
3441 12443 388 259
3441 12444 369 258
3441 12445 356 257
3441 12446 342 256
3441 12447 329 255
3441 12448 316 254
3441 12449 299 252
3441 12450 296 252
3441 12451 279 250
3441 12452 267 249
3441 12453 255 249
3441 12454 252 248