481 741 614 476
481 742 613 475
481 743 607 475
481 744 602 475
481 745 598 474
481 746 596 473
481 747 592 473
481 748 589 473
481 749 584 472
481 750 580 471
481 751 578 472
481 752 574 470
481 753 570 469
481 754 566 469
481 755 563 468
481 756 559 468
481 757 555 467
481 758 551 465
481 759 550 466
481 760 545 462
481 761 541 461
481 762 537 463
481 763 533 459
481 764 529 457
481 765 526 456
481 766 523 455
481 767 520 454
481 768 516 451
481 769 511 451
481 770 507 450
481 771 503 447
481 772 497 453
481 773 498 452
481 774 495 445
481 775 491 443
481 776 487 445
481 777 483 448
481 778 480 441
481 779 477 439
481 780 474 436
481 781 472 437
481 782 468 435
481 783 463 433
481 784 459 438
481 785 456 440
489 751 245 332
489 752 246 334
489 753 248 333
489 754 251 328
489 755 253 331
489 756 255 330
489 757 256 329
489 758 258 326
489 759 260 329
489 760 263 327
489 761 264 324
489 762 267 322
489 763 268 323
489 764 269 323
489 765 270 320
489 766 272 321
489 767 274 320
489 768 276 320
489 769 278 320
489 770 281 317
489 771 283 314
489 772 282 315
489 773 284 315
489 774 287 314
489 775 289 313
489 776 289 314
489 777 293 311
489 778 294 311
489 779 295 309
489 780 296 307
489 781 298 309
489 782 300 308
489 783 302 306
489 784 303 304
489 785 304 303
489 786 305 302
489 787 306 303
489 788 308 302
489 789 310 300
489 790 311 298
489 791 312 301
489 792 313 298
489 793 314 296
489 794 316 297
489 795 317 293
489 796 318 296
489 797 322 290
489 798 321 295
489 799 321 296
489 800 322 294
489 801 324 292
489 802 326 292
489 803 328 292
489 804 328 292
489 805 329 289
489 806 332 288
489 807 330 287
489 808 332 287
489 809 333 288
489 810 334 287
489 811 337 286
489 812 338 282
489 813 338 285
489 814 340 283
489 815 339 281
489 816 338 283
502 777 481 277
502 778 478 276
502 779 474 277
502 780 476 277
502 781 474 278
502 782 472 278
502 783 469 279
502 784 468 279
502 785 467 278
502 786 464 278
502 787 462 278
502 788 461 279
502 789 459 278
502 790 457 277
502 791 455 277
502 792 454 278
502 793 451 278
502 794 451 281
502 795 451 285
502 796 447 277
502 797 443 276
502 798 441 276
502 799 442 276
502 800 440 277
502 801 436 277
502 802 434 276
502 803 433 277
502 804 432 276
502 805 429 276
502 806 426 276
502 807 426 277
502 808 425 277
502 809 422 276
502 810 418 276
502 811 415 276
502 812 417 277
502 813 414 275
502 814 411 276
502 815 411 276
502 816 409 277
502 817 406 275
502 818 404 276
502 819 403 276
502 820 401 275
502 821 398 275
502 822 396 275
502 823 395 276
502 824 393 275
502 825 394 274
502 826 389 275
502 827 388 274
502 828 385 274
502 829 383 273
502 830 382 274
502 831 381 274
502 832 379 274
502 833 376 273
502 834 375 273
502 835 373 274
502 836 371 274
502 837 369 273
502 838 368 273
502 839 366 272
585 860 191 307
585 861 191 303
585 862 196 300
585 863 195 301
585 864 195 308
585 865 198 302
585 866 200 303
585 867 200 303
585 868 202 307
585 869 204 307
585 870 205 305
585 871 207 303
585 872 206 306
585 873 209 306
585 874 209 304
585 875 211 308
585 876 212 306
585 877 214 309
585 878 215 307
585 879 217 308
585 880 220 311
585 881 220 310
585 882 219 309
585 883 220 313
585 884 221 311
585 885 222 313
585 886 225 314
585 887 225 314
585 888 226 314
585 889 227 317
585 890 229 315
585 891 230 319
585 892 231 321
585 893 232 323
585 894 234 319
585 895 237 320
585 896 238 320
585 897 239 323
585 898 239 325
585 899 241 325
585 900 243 328
585 901 245 328
585 902 247 325
585 903 249 327
585 904 250 327
585 905 252 328
585 906 255 332
585 907 257 332
585 908 258 335
585 909 261 331
585 910 263 334
585 911 265 337
585 912 264 336
660 928 303 353
660 929 303 353
660 930 305 354
660 931 309 355
660 932 312 352
660 933 315 356
660 934 317 357
660 935 319 359
660 936 321 361
660 937 325 359
660 938 326 361
660 939 330 363
660 940 333 363
660 941 337 364
660 942 339 366
660 943 340 366
660 944 344 367
660 945 348 366
660 946 352 370
660 947 353 369
660 948 359 371
660 949 362 372
660 950 364 375
660 951 367 372
660 952 371 374
660 953 374 373
660 954 377 374
660 955 381 374
660 956 385 375
660 957 388 376
660 958 390 377
660 959 395 373
660 960 398 378
660 961 401 378
660 962 404 381
660 963 409 377
660 964 413 384
660 965 416 382
660 966 419 385
660 967 418 385
662 932 364 284
662 933 361 288
662 934 361 287
662 935 359 289
662 936 357 288
662 937 356 288
662 938 355 287
662 939 353 286
662 940 350 287
662 941 348 286
662 942 348 286
662 943 347 284
662 944 345 285
662 945 343 285
662 946 343 284
662 947 340 284
662 948 338 284
662 949 337 283
662 950 336 282
662 951 334 283
662 952 331 282
662 953 331 282
662 954 329 282
662 955 327 281
662 956 326 281
662 957 324 279
662 958 323 280
662 959 322 280
662 960 319 280
662 961 318 279
662 962 316 279
662 963 315 279
662 964 314 279
662 965 313 279
662 966 311 278
662 967 310 278
662 968 307 278
662 969 307 278
662 970 305 277
662 971 304 277
662 972 302 276
662 973 301 276
662 974 300 275
662 975 299 275
662 976 297 275
662 977 296 275
662 978 294 274
662 979 292 274
662 980 291 273
662 981 291 274
662 982 289 273
662 983 287 274
662 984 286 274
662 985 286 272
662 986 283 272
662 987 282 273
662 988 280 271
662 989 280 271
662 990 279 271
662 991 277 271
662 992 276 271
662 993 275 270
662 994 274 269
662 995 273 270
662 996 270 270
662 997 270 269
662 998 269 270
662 999 267 269
662 1000 265 269
691 967 425 388
691 968 425 384
691 969 428 387
691 970 431 387
691 971 438 382
691 972 440 389
691 973 444 390
691 974 448 391
691 975 452 390
691 976 457 393
691 977 459 393
691 978 461 393
691 979 467 395
691 980 470 395
691 981 472 396
691 982 475 396
691 983 482 397
691 984 485 396
691 985 488 398
691 986 493 399
691 987 498 399
691 988 501 400
691 989 504 401
691 990 505 402
691 991 512 401
691 992 516 403
691 993 519 401
691 994 523 404
691 995 528 404
691 996 532 405
691 997 534 406
691 998 538 407
691 999 543 405
691 1000 547 405
691 1001 548 407
691 1002 552 407
691 1003 559 409
691 1004 562 408
691 1005 564 410
691 1006 565 410
691 1007 572 413
691 1008 577 410
691 1009 577 412
691 1010 585 411
691 1011 589 414
691 1012 593 413
691 1013 594 418
691 1014 599 415
691 1015 603 416
691 1016 608 415
691 1017 609 418
691 1018 615 417
691 1019 619 417
691 1020 621 419
691 1021 623 420
691 1022 628 420
691 1023 633 419
691 1024 633 420
691 1025 635 423
711 1004 3 345
711 1005 4 342
711 1006 6 340
711 1007 8 338
711 1008 10 337
711 1009 12 335
711 1010 15 333
711 1011 18 332
711 1012 24 331
711 1013 27 327
711 1014 33 327
711 1015 36 324
711 1016 40 324
711 1017 44 320
711 1018 47 321
711 1019 52 317
711 1020 55 318
711 1021 60 315
711 1022 62 314
711 1023 65 310
711 1024 62 311
764 1058 161 277
764 1059 162 276
764 1060 166 275
764 1061 167 276
764 1062 168 280
764 1063 165 276
764 1064 165 279
764 1065 157 278
764 1066 154 282
764 1067 154 282
764 1068 155 282
764 1069 156 282
764 1070 159 282
764 1071 160 282
764 1072 158 286
764 1073 158 286
764 1074 157 285
764 1075 155 287
764 1076 153 285
764 1077 153 288
764 1078 153 287
764 1079 152 287
764 1080 151 286
764 1081 148 288
764 1082 147 289
764 1083 146 289
764 1084 145 290
764 1085 143 292
764 1086 144 291
764 1087 143 291
764 1088 141 293
764 1089 139 295
764 1090 138 297
764 1091 138 297
764 1092 137 297
764 1093 135 298
764 1094 133 299
764 1095 132 300
764 1096 131 300
764 1097 129 299
764 1098 128 302
764 1099 127 302
764 1100 127 303
764 1101 124 304
764 1102 123 304
764 1103 121 304
764 1104 119 306
764 1105 117 306
764 1106 118 306
764 1107 115 307
764 1108 113 308
764 1109 113 309
764 1110 112 309
764 1111 110 308
764 1112 108 310
764 1113 106 310
764 1114 107 311
764 1115 103 310
764 1116 101 311
764 1117 99 311
764 1118 99 311
764 1119 98 312
764 1120 96 312
764 1121 94 313
764 1122 93 314
764 1123 92 317
764 1124 90 317
764 1125 90 317
764 1126 86 318
764 1127 86 320
764 1128 86 321
764 1129 83 320
764 1130 83 318
764 1131 80 321
764 1132 79 321
764 1133 77 322
764 1134 77 322
764 1135 74 323
764 1136 73 323
764 1137 72 323
764 1138 70 324
764 1139 67 326
764 1140 65 326
764 1141 63 328
764 1142 63 332
764 1143 61 333
764 1144 60 333
764 1145 58 333
764 1146 58 334
764 1147 55 334
764 1148 51 335
764 1149 50 335
764 1150 49 335
764 1151 47 335
764 1152 45 336
764 1153 43 337
764 1154 41 339
764 1155 39 340
764 1156 38 339
764 1157 37 341
764 1158 35 342
764 1159 34 343
764 1160 31 348
764 1161 30 347
764 1162 27 350
764 1163 25 350
764 1164 25 351
764 1165 24 351
764 1166 22 351
764 1167 20 352
764 1168 17 353
764 1169 14 354
764 1170 12 355
764 1171 11 356
764 1172 9 357
764 1173 8 357
764 1174 6 359
764 1175 4 360
764 1176 3 361
952 1281 35 442
952 1282 34 442
952 1283 40 445
952 1284 47 441
952 1285 48 438
952 1286 48 435
952 1287 53 436
952 1288 58 435
952 1289 59 433
952 1290 62 432
952 1291 67 433
952 1292 71 431
952 1293 72 431
952 1294 74 432
952 1295 80 430
952 1296 81 425
952 1297 86 428
952 1298 89 428
952 1299 94 425
952 1300 99 424
952 1301 100 425
952 1302 102 424
952 1303 106 422
952 1304 109 421
952 1305 112 424
952 1306 116 421
952 1307 119 415
952 1308 122 417
952 1309 125 419
952 1310 128 417
952 1311 132 412
952 1312 134 416
952 1313 137 412
952 1314 141 411
952 1315 146 409
952 1316 147 409
952 1317 148 409
952 1318 153 406
952 1319 156 407
952 1320 158 407
952 1321 162 406
952 1322 167 402
952 1323 168 402
952 1324 170 403
952 1325 172 401
952 1326 176 396
952 1327 178 395
952 1328 183 397
952 1329 185 394
952 1330 188 392
952 1331 192 393
952 1332 197 391
952 1333 203 390
952 1334 202 392
952 1335 203 392
952 1336 206 386
952 1337 209 388
952 1338 214 386
952 1339 214 386
952 1340 216 386
952 1341 221 381
952 1342 222 380
952 1343 226 381
952 1344 228 379
952 1345 232 379
952 1346 235 379
952 1347 235 378
952 1348 238 379
952 1349 241 374
952 1350 244 373
952 1351 246 371
952 1352 249 372
952 1353 250 371
952 1354 253 371
952 1355 255 373
952 1356 259 372
952 1357 263 366
952 1358 265 366
952 1359 269 370
952 1360 270 366
952 1361 272 366
952 1362 274 364
952 1363 278 361
952 1364 279 361
952 1365 282 360
952 1366 284 358
952 1367 284 363
952 1368 286 359
981 1300 282 475
981 1301 283 475
981 1302 287 475
981 1303 293 475
981 1304 298 475
981 1305 303 475
981 1306 307 475
981 1307 312 475
981 1308 318 475
981 1309 322 475
981 1310 327 475
981 1311 331 475
981 1312 338 474
981 1313 344 474
981 1314 346 474
981 1315 350 474
981 1316 355 474
981 1317 359 474
981 1318 364 474
981 1319 367 474
981 1320 372 473
981 1321 378 473
981 1322 384 473
981 1323 388 473
981 1324 392 473
981 1325 396 472
981 1326 401 472
981 1327 404 472
981 1328 408 471
981 1329 414 471
981 1330 418 471
981 1331 423 471
981 1332 429 470
981 1333 432 470
981 1334 433 470
981 1335 437 469
981 1336 442 469
981 1337 447 468
981 1338 450 469
981 1339 454 468
981 1340 460 468
981 1341 463 467
981 1342 466 468
981 1343 470 467
981 1344 475 467
981 1345 480 466
981 1346 484 466
981 1347 488 466
981 1348 492 466
981 1349 496 465
981 1350 497 465
981 1351 501 464
981 1352 507 464
981 1353 512 464
981 1354 515 462
981 1355 518 462
981 1356 522 461
981 1357 526 461
981 1358 530 460
981 1359 530 456
994 1315 223 252
994 1316 226 246
994 1317 226 247
994 1318 248 252
994 1319 257 258
994 1320 265 251
994 1321 277 260
994 1322 287 253
994 1323 297 255
994 1324 305 256
994 1325 317 257
994 1326 329 257
994 1327 338 258
994 1328 348 259
994 1329 360 260
994 1330 372 261
994 1331 383 262
994 1332 400 264
994 1333 398 263
1021 1373 249 246
1021 1374 260 251
1021 1375 276 251
1021 1376 288 253
1021 1377 300 253
1021 1378 317 255
1021 1379 333 256
1021 1380 349 258
1021 1381 362 259
1021 1382 376 260
1021 1383 400 264
1021 1384 422 265
1021 1385 433 266
1021 1386 442 266
1021 1387 458 267
1021 1388 468 268
1021 1389 478 268
1021 1390 490 270
1021 1391 500 264
1080 1493 35 451
1080 1494 42 456
1080 1495 43 456
1080 1496 45 453
1080 1497 50 455
1080 1498 57 449
1080 1499 61 451
1080 1500 61 445
1080 1501 62 442
1080 1502 69 444
1080 1503 73 441
1080 1504 72 455
1080 1505 76 437
1080 1506 82 438
1080 1507 88 436
1080 1508 86 436
1080 1509 88 438
1080 1510 92 432
1080 1511 97 438
1080 1512 101 437
1102 1513 369 259
1102 1514 381 261
1102 1515 396 262
1102 1516 408 263
1102 1517 422 271
1102 1518 437 272
1102 1519 435 276
1102 1520 435 279
1102 1521 434 277
1102 1522 431 277
1102 1523 429 277
1102 1524 428 276
1102 1525 426 278
1102 1526 423 279
1102 1527 422 277
1102 1528 420 275
1102 1529 418 277
1102 1530 416 277
1102 1531 415 278
1102 1532 412 277
1102 1533 411 278
1102 1534 410 279
1102 1535 407 276
1102 1536 405 279
1102 1537 402 278
1102 1538 403 278
1102 1539 400 277
1102 1540 397 276
1102 1541 396 278
1102 1542 396 278
1102 1543 393 278
1102 1544 390 277
1102 1545 390 277
1102 1546 388 277
1102 1547 385 277
1102 1548 383 276
1102 1549 382 274
1102 1550 380 276
1102 1551 378 274
1102 1552 376 274
1102 1553 375 277
1102 1554 373 274
1102 1555 371 273
1102 1556 370 273
1102 1557 367 273
1102 1558 365 273
1102 1559 364 272
1102 1560 363 275
1102 1561 360 272
1102 1562 358 272
1102 1563 356 272
1102 1564 355 271
1109 1529 124 399
1109 1530 122 407
1109 1531 120 414
1109 1532 117 411
1109 1533 117 416
1109 1534 115 418
1109 1535 113 419
1109 1536 109 418
1109 1537 104 417
1109 1538 101 424
1109 1539 97 426
1109 1540 95 425
1109 1541 90 426
1109 1542 87 428
1109 1543 83 431
1109 1544 79 429
1109 1545 75 428
1109 1546 73 435
1109 1547 69 437
1109 1548 67 437
1109 1549 62 438
1109 1550 60 440
1109 1551 58 441
1109 1552 58 438
1109 1553 51 432
1182 1608 447 443
1182 1609 450 442
1182 1610 448 442
1182 1611 445 440
1182 1612 442 436
1182 1613 439 437
1182 1614 436 436
1182 1615 433 433
1182 1616 426 434
1182 1617 426 431
1182 1618 420 431
1182 1619 422 429
1182 1620 418 429
1182 1621 414 426
1182 1622 413 423
1182 1623 411 420
1182 1624 407 422
1182 1625 405 421
1182 1626 401 419
1182 1627 401 418
1182 1628 398 416
1182 1629 395 415
1182 1630 393 414
1182 1631 389 412
1182 1632 387 411
1182 1633 384 410
1182 1634 382 405
1182 1635 381 407
1182 1636 378 406
1182 1637 375 405
1182 1638 373 403
1182 1639 370 401
1182 1640 368 401
1182 1641 366 399
1182 1642 367 398
1182 1643 371 395
1182 1644 371 391
1182 1645 368 390
1202 1642 357 397
1202 1643 361 397
1202 1644 357 396
1202 1645 356 394
1202 1646 355 393
1202 1647 353 392
1202 1648 348 392
1202 1649 348 390
1202 1650 346 389
1202 1651 344 387
1202 1652 341 386
1202 1653 340 385
1202 1654 339 383
1202 1655 335 382
1202 1656 333 381
1202 1657 333 380
1202 1658 330 379
1202 1659 325 377
1202 1660 327 377
1202 1661 325 376
1202 1662 324 375
1202 1663 320 374
1202 1664 319 374
1202 1665 318 372
1202 1666 317 371
1202 1667 315 370
1202 1668 314 367
1202 1669 313 367
1202 1670 310 366
1202 1671 309 366
1202 1672 306 365
1202 1673 304 364
1202 1674 304 363
1202 1675 301 362
1202 1676 301 361
1202 1677 299 360
1202 1678 298 359
1202 1679 296 358
1202 1680 295 357
1202 1681 292 356
1202 1682 290 355
1202 1683 289 354
1202 1684 289 353
1202 1685 288 351
1202 1686 284 351
1202 1687 285 350
1202 1688 283 349
1202 1689 282 348
1202 1690 281 345
1202 1691 278 346
1202 1692 278 344
1202 1693 276 344
1202 1694 275 344
1202 1695 271 343
1202 1696 268 348
1364 1778 243 248
1364 1779 244 249
1364 1780 253 249
1364 1781 261 249
1364 1782 270 250
1364 1783 280 253
1364 1784 289 253
1364 1785 297 254
1364 1786 308 254
1364 1787 319 255
1364 1788 330 256
1364 1789 339 258
1364 1790 348 258
1364 1791 359 259
1364 1792 370 261
1364 1793 379 261
1364 1794 390 262
1364 1795 400 263
1372 1784 243 292
1372 1785 246 292
1372 1786 245 294
1372 1787 245 294
1372 1788 243 294
1372 1789 242 296
1372 1790 242 297
1372 1791 239 296
1372 1792 239 298
1372 1793 236 297
1372 1794 235 301
1372 1795 234 299
1372 1796 232 299
1372 1797 231 300
1372 1798 230 299
1372 1799 228 301
1372 1800 226 301
1372 1801 226 301
1372 1802 224 301
1372 1803 223 302
1372 1804 221 303
1372 1805 220 304
1372 1806 218 305
1372 1807 217 306
1372 1808 215 306
1372 1809 212 307
1372 1810 212 305
1372 1811 212 306
1372 1812 209 307
1372 1813 207 309
1372 1814 207 308
1372 1815 205 308
1372 1816 202 308
1372 1817 201 310
1372 1818 200 308
1372 1819 197 309
1372 1820 196 310
1372 1821 194 310
1372 1822 190 310
1372 1823 187 308
1372 1824 186 312
1372 1825 185 308
1372 1826 180 307
1372 1827 178 308
1372 1828 176 308
1372 1829 174 309
1372 1830 172 312
1372 1831 168 312
1372 1832 167 315
1372 1833 163 321
1372 1834 160 321
1372 1835 157 320
1372 1836 158 321
1374 1784 431 250
1374 1785 433 247
1374 1786 431 250
1374 1787 427 252
1374 1788 425 248
1374 1789 427 252
1374 1790 427 251
1374 1791 425 254
1374 1792 424 253
1374 1793 424 256
1374 1794 422 256
1374 1795 419 253
1374 1796 412 260
1374 1797 423 264
1374 1798 433 262
1374 1799 441 267
1374 1800 454 268
1374 1801 463 268
1374 1802 470 269
1374 1803 475 270
1374 1804 479 270
1374 1805 486 270
1374 1806 488 275
1445 1833 165 308
1445 1834 162 309
1445 1835 160 308
1445 1836 158 309
1445 1837 156 313
1445 1838 154 314
1445 1839 150 314
1445 1840 148 314
1445 1841 147 313
1445 1842 145 313
1445 1843 141 314
1445 1844 139 314
1445 1845 138 314
1445 1846 135 314
1445 1847 134 314
1445 1848 130 313
1445 1849 129 314
1445 1850 126 315
1445 1851 126 315
1445 1852 122 313
1445 1853 120 314
1445 1854 117 314
1445 1855 114 313
1445 1856 113 313
1445 1857 111 312
1445 1858 108 312
1445 1859 107 313
1445 1860 105 312
1445 1861 102 313
1445 1862 101 313
1445 1863 98 313
1445 1864 95 315
1445 1865 93 316
1445 1866 91 317
1445 1867 89 318
1445 1868 87 318
1445 1869 85 320
1445 1870 84 318
1445 1871 82 319
1445 1872 80 320
1445 1873 77 320
1445 1874 76 321
1445 1875 74 320
1445 1876 72 323
1445 1877 69 323
1445 1878 68 321
1445 1879 66 325
1445 1880 65 325
1445 1881 63 328
1445 1882 63 325
1601 1972 38 415
1601 1973 39 417
1601 1974 39 414
1601 1975 45 412
1601 1976 44 413
1601 1977 47 410
1601 1978 50 409
1601 1979 52 407
1601 1980 54 409
1601 1981 59 406
1601 1982 64 404
1601 1983 66 400
1601 1984 68 397
1601 1985 70 396
1601 1986 73 395
1601 1987 75 394
1601 1988 79 392
1601 1989 79 390
1601 1990 86 389
1601 1991 87 389
1601 1992 91 385
1601 1993 94 382
1601 1994 95 383
1601 1995 97 383
1601 1996 100 381
1601 1997 103 379
1601 1998 107 378
1601 1999 109 377
1601 2000 110 375
1601 2001 113 375
1601 2002 116 374
1601 2003 118 372
1601 2004 123 370
1601 2005 127 370
1601 2006 128 369
1601 2007 130 366
1601 2008 133 364
1601 2009 135 365
1601 2010 138 364
1601 2011 139 362
1601 2012 143 360
1601 2013 144 359
1601 2014 146 358
1601 2015 148 356
1601 2016 150 354
1601 2017 153 355
1601 2018 156 353
1601 2019 158 351
1601 2020 161 350
1601 2021 161 350
1601 2022 162 349
1601 2023 166 347
1601 2024 167 345
1601 2025 171 345
1601 2026 174 344
1601 2027 177 342
1601 2028 176 340
1601 2029 177 341
1601 2030 180 338
1601 2031 181 338
1601 2032 184 338
1601 2033 184 336
1601 2034 183 332
1772 2103 304 278
1772 2104 304 282
1772 2105 306 278
1772 2106 306 280
1772 2107 309 279
1772 2108 310 278
1772 2109 313 277
1772 2110 314 277
1772 2111 315 277
1772 2112 317 276
1772 2113 318 276
1772 2114 320 275
1772 2115 321 276
1772 2116 323 274
1772 2117 324 273
1772 2118 327 274
1772 2119 331 272
1772 2120 336 271
1772 2121 339 269
1772 2122 340 271
1772 2123 341 270
1772 2124 344 270
1772 2125 346 269
1772 2126 348 270
1772 2127 350 269
1772 2128 352 268
1772 2129 354 268
1772 2130 355 270
1772 2131 357 266
1772 2132 358 267
1772 2133 360 266
1772 2134 362 266
1772 2135 364 265
1772 2136 364 264
1772 2137 366 265
1772 2138 367 264
1772 2139 368 263
1772 2140 370 263
1772 2141 372 263
1772 2142 374 263
1772 2143 376 262
1772 2144 378 263
1772 2145 379 261
1772 2146 380 262
1772 2147 383 260
1772 2148 384 261
1772 2149 386 261
1772 2150 388 261
1772 2151 390 261
1772 2152 391 260
1772 2153 391 260
1772 2154 394 259
1772 2155 396 260
1772 2156 398 259
1772 2157 399 259
1772 2158 402 259
1772 2159 403 258
1772 2160 406 258
1772 2161 406 258
1772 2162 408 258
1772 2163 411 258
1772 2164 412 258
1772 2165 414 257
1772 2166 417 257
1772 2167 419 258
1772 2168 421 258
1772 2169 421 257
1772 2170 425 257
1772 2171 427 256
1772 2172 429 257
1772 2173 431 256
1772 2174 434 257
1772 2175 435 257
1772 2176 435 257
1772 2177 439 256
1772 2178 442 257
1772 2179 443 256
1772 2180 444 256
1772 2181 448 256
1772 2182 451 257
1772 2183 452 257
1832 2225 489 268
1832 2226 485 269
1832 2227 481 267
1832 2228 475 266
1832 2229 465 266
1832 2230 457 265
1832 2231 452 264
1832 2232 444 263
1832 2233 433 262
1832 2234 424 261
1832 2235 415 262
1832 2236 405 260
1832 2237 395 258
1832 2238 384 258
1832 2239 375 257
1832 2240 368 257
1832 2241 359 256
1832 2242 350 255
1832 2243 342 254
1832 2244 334 254
1832 2245 326 254
1832 2246 317 252
1832 2247 309 251
1832 2248 300 251
1832 2249 294 251
1832 2250 285 250
1832 2251 278 248
1832 2252 271 249
1832 2253 262 247
1832 2254 256 247
1832 2255 248 247
1832 2256 246 246
1932 2390 408 451
1932 2391 408 452
1932 2392 405 453
1932 2393 398 451
1932 2394 394 449
1932 2395 393 451
1932 2396 390 451
1932 2397 382 448
1932 2398 379 448
1932 2399 380 450
1932 2400 374 448
1932 2401 367 447
1932 2402 366 447
1932 2403 362 448
1932 2404 357 446
1932 2405 353 447
1932 2406 351 448
1932 2407 346 444
1932 2408 343 446
1932 2409 340 445
1932 2410 338 446
1932 2411 335 446
1932 2412 330 444
1932 2413 327 442
1932 2414 325 444
1932 2415 322 443
1932 2416 319 441
1932 2417 315 442
1932 2418 312 442
1932 2419 311 442
1932 2420 305 441
1932 2421 306 438
2021 2475 297 372
2021 2476 298 370
2021 2477 300 369
2021 2478 302 370
2021 2479 304 370
2021 2480 306 372
2021 2481 308 372
2021 2482 311 378
2021 2483 313 376
2021 2484 316 377
2021 2485 318 377
2021 2486 320 376
2021 2487 322 378
2021 2488 324 381
2021 2489 326 381
2021 2490 328 384
2021 2491 332 383
2021 2492 334 388
2021 2493 337 385
2021 2494 339 387
2021 2495 342 386
2021 2496 345 390
2021 2497 347 391
2021 2498 350 392
2021 2499 352 395
2021 2500 356 394
2021 2501 358 395
2021 2502 360 393
2021 2503 362 396
2021 2504 365 398
2021 2505 367 399
2021 2506 369 402
2021 2507 372 405
2021 2508 375 404
2021 2509 377 405
2021 2510 380 408
2021 2511 382 409
2021 2512 384 410
2021 2513 385 409
2077 2513 387 418
2077 2514 388 415
2077 2515 392 415
2077 2516 395 415
2077 2517 398 417
2077 2518 400 421
2077 2519 402 423
2077 2520 404 423
2077 2521 407 425
2077 2522 413 426
2077 2523 412 430
2077 2524 415 431
2077 2525 418 433
2077 2526 419 434
2077 2527 421 435
2077 2528 425 436
2077 2529 428 439
2077 2530 430 442
2077 2531 433 442
2077 2532 436 441
2077 2533 439 445
2077 2534 442 445
2077 2535 444 448
2077 2536 447 449
2240 2612 3 449
2240 2613 4 447
2240 2614 8 451
2240 2615 11 451
2240 2616 15 452
2240 2617 16 450
2240 2618 19 450
2240 2619 26 451
2240 2620 28 451
2240 2621 31 451
2240 2622 38 451
2240 2623 42 451
2240 2624 44 452
2240 2625 48 451
2240 2626 54 451
2240 2627 58 451
2240 2628 61 451
2240 2629 65 452
2240 2630 71 451
2240 2631 76 452
2240 2632 77 451
2240 2633 82 450
2240 2634 88 451
2240 2635 91 452
2240 2636 94 451
2240 2637 98 444
2240 2638 102 449
2240 2639 108 451
2240 2640 111 451
2240 2641 115 450
2240 2642 122 450
2240 2643 124 451
2240 2644 129 444
2240 2645 133 447
2240 2646 141 449
2240 2647 141 450
2240 2648 146 449
2240 2649 154 447
2240 2650 158 449
2240 2651 163 446
2240 2652 168 447
2240 2653 176 447
2240 2654 180 445
2240 2655 185 445
2240 2656 192 444
2240 2657 196 444
2240 2658 201 438
2240 2659 208 444
2240 2660 215 444
2240 2661 218 443
2240 2662 224 441
2240 2663 230 442
2240 2664 235 441
2240 2665 239 441
2240 2666 244 440
2240 2667 251 441
2240 2668 255 440
2240 2669 259 433
2336 2683 333 428
2336 2684 338 434
2336 2685 342 434
2336 2686 347 433
2336 2687 353 434
2336 2688 356 433
2336 2689 359 433
2336 2690 366 431
2336 2691 373 431
2336 2692 377 425
2336 2693 380 430
2336 2694 387 427
2336 2695 393 429
2336 2696 395 428
2336 2697 399 427
2336 2698 407 421
2336 2699 412 427
2336 2700 415 426
2336 2701 420 425
2336 2702 426 419
2336 2703 427 425
2336 2704 434 424
2336 2705 440 418
2336 2706 444 424
2336 2707 445 423
2343 2691 456 410
2343 2692 456 409
2343 2693 459 409
2343 2694 463 404
2343 2695 467 402
2343 2696 465 405
2343 2697 469 402
2343 2698 470 405
2343 2699 473 402
2343 2700 478 400
2343 2701 480 398
2343 2702 482 395
2343 2703 484 397
2343 2704 486 396
2343 2705 488 394
2343 2706 492 394
2343 2707 496 394
2343 2708 498 393
2343 2709 501 390
2343 2710 504 387
2343 2711 510 389
2343 2712 514 393
2343 2713 516 384
2343 2714 519 382
2343 2715 522 379
2374 2718 514 411
2374 2719 519 417
2374 2720 520 410
2374 2721 522 413
2374 2722 529 410
2374 2723 531 414
2374 2724 535 408
2374 2725 540 413
2374 2726 546 411
2374 2727 548 405
2374 2728 551 409
2374 2729 556 405
2374 2730 561 403
2374 2731 564 403
2374 2732 569 403
2374 2733 571 401
2374 2734 574 406
2374 2735 576 401
2374 2736 581 400
2374 2737 585 399
2374 2738 588 398
2374 2739 591 398
2374 2740 594 402
2374 2741 597 410
2374 2742 598 405
2595 3045 140 263
2595 3046 139 265
2595 3047 138 264
2595 3048 137 264
2595 3049 135 266
2595 3050 133 264
2595 3051 133 264
2595 3052 131 265
2595 3053 131 267
2595 3054 131 266
2595 3055 129 267
2595 3056 128 267
2595 3057 126 267
2595 3058 124 265
2595 3059 124 270
2595 3060 123 268
2595 3061 122 270
2595 3062 120 270
2595 3063 119 270
2595 3064 115 270
2595 3065 115 270
2595 3066 113 268
2595 3067 113 271
2595 3068 110 269
2595 3069 109 272
2595 3070 109 273
2595 3071 107 272
2595 3072 105 274
2595 3073 102 276
2595 3074 102 274
2595 3075 99 271
2595 3076 98 274
2595 3077 95 277
2595 3078 93 274
2595 3079 92 278
2595 3080 91 276
2595 3081 89 277
2595 3082 89 276
2595 3083 85 277
2595 3084 84 278
2595 3085 82 276
2595 3086 80 278
2595 3087 78 277
2595 3088 74 280
2595 3089 74 277
2595 3090 72 277
2595 3091 69 279
2595 3092 67 278
2595 3093 66 276
2595 3094 64 278
2595 3095 61 280
2595 3096 61 279
2595 3097 58 278
2595 3098 56 279
2595 3099 54 279
2595 3100 53 279
2595 3101 51 279
2595 3102 49 279
2595 3103 47 279
2595 3104 43 279
2595 3105 45 279
2595 3106 43 279
2595 3107 40 279
2595 3108 39 282
2939 3583 241 249
2939 3584 243 249
2939 3585 253 251
2939 3586 256 251
2939 3587 262 250
2939 3588 269 252
2939 3589 280 252
2939 3590 284 252
2939 3591 291 254
2939 3592 299 254
2939 3593 307 255
2939 3594 311 255
2939 3595 320 256
2939 3596 326 256
2939 3597 332 257
2939 3598 340 258
2939 3599 346 258
2939 3600 355 259
2939 3601 360 266
2939 3602 357 258
2940 3585 149 246
2940 3586 153 248
2940 3587 155 249
2940 3588 157 250
2940 3589 159 253
2940 3590 163 253
2940 3591 162 256
2940 3592 164 257
2940 3593 164 257
2940 3594 165 259
2940 3595 164 260
2940 3596 165 260
2940 3597 164 261
2940 3598 163 263
2940 3599 161 265
2940 3600 159 266
2940 3601 157 268
2940 3602 154 270
2940 3603 151 269
2940 3604 150 271
2940 3605 145 273
2940 3606 142 274
2940 3607 139 276
2940 3608 134 278
2940 3609 130 281
2940 3610 125 283
2940 3611 122 285
2940 3612 116 287
2940 3613 112 290
2940 3614 104 294
2940 3615 99 296
2940 3616 93 300
2940 3617 86 302
2940 3618 87 304
2940 3619 92 301
2940 3620 87 304
2940 3621 80 307
2946 3602 376 260
2946 3603 377 260
2946 3604 386 261
2946 3605 395 263
2946 3606 401 263
2946 3607 409 263
2946 3608 421 265
2946 3609 430 266
2946 3610 440 266
2946 3611 445 267
2946 3612 456 268
2946 3613 465 269
2946 3614 473 269
2946 3615 475 269
2946 3616 480 269
2946 3617 486 270
2946 3618 491 275
3010 3744 442 259
3010 3745 431 255
3010 3746 415 259
3010 3747 405 255
3010 3748 395 254
3010 3749 382 253
3010 3750 371 253
3010 3751 359 254
3010 3752 349 251
3010 3753 337 251
3010 3754 325 251
3010 3755 315 250
3010 3756 307 250
3010 3757 295 249
3010 3758 282 247
3010 3759 271 246
3015 3749 488 265
3015 3750 481 265
3015 3751 479 264
3015 3752 473 263
3015 3753 465 263
3015 3754 454 256
3015 3755 444 260
3015 3756 434 259
3015 3757 423 259
3015 3758 409 255
3015 3759 398 257
3015 3760 389 256
3015 3761 377 253
3015 3762 366 255
3015 3763 355 253
3015 3764 352 259
3186 3956 373 268
3186 3957 376 264
3186 3958 368 261
3186 3959 376 262
3186 3960 382 263
3186 3961 388 263
3186 3962 396 264
3186 3963 402 265
3186 3964 410 266
3186 3965 417 266
3186 3966 424 267
3186 3967 432 267
3186 3968 440 269
3186 3969 448 269
3186 3970 454 270
3186 3971 462 270
3186 3972 468 269
3186 3973 472 271
3186 3974 477 271
3186 3975 479 272
3186 3976 481 279
3317 4112 238 252
3317 4113 250 250
3317 4114 259 256
3317 4115 269 257
3317 4116 289 258
3317 4117 305 259
3317 4118 329 257
3317 4119 347 260
3317 4120 366 261
3317 4121 388 262
3317 4122 410 265
3317 4123 434 267
3317 4124 456 268
3317 4125 457 268
3776 4721 487 266
3776 4722 483 262
3776 4723 477 262
3776 4724 472 261
3776 4725 462 261
3776 4726 452 260
3776 4727 442 259
3776 4728 433 259
3776 4729 421 257
3776 4730 410 257
3776 4731 399 256
3776 4732 391 255
3776 4733 382 254
3776 4734 371 252
3776 4735 358 252
3776 4736 345 251
3776 4737 335 251
3776 4738 322 250
3776 4739 316 249
3776 4740 308 248
3776 4741 298 247
3776 4742 288 247
3776 4743 280 246
3786 4726 168 246
3786 4727 170 247
3786 4728 170 248
3786 4729 173 249
3786 4730 174 254
3786 4731 174 253
3786 4732 176 256
3786 4733 176 253
3786 4734 175 258
3786 4735 175 254
3786 4736 175 253
3786 4737 175 258
3786 4738 173 264
3786 4739 171 266
3786 4740 171 266
3786 4741 169 263
3786 4742 166 264
3786 4743 165 265
3786 4744 163 267
3786 4745 162 266
3786 4746 155 271
3786 4747 153 271
3786 4748 148 275
3786 4749 144 277
3786 4750 139 278
3786 4751 134 280
3786 4752 129 282
3786 4753 127 284
3786 4754 119 284
3786 4755 113 287
3786 4756 110 289
3786 4757 108 290
3786 4758 98 294
3786 4759 92 295
3786 4760 89 299
3786 4761 91 295
3786 4762 85 298
3786 4763 86 303
3786 4764 88 298
3990 4843 180 253
3990 4844 180 251
3990 4845 179 251
3990 4846 179 250
3990 4847 177 249
3990 4848 175 253
3990 4849 176 252
3990 4850 174 253
3990 4851 174 256
3990 4852 173 254
3990 4853 172 254
3990 4854 171 254
3990 4855 171 257
3990 4856 169 254
3990 4857 168 256
3990 4858 167 256
3990 4859 166 255
3990 4860 164 257
3990 4861 164 256
3990 4862 163 256
3990 4863 162 258
3990 4864 161 257
3990 4865 160 257
3990 4866 159 259
3990 4867 157 260
3990 4868 156 259
3990 4869 156 259
3990 4870 154 260
3990 4871 155 260
3990 4872 152 261
3990 4873 152 263
3990 4874 151 266
3990 4875 148 259
3990 4876 148 262
3990 4877 147 263
3990 4878 147 263
3990 4879 145 264
3990 4880 144 264
3990 4881 145 264
3990 4882 142 265
3990 4883 141 266
3990 4884 141 266
3990 4885 139 266
3990 4886 139 267
3990 4887 138 267
3990 4888 137 268
3990 4889 134 264
3990 4890 134 269
3990 4891 133 270
3990 4892 131 270
3990 4893 130 273
3990 4894 129 272
3990 4895 128 272
3990 4896 125 273
3990 4897 125 272
3990 4898 123 272
3990 4899 123 274
3990 4900 121 275
3990 4901 121 274
3990 4902 119 275
3990 4903 116 276
3990 4904 117 275
3990 4905 115 276
3990 4906 115 280
3990 4907 112 277
3990 4908 112 276
3990 4909 108 277
3990 4910 107 278
3990 4911 107 279
3990 4912 107 283
4028 4880 635 473
4028 4881 634 470
4028 4882 633 469
4028 4883 631 468
4028 4884 630 465
4028 4885 625 464
4028 4886 619 464
4028 4887 615 464
4028 4888 612 462
4028 4889 612 461
4028 4890 606 461
4028 4891 603 457
4028 4892 599 455
4028 4893 594 452
4028 4894 592 452
4028 4895 588 451
4028 4896 586 450
4028 4897 582 449
4028 4898 577 444
4028 4899 575 443
4028 4900 572 441
4028 4901 568 445
4028 4902 566 439
4028 4903 564 440
4028 4904 561 439
4028 4905 558 435
4028 4906 554 432
4028 4907 551 434
4028 4908 549 429
4028 4909 545 431
4028 4910 544 429
4028 4911 540 428
4028 4912 537 427
4028 4913 534 421
4028 4914 531 427
4028 4915 531 423
4028 4916 527 421
4028 4917 524 420
4028 4918 521 420
4028 4919 517 415
4028 4920 516 414
4028 4921 514 416
4028 4922 512 409
4028 4923 509 412
4028 4924 506 411
4028 4925 502 410
4028 4926 502 411
4028 4927 499 402
4028 4928 496 404
4028 4929 494 407
4028 4930 492 400
4028 4931 491 402
4028 4932 487 400
4028 4933 485 396
4028 4934 482 400
4028 4935 478 397
4028 4936 476 396
4028 4937 476 393
4028 4938 475 391
4028 4939 471 390
4028 4940 475 388
4075 4914 103 286
4075 4915 103 281
4075 4916 101 281
4075 4917 99 283
4075 4918 98 283
4075 4919 98 286
4075 4920 96 283
4075 4921 94 284
4075 4922 92 286
4075 4923 92 285
4075 4924 90 286
4075 4925 89 284
4075 4926 88 287
4075 4927 86 287
4075 4928 85 289
4075 4929 84 289
4075 4930 84 289
4075 4931 82 289
4075 4932 79 291
4075 4933 79 288
4075 4934 78 291
4075 4935 77 290
4075 4936 75 292
4075 4937 74 293
4075 4938 73 292
4075 4939 70 293
4075 4940 68 294
4075 4941 67 295
4075 4942 64 296
4075 4943 62 297
4075 4944 62 297
4075 4945 58 298
4075 4946 58 298
4075 4947 57 296
4075 4948 55 298
4075 4949 53 299
4075 4950 51 300
4075 4951 50 300
4075 4952 49 300
4075 4953 45 299
4075 4954 42 298
4075 4955 41 298
4075 4956 39 301
4075 4957 37 302
4075 4958 35 301
4075 4959 35 304
4075 4960 29 301
4075 4961 25 301
4075 4962 24 302
4075 4963 22 304
4075 4964 20 302
4075 4965 18 302
4075 4966 17 306
4075 4967 17 312
4114 4935 489 270
4114 4936 483 266
4114 4937 474 265
4114 4938 464 265
4114 4939 441 263
4114 4940 419 261
4114 4941 403 260
4114 4942 387 258
4114 4943 372 257
4114 4944 354 256
4114 4945 338 254
4114 4946 329 254
4114 4947 321 253
4114 4948 308 252
4114 4949 294 250
4114 4950 284 250
4114 4951 273 249
4114 4952 261 248
4114 4953 252 247
4114 4954 244 247
4114 4955 238 246
4163 4971 400 353
4163 4972 404 349
4163 4973 401 350
4163 4974 401 348
4163 4975 397 348
4163 4976 397 348
4163 4977 392 347
4163 4978 395 346
4163 4979 390 346
4163 4980 387 346
4163 4981 384 343
4163 4982 387 340
4163 4983 385 341
4163 4984 382 339
4163 4985 383 338
4163 4986 382 338
4163 4987 379 339
4163 4988 377 335
4163 4989 370 336
4163 4990 370 335
4163 4991 374 333
4163 4992 373 332
4163 4993 370 330
4163 4994 371 330
4163 4995 369 325
4163 4996 366 325
4163 4997 369 327
4163 4998 365 327
4163 4999 366 324
4163 5000 363 326
4163 5001 361 323
4163 5002 358 321
4163 5003 355 320
4163 5004 357 320
4163 5005 354 320
4163 5006 356 319
4163 5007 355 318
4163 5008 353 317
4163 5009 350 313
4163 5010 348 313
4163 5011 347 316
4163 5012 348 313
4163 5013 346 313
4163 5014 346 314
4163 5015 346 312
4163 5016 342 310
4163 5017 343 310
4163 5018 342 310
4163 5019 339 309
4163 5020 340 308
4163 5021 339 309
4163 5022 336 306
4163 5023 336 306
4163 5024 332 304
4163 5025 333 305
4163 5026 330 306
4163 5027 332 304
4163 5028 330 304
4163 5029 327 301
4163 5030 326 301
4163 5031 326 301
4163 5032 325 300
4163 5033 323 299
4163 5034 322 301
4163 5035 321 296
4163 5036 319 299
4163 5037 320 296
4163 5038 323 297
4163 5039 324 295
4214 5015 634 471
4214 5016 633 468
4214 5017 630 468
4214 5018 627 466
4214 5019 622 466
4214 5020 617 464
4214 5021 616 461
4214 5022 614 460
4214 5023 610 457
4214 5024 603 459
4214 5025 603 456
4214 5026 599 457
4214 5027 594 455
4214 5028 592 454
4214 5029 588 452
4214 5030 585 451
4214 5031 580 450
4214 5032 580 447
4214 5033 578 445
4214 5034 571 445
4214 5035 571 443
4214 5036 568 441
4214 5037 564 441
4214 5038 559 440
4214 5039 558 438
4214 5040 557 436
4214 5041 552 436
4214 5042 548 434
4214 5043 547 431
4214 5044 545 430
4214 5045 540 430
4214 5046 536 429
4214 5047 536 426
4214 5048 531 425
4214 5049 529 424
4214 5050 527 425
4214 5051 525 421
4214 5052 522 422
4214 5053 518 420
4214 5054 518 418
4214 5055 515 416
4214 5056 510 416
4214 5057 508 414
4214 5058 506 411
4214 5059 502 411
4214 5060 499 410
4214 5061 496 409
4214 5062 493 407
4214 5063 491 406
4214 5064 487 404
4214 5065 487 403
4214 5066 483 403
4214 5067 479 402
4214 5068 476 400
4214 5069 473 398
4214 5070 473 398
4214 5071 467 397
4214 5072 465 395
4214 5073 463 393
4214 5074 459 394
4214 5075 456 392
4214 5076 454 391
4214 5077 450 389
4214 5078 447 389
4214 5079 447 387
4214 5080 443 386
4214 5081 444 382
4214 5082 439 384
4214 5083 437 385
4214 5084 435 380
4214 5085 431 380
4214 5086 430 379
4214 5087 429 380
4214 5088 424 376
4214 5089 421 376
4214 5090 421 377
4214 5091 420 373
4214 5092 417 375
4214 5093 415 371
4214 5094 413 372
4214 5095 410 374
4214 5096 408 368
4214 5097 406 369
4214 5098 406 369
4214 5099 404 366
4214 5100 404 362
4214 5101 400 363
4214 5102 398 358
4214 5103 397 356
4214 5104 393 359
4214 5105 393 360
4214 5106 390 359
4214 5107 388 356
4214 5108 387 355
4214 5109 385 352
4214 5110 382 353
4214 5111 379 352
4214 5112 378 351
4214 5113 376 352
4214 5114 373 349
4214 5115 372 348
4214 5116 371 347
4214 5117 369 343
4214 5118 365 346
4214 5119 365 346
4214 5120 365 346
4243 5062 298 280
4243 5063 298 282
4243 5064 297 281
4243 5065 295 281
4243 5066 291 278
4243 5067 287 279
4243 5068 286 279
4243 5069 285 280
4243 5070 286 278
4243 5071 285 278
4243 5072 284 277
4243 5073 281 277
4243 5074 282 277
4243 5075 279 275
4243 5076 279 274
4243 5077 279 275
4243 5078 277 275
4243 5079 277 274
4243 5080 275 275
4243 5081 278 273
4243 5082 274 273
4243 5083 272 273
4243 5084 271 271
4243 5085 268 273
4243 5086 266 272
4243 5087 269 270
4243 5088 268 270
4243 5089 262 269
4243 5090 267 270
4243 5091 269 268
4243 5092 264 269
4243 5093 261 268
4243 5094 262 268
4243 5095 258 249
4243 5096 260 246
4243 5097 248 249
4243 5098 241 246
4243 5099 251 252
4243 5100 256 246
4303 5119 489 270
4303 5120 485 266
4303 5121 479 263
4303 5122 472 265
4303 5123 461 263
4303 5124 448 261
4303 5125 437 261
4303 5126 427 260
4303 5127 413 259
4303 5128 398 257
4303 5129 387 257
4303 5130 376 257
4303 5131 364 255
4303 5132 351 253
4303 5133 340 252
4303 5134 332 252
4303 5135 319 250
4303 5136 306 249
4303 5137 296 250
4303 5138 285 248
4303 5139 265 249
4303 5140 257 249
4303 5141 265 250
4303 5142 252 250
4303 5143 252 249
4486 5303 364 475
4486 5304 359 475
4486 5305 359 472
4486 5306 357 471
4486 5307 353 469
4486 5308 347 466
4486 5309 342 465
4486 5310 336 463
4486 5311 331 462
4486 5312 324 461
4486 5313 314 457
4486 5314 306 455
4486 5315 300 454
4486 5316 290 451
4486 5317 299 453
4486 5318 287 460
4486 5319 284 460
4509 5319 261 446
4509 5320 255 443
4509 5321 246 442
4509 5322 241 440
4509 5323 232 438
4509 5324 223 438
4509 5325 217 438
4509 5326 206 435
4509 5327 194 432
4509 5328 190 433
4509 5329 188 425
4512 5319 25 351
4512 5320 20 348
4512 5321 20 351
4512 5322 17 349
4512 5323 19 343
4512 5324 23 344
4512 5325 26 343
4512 5326 31 341
4512 5327 37 338
4512 5328 37 337
4512 5329 45 332
4512 5330 48 330
4512 5331 54 328
4512 5332 59 324
4512 5333 64 324
4512 5334 68 320
4512 5335 70 325
4512 5336 64 326
4536 5334 95 315
4536 5335 94 315
4536 5336 98 312
4536 5337 102 309
4536 5338 106 307
4536 5339 111 307
4536 5340 114 304
4536 5341 119 302
4536 5342 124 299
4536 5343 127 297
4536 5344 131 297
4536 5345 133 292
4536 5346 139 292
4536 5347 142 291
4536 5348 146 288
4536 5349 150 288
4536 5350 153 285
4536 5351 157 284
4536 5352 161 282
4536 5353 164 281
4536 5354 165 280
4536 5355 164 274
4615 5371 294 295
4615 5372 296 289
4615 5373 297 287
4615 5374 298 289
4615 5375 300 289
4615 5376 302 284
4615 5377 305 282
4615 5378 307 281
4615 5379 309 282
4615 5380 312 280
4615 5381 312 281
4615 5382 315 281
4615 5383 316 278
4615 5384 319 279
4615 5385 323 277
4615 5386 326 275
4615 5387 328 273
4615 5388 330 272
4615 5389 332 273
4615 5390 333 274
4615 5391 337 272
4615 5392 335 261
4615 5393 337 260
4615 5394 354 266
4676 5406 65 320
4676 5407 70 321
4676 5408 75 320
4676 5409 80 318
4676 5410 85 318
4676 5411 88 314
4676 5412 93 314
4676 5413 96 310
4676 5414 98 310
4676 5415 100 310
4676 5416 101 308
4676 5417 102 308
4676 5418 103 306
4676 5419 104 301
4676 5420 106 305
4676 5421 107 305
4676 5422 109 305
4676 5423 110 304
4676 5424 112 303
4676 5425 113 301
4676 5426 114 300
4676 5427 116 300
4676 5428 117 301
4676 5429 121 299
4676 5430 122 297
4676 5431 123 297
4676 5432 125 296
4676 5433 126 295
4676 5434 127 297
4676 5435 129 296
4676 5436 131 294
4701 5414 334 365
4701 5415 331 356
4701 5416 343 356
4701 5417 350 357
4701 5418 358 357
4701 5419 364 357
4701 5420 371 357
4701 5421 378 358
4701 5422 384 359
4701 5423 393 359
4701 5424 402 360
4701 5425 408 360
4701 5426 415 360
4701 5427 424 360
4701 5428 436 361
4701 5429 448 362
4701 5430 460 361
4701 5431 467 361
4701 5432 475 361
4701 5433 481 361
4701 5434 487 361
4701 5435 494 362
4701 5436 502 361
4701 5437 508 361
4701 5438 513 362
4701 5439 517 362
4782 5466 259 310
4782 5467 259 311
4782 5468 255 311
4782 5469 256 311
4782 5470 260 311
4782 5471 260 312
4782 5472 263 313
4782 5473 265 313
4782 5474 266 314
4782 5475 269 315
4782 5476 271 315
4782 5477 273 316
4782 5478 275 316
4782 5479 277 317
4782 5480 278 318
4782 5481 280 318
4782 5482 283 319
4782 5483 285 320
4782 5484 287 320
4782 5485 289 320
4782 5486 292 321
4782 5487 293 323
4782 5488 294 323
4782 5489 295 323
4782 5490 300 324
4782 5491 302 326
4782 5492 303 325
4782 5493 307 326
4782 5494 308 327
4782 5495 310 328
4782 5496 310 328
4782 5497 314 329
4782 5498 319 329
4782 5499 318 330
4782 5500 320 330
4782 5501 315 331
4782 5502 318 333
4782 5503 318 332
4782 5504 320 334
4790 5471 140 265
4790 5472 140 264
4790 5473 139 265
4790 5474 138 267
4790 5475 137 266
4790 5476 137 267
4790 5477 135 268
4790 5478 136 268
4790 5479 134 268
4790 5480 133 270
4790 5481 131 266
4790 5482 132 265
4790 5483 131 269
4790 5484 130 271
4790 5485 130 270
4790 5486 130 271
4790 5487 128 272
4790 5488 127 272
4790 5489 125 273
4790 5490 124 271
4790 5491 124 273
4790 5492 123 273
4790 5493 123 274
4790 5494 123 275
4790 5495 121 276
4790 5496 121 275
4790 5497 120 276
4790 5498 119 276
4790 5499 118 276
4790 5500 118 278
4790 5501 117 277
4790 5502 116 278
4790 5503 115 278
4790 5504 114 278
4790 5505 114 280
4790 5506 113 279
4790 5507 111 280
4790 5508 110 281
4790 5509 109 280
4790 5510 107 281
4790 5511 106 282
4790 5512 105 281
4790 5513 105 282
4790 5514 104 284
4790 5515 102 284
4790 5516 101 285
4790 5517 99 284
4790 5518 99 285
4790 5519 98 285
4790 5520 96 287
4790 5521 96 286
4790 5522 94 286
4790 5523 92 289
4790 5524 91 288
4790 5525 90 287
4790 5526 90 288
4790 5527 87 290
4790 5528 87 290
4790 5529 85 291
4790 5530 83 291
4790 5531 82 290
4790 5532 81 290
4790 5533 80 292
4790 5534 78 293
4790 5535 76 293
4790 5536 74 295
4790 5537 73 295
4790 5538 68 295
4790 5539 69 295
4790 5540 67 297
4790 5541 66 297
4790 5542 65 298
4790 5543 62 300
4790 5544 62 299
4790 5545 59 299
4790 5546 60 301
4790 5547 59 301
4790 5548 58 301
4790 5549 55 303
4790 5550 53 303
4790 5551 53 302
4790 5552 53 302
4790 5553 52 302
4790 5554 51 303
4790 5555 50 303
4790 5556 50 307
4790 5557 46 307
4790 5558 46 311
4804 5489 188 263
4804 5490 189 263
4804 5491 191 263
4804 5492 192 262
4804 5493 193 262
4804 5494 196 263
4804 5495 196 263
4804 5496 197 262
4804 5497 198 262
4804 5498 199 262
4804 5499 200 262
4804 5500 202 263
4804 5501 203 265
4804 5502 204 264
4804 5503 205 265
4804 5504 209 264
4804 5505 209 263
4804 5506 209 262
4804 5507 211 261
4804 5508 212 258
4804 5509 201 252
4804 5510 211 249
4804 5511 220 247
4804 5512 229 252
4804 5513 238 253
4804 5514 250 250
4804 5515 261 250
4804 5516 270 250
4804 5517 282 252
4804 5518 274 257
4858 5534 412 352
4858 5535 411 355
4858 5536 415 356
4858 5537 418 355
4858 5538 421 357
4858 5539 424 358
4858 5540 426 358
4858 5541 429 355
4858 5542 430 361
4858 5543 433 361
4858 5544 437 361
4858 5545 437 361
4858 5546 443 364
4858 5547 446 364
4858 5548 446 363
4858 5549 449 368
4858 5550 452 366
4858 5551 454 368
4858 5552 457 367
4858 5553 459 368
4858 5554 464 369
4858 5555 465 369
4858 5556 467 368
4858 5557 470 370
4858 5558 474 373
4858 5559 478 376
4858 5560 478 375
4858 5561 482 373
4858 5562 485 375
4858 5563 487 377
4858 5564 489 378
4858 5565 492 378
4858 5566 495 379
4858 5567 499 377
4858 5568 500 378
4858 5569 503 382
4858 5570 507 377
4858 5571 511 379
4858 5572 512 383
4858 5573 513 382
4858 5574 520 383
4858 5575 521 381
4858 5576 523 384
4858 5577 528 383
4858 5578 531 384
4858 5579 533 382
4858 5580 534 384
4858 5581 538 386
4858 5582 540 383
4943 5653 635 379
4943 5654 632 374
4943 5655 628 376
4943 5656 621 377
4943 5657 615 380
4943 5658 609 381
4943 5659 601 383
4943 5660 596 383
4943 5661 590 385
4943 5662 582 386
4943 5663 575 388
4943 5664 567 389
4943 5665 561 390
4943 5666 553 390
4943 5667 545 392
4943 5668 537 393
4943 5669 528 394
4943 5670 518 395
4943 5671 521 399
5034 5803 186 337
5034 5804 186 332
5034 5805 185 334
5034 5806 182 336
5034 5807 182 336
5034 5808 181 336
5034 5809 180 339
5034 5810 178 339
5034 5811 177 339
5034 5812 176 342
5034 5813 174 342
5034 5814 174 343
5034 5815 173 342
5034 5816 170 341
5034 5817 169 346
5034 5818 169 347
5034 5819 167 347
5034 5820 165 350
5034 5821 165 350
5034 5822 164 349
5034 5823 161 350
5034 5824 159 352
5034 5825 158 353
5034 5826 157 354
5034 5827 154 355
5034 5828 153 357
5034 5829 152 357
5034 5830 151 358
5034 5831 148 358
5034 5832 146 361
5034 5833 145 362
5034 5834 145 363
5034 5835 142 364
5034 5836 142 366
5034 5837 139 366
5034 5838 137 366
5034 5839 135 369
5034 5840 134 370
5034 5841 131 370
5034 5842 129 371
5034 5843 128 374
5034 5844 126 375
5034 5845 124 377
5034 5846 123 376
5034 5847 121 379
5034 5848 119 380
5034 5849 117 380
5034 5850 116 383
5034 5851 114 386
5034 5852 112 383
5034 5853 110 383
5034 5854 109 387
5034 5855 107 389
5034 5856 105 387
5034 5857 103 389
5034 5858 101 392
5034 5859 99 393
5034 5860 98 392
5034 5861 95 395
5034 5862 93 397
5034 5863 94 397
5034 5864 89 396
5034 5865 88 400
5034 5866 86 402
5034 5867 85 402
5034 5868 83 402
5034 5869 81 406
5034 5870 79 408
5034 5871 77 408
5034 5872 74 412
5034 5873 73 411
5034 5874 72 412
5034 5875 70 413
5034 5876 68 416
5034 5877 66 417
5034 5878 65 419
5034 5879 64 418
5034 5880 61 420
5034 5881 58 423
5034 5882 56 424
5034 5883 56 421
5053 5870 326 256
5053 5871 338 258
5053 5872 348 258
5053 5873 360 258
5053 5874 373 259
5053 5875 387 261
5053 5876 400 263
5053 5877 412 264
5053 5878 426 265
5053 5879 441 266
5053 5880 453 267
5053 5881 466 268
5053 5882 473 269
5053 5883 481 269
5053 5884 489 274
5058 5883 53 428
5058 5884 51 427
5058 5885 49 429
5058 5886 47 431
5058 5887 44 430
5058 5888 42 434
5058 5889 40 436
5058 5890 39 435
5058 5891 35 435
5058 5892 32 440
5058 5893 32 444
5058 5894 28 442
5058 5895 25 443
5058 5896 23 447
5058 5897 20 448
5058 5898 17 448
5058 5899 14 451
5058 5900 12 455
5058 5901 9 454
5058 5902 7 454
5058 5903 6 459
5058 5904 5 461
5058 5905 3 459
5079 5931 633 276
5079 5932 632 276
5079 5933 629 273
5079 5934 629 272
5079 5935 627 273
5079 5936 626 273
5079 5937 624 271
5079 5938 623 269
5079 5939 621 270
5079 5940 620 270
5079 5941 617 273
5079 5942 613 265
5079 5943 610 266
5079 5944 609 263
5079 5945 607 261
5079 5946 605 261
5079 5947 605 262
5079 5948 603 261
5079 5949 602 260
5079 5950 601 261
5079 5951 598 259
5079 5952 597 258
5079 5953 596 258
5079 5954 594 257
5079 5955 593 257
5079 5956 591 255
5079 5957 590 257
5079 5958 587 254
5079 5959 586 254
5079 5960 587 255
5079 5961 585 252
5079 5962 584 253
5079 5963 580 252
5079 5964 578 253
5079 5965 578 251
5079 5966 577 253
5079 5967 575 252
5079 5968 573 248
5079 5969 571 248
5079 5970 571 248
5079 5971 570 248
5079 5972 569 251
5079 5973 567 250
5079 5974 567 252
5121 6017 428 268
5121 6018 427 261
5121 6019 413 261
5121 6020 387 258
5121 6021 364 256
5121 6022 351 255
5121 6023 342 254
5121 6024 333 254
5121 6025 326 253
5121 6026 318 253
5121 6027 312 251
5121 6028 307 250
5121 6029 299 250
5121 6030 291 249
5121 6031 284 250
5121 6032 278 249
5121 6033 273 249
5121 6034 267 248
5121 6035 261 249
5121 6036 253 248
5121 6037 250 248
5121 6038 257 249
5170 6063 147 271
5170 6064 152 267
5170 6065 150 267
5170 6066 148 269
5170 6067 145 270
5170 6068 144 270
5170 6069 140 272
5170 6070 139 273
5170 6071 136 274
5170 6072 134 275
5170 6073 133 275
5170 6074 130 277
5170 6075 128 278
5170 6076 126 279
5170 6077 124 280
5170 6078 122 281
5170 6079 120 282
5170 6080 118 283
5170 6081 117 284
5170 6082 114 284
5170 6083 112 285
5170 6084 110 287
5170 6085 107 289
5170 6086 102 291
5170 6087 104 289
5170 6088 102 290
5170 6089 96 291
5170 6090 99 292
5170 6091 98 293
5170 6092 90 296
5170 6093 94 294
5170 6094 92 295
5170 6095 91 296
5170 6096 89 301
5170 6097 88 297
5170 6098 82 299
5170 6099 87 297
5170 6100 84 299
5170 6101 76 301
5170 6102 74 299
5170 6103 72 308
5170 6104 71 310
5170 6105 71 310
5170 6106 68 309
5170 6107 70 312
5170 6108 73 311
5170 6109 74 311
5299 6157 304 252
5299 6158 298 253
5299 6159 306 254
5299 6160 316 255
5299 6161 328 256
5299 6162 338 256
5299 6163 345 257
5299 6164 357 259
5299 6165 370 259
5299 6166 383 260
5299 6167 396 262
5299 6168 408 263
5299 6169 419 263
5299 6170 433 265
5299 6171 447 266
5299 6172 457 267
5299 6173 466 267
5299 6174 475 268
5299 6175 481 269
5299 6176 489 271
5299 6177 501 264
5707 6714 328 256
5707 6715 328 256
5707 6716 331 263
5707 6717 333 268
5707 6718 330 268
5707 6719 328 269
5707 6720 325 270
5707 6721 322 270
5707 6722 321 269
5707 6723 318 269
5707 6724 315 271
5707 6725 314 269
5707 6726 313 270
5707 6727 310 269
5707 6728 307 269
5707 6729 305 269
5707 6730 304 269
5707 6731 300 270
5707 6732 298 270
5707 6733 298 270
5707 6734 295 270
5707 6735 291 270
5707 6736 290 270
5707 6737 287 270
5707 6738 285 271
5707 6739 284 270
5707 6740 282 271
5707 6741 281 270
5707 6742 277 271
5707 6743 275 273
5707 6744 274 271
5707 6745 272 271
5707 6746 269 271
5707 6747 267 271
5707 6748 265 271
5707 6749 262 271
5707 6750 260 271
5707 6751 259 271
5707 6752 257 271
5707 6753 252 272
5707 6754 251 272
5707 6755 249 273
5707 6756 246 272
5707 6757 245 269
5747 6737 483 264
5747 6738 479 264
5747 6739 472 265
5747 6740 462 264
5747 6741 449 263
5747 6742 427 260
5747 6743 412 259
5747 6744 401 258
5747 6745 389 257
5747 6746 376 257
5747 6747 360 255
5747 6748 346 254
5747 6749 331 251
5747 6750 319 251
5747 6751 308 250
5747 6752 295 249
5747 6753 283 248
5747 6754 266 247
5747 6755 257 246
5842 6845 55 296
5842 6846 53 301
5842 6847 52 300
5842 6848 51 301
5842 6849 51 307
5842 6850 45 302
5842 6851 42 297
5842 6852 39 299
5842 6853 38 299
5842 6854 35 303
5842 6855 31 300
5842 6856 31 300
5842 6857 28 299
5842 6858 23 299
5842 6859 22 299
5842 6860 20 299
5842 6861 19 300
5842 6862 17 302
5842 6863 13 299
5842 6864 10 298
5842 6865 8 302
5842 6866 5 301
5842 6867 4 301
5842 6868 4 302
5842 6869 4 312
5842 6870 4 334
5985 6984 77 294
5985 6985 78 296
5985 6986 75 293
5985 6987 74 290
5985 6988 73 294
5985 6989 71 295
5985 6990 66 305
5985 6991 64 298
5985 6992 62 296
5985 6993 60 297
5985 6994 59 297
5985 6995 57 298
5985 6996 55 301
5985 6997 53 311
5985 6998 48 313
5985 6999 43 313
5985 7000 40 316
5985 7001 35 317
5985 7002 30 315
5985 7003 25 319
5985 7004 25 323
5985 7005 20 326
5985 7006 14 329
5985 7007 12 333
5985 7008 9 334
5985 7009 6 338
5985 7010 3 349
6198 7319 8 314
6198 7320 11 313
6198 7321 15 314
6198 7322 18 312
6198 7323 21 311
6198 7324 25 311
6198 7325 29 312
6198 7326 30 311
6198 7327 37 309
6198 7328 38 310
6198 7329 45 309
6198 7330 49 308
6198 7331 53 307
6198 7332 56 307
6198 7333 60 306
6198 7334 64 305
6198 7335 67 304
6198 7336 70 304
6198 7337 74 303
6198 7338 77 302
6198 7339 81 302
6198 7340 82 302
6198 7341 86 301
6198 7342 89 300
6198 7343 91 298
6198 7344 95 298
6198 7345 97 296
6198 7346 100 296
6198 7347 102 294
6198 7348 104 294
6198 7349 107 293
6198 7350 110 288
6198 7351 111 292
6198 7352 113 291
6198 7353 116 290
6198 7354 120 287
6198 7355 121 286
6198 7356 122 283
6198 7357 123 283
6198 7358 125 283
6198 7359 125 283
6198 7360 128 286
6198 7361 131 284
6198 7362 132 283
6198 7363 134 283
6198 7364 136 282
6198 7365 137 281
6198 7366 139 280
6198 7367 140 280
6198 7368 141 280
6198 7369 144 278
6198 7370 145 280
6198 7371 147 278
6198 7372 148 278
6198 7373 152 276
6198 7374 151 275
6198 7375 154 274
6198 7376 156 273
6198 7377 157 273
6198 7378 158 273
6198 7379 161 272
6198 7380 162 271
6198 7381 165 272
6198 7382 167 271
6198 7383 167 270
6198 7384 168 270
6198 7385 170 270
6198 7386 172 266
6198 7387 173 266
6198 7388 174 263
6198 7389 176 262
6198 7390 178 261
6198 7391 179 261
6198 7392 180 261
6198 7393 182 260
6198 7394 183 260
6198 7395 185 260
6198 7396 187 260
6198 7397 189 260
6198 7398 189 260
6316 7443 78 293
6316 7444 80 291
6316 7445 87 290
6316 7446 93 290
6316 7447 94 283
6316 7448 96 283
6316 7449 98 285
6316 7450 91 286
6316 7451 87 289
6316 7452 85 292
6316 7453 81 295
6316 7454 76 298
6316 7455 71 302
6316 7456 67 303
6316 7457 65 305
6316 7458 61 307
6316 7459 56 310
6316 7460 50 313
6316 7461 45 314
6316 7462 40 318
6316 7463 36 320
6316 7464 31 322
6316 7465 25 326
6316 7466 22 329
6316 7467 19 333
6316 7468 16 335
6316 7469 14 336
6316 7470 11 334
6316 7471 7 335
6316 7472 7 340
6316 7473 3 346
6320 7450 634 341
6320 7451 633 335
6320 7452 628 336
6320 7453 623 336
6320 7454 621 336
6320 7455 619 331
6320 7456 616 332
6320 7457 613 337
6320 7458 610 337
6320 7459 610 334
6320 7460 607 332
6320 7461 604 332
6320 7462 602 337
6320 7463 599 339
6320 7464 598 339
6320 7465 598 338
6320 7466 596 333
6320 7467 594 333
6320 7468 591 338
6320 7469 589 339
6320 7470 587 339
6320 7471 585 339
6320 7472 583 339
6320 7473 581 339
6320 7474 579 338
6320 7475 577 339
6320 7476 574 340
6320 7477 573 341
6320 7478 571 340
6320 7479 569 339
6320 7480 566 339
6320 7481 565 335
6320 7482 563 340
6320 7483 559 339
6320 7484 557 339
6320 7485 555 341
6320 7486 553 340
6320 7487 550 339
6320 7488 547 341
6320 7489 546 341
6320 7490 545 336
6320 7491 540 340
6320 7492 538 341
6320 7493 536 340
6320 7494 532 340
6320 7495 531 340
6320 7496 530 336
6320 7497 528 335
6320 7498 526 340
6320 7499 522 340
6320 7500 520 341
6320 7501 516 340
6320 7502 515 341
6320 7503 513 341
6320 7504 511 340
6320 7505 506 341
6320 7506 505 341
6320 7507 504 342
6320 7508 501 339
6320 7509 498 340
6320 7510 495 337
6320 7511 493 341
6320 7512 489 342
6320 7513 488 341
6320 7514 485 341
6320 7515 482 340
6320 7516 481 340
6320 7517 478 341
6320 7518 474 340
6320 7519 471 340
6320 7520 471 335
6320 7521 468 339
6320 7522 463 339
6320 7523 463 340
6320 7524 460 340
6320 7525 459 336
6320 7526 454 339
6320 7527 452 335
6320 7528 450 338
6320 7529 447 339
6320 7530 445 338
6320 7531 442 340
6320 7532 440 338
6320 7533 440 333
6372 7497 489 265
6372 7498 485 267
6372 7499 484 265
6372 7500 482 265
6372 7501 478 264
6372 7502 478 263
6372 7503 475 264
6372 7504 470 264
6372 7505 464 264
6372 7506 459 263
6372 7507 454 262
6372 7508 449 263
6372 7509 442 262
6372 7510 435 262
6372 7511 431 261
6372 7512 426 261
6372 7513 420 260
6372 7514 412 260
6372 7515 408 258
6372 7516 403 258
6372 7517 395 257
6372 7518 393 257
6372 7519 384 258
6372 7520 379 256
6372 7521 373 257
6372 7522 369 255
6372 7523 362 255
6372 7524 356 255
6372 7525 352 255
6372 7526 345 254
6372 7527 338 252
6372 7528 334 253
6372 7529 328 251
6372 7530 322 251
6372 7531 316 251
6372 7532 309 250
6372 7533 304 249
6372 7534 299 250
6372 7535 293 249
6372 7536 287 249
6372 7537 283 249
6372 7538 276 248
6372 7539 271 248
6372 7540 265 248
6372 7541 256 247
6372 7542 260 247
6394 7544 410 340
6394 7545 408 334
6394 7546 406 329
6394 7547 403 331
6394 7548 399 333
6394 7549 397 332
6394 7550 393 332
6394 7551 391 332
6394 7552 391 331
6394 7553 388 330
6394 7554 384 331
6394 7555 382 331
6394 7556 381 330
6394 7557 379 331
6394 7558 374 329
6394 7559 373 330
6394 7560 371 330
6394 7561 367 330
6394 7562 366 329
6394 7563 363 329
6394 7564 359 334
6394 7565 357 329
6394 7566 357 323
6394 7567 354 322
6394 7568 352 322
6394 7569 347 326
6394 7570 345 326
6394 7571 345 320
6394 7572 341 325
6394 7573 339 324
6394 7574 337 324
6394 7575 335 324
6394 7576 333 324
6394 7577 331 324
6394 7578 327 330
6394 7579 322 330
6493 7609 258 318
6493 7610 257 312
6493 7611 256 312
6493 7612 253 311
6493 7613 251 311
6493 7614 251 310
6493 7615 248 305
6493 7616 245 309
6493 7617 244 310
6493 7618 240 307
6493 7619 238 306
6493 7620 236 308
6493 7621 235 308
6493 7622 233 307
6493 7623 231 308
6493 7624 229 308
6493 7625 226 306
6493 7626 223 307
6493 7627 223 307
6493 7628 222 305
6493 7629 220 306
6493 7630 217 306
6493 7631 216 301
6493 7632 213 305
6493 7633 212 305
6493 7634 210 303
6493 7635 208 304
6493 7636 206 304
6493 7637 204 304
6493 7638 201 303
6493 7639 201 303
6493 7640 198 303
6493 7641 194 306
6493 7642 195 303
6493 7643 194 302
6493 7644 190 300
6493 7645 189 298
6493 7646 188 297
6493 7647 187 299
6493 7648 182 295
6493 7649 184 299
6493 7650 180 296
6493 7651 178 295
6493 7652 177 295
6493 7653 177 295
6493 7654 175 296
6493 7655 172 294
6493 7656 170 292
6493 7657 170 293
6493 7658 165 292
6493 7659 163 291
6493 7660 164 291
6493 7661 162 291
6493 7662 159 291
6493 7663 159 291
6493 7664 154 291
6493 7665 154 291
6493 7666 151 291
6493 7667 149 291
6493 7668 148 291
6493 7669 147 291
6493 7670 145 291
6493 7671 143 293
6493 7672 141 295
6493 7673 139 294
6493 7674 138 295
6493 7675 136 295
6493 7676 134 295
6493 7677 133 294
6493 7678 130 290
6493 7679 128 290
6642 7669 355 340
6642 7670 356 337
6642 7671 359 339
6642 7672 359 338
6642 7673 361 339
6642 7674 363 340
6642 7675 364 341
6642 7676 365 342
6642 7677 368 343
6642 7678 371 345
6642 7679 371 342
6642 7680 372 346
6642 7681 373 345
6642 7682 376 347
6642 7683 377 343
6642 7684 379 345
6642 7685 380 348
6642 7686 380 350
6642 7687 383 352
6642 7688 384 349
6642 7689 385 352
6642 7690 387 349
6642 7691 389 353
6642 7692 389 355
6642 7693 390 354
6642 7694 392 355
6642 7695 393 358
6642 7696 394 357
6642 7697 396 359
6642 7698 397 360
6642 7699 398 355
6642 7700 399 356
6642 7701 401 362
6642 7702 403 364
6642 7703 405 361
6642 7704 406 364
6642 7705 407 364
6642 7706 409 366
6642 7707 411 368
6642 7708 414 366
6642 7709 415 370
6642 7710 418 369
6642 7711 417 372
6642 7712 418 371
6642 7713 420 372
6642 7714 423 375
6642 7715 427 372
6642 7716 427 367
6712 7736 463 398
6712 7737 465 393
6712 7738 466 393
6712 7739 469 394
6712 7740 472 395
6712 7741 475 397
6712 7742 476 396
6712 7743 478 397
6712 7744 480 399
6712 7745 485 401
6712 7746 485 400
6712 7747 487 401
6712 7748 489 402
6712 7749 493 404
6712 7750 495 404
6712 7751 497 405
6712 7752 499 406
6712 7753 503 402
6712 7754 504 408
6712 7755 508 409
6712 7756 509 410
6712 7757 512 412
6712 7758 514 413
6712 7759 517 413
6712 7760 519 414
6712 7761 521 415
6712 7762 524 417
6712 7763 526 416
6712 7764 529 418
6712 7765 532 420
6712 7766 534 421
6781 7781 78 302
6781 7782 69 305
6781 7783 64 310
6781 7784 58 313
6781 7785 53 314
6781 7786 48 316
6781 7787 43 318
6781 7788 38 322
6781 7789 33 322
6781 7790 28 323
6781 7791 23 328
6781 7792 20 329
6781 7793 16 331
6781 7794 13 332
6781 7795 11 332
6781 7796 8 333
6781 7797 6 337
6781 7798 4 332
6854 7917 398 400
6854 7918 397 414
6854 7919 396 416
6854 7920 393 427
6854 7921 394 421
6854 7922 394 416
6854 7923 393 415
6854 7924 384 424
6854 7925 384 421
6854 7926 383 421
6854 7927 377 421
6854 7928 372 427
6854 7929 370 426
6854 7930 367 424
6854 7931 366 425
6854 7932 364 421
6854 7933 363 420
6854 7934 361 420
6854 7935 359 420
6854 7936 357 418
6854 7937 355 417
6854 7938 353 415
6854 7939 351 413
6854 7940 349 412
6854 7941 349 411
6854 7942 348 411
6854 7943 347 410
6854 7944 344 408
6854 7945 342 408
6854 7946 342 407
6854 7947 341 405
6854 7948 340 404
6854 7949 339 402
6854 7950 338 400
6854 7951 338 400
6854 7952 335 399
6854 7953 333 397
6854 7954 333 397
6854 7955 333 397
6854 7956 331 394
6854 7957 331 393
6854 7958 330 394
6854 7959 329 393
6854 7960 329 390
6854 7961 327 388
6854 7962 326 390
6854 7963 326 385
6854 7964 326 389
6854 7965 324 389
6854 7966 324 391
6859 7924 3 347
6859 7925 3 340
6859 7926 5 338
6859 7927 6 338
6859 7928 7 335
6859 7929 8 336
6859 7930 9 334
6859 7931 11 333
6859 7932 16 334
6859 7933 18 332
6859 7934 18 331
6859 7935 21 330
6859 7936 24 329
6859 7937 25 329
6859 7938 28 327
6859 7939 31 326
6859 7940 32 325
6859 7941 34 324
6859 7942 37 323
6859 7943 38 323
6859 7944 40 322
6859 7945 41 321
6859 7946 45 322
6859 7947 45 321
6859 7948 48 319
6859 7949 50 318
6859 7950 52 317
6859 7951 53 318
6859 7952 56 315
6859 7953 59 316
6859 7954 61 316
6859 7955 62 314
6859 7956 64 313
6859 7957 66 313
6859 7958 68 312
6859 7959 69 311
6859 7960 72 310
6859 7961 75 310
6859 7962 75 309
6859 7963 78 307
6859 7964 80 307
6859 7965 82 308
6859 7966 85 310
6879 7944 366 392
6879 7945 365 392
6879 7946 364 393
6879 7947 363 396
6879 7948 362 391
6879 7949 361 391
6879 7950 360 390
6879 7951 358 388
6879 7952 357 388
6879 7953 356 387
6879 7954 355 391
6879 7955 353 388
6879 7956 353 386
6879 7957 353 388
6879 7958 351 384
6879 7959 348 383
6879 7960 347 381
6879 7961 346 379
6879 7962 345 380
6879 7963 343 377
6879 7964 342 377
6879 7965 340 377
6879 7966 339 377
6879 7967 336 375
6879 7968 336 375
6879 7969 334 373
6879 7970 332 372
6879 7971 331 371
6879 7972 329 370
6879 7973 327 371
6879 7974 325 370
6879 7975 325 370
6879 7976 323 368
6879 7977 322 366
6879 7978 319 367
6879 7979 319 366
6879 7980 313 368
6879 7981 311 367
6879 7982 310 367
6879 7983 314 363
6879 7984 314 363
6879 7985 309 364
6879 7986 307 365
6879 7987 310 363
6879 7988 309 362
6879 7989 309 359
6894 7966 84 304
6894 7967 87 305
6894 7968 88 305
6894 7969 90 304
6894 7970 92 302
6894 7971 93 303
6894 7972 95 302
6894 7973 96 301
6894 7974 97 300
6894 7975 101 299
6894 7976 101 300
6894 7977 103 298
6894 7978 105 297
6894 7979 107 299
6894 7980 108 297
6894 7981 110 296
6894 7982 112 296
6894 7983 113 294
6894 7984 114 294
6894 7985 116 293
6894 7986 118 293
6894 7987 120 293
6894 7988 121 291
6894 7989 123 290
6894 7990 125 289
6894 7991 127 289
6894 7992 128 287
6894 7993 130 288
6894 7994 132 288
6894 7995 133 287
6894 7996 134 285
6894 7997 137 285
6894 7998 138 285
6894 7999 140 283
6894 8000 141 283
6894 8001 143 283
6894 8002 145 283
6894 8003 147 283
6894 8004 148 282
6894 8005 149 280
6894 8006 150 280
6894 8007 152 279
6894 8008 154 280
6894 8009 155 279
6894 8010 155 278
6894 8011 158 278
6894 8012 160 277
6894 8013 160 274
6894 8014 162 275
6894 8015 163 276
6894 8016 164 274
6894 8017 167 272
6894 8018 168 277
6894 8019 168 271
6894 8020 169 269
6894 8021 171 268
6917 7996 4 347
6917 7997 6 345
6917 7998 8 342
6917 7999 10 340
6917 8000 12 338
6917 8001 14 335
6917 8002 16 333
6917 8003 19 331
6917 8004 23 328
6917 8005 27 327
6917 8006 32 325
6917 8007 37 322
6917 8008 42 320
6917 8009 46 319
6917 8010 49 316
6917 8011 57 315
6917 8012 61 312
6917 8013 64 311
6917 8014 68 309
6917 8015 74 307
6917 8016 77 305
6917 8017 82 303
6917 8018 85 300
6917 8019 86 300
6917 8020 89 299
6917 8021 94 297
6917 8022 97 295
6917 8023 100 294
6917 8024 103 293
6917 8025 102 295
6917 8026 97 295
6917 8027 99 294
6917 8028 103 293
6917 8029 106 291
6917 8030 110 290
6917 8031 112 287
6917 8032 116 288
6917 8033 119 286
6917 8034 122 285
6917 8035 126 283
6917 8036 128 283
6917 8037 132 281
6917 8038 135 278
6952 8029 128 286
6952 8030 124 284
6952 8031 127 283
6952 8032 129 282
6952 8033 132 281
6952 8034 138 280
6952 8035 140 279
6952 8036 141 278
6952 8037 144 276
6952 8038 147 275
6952 8039 151 274
6952 8040 153 273
6952 8041 156 272
6952 8042 159 271
6952 8043 161 266
6952 8044 163 265
6952 8045 168 264
6952 8046 169 263
6952 8047 172 263
6952 8048 175 262
6952 8049 178 261
6952 8050 179 261
6952 8051 182 261
6952 8052 185 261
6952 8053 188 261
6952 8054 189 260
6952 8055 192 259
6952 8056 192 255
6952 8057 194 255
7096 8117 390 252
7096 8118 387 255
7096 8119 386 255
7096 8120 385 254
7096 8121 383 254
7096 8122 382 255
7096 8123 380 252
7096 8124 377 252
7096 8125 377 253
7096 8126 375 255
7096 8127 374 252
7096 8128 372 255
7096 8129 370 255
7096 8130 370 252
7096 8131 365 252
7096 8132 364 255
7096 8133 363 257
7096 8134 362 257
7096 8135 362 256
7096 8136 358 257
7096 8137 355 257
7096 8138 355 257
7096 8139 354 255
7096 8140 354 257
7096 8141 349 257
7096 8142 348 258
7096 8143 347 257
7096 8144 343 253
7096 8145 343 258
7096 8146 342 259
7096 8147 339 259
7096 8148 336 262
7096 8149 336 258
7096 8150 338 263
7096 8151 332 260
7096 8152 332 254
7096 8153 330 256
7096 8154 327 260
7096 8155 326 255
7096 8156 324 260
7096 8157 324 264
7096 8158 323 265
7096 8159 318 265
7096 8160 319 265
7096 8161 317 262
7096 8162 314 265
7096 8163 314 265
7096 8164 312 266
7096 8165 310 263
7096 8166 307 267
7096 8167 307 266
7096 8168 305 268
7096 8169 302 268
7096 8170 301 268
7096 8171 300 264
7096 8172 299 268
7096 8173 294 268
7096 8174 294 268
7096 8175 292 267
7096 8176 290 266
7096 8177 289 266
7096 8178 288 268
7096 8179 285 267
7096 8180 283 268
7096 8181 283 267
7096 8182 279 268
7096 8183 277 267
7096 8184 276 268
7096 8185 275 269
7096 8186 273 268
7096 8187 270 269
7096 8188 269 270
7096 8189 266 269
7096 8190 265 271
7096 8191 264 270
7096 8192 262 270
7096 8193 259 270
7096 8194 258 271
7096 8195 257 270
7096 8196 254 271
7096 8197 251 274
7096 8198 250 272
7096 8199 248 271
7096 8200 245 272
7096 8201 243 268
7096 8202 243 272
7096 8203 241 275
7096 8204 238 276
7096 8205 237 277
7175 8181 56 308
7175 8182 61 308
7175 8183 64 310
7175 8184 65 310
7175 8185 56 312
7175 8186 68 310
7175 8187 70 309
7175 8188 62 312
7175 8189 66 311
7175 8190 78 308
7175 8191 70 310
7175 8192 73 309
7175 8193 76 307
7175 8194 78 307
7175 8195 80 306
7175 8196 83 305
7175 8197 86 304
7175 8198 89 303
7175 8199 91 302
7175 8200 94 300
7175 8201 96 300
7175 8202 99 299
7175 8203 101 298
7175 8204 103 298
7175 8205 106 296
7175 8206 108 295
7175 8207 111 293
7175 8208 113 292
7175 8209 116 292
7175 8210 118 291
7175 8211 122 290
7175 8212 123 289
7175 8213 126 288
7175 8214 128 286
7175 8215 131 284
7175 8216 134 284
7175 8217 137 283
7175 8218 139 283
7175 8219 142 282
7175 8220 144 281
7175 8221 147 280
7175 8222 142 280
7321 8317 229 249
7321 8318 238 249
7321 8319 249 251
7321 8320 261 251
7321 8321 272 252
7321 8322 281 254
7321 8323 290 254
7321 8324 301 255
7321 8325 313 256
7321 8326 324 257
7321 8327 333 262
7321 8328 342 263
7321 8329 353 264
7321 8330 364 265
7321 8331 374 265
7321 8332 384 266
7321 8333 391 267
7321 8334 403 265
7321 8335 415 265
7321 8336 423 266
7321 8337 432 267
7321 8338 441 268
7321 8339 452 269
7321 8340 462 269
7321 8341 468 271
7321 8342 471 270
7321 8343 476 271
7321 8344 481 272
7321 8345 481 276
7525 8659 249 249
7525 8660 259 250
7525 8661 271 253
7525 8662 283 253
7525 8663 298 255
7525 8664 313 256
7525 8665 329 256
7525 8666 341 258
7525 8667 355 258
7525 8668 372 259
7525 8669 388 262
7525 8670 405 264
7525 8671 419 265
7525 8672 433 266
7525 8673 450 267
7525 8674 466 269
7525 8675 475 269
7525 8676 483 271
7575 8768 423 261
7575 8769 414 260
7575 8770 398 258
7575 8771 385 257
7575 8772 372 256
7575 8773 357 255
7575 8774 342 252
7575 8775 329 252
7575 8776 317 251
7575 8777 303 251
7575 8778 289 249
7575 8779 275 248
7575 8780 264 247
7575 8781 255 247
7636 8849 291 256
7636 8850 301 257
7636 8851 313 257
7636 8852 324 257
7636 8853 339 258
7636 8854 353 259
7636 8855 364 260
7636 8856 374 262
7636 8857 386 266
7636 8858 404 264
7636 8859 419 266
7636 8860 430 268
7636 8861 443 268
7636 8862 456 269
7636 8863 468 269
7636 8864 474 271
7636 8865 482 271
7636 8866 488 270
7707 8924 524 476
7707 8925 526 475
7707 8926 530 474
7707 8927 533 474
7707 8928 538 473
7707 8929 543 473
7707 8930 546 472
7707 8931 548 471
7707 8932 554 471
7707 8933 561 470
7707 8934 568 469
7707 8935 569 469
7707 8936 572 467
7707 8937 577 467
7707 8938 581 467
7707 8939 583 466
7707 8940 586 465
7707 8941 590 465
7707 8942 593 464
7707 8943 597 462
7707 8944 601 462
7707 8945 604 461
7707 8946 607 458
7707 8947 612 457
7707 8948 617 456
7707 8949 617 455
7707 8950 622 455
7707 8951 624 453
7707 8952 629 451
7707 8953 631 450
7707 8954 631 451
7707 8955 634 444
7776 9034 417 417
7776 9035 412 418
7776 9036 408 418
7776 9037 407 418
7776 9038 401 420
7776 9039 397 420
7776 9040 394 413
7776 9041 391 413
7776 9042 388 414
7776 9043 386 418
7776 9044 382 421
7776 9045 376 422
7776 9046 372 422
7776 9047 369 422
7776 9048 365 422
7776 9049 360 423
7776 9050 357 423
7776 9051 356 423
7776 9052 350 424
7776 9053 346 423
7776 9054 345 424
7776 9055 342 424
7776 9056 334 425
7776 9057 333 425
7776 9058 330 423
7776 9059 326 425
7776 9060 322 426
7776 9061 321 427
7776 9062 317 427
7776 9063 310 427
7776 9064 307 428
7776 9065 307 427
7776 9066 300 428
7776 9067 295 427
7776 9068 295 428
7776 9069 292 429
7776 9070 285 429
7776 9071 281 429
7776 9072 280 429
7776 9073 276 429
7776 9074 269 428
7776 9075 266 430
7776 9076 264 430
7776 9077 258 431
7776 9078 254 430
7776 9079 252 430
7776 9080 245 429
7776 9081 242 430
7776 9082 240 430
7776 9083 238 431
7776 9084 232 431
7776 9085 227 431
7776 9086 226 431
7776 9087 223 431
7776 9088 217 430
7776 9089 214 430
7776 9090 212 431
7776 9091 207 431
7776 9092 200 431
7776 9093 200 430
7776 9094 198 430
7776 9095 192 430
7776 9096 188 430
7776 9097 186 430
7776 9098 183 430
7776 9099 177 431
7776 9100 174 430
7776 9101 172 430
7776 9102 168 430
7776 9103 163 430
7776 9104 160 430
7776 9105 158 431
7776 9106 153 431
7776 9107 148 430
7776 9108 147 431
7776 9109 141 431
7776 9110 136 430
7776 9111 135 431
7776 9112 129 431
7776 9113 128 431
7776 9114 124 431
7776 9115 122 431
7776 9116 116 431
7776 9117 114 431
7776 9118 111 431
7776 9119 109 431
7776 9120 105 431
7776 9121 100 431
7776 9122 97 431
7776 9123 92 430
7776 9124 89 431
7776 9125 88 431
7776 9126 82 430
7776 9127 79 430
7776 9128 79 431
7776 9129 75 431
7776 9130 69 430
7776 9131 66 430
7776 9132 62 429
7776 9133 61 430
7776 9134 60 430
7776 9135 54 430
7776 9136 53 429
7776 9137 50 429
7776 9138 47 429
7776 9139 45 428
7776 9140 42 428
7776 9141 37 427
7776 9142 36 428
7776 9143 32 427
7776 9144 30 427
7776 9145 29 427
7776 9146 26 426
7776 9147 21 425
7776 9148 21 426
7776 9149 15 424
7776 9150 13 424
7776 9151 13 424
7776 9152 8 424
7776 9153 8 424
7776 9154 8 427
7776 9155 7 430
7776 9156 6 434
7818 9084 483 267
7818 9085 478 264
7818 9086 470 265
7818 9087 459 264
7818 9088 448 263
7818 9089 434 261
7818 9090 420 260
7818 9091 406 259
7818 9092 395 257
7818 9093 383 257
7818 9094 369 256
7818 9095 357 255
7818 9096 345 254
7818 9097 335 253
7818 9098 322 253
7818 9099 311 251
7818 9100 300 250
7818 9101 291 249
7818 9102 278 248
7818 9103 266 247
7818 9104 256 247
7818 9105 249 246
7828 9108 36 314
7828 9109 37 313
7828 9110 35 313
7828 9111 38 313
7828 9112 39 313
7828 9113 41 313
7828 9114 46 314
7828 9115 45 315
7828 9116 49 317
7828 9117 51 315
7828 9118 54 315
7828 9119 55 316
7828 9120 57 318
7828 9121 57 316
7828 9122 59 317
7828 9123 62 317
7828 9124 66 316
7828 9125 66 319
7828 9126 70 316
7828 9127 70 317
7828 9128 72 319
7828 9129 77 318
7828 9130 77 318
7828 9131 78 318
7828 9132 85 316
7828 9133 82 317
7828 9134 84 317
7828 9135 86 318
7828 9136 88 317
7828 9137 91 319
7828 9138 98 315
7828 9139 100 314
7828 9140 103 314
7828 9141 106 315
7828 9142 107 316
7828 9143 109 316
7828 9144 112 316
7828 9145 114 316
7828 9146 117 317
7828 9147 120 318
7828 9148 120 317
7828 9149 123 319
7828 9150 125 319
7828 9151 128 320
7828 9152 130 321
7828 9153 131 320
7828 9154 134 321
7828 9155 138 323
7828 9156 137 326
7828 9157 143 325
7828 9158 144 324
7828 9159 144 327
7828 9160 149 327
7828 9161 148 324
7828 9162 152 328
7828 9163 156 329
7828 9164 157 326
7828 9165 160 330
7828 9166 161 328
7828 9167 163 327
7828 9168 166 329
7828 9169 168 329
7828 9170 170 331
7828 9171 170 329
7828 9172 175 334
7828 9173 178 332
7828 9174 174 333
7942 9268 634 280
7942 9269 628 277
7942 9270 620 277
7942 9271 605 276
7942 9272 591 275
7942 9273 580 274
7942 9274 576 275
7942 9275 588 251
7942 9276 590 250
8117 9470 229 314
8117 9471 228 312
8117 9472 227 309
8117 9473 227 311
8117 9474 227 316
8117 9475 226 314
8117 9476 224 314
8117 9477 223 313
8117 9478 222 313
8117 9479 221 316
8117 9480 221 314
8117 9481 220 318
8117 9482 219 319
8117 9483 218 315
8117 9484 217 317
8117 9485 215 316
8117 9486 214 318
8117 9487 213 318
8117 9488 212 318
8117 9489 211 318
8117 9490 210 320
8117 9491 209 319
8117 9492 208 320
8117 9493 206 323
8117 9494 204 321
8117 9495 202 321
8117 9496 201 323
8117 9497 200 324
8117 9498 199 327
8117 9499 198 326
8117 9500 196 327
8117 9501 195 326
8117 9502 193 326
8117 9503 192 325
8117 9504 189 327
8117 9505 188 326
8117 9506 186 326
8117 9507 185 327
8117 9508 182 328
8117 9509 180 327
8117 9510 177 328
8117 9511 176 328
8117 9512 175 329
8117 9513 172 328
8117 9514 171 331
8117 9515 170 329
8117 9516 165 328
8117 9517 165 330
8117 9518 163 330
8117 9519 161 328
8117 9520 160 333
8117 9521 157 332
8117 9522 155 333
8117 9523 157 333
8411 9738 143 279
8411 9739 142 280
8411 9740 141 279
8411 9741 139 280
8411 9742 140 277
8411 9743 136 281
8411 9744 135 281
8411 9745 132 282
8411 9746 131 282
8411 9747 130 283
8411 9748 128 283
8411 9749 124 284
8411 9750 122 285
8411 9751 122 285
8411 9752 118 286
8411 9753 115 285
8411 9754 116 286
8411 9755 112 287
8411 9756 108 292
8411 9757 108 287
8411 9758 107 289
8411 9759 105 287
8411 9760 102 289
8411 9761 100 291
8411 9762 99 290
8411 9763 98 290
8411 9764 94 291
8411 9765 91 294
8411 9766 91 292
8411 9767 87 292
8411 9768 84 293
8411 9769 83 293
8411 9770 82 294
8411 9771 79 294
8411 9772 76 295
8411 9773 74 295
8411 9774 72 296
8411 9775 70 298
8411 9776 66 300
8411 9777 63 299
8411 9778 64 299
8411 9779 64 303
8494 9827 120 305
8494 9828 118 306
8494 9829 115 306
8494 9830 117 303
8494 9831 115 305
8494 9832 114 306
8494 9833 111 305
8494 9834 112 303
8494 9835 108 294
8494 9836 108 297
8494 9837 105 292
8494 9838 106 287
8494 9839 106 286
8494 9840 109 285
8494 9841 112 289
8494 9842 114 284
8494 9843 116 283
8494 9844 118 283
8494 9845 121 281
8494 9846 122 280
8494 9847 123 280
8494 9848 124 276
8494 9849 126 280
8494 9850 129 279
8494 9851 130 279
8494 9852 132 278
8494 9853 134 277
8494 9854 136 277
8494 9855 137 276
8494 9856 138 277
8494 9857 140 275
8494 9858 142 275
8494 9859 145 275
8494 9860 145 275
8494 9861 147 273
8494 9862 150 272
8494 9863 152 273
8494 9864 153 272
8494 9865 155 271
8494 9866 158 272
8494 9867 160 271
8494 9868 162 269
8494 9869 163 271
8494 9870 165 269
8494 9871 167 269
8494 9872 170 268
8494 9873 171 265
8494 9874 173 263
8515 9859 277 256
8515 9860 282 252
8515 9861 293 253
8515 9862 304 253
8515 9863 314 254
8515 9864 323 255
8515 9865 332 254
8515 9866 343 257
8515 9867 355 257
8515 9868 367 259
8515 9869 376 260
8515 9870 386 260
8515 9871 379 267
8651 10139 489 453
8651 10140 482 454
8651 10141 479 454
8651 10142 475 454
8651 10143 473 451
8651 10144 469 447
8651 10145 465 448
8651 10146 462 447
8651 10147 461 445
8651 10148 458 440
8651 10149 454 441
8651 10150 451 440
8651 10151 448 438
8651 10152 446 436
8651 10153 443 435
8651 10154 440 432
8651 10155 440 429
8651 10156 435 429
8651 10157 432 427
8651 10158 431 426
8651 10159 429 423
8651 10160 425 422
8651 10161 424 421
8651 10162 423 419
8651 10163 421 415
8651 10164 418 415
8651 10165 415 414
8651 10166 413 412
8651 10167 411 410
8651 10168 408 409
8651 10169 407 408
8651 10170 405 407
8651 10171 405 402
8651 10172 400 404
8651 10173 399 403
8651 10174 396 400
8651 10175 396 404
8685 10175 391 395
8685 10176 390 397
8685 10177 389 396
8685 10178 388 395
8685 10179 386 390
8685 10180 382 392
8685 10181 381 391
8685 10182 378 389
8685 10183 375 388
8685 10184 375 386
8685 10185 373 386
8685 10186 372 381
8685 10187 369 382
8685 10188 368 381
8685 10189 366 380
8685 10190 363 379
8685 10191 360 375
8685 10192 359 377
8685 10193 358 375
8685 10194 358 371
8685 10195 354 372
8685 10196 352 371
8685 10197 351 370
8685 10198 349 368
8685 10199 347 368
8685 10200 346 366
8685 10201 345 365
8685 10202 343 364
8685 10203 342 363
8685 10204 339 362
8685 10205 337 360
8685 10206 334 358
8685 10207 334 356
8685 10208 333 358
8685 10209 331 356
8685 10210 334 356
8824 10331 241 249
8824 10332 248 249
8824 10333 249 250
8824 10334 259 249
8824 10335 271 251
8824 10336 281 253
8824 10337 291 254
8824 10338 301 254
8824 10339 312 255
8824 10340 325 256
8824 10341 334 257
8824 10342 344 258
8824 10343 357 258
8824 10344 369 259
8824 10345 381 261
8824 10346 391 261
8824 10347 403 263
8824 10348 418 264
8824 10349 430 265
8824 10350 441 265
8824 10351 451 267
8824 10352 466 268
8824 10353 473 269
8824 10354 479 268
8824 10355 484 269
8824 10356 501 265
8903 10394 611 475
8903 10395 605 476
8903 10396 603 476
8903 10397 600 474
8903 10398 596 473
8903 10399 596 473
8903 10400 593 472
8903 10401 593 471
8903 10402 589 469
8903 10403 585 468
8903 10404 582 468
8903 10405 580 467
8903 10406 575 466
8903 10407 572 465
8903 10408 570 465
8903 10409 566 463
8903 10410 559 462
8903 10411 561 459
8903 10412 558 455
8903 10413 554 458
8903 10414 553 449
8903 10415 548 450
8903 10416 544 453
8903 10417 539 458
8903 10418 538 450
8903 10419 537 443
8903 10420 530 446
8903 10421 530 443
8903 10422 528 444
8903 10423 524 436
8903 10424 524 434
8903 10425 518 441
8903 10426 518 433
8903 10427 513 438
8903 10428 509 437
8903 10429 508 434
8903 10430 508 428
8903 10431 505 432
8903 10432 502 438
8903 10433 498 437
8946 10441 479 412
8946 10442 477 415
8946 10443 472 417
8946 10444 470 415
8946 10445 469 412
8946 10446 465 411
8946 10447 461 410
8946 10448 461 409
8946 10449 459 402
8946 10450 456 407
8946 10451 454 405
8946 10452 452 404
8946 10453 450 397
8946 10454 449 395
8946 10455 447 395
8946 10456 444 393
8946 10457 443 397
8946 10458 439 397
8946 10459 433 392
8946 10460 436 394
8946 10461 435 395
8946 10462 432 389
8946 10463 430 391
8946 10464 430 384
8946 10465 427 385
8946 10466 424 386
8946 10467 427 382
9388 10831 120 283
9388 10832 123 283
9388 10833 118 285
9388 10834 119 288
9388 10835 114 289
9388 10836 108 292
9388 10837 101 294
9388 10838 99 297
9388 10839 94 298
9388 10840 88 300
9388 10841 81 302
9388 10842 77 305
9388 10843 71 306
9388 10844 66 310
9533 10950 483 265
9533 10951 474 264
9533 10952 466 265
9533 10953 452 263
9533 10954 435 262
9533 10955 418 260
9533 10956 404 259
9533 10957 390 258
9533 10958 374 256
9533 10959 356 255
9533 10960 341 254
9533 10961 329 252
9533 10962 316 251
9533 10963 301 250
9533 10964 288 249
9533 10965 276 249
9533 10966 261 247
9587 11014 259 352
9587 11015 261 352
9587 11016 263 350
9587 11017 264 349
9587 11018 266 347
9587 11019 269 348
9587 11020 272 348
9587 11021 273 348
9587 11022 275 349
9587 11023 277 347
9587 11024 281 347
9587 11025 283 347
9587 11026 285 347
9587 11027 287 347
9587 11028 290 349
9587 11029 293 347
9587 11030 294 346
9587 11031 295 346
9587 11032 298 346
9587 11033 302 345
9587 11034 305 344
9587 11035 304 347
9587 11036 309 346
9587 11037 312 345
9587 11038 313 345
9587 11039 315 344
9587 11040 316 345
9587 11041 321 344
9587 11042 324 343
9587 11043 325 343
9587 11044 327 344
9587 11045 329 344
9587 11046 332 344
9587 11047 334 344
9587 11048 337 343
9587 11049 338 344
9587 11050 342 343
9587 11051 343 342
9587 11052 346 341
9587 11053 349 341
9587 11054 351 340
9587 11055 353 340
9587 11056 354 341
9587 11057 357 341
9587 11058 359 340
9587 11059 362 339
9587 11060 364 339
9587 11061 366 340
9587 11062 368 342
9587 11063 370 339
9587 11064 373 339
9587 11065 376 339
9587 11066 376 338
9587 11067 378 338
9587 11068 381 338
9587 11069 383 338
9587 11070 384 337
9587 11071 385 337
9587 11072 389 336
9587 11073 390 337
9587 11074 392 336
9587 11075 393 336
9587 11076 396 335
9587 11077 398 335
9587 11078 401 334
9587 11079 402 334
9587 11080 404 333
9587 11081 406 333
9587 11082 408 336
9587 11083 408 333
9587 11084 410 333
9587 11085 412 332
9587 11086 414 334
9835 11269 249 250
9835 11270 251 251
9835 11271 261 251
9835 11272 271 252
9835 11273 280 253
9835 11274 291 253
9835 11275 302 255
9835 11276 312 255
9835 11277 323 256
9835 11278 336 257
9835 11279 348 258
9835 11280 358 259
9835 11281 369 259
9835 11282 381 261
9835 11283 395 261
9835 11284 405 263
9835 11285 416 264
9835 11286 429 265
9835 11287 440 266
9835 11288 451 267
9835 11289 466 269
9835 11290 472 268
9835 11291 480 270
9835 11292 483 270
9937 11474 533 441
9937 11475 528 440
9937 11476 525 444
9937 11477 522 438
9937 11478 519 430
9937 11479 511 434
9937 11480 508 432
9937 11481 505 433
9937 11482 499 428
9937 11483 496 429
9937 11484 493 429
9937 11485 492 420
9937 11486 483 422
9937 11487 484 423
9937 11488 479 422
9937 11489 473 417
9937 11490 469 417
9937 11491 466 418
9937 11492 463 414
9937 11493 465 409
9946 11496 444 407
9946 11497 442 406
9946 11498 438 406
9946 11499 436 406
9946 11500 433 400
9946 11501 427 402
9946 11502 425 403
9946 11503 421 399
9946 11504 414 396
9946 11505 411 397
9946 11506 409 397
9946 11507 404 393
9946 11508 399 393
9946 11509 399 392
9946 11510 396 392
9946 11511 389 389
9946 11512 386 386
9946 11513 385 385
9946 11514 381 383
9946 11515 376 381
9946 11516 374 382
9946 11517 373 382
9946 11518 369 379
9946 11519 364 377
9946 11520 362 377
9946 11521 360 375
9946 11522 355 372
9946 11523 353 372
9946 11524 351 373
9946 11525 348 370
9946 11526 345 367
9946 11527 343 367
9946 11528 340 367
9946 11529 337 368
9962 11544 307 341
9962 11545 304 344
9962 11546 300 344
9962 11547 298 336
9962 11548 295 341
9962 11549 292 336
9962 11550 290 336
9962 11551 289 336
9962 11552 287 333
9962 11553 284 333
9962 11554 282 330
9962 11555 281 328
9962 11556 279 329
9962 11557 277 329
9962 11558 275 328
9962 11559 273 325
9962 11560 271 325
9962 11561 270 322
9962 11562 268 323
9962 11563 266 323
9962 11564 265 321
9962 11565 263 321
9962 11566 261 318
9962 11567 259 319
9962 11568 259 316
9962 11569 257 315
9962 11570 256 315
9962 11571 254 315
9962 11572 252 314
9962 11573 250 311
9962 11574 251 312
9962 11575 251 310
9962 11576 250 308
9962 11577 250 306
9962 11578 248 306
9962 11579 245 304
9962 11580 245 301
9962 11581 246 298
10042 11764 234 251
10042 11765 239 252
10042 11766 240 247
10042 11767 243 248
10042 11768 252 253
10042 11769 258 253
10042 11770 264 253
10042 11771 266 251
10042 11772 266 247
10042 11773 262 250
10042 11774 248 246
10042 11775 250 250
10042 11776 258 247
10042 11777 263 250
10042 11778 269 248
10042 11779 273 248
10042 11780 278 249
10042 11781 284 248
10042 11782 287 249
10042 11783 292 250
10042 11784 298 250
10042 11785 303 252
10042 11786 307 251
10042 11787 312 256
10042 11788 317 255
10042 11789 322 258
10042 11790 327 256
10042 11791 335 252
10042 11792 342 253
10042 11793 346 253
10042 11794 349 253
10042 11795 354 253
10042 11796 362 252
10187 11925 430 265
10187 11926 423 259
10187 11927 413 256
10187 11928 401 258
10187 11929 388 256
10187 11930 375 254
10187 11931 364 254
10187 11932 355 252
10187 11933 342 251
10187 11934 332 251
10187 11935 324 250
10392 12231 627 400
10392 12232 625 402
10392 12233 626 400
10392 12234 620 401
10392 12235 615 401
10392 12236 611 402
10392 12237 607 399
10392 12238 604 398
10392 12239 599 401
10392 12240 595 399
10392 12241 591 398
10392 12242 587 399
10392 12243 583 399
10392 12244 578 394
10392 12245 574 397
10392 12246 571 398
10392 12247 566 395
10392 12248 561 395
10392 12249 558 396
10392 12250 554 395
10392 12251 550 390
10392 12252 545 394
10392 12253 541 392
10392 12254 537 393
10392 12255 531 392
10392 12256 529 391
10392 12257 526 390
10392 12258 519 388
10392 12259 516 389
10392 12260 512 385
10392 12261 508 385
10392 12262 504 387
10392 12263 500 387
10392 12264 496 382
10392 12265 492 384
10392 12266 488 384
10392 12267 482 381
10392 12268 478 383
10392 12269 474 382
10392 12270 471 381
10392 12271 466 378
10392 12272 463 379
10392 12273 459 378
10392 12274 453 376
10392 12275 449 378
10392 12276 446 376
10392 12277 442 375
10392 12278 438 374
10392 12279 433 374
10392 12280 429 372
10392 12281 425 373
10392 12282 421 373
10392 12283 417 371
10392 12284 414 368
10392 12285 411 371
10392 12286 407 369
10392 12287 401 365
10392 12288 398 366
10392 12289 395 367
10392 12290 389 365
10392 12291 391 366
10406 12303 340 349
10406 12304 341 354
10406 12305 337 356
10406 12306 332 352
10406 12307 329 351
10406 12308 325 352
10406 12309 322 352
10406 12310 318 348
10406 12311 314 348
10406 12312 312 350
10406 12313 308 347
10406 12314 303 345
10406 12315 300 347
10406 12316 297 345
10406 12317 294 344
10406 12318 290 345
10406 12319 287 343
10406 12320 283 342
10406 12321 280 342
10406 12322 277 342
10406 12323 274 339
10406 12324 271 339
10406 12325 268 340
10406 12326 264 338
10406 12327 261 336
10406 12328 257 338
10406 12329 254 337
10406 12330 252 335
10406 12331 249 335
10406 12332 245 335
10406 12333 240 334
10406 12334 238 330
10406 12335 235 333
10406 12336 232 330
10406 12337 229 331
10406 12338 226 331
10406 12339 222 329
10406 12340 218 328
10406 12341 216 329
10406 12342 213 325
10406 12343 211 326
10406 12344 208 328
10406 12345 204 325
10406 12346 204 325
10445 12372 4 313
10445 12373 4 312
10445 12374 5 315
10445 12375 7 316
10445 12376 8 311
10445 12377 9 310
10445 12378 11 310
10445 12379 13 310
10445 12380 15 308
10445 12381 17 308
10445 12382 19 311
10445 12383 20 307
10445 12384 21 306
10445 12385 22 309
10445 12386 24 307
10445 12387 26 307
10445 12388 28 303
10445 12389 30 303
10445 12390 31 303
10445 12391 32 302
10445 12392 34 301
10445 12393 36 304
10445 12394 39 302
10445 12395 41 299
10445 12396 42 298
10445 12397 44 298
10445 12398 46 298
10445 12399 46 297
10445 12400 48 298
10445 12401 51 297
10445 12402 53 295
10445 12403 54 295
10445 12404 55 295
10445 12405 57 294
10445 12406 58 294
10445 12407 59 293
10445 12408 61 293
10445 12409 63 292
10445 12410 64 291
10445 12411 66 289
10445 12412 65 289
10445 12413 67 289
10445 12414 67 288
10445 12415 69 288
10445 12416 69 286
10771 12607 354 250
10771 12608 350 258
10771 12609 360 259
10771 12610 372 260
10771 12611 386 259
10771 12612 400 262
10771 12613 412 263
10771 12614 424 264
10771 12615 438 265
10771 12616 452 266
10771 12617 465 267
10771 12618 470 268
10771 12619 477 269
10771 12620 482 275