210 293 482 376
210 294 480 372
210 295 477 374
210 296 475 375
210 297 472 374
210 298 468 374
210 299 464 374
210 300 464 372
210 301 460 372
210 302 458 375
210 303 455 373
210 304 453 375
210 305 449 374
210 306 447 372
210 307 444 371
210 308 442 373
210 309 439 375
210 310 437 372
210 311 434 375
210 312 433 373
210 313 429 374
210 314 426 374
210 315 423 373
210 316 421 374
210 317 418 374
210 318 416 374
210 319 413 374
210 320 411 372
210 321 408 372
210 322 406 372
210 323 403 369
210 324 400 370
210 325 398 370
210 326 395 372
210 327 392 374
210 328 390 371
210 329 388 370
210 330 385 370
210 331 381 372
210 332 378 368
210 333 375 369
210 334 373 371
210 335 370 373
210 336 366 369
210 337 365 371
210 338 363 369
210 339 360 370
210 340 358 367
210 341 354 364
210 342 353 365
210 343 350 369
210 344 347 364
210 345 345 365
210 346 343 366
210 347 342 364
210 348 339 367
210 349 336 365
210 350 334 363
210 351 331 365
210 352 329 363
210 353 327 362
210 354 323 364
210 355 321 363
210 356 321 363
210 357 318 360
210 358 315 361
210 359 313 362
210 360 311 362
210 361 308 363
210 362 306 359
210 363 304 360
210 364 302 359
210 365 299 361
210 366 296 361
210 367 294 358
210 368 292 357
210 369 290 354
210 370 287 357
210 371 285 359
210 372 283 357
210 373 281 357
210 374 279 354
210 375 277 354
210 376 274 352
210 377 273 351
210 378 270 350
210 379 267 353
210 380 265 352
210 381 264 351
210 382 262 354
210 383 260 351
210 384 257 351
210 385 255 350
210 386 254 351
210 387 251 352
210 388 250 350
210 389 247 349
210 390 246 346
257 335 273 252
257 336 287 255
257 337 299 254
257 338 311 255
257 339 326 257
257 340 342 258
257 341 363 260
257 342 379 263
257 343 393 262
257 344 409 263
304 390 248 354
304 391 244 351
304 392 242 351
304 393 240 347
304 394 238 346
304 395 236 347
304 396 234 349
304 397 232 347
304 398 229 349
304 399 228 343
304 400 226 348
304 401 224 346
304 402 221 345
304 403 219 344
304 404 217 346
304 405 215 342
304 406 213 344
304 407 210 344
304 408 209 342
304 409 207 342
304 410 204 342
304 411 204 342
304 412 202 341
304 413 200 341
304 414 198 341
304 415 196 340
304 416 194 338
304 417 192 343
304 418 190 341
304 419 188 340
304 420 187 338
304 421 186 337
304 422 182 341
304 423 180 340
304 424 178 343
304 425 177 339
304 426 175 339
304 427 173 337
304 428 172 335
304 429 170 335
304 430 168 334
304 431 166 335
304 432 165 336
304 433 162 333
304 434 160 334
304 435 158 331
304 436 157 335
304 437 155 331
304 438 153 332
304 439 152 331
304 440 150 334
304 441 148 333
304 442 147 333
304 443 145 332
304 444 144 334
304 445 145 334
353 426 303 252
353 427 295 250
353 428 292 248
353 429 289 251
353 430 298 248
353 431 289 252
353 432 298 256
353 433 307 256
353 434 317 258
353 435 321 257
353 436 332 259
353 437 342 259
353 438 351 260
353 439 362 263
353 440 369 263
353 441 377 263
353 442 387 264
353 443 391 269
368 438 232 254
368 439 229 249
368 440 234 248
368 441 245 249
368 442 250 249
368 443 253 250
368 444 257 250
368 445 264 250
368 446 270 251
368 447 279 253
368 448 288 253
368 449 301 253
368 450 308 254
368 451 315 254
368 452 322 255
368 453 331 256
368 454 359 257
368 455 361 258
368 456 361 258
368 457 366 259
368 458 367 259
368 459 367 260
368 460 393 261
368 461 401 262
369 438 491 246
369 439 484 250
369 440 488 267
369 441 483 267
369 442 480 266
369 443 475 265
369 444 469 265
369 445 463 264
369 446 445 266
369 447 444 266
369 448 434 265
369 449 434 264
369 450 420 264
369 451 419 263
369 452 402 260
369 453 392 259
403 468 407 257
403 469 399 256
403 470 388 255
403 471 378 254
403 472 369 253
403 473 361 253
403 474 350 252
403 475 340 251
403 476 329 250
403 477 319 250
403 478 312 249
403 479 305 249
403 480 293 248
403 481 280 247
403 482 270 246
403 483 264 246
665 668 411 253
665 669 400 261
665 670 404 262
665 671 408 264
665 672 429 264
665 673 456 269
665 674 471 271
665 675 471 278
723 709 87 301
723 710 89 302
723 711 88 301
723 712 87 302
723 713 87 302
723 714 84 303
723 715 83 305
723 716 82 305
723 717 83 306
723 718 78 306
723 719 79 307
723 720 77 308
723 721 74 306
723 722 71 309
723 723 72 309
723 724 71 311
723 725 70 312
723 726 68 312
723 727 64 313
723 728 62 312
723 729 60 316
723 730 62 317
723 731 57 317
723 732 56 318
723 733 54 318
723 734 51 319
723 735 51 320
723 736 49 319
723 737 50 321
723 738 49 321
723 739 45 323
723 740 45 325
723 741 43 323
723 742 41 327
723 743 38 325
723 744 37 325
723 745 33 326
723 746 31 329
723 747 28 332
723 748 26 332
723 749 22 335
723 750 20 334
723 751 18 333
723 752 14 335
723 753 8 344
723 754 12 344
811 801 437 362
811 802 437 362
811 803 439 363
811 804 441 366
811 805 442 370
811 806 444 371
811 807 445 368
811 808 446 371
811 809 450 372
811 810 452 370
811 811 454 374
811 812 456 374
811 813 456 379
811 814 459 376
811 815 460 380
811 816 462 383
811 817 464 382
811 818 466 379
811 819 469 384
811 820 473 384
811 821 472 387
811 822 477 385
811 823 475 389
811 824 478 387
811 825 480 391
811 826 484 388
811 827 485 391
811 828 488 393
811 829 489 396
811 830 491 395
811 831 494 400
811 832 495 402
811 833 498 401
811 834 501 396
811 835 504 400
811 836 507 398
888 923 457 264
888 924 445 264
888 925 426 262
888 926 415 261
888 927 400 260
888 928 384 259
888 929 367 257
888 930 351 255
888 931 336 254
888 932 325 253
888 933 334 250
912 939 294 251
912 940 302 251
912 941 315 253
912 942 321 254
912 943 330 254
912 944 335 254
912 945 346 255
912 946 357 256
912 947 367 257
912 948 381 256
912 949 392 258
912 950 380 268
912 951 388 267
923 953 585 469
923 954 584 472
923 955 582 471
923 956 578 470
923 957 573 469
923 958 569 469
923 959 566 468
923 960 560 469
923 961 557 469
923 962 553 465
923 963 548 467
923 964 548 467
923 965 543 463
923 966 539 462
923 967 537 462
923 968 532 457
923 969 527 453
923 970 525 454
923 971 523 451
923 972 515 450
923 973 514 447
923 974 511 444
923 975 507 443
923 976 505 438
923 977 500 442
923 978 493 440
923 979 493 437
923 980 490 438
923 981 485 436
923 982 484 434
923 983 479 429
923 984 476 432
923 985 472 429
923 986 464 425
923 987 465 422
923 988 462 422
923 989 460 423
923 990 456 418
923 991 453 417
923 992 450 418
923 993 447 414
923 994 444 414
923 995 441 411
923 996 437 409
923 997 435 407
923 998 432 405
923 999 429 407
923 1000 427 406
923 1001 420 403
923 1002 422 406
949 968 466 269
949 969 468 263
949 970 456 261
949 971 446 261
949 972 431 262
949 973 418 259
949 974 405 257
949 975 391 258
949 976 381 257
949 977 368 255
949 978 355 254
949 979 341 253
949 980 329 253
949 981 316 251
949 982 309 250
975 1002 420 394
975 1003 417 398
975 1004 415 401
975 1005 413 395
975 1006 412 390
975 1007 407 393
975 1008 405 395
975 1009 402 390
975 1010 401 390
975 1011 397 390
975 1012 394 388
975 1013 393 384
975 1014 389 386
975 1015 389 384
975 1016 385 380
975 1017 384 379
975 1018 380 378
975 1019 379 378
975 1020 378 376
975 1021 374 381
975 1022 371 374
975 1023 371 372
975 1024 368 370
975 1025 366 370
975 1026 363 369
975 1027 360 368
975 1028 358 372
975 1029 356 367
975 1030 353 364
975 1031 352 363
975 1032 350 362
975 1033 347 362
975 1034 344 360
975 1035 342 359
975 1036 339 357
975 1037 338 355
975 1038 337 356
975 1039 336 354
975 1040 333 352
975 1041 332 352
975 1042 330 349
975 1043 328 345
975 1044 325 349
975 1045 324 346
975 1046 322 346
975 1047 321 343
975 1048 319 345
975 1049 317 343
975 1050 314 343
975 1051 313 341
975 1052 312 340
975 1053 309 339
975 1054 307 336
975 1055 306 338
975 1056 305 340
975 1057 303 335
975 1058 300 338
975 1059 300 340
1094 1209 158 474
1094 1210 162 473
1094 1211 167 473
1094 1212 173 474
1094 1213 179 474
1094 1214 184 473
1094 1215 189 474
1094 1216 193 474
1094 1217 196 474
1094 1218 203 473
1094 1219 209 473
1094 1220 216 473
1094 1221 219 473
1094 1222 224 472
1094 1223 230 473
1094 1224 234 472
1094 1225 240 472
1094 1226 244 471
1094 1227 251 472
1094 1228 257 471
1094 1229 262 471
1094 1230 267 474
1094 1231 271 468
1094 1232 278 470
1094 1233 283 470
1094 1234 289 470
1094 1235 291 470
1094 1236 298 470
1094 1237 302 469
1094 1238 306 470
1094 1239 317 469
1094 1240 322 469
1094 1241 328 469
1094 1242 338 469
1094 1243 342 468
1094 1244 348 468
1094 1245 354 468
1094 1246 360 466
1094 1247 366 466
1094 1248 370 466
1094 1249 375 465
1094 1250 381 464
1094 1251 385 464
1094 1252 391 462
1094 1253 395 456
1094 1254 397 461
1094 1255 402 459
1094 1256 406 459
1094 1257 407 466
1094 1258 409 468
1096 1209 206 303
1096 1210 199 303
1096 1211 200 306
1096 1212 204 306
1096 1213 206 306
1096 1214 208 308
1096 1215 210 308
1096 1216 213 310
1096 1217 214 310
1096 1218 217 310
1096 1219 219 310
1096 1220 222 314
1096 1221 224 312
1096 1222 226 313
1096 1223 227 315
1096 1224 230 317
1096 1225 232 317
1096 1226 232 318
1096 1227 236 320
1096 1228 235 322
1096 1229 239 323
1096 1230 238 329
1096 1231 242 326
1096 1232 240 328
1096 1233 244 330
1096 1234 244 330
1096 1235 247 336
1096 1236 243 335
1096 1237 240 336
1096 1238 244 342
1096 1239 241 338
1096 1240 245 336
1096 1241 242 333
1135 1240 242 351
1135 1241 242 353
1135 1242 240 346
1135 1243 237 351
1135 1244 234 353
1135 1245 232 358
1135 1246 228 357
1135 1247 227 364
1135 1248 224 364
1135 1249 217 367
1135 1250 211 369
1135 1251 206 371
1135 1252 202 372
1135 1253 197 375
1135 1254 185 376
1135 1255 189 376
1135 1256 182 378
1135 1257 177 378
1135 1258 172 379
1135 1259 166 380
1135 1260 157 380
1135 1261 155 382
1135 1262 158 378
1135 1263 146 394
1299 1307 30 345
1299 1308 27 343
1299 1309 31 342
1299 1310 26 341
1299 1311 21 340
1299 1312 19 341
1299 1313 22 336
1299 1314 24 339
1299 1315 28 340
1299 1316 27 337
1299 1317 23 333
1299 1318 29 334
1299 1319 31 332
1299 1320 31 329
1299 1321 34 329
1299 1322 38 323
1299 1323 40 323
1299 1324 42 319
1299 1325 49 318
1299 1326 53 316
1299 1327 58 314
1299 1328 63 312
1299 1329 64 310
1299 1330 74 310
1299 1331 75 306
1299 1332 81 304
1299 1333 87 301
1299 1334 93 300
1299 1335 96 306
1310 1312 39 336
1310 1313 39 330
1310 1314 35 328
1310 1315 36 327
1310 1316 38 325
1310 1317 43 324
1310 1318 45 321
1310 1319 53 321
1310 1320 60 319
1310 1321 62 314
1310 1322 62 315
1310 1323 72 313
1310 1324 71 308
1310 1325 81 306
1310 1326 81 304
1310 1327 91 304
1310 1328 95 301
1310 1329 94 299
1310 1330 99 296
1310 1331 104 295
1310 1332 108 293
1310 1333 112 293
1310 1334 117 287
1310 1335 121 287
1310 1336 123 285
1310 1337 135 286
1310 1338 139 284
1310 1339 142 283
1310 1340 142 281
1310 1341 150 279
1310 1342 153 277
1310 1343 161 276
1310 1344 161 276
1310 1345 164 273
1310 1346 167 272
1310 1347 169 271
1310 1348 174 269
1310 1349 176 269
1310 1350 182 270
1310 1351 182 265
1310 1352 182 263
1310 1353 187 264
1310 1354 189 264
1310 1355 190 262
1310 1356 192 262
1310 1357 194 262
1310 1358 196 261
1310 1359 201 264
1406 1374 375 326
1406 1375 376 325
1406 1376 376 323
1406 1377 377 325
1406 1378 379 325
1406 1379 380 325
1406 1380 381 323
1406 1381 383 324
1406 1382 383 327
1406 1383 384 326
1406 1384 385 327
1406 1385 386 327
1406 1386 388 327
1406 1387 389 330
1406 1388 389 329
1406 1389 391 332
1406 1390 392 327
1406 1391 394 328
1406 1392 395 331
1406 1393 396 330
1406 1394 397 331
1406 1395 397 332
1406 1396 400 330
1406 1397 401 335
1406 1398 402 333
1406 1399 401 334
1406 1400 403 334
1406 1401 405 332
1406 1402 406 334
1406 1403 407 336
1406 1404 408 335
1406 1405 409 335
1406 1406 409 334
1406 1407 412 337
1406 1408 413 338
1406 1409 413 339
1406 1410 414 338
1406 1411 416 339
1406 1412 417 340
1406 1413 417 341
1406 1414 420 343
1406 1415 422 341
1406 1416 423 342
1406 1417 424 340
1406 1418 425 344
1406 1419 426 345
1406 1420 427 345
1406 1421 428 345
1406 1422 431 346
1406 1423 428 347
1406 1424 432 344
1406 1425 434 345
1406 1426 435 348
1406 1427 437 348
1406 1428 437 347
1406 1429 440 346
1406 1430 442 350
1406 1431 443 353
1696 1570 3 415
1696 1571 4 417
1696 1572 6 416
1696 1573 8 417
1696 1574 11 420
1696 1575 12 422
1696 1576 15 424
1696 1577 17 427
1696 1578 20 425
1696 1579 23 435
1696 1580 24 432
1696 1581 27 436
1696 1582 29 439
1696 1583 32 443
1696 1584 37 447
1696 1585 42 449
1696 1586 45 451
1696 1587 50 454
1696 1588 55 456
1696 1589 53 458
1710 1583 4 397
1710 1584 7 401
1710 1585 8 404
1710 1586 11 408
1710 1587 13 413
1710 1588 16 424
1710 1589 19 431
1710 1590 22 432
1710 1591 29 439
1710 1592 34 443
1710 1593 40 448
1710 1594 43 452
1710 1595 49 453
1710 1596 54 459
1710 1597 60 461
1710 1598 67 464
1710 1599 74 467
1710 1600 81 469
1710 1601 88 472
1710 1602 103 474
1783 1755 253 254
1783 1756 248 253
1783 1757 239 253
1783 1758 231 256
1783 1759 221 259
1783 1760 218 257
1783 1761 210 259
1783 1762 200 264
1783 1763 193 262
1783 1764 184 264
1783 1765 176 266
1783 1766 170 269
1783 1767 162 272
1783 1768 153 275
1783 1769 145 276
1783 1770 137 279
1783 1771 130 281
1783 1772 122 277
1964 1952 83 299
1964 1953 77 296
1964 1954 75 298
1964 1955 73 300
1964 1956 71 301
1964 1957 68 302
1964 1958 65 304
1964 1959 62 306
1964 1960 60 310
1964 1961 56 310
1964 1962 53 313
1964 1963 49 316
1964 1964 45 318
1964 1965 43 319
1964 1966 39 322
1964 1967 33 323
1964 1968 28 327
1964 1969 23 329
1964 1970 20 334
1964 1971 18 335
1964 1972 16 337
1964 1973 13 339
1964 1974 9 336
1964 1975 7 338
1964 1976 5 343
2003 1984 5 361
2003 1985 8 359
2003 1986 11 355
2003 1987 13 353
2003 1988 16 353
2003 1989 19 350
2003 1990 22 348
2003 1991 25 345
2003 1992 27 344
2003 1993 34 341
2003 1994 38 337
2003 1995 42 335
2003 1996 47 333
2003 1997 52 330
2003 1998 55 329
2003 1999 61 325
2003 2000 65 323
2003 2001 69 322
2003 2002 72 319
2003 2003 77 317
2003 2004 82 315
2003 2005 85 314
2003 2006 89 312
2003 2007 91 309
2003 2008 96 307
2003 2009 99 307
2003 2010 105 303
2003 2011 106 303
2003 2012 107 301
2003 2013 110 299
2003 2014 114 297
2003 2015 117 295
2003 2016 120 295
2003 2017 122 293
2003 2018 126 292
2003 2019 129 290
2003 2020 132 289
2003 2021 135 286
2003 2022 138 286
2003 2023 140 285
2003 2024 143 283
2003 2025 145 282
2003 2026 145 280
2003 2027 151 279
2003 2028 152 278
2003 2029 156 277
2003 2030 155 275
2003 2031 160 274
2003 2032 156 274
2320 2173 163 475
2320 2174 161 474
2320 2175 159 473
2320 2176 158 474
2320 2177 156 471
2320 2178 154 469
2320 2179 154 469
2320 2180 151 467
2320 2181 149 466
2320 2182 147 463
2320 2183 147 464
2320 2184 144 463
2320 2185 143 462
2320 2186 142 461
2320 2187 142 460
2320 2188 138 456
2320 2189 136 454
2320 2190 135 454
2320 2191 131 452
2320 2192 129 450
2320 2193 129 448
2320 2194 129 447
2320 2195 125 445
2320 2196 121 441
2320 2197 121 440
2320 2198 118 437
2320 2199 117 436
2320 2200 115 436
2320 2201 115 435
2320 2202 112 434
2320 2203 111 427
2320 2204 109 425
2320 2205 109 424
2320 2206 112 422
2320 2207 111 417
2320 2208 109 415
2320 2209 109 415
2320 2210 108 410
2320 2211 111 418
2320 2212 110 423
2320 2213 110 416
2320 2214 110 406
2320 2215 112 408
2320 2216 111 407
2320 2217 110 403
2320 2218 110 401
2320 2219 112 402
2320 2220 110 401
2320 2221 111 402
2320 2222 108 402
2320 2223 107 398
2320 2224 106 399
2320 2225 105 397
2320 2226 104 394
2320 2227 103 391
2342 2182 410 374
2342 2183 416 371
2342 2184 411 363
2342 2185 408 366
2342 2186 406 363
2342 2187 402 366
2342 2188 400 366
2342 2189 398 366
2342 2190 397 363
2342 2191 396 363
2342 2192 394 365
2342 2193 392 366
2342 2194 389 366
2342 2195 387 364
2342 2196 383 366
2342 2197 380 370
2342 2198 378 365
2342 2199 377 365
2342 2200 376 366
2342 2201 374 368
2342 2202 371 368
2342 2203 369 369
2342 2204 366 372
2342 2205 363 374
2342 2206 361 374
2342 2207 360 378
2342 2208 357 376
2342 2209 356 370
2342 2210 353 382
2342 2211 349 378
2342 2212 347 377
2342 2213 347 376
2342 2214 345 373
2342 2215 342 378
2342 2216 348 383
2342 2217 346 394
2342 2218 348 384
2342 2219 344 394
2342 2220 340 395
2342 2221 336 395
2376 2193 162 298
2376 2194 166 300
2376 2195 167 299
2376 2196 171 304
2376 2197 176 308
2376 2198 180 310
2376 2199 184 314
2376 2200 187 314
2376 2201 194 312
2376 2202 195 314
2376 2203 199 315
2376 2204 205 319
2376 2205 209 317
2376 2206 213 320
2376 2207 216 323
2376 2208 220 323
2376 2209 229 325
2376 2210 231 326
2376 2211 236 327
2376 2212 240 329
2376 2213 244 331
2376 2214 251 331
2376 2215 254 333
2376 2216 259 332
2376 2217 264 335
2376 2218 266 330
2378 2193 200 247
2378 2194 197 248
2378 2195 194 248
2378 2196 191 248
2378 2197 179 254
2378 2198 175 253
2378 2199 174 254
2378 2200 170 258
2378 2201 167 259
2378 2202 165 261
2378 2203 164 261
2378 2204 162 262
2378 2205 160 263
2378 2206 157 264
2378 2207 155 264
2378 2208 153 267
2378 2209 148 267
2378 2210 146 271
2378 2211 147 267
2378 2212 144 269
2378 2213 138 271
2378 2214 137 273
2378 2215 134 274
2378 2216 136 269
2378 2217 129 270
2378 2218 124 280
2378 2219 120 280
2378 2220 119 277
2463 2232 341 365
2463 2233 346 366
2463 2234 353 371
2463 2235 359 372
2463 2236 366 374
2463 2237 372 378
2463 2238 383 382
2463 2239 384 384
2463 2240 392 386
2463 2241 399 388
2463 2242 406 391
2463 2243 413 393
2463 2244 421 397
2463 2245 428 397
2463 2246 434 401
2463 2247 441 402
2463 2248 449 404
2463 2249 455 406
2463 2250 459 408
2463 2251 467 410
2463 2252 469 406
3050 2535 411 260
3050 2536 401 254
3050 2537 388 254
3050 2538 380 253
3050 2539 362 254
3050 2540 359 253
3050 2541 341 253
3050 2542 329 253
3050 2543 320 251
3050 2544 308 251
3050 2545 302 250
3050 2546 289 248
3050 2547 270 247
3050 2548 255 247
3050 2549 251 246
3088 2553 82 431
3088 2554 82 432
3088 2555 76 428
3088 2556 76 428
3088 2557 71 424
3088 2558 68 424
3088 2559 67 425
3088 2560 65 428
3088 2561 62 430
3088 2562 67 432
3088 2563 64 432
3088 2564 59 434
3088 2565 62 441
3088 2566 56 435
3088 2567 52 432
3088 2568 52 437
3088 2569 49 438
3088 2570 48 441
3088 2571 43 437
3088 2572 43 444
3088 2573 39 444
3088 2574 37 445
3088 2575 35 443
3088 2576 33 447
3088 2577 32 449
3088 2578 29 449
3088 2579 27 448
3088 2580 23 453
3088 2581 22 453
3088 2582 18 455
3088 2583 17 454
3088 2584 13 457
3088 2585 11 458
3088 2586 9 457
3088 2587 9 459
3088 2588 8 462
3088 2589 4 465
3088 2590 5 469
3088 2591 4 469
3092 2556 322 276
3092 2557 320 280
3092 2558 319 279
3092 2559 318 277
3092 2560 315 281
3092 2561 316 278
3092 2562 314 278
3092 2563 313 282
3092 2564 311 283
3092 2565 310 280
3092 2566 309 280
3092 2567 307 282
3092 2568 307 279
3092 2569 304 284
3092 2570 305 281
3092 2571 302 283
3092 2572 301 282
3092 2573 300 281
3092 2574 299 286
3092 2575 298 287
3092 2576 297 284
3092 2577 296 285
3092 2578 294 285
3092 2579 291 286
3092 2580 291 285
3092 2581 290 284
3092 2582 289 290
3092 2583 287 290
3092 2584 286 286
3092 2585 284 286
3092 2586 283 288
3092 2587 282 287
3092 2588 281 288
3092 2589 279 288
3092 2590 277 289
3092 2591 276 293
3092 2592 275 289
3092 2593 275 291
3092 2594 273 290
3092 2595 271 291
3092 2596 269 290
3092 2597 267 294
3092 2598 266 291
3092 2599 265 292
3092 2600 263 293
3092 2601 261 296
3092 2602 260 296
3092 2603 258 292
3092 2604 257 294
3092 2605 253 296
3092 2606 251 296
3092 2607 251 295
3092 2608 248 294
3092 2609 245 297
3092 2610 244 297
3092 2611 243 299
3092 2612 241 296
3092 2613 238 296
3092 2614 237 300
3092 2615 235 297
3092 2616 233 296
3092 2617 230 298
3092 2618 228 296
3092 2619 227 296
3092 2620 225 298
3092 2621 223 296
3092 2622 219 297
3092 2623 219 297
3092 2624 216 297
3092 2625 213 298
3092 2626 212 296
3092 2627 209 296
3092 2628 208 297
3092 2629 205 298
3092 2630 204 300
3092 2631 202 299
3092 2632 199 294
3092 2633 197 298
3092 2634 195 295
3092 2635 194 299
3092 2636 193 299
3092 2637 190 298
3092 2638 186 296
3092 2639 185 299
3092 2640 183 299
3092 2641 180 297
3092 2642 179 295
3092 2643 176 303
3092 2644 175 302
3092 2645 173 297
3092 2646 170 302
3092 2647 170 299
3092 2648 167 299
3092 2649 163 298
3142 2589 430 444
3142 2590 430 439
3142 2591 428 438
3142 2592 425 429
3142 2593 424 438
3142 2594 421 440
3142 2595 419 440
3142 2596 416 443
3142 2597 414 442
3142 2598 411 443
3142 2599 406 443
3142 2600 406 448
3142 2601 404 447
3142 2602 401 445
3142 2603 398 446
3142 2604 396 446
3142 2605 393 447
3142 2606 391 451
3142 2607 384 449
3142 2608 382 449
3142 2609 382 449
3142 2610 380 453
3142 2611 378 454
3142 2612 374 451
3142 2613 369 451
3142 2614 369 452
3142 2615 363 461
3142 2616 364 458
3142 2617 360 455
3257 2650 450 265
3257 2651 450 266
3257 2652 440 261
3257 2653 435 261
3257 2654 430 258
3257 2655 425 258
3257 2656 418 258
3257 2657 414 258
3257 2658 410 258
3257 2659 404 257
3257 2660 400 256
3257 2661 391 260
3257 2662 388 260
3257 2663 384 257
3257 2664 375 256
3257 2665 373 256
3257 2666 366 258
3257 2667 361 257
3257 2668 355 255
3257 2669 348 255
3257 2670 344 253
3257 2671 339 254
3257 2672 333 252
3257 2673 329 253
3257 2674 325 251
3257 2675 322 251
3257 2676 315 249
3257 2677 312 250
3257 2678 305 249
3257 2679 301 250
3257 2680 296 249
3257 2681 290 249
3257 2682 285 248
3257 2683 279 248
3257 2684 275 248
3257 2685 270 248
3257 2686 263 246
3257 2687 259 247
3257 2688 255 247
3502 2826 509 359
3502 2827 509 359
3502 2828 507 362
3502 2829 505 361
3502 2830 499 360
3502 2831 500 357
3502 2832 499 358
3502 2833 495 354
3502 2834 494 349
3502 2835 492 350
3502 2836 491 349
3502 2837 488 349
3502 2838 486 346
3502 2839 483 346
3502 2840 479 347
3502 2841 478 342
3502 2842 476 346
3502 2843 475 344
3502 2844 473 344
3502 2845 470 345
3502 2846 467 341
3502 2847 466 342
3502 2848 464 342
3502 2849 462 337
3502 2850 461 339
3502 2851 461 339
3502 2852 459 337
3502 2853 455 338
3502 2854 453 336
3502 2855 451 336
3502 2856 450 332
3502 2857 446 330
3502 2858 448 334
3502 2859 447 332
3502 2860 443 331
3502 2861 440 331
3502 2862 438 329
3502 2863 439 324
3502 2864 436 326
3502 2865 436 321
3502 2866 436 322
3502 2867 433 324
3502 2868 431 328
3502 2869 430 324
3502 2870 426 327
3502 2871 428 327
3502 2872 425 326
3502 2873 426 327
3502 2874 425 322
3502 2875 421 323
3502 2876 422 322
3502 2877 419 323
3502 2878 418 323
3502 2879 419 321
3732 3086 429 353
3732 3087 428 355
3732 3088 424 358
3732 3089 424 361
3732 3090 423 357
3732 3091 421 361
3732 3092 421 360
3732 3093 417 359
3732 3094 417 359
3732 3095 416 359
3732 3096 414 357
3732 3097 411 357
3732 3098 410 361
3732 3099 408 359
3732 3100 406 359
3732 3101 403 359
3732 3102 404 361
3732 3103 400 358
3732 3104 399 360
3732 3105 395 360
3732 3106 395 361
3732 3107 393 363
3732 3108 390 364
3732 3109 390 359
3732 3110 387 360
3732 3111 386 360
3732 3112 384 362
3732 3113 381 363
3732 3114 381 360
3732 3115 378 363
3732 3116 377 364
3732 3117 375 363
3732 3118 374 363
3732 3119 372 362
3732 3120 368 365
3732 3121 369 364
3732 3122 368 364
3732 3123 366 360
3732 3124 364 362
3732 3125 360 366
3732 3126 358 365
3732 3127 356 366
3732 3128 354 365
3732 3129 352 367
3732 3130 350 366
3732 3131 349 364
3732 3132 346 362
3732 3133 344 369
3732 3134 344 368
3732 3135 341 367
3732 3136 338 367
3732 3137 336 367
3732 3138 334 366
3732 3139 332 369
3732 3140 330 368
3732 3141 329 365
3732 3142 327 369
3732 3143 326 369
3732 3144 323 369
3732 3145 321 370
3732 3146 319 370
3732 3147 317 372
3732 3148 314 370
3732 3149 313 373
3732 3150 311 368
3732 3151 309 371
3732 3152 308 368
3732 3153 306 371
3732 3154 304 372
3732 3155 301 373
3732 3156 300 372
3732 3157 296 373
3732 3158 295 373
3732 3159 292 373
3732 3160 291 369
3732 3161 289 373
3732 3162 287 373
3732 3163 284 373
3732 3164 282 372
3732 3165 281 375
3732 3166 279 371
3732 3167 277 371
3732 3168 276 375
3732 3169 273 375
3732 3170 270 375
3732 3171 267 376
3732 3172 265 375
3732 3173 263 375
3732 3174 261 375
3732 3175 259 373
3732 3176 257 376
3732 3177 254 376
3732 3178 252 376
3732 3179 250 373
3732 3180 248 376
3732 3181 245 376
3732 3182 244 376
3732 3183 242 379
3732 3184 240 375
3732 3185 237 377
3732 3186 234 378
3732 3187 233 378
3732 3188 231 378
3732 3189 229 376
3732 3190 224 379
3732 3191 224 378
3732 3192 221 376
3732 3193 218 376
3732 3194 217 380
3732 3195 214 381
3732 3196 213 380
3732 3197 210 379
3732 3198 208 380
3732 3199 204 384
3732 3200 204 381
3732 3201 201 381
3732 3202 200 383
3732 3203 197 384
3732 3204 194 384
3732 3205 193 387
3732 3206 191 381
3732 3207 189 383
3732 3208 185 386
3732 3209 184 386
3732 3210 182 384
3732 3211 181 383
3732 3212 178 384
3732 3213 176 386
3732 3214 172 389
3732 3215 171 386
3732 3216 168 386
3732 3217 167 386
3732 3218 165 384
3732 3219 163 384
3732 3220 160 382
3732 3221 157 386
3732 3222 156 389
3732 3223 154 388
3732 3224 151 387
3732 3225 148 388
3732 3226 146 385
3732 3227 144 386
3732 3228 142 387
3732 3229 140 388
3732 3230 137 388
3732 3231 135 388
3732 3232 132 382
3735 3095 554 376
3735 3096 550 374
3735 3097 551 368
3735 3098 553 370
3735 3099 546 367
3735 3100 547 362
3735 3101 542 365
3735 3102 539 364
3735 3103 534 363
3735 3104 533 363
3735 3105 528 362
3735 3106 529 362
3735 3107 524 360
3735 3108 521 359
3735 3109 518 359
3735 3110 513 358
3735 3111 513 360
3735 3112 511 358
3735 3113 506 357
3735 3114 505 355
3735 3115 502 356
3735 3116 497 353
3735 3117 498 351
3735 3118 492 352
3735 3119 492 353
3735 3120 496 346
3738 3106 3 352
3738 3107 6 347
3738 3108 9 342
3738 3109 11 338
3738 3110 15 333
3738 3111 17 329
3738 3112 20 327
3738 3113 23 324
3738 3114 31 322
3738 3115 33 319
3738 3116 37 316
3738 3117 49 315
3738 3118 49 312
3738 3119 52 310
3738 3120 55 306
3738 3121 58 288
3740 3113 7 353
3740 3114 14 349
3740 3115 17 345
3740 3116 16 327
3740 3117 9 330
3740 3118 12 326
3740 3119 19 323
3740 3120 21 318
3740 3121 27 317
3740 3122 29 313
3740 3123 38 311
3740 3124 40 309
3740 3125 45 306
3740 3126 58 302
3740 3127 55 301
3740 3128 61 300
3740 3129 70 298
3749 3121 75 307
3749 3122 68 302
3749 3123 68 301
3749 3124 78 299
3749 3125 82 297
3749 3126 87 293
3749 3127 92 292
3749 3128 98 290
3749 3129 102 288
3749 3130 90 292
3749 3131 75 293
3749 3132 81 292
3749 3133 87 291
3749 3134 88 287
3749 3135 94 286
3749 3136 98 287
3749 3137 102 284
3749 3138 107 283
3749 3139 112 281
3749 3140 118 280
3749 3141 120 277
3749 3142 125 278
3749 3143 127 274
3749 3144 137 275
3749 3145 133 274
3749 3146 142 273
3749 3147 139 271
3749 3148 142 271
3749 3149 148 269
3749 3150 153 269
3749 3151 156 268
3749 3152 158 265
3749 3153 155 264
3749 3154 158 263
3749 3155 161 263
3749 3156 163 263
3749 3157 165 261
3749 3158 168 260
3749 3159 170 258
3749 3160 172 260
3749 3161 174 257
3749 3162 176 254
3749 3163 178 253
3749 3164 180 254
3749 3165 182 253
3749 3166 183 252
3749 3167 187 254
3749 3168 189 252
3749 3169 192 250
3749 3170 193 248
3749 3171 194 248
3749 3172 194 248
3749 3173 195 247
3763 3131 111 285
3763 3132 115 283
3763 3133 119 281
3763 3134 122 280
3763 3135 127 279
3763 3136 131 277
3763 3137 136 276
3763 3138 139 274
3763 3139 144 272
3763 3140 146 272
3763 3141 150 271
3763 3142 153 269
3763 3143 156 267
3763 3144 160 266
3763 3145 162 265
3763 3146 165 264
3763 3147 167 264
3763 3148 169 262
3763 3149 172 262
3763 3150 171 261
3763 3151 177 260
3763 3152 179 259
3763 3153 182 257
3763 3154 184 256
3763 3155 186 256
3763 3156 188 256
3763 3157 188 255
3763 3158 188 250
3763 3159 190 250
3763 3160 193 247
3763 3161 193 246
3763 3162 193 246
3763 3163 205 248
3818 3232 134 395
3818 3233 131 392
3818 3234 127 390
3818 3235 124 391
3818 3236 123 392
3818 3237 121 389
3818 3238 119 391
3818 3239 116 391
3818 3240 112 388
3818 3241 109 389
3818 3242 109 392
3818 3243 106 392
3818 3244 103 389
3818 3245 101 389
3818 3246 100 389
3818 3247 97 389
3818 3248 95 388
3818 3249 93 388
3818 3250 90 389
3818 3251 87 389
3818 3252 85 389
3818 3253 82 386
3818 3254 81 389
3818 3255 80 391
3818 3256 76 389
3818 3257 73 391
3818 3258 71 388
3818 3259 68 391
3818 3260 66 390
3818 3261 62 390
3818 3262 60 390
3818 3263 60 390
3818 3264 56 393
3818 3265 53 396
3818 3266 53 393
3818 3267 48 389
3818 3268 46 393
3818 3269 43 391
3818 3270 42 392
3818 3271 41 391
3818 3272 36 393
3818 3273 32 391
3818 3274 32 391
3818 3275 31 393
3818 3276 29 392
3818 3277 27 393
3818 3278 25 392
3818 3279 23 392
3818 3280 20 393
3818 3281 19 393
3818 3282 17 393
3818 3283 16 394
3818 3284 17 394
3818 3285 15 394
3818 3286 12 396
3818 3287 9 392
3818 3288 7 392
3818 3289 6 393
3818 3290 7 396
3818 3291 5 394
3818 3292 4 395
3818 3293 3 393
3818 3294 4 403
3818 3295 4 404
3853 3314 488 269
3853 3315 483 266
3853 3316 475 264
3853 3317 472 264
3853 3318 459 264
3853 3319 451 263
3853 3320 438 262
3853 3321 426 260
3853 3322 411 259
3853 3323 404 260
3853 3324 393 256
3853 3325 385 257
3853 3326 370 255
3853 3327 358 255
3853 3328 344 254
3853 3329 339 254
3853 3330 326 252
3853 3331 320 251
3853 3332 310 250
3853 3333 299 248
3853 3334 291 249
3853 3335 304 249
3884 3378 85 421
3884 3379 87 420
3884 3380 87 414
3884 3381 91 416
3884 3382 97 417
3884 3383 100 414
3884 3384 102 414
3884 3385 105 417
3884 3386 109 414
3884 3387 113 414
3884 3388 117 413
3884 3389 121 413
3884 3390 125 412
3884 3391 129 413
3884 3392 132 413
3884 3393 137 414
3884 3394 140 413
3884 3395 142 412
3884 3396 146 412
3884 3397 156 412
3884 3398 156 411
3884 3399 158 412
3884 3400 163 412
3884 3401 166 411
3884 3402 170 411
3884 3403 174 411
3884 3404 179 411
3884 3405 183 412
3884 3406 186 411
3884 3407 187 410
3884 3408 193 410
3884 3409 196 411
3884 3410 200 410
3884 3411 205 411
3884 3412 206 410
3884 3413 212 410
3884 3414 218 412
3884 3415 218 407
3884 3416 223 409
3884 3417 226 407
3884 3418 232 408
3884 3419 234 407
3884 3420 237 407
3884 3421 240 406
3884 3422 247 407
3884 3423 247 406
3884 3424 252 404
3884 3425 256 406
3884 3426 260 405
3884 3427 261 405
3884 3428 264 406
3884 3429 267 405
3884 3430 270 404
3884 3431 274 403
3884 3432 276 403
3884 3433 279 405
3884 3434 282 405
3884 3435 282 406
3884 3436 287 405
3884 3437 290 404
3884 3438 295 405
3884 3439 297 405
3884 3440 301 404
3884 3441 305 403
3884 3442 306 403
3884 3443 311 403
3884 3444 317 404
3884 3445 320 402
3884 3446 323 403
3884 3447 329 403
3884 3448 337 403
3884 3449 340 403
3884 3450 351 403
3980 3466 166 263
3980 3467 166 262
3980 3468 165 263
3980 3469 166 264
3980 3470 164 259
3980 3471 165 262
3980 3472 163 263
3980 3473 161 264
3980 3474 160 265
3980 3475 159 267
3980 3476 157 270
3980 3477 154 271
3980 3478 151 272
3980 3479 150 274
3980 3480 144 277
3980 3481 142 279
3980 3482 137 280
3980 3483 131 282
3980 3484 127 285
3980 3485 122 287
3980 3486 116 291
3980 3487 110 291
3980 3488 105 296
3980 3489 99 300
3980 3490 94 301
3980 3491 87 303
3980 3492 81 305
3980 3493 74 309
3980 3494 66 312
3980 3495 62 312
3980 3496 52 320
3980 3497 59 315
3990 3478 162 250
3990 3479 161 255
3990 3480 159 256
3990 3481 157 258
3990 3482 155 260
3990 3483 151 261
3990 3484 152 266
3990 3485 145 270
3990 3486 142 270
3990 3487 141 273
3990 3488 134 278
3990 3489 129 280
3990 3490 126 279
3990 3491 121 282
3990 3492 116 286
3990 3493 111 288
3990 3494 101 294
3990 3495 96 296
3990 3496 93 295
4186 3687 121 283
4186 3688 117 284
4186 3689 113 285
4186 3690 110 284
4186 3691 108 285
4186 3692 104 289
4186 3693 103 288
4186 3694 100 291
4186 3695 96 291
4186 3696 92 294
4186 3697 89 293
4186 3698 87 295
4186 3699 86 295
4186 3700 82 297
4186 3701 77 298
4186 3702 74 297
4186 3703 72 298
4186 3704 71 300
4186 3705 68 302
4186 3706 64 303
4186 3707 62 303
4186 3708 58 304
4186 3709 57 306
4186 3710 53 307
4186 3711 50 308
4186 3712 46 311
4186 3713 44 312
4186 3714 42 313
4186 3715 39 313
4186 3716 36 314
4186 3717 34 316
4186 3718 31 318
4186 3719 28 324
4186 3720 25 322
4186 3721 24 324
4186 3722 22 326
4186 3723 20 326
4186 3724 16 328
4186 3725 14 329
4186 3726 12 332
4186 3727 8 333
4186 3728 5 335
4186 3729 4 337
4186 3730 3 339
4642 4321 255 306
4642 4322 253 306
4642 4323 251 303
4642 4324 250 309
4642 4325 251 308
4642 4326 252 311
4642 4327 249 314
4642 4328 246 312
4642 4329 245 313
4642 4330 243 314
4642 4331 243 315
4642 4332 239 314
4642 4333 238 313
4642 4334 237 316
4642 4335 236 316
4642 4336 233 315
4642 4337 232 317
4642 4338 230 319
4642 4339 228 317
4642 4340 228 314
4642 4341 225 318
4642 4342 225 319
4642 4343 222 322
4642 4344 221 317
4642 4345 219 322
4642 4346 218 321
4642 4347 216 323
4642 4348 212 324
4642 4349 212 325
4642 4350 212 326
4642 4351 210 325
4642 4352 209 327
4642 4353 207 325
4642 4354 205 329
4642 4355 203 329
4642 4356 201 329
4642 4357 200 330
4642 4358 198 331
4642 4359 196 331
4642 4360 195 334
4642 4361 193 332
4642 4362 193 335
4642 4363 192 340
4642 4364 191 344
4642 4365 196 352
4642 4366 199 356
4642 4367 198 351
4659 4342 162 374
4659 4343 167 376
4659 4344 170 371
4659 4345 174 370
4659 4346 177 368
4659 4347 179 367
4659 4348 183 367
4659 4349 187 368
4659 4350 190 364
4659 4351 194 365
4659 4352 197 362
4659 4353 199 363
4659 4354 204 358
4659 4355 205 359
4659 4356 209 357
4659 4357 213 354
4659 4358 217 349
4659 4359 219 351
4659 4360 222 348
4659 4361 224 347
4915 4705 52 320
4915 4706 49 324
4915 4707 46 326
4915 4708 40 323
4915 4709 40 326
4915 4710 34 328
4915 4711 30 333
4915 4712 28 338
4915 4713 25 336
4915 4714 19 342
4915 4715 17 345
4915 4716 15 348
4915 4717 17 351
4915 4718 16 353
4915 4719 16 355
4915 4720 15 358
4915 4721 16 359
4915 4722 17 350
4915 4723 19 366
4915 4724 18 363
4915 4725 20 364
4915 4726 24 367
4915 4727 27 369
4915 4728 31 367
4915 4729 37 363
4915 4730 39 365
4915 4731 44 365
4915 4732 48 368
4915 4733 49 368
4915 4734 55 369
4915 4735 60 363
4915 4736 60 360
5114 4981 208 247
5114 4982 204 248
5114 4983 198 250
5114 4984 196 257
5114 4985 192 262
5114 4986 188 264
5114 4987 185 259
5114 4988 180 263
5114 4989 175 267
5114 4990 171 270
5114 4991 166 268
5114 4992 160 271
5114 4993 156 273
5114 4994 149 277
5114 4995 146 275
5120 4990 149 403
5120 4991 149 405
5120 4992 151 399
5120 4993 154 399
5120 4994 155 402
5120 4995 160 400
5120 4996 159 401
5120 4997 164 404
5120 4998 167 404
5120 4999 172 407
5120 5000 175 408
5120 5001 176 409
5120 5002 178 409
5120 5003 183 412
5120 5004 184 414
5120 5005 187 413
5120 5006 192 416
5120 5007 195 416
5120 5008 199 419
5120 5009 199 418
5120 5010 205 421
5120 5011 206 422
5120 5012 209 421
5120 5013 215 424
5120 5014 215 422
5120 5015 221 427
5120 5016 222 426
5120 5017 226 430
5120 5018 230 431
5120 5019 231 430
5120 5020 235 434
5120 5021 238 437
5120 5022 241 438
5120 5023 243 438
5120 5024 247 439
5120 5025 251 442
5120 5026 252 442
5120 5027 257 435
5120 5028 256 436
5174 5027 260 450
5174 5028 261 447
5174 5029 262 445
5174 5030 268 451
5174 5031 271 450
5174 5032 274 455
5174 5033 278 456
5174 5034 279 455
5174 5035 285 458
5174 5036 289 460
5174 5037 292 460
5174 5038 296 462
5174 5039 298 463
5174 5040 304 464
5174 5041 309 464
5174 5042 313 465
5174 5043 316 465
5174 5044 322 466
5174 5045 326 467
5174 5046 329 469
5174 5047 332 469
5174 5048 335 469
5174 5049 344 471
5174 5050 346 471
5174 5051 351 472
5174 5052 354 473
5174 5053 359 474
5174 5054 365 475
5174 5055 368 475
5234 5093 457 269
5234 5094 453 263
5234 5095 444 269
5234 5096 449 277
5234 5097 447 278
5234 5098 445 276
5234 5099 444 279
5234 5100 440 279
5234 5101 439 279
5234 5102 436 276
5234 5103 435 278
5234 5104 434 277
5234 5105 431 278
5234 5106 430 276
5234 5107 427 277
5234 5108 425 278
5234 5109 422 276
5234 5110 422 276
5234 5111 419 276
5234 5112 417 278
5234 5113 416 276
5234 5114 414 277
5234 5115 411 278
5234 5116 409 277
5234 5117 409 276
5234 5118 407 276
5234 5119 403 277
5234 5120 401 277
5234 5121 399 275
5234 5122 396 277
5234 5123 395 276
5234 5124 392 277
5234 5125 391 277
5234 5126 389 277
5234 5127 387 275
5234 5128 385 276
5234 5129 383 275
5234 5130 381 276
5234 5131 379 276
5234 5132 377 277
5234 5133 375 276
5234 5134 374 273
5234 5135 372 274
5234 5136 371 276
5234 5137 368 275
5234 5138 367 275
5234 5139 366 273
5234 5140 362 275
5234 5141 361 275
5234 5142 360 273
5234 5143 356 275
5234 5144 355 276
5234 5145 353 274
5234 5146 352 273
5234 5147 349 274
5234 5148 347 274
5234 5149 346 272
5234 5150 343 274
5234 5151 341 274
5234 5152 340 274
5234 5153 338 274
5234 5154 335 274
5234 5155 334 274
5234 5156 332 274
5234 5157 330 272
5234 5158 328 274
5234 5159 327 274
5237 5097 3 360
5237 5098 5 354
5237 5099 6 351
5237 5100 8 350
5237 5101 10 349
5237 5102 12 345
5237 5103 13 346
5237 5104 15 344
5237 5105 18 344
5237 5106 22 342
5237 5107 26 340
5237 5108 29 338
5237 5109 33 336
5237 5110 38 334
5237 5111 41 329
5237 5112 47 329
5237 5113 52 327
5237 5114 57 324
5237 5115 63 322
5237 5116 64 320
5240 5100 373 258
5240 5101 361 256
5240 5102 349 255
5240 5103 341 254
5240 5104 329 253
5240 5105 321 253
5240 5106 312 251
5240 5107 300 251
5240 5108 290 250
5240 5109 272 248
5240 5110 261 248
5240 5111 254 247
5240 5112 248 246
5245 5105 161 372
5245 5106 158 370
5245 5107 158 372
5245 5108 154 375
5245 5109 154 378
5245 5110 154 379
5245 5111 153 376
5245 5112 152 380
5245 5113 151 384
5245 5114 149 384
5245 5115 146 382
5245 5116 145 387
5245 5117 144 388
5245 5118 142 385
5245 5119 145 389
5245 5120 143 390
5245 5121 141 392
5245 5122 139 392
5245 5123 133 393
5245 5124 131 396
5245 5125 127 399
5245 5126 126 401
5245 5127 124 401
5245 5128 123 401
5245 5129 123 403
5245 5130 122 406
5245 5131 117 405
5245 5132 116 409
5245 5133 113 410
5245 5134 109 409
5245 5135 108 409
5245 5136 106 409
5245 5137 104 417
5245 5138 101 418
5245 5139 101 416
5245 5140 104 418
5334 5177 309 257
5334 5178 309 258
5334 5179 323 258
5334 5180 332 260
5334 5181 342 260
5334 5182 355 262
5334 5183 361 262
5334 5184 373 263
5334 5185 389 264
5334 5186 398 265
5334 5187 404 266
5334 5188 417 266
5334 5189 424 267
5334 5190 431 267
5334 5191 419 270
5564 5371 18 348
5564 5372 20 352
5564 5373 19 353
5564 5374 24 352
5564 5375 24 353
5564 5376 27 353
5564 5377 29 353
5564 5378 30 349
5564 5379 34 350
5564 5380 39 349
5564 5381 40 348
5564 5382 44 348
5564 5383 45 348
5564 5384 49 349
5564 5385 51 349
5564 5386 53 351
5564 5387 56 350
5564 5388 58 350
5564 5389 60 353
5564 5390 63 353
5564 5391 64 353
5564 5392 67 354
5564 5393 68 353
5564 5394 72 356
5564 5395 75 358
5564 5396 76 359
5564 5397 79 360
5564 5398 80 357
5564 5399 83 358
5564 5400 80 362
5564 5401 88 364
5564 5402 80 361
5564 5403 75 359
5564 5404 78 361
5564 5405 80 363
5564 5406 81 362
5564 5407 85 362
5564 5408 86 364
5564 5409 87 364
5564 5410 88 365
5564 5411 89 363
5564 5412 95 365
5564 5413 98 365
5564 5414 101 365
5564 5415 101 368
5564 5416 105 365
5564 5417 108 367
5564 5418 110 367
5564 5419 112 366
5655 5454 214 340
5655 5455 215 342
5655 5456 215 340
5655 5457 216 340
5655 5458 218 347
5655 5459 220 344
5655 5460 220 338
5655 5461 222 338
5655 5462 223 335
5655 5463 225 335
5655 5464 224 336
5655 5465 226 336
5655 5466 227 333
5655 5467 230 331
5655 5468 231 331
5655 5469 233 331
5655 5470 233 330
5655 5471 236 328
5655 5472 237 335
5655 5473 238 328
5655 5474 238 327
5655 5475 240 329
5655 5476 241 327
5655 5477 242 326
5655 5478 244 325
5655 5479 245 322
5655 5480 246 323
5655 5481 249 321
5655 5482 246 320
5655 5483 250 322
5655 5484 253 321
5655 5485 251 320
5655 5486 252 318
5655 5487 254 317
5655 5488 254 312
5655 5489 255 317
5655 5490 258 317
5655 5491 258 316
5655 5492 259 313
5833 5563 387 439
5833 5564 390 445
5833 5565 386 446
5833 5566 386 448
5833 5567 383 450
5833 5568 380 450
5833 5569 377 451
5833 5570 373 452
5833 5571 371 454
5833 5572 369 456
5833 5573 365 457
5833 5574 363 457
5833 5575 361 459
5833 5576 360 460
5833 5577 356 460
5833 5578 354 461
5833 5579 352 462
5833 5580 348 463
5833 5581 345 463
5833 5582 341 463
5833 5583 340 465
5833 5584 338 465
5833 5585 333 466
5833 5586 330 467
5833 5587 329 467
5833 5588 327 468
5833 5589 321 468
5833 5590 321 469
5833 5591 318 470
5833 5592 314 470
5833 5593 308 470
5833 5594 306 470
5833 5595 300 472
5833 5596 296 472
5833 5597 292 473
5833 5598 291 473
5833 5599 288 473
5833 5600 283 475
5833 5601 280 475
5833 5602 276 476
5833 5603 275 476
6011 5781 169 260
6011 5782 164 259
6011 5783 169 262
6011 5784 169 263
6011 5785 167 264
6011 5786 167 265
6011 5787 166 267
6011 5788 165 267
6011 5789 162 268
6011 5790 161 271
6011 5791 157 269
6011 5792 155 274
6011 5793 154 271
6011 5794 153 271
6011 5795 149 278
6011 5796 144 279
6011 5797 143 276
6011 5798 141 281
6011 5799 138 279
6011 5800 135 284
6011 5801 132 286
6011 5802 130 284
6011 5803 129 289
6011 5804 131 291
6011 5805 127 294
6011 5806 127 294
6011 5807 128 294
6011 5808 129 297
6011 5809 129 298
6011 5810 127 298
6070 5860 162 384
6070 5861 157 390
6070 5862 153 393
6070 5863 147 398
6070 5864 142 403
6070 5865 135 406
6070 5866 131 409
6070 5867 124 415
6070 5868 118 421
6070 5869 124 423
6070 5870 127 417
6070 5871 132 416
6070 5872 128 422
6070 5873 122 418
6084 5873 115 411
6084 5874 111 420
6084 5875 103 435
6084 5876 96 441
6084 5877 92 447
6084 5878 88 451
6084 5879 82 457
6084 5880 69 459
6084 5881 63 461
6084 5882 55 463
6084 5883 49 465
6084 5884 45 467
6084 5885 36 469
6084 5886 27 472
6084 5887 20 474
6084 5888 12 475
6396 6151 566 355
6396 6152 566 352
6396 6153 566 353
6396 6154 564 354
6396 6155 564 352
6396 6156 561 352
6396 6157 561 351
6396 6158 562 351
6396 6159 557 351
6396 6160 554 354
6396 6161 552 355
6396 6162 553 353
6396 6163 549 352
6396 6164 548 348
6396 6165 546 350
6396 6166 544 350
6396 6167 542 352
6396 6168 542 351
6396 6169 538 350
6396 6170 538 352
6396 6171 535 352
6396 6172 533 353
6396 6173 531 352
6396 6174 531 354
6396 6175 530 350
6396 6176 526 352
6396 6177 524 353
6396 6178 521 353
6396 6179 520 353
6396 6180 520 351
6396 6181 516 350
6396 6182 513 353
6396 6183 512 349
6396 6184 510 353
6396 6185 509 349
6396 6186 506 351
6396 6187 504 349
6396 6188 501 353
6396 6189 500 351
6396 6190 499 349
6396 6191 498 350
6396 6192 495 350
6396 6193 493 346
6396 6194 494 350
6396 6195 491 350
6396 6196 488 351
6396 6197 486 351
6396 6198 484 349
6396 6199 483 348
6396 6200 480 348
6396 6201 478 350
6396 6202 477 349
6396 6203 476 346
6396 6204 473 345
6396 6205 471 345
6396 6206 470 348
6396 6207 469 344
6396 6208 467 348
6396 6209 465 344
6396 6210 466 345
6396 6211 461 346
6396 6212 460 345
6396 6213 460 345
6396 6214 459 346
6396 6215 457 345
6396 6216 455 341
6396 6217 456 342
6396 6218 453 340
6396 6219 451 342
6396 6220 448 342
6396 6221 447 345
6396 6222 446 341
6396 6223 445 341
6396 6224 443 342
6396 6225 442 342
6396 6226 443 343
6396 6227 442 341
6396 6228 441 340
6396 6229 442 344
6396 6230 441 344
6745 6534 28 323
6745 6535 29 322
6745 6536 30 323
6745 6537 31 321
6745 6538 33 319
6745 6539 33 319
6745 6540 35 320
6745 6541 35 318
6745 6542 35 314
6745 6543 36 320
6745 6544 37 318
6745 6545 39 317
6745 6546 40 315
6745 6547 41 315
6745 6548 43 317
6745 6549 42 311
6745 6550 43 312
6745 6551 44 313
6745 6552 44 313
6745 6553 46 310
6745 6554 48 309
6745 6555 49 309
6745 6556 50 308
6745 6557 50 309
6745 6558 52 309
6745 6559 53 307
6745 6560 54 307
6745 6561 55 306
6745 6562 56 307
6745 6563 56 305
6745 6564 58 305
6745 6565 59 303
6745 6566 60 303
6745 6567 61 301
6745 6568 61 302
6745 6569 61 302
6745 6570 65 304
6745 6571 65 301
6745 6572 64 302
6745 6573 66 301
6745 6574 67 299
6745 6575 68 298
6745 6576 68 297
6745 6577 69 298
6745 6578 70 298
6745 6579 71 298
6745 6580 72 296
6745 6581 74 294
6745 6582 74 296
6745 6583 75 294
6745 6584 75 294
6745 6585 76 293
6745 6586 75 294
6745 6587 77 293
6745 6588 79 296
6745 6589 79 291
6745 6590 80 290
6745 6591 82 290
6745 6592 82 289
6745 6593 83 289
6745 6594 84 289
6745 6595 84 289
6745 6596 85 289
6745 6597 86 289
6745 6598 87 286
6745 6599 87 285
6745 6600 89 286
6745 6601 89 286
6745 6602 89 284
6745 6603 89 286
6745 6604 90 284
6745 6605 91 285
6745 6606 91 284
6745 6607 93 285
6745 6608 92 286
6745 6609 91 284
6745 6610 94 283
6745 6611 94 283
6745 6612 94 281
6772 6571 370 260
6772 6572 380 261
6772 6573 393 262
6772 6574 403 264
6772 6575 416 265
6772 6576 427 266
6772 6577 441 266
6772 6578 451 267
6772 6579 468 269
6772 6580 475 270
6772 6581 481 266
6772 6582 482 265
6772 6583 474 272
6772 6584 485 273
6772 6585 478 276
6792 6595 46 476
6792 6596 45 476
6792 6597 51 475
6792 6598 54 475
6792 6599 57 475
6792 6600 61 474
6792 6601 64 474
6792 6602 66 473
6792 6603 70 473
6792 6604 74 473
6792 6605 76 472
6792 6606 79 472
6792 6607 82 471
6792 6608 85 471
6792 6609 90 471
6792 6610 94 471
6792 6611 96 471
6792 6612 99 471
6792 6613 103 470
6792 6614 107 469
6792 6615 112 469
6792 6616 114 469
6792 6617 116 469
6792 6618 120 468
6792 6619 123 468
6792 6620 131 468
6792 6621 131 467
6792 6622 134 467
6792 6623 141 467
6792 6624 145 466
6792 6625 146 466
6792 6626 147 462
6792 6627 150 465
6792 6628 157 465
6792 6629 159 464
6792 6630 162 464
6792 6631 163 458
6945 6824 610 475
6945 6825 607 475
6945 6826 602 474
6945 6827 600 473
6945 6828 595 471
6945 6829 589 471
6945 6830 584 469
6945 6831 581 469
6945 6832 576 468
6945 6833 569 466
6945 6834 564 465
6945 6835 558 463
6945 6836 558 462
6945 6837 552 458
6945 6838 551 452
6945 6839 547 449
6978 6846 495 444
6978 6847 498 438
6978 6848 493 434
6978 6849 488 431
6978 6850 480 432
6978 6851 474 427
6978 6852 468 428
6978 6853 465 426
6978 6854 459 424
6978 6855 454 423
6978 6856 451 420
6978 6857 443 417
6978 6858 444 412
6978 6859 436 413
6978 6860 430 412
6978 6861 425 407
6978 6862 421 403
6978 6863 419 403
6978 6864 414 402
6978 6865 409 399
6978 6866 404 395
6978 6867 401 393
6978 6868 396 390
6978 6869 393 390
6978 6870 389 386
6978 6871 386 388
6978 6872 379 384
6978 6873 377 381
6978 6874 373 378
6978 6875 371 379
6978 6876 366 377
6978 6877 361 372
6978 6878 359 370
6978 6879 357 370
6978 6880 352 367
6978 6881 348 366
6978 6882 345 363
6978 6883 348 370
6978 6884 344 368
6984 6851 334 401
6984 6852 334 395
6984 6853 335 388
6984 6854 328 391
6984 6855 324 389
6984 6856 320 388
6984 6857 318 383
6984 6858 316 382
6984 6859 313 380
6984 6860 311 377
6984 6861 308 375
6984 6862 305 372
6984 6863 304 371
6984 6864 302 369
6984 6865 301 365
6984 6866 299 363
6984 6867 297 359
6984 6868 297 360
6984 6869 295 358
6984 6870 293 354
6984 6871 291 352
6984 6872 289 350
6984 6873 288 349
6984 6874 286 345
6984 6875 283 346
6984 6876 281 346
6984 6877 278 343
6984 6878 277 340
6984 6879 275 341
6984 6880 272 339
6984 6881 268 334
6984 6882 266 336
6984 6883 269 341
7022 6899 265 335
7022 6900 262 335
7022 6901 256 333
7022 6902 254 330
7022 6903 247 330
7022 6904 245 330
7022 6905 242 327
7022 6906 238 326
7022 6907 233 326
7022 6908 230 325
7022 6909 228 324
7022 6910 225 321
7022 6911 223 321
7022 6912 218 320
7022 6913 215 317
7022 6914 211 314
7022 6915 209 314
7022 6916 205 312
7022 6917 202 311
7022 6918 199 309
7022 6919 196 309
7022 6920 192 309
7022 6921 191 307
7022 6922 187 307
7022 6923 186 307
7022 6924 181 305
7022 6925 180 307
7022 6926 177 306
7022 6927 175 302
7022 6928 171 302
7022 6929 168 297
7022 6930 164 296
7022 6931 163 297
7022 6932 162 296
7022 6933 160 295
7022 6934 158 293
7022 6935 157 293
7022 6936 155 292
7022 6937 155 291
7022 6938 153 290
7022 6939 152 294
7025 6901 210 314
7025 6902 211 311
7025 6903 208 310
7025 6904 208 308
7025 6905 204 308
7025 6906 202 307
7025 6907 199 306
7025 6908 196 305
7025 6909 193 305
7025 6910 191 303
7025 6911 189 303
7025 6912 187 302
7025 6913 183 298
7025 6914 181 301
7025 6915 178 300
7025 6916 175 299
7025 6917 175 297
7025 6918 170 297
7025 6919 169 295
7025 6920 166 295
7025 6921 163 294
7025 6922 161 293
7025 6923 160 292
7025 6924 158 290
7025 6925 157 290
7025 6926 155 289
7025 6927 155 288
7025 6928 155 285
7025 6929 155 286
7025 6930 154 283
7025 6931 153 282
7025 6932 152 284
7025 6933 152 279
7025 6934 151 280
7025 6935 150 279
7025 6936 150 280
7025 6937 148 278
7025 6938 147 279
7025 6939 147 278
7025 6940 145 277
7025 6941 144 276
7025 6942 143 274
7025 6943 143 272
7025 6944 142 271
7025 6945 140 272
7025 6946 140 273
7025 6947 139 273
7025 6948 138 273
7025 6949 135 270
7105 6951 151 276
7105 6952 150 274
7105 6953 151 275
7105 6954 150 276
7105 6955 148 272
7105 6956 148 273
7105 6957 147 272
7105 6958 147 273
7105 6959 146 272
7105 6960 145 268
7105 6961 144 271
7105 6962 143 270
7105 6963 141 270
7105 6964 140 269
7105 6965 139 266
7105 6966 137 268
7105 6967 136 267
7105 6968 134 266
7105 6969 133 266
7105 6970 131 265
7105 6971 130 262
7105 6972 129 261
7105 6973 127 261
7105 6974 125 262
7105 6975 124 262
7105 6976 122 259
7105 6977 121 258
7105 6978 118 256
7105 6979 117 258
7105 6980 115 255
7105 6981 114 255
7105 6982 113 255
7105 6983 110 254
7105 6984 109 252
7105 6985 109 255
7105 6986 106 251
7105 6987 106 255
7105 6988 105 251
7105 6989 104 251
7105 6990 102 250
7105 6991 101 250
7105 6992 99 248
7105 6993 98 247
7217 7037 292 346
7217 7038 290 344
7217 7039 291 343
7217 7040 293 344
7217 7041 296 346
7217 7042 297 346
7217 7043 300 346
7217 7044 302 346
7217 7045 303 344
7217 7046 305 347
7217 7047 306 347
7217 7048 310 347
7217 7049 310 344
7217 7050 313 349
7217 7051 315 349
7217 7052 318 349
7217 7053 319 348
7217 7054 321 351
7217 7055 322 353
7217 7056 324 351
7217 7057 326 352
7217 7058 329 354
7217 7059 332 354
7217 7060 335 352
7217 7061 335 354
7217 7062 338 355
7217 7063 339 355
7217 7064 342 355
7217 7065 345 355
7217 7066 345 357
7217 7067 348 358
7217 7068 351 358
7217 7069 353 357
7217 7070 356 361
7217 7071 357 358
7217 7072 360 360
7217 7073 361 362
7217 7074 363 362
7217 7075 366 364
7217 7076 367 362
7217 7077 370 364
7217 7078 373 362
7217 7079 374 364
7217 7080 376 365
7217 7081 380 366
7217 7082 381 367
7217 7083 383 368
7217 7084 386 373
7217 7085 390 367
7217 7086 391 368
7217 7087 393 368
7217 7088 396 370
7217 7089 398 375
7217 7090 400 372
7217 7091 403 377
7217 7092 405 372
7217 7093 407 372
7217 7094 411 374
7217 7095 413 376
7217 7096 415 374
7217 7097 418 375
7217 7098 419 375
7217 7099 421 375
7217 7100 425 378
7217 7101 426 377
7217 7102 428 379
7217 7103 431 379
7217 7104 434 381
7217 7105 436 381
7217 7106 438 381
7217 7107 441 385
7217 7108 442 384
7217 7109 447 382
7217 7110 447 384
7217 7111 450 387
7217 7112 453 387
7217 7113 456 388
7217 7114 458 390
7217 7115 459 393
7217 7116 463 390
7217 7117 466 390
7217 7118 469 391
7217 7119 471 392
7217 7120 474 391
7217 7121 478 396
7217 7122 481 393
7217 7123 482 395
7217 7124 484 394
7217 7125 490 392
7217 7126 493 396
7217 7127 493 397
7217 7128 495 398
7217 7129 501 397
7217 7130 502 396
7217 7131 506 400
7217 7132 506 400
7217 7133 511 400
7217 7134 513 404
7217 7135 513 401
7217 7136 516 401
7217 7137 519 402
7217 7138 525 402
7217 7139 524 404
7217 7140 528 404
7217 7141 530 402
7217 7142 536 401
7217 7143 535 405
7217 7144 539 405
7217 7145 541 405
7217 7146 548 406
7217 7147 548 409
7217 7148 549 408
7217 7149 552 406
7217 7150 558 404
7217 7151 558 408
7217 7152 560 409
7217 7153 564 409
7217 7154 568 411
7217 7155 569 412
7217 7156 571 410
7217 7157 574 410
7217 7158 579 412
7217 7159 582 413
7217 7160 582 413
7217 7161 585 412
7217 7162 588 415
7217 7163 591 414
7217 7164 593 416
7217 7165 599 413
7217 7166 603 413
7217 7167 605 417
7217 7168 605 418
7217 7169 611 416
7217 7170 609 419
7217 7171 616 416
7217 7172 616 419
7217 7173 618 418
7217 7174 624 420
7217 7175 628 417
7217 7176 627 421
7217 7177 631 419
7217 7178 632 425
7217 7179 633 421
7217 7180 632 426
7217 7181 634 428
7217 7182 635 429
7521 7427 199 258
7521 7428 196 261
7521 7429 193 260
7521 7430 189 260
7521 7431 184 262
7521 7432 181 262
7521 7433 177 261
7521 7434 174 263
7521 7435 167 267
7521 7436 164 267
7521 7437 160 269
7521 7438 157 271
7521 7439 152 273
7521 7440 149 276
7521 7441 144 277
7521 7442 140 278
7521 7443 136 280
7521 7444 132 282
7521 7445 128 284
7521 7446 123 287
7521 7447 118 290
7521 7448 111 293
7521 7449 105 295
7521 7450 99 298
7521 7451 94 302
7521 7452 87 303
7521 7453 78 308
7521 7454 85 304
7523 7434 196 255
7523 7435 193 259
7523 7436 188 260
7523 7437 184 260
7523 7438 180 263
7523 7439 176 264
7523 7440 172 264
7523 7441 167 268
7523 7442 163 269
7523 7443 159 271
7523 7444 154 274
7523 7445 149 274
7523 7446 146 277
7523 7447 141 280
7523 7448 134 282
7523 7449 130 285
7523 7450 126 287
7523 7451 119 290
8209 8280 309 266
8209 8281 307 268
8209 8282 306 269
8209 8283 304 268
8209 8284 303 269
8209 8285 301 271
8209 8286 299 272
8209 8287 298 272
8209 8288 296 273
8209 8289 297 271
8209 8290 293 272
8209 8291 291 271
8209 8292 289 271
8209 8293 287 275
8209 8294 286 274
8209 8295 285 276
8209 8296 283 276
8209 8297 282 275
8209 8298 280 274
8209 8299 278 276
8209 8300 277 278
8209 8301 274 276
8209 8302 272 277
8209 8303 271 279
8209 8304 269 277
8209 8305 267 278
8209 8306 265 280
8209 8307 263 281
8209 8308 260 278
8209 8309 258 281
8209 8310 257 283
8209 8311 253 281
8209 8312 251 282
8209 8313 249 282
8209 8314 247 283
8209 8315 243 281
8209 8316 242 284
8209 8317 239 284
8209 8318 236 284
8209 8319 233 283
8209 8320 231 283
8209 8321 229 283
8209 8322 227 283
8209 8323 225 284
8209 8324 222 286
8209 8325 218 285
8209 8326 214 284
8209 8327 213 285
8209 8328 211 285
8209 8329 209 285
8209 8330 206 284
8209 8331 204 284
8209 8332 201 284
8209 8333 199 283
8209 8334 197 282
8209 8335 194 281
8209 8336 191 282
8209 8337 189 281
8249 8344 169 284
8249 8345 169 284
8249 8346 167 285
8249 8347 164 287
8249 8348 163 287
8249 8349 164 289
8249 8350 158 287
8249 8351 156 288
8249 8352 153 287
8249 8353 152 289
8249 8354 149 288
8249 8355 147 288
8249 8356 145 288
8249 8357 142 289
8249 8358 140 290
8249 8359 137 290
8249 8360 133 291
8249 8361 132 291
8249 8362 129 292
8249 8363 127 291
8249 8364 125 291
8249 8365 123 294
8249 8366 120 292
8249 8367 118 291
8249 8368 115 295
8249 8369 112 292
8249 8370 110 292
8249 8371 108 294
8249 8372 106 296
8249 8373 103 294
8249 8374 102 294
8249 8375 100 297
8249 8376 97 297
8249 8377 94 295
8249 8378 92 296
8249 8379 89 300
8249 8380 86 296
8249 8381 84 298
8249 8382 82 297
8249 8383 80 297
8249 8384 77 301
8249 8385 75 299
8249 8386 73 300
8249 8387 70 298
8249 8388 68 298
8249 8389 66 301
8249 8390 62 299
8249 8391 60 298
8249 8392 58 302
8249 8393 54 301
8249 8394 52 301
8249 8395 50 302
8249 8396 48 303
8249 8397 45 303
8249 8398 43 305
8249 8399 42 306
8249 8400 40 305
8249 8401 36 310
8249 8402 33 300
8249 8403 33 309
8249 8404 30 307
8249 8405 27 307
8249 8406 25 306
8249 8407 22 304
8249 8408 20 308
8249 8409 18 309
8249 8410 17 308
8249 8411 13 306
8249 8412 12 308
8249 8413 10 309
8249 8414 8 310
8249 8415 6 309
8249 8416 5 310
8249 8417 4 312
8490 8618 172 262
8490 8619 168 261
8490 8620 165 261
8490 8621 164 264
8490 8622 161 266
8490 8623 159 266
8490 8624 156 267
8490 8625 156 266
8490 8626 152 268
8490 8627 151 269
8490 8628 148 270
8490 8629 143 271
8490 8630 146 270
8490 8631 146 273
8490 8632 141 273
8490 8633 142 274
8490 8634 138 275
8490 8635 137 274
8490 8636 136 275
8490 8637 133 277
8490 8638 132 278
8490 8639 132 280
8490 8640 128 277
8490 8641 127 279
8490 8642 127 283
8490 8643 124 284
8490 8644 123 284
8490 8645 122 285
8490 8646 121 285
8490 8647 120 285
8490 8648 120 288
8490 8649 119 289
8490 8650 118 291
8490 8651 117 289
8490 8652 119 292
8490 8653 120 292
8490 8654 119 293
8490 8655 119 291
8490 8656 119 293
8490 8657 121 294
8490 8658 122 296
8490 8659 123 298
8490 8660 121 299
8490 8661 124 300
8490 8662 122 300
8490 8663 126 298
8490 8664 123 300
8574 8704 160 264
8574 8705 160 261
8574 8706 159 262
8574 8707 156 264
8574 8708 155 266
8574 8709 152 268
8574 8710 149 269
8574 8711 145 272
8574 8712 143 274
8574 8713 141 275
8574 8714 137 278
8574 8715 133 281
8574 8716 129 283
8574 8717 124 285
8574 8718 119 288
8574 8719 113 290
8574 8720 108 293
8574 8721 103 296
8574 8722 96 299
8574 8723 90 301
8574 8724 85 306
8574 8725 77 309
8574 8726 70 312
8574 8727 63 315
8574 8728 57 319
8574 8729 48 322
8574 8730 39 326
8574 8731 28 330
8574 8732 24 335
8574 8733 19 336
8574 8734 16 337
8574 8735 12 339
8574 8736 8 341
8574 8737 3 340
8679 8904 7 475
8679 8905 10 475
8679 8906 13 472
8679 8907 17 471
8679 8908 20 472
8679 8909 25 469
8679 8910 28 469
8679 8911 31 468
8679 8912 31 462
8679 8913 33 462
8679 8914 37 464
8679 8915 42 458
8679 8916 44 458
8679 8917 47 457
8679 8918 50 457
8679 8919 54 454
8679 8920 55 451
8679 8921 58 453
8679 8922 60 448
8679 8923 64 447
8679 8924 67 446
8679 8925 71 447
8679 8926 75 447
8679 8927 77 446
8717 8937 112 419
8717 8938 115 417
8717 8939 116 420
8717 8940 120 418
8717 8941 122 414
8717 8942 123 411
8717 8943 126 411
8717 8944 128 409
8717 8945 132 407
8717 8946 134 407
8717 8947 136 405
8717 8948 139 407
8717 8949 139 405
8717 8950 143 400
8717 8951 145 399
8717 8952 148 398
8717 8953 151 396
8717 8954 154 396
8717 8955 155 399
8717 8956 158 394
8717 8957 159 394
8717 8958 161 391
8717 8959 163 393
8717 8960 165 388
8717 8961 168 389
8717 8962 170 385
8717 8963 171 384
8717 8964 172 387
8717 8965 174 387
8927 9241 406 373
8927 9242 406 371
8927 9243 400 374
8927 9244 397 375
8927 9245 394 375
8927 9246 390 374
8927 9247 389 374
8927 9248 384 375
8927 9249 381 376
8927 9250 378 375
8927 9251 374 377
8927 9252 369 378
8927 9253 368 378
8927 9254 365 377
8927 9255 361 377
8927 9256 356 378
8927 9257 356 379
8927 9258 350 378
8927 9259 347 379
8927 9260 343 380
8927 9261 341 381
8927 9262 337 381
8927 9263 334 380
8927 9264 330 381
8927 9265 328 382
8927 9266 324 380
8927 9267 322 381
8927 9268 317 382
8927 9269 314 382
8927 9270 312 382
8927 9271 307 381
8927 9272 301 384
8927 9273 300 383
8927 9274 298 383
8927 9275 294 384
8927 9276 289 385
8927 9277 292 386
9375 9679 19 406
9375 9680 17 407
9375 9681 17 403
9375 9682 15 400
9375 9683 17 396
9375 9684 19 402
9375 9685 22 399
9375 9686 24 398
9375 9687 22 399
9375 9688 23 399
9375 9689 25 399
9375 9690 25 399
9375 9691 26 398
9375 9692 29 398
9375 9693 28 397
9375 9694 31 397
9375 9695 32 397
9375 9696 34 396
9375 9697 35 394
9375 9698 37 392
9375 9699 38 395
9375 9700 40 391
9375 9701 41 393
9375 9702 43 391
9375 9703 45 388
9375 9704 47 387
9375 9705 49 386
9375 9706 50 387
9375 9707 51 388
9375 9708 55 393
9375 9709 56 393
9375 9710 56 389
9375 9711 59 388
9375 9712 60 388
9375 9713 62 383
9375 9714 63 377
9375 9715 65 376
9432 9723 571 436
9432 9724 568 438
9432 9725 565 436
9432 9726 563 434
9432 9727 560 434
9432 9728 556 432
9432 9729 554 430
9432 9730 552 431
9432 9731 549 429
9432 9732 545 429
9432 9733 543 427
9432 9734 539 424
9432 9735 537 424
9432 9736 533 420
9432 9737 530 422
9432 9738 528 420
9432 9739 524 419
9432 9740 522 419
9432 9741 520 417
9432 9742 517 415
9432 9743 514 415
9432 9744 511 413
9432 9745 510 413
9432 9746 508 413
9492 9773 532 391
9492 9774 531 393
9492 9775 528 396
9492 9776 524 396
9492 9777 523 394
9492 9778 520 396
9492 9779 518 399
9492 9780 516 402
9492 9781 513 399
9492 9782 510 395
9492 9783 506 396
9492 9784 502 403
9492 9785 501 404
9492 9786 498 405
9492 9787 494 407
9492 9788 491 406
9492 9789 487 410
9492 9790 483 425
9743 10024 333 255
9743 10025 342 255
9743 10026 354 257
9743 10027 366 258
9743 10028 376 259
9743 10029 386 260
9743 10030 397 260
9743 10031 409 261
9743 10032 421 262
9743 10033 430 263
9743 10034 442 264
9743 10035 453 265
9743 10036 467 265
9743 10037 478 267
9743 10038 483 263
9743 10039 487 265
9790 10069 306 255
9790 10070 319 255
9790 10071 331 256
9790 10072 344 258
9790 10073 357 259
9790 10074 370 261
9790 10075 379 261
9790 10076 394 262
9790 10077 406 263
9790 10078 402 270
10015 10334 383 259
10015 10335 366 256
10015 10336 349 255
10015 10337 334 254
10015 10338 321 252
10015 10339 304 251
10015 10340 295 250
10015 10341 279 249
10015 10342 264 247
10015 10343 251 246
10126 10443 151 355
10126 10444 152 360
10126 10445 154 356
10126 10446 153 356
10126 10447 152 358
10126 10448 152 359
10126 10449 148 361
10126 10450 147 363
10126 10451 146 365
10126 10452 145 364
10126 10453 142 366
10126 10454 144 367
10126 10455 141 370
10126 10456 138 366
10126 10457 137 372
10126 10458 137 372
10126 10459 135 372
10126 10460 130 374
10126 10461 131 375
10126 10462 129 379
10126 10463 129 379
10126 10464 125 381
10126 10465 123 380
10126 10466 120 382
10126 10467 121 381
10126 10468 116 383
10126 10469 115 386
10126 10470 115 386
10126 10471 111 384
10126 10472 109 387
10126 10473 107 387
10126 10474 105 389
10126 10475 106 389
10126 10476 101 392
10126 10477 103 394
10126 10478 98 393
10126 10479 98 396
10126 10480 95 393
10126 10481 93 395
10126 10482 92 399
10126 10483 88 398
10126 10484 91 400
10126 10485 87 403
10126 10486 84 402
10126 10487 87 402
10205 10491 75 418
10205 10492 70 415
10205 10493 70 415
10205 10494 73 411
10205 10495 70 412
10205 10496 65 414
10205 10497 68 418
10205 10498 63 414
10205 10499 62 417
10205 10500 59 420
10205 10501 61 427
10205 10502 61 424
10205 10503 57 429
10205 10504 56 428
10205 10505 48 425
10205 10506 48 433
10205 10507 46 432
10205 10508 45 433
10205 10509 42 437
10205 10510 39 438
10205 10511 39 439
10205 10512 34 440
10205 10513 34 441
10205 10514 32 444
10205 10515 29 447
10205 10516 28 450
10205 10517 25 449
10205 10518 22 451
10205 10519 18 450
10205 10520 16 454
10205 10521 16 456
10205 10522 14 459
10205 10523 13 461
10205 10524 11 462
10205 10525 11 463
10205 10526 9 466
10205 10527 6 467
10205 10528 5 469
10205 10529 5 471
10205 10530 4 475
10205 10531 4 476
10276 10519 456 340
10276 10520 451 343
10276 10521 452 344
10276 10522 455 344
10276 10523 457 346
10276 10524 459 343
10276 10525 460 346
10276 10526 461 346
10276 10527 464 347
10276 10528 466 346
10276 10529 467 348
10276 10530 470 352
10276 10531 473 349
10276 10532 474 350
10276 10533 476 350
10276 10534 477 352
10276 10535 480 352
10276 10536 482 352
10276 10537 485 353
10276 10538 485 353
10276 10539 489 354
10276 10540 491 355
10276 10541 493 355
10276 10542 495 357
10276 10543 499 356
10276 10544 500 355
10276 10545 501 354
10276 10546 504 357
10276 10547 506 359
10276 10548 508 358
10276 10549 510 357
10276 10550 510 360
10276 10551 514 362
10276 10552 518 363
10276 10553 519 358
10276 10554 520 364
10276 10555 522 366
10276 10556 526 366
10276 10557 528 362
10276 10558 528 366
10276 10559 532 369
10276 10560 536 368
10276 10561 537 366
10276 10562 538 366
10276 10563 541 367
10276 10564 543 370
10276 10565 546 370
10276 10566 548 367
10276 10567 547 370
10276 10568 551 371
10276 10569 554 373
10276 10570 555 372
10276 10571 557 372
10276 10572 559 373
10276 10573 558 374
10276 10574 565 375
10276 10575 565 373
10276 10576 566 376
10276 10577 561 381
10425 10579 245 251
10425 10580 247 253
10425 10581 251 253
10425 10582 254 253
10425 10583 257 253
10425 10584 261 254
10425 10585 267 255
10425 10586 290 252
10425 10587 288 251
10425 10588 287 252
10425 10589 285 252
10425 10590 283 252
10425 10591 289 252
10425 10592 281 251
10425 10593 308 256
10425 10594 314 257
10425 10595 319 257
10425 10596 323 257
10425 10597 329 258
10425 10598 334 258
10425 10599 340 260
10425 10600 340 259
10425 10601 350 261
10425 10602 355 260
10425 10603 361 261
10425 10604 367 262
10425 10605 375 262
10425 10606 377 262
10425 10607 383 262
10425 10608 389 263
10425 10609 395 264
10425 10610 400 264
10425 10611 405 265
10425 10612 411 264
10425 10613 417 265
10425 10614 415 270
10482 10624 341 258
10482 10625 348 260
10482 10626 353 259
10482 10627 362 260
10482 10628 368 259
10482 10629 375 260
10482 10630 383 261
10482 10631 389 262
10482 10632 396 263
10482 10633 403 263
10482 10634 410 264
10482 10635 417 263
10482 10636 423 265
10482 10637 429 265
10482 10638 436 266
10482 10639 443 266
10482 10640 448 267
10482 10641 456 267
10482 10642 463 267
10482 10643 470 269
10482 10644 471 268
10482 10645 476 269
10482 10646 478 269
10482 10647 481 270
10482 10648 487 267
10510 10647 333 259
10510 10648 343 260
10510 10649 351 261
10510 10650 359 261
10510 10651 367 262
10510 10652 378 263
10510 10653 386 264
10510 10654 392 265
10510 10655 401 265
10510 10656 411 266
10510 10657 420 265
10510 10658 427 266
10510 10659 435 266
10510 10660 447 267
10510 10661 456 270
10510 10662 460 270
10510 10663 466 271
10510 10664 470 272
10510 10665 479 272
10510 10666 480 272
10510 10667 484 272
10510 10668 491 271
10701 10792 125 281
10701 10793 124 281
10701 10794 117 285
10701 10795 108 287
10701 10796 108 288
10701 10797 101 291
10701 10798 93 294
10701 10799 82 297
10701 10800 72 301
10701 10801 74 301
10701 10802 65 305
10701 10803 58 309
10701 10804 49 312
10701 10805 39 315
10701 10806 32 319
10701 10807 26 323
10701 10808 21 324
10701 10809 19 323
10701 10810 14 323
10701 10811 9 324
10707 10800 99 300
10707 10801 93 305
10707 10802 85 308
10707 10803 77 311
10707 10804 68 315
10707 10805 60 319
10707 10806 52 322
10707 10807 43 326
10707 10808 38 328
10707 10809 30 332
10707 10810 21 336
10707 10811 12 341
10707 10812 6 343
10707 10813 3 347
10768 10905 331 373
10768 10906 327 373
10768 10907 330 369
10768 10908 333 365
10768 10909 335 365
10768 10910 335 368
10768 10911 337 368
10768 10912 340 368
10768 10913 341 366
10768 10914 343 371
10768 10915 344 370
10768 10916 346 372
10768 10917 348 370
10768 10918 351 372
10768 10919 353 375
10768 10920 353 375
10768 10921 357 376
10768 10922 358 374
10768 10923 361 379
10768 10924 362 379
10768 10925 364 379
10768 10926 368 380
10768 10927 370 380
10768 10928 371 383
10768 10929 374 383
10768 10930 376 383
10768 10931 377 385
10768 10932 379 385
10768 10933 381 387
10768 10934 384 387
10768 10935 386 386
10768 10936 391 390
10768 10937 392 390
10768 10938 394 391
10768 10939 396 391
10768 10940 399 391
10768 10941 401 395
10768 10942 403 395
10768 10943 406 393
10768 10944 408 390
10774 10943 403 406
10774 10944 405 402
10774 10945 410 399
10774 10946 412 399
10774 10947 414 400
10774 10948 416 396
10774 10949 417 397
10774 10950 419 398
10774 10951 423 404
10774 10952 424 404
10774 10953 427 401
10774 10954 431 407
10774 10955 432 407
10774 10956 436 408
10774 10957 438 408
10774 10958 440 406
10774 10959 442 407
10774 10960 445 410
10774 10961 448 408
10774 10962 451 410
10774 10963 455 413
10774 10964 457 415
10774 10965 460 415
10774 10966 464 411
10774 10967 464 413
10774 10968 468 418
10774 10969 470 418
10774 10970 473 418
10774 10971 475 420
10774 10972 479 420
10774 10973 483 423
10774 10974 485 423
10774 10975 488 425
10774 10976 491 426
10774 10977 491 433
10774 10978 493 438
10774 10979 498 434
10774 10980 499 433
10861 11169 482 270
10861 11170 479 269
10861 11171 473 267
10861 11172 468 266
10861 11173 458 266
10861 11174 448 265
10861 11175 437 264
10861 11176 428 264
10861 11177 419 263
10861 11178 408 262
10861 11179 397 262
10861 11180 388 260
10861 11181 381 260
10861 11182 369 259
10861 11183 359 257
10861 11184 349 256
10861 11185 340 255
10861 11186 331 254
10861 11187 322 254
10861 11188 312 253
10861 11189 303 253
10861 11190 295 252
10861 11191 287 252
10861 11192 278 250
10861 11193 269 249
10861 11194 278 249
10956 11408 187 361
10956 11409 189 363
10956 11410 188 362
10956 11411 186 364
10956 11412 179 362
10956 11413 181 369
10956 11414 179 370
10956 11415 176 368
10956 11416 174 370
10956 11417 173 372
10956 11418 171 372
10956 11419 169 373
10956 11420 166 376
10956 11421 162 372
10956 11422 162 377
10956 11423 161 377
10956 11424 162 378
10956 11425 158 381
10956 11426 156 381
10956 11427 154 383
10956 11428 147 375
10956 11429 148 386
10956 11430 146 385
10956 11431 145 386
10956 11432 144 388
10956 11433 140 390
10956 11434 138 390
10956 11435 139 391
10956 11436 132 388
10956 11437 136 387
11094 11731 69 310
11094 11732 72 308
11094 11733 75 309
11094 11734 75 306
11094 11735 81 305
11094 11736 81 304
11094 11737 88 303
11094 11738 91 302
11094 11739 89 300
11094 11740 96 299
11094 11741 101 298
11094 11742 105 297
11094 11743 101 295
11094 11744 110 295
11094 11745 113 294
11094 11746 115 292
11094 11747 118 291
11094 11748 120 291
11094 11749 123 289
11094 11750 126 288
11094 11751 128 287
11094 11752 132 286
11094 11753 134 284
11094 11754 136 284
11094 11755 137 282
11094 11756 141 281
11094 11757 145 281
11094 11758 146 280
11094 11759 149 279
11094 11760 151 278
11094 11761 152 273
11094 11762 152 276
11094 11763 156 276
11094 11764 153 275
11139 11780 239 250
11139 11781 244 256
11139 11782 247 255
11139 11783 258 251
11139 11784 268 252
11139 11785 282 254
11139 11786 295 255
11139 11787 308 256
11139 11788 319 256
11139 11789 330 258
11139 11790 345 258
11139 11791 359 261
11139 11792 373 262
11139 11793 367 263
11270 11912 319 451
11270 11913 327 456
11270 11914 331 461
11270 11915 332 460
11270 11916 337 460
11270 11917 341 459
11270 11918 345 459
11270 11919 348 459
11270 11920 355 458
11270 11921 357 457
11270 11922 362 457
11270 11923 364 457
11270 11924 370 455
11270 11925 375 458
11270 11926 379 454
11270 11927 382 453
11270 11928 384 457
11270 11929 387 453
11270 11930 390 453
11270 11931 395 455
11270 11932 399 451
11270 11933 402 451
11270 11934 406 450
11270 11935 411 449
11270 11936 415 449
11270 11937 419 450
11270 11938 422 447
11270 11939 424 447
11270 11940 427 446
11270 11941 430 446
11270 11942 435 445
11270 11943 438 444
11270 11944 441 444
11270 11945 445 443
11270 11946 450 442
11270 11947 455 440
11270 11948 454 441
11270 11949 458 441
11270 11950 462 440
11270 11951 465 439
11270 11952 467 441
11270 11953 466 442
11505 12179 169 266
11505 12180 167 267
11505 12181 165 266
11505 12182 163 267
11505 12183 160 271
11505 12184 158 270
11505 12185 157 273
11505 12186 156 272
11505 12187 152 274
11505 12188 151 275
11505 12189 149 275
11505 12190 147 278
11505 12191 146 282
11505 12192 143 280
11505 12193 141 281
11505 12194 138 283
11505 12195 133 288
11505 12196 133 286
11505 12197 131 287
11505 12198 126 289
11505 12199 125 291
11505 12200 121 293
11505 12201 116 294
11505 12202 113 296
11505 12203 110 298
11505 12204 109 299
11505 12205 106 301
11505 12206 102 303
11505 12207 99 304
11505 12208 93 307
11505 12209 91 308
11505 12210 88 310
11505 12211 83 311
11505 12212 80 314
11505 12213 77 315
11505 12214 73 317
11505 12215 70 318
11505 12216 66 321
11505 12217 63 322
11505 12218 59 324
11505 12219 56 325
11505 12220 51 327
11505 12221 48 329
11505 12222 44 331
11505 12223 40 333
11505 12224 36 335
11505 12225 31 336
11505 12226 30 338
11505 12227 25 341
11505 12228 21 341
11505 12229 18 343
11505 12230 17 345
11505 12231 14 345
11505 12232 12 345
11505 12233 10 349
11505 12234 8 347
11505 12235 5 345
11505 12236 3 346
11577 12226 65 325
11577 12227 60 320
11577 12228 58 325
11577 12229 60 330
11577 12230 54 330
11577 12231 48 333
11577 12232 40 330
11577 12233 41 332
11577 12234 32 332
11577 12235 28 332
11577 12236 25 335
11577 12237 19 336
11577 12238 15 337
11577 12239 11 333
11577 12240 9 339
11577 12241 9 343
11577 12242 4 343
11577 12243 6 351
11577 12244 5 356
11577 12245 3 357
11616 12257 387 348
11616 12258 387 346
11616 12259 387 346
11616 12260 387 352
11616 12261 385 347
11616 12262 381 344
11616 12263 380 348
11616 12264 378 350
11616 12265 374 349
11616 12266 373 348
11616 12267 370 350
11616 12268 370 350
11616 12269 367 349
11616 12270 365 353
11616 12271 363 354
11616 12272 360 354
11616 12273 358 357
11616 12274 358 354
11616 12275 356 355
11616 12276 352 356
11616 12277 352 358
11616 12278 351 355
11616 12279 347 360
11616 12280 344 361
11616 12281 343 362
11616 12282 341 365
11616 12283 339 363
11616 12284 336 365
11616 12285 337 366
11616 12286 333 368
11616 12287 329 367
11616 12288 327 368
11616 12289 325 368
11616 12290 323 369
11616 12291 320 370
11616 12292 318 370
11616 12293 315 371
11616 12294 311 372
11616 12295 311 374
11616 12296 307 374
11616 12297 303 377
11616 12298 302 378
11616 12299 298 376
11616 12300 296 375
11616 12301 294 379
11616 12302 290 377
11616 12303 289 380
11616 12304 286 385
12026 12764 62 336
12026 12765 62 334
12026 12766 61 335
12026 12767 62 330
12026 12768 62 331
12026 12769 64 327
12026 12770 66 330
12026 12771 65 327
12026 12772 66 324
12026 12773 67 321
12026 12774 68 322
12026 12775 71 321
12026 12776 69 320
12026 12777 72 318
12026 12778 72 320
12026 12779 73 318
12026 12780 74 316
12026 12781 76 315
12026 12782 76 317
12026 12783 77 313
12026 12784 78 313
12026 12785 79 310
12026 12786 81 310
12026 12787 82 309
12026 12788 84 309
12026 12789 86 308
12026 12790 86 305
12026 12791 88 304
12026 12792 89 304
12026 12793 90 306
12026 12794 91 303
12026 12795 92 302
12026 12796 92 301
12026 12797 94 302
12026 12798 97 298
12026 12799 97 298
12026 12800 99 298
12026 12801 100 297
12026 12802 101 296
12026 12803 102 296
12026 12804 104 295
12026 12805 104 294
12026 12806 106 294
12026 12807 107 293
12026 12808 108 294
12066 12815 223 248
12066 12816 229 249
12066 12817 237 250
12066 12818 244 250
12066 12819 253 251
12066 12820 259 251
12066 12821 268 252
12066 12822 275 252
12066 12823 281 253
12066 12824 287 254
12066 12825 294 254
12066 12826 302 256
12066 12827 309 256
12066 12828 317 257
12066 12829 320 257
12066 12830 330 258
12066 12831 338 259
12066 12832 346 259
12066 12833 353 260
12204 12919 250 262
12204 12920 250 263
12204 12921 250 264
12204 12922 249 267
12204 12923 248 263
12204 12924 247 263
12204 12925 246 264
12204 12926 242 268
12204 12927 242 267
12204 12928 242 269
12204 12929 240 266
12204 12930 237 269
12204 12931 234 269
12204 12932 234 269
12204 12933 231 270
12204 12934 227 269
12204 12935 225 267
12204 12936 223 268
12204 12937 221 266
12204 12938 218 266
12204 12939 216 266
12204 12940 212 266
12204 12941 211 266
12204 12942 207 266
12204 12943 204 266
12204 12944 202 266
12204 12945 199 267
12204 12946 196 268
12204 12947 195 268
12204 12948 191 270
12204 12949 188 267
12204 12950 186 266
12204 12951 182 269
12204 12952 180 270
12204 12953 178 270
12204 12954 174 271
12204 12955 172 271
12204 12956 169 271
12204 12957 166 269
12204 12958 163 268
12204 12959 160 269
12204 12960 157 269
12204 12961 154 269
12204 12962 151 272
12204 12963 147 272
12204 12964 145 272
12204 12965 144 273
12204 12966 139 272
12204 12967 136 272
12204 12968 135 273
12204 12969 132 273
12204 12970 131 273
12204 12971 128 273
12204 12972 127 269
12204 12973 126 271
12204 12974 123 273
12204 12975 121 272
12204 12976 120 273
12204 12977 119 273
12204 12978 117 273
12204 12979 114 273
12204 12980 114 272
12204 12981 112 270
12204 12982 111 271
12204 12983 108 274
12204 12984 107 273
12204 12985 107 274
12204 12986 102 274