59 319 323 387
59 320 323 385
59 321 325 386
59 322 327 389
59 323 329 390
59 324 333 388
59 325 336 390
59 326 339 396
59 327 342 394
59 328 343 396
59 329 347 394
59 330 349 398
59 331 352 399
59 332 356 398
59 333 359 404
59 334 361 401
59 335 361 405
59 336 365 406
59 337 371 408
59 338 372 409
59 339 375 410
59 340 376 410
59 341 383 413
59 342 385 415
59 343 387 415
59 344 389 416
59 345 395 419
59 346 397 417
59 347 398 419
59 348 401 418
59 349 408 424
59 350 410 427
59 351 411 426
59 352 416 426
59 353 419 431
59 354 422 431
59 355 424 433
59 356 428 431
59 357 433 428
59 358 435 433
59 359 437 438
59 360 438 437
59 361 445 439
59 362 449 441
59 363 449 441
59 364 453 442
59 365 459 439
59 366 463 446
59 367 464 449
59 368 466 448
59 369 469 447
59 370 476 445
59 371 477 450
59 372 479 452
59 373 487 451
59 374 491 458
59 375 494 460
59 376 493 460
59 377 497 459
59 378 505 462
59 379 507 463
59 380 509 464
59 381 515 462
59 382 518 457
121 850 484 265
121 851 475 264
121 852 470 264
121 853 459 263
121 854 447 262
121 855 434 261
121 856 419 260
121 857 405 258
121 858 393 257
121 859 381 257
121 860 367 255
121 861 353 253
121 862 357 254
217 1676 514 451
217 1677 516 452
217 1678 526 451
217 1679 534 443
217 1680 540 441
217 1681 546 438
217 1682 554 432
217 1683 560 430
217 1684 565 430
217 1685 571 426
217 1686 576 425
306 2163 246 309
306 2164 247 313
306 2165 246 316
306 2166 248 315
306 2167 250 318
306 2168 253 317
306 2169 253 316
306 2170 255 318
306 2171 256 317
306 2172 259 319
306 2173 260 317
306 2174 262 317
306 2175 262 322
306 2176 264 320
306 2177 266 320
306 2178 268 322
306 2179 269 319
306 2180 271 321
306 2181 273 322
306 2182 278 323
306 2183 281 324
306 2184 282 323
306 2185 285 324
306 2186 287 325
306 2187 290 326
306 2188 291 325
306 2189 293 326
306 2190 294 331
306 2191 297 328
306 2192 299 329
306 2193 301 327
306 2194 303 330
306 2195 306 330
306 2196 307 328
306 2197 309 330
306 2198 309 332
306 2199 313 327
306 2200 315 333
306 2201 317 333
306 2202 318 333
306 2203 319 333
306 2204 321 334
306 2205 323 332
306 2206 323 335
306 2207 325 334
306 2208 327 336
306 2209 328 336
306 2210 331 336
306 2211 334 336
306 2212 335 337
306 2213 336 337
306 2214 339 338
306 2215 341 338
306 2216 343 338
306 2217 344 338
306 2218 347 339
306 2219 351 340
306 2220 352 341
306 2221 354 341
306 2222 356 342
306 2223 359 343
306 2224 362 343
306 2225 365 344
306 2226 372 344
306 2227 374 345
306 2228 376 345
306 2229 380 346
306 2230 383 346
306 2231 384 347
306 2232 390 348
306 2233 391 348
306 2234 394 349
306 2235 397 350
306 2236 401 348
306 2237 402 350
306 2238 406 351
306 2239 408 349
306 2240 412 351
306 2241 412 351
306 2242 415 352
306 2243 416 352
306 2244 419 353
306 2245 423 352
306 2246 423 354
306 2247 424 353
306 2248 427 358
306 2249 430 354
306 2250 431 355
306 2251 433 355
306 2252 435 355
306 2253 436 357
306 2254 440 358
306 2255 440 356
306 2256 445 357
306 2257 447 358
306 2258 451 360
306 2259 453 360
306 2260 455 360
306 2261 457 361
306 2262 460 362
306 2263 461 361
306 2264 464 361
306 2265 467 362
306 2266 471 365
306 2267 473 364
306 2268 476 364
306 2269 478 364
306 2270 481 366
306 2271 481 367
306 2272 484 365
306 2273 488 367
306 2274 492 368
306 2275 494 368
306 2276 496 368
306 2277 499 370
306 2278 502 370
306 2279 504 371
306 2280 508 373
306 2281 510 371
306 2282 512 373
306 2283 515 374
306 2284 519 373
306 2285 522 373
306 2286 523 375
306 2287 526 376
306 2288 528 371
306 2289 531 375
306 2290 534 376
306 2291 536 378
306 2292 540 379
306 2293 542 380
306 2294 544 378
306 2295 547 381
306 2296 550 381
306 2297 549 376
338 2627 87 294
338 2628 86 296
338 2629 84 295
338 2630 84 295
338 2631 83 295
338 2632 82 295
338 2633 81 296
338 2634 80 297
338 2635 78 297
338 2636 77 299
338 2637 77 301
338 2638 74 300
338 2639 72 300
338 2640 71 300
338 2641 69 300
338 2642 68 303
338 2643 66 303
338 2644 65 303
338 2645 62 303
338 2646 60 301
338 2647 59 305
338 2648 57 304
338 2649 56 304
338 2650 52 301
338 2651 51 301
338 2652 51 306
338 2653 47 306
338 2654 46 307
338 2655 45 311
338 2656 43 310
338 2657 42 308
338 2658 39 311
338 2659 38 309
338 2660 36 309
338 2661 35 312
338 2662 33 309
338 2663 32 313
338 2664 30 311
338 2665 28 313
338 2666 27 315
338 2667 25 312
338 2668 22 315
338 2669 20 316
338 2670 19 321
338 2671 18 323
396 3173 436 260
396 3174 435 261
396 3175 420 259
396 3176 404 258
396 3177 388 257
396 3178 376 255
396 3179 364 255
396 3180 350 254
396 3181 335 253
396 3182 323 252
396 3183 312 252
396 3184 299 250
396 3185 288 249
396 3186 278 248
396 3187 263 247
396 3188 255 246
396 3189 227 246
396 3190 246 246
396 3191 235 247
412 3412 483 266
412 3413 473 265
412 3414 466 265
412 3415 453 264
412 3416 437 262
412 3417 415 260
412 3418 399 259
412 3419 391 257
412 3420 380 254
412 3421 364 255
412 3422 347 255
412 3423 343 253
502 3984 147 246
502 3985 149 250
502 3986 150 246
502 3987 153 250
502 3988 156 250
502 3989 158 252
502 3990 160 252
502 3991 162 253
502 3992 166 254
502 3993 166 252
502 3994 166 253
502 3995 168 258
502 3996 170 259
502 3997 171 259
502 3998 169 260
502 3999 170 261
502 4000 171 262
502 4001 170 264
502 4002 169 266
502 4003 168 266
502 4004 167 267
502 4005 166 268
502 4006 165 269
502 4007 164 272
502 4008 162 269
502 4009 161 271
502 4010 157 272
502 4011 155 274
502 4012 152 276
502 4013 149 278
502 4014 146 280
502 4015 141 282
502 4016 136 285
502 4017 132 292
502 4018 130 291
502 4019 126 291
502 4020 122 295
502 4021 119 294
502 4022 114 296
502 4023 106 299
502 4024 107 293
502 4025 106 295
592 4448 100 301
592 4449 99 303
592 4450 95 305
592 4451 87 308
592 4452 82 311
592 4453 77 312
592 4454 70 313
592 4455 66 318
592 4456 58 321
592 4457 53 324
592 4458 46 327
592 4459 44 335
592 4460 37 338
744 5172 181 376
744 5173 177 377
744 5174 174 377
744 5175 173 376
744 5176 178 375
744 5177 179 375
744 5178 179 375
744 5179 182 374
744 5180 185 372
744 5181 186 371
744 5182 188 372
744 5183 188 367
744 5184 191 368
744 5185 192 367
744 5186 193 369
744 5187 194 367
744 5188 196 363
744 5189 198 364
744 5190 199 363
744 5191 201 363
744 5192 203 363
744 5193 204 362
744 5194 206 360
744 5195 208 360
744 5196 208 360
744 5197 210 357
744 5198 211 358
744 5199 213 358
744 5200 214 354
744 5201 217 357
744 5202 218 355
744 5203 219 356
744 5204 221 355
744 5205 222 353
744 5206 224 353
744 5207 230 352
744 5208 229 354
744 5209 228 350
806 5284 342 303
806 5285 344 305
806 5286 338 306
806 5287 334 304
806 5288 334 301
806 5289 335 303
806 5290 335 303
806 5291 338 300
806 5292 338 301
806 5293 339 300
806 5294 340 298
806 5295 342 300
806 5296 342 299
806 5297 342 297
806 5298 344 298
806 5299 346 295
806 5300 345 297
806 5301 347 297
806 5302 349 295
806 5303 350 294
806 5304 350 295
806 5305 353 295
806 5306 353 294
806 5307 354 292
806 5308 355 294
806 5309 358 293
806 5310 358 293
806 5311 358 292
806 5312 361 292
806 5313 362 291
806 5314 363 292
806 5315 364 291
806 5316 365 291
806 5317 367 290
806 5318 367 291
806 5319 369 288
806 5320 370 290
806 5321 372 289
806 5322 373 289
806 5323 373 289
806 5324 375 289
806 5325 377 290
806 5326 378 287
806 5327 378 287
806 5328 379 287
806 5329 381 288
806 5330 384 289
806 5331 389 288
806 5332 385 287
806 5333 385 285
806 5334 388 287
806 5335 390 286
806 5336 389 285
806 5337 390 285
806 5338 392 287
806 5339 394 284
806 5340 394 284
806 5341 396 284
806 5342 397 285
806 5343 397 282
806 5344 399 283
806 5345 401 285
806 5346 405 281
806 5347 406 282
806 5348 409 280
806 5349 410 280
806 5350 416 280
806 5351 416 283
806 5352 417 280
806 5353 418 280
806 5354 421 278
824 5367 491 265
824 5368 486 265
824 5369 485 265
824 5370 481 264
824 5371 476 264
824 5372 472 263
824 5373 466 264
824 5374 458 263
824 5375 449 263
824 5376 441 270
824 5377 430 261
824 5378 420 258
824 5379 413 259
824 5380 403 259
824 5381 394 257
824 5382 386 256
824 5383 379 256
824 5384 369 255
824 5385 359 255
824 5386 351 254
824 5387 344 253
824 5388 341 255
1125 6512 311 259
1125 6513 313 257
1125 6514 326 259
1125 6515 342 260
1125 6516 355 261
1125 6517 368 262
1125 6518 383 264
1125 6519 397 265
1125 6520 411 266
1125 6521 427 267
1125 6522 444 268
1125 6523 459 270
1125 6524 466 270
1125 6525 477 271
1125 6526 488 271
1423 7986 329 256
1423 7987 322 256
1423 7988 337 256
1423 7989 360 261
1423 7990 372 262
1423 7991 386 262
1423 7992 409 265
1423 7993 427 266
1423 7994 435 267
1423 7995 449 268
1423 7996 464 269
1423 7997 472 270
1423 7998 487 272
1444 8587 594 467
1444 8588 591 468
1444 8589 589 461
1444 8590 591 461
1444 8591 588 456
1444 8592 584 459
1444 8593 582 462
1444 8594 579 460
1444 8595 574 452
1444 8596 569 453
1444 8597 568 449
1444 8598 566 452
1444 8599 564 446
1444 8600 562 443
1444 8601 559 444
1444 8602 555 444
1444 8603 550 441
1444 8604 544 442
1444 8605 544 435
1444 8606 543 436
1444 8607 539 436
1444 8608 536 430
1444 8609 533 431
1444 8610 531 435
1444 8611 527 443
1447 8611 526 425
1447 8612 522 426
1447 8613 519 423
1447 8614 520 424
1447 8615 516 423
1447 8616 512 421
1447 8617 510 421
1447 8618 505 419
1447 8619 501 415
1447 8620 499 412
1447 8621 496 414
1447 8622 494 413
1447 8623 490 411
1447 8624 485 409
1447 8625 484 411
1447 8626 480 409
1447 8627 475 407
1447 8628 472 406
1447 8629 471 405
1447 8630 469 404
1447 8631 464 402
1447 8632 462 401
1447 8633 461 401
1447 8634 457 399
1447 8635 455 394
1447 8636 450 395
1447 8637 450 398
1447 8638 447 394
1447 8639 443 391
1447 8640 441 391
1447 8641 439 391
1447 8642 434 390
1447 8643 430 386
1447 8644 434 387
1449 8644 427 389
1449 8645 428 386
1449 8646 425 386
1449 8647 421 382
1449 8648 418 383
1449 8649 417 382
1449 8650 412 380
1449 8651 410 377
1449 8652 407 379
1449 8653 406 381
1449 8654 402 379
1449 8655 400 375
1449 8656 397 374
1449 8657 395 370
1449 8658 391 370
1449 8659 389 368
1449 8660 386 371
1449 8661 385 372
1449 8662 382 367
1449 8663 379 368
1449 8664 376 365
1449 8665 374 364
1449 8666 372 363
1449 8667 370 361
1449 8668 369 361
1449 8669 367 359
1449 8670 366 363
1449 8671 364 359
1449 8672 363 361
1449 8673 363 366
1449 8674 358 364
1528 8990 88 290
1528 8991 87 291
1528 8992 85 294
1528 8993 84 292
1528 8994 82 295
1528 8995 81 297
1528 8996 80 297
1528 8997 79 297
1528 8998 77 298
1528 8999 74 299
1528 9000 74 300
1528 9001 72 300
1528 9002 69 300
1528 9003 67 300
1528 9004 68 301
1528 9005 66 301
1528 9006 63 302
1528 9007 61 302
1528 9008 60 302
1528 9009 58 301
1528 9010 56 303
1528 9011 54 304
1528 9012 53 306
1528 9013 50 305
1528 9014 50 305
1528 9015 48 308
1528 9016 45 307
1528 9017 43 307
1528 9018 41 308
1528 9019 39 310
1528 9020 38 309
1528 9021 36 310
1528 9022 34 311
1528 9023 32 313
1528 9024 30 314
1528 9025 29 312
1528 9026 26 313
1528 9027 25 315
1528 9028 22 314
1528 9029 21 316
1528 9030 19 317
1528 9031 17 316
1528 9032 13 317
1528 9033 13 318
1528 9034 10 318
1528 9035 8 321
1528 9036 6 320
1528 9037 5 321
1528 9038 4 323
1528 9039 3 324
1641 9344 164 308
1641 9345 167 307
1641 9346 170 306
1641 9347 171 307
1641 9348 176 305
1641 9349 177 304
1641 9350 179 304
1641 9351 181 305
1641 9352 185 303
1641 9353 186 304
1641 9354 189 304
1641 9355 193 299
1641 9356 194 300
1641 9357 196 302
1641 9358 199 302
1641 9359 202 299
1641 9360 204 301
1641 9361 206 296
1641 9362 208 300
1641 9363 211 295
1641 9364 215 293
1641 9365 218 289
1641 9366 220 293
1641 9367 223 290
1641 9368 224 292
1641 9369 227 292
1641 9370 228 290
1641 9371 229 292
1641 9372 233 290
1641 9373 235 291
1641 9374 238 287
1641 9375 239 291
1641 9376 242 289
1641 9377 243 287
1641 9378 244 290
1641 9379 249 287
1641 9380 250 291
1641 9381 253 286
1641 9382 253 288
1641 9383 256 287
1821 9923 403 456
1821 9924 407 457
1821 9925 399 454
1821 9926 398 452
1821 9927 394 450
1821 9928 390 448
1821 9929 387 452
1821 9930 384 450
1821 9931 379 453
1821 9932 376 456
1821 9933 372 458
1821 9934 367 463
1821 9935 365 464
1821 9936 360 464
1821 9937 355 469
1821 9938 352 468
1821 9939 350 470
1821 9940 346 474
1821 9941 344 473
1821 9942 340 473
1821 9943 338 474
1821 9944 337 476
2115 10856 233 248
2115 10857 244 249
2115 10858 247 250
2115 10859 257 251
2115 10860 267 251
2115 10861 279 252
2115 10862 293 253
2115 10863 307 254
2115 10864 319 256
2115 10865 331 257
2115 10866 345 258
2115 10867 358 259
2115 10868 370 260
2115 10869 385 261
2115 10870 399 262
2115 10871 401 268
2176 11047 234 254
2176 11048 229 248
2176 11049 242 249
2176 11050 258 251
2176 11051 269 250
2176 11052 286 252
2176 11053 301 254
2176 11054 315 255
2176 11055 331 257
2176 11056 347 257
2176 11057 362 258
2176 11058 375 260
2176 11059 392 259
2176 11060 406 262
2176 11061 420 264
2176 11062 436 265
2176 11063 451 266
2176 11064 464 267
2176 11065 474 267
2176 11066 483 268
2252 11510 4 342
2252 11511 8 343
2252 11512 10 334
2252 11513 13 331
2252 11514 17 328
2252 11515 20 325
2252 11516 22 323
2252 11517 27 321
2252 11518 32 320
2252 11519 37 315
2252 11520 43 317
2252 11521 49 315
2252 11522 53 313
2252 11523 57 312
2252 11524 63 311
2252 11525 51 307
2252 11526 46 305
2252 11527 47 309
2270 11526 72 304
2270 11527 82 306
2270 11528 93 305
2270 11529 91 302
2270 11530 94 299
2270 11531 97 295
2270 11532 102 294
2270 11533 106 293
2270 11534 109 292
2270 11535 117 291
2270 11536 121 291
2270 11537 122 291
2270 11538 124 288
2270 11539 130 287
2270 11540 135 285
2270 11541 137 284
2270 11542 141 279
2270 11543 145 276
2270 11544 144 273
2270 11545 146 267
2270 11546 152 271
2270 11547 153 270
2306 11556 73 309
2306 11557 75 307
2306 11558 72 310
2306 11559 68 312
2306 11560 63 315
2306 11561 58 316
2306 11562 53 319
2306 11563 48 321
2306 11564 43 324
2306 11565 35 327
2306 11566 30 329
2306 11567 25 333
2306 11568 21 336
2306 11569 18 336
2306 11570 14 337
2306 11571 12 338
2306 11572 8 342
2306 11573 4 346
2506 12093 599 469
2506 12094 597 468
2506 12095 594 466
2506 12096 588 464
2506 12097 585 462
2506 12098 584 459
2506 12099 581 458
2506 12100 577 457
2506 12101 572 455
2506 12102 573 456
2506 12103 569 450
2506 12104 566 451
2506 12105 561 450
2506 12106 562 448
2506 12107 559 439
2506 12108 552 445
2506 12109 549 444
2506 12110 548 443
2506 12111 543 442
2506 12112 537 440
2506 12113 535 438
2506 12114 533 436
2506 12115 532 436
2506 12116 528 433
2506 12117 526 434
2506 12118 523 433
2506 12119 518 430
2506 12120 522 430
2522 12179 364 361
2522 12180 362 359
2522 12181 357 358
2522 12182 357 357
2522 12183 357 353
2522 12184 354 353
2522 12185 352 354
2522 12186 349 353
2522 12187 348 352
2522 12188 346 349
2522 12189 341 350
2522 12190 343 346
2522 12191 341 345
2522 12192 339 348
2522 12193 336 346
2522 12194 335 346
2522 12195 333 344
2522 12196 331 342
2522 12197 327 343
2522 12198 327 342
2522 12199 327 341
2522 12200 324 341
2522 12201 321 341
2522 12202 320 339
2522 12203 317 337
2522 12204 313 337
2522 12205 314 335
2522 12206 313 333
2522 12207 311 334
2522 12208 308 334
2579 12562 254 253
2579 12563 255 254
2579 12564 248 254
2579 12565 239 253
2579 12566 236 257
2579 12567 231 258
2579 12568 223 256
2579 12569 219 257
2579 12570 213 258
2579 12571 208 263
2579 12572 198 257
2579 12573 197 260
2579 12574 192 261
2579 12575 187 263
2579 12576 184 263
2579 12577 180 265
2579 12578 175 266
2579 12579 172 267
2579 12580 168 269
2579 12581 164 270
2579 12582 162 274
2579 12583 157 274
2579 12584 153 275
2579 12585 148 276
2579 12586 145 278
2579 12587 141 280
2579 12588 136 281
2579 12589 132 281
2579 12590 129 283
2579 12591 125 286
2579 12592 120 283
2579 12593 118 289
2579 12594 113 290
2579 12595 109 292
2579 12596 106 293
2579 12597 101 296
2579 12598 96 293
2579 12599 92 298
2579 12600 88 300
2579 12601 86 305