8 29 181 262
8 30 187 259
8 31 182 261
8 32 179 263
8 33 176 263
8 34 168 265
8 35 167 266
8 36 163 267
8 37 157 269
8 38 157 270
8 39 153 272
8 40 151 272
8 41 145 274
8 42 144 275
8 43 139 276
8 44 140 278
8 45 135 281
8 46 132 281
8 47 126 283
8 48 125 284
8 49 121 287
8 50 112 288
8 51 117 284
25 250 488 265
25 251 481 265
25 252 473 264
25 253 460 263
25 254 444 261
25 255 434 261
25 256 420 259
25 257 406 258
25 258 395 257
25 259 382 257
25 260 372 256
25 261 358 255
25 262 351 254
25 263 340 254
25 264 328 252
25 265 317 252
25 266 312 252
25 267 302 251
25 268 293 251
25 269 288 251
25 270 275 252
25 271 265 251
25 272 259 252
25 273 251 253
25 274 242 252
25 275 233 253
25 276 224 256
25 277 231 255
25 278 224 258
25 279 223 254
27 278 200 261
27 279 193 263
27 280 196 261
27 281 187 261
27 282 182 263
27 283 176 266
27 284 172 267
27 285 165 268
27 286 158 272
27 287 154 273
27 288 148 276
27 289 142 278
27 290 134 282
27 291 130 284
27 292 138 287
28 292 122 287
28 293 115 291
28 294 110 293
28 295 103 297
28 296 94 301
28 297 90 303
28 298 80 307
28 299 72 311
28 300 62 316
28 301 52 320
28 302 47 323
28 303 36 328
28 304 26 334
28 305 21 337
28 306 16 342
28 307 12 345
28 308 6 347
74 427 113 284
74 428 112 291
74 429 106 292
74 430 102 296
74 431 98 299
74 432 88 301
74 433 83 305
74 434 79 308
74 435 71 311
74 436 68 314
74 437 61 318
74 438 54 322
74 439 56 317
126 533 481 265
126 534 477 264
126 535 470 263
126 536 450 260
126 537 434 259
126 538 425 260
126 539 412 259
126 540 391 257
126 541 379 257
126 542 365 256
126 543 352 254
126 544 335 254
126 545 336 258
183 843 242 251
183 844 249 251
183 845 253 252
183 846 263 252
183 847 274 255
183 848 285 256
183 849 299 257
183 850 310 257
183 851 321 258
183 852 334 260
183 853 347 260
183 854 350 267
265 1247 107 290
265 1248 106 291
265 1249 97 293
265 1250 93 294
265 1251 87 296
265 1252 83 299
265 1253 77 303
265 1254 70 306
265 1255 63 308
265 1256 54 311
265 1257 49 313
265 1258 56 309
265 1259 51 311
265 1260 49 324
265 1261 42 328
265 1262 35 328
265 1263 30 331
284 1382 531 356
284 1383 533 354
284 1384 532 352
284 1385 531 351
284 1386 530 348
284 1387 527 355
284 1388 525 352
284 1389 524 354
284 1390 523 354
284 1391 522 350
284 1392 519 351
284 1393 517 354
284 1394 515 353
284 1395 515 353
284 1396 513 350
284 1397 512 353
284 1398 510 351
284 1399 507 353
284 1400 505 351
284 1401 504 353
284 1402 503 349
284 1403 501 351
284 1404 499 350
284 1405 498 352
284 1406 497 352
284 1407 496 350
284 1408 493 351
284 1409 490 351
284 1410 489 353
284 1411 488 353
284 1412 487 349
284 1413 486 349
284 1414 486 350
284 1415 482 352
284 1416 480 352
284 1417 480 353
284 1418 479 353
284 1419 477 351
284 1420 478 350
284 1421 475 352
284 1422 473 353
284 1423 472 353
284 1424 471 352
284 1425 469 351
284 1426 467 353
284 1427 465 353
284 1428 464 352
284 1429 463 352
284 1430 461 350
284 1431 461 351
284 1432 458 352
284 1433 455 351
284 1434 454 352
284 1435 453 354
284 1436 452 350
284 1437 451 351
284 1438 449 351
284 1439 447 351
284 1440 446 352
284 1441 444 350
284 1442 444 347
284 1443 442 351
284 1444 439 350
284 1445 438 350
284 1446 437 350
284 1447 435 349
284 1448 434 346
284 1449 433 349
284 1450 430 349
284 1451 429 350
284 1452 428 349
284 1453 428 349
284 1454 426 349
284 1455 424 349
284 1456 422 348
284 1457 420 349
284 1458 420 347
284 1459 419 347
284 1460 418 347
284 1461 417 348
284 1462 414 348
284 1463 413 348
284 1464 412 347
284 1465 411 347
284 1466 411 347
284 1467 409 347
284 1468 406 346
284 1469 405 346
284 1470 404 345
284 1471 403 345
284 1472 401 344
284 1473 400 344
284 1474 399 343
284 1475 399 342
284 1476 397 340
284 1477 395 343
284 1478 394 342
284 1479 391 342
284 1480 391 341
284 1481 389 341
284 1482 388 340
284 1483 387 341
284 1484 385 340
284 1485 382 340
284 1486 383 340
284 1487 381 340
284 1488 379 340
284 1489 377 339
284 1490 375 340
284 1491 374 340
284 1492 373 339
284 1493 371 339
284 1494 370 340
284 1495 367 339
284 1496 367 339
284 1497 365 339
284 1498 363 338
284 1499 362 339
284 1500 360 339
284 1501 358 339
284 1502 358 339
284 1503 355 339
284 1504 355 337
284 1505 353 338
284 1506 350 338
284 1507 349 338
284 1508 348 336
284 1509 347 337
284 1510 345 337
284 1511 343 337
284 1512 341 337
284 1513 341 337
284 1514 338 337
284 1515 337 335
284 1516 335 336
284 1517 334 335
284 1518 332 336
284 1519 331 335
284 1520 330 334
284 1521 330 335
284 1522 328 335
284 1523 325 335
284 1524 325 333
284 1525 322 332
284 1526 322 333
284 1527 320 333
284 1528 318 333
284 1529 316 333
284 1530 316 331
284 1531 315 329
284 1532 314 331
284 1533 312 331
284 1534 310 332
284 1535 309 330
284 1536 307 331
284 1537 307 330
284 1538 305 330
284 1539 303 330
284 1540 302 330
284 1541 301 329
284 1542 299 329
284 1543 297 329
284 1544 295 328
284 1545 294 329
284 1546 293 328
284 1547 291 329
284 1548 291 327
284 1549 288 328
284 1550 287 329
284 1551 286 328
284 1552 285 325
284 1553 282 327
284 1554 281 328
284 1555 279 327
284 1556 278 327
284 1557 276 327
284 1558 275 327
284 1559 274 326
284 1560 272 326
284 1561 271 326
284 1562 269 324
284 1563 268 323
284 1564 267 325
284 1565 266 325
284 1566 264 324
284 1567 264 324
284 1568 261 324
284 1569 260 323
284 1570 259 324
284 1571 257 324
284 1572 256 324
284 1573 255 323
284 1574 255 320
284 1575 251 323
284 1576 251 322
284 1577 251 322
284 1578 250 322
284 1579 250 324
284 1580 250 323
284 1581 251 320
284 1582 251 322
284 1583 252 327
284 1584 250 323
284 1585 251 322
284 1586 249 321
284 1587 250 323
284 1588 250 324
284 1589 250 324
284 1590 250 325
284 1591 250 325
284 1592 250 326
325 1494 485 268
325 1495 480 265
325 1496 473 264
325 1497 457 263
325 1498 441 261
325 1499 430 260
325 1500 415 259
325 1501 402 259
325 1502 380 257
325 1503 364 256
325 1504 362 256
401 1838 296 254
401 1839 308 255
401 1840 322 256
401 1841 336 257
401 1842 352 259
401 1843 366 260
401 1844 380 261
401 1845 396 262
401 1846 410 263
401 1847 424 265
401 1848 442 265
401 1849 459 266
401 1850 469 266
401 1851 475 268
401 1852 479 275
870 4197 314 254
870 4198 331 255
870 4199 327 258
870 4200 325 257
870 4201 328 256
870 4202 332 257
870 4203 333 258
870 4204 336 258
870 4205 339 259
870 4206 342 259
870 4207 347 260
870 4208 348 257
870 4209 351 259
870 4210 355 259
870 4211 360 261
870 4212 363 260
870 4213 366 262
870 4214 368 261
870 4215 371 261
870 4216 374 261
870 4217 378 262
870 4218 380 260
870 4219 385 262
870 4220 387 261
870 4221 389 262
870 4222 394 263
870 4223 397 264
870 4224 400 263
870 4225 403 261
870 4226 405 264
870 4227 407 264
870 4228 414 264
870 4229 415 264
870 4230 416 264
870 4231 416 265
870 4232 417 268
870 4233 423 268
870 4234 434 266
870 4235 436 268
870 4236 456 268
870 4237 459 267
870 4238 463 267
870 4239 468 268
870 4240 470 269
870 4241 476 270
870 4242 476 269
870 4243 479 267
870 4244 481 270
870 4245 485 267
870 4246 487 272
917 4356 234 250
917 4357 240 251
917 4358 248 251
917 4359 256 252
917 4360 277 254
917 4361 290 255
917 4362 301 256
917 4363 315 257
917 4364 332 258
917 4365 341 260
917 4366 357 261
917 4367 375 263
917 4368 392 264
917 4369 402 264
917 4370 419 265
917 4371 439 267
917 4372 451 268
917 4373 469 270
917 4374 481 271
917 4375 486 269
1016 4636 294 386
1016 4637 293 386
1016 4638 297 388
1016 4639 300 387
1016 4640 300 389
1016 4641 303 391
1016 4642 306 391
1016 4643 306 392
1016 4644 307 393
1016 4645 310 397
1016 4646 311 399
1016 4647 313 398
1016 4648 317 404
1016 4649 318 403
1016 4650 321 404
1016 4651 321 402
1016 4652 324 404
1016 4653 326 407
1016 4654 329 404
1016 4655 332 408
1016 4656 334 412
1016 4657 335 411
1016 4658 338 412
1016 4659 340 414
1016 4660 343 415
1016 4661 347 413
1016 4662 348 413
1016 4663 350 418
1016 4664 352 419
1016 4665 355 420
1016 4666 358 418
1016 4667 360 420
1016 4668 361 421
1016 4669 364 425
1016 4670 368 425
1016 4671 371 432
1016 4672 373 429
1016 4673 374 429
1016 4674 375 433
1016 4675 379 436
1016 4676 381 435
1016 4677 384 436
1016 4678 389 431
1016 4679 390 437
1016 4680 391 434
1016 4681 395 438
1016 4682 392 441
1062 4968 146 356
1062 4969 143 353
1062 4970 142 358
1062 4971 140 355
1062 4972 141 355
1062 4973 140 356
1062 4974 138 357
1062 4975 137 357
1062 4976 134 358
1062 4977 133 360
1062 4978 132 358
1062 4979 134 362
1062 4980 130 363
1062 4981 129 365
1062 4982 127 366
1062 4983 126 369
1062 4984 125 370
1062 4985 124 372
1062 4986 122 372
1062 4987 121 373
1062 4988 122 376
1062 4989 118 376
1062 4990 117 376
1062 4991 115 381
1062 4992 114 382
1062 4993 112 381
1062 4994 111 382
1062 4995 110 389
1062 4996 111 386
1062 4997 109 386
1062 4998 108 389
1062 4999 105 391
1062 5000 105 394
1062 5001 102 393
1062 5002 101 393
1062 5003 100 395
1062 5004 101 398
1062 5005 100 398
1062 5006 98 400
1062 5007 95 402
1062 5008 94 404
1062 5009 93 403
1062 5010 92 406
1062 5011 91 408
1062 5012 91 410
1062 5013 90 409
1062 5014 89 410
1062 5015 87 414
1062 5016 84 418
1062 5017 84 413
1062 5018 82 418
1062 5019 81 422
1062 5020 81 420
1062 5021 79 421
1062 5022 77 423
1062 5023 75 428
1062 5024 74 429
1062 5025 73 429
1062 5026 70 432
1062 5027 68 435
1062 5028 68 434
1062 5029 66 436
1062 5030 63 441
1062 5031 60 445
1062 5032 60 443
1062 5033 58 444
1062 5034 56 447
1062 5035 56 450
1062 5036 54 450
1062 5037 53 451
1062 5038 51 449
1081 5126 230 249
1081 5127 241 250
1081 5128 250 250
1081 5129 263 251
1081 5130 277 254
1081 5131 298 256
1081 5132 314 257
1081 5133 324 258
1081 5134 340 259
1081 5135 356 261
1081 5136 373 262
1081 5137 389 264
1081 5138 406 265
1081 5139 423 266
1081 5140 441 268
1081 5141 459 268
1081 5142 473 271
1081 5143 479 271
1158 5328 413 261
1158 5329 397 261
1158 5330 379 258
1158 5331 365 257
1158 5332 357 257
1158 5333 345 256
1158 5334 331 255
1158 5335 322 254
1158 5336 310 253
1158 5337 298 252
1158 5338 286 251
1158 5339 276 250
1158 5340 266 249
1158 5341 255 248
1158 5342 244 247
1158 5343 247 248
1201 5390 283 267
1201 5391 284 264
1201 5392 285 259
1201 5393 288 263
1201 5394 289 263
1201 5395 291 260
1201 5396 292 262
1201 5397 294 259
1201 5398 295 262
1201 5399 296 262
1201 5400 298 263
1201 5401 300 264
1201 5402 303 262
1201 5403 305 260
1201 5404 305 260
1201 5405 307 263
1201 5406 308 262
1201 5407 311 263
1201 5408 313 264
1201 5409 316 264
1201 5410 318 265
1201 5411 319 261
1201 5412 321 262
1201 5413 322 263
1201 5414 324 265
1201 5415 326 265
1201 5416 327 265
1201 5417 330 265
1201 5418 333 265
1201 5419 335 266
1201 5420 335 265
1201 5421 338 263
1201 5422 339 266
1201 5423 340 266
1201 5424 343 266
1201 5425 346 266
1201 5426 348 266
1201 5427 348 267
1201 5428 351 267
1201 5429 352 263
1201 5430 355 266
1201 5431 357 264
1201 5432 358 264
1201 5433 362 266
1201 5434 362 268
1201 5435 363 268
1201 5436 366 265
1201 5437 368 268
1201 5438 369 268
1201 5439 371 268
1201 5440 373 267
1201 5441 376 268
1201 5442 377 269
1201 5443 379 268
1201 5444 380 267
1201 5445 382 268
1201 5446 384 270
1201 5447 388 267
1201 5448 389 269
1201 5449 392 271
1201 5450 393 268
1201 5451 395 269
1201 5452 397 270
1201 5453 398 271
1201 5454 402 271
1201 5455 403 271
1201 5456 404 272
1201 5457 405 271
1201 5458 409 271
1201 5459 410 269
1201 5460 412 273
1201 5461 415 269
1201 5462 417 272
1201 5463 418 273
1201 5464 420 273
1201 5465 422 273
1201 5466 422 272
1201 5467 426 273
1201 5468 426 274
1201 5469 429 274
1201 5470 431 271
1201 5471 433 275
1201 5472 434 275
1201 5473 436 274
1201 5474 438 275
1201 5475 440 275
1201 5476 442 275
1201 5477 445 273
1201 5478 448 273
1201 5479 449 276
1201 5480 450 276
1201 5481 452 273
1201 5482 454 276
1201 5483 456 277
1201 5484 459 277
1201 5485 461 275
1201 5486 463 278
1201 5487 464 277
1201 5488 467 277
1201 5489 469 277
1201 5490 471 278
1201 5491 474 276
1201 5492 476 278
1201 5493 477 278
1201 5494 479 277
1201 5495 480 277
1270 5659 286 252
1270 5660 297 254
1270 5661 307 254
1270 5662 312 256
1270 5663 324 256
1270 5664 339 257
1270 5665 352 258
1270 5666 362 259
1270 5667 368 258
1270 5668 382 260
1270 5669 395 263
1270 5670 408 263
1270 5671 426 265
1270 5672 438 264
1270 5673 450 264
1270 5674 463 267
1270 5675 472 267
1270 5676 477 268
1270 5677 482 269
1539 6642 17 475
1539 6643 19 475
1539 6644 19 474
1539 6645 22 472
1539 6646 24 468
1539 6647 27 470
1539 6648 29 470
1539 6649 30 463
1539 6650 33 461
1539 6651 35 462
1539 6652 35 458
1539 6653 37 456
1539 6654 37 454
1539 6655 43 451
1539 6656 44 448
1539 6657 46 445
1539 6658 48 445
1539 6659 49 445
1539 6660 49 440
1539 6661 54 440
1539 6662 56 437
1539 6663 58 433
1539 6664 59 433
1539 6665 63 432
1539 6666 64 431
1539 6667 67 426
1539 6668 70 423
1539 6669 72 425
1539 6670 74 419
1539 6671 75 419
1539 6672 79 416
1539 6673 80 415
1539 6674 82 413
1539 6675 85 411
1539 6676 87 409
1539 6677 89 406
1539 6678 91 406
1539 6679 95 404
1539 6680 95 403
1539 6681 95 400
1539 6682 98 396
1539 6683 101 396
1539 6684 102 397
1539 6685 104 394
1539 6686 106 393
1539 6687 109 390
1539 6688 109 390
1539 6689 110 388
1539 6690 113 386
1539 6691 114 386
1539 6692 115 383
1539 6693 117 382
1539 6694 121 380
1539 6695 118 377
1539 6696 121 377
1539 6697 123 375
1539 6698 125 376
1539 6699 124 372
1539 6700 127 371
1539 6701 129 369
2147 9976 177 475
2147 9977 179 475
2147 9978 187 476
2147 9979 189 476
2147 9980 198 475
2147 9981 202 474
2147 9982 206 474
2147 9983 214 474
2147 9984 218 473
2147 9985 220 473
2147 9986 228 473
2147 9987 231 473
2147 9988 237 472
2147 9989 242 471
2147 9990 247 471
2147 9991 253 471
2147 9992 257 471
2147 9993 262 470
2147 9994 267 470
2147 9995 272 471
2147 9996 275 470
2147 9997 281 469
2147 9998 283 469
2147 9999 288 468
2147 10000 293 468
2147 10001 301 468
2147 10002 306 467
2147 10003 309 467
2147 10004 313 467
2147 10005 322 467
2147 10006 325 466
2147 10007 329 466
2147 10008 335 466
2147 10009 340 465
2147 10010 343 464
2147 10011 349 464
2147 10012 354 464
2147 10013 358 464
2147 10014 363 463
2147 10015 365 458
2147 10016 370 463
2147 10017 371 462
2147 10018 381 461
2147 10019 386 461
2147 10020 391 459
2147 10021 391 460
2147 10022 400 458
2147 10023 403 457
2147 10024 408 458
2147 10025 409 457
2147 10026 416 456
2147 10027 421 455
2147 10028 426 454
2147 10029 425 454
2147 10030 432 452
2147 10031 437 450
2147 10032 442 451
2147 10033 443 450
2147 10034 447 449
2147 10035 452 448
2147 10036 455 447
2147 10037 459 447
2147 10038 463 445
2147 10039 463 446
2148 10039 470 437
2148 10040 474 444
2148 10041 475 444
2148 10042 481 443
2148 10043 486 442
2148 10044 491 442
2148 10045 491 442
2148 10046 492 441
2148 10047 502 440
2148 10048 506 439
2148 10049 507 441
2148 10050 513 439
2148 10051 518 438
2148 10052 523 437
2148 10053 524 438
2148 10054 528 436
2148 10055 533 433
2148 10056 536 434
2148 10057 541 434
2148 10058 544 434
2148 10059 547 433
2148 10060 552 432
2148 10061 554 432
2148 10062 558 431
2148 10063 563 429
2148 10064 568 429
2148 10065 568 429
2148 10066 572 429
2148 10067 576 428
2148 10068 580 427
2148 10069 584 427
2148 10070 589 425
2148 10071 589 425
2148 10072 596 419
2148 10073 599 424
2148 10074 601 420
2148 10075 602 422
2148 10076 605 423
2148 10077 612 422
2148 10078 615 420
2148 10079 615 421
2148 10080 618 420
2148 10081 623 419
2148 10082 623 419
2148 10083 626 417
2148 10084 632 418
2148 10085 635 418
2148 10086 635 416
2148 10087 635 415
2212 10494 487 271
2212 10495 480 265
2212 10496 472 265
2212 10497 466 264
2212 10498 443 262
2212 10499 439 262
2212 10500 410 259
2212 10501 393 259
2212 10502 377 257
2212 10503 360 256
2212 10504 368 257
2225 10538 483 262
2225 10539 464 260
2225 10540 461 260
2225 10541 444 259
2225 10542 435 256
2225 10543 426 257
2225 10544 415 257
2225 10545 408 255
2225 10546 402 255
2225 10547 392 254
2225 10548 380 254
2225 10549 369 253
2225 10550 355 252
2225 10551 344 251
2225 10552 334 249
2225 10553 331 250
2225 10554 314 248
2225 10555 307 248
2225 10556 296 247
2225 10557 287 246
2225 10558 276 246
2225 10559 274 246
2251 10579 229 293
2251 10580 232 295
2251 10581 233 294
2251 10582 233 297
2251 10583 236 293
2251 10584 237 297
2251 10585 239 298
2251 10586 242 298
2251 10587 243 299
2251 10588 244 297
2251 10589 245 298
2251 10590 248 296
2251 10591 250 299
2251 10592 251 298
2251 10593 254 300
2251 10594 255 300
2251 10595 257 301
2251 10596 258 298
2251 10597 259 301
2251 10598 264 302
2251 10599 266 300
2251 10600 266 303
2251 10601 269 303
2251 10602 269 303
2251 10603 274 303
2251 10604 275 304
2251 10605 276 304
2251 10606 279 299
2251 10607 279 299
2251 10608 282 303
2251 10609 286 304
2251 10610 287 304
2251 10611 290 306
2251 10612 291 306
2251 10613 293 306
2251 10614 296 305
2251 10615 299 307
2251 10616 300 307
2251 10617 302 306
2251 10618 304 305
2251 10619 306 307
2251 10620 308 307
2251 10621 308 308
2251 10622 309 308
2251 10623 315 308
2251 10624 315 307
2251 10625 318 308
2251 10626 321 308
2251 10627 322 308
2251 10628 324 309
2251 10629 328 309
2251 10630 330 309
2251 10631 333 309
2251 10632 332 308
2251 10633 335 309
2251 10634 337 307
2251 10635 341 310
2251 10636 342 310
2251 10637 344 310
2251 10638 346 305
2251 10639 349 311
2251 10640 351 311
2251 10641 352 311
2251 10642 355 311
2251 10643 359 312
2251 10644 360 312
2251 10645 362 311
2251 10646 364 312
2251 10647 367 310
2251 10648 369 313
2251 10649 369 312
2251 10650 372 306
2251 10651 375 314
2251 10652 376 314
2251 10653 378 314
2251 10654 381 314
2251 10655 382 319
2251 10656 384 315
2251 10657 387 315
2251 10658 389 315
2251 10659 393 315
2251 10660 394 316
2251 10661 393 316
2251 10662 397 313
2251 10663 399 317
2251 10664 402 318
2251 10665 403 317
2251 10666 406 313
2251 10667 407 317
2251 10668 412 318
2251 10669 411 316
2251 10670 414 318
2251 10671 417 318
2251 10672 416 316
2251 10673 419 319
2251 10674 421 320
2251 10675 423 322
2251 10676 426 324
2251 10677 427 327
2251 10678 426 328
2252 10580 124 281
2252 10581 119 283
2252 10582 115 285
2252 10583 115 286
2252 10584 108 287
2252 10585 104 290
2252 10586 94 293
2252 10587 93 295
2252 10588 85 297
2252 10589 82 299
2252 10590 80 301
2252 10591 74 303
2252 10592 69 307
2252 10593 61 309
2252 10594 52 313
2252 10595 51 314
2252 10596 41 317
2252 10597 38 318
2252 10598 35 321
2252 10599 45 319
2252 10600 37 321
2252 10601 39 321
2374 10922 275 251
2374 10923 279 256
2374 10924 283 256
2374 10925 286 256
2374 10926 287 256
2374 10927 291 257
2374 10928 293 257
2374 10929 296 257
2374 10930 301 258
2374 10931 302 257
2374 10932 306 258
2374 10933 307 259
2374 10934 310 259
2374 10935 314 259
2374 10936 315 259
2374 10937 320 259
2374 10938 323 259
2374 10939 326 258
2374 10940 330 259
2374 10941 332 261
2374 10942 335 260
2374 10943 339 260
2374 10944 341 261
2374 10945 343 261
2374 10946 348 261
2374 10947 349 262
2374 10948 354 262
2374 10949 356 262
2374 10950 358 264
2374 10951 362 263
2374 10952 366 263
2374 10953 368 265
2374 10954 372 263
2374 10955 374 264
2374 10956 377 264
2374 10957 380 264
2374 10958 384 264
2374 10959 387 265
2374 10960 388 266
2374 10961 392 264
2374 10962 395 266
2374 10963 398 266
2374 10964 403 267
2374 10965 404 264
2374 10966 408 267
2374 10967 412 268
2374 10968 415 267
2374 10969 418 267
2374 10970 422 269
2374 10971 423 266
2374 10972 428 269
2374 10973 431 267
2374 10974 435 268
2374 10975 437 269
2374 10976 439 271
2374 10977 443 269
2374 10978 446 270
2374 10979 449 270
2374 10980 453 269
2374 10981 456 271
2374 10982 458 271
2374 10983 462 271
2374 10984 466 272
2374 10985 468 272
2374 10986 472 272
2374 10987 473 272
2374 10988 477 273
2374 10989 482 271
2374 10990 486 269
2374 10991 488 276
2374 10992 488 274
2377 10926 263 257
2377 10927 269 258
2377 10928 270 258
2377 10929 274 258
2377 10930 276 255
2377 10931 278 258
2377 10932 282 256
2377 10933 285 258
2377 10934 289 256
2377 10935 291 256
2377 10936 292 259
2377 10937 299 257
2377 10938 300 257
2377 10939 302 256
2377 10940 307 258
2377 10941 310 258
2377 10942 312 256
2377 10943 312 258
2377 10944 318 259
2377 10945 319 259
2377 10946 326 262
2377 10947 327 259
2377 10948 331 259
2377 10949 332 257
2377 10950 333 260
2377 10951 340 259
2377 10952 342 260
2377 10953 345 260
2377 10954 349 260
2377 10955 350 261
2377 10956 354 261
2377 10957 359 261
2377 10958 364 264
2377 10959 365 261
2377 10960 368 262
2377 10961 372 262
2377 10962 373 263
2377 10963 378 262
2377 10964 380 263
2377 10965 382 266
2377 10966 386 261
2377 10967 392 258
2377 10968 393 262
2377 10969 395 264
2377 10970 399 265
2377 10971 400 266
2377 10972 406 268
2377 10973 408 268
2377 10974 412 265
2377 10975 417 265
2377 10976 418 267
2377 10977 421 267
2377 10978 425 267
2377 10979 428 269
2377 10980 433 267
2377 10981 434 270
2377 10982 436 268
2377 10983 441 268
2377 10984 445 271
2377 10985 447 271
2377 10986 451 269
2377 10987 452 272
2377 10988 455 272
2377 10989 461 273
2377 10990 463 272
2377 10991 465 270
2377 10992 470 273
2377 10993 472 271
2377 10994 473 273
2377 10995 478 273
2377 10996 481 272
2377 10997 486 271
2377 10998 487 276
2450 11044 369 260
2450 11045 376 261
2450 11046 391 262
2450 11047 405 263
2450 11048 415 264
2450 11049 429 265
2450 11050 442 266
2450 11051 447 266
2450 11052 459 267
2450 11053 476 268
2450 11054 477 269
2450 11055 488 274
2456 11054 327 257
2456 11055 331 259
2456 11056 343 260
2456 11057 356 260
2456 11058 375 262
2456 11059 387 263
2456 11060 399 264
2456 11061 414 265
2456 11062 427 266
2456 11063 436 266
2456 11064 446 267
2456 11065 457 268
2456 11066 460 272
2524 11298 449 339
2524 11299 448 338
2524 11300 447 341
2524 11301 445 334
2524 11302 439 339
2524 11303 438 334
2524 11304 437 332
2524 11305 435 332
2524 11306 430 331
2524 11307 429 332
2524 11308 427 331
2524 11309 426 330
2524 11310 420 329
2524 11311 420 329
2524 11312 416 328
2524 11313 414 328
2524 11314 410 327
2524 11315 409 328
2524 11316 407 327
2524 11317 403 326
2524 11318 400 326
2524 11319 400 326
2524 11320 398 326
2524 11321 394 325
2524 11322 392 325
2524 11323 390 324
2524 11324 387 324
2524 11325 385 324
2524 11326 383 323
2524 11327 381 324
2524 11328 379 322
2524 11329 376 322
2524 11330 374 323
2524 11331 372 325
2524 11332 371 325
2524 11333 367 321
2524 11334 365 321
2524 11335 363 321
2524 11336 360 320
2524 11337 358 319
2524 11338 356 320
2524 11339 356 318
2524 11340 352 319
2524 11341 347 318
2524 11342 347 318
2524 11343 346 317
2524 11344 342 316
2524 11345 339 316
2524 11346 338 316
2524 11347 336 316
2524 11348 332 315
2524 11349 330 315
2524 11350 329 314
2524 11351 327 313
2524 11352 324 314
2524 11353 320 313
2524 11354 320 313
2524 11355 318 312
2524 11356 314 312
2524 11357 313 312
2524 11358 312 311
2524 11359 310 309
2524 11360 307 310
2524 11361 305 311
2524 11362 303 310
2524 11363 301 309
2524 11364 297 309
2524 11365 298 309
2524 11366 295 306
2524 11367 292 308
2524 11368 289 310
2524 11369 289 310
2524 11370 287 309
2524 11371 283 306
2524 11372 281 307
2524 11373 281 306
2524 11374 279 303
2524 11375 276 306
2524 11376 274 305
2524 11377 273 304
2524 11378 270 303
2524 11379 268 304
2524 11380 266 304
2524 11381 265 303
2524 11382 262 301
2524 11383 260 301
2524 11384 259 301
2524 11385 259 301
2524 11386 256 301
2524 11387 253 302
2524 11388 251 302
2524 11389 250 302
2524 11390 249 299
2524 11391 245 301
2524 11392 245 299
2524 11393 244 298
2524 11394 241 298
2524 11395 237 291
2524 11396 238 298
2524 11397 238 298
2524 11398 235 297
2524 11399 233 299
2524 11400 232 294
2524 11401 231 296
2524 11402 229 298
2524 11403 226 296
2524 11404 225 296
2524 11405 224 296
2524 11406 222 294
2524 11407 221 295
2524 11408 220 294
2524 11409 219 297
2524 11410 217 295
2524 11411 216 292
2524 11412 215 294
2524 11413 213 291
2524 11414 213 297
2524 11415 211 291
2524 11416 210 290
2524 11417 209 298
2524 11418 209 290
2524 11419 205 290
2524 11420 205 291
2524 11421 202 286
2524 11422 201 286
2524 11423 202 288
2524 11424 201 287
2524 11425 199 288
2524 11426 198 286
2524 11427 198 289
2524 11428 196 288
2524 11429 195 288
2524 11430 194 286
2524 11431 193 287
2524 11432 193 285
2524 11433 190 287
2524 11434 188 285
2537 11430 291 254
2537 11431 301 255
2537 11432 315 257
2537 11433 323 257
2537 11434 336 258
2537 11435 342 258
2537 11436 364 260
2537 11437 375 261
2537 11438 389 263
2537 11439 404 264
2537 11440 412 265
2537 11441 426 266
2537 11442 437 266
2537 11443 447 267
2537 11444 460 268
2537 11445 469 269
2537 11446 481 270
2579 11715 290 475
2579 11716 294 475
2579 11717 299 475
2579 11718 302 474
2579 11719 306 474
2579 11720 309 474
2579 11721 313 474
2579 11722 318 475
2579 11723 322 474
2579 11724 326 474
2579 11725 329 474
2579 11726 333 474
2579 11727 338 473
2579 11728 344 471
2579 11729 345 473
2579 11730 350 473
2579 11731 355 472
2579 11732 358 471
2579 11733 362 471
2579 11734 363 471
2579 11735 368 471
2579 11736 374 470
2579 11737 376 470
2579 11738 381 471
2579 11739 385 471
2579 11740 389 470
2579 11741 394 470
2579 11742 397 470
2579 11743 400 469
2579 11744 404 469
2579 11745 409 468
2579 11746 411 468
2579 11747 416 468
2579 11748 420 467
2579 11749 423 467
2579 11750 427 467
2579 11751 428 467
2579 11752 432 466
2579 11753 436 466
2579 11754 440 466
2579 11755 443 466
2579 11756 447 465
2579 11757 451 465
2579 11758 453 465
2579 11759 452 465
2656 11941 546 407
2656 11942 545 402
2656 11943 548 400
2656 11944 550 398
2656 11945 553 400
2656 11946 555 401
2656 11947 558 404
2656 11948 560 403
2656 11949 564 410
2656 11950 565 407
2656 11951 568 409
2656 11952 571 407
2656 11953 573 412
2656 11954 576 412
2656 11955 579 413
2656 11956 583 413
2656 11957 586 414
2656 11958 589 414
2656 11959 592 414
2656 11960 594 418
2656 11961 598 425
2656 11962 601 420
2656 11963 603 421
2656 11964 606 420
2656 11965 611 421
2656 11966 614 425
2656 11967 617 426
2656 11968 618 424
2656 11969 621 429
2656 11970 625 429
2656 11971 627 429
2656 11972 631 432
2656 11973 633 432
2656 11974 635 435
2701 12096 487 271
2701 12097 479 268
2701 12098 472 266
2701 12099 469 266
2701 12100 455 264
2701 12101 442 262
2701 12102 426 260
2701 12103 410 259
2701 12104 398 259
2701 12105 386 259
2701 12106 370 257
2701 12107 371 256
2735 12279 221 248
2735 12280 229 248
2735 12281 246 250
2735 12282 257 250
2735 12283 281 254
2735 12284 287 254
2735 12285 297 254
2735 12286 313 256
2735 12287 324 257
2735 12288 341 258
2735 12289 357 260
2735 12290 375 261
2735 12291 373 266
2763 12385 107 405
2763 12386 104 402
2763 12387 103 405
2763 12388 103 403
2763 12389 97 404
2763 12390 98 409
2763 12391 96 411
2763 12392 94 406
2763 12393 92 410
2763 12394 90 413
2763 12395 87 414
2763 12396 87 413
2763 12397 84 411
2763 12398 82 418
2763 12399 80 419
2763 12400 77 420
2763 12401 75 422
2763 12402 75 423
2763 12403 73 424
2763 12404 67 422
2763 12405 66 422
2763 12406 65 428
2763 12407 63 431
2763 12408 61 430
2763 12409 58 431
2763 12410 57 434
2763 12411 55 435
2763 12412 54 440
2763 12413 48 438
2763 12414 47 440
2763 12415 45 440
2763 12416 41 440
2763 12417 38 444
2763 12418 38 447
2763 12419 33 446
2763 12420 27 444
2821 13145 363 258
2821 13146 355 255
2821 13147 343 255
2821 13148 327 254
2821 13149 312 252
2821 13150 296 250
2821 13151 282 250
2821 13152 271 248
2821 13153 257 248
2821 13154 246 246
2821 13155 218 248
2821 13156 215 248
2834 13295 242 250
2834 13296 251 251
2834 13297 256 251
2834 13298 263 252
2834 13299 277 253
2834 13300 286 253
2834 13301 293 254
2834 13302 303 254
2834 13303 312 255
2834 13304 321 257
2834 13305 332 258
2834 13306 342 258
2834 13307 352 259
2834 13308 360 260
2834 13309 371 259
2834 13310 382 262
2834 13311 388 262
2834 13312 401 263
2834 13313 413 264
2834 13314 422 265
2834 13315 430 266
2834 13316 440 267
2834 13317 454 268
2834 13318 459 269
2834 13319 470 269
2834 13320 477 269
2834 13321 481 270
2834 13322 486 268