6 2 610 346
6 3 611 347
6 4 607 346
6 5 606 346
6 6 605 346
6 7 606 349
6 8 604 349
6 9 606 351
6 10 603 352
6 11 599 351
6 12 598 351
6 13 600 355
6 14 597 354
6 15 599 355
6 16 598 352
6 17 593 356
6 18 590 356
6 19 590 357
6 20 592 360
6 21 590 361
6 22 587 359
6 23 586 361
6 24 586 362
6 25 582 363
6 26 585 359
6 27 581 365
6 28 579 366
6 29 577 365
6 30 575 365
6 31 578 365
6 32 575 370
6 33 574 369
6 34 570 369
6 35 572 371
6 36 570 371
6 37 569 372
6 38 570 372
6 39 566 376
6 40 563 376
6 41 562 376
6 42 565 378
6 43 563 381
6 44 563 379
6 45 561 379
6 46 556 384
6 47 560 382
6 48 556 382
6 49 552 386
6 50 550 388
6 51 552 387
6 52 550 386
6 53 546 390
6 54 546 389
6 55 544 391
6 56 542 391
6 57 542 393
6 58 535 394
6 59 534 394
6 60 531 394
6 61 534 397
6 62 531 396
190 166 384 415
190 167 385 412
190 168 383 411
190 169 378 415
190 170 375 417
190 171 369 414
190 172 366 418
190 173 363 419
190 174 360 420
190 175 356 419
190 176 351 423
190 177 349 425
190 178 343 424
190 179 340 426
190 180 338 427
190 181 334 428
190 182 329 429
190 183 326 430
190 184 324 432
190 185 318 429
190 186 313 432
190 187 313 433
190 188 308 435
190 189 302 434
190 190 299 437
190 191 294 439
190 192 289 435
190 193 288 438
190 194 282 440
190 195 277 441
190 196 273 442
190 197 268 444
190 198 268 444
190 199 260 442
190 200 255 445
190 201 253 446
190 202 250 447
190 203 242 448
190 204 240 449
190 205 238 450
190 206 233 450
190 207 225 451
190 208 223 452
190 209 217 452
190 210 212 452
190 211 207 455
190 212 205 456
190 213 197 453
190 214 196 456
190 215 189 458
190 216 184 459
190 217 180 458
190 218 179 461
190 219 172 462
190 220 169 461
190 221 162 463
190 222 160 464
190 223 154 464
190 224 148 464
190 225 146 465
190 226 143 465
190 227 138 466
190 228 130 466
190 229 125 466
190 230 123 468
190 231 116 467
190 232 116 468
190 233 106 468
190 234 104 468
190 235 101 469
258 404 298 259
258 405 315 259
258 406 331 261
258 407 341 261
258 408 358 262
258 409 376 263
258 410 394 264
258 411 404 265
258 412 424 266
258 413 442 268
258 414 461 269
258 415 460 273
280 433 163 271
280 434 167 272
280 435 160 274
280 436 161 272
280 437 154 279
280 438 151 284
280 439 148 280
280 440 145 284
280 441 144 284
280 442 142 285
280 443 140 287
280 444 136 289
280 445 134 290
280 446 132 297
280 447 132 294
280 448 126 296
280 449 131 292
280 450 127 294
280 451 125 296
280 452 118 302
280 453 118 298
280 454 115 295
371 618 439 262
371 619 426 262
371 620 410 259
371 621 399 259
371 622 384 258
371 623 367 257
371 624 352 256
371 625 341 255
371 626 326 253
371 627 311 252
371 628 301 252
371 629 285 251
371 630 273 248
371 631 259 247
371 632 252 247
371 633 243 247
414 717 3 296
414 718 3 294
414 719 4 294
414 720 4 291
414 721 4 295
414 722 5 291
414 723 7 289
414 724 9 290
414 725 10 288
414 726 11 289
414 727 13 285
414 728 15 285
414 729 16 285
414 730 17 286
414 731 19 284
414 732 20 284
414 733 20 283
414 734 21 283
414 735 22 283
414 736 24 280
414 737 28 281
414 738 27 282
414 739 29 281
414 740 30 281
414 741 30 281
414 742 33 280
414 743 35 279
414 744 35 278
414 745 37 279
414 746 39 280
414 747 40 277
414 748 43 279
414 749 43 277
414 750 44 276
414 751 45 276
414 752 47 275
414 753 48 276
414 754 50 275
414 755 51 275
414 756 52 275
414 757 53 272
414 758 56 274
414 759 57 273
414 760 58 272
414 761 60 271
414 762 61 271
414 763 63 270
414 764 64 272
414 765 66 269
414 766 67 270
414 767 68 271
414 768 68 270
414 769 71 269
414 770 71 269
414 771 73 270
414 772 75 267
414 773 77 267
414 774 78 270
414 775 81 271
414 776 81 267
414 777 83 268
414 778 83 268
414 779 84 267
414 780 85 265
414 781 89 264
414 782 90 267
414 783 91 266
414 784 92 264
414 785 94 266
414 786 96 267
414 787 96 264
414 788 98 265
414 789 99 264
414 790 98 266
414 791 98 265
414 792 101 261
545 1030 7 475
545 1031 10 475
545 1032 14 475
545 1033 19 475
545 1034 22 475
545 1035 26 475
545 1036 29 474
545 1037 34 474
545 1038 39 474
545 1039 43 474
545 1040 46 473
545 1041 51 473
545 1042 56 475
545 1043 59 473
545 1044 64 472
545 1045 68 471
545 1046 71 472
545 1047 76 472
545 1048 81 471
545 1049 85 470
545 1050 88 470
545 1051 93 471
545 1052 98 470
545 1053 102 470
545 1054 107 469
545 1055 110 469
545 1056 115 469
545 1057 121 468
545 1058 124 468
545 1059 127 468
545 1060 132 468
545 1061 136 467
545 1062 141 467
545 1063 146 466
545 1064 151 466
545 1065 154 466
545 1066 159 465
545 1067 163 465
545 1068 168 465
545 1069 172 465
545 1070 175 464
545 1071 179 463
545 1072 183 463
545 1073 191 463
545 1074 192 462
545 1075 197 461
545 1076 200 462
545 1077 209 461
545 1078 210 459
545 1079 214 457
545 1080 218 459
545 1081 224 458
545 1082 228 458
545 1083 230 455
545 1084 233 455
545 1085 240 455
545 1086 244 454
545 1087 246 452
545 1088 249 449
545 1089 253 451
545 1090 252 456
554 1037 218 476
554 1038 218 475
554 1039 216 473
554 1040 215 472
554 1041 211 471
554 1042 210 468
554 1043 209 465
554 1044 205 463
554 1045 204 460
554 1046 204 459
554 1047 202 456
554 1048 199 456
554 1049 198 453
554 1050 196 451
554 1051 194 448
554 1052 192 446
554 1053 192 444
554 1054 191 440
554 1055 189 440
554 1056 185 441
554 1057 185 436
554 1058 184 434
554 1059 181 432
554 1060 182 429
554 1061 181 428
554 1062 180 426
554 1063 177 427
554 1064 177 423
554 1065 176 419
554 1066 175 416
554 1067 174 417
554 1068 175 413
554 1069 173 411
554 1070 170 411
554 1071 170 411
554 1072 169 407
554 1073 168 406
554 1074 170 411
668 1187 552 367
668 1188 553 369
668 1189 556 365
668 1190 555 370
668 1191 557 368
668 1192 561 367
668 1193 562 365
668 1194 564 366
668 1195 566 361
668 1196 570 364
668 1197 570 364
668 1198 562 365
668 1199 563 365
668 1200 559 367
668 1201 561 366
668 1202 563 366
668 1203 566 366
668 1204 568 365
668 1205 569 364
668 1206 572 364
668 1207 578 364
668 1208 575 362
668 1209 577 363
668 1210 578 361
668 1211 580 360
668 1212 583 359
668 1213 585 361
668 1214 584 357
668 1215 588 357
668 1216 589 356
668 1217 591 354
668 1218 592 356
668 1219 593 353
668 1220 595 354
668 1221 592 352
668 1222 599 354
668 1223 600 352
668 1224 601 351
668 1225 600 350
668 1226 602 349
668 1227 603 350
668 1228 604 347
668 1229 605 345
668 1230 608 347
668 1231 608 346
668 1232 613 348
668 1233 610 345
668 1234 609 343
668 1235 611 343
668 1236 613 342
668 1237 613 342
668 1238 614 342
668 1239 613 339
668 1240 614 339
668 1241 617 339
668 1242 616 338
668 1243 617 337
668 1244 619 336
668 1245 619 336
668 1246 619 333
690 1214 130 246
690 1215 133 246
690 1216 135 247
690 1217 139 247
690 1218 142 248
690 1219 145 249
690 1220 149 250
690 1221 151 250
690 1222 154 252
690 1223 143 249
690 1224 148 250
690 1225 152 250
690 1226 160 252
690 1227 162 257
690 1228 162 258
690 1229 163 262
690 1230 163 263
690 1231 162 265
690 1232 161 266
690 1233 160 268
690 1234 158 271
690 1235 156 272
690 1236 154 274
690 1237 150 276
690 1238 149 278
690 1239 143 282
690 1240 143 283
690 1241 137 285
690 1242 133 287
690 1243 132 290
690 1244 127 292
690 1245 121 295
690 1246 116 298
690 1247 112 299
690 1248 106 302
690 1249 100 305
690 1250 92 308
690 1251 89 309
690 1252 81 312
690 1253 75 316
690 1254 67 318
690 1255 62 321
690 1256 55 324
690 1257 47 326
690 1258 42 328
690 1259 35 331
690 1260 27 335
690 1261 23 338
690 1262 20 341
690 1263 17 343
690 1264 12 343
690 1265 9 345
690 1266 7 350
690 1267 3 350
1239 2079 133 315
1239 2080 135 315
1239 2081 136 315
1239 2082 139 314
1239 2083 137 310
1239 2084 137 309
1239 2085 139 307
1239 2086 141 306
1239 2087 143 306
1239 2088 145 306
1239 2089 148 305
1239 2090 150 305
1239 2091 153 304
1239 2092 154 304
1239 2093 160 304
1239 2094 161 304
1239 2095 162 304
1239 2096 165 303
1239 2097 168 302
1239 2098 167 302
1239 2099 170 301
1239 2100 173 300
1239 2101 175 300
1239 2102 180 300
1239 2103 181 300
1239 2104 184 299
1239 2105 186 299
1239 2106 189 299
1239 2107 190 299
1239 2108 194 300
1239 2109 197 302
1239 2110 200 306
1239 2111 201 306
1239 2112 203 301
1239 2113 206 301
1239 2114 208 301
1239 2115 211 301
1239 2116 212 302
1239 2117 217 301
1239 2118 217 297
1239 2119 220 295
1239 2120 225 296
1239 2121 223 297
1239 2122 226 295
1239 2123 229 295
1239 2124 229 294
1239 2125 233 294
1239 2126 235 294
1239 2127 237 292
1239 2128 240 292
1239 2129 240 292
1239 2130 244 297
1239 2131 246 296
1239 2132 249 297
1239 2133 251 296
1239 2134 252 295
1239 2135 254 295
1239 2136 256 295
1239 2137 258 295
1239 2138 259 292
1239 2139 262 293
1239 2140 263 290
1239 2141 266 293
1239 2142 267 292
1239 2143 268 292
1239 2144 270 292
1239 2145 271 291
1239 2146 273 291
1239 2147 275 290
1239 2148 276 290
1239 2149 279 289
1239 2150 279 289
1239 2151 281 287
1239 2152 283 287
1239 2153 283 287
1239 2154 285 286
1239 2155 288 286
1239 2156 287 285
1239 2157 290 284
1239 2158 291 283
1239 2159 292 284
1278 2104 294 258
1278 2105 304 258
1278 2106 315 258
1278 2107 322 259
1278 2108 333 261
1278 2109 343 261
1278 2110 352 261
1278 2111 362 261
1278 2112 374 262
1278 2113 385 264
1278 2114 393 264
1278 2115 404 265
1278 2116 416 266
1278 2117 428 267
1278 2118 436 267
1278 2119 447 268
1278 2120 459 269
1278 2121 465 268
1368 2212 306 475
1368 2213 308 474
1368 2214 311 473
1368 2215 315 472
1368 2216 318 468
1368 2217 321 471
1368 2218 326 470
1368 2219 330 467
1368 2220 334 466
1368 2221 335 463
1368 2222 338 462
1368 2223 340 462
1368 2224 344 462
1368 2225 347 460
1368 2226 351 458
1368 2227 354 457
1368 2228 353 467
1368 2229 355 465
1368 2230 356 466
1368 2231 361 463
1368 2232 365 460
1368 2233 367 452
1368 2234 370 451
1368 2235 371 452
1368 2236 376 447
1368 2237 379 445
1368 2238 381 443
1368 2239 383 440
1760 2768 483 270
1760 2769 479 265
1760 2770 472 264
1760 2771 455 262
1760 2772 438 260
1760 2773 423 260
1760 2774 410 259
1760 2775 393 258
1760 2776 377 257
1760 2777 366 256
1760 2778 351 255
1760 2779 334 254
1760 2780 318 252
1760 2781 308 251
1760 2782 294 250
1760 2783 279 248
1760 2784 277 251
1842 2843 163 302
1842 2844 167 304
1842 2845 170 302
1842 2846 172 300
1842 2847 176 300
1842 2848 179 299
1842 2849 181 299
1842 2850 185 300
1842 2851 188 298
1842 2852 190 299
1842 2853 193 302
1842 2854 197 301
1842 2855 200 306
1842 2856 202 307
1842 2857 205 306
1842 2858 208 302
1842 2859 211 300
1842 2860 213 301
1842 2861 216 300
1842 2862 219 300
1842 2863 221 301
1842 2864 224 298
1842 2865 227 299
1842 2866 230 296
1842 2867 232 296
1842 2868 235 299
1842 2869 238 304
1842 2870 242 305
1842 2871 246 303
1842 2872 247 297
1842 2873 249 298
1842 2874 252 298
1842 2875 254 298
1842 2876 258 298
1842 2877 261 298
1842 2878 263 297
1842 2879 266 297
1842 2880 268 296
1842 2881 271 297
1842 2882 274 297
1842 2883 276 296
1842 2884 279 295
1842 2885 284 295
1842 2886 284 295
1842 2887 288 293
1842 2888 292 295
1842 2889 295 294
1842 2890 295 294
1842 2891 299 294
1842 2892 301 294
1842 2893 303 294
1842 2894 306 293
1842 2895 308 293
1842 2896 312 293
1842 2897 314 293
1842 2898 317 293
1842 2899 321 293
1842 2900 322 293
1842 2901 326 291
1842 2902 329 291
1842 2903 332 291
1842 2904 334 290
1842 2905 336 291
1842 2906 342 291
1842 2907 342 291
1842 2908 346 288
1842 2909 346 290
1842 2910 350 290
1842 2911 353 288
1842 2912 356 288
1842 2913 359 290
1842 2914 360 289
1842 2915 364 288
1842 2916 367 289
1842 2917 370 288
1842 2918 371 287
1842 2919 372 288
1842 2920 376 289
1842 2921 376 288
1842 2922 376 292
1875 2881 212 317
1875 2882 213 314
1875 2883 214 314
1875 2884 215 312
1875 2885 217 312
1875 2886 219 314
1875 2887 221 315
1875 2888 222 316
1875 2889 224 319
1875 2890 225 318
1875 2891 226 316
1875 2892 227 317
1875 2893 228 319
1875 2894 230 321
1875 2895 232 319
1875 2896 234 320
1875 2897 235 321
1875 2898 236 324
1875 2899 237 326
1875 2900 238 326
1875 2901 240 327
1875 2902 241 328
1875 2903 244 327
1875 2904 246 329
1875 2905 248 329
1875 2906 249 331
1875 2907 249 329
1875 2908 250 331
1875 2909 252 333
1875 2910 255 335
1875 2911 257 334
1875 2912 258 334
1875 2913 260 341
1875 2914 261 339
1875 2915 262 341
1875 2916 265 342
1875 2917 266 341
1875 2918 268 343
1875 2919 270 343
1875 2920 271 347
1875 2921 272 346
1875 2922 273 346
1875 2923 274 349
1875 2924 275 349
1875 2925 278 349
1875 2926 280 353
1875 2927 282 350
1875 2928 284 355
1875 2929 285 357
1875 2930 287 353
1875 2931 288 358
1875 2932 290 361
1875 2933 292 360
1875 2934 295 361
1875 2935 297 361
1875 2936 300 366
1875 2937 300 365
1875 2938 302 364
1875 2939 303 368
1875 2940 305 364
1875 2941 308 369
1875 2942 311 365
1875 2943 313 368
1875 2944 315 374
1875 2945 317 373
1875 2946 319 372
1875 2947 322 372
1875 2948 324 379
1875 2949 327 375
1875 2950 330 374
1875 2951 333 375
1875 2952 327 378
2069 3064 443 447
2069 3065 447 449
2069 3066 450 448
2069 3067 454 444
2069 3068 457 450
2069 3069 462 451
2069 3070 467 450
2069 3071 470 452
2069 3072 472 457
2069 3073 477 459
2069 3074 480 457
2069 3075 484 457
2069 3076 488 462
2069 3077 492 463
2069 3078 497 464
2069 3079 500 461
2069 3080 500 468
2069 3081 505 467
2069 3082 510 468
2069 3083 513 468
2069 3084 518 470
2069 3085 522 471
2069 3086 526 471
2069 3087 531 472
2069 3088 535 473
2069 3089 538 475
2069 3090 542 476
2069 3091 545 476
2121 3131 141 475
2121 3132 144 475
2121 3133 148 475
2121 3134 151 475
2121 3135 155 474
2121 3136 158 476
2121 3137 162 474
2121 3138 165 475
2121 3139 168 475
2121 3140 172 475
2121 3141 177 473
2121 3142 180 473
2121 3143 185 475
2121 3144 190 474
2121 3145 195 474
2121 3146 198 473
2121 3147 204 473
2121 3148 209 473
2121 3149 213 472
2121 3150 216 472
2121 3151 221 472
2121 3152 226 471
2121 3153 230 471
2121 3154 232 469
2121 3155 237 468
2121 3156 243 468
2121 3157 247 471
2121 3158 251 467
2121 3159 255 465
2121 3160 261 464
2121 3161 264 468
2173 3158 313 425
2173 3159 317 423
2173 3160 318 429
2173 3161 320 415
2173 3162 320 431
2173 3163 324 426
2173 3164 327 423
2173 3165 330 421
2173 3166 332 422
2173 3167 337 421
2173 3168 339 420
2173 3169 341 420
2173 3170 345 417
2173 3171 347 416
2173 3172 349 417
2173 3173 351 418
2173 3174 354 418
2173 3175 357 420
2173 3176 360 416
2173 3177 362 415
2173 3178 365 412
2173 3179 365 419
2173 3180 366 425
2173 3181 369 415
2173 3182 372 411
2173 3183 375 412
2173 3184 376 409
2173 3185 380 411
2173 3186 380 410
2173 3187 383 409
2173 3188 384 409
2173 3189 387 401
2583 3731 411 257
2583 3732 405 258
2583 3733 394 258
2583 3734 384 255
2583 3735 378 255
2583 3736 366 255
2583 3737 356 253
2583 3738 346 252
2583 3739 339 253
2583 3740 329 251
2583 3741 319 251
2583 3742 308 251
2583 3743 302 249
2583 3744 293 248
2583 3745 283 247
2583 3746 273 247
2583 3747 267 246
2679 3813 451 473
2679 3814 449 473
2679 3815 448 471
2679 3816 444 471
2679 3817 442 470
2679 3818 439 469
2679 3819 437 467
2679 3820 435 467
2679 3821 431 467
2679 3822 428 465
2679 3823 425 461
2679 3824 421 465
2679 3825 420 463
2679 3826 417 458
2679 3827 412 459
2679 3828 411 457
2679 3829 409 454
2679 3830 404 454
2679 3831 401 454
2679 3832 401 453
2679 3833 397 449
2679 3834 394 450
2679 3835 393 450
2679 3836 390 445
2679 3837 387 444
2679 3838 384 443
2679 3839 384 444
2679 3840 383 435
2694 3840 378 435
2694 3841 379 434
2694 3842 377 433
2694 3843 375 435
2694 3844 374 434
2694 3845 371 433
2694 3846 369 432
2694 3847 368 429
2694 3848 365 428
2694 3849 363 427
2694 3850 362 424
2694 3851 360 424
2694 3852 356 422
2694 3853 355 418
2694 3854 354 421
2694 3855 351 418
2694 3856 349 417
2694 3857 348 416
2694 3858 346 414
2694 3859 344 410
2694 3860 341 413
2694 3861 339 409
2694 3862 337 407
2694 3863 335 407
2694 3864 334 406
2694 3865 333 404
2694 3866 331 403
2694 3867 330 404
2694 3868 328 401
2694 3869 327 399
2694 3870 325 398
2694 3871 324 395
2694 3872 322 395
2694 3873 321 392
2694 3874 318 394
2694 3875 317 393
2694 3876 316 389
2694 3877 315 388
2694 3878 314 394
2707 3859 636 281
2707 3860 632 281
2707 3861 629 279
2707 3862 625 282
2707 3863 620 281
2707 3864 615 273
2707 3865 607 272
2707 3866 600 271
2707 3867 592 270
2707 3868 584 270
2707 3869 580 269
2707 3870 573 269
2707 3871 568 263
2707 3872 562 259
2733 3884 304 383
2733 3885 303 382
2733 3886 302 379
2733 3887 299 379
2733 3888 298 377
2733 3889 296 376
2733 3890 295 372
2733 3891 293 373
2733 3892 292 372
2733 3893 290 371
2733 3894 289 370
2733 3895 288 370
2733 3896 286 369
2733 3897 284 366
2733 3898 284 367
2733 3899 282 367
2733 3900 281 366
2733 3901 278 363
2733 3902 278 363
2733 3903 277 361
2733 3904 276 361
2733 3905 273 361
2733 3906 273 361
2733 3907 272 358
2733 3908 269 357
2733 3909 270 358
2733 3910 268 355
2733 3911 267 355
2733 3912 266 354
2733 3913 265 355
2733 3914 265 353
2733 3915 263 351
2733 3916 262 350
2733 3917 261 351
2733 3918 260 349
2733 3919 259 348
2733 3920 258 349
2733 3921 256 348
2733 3922 256 346
2733 3923 254 345
2733 3924 253 346
2733 3925 252 344
2733 3926 250 341
2733 3927 250 344
2733 3928 249 343
2733 3929 247 340
2733 3930 246 340
2733 3931 246 339
2733 3932 244 341
2733 3933 243 338
2733 3934 242 338
2733 3935 242 337
2733 3936 240 337
2733 3937 239 336
2733 3938 239 334
2733 3939 238 335
2733 3940 237 331
2733 3941 237 330
2733 3942 236 329
2733 3943 235 332
2733 3944 234 331
2733 3945 233 329
2733 3946 233 330
2733 3947 232 329
2733 3948 230 326
2733 3949 231 327
2733 3950 229 328
2733 3951 229 327
2733 3952 228 325
2733 3953 228 325
2733 3954 226 325
2733 3955 225 324
2733 3956 226 322
2733 3957 223 317
2733 3958 223 321
2733 3959 222 321
2733 3960 221 322
2733 3961 220 321
2733 3962 219 317
2733 3963 217 318
2733 3964 217 317
2733 3965 216 318
2733 3966 217 316
2733 3967 215 316
2733 3968 213 316
2733 3969 213 315
2733 3970 212 314
2733 3971 212 314
2733 3972 211 313
2733 3973 210 312
2733 3974 209 312
2733 3975 207 312
2733 3976 207 311
2733 3977 205 311
2733 3978 204 311
2733 3979 203 310
2733 3980 203 308
2733 3981 201 307
2733 3982 200 309
2733 3983 198 307
2733 3984 197 306
2733 3985 196 305
2733 3986 195 304
2733 3987 194 302
2733 3988 192 302
2733 3989 189 301
2733 3990 188 301
2733 3991 187 300
2733 3992 184 301
2733 3993 182 301
2733 3994 181 300
2733 3995 179 300
2733 3996 178 301
2733 3997 175 302
2733 3998 174 300
2733 3999 172 301
2733 4000 170 303
2733 4001 168 302
2733 4002 165 303
2733 4003 163 303
2733 4004 162 305
2733 4005 159 305
2733 4006 158 305
2733 4007 156 306
2733 4008 154 306
2733 4009 152 306
2733 4010 151 307
2733 4011 147 308
2733 4012 146 308
2733 4013 144 308
2733 4014 142 309
2733 4015 139 310
2733 4016 139 309
2733 4017 140 310
2788 3988 176 260
2788 3989 178 263
2788 3990 179 263
2788 3991 179 266
2788 3992 180 264
2788 3993 181 263
2788 3994 183 264
2788 3995 185 264
2788 3996 185 264
2788 3997 188 264
2788 3998 189 264
2788 3999 189 264
2788 4000 191 263
2788 4001 193 266
2788 4002 193 264
2788 4003 195 265
2788 4004 195 263
2788 4005 197 264
2788 4006 196 264
2788 4007 199 264
2788 4008 200 264
2788 4009 201 266
2788 4010 202 267
2788 4011 204 266
2788 4012 203 268
2788 4013 206 267
2788 4014 208 266
2788 4015 209 265
2788 4016 211 264
2788 4017 211 265
2788 4018 212 263
2788 4019 214 264
2788 4020 215 263
2788 4021 216 266
2788 4022 218 265
2788 4023 219 266
2788 4024 220 265
2788 4025 222 265
2788 4026 222 266
2788 4027 224 266
2788 4028 227 266
2788 4029 226 264
2788 4030 228 267
2788 4031 228 265
2788 4032 230 266
2788 4033 231 264
2788 4034 233 267
2788 4035 234 264
2788 4036 235 266
2788 4037 237 266
2788 4038 237 266
2788 4039 240 266
2788 4040 240 268
2788 4041 243 268
2788 4042 243 267
2788 4043 244 268
2788 4044 247 267
2788 4045 246 265
2788 4046 249 267
2788 4047 250 267
2788 4048 251 268
2788 4049 252 268
2788 4050 254 268
2788 4051 254 268
2788 4052 256 269
2788 4053 257 268
2788 4054 259 269
2788 4055 261 267
2788 4056 261 268
2788 4057 262 271
2788 4058 263 269
2788 4059 264 270
2788 4060 265 271
2788 4061 268 270
2788 4062 268 270
2788 4063 270 269
2788 4064 271 270
2788 4065 273 271
2788 4066 272 270
2788 4067 274 271
2788 4068 275 271
2788 4069 278 270
2788 4070 280 270
2788 4071 280 262
2788 4072 281 271
2788 4073 283 271
2788 4074 284 271
2788 4075 286 272
2788 4076 287 270
2788 4077 287 271
2788 4078 289 272
2788 4079 290 272
2788 4080 291 270
2788 4081 292 269
2788 4082 293 270
2788 4083 295 271
2788 4084 296 272
2788 4085 297 272
2788 4086 299 270
2788 4087 300 272
2788 4088 301 273
2788 4089 301 272
2788 4090 303 272
2788 4091 304 271
2788 4092 305 272
2788 4093 307 272
2788 4094 309 273
2788 4095 310 271
2788 4096 308 273
2788 4097 311 273
2788 4098 313 273
2788 4099 313 272
2788 4100 316 273
2788 4101 318 272
2788 4102 318 273
2788 4103 320 272
2788 4104 321 272
2788 4105 322 273
2788 4106 324 273
2788 4107 322 273
3057 4327 206 476
3057 4328 213 475
3057 4329 220 474
3057 4330 228 474
3057 4331 233 473
3057 4332 240 470
3057 4333 247 468
3057 4334 253 465
3057 4335 259 464
3057 4336 264 462
3057 4337 269 460
3057 4338 273 459
3057 4339 278 456
3057 4340 283 454
3057 4341 286 453
3057 4342 291 450
3057 4343 294 449
3057 4344 299 447
3057 4345 303 445
3057 4346 306 442
3057 4347 309 441
3057 4348 315 438
3057 4349 317 436
3057 4350 321 435
3057 4351 325 432
3057 4352 328 431
3360 4811 486 270
3360 4812 480 268
3360 4813 480 265
3360 4814 472 264
3360 4815 463 265
3360 4816 453 264
3360 4817 443 263
3360 4818 433 262
3360 4819 427 261
3360 4820 417 261
3360 4821 408 260
3360 4822 402 261
3360 4823 392 259
3360 4824 382 258
3360 4825 374 257
3360 4826 366 257
3360 4827 361 256
3360 4828 352 256
3360 4829 343 255
3360 4830 336 255
3360 4831 331 255
3360 4832 322 252
3360 4833 314 254
3360 4834 309 253
3360 4835 301 252
3360 4836 294 252
3360 4837 284 251
3360 4838 281 250
3360 4839 273 250
3360 4840 264 249
3360 4841 260 249
3360 4842 254 248
3360 4843 248 247
3360 4844 245 247
3360 4845 239 247
3431 5024 470 268
3431 5025 457 263
3431 5026 443 261
3431 5027 421 261
3431 5028 416 261
3431 5029 408 259
3431 5030 395 258
3431 5031 381 256
3431 5032 372 256
3431 5033 359 255
3431 5034 346 255
3431 5035 338 254
3431 5036 324 254
3431 5037 311 251
3431 5038 299 250
3431 5039 292 250
3431 5040 279 248
3431 5041 267 248
3431 5042 256 247
3431 5043 249 247
3438 5072 9 366
3438 5073 12 364
3438 5074 10 364
3438 5075 12 353
3438 5076 15 357
3438 5077 16 356
3438 5078 16 354
3438 5079 18 354
3438 5080 22 355
3438 5081 22 353
3438 5082 24 351
3438 5083 25 350
3438 5084 26 350
3438 5085 28 347
3438 5086 29 347
3438 5087 32 345
3438 5088 34 347
3438 5089 34 344
3438 5090 36 341
3438 5091 39 343
3438 5092 40 343
3438 5093 42 342
3438 5094 44 341
3438 5095 49 340
3438 5096 48 339
3438 5097 46 340
3438 5098 53 336
3438 5099 52 336
3438 5100 52 334
3438 5101 55 334
3438 5102 58 333
3438 5103 61 334
3438 5104 59 329
3438 5105 61 328
3438 5106 62 330
3438 5107 64 329
3438 5108 67 329
3438 5109 70 328
3438 5110 72 327
3438 5111 69 326
3438 5112 71 322
3438 5113 73 322
3438 5114 75 325
3438 5115 79 322
3438 5116 80 322
3438 5117 83 322
3438 5118 85 321
3438 5119 83 324
3438 5120 84 318
3438 5121 86 318
3438 5122 88 318
3438 5123 90 316
3438 5124 91 317
3438 5125 94 316
3438 5126 93 314
3438 5127 92 314
3438 5128 96 313
3438 5129 96 315
3438 5130 98 311
3438 5131 100 311
3438 5132 102 311
3438 5133 102 311
3438 5134 103 310
3438 5135 105 308
3438 5136 106 309
3438 5137 107 307
3438 5138 109 307
3438 5139 113 306
3438 5140 114 307
3438 5141 114 303
3438 5142 115 304
3438 5143 115 302
3438 5144 117 304
3438 5145 118 303
3438 5146 123 302
3438 5147 125 302
3438 5148 123 298
3438 5149 124 298
3702 5626 495 414
3702 5627 494 415
3702 5628 498 416
3702 5629 495 419
3702 5630 489 418
3702 5631 492 418
3702 5632 490 420
3702 5633 488 421
3702 5634 485 421
3702 5635 484 421
3702 5636 482 422
3702 5637 479 422
3702 5638 474 423
3702 5639 470 420
3702 5640 467 421
3702 5641 466 422
3702 5642 462 422
3702 5643 459 423
3702 5644 457 423
3702 5645 454 424
3702 5646 450 423
3702 5647 448 424
3702 5648 445 424
3702 5649 442 424
3702 5650 439 424
3702 5651 443 424
3702 5652 441 420
3702 5653 438 425
3702 5654 433 422
3702 5655 430 428
3702 5656 428 429
3702 5657 426 424
3702 5658 421 425
3702 5659 421 424
3702 5660 416 427
3702 5661 413 428
3702 5662 409 427
3702 5663 407 430
3702 5664 403 431
3702 5665 399 429
3702 5666 396 432
3702 5667 394 434
3793 5918 583 356
3793 5919 580 359
3793 5920 576 358
3793 5921 580 362
3793 5922 580 363
3793 5923 577 364
3793 5924 574 361
3793 5925 577 362
3793 5926 572 365
3793 5927 570 364
3793 5928 569 364
3793 5929 573 366
3793 5930 569 368
3793 5931 567 369
3793 5932 563 366
3793 5933 566 368
3793 5934 561 369
3793 5935 559 370
3793 5936 557 369
3793 5937 554 367
3793 5938 557 372
3793 5939 556 373
3793 5940 554 372
3793 5941 553 372
3793 5942 553 372
3793 5943 549 376
3793 5944 546 374
3793 5945 545 375
3793 5946 547 377
3793 5947 546 379
3793 5948 544 378
3793 5949 545 379
3793 5950 543 381
3793 5951 540 383
3793 5952 540 384
3793 5953 540 381
3793 5954 535 382
3793 5955 536 386
3793 5956 536 389
3793 5957 535 387
3793 5958 533 386
3793 5959 532 389
3793 5960 529 391
3793 5961 530 389
3793 5962 527 389
3793 5963 526 391
3793 5964 526 391
3793 5965 525 394
3793 5966 519 393
3793 5967 521 394
3865 5977 345 264
3865 5978 344 260
3865 5979 342 260
3865 5980 338 260
3865 5981 336 257
3865 5982 333 260
3865 5983 330 261
3865 5984 328 262
3865 5985 324 262
3865 5986 323 262
3865 5987 319 263
3865 5988 319 259
3865 5989 315 263
3865 5990 312 264
3865 5991 309 264
3865 5992 306 264
3865 5993 303 265
3865 5994 301 264
3865 5995 299 265
3865 5996 296 265
3865 5997 292 265
3865 5998 290 266
3865 5999 287 266
3865 6000 284 267
3865 6001 281 267
3865 6002 280 266
3865 6003 277 268
3865 6004 274 268
3865 6005 272 268
3865 6006 269 269
3865 6007 267 268
3865 6008 265 269
3865 6009 262 270
3865 6010 260 270
3865 6011 257 270
3865 6012 255 270
3865 6013 253 269
3865 6014 250 271
3865 6015 248 271
3865 6016 246 271
3865 6017 243 270
3865 6018 241 270
3865 6019 238 270
3865 6020 236 270
3865 6021 235 271
3865 6022 231 271
3865 6023 229 270
3865 6024 228 268
3954 6094 124 292
3954 6095 126 288
3954 6096 122 291
3954 6097 116 294
3954 6098 115 294
3954 6099 108 297
3954 6100 101 307
3954 6101 103 300
3954 6102 96 309
3954 6103 93 311
3954 6104 86 312
3954 6105 79 313
3954 6106 74 316
3954 6107 69 318
3954 6108 68 318
3954 6109 73 317
3957 6095 420 262
3957 6096 411 259
3957 6097 400 259
3957 6098 385 258
3957 6099 371 257
3957 6100 357 256
3957 6101 347 254
3957 6102 332 253
3957 6103 318 252
3957 6104 304 252
3957 6105 294 251
3957 6106 281 249
3957 6107 268 247
3957 6108 255 247
3957 6109 252 251
3995 6152 482 269
3995 6153 479 267
3995 6154 466 266
3995 6155 447 264
3995 6156 437 265
3995 6157 421 263
3995 6158 404 262
3995 6159 388 261
3995 6160 376 259
3995 6161 360 259
3995 6162 344 256
3995 6163 328 256
3995 6164 322 255
4120 6298 632 279
4120 6299 627 278
4120 6300 624 274
4120 6301 619 274
4120 6302 607 276
4120 6303 609 277
4120 6304 604 277
4120 6305 593 274
4120 6306 582 271
4120 6307 579 270
4120 6308 571 268
4120 6309 573 266
4120 6310 590 249
4131 6311 164 256
4131 6312 165 258
4131 6313 166 259
4131 6314 167 260
4131 6315 168 261
4131 6316 166 262
4131 6317 168 261
4131 6318 166 263
4131 6319 168 266
4131 6320 167 267
4131 6321 167 268
4131 6322 165 268
4131 6323 164 268
4131 6324 164 268
4131 6325 162 270
4131 6326 159 270
4131 6327 158 272
4131 6328 158 273
4131 6329 154 274
4131 6330 153 277
4131 6331 148 277
4131 6332 147 279
4131 6333 144 281
4131 6334 143 285
4131 6335 139 284
4131 6336 137 284
4131 6337 132 287
4131 6338 130 291
4131 6339 126 291
4131 6340 123 292
4131 6341 124 292
4131 6342 116 295
4131 6343 112 297
4131 6344 107 299
4131 6345 101 302
4131 6346 96 304
4131 6347 92 305
4131 6348 88 305
4131 6349 81 307
4131 6350 77 311
4131 6351 71 312
4131 6352 70 306
4131 6353 64 310
4137 6319 451 260
4137 6320 444 259
4137 6321 433 259
4137 6322 428 259
4137 6323 421 258
4137 6324 410 258
4137 6325 401 256
4137 6326 395 257
4137 6327 387 255
4137 6328 379 255
4137 6329 372 254
4137 6330 367 254
4137 6331 359 253
4137 6332 353 252
4137 6333 346 252
4137 6334 342 252
4137 6335 336 251
4137 6336 330 251
4137 6337 324 250
4137 6338 320 250
4137 6339 314 251
4137 6340 309 249
4137 6341 304 250
4137 6342 301 249
4137 6343 297 249
4137 6344 289 248
4137 6345 285 248
4137 6346 281 248
4137 6347 281 247
4137 6348 282 248
4179 6359 214 255
4179 6360 216 252
4179 6361 215 253
4179 6362 215 252
4179 6363 212 253
4179 6364 212 253
4179 6365 204 254
4179 6366 200 254
4179 6367 197 256
4179 6368 191 258
4179 6369 191 258
4179 6370 186 259
4179 6371 184 260
4179 6372 181 262
4179 6373 180 261
4179 6374 178 262
4179 6375 174 264
4179 6376 169 267
4179 6377 171 266
4179 6378 168 269
4179 6379 163 269
4179 6380 160 272
4179 6381 159 272
4179 6382 156 275
4179 6383 154 276
4179 6384 152 276
4179 6385 150 278
4179 6386 146 280
4179 6387 140 282
4179 6388 139 284
4179 6389 135 286
4179 6390 129 287
4179 6391 128 289
4179 6392 124 291
4179 6393 120 293
4179 6394 110 294
4179 6395 111 296
4179 6396 106 299
4179 6397 97 301
4179 6398 97 304
4179 6399 91 305
4179 6400 85 308
4179 6401 79 310
4179 6402 73 313
4179 6403 63 316
4179 6404 54 320
4179 6405 46 323
4179 6406 39 326
4179 6407 35 329
4179 6408 30 331
4179 6409 27 334
4179 6410 23 335
4179 6411 19 339
4179 6412 14 339
4179 6413 10 345
4179 6414 6 348
4333 6503 453 261
4333 6504 442 260
4333 6505 432 260
4333 6506 418 259
4333 6507 410 259
4333 6508 400 258
4333 6509 389 257
4333 6510 378 256
4333 6511 371 255
4333 6512 362 254
4333 6513 352 254
4333 6514 346 253
4333 6515 337 253
4333 6516 329 252
4333 6517 321 252
4333 6518 315 251
4333 6519 307 250
4333 6520 299 250
4333 6521 292 250
4333 6522 287 250
4333 6523 280 249
4333 6524 274 249
4333 6525 269 249
4333 6526 262 250
4333 6527 256 250
4333 6528 251 250
4333 6529 245 251
4333 6530 238 252
4333 6531 232 252
4333 6532 228 253
4333 6533 224 255
4333 6534 221 256
4333 6535 218 255
4333 6536 213 256
4333 6537 212 255
4359 6535 200 261
4359 6536 196 262
4359 6537 193 262
4359 6538 202 259
4359 6539 197 259
4359 6540 187 261
4359 6541 186 262
4359 6542 183 264
4359 6543 184 264
4359 6544 178 266
4359 6545 177 265
4359 6546 175 267
4359 6547 169 268
4359 6548 168 269
4359 6549 164 270
4359 6550 161 272
4359 6551 154 274
4359 6552 154 275
4359 6553 150 276
4359 6554 146 278
4359 6555 143 281
4359 6556 139 281
4359 6557 135 283
4359 6558 133 286
4359 6559 127 287
4359 6560 123 288
4359 6561 118 290
4359 6562 116 291
4359 6563 112 293
4359 6564 107 296
4359 6565 102 297
4359 6566 96 301
4359 6567 95 301
4359 6568 104 298
4380 6568 84 304
4380 6569 87 305
4380 6570 83 307
4380 6571 72 309
4380 6572 68 311
4380 6573 63 313
4380 6574 66 314
4380 6575 62 317
4380 6576 58 320
4380 6577 52 321
4380 6578 48 323
4380 6579 39 325
4380 6580 38 326
4380 6581 35 329
4380 6582 30 331
4380 6583 20 333
4380 6584 23 334
4380 6585 23 337
4380 6586 22 340
4380 6587 20 338
4380 6588 22 336
4430 6635 461 266
4430 6636 461 264
4430 6637 448 263
4430 6638 437 262
4430 6639 427 261
4430 6640 414 259
4430 6641 402 257
4430 6642 393 258
4430 6643 380 257
4430 6644 368 257
4430 6645 355 256
4430 6646 347 255
4430 6647 334 255
4430 6648 322 254
4430 6649 310 252
4430 6650 298 251
4430 6651 290 251
4430 6652 278 248
4430 6653 267 248
4430 6654 259 247
4430 6655 250 246
4430 6656 243 247
4569 6899 443 263
4569 6900 429 262
4569 6901 418 261
4569 6902 404 259
4569 6903 388 259
4569 6904 373 258
4569 6905 363 257
4569 6906 348 256
4569 6907 335 255
4569 6908 324 254
4569 6909 310 253
4569 6910 297 252
4569 6911 284 251
4569 6912 270 248
4569 6913 259 248
4569 6914 251 247
4569 6915 242 247
4575 6932 460 263
4575 6933 448 263
4575 6934 434 262
4575 6935 420 261
4575 6936 408 260
4575 6937 398 259
4575 6938 385 258
4575 6939 372 257
4575 6940 364 256
4575 6941 352 256
4575 6942 339 255
4575 6943 327 254
4575 6944 315 253
4575 6945 307 252
4575 6946 296 251
4575 6947 285 249
4575 6948 277 249
4575 6949 263 248
4575 6950 260 247
4784 7421 438 259
4784 7422 428 260
4784 7423 411 259
4784 7424 396 258
4784 7425 385 257
4784 7426 371 256
4784 7427 355 254
4784 7428 340 253
4784 7429 330 252
4784 7430 316 252
4784 7431 302 250
4784 7432 289 249
4784 7433 275 248
4784 7434 274 254
4908 7552 150 273
4908 7553 150 270
4908 7554 149 271
4908 7555 146 272
4908 7556 143 273
4908 7557 138 273
4908 7558 140 275
4908 7559 136 276
4908 7560 135 276
4908 7561 133 275
4908 7562 129 282
4908 7563 129 279
4908 7564 127 279
4908 7565 123 279
4908 7566 119 280
4908 7567 117 281
4908 7568 115 281
4908 7569 112 287
4908 7570 109 288
4908 7571 107 288
4908 7572 106 290
4908 7573 99 293
4908 7574 98 292
4908 7575 95 294
4908 7576 91 294
4908 7577 89 291
4908 7578 88 296
4908 7579 92 298
4908 7580 80 298
4908 7581 77 299
4908 7582 74 300
4908 7583 70 302
4908 7584 66 307
4908 7585 65 303
4908 7586 59 309
4908 7587 55 306
4908 7588 53 306
4960 7590 109 285
4960 7591 95 289
4960 7592 88 279
4960 7593 86 280
4960 7594 81 281
4960 7595 87 283
4960 7596 81 286
4960 7597 74 284
4960 7598 72 284
4960 7599 75 290
4960 7600 65 285
4960 7601 71 294
4960 7602 67 295
4960 7603 66 293
4960 7604 54 290
4960 7605 52 292
4960 7606 46 292
4960 7607 37 291
4960 7608 35 295
4960 7609 34 295
4960 7610 31 296
4960 7611 31 298
4960 7612 31 299
4960 7613 28 301
4960 7614 21 300
4960 7615 19 301
4960 7616 18 301
4960 7617 17 303
4960 7618 18 303
5066 7682 443 262
5066 7683 437 262
5066 7684 425 261
5066 7685 412 259
5066 7686 399 259
5066 7687 390 259
5066 7688 381 259
5066 7689 364 256
5066 7690 352 256
5066 7691 344 255
5066 7692 332 254
5066 7693 320 254
5066 7694 308 254
5066 7695 300 252
5066 7696 288 252
5066 7697 277 248
5066 7698 266 248
5066 7699 259 248
5066 7700 250 247
5066 7701 243 246
5191 7806 462 270
5191 7807 460 264
5191 7808 445 263
5191 7809 433 261
5191 7810 422 261
5191 7811 409 259
5191 7812 395 258
5191 7813 381 257
5191 7814 373 256
5191 7815 359 255
5191 7816 350 254
5191 7817 332 254
5191 7818 323 253
5191 7819 310 252
5191 7820 298 250
5191 7821 285 250
5191 7822 277 249
5191 7823 265 248
5191 7824 253 247
5191 7825 243 246
5191 7826 243 246
5191 7827 237 249
5191 7828 226 247
5233 7862 235 255
5233 7863 242 250
5233 7864 248 251
5233 7865 259 252
5233 7866 267 252
5233 7867 280 252
5233 7868 289 255
5233 7869 302 256
5233 7870 315 257
5233 7871 329 257
5233 7872 338 259
5233 7873 352 259
5233 7874 366 260
5233 7875 381 261
5233 7876 392 262
5233 7877 406 264
5233 7878 422 265
5233 7879 437 267
5233 7880 448 267
5233 7881 463 269
5233 7882 474 266
5233 7883 484 268
5349 8030 300 257
5349 8031 306 258
5349 8032 315 257
5349 8033 328 258
5349 8034 339 262
5349 8035 351 261
5349 8036 360 262
5349 8037 374 262
5349 8038 386 264
5349 8039 395 264
5349 8040 408 265
5349 8041 422 266
5349 8042 437 267
5349 8043 431 268
5395 8155 455 265
5395 8156 452 263
5395 8157 440 263
5395 8158 431 261
5395 8159 418 261
5395 8160 408 260
5395 8161 396 258
5395 8162 387 258
5395 8163 375 256
5395 8164 364 256
5395 8165 352 255
5395 8166 346 255
5395 8167 333 254
5395 8168 322 253
5395 8169 314 253
5395 8170 307 251
5395 8171 293 251
5395 8172 275 249
5395 8173 271 248
5395 8174 264 248
5395 8175 255 247
5395 8176 248 247
5395 8177 240 246
5395 8178 237 249
5651 8563 96 301
5651 8564 95 293
5651 8565 95 289
5651 8566 93 290
5651 8567 93 291
5651 8568 92 293
5651 8569 91 293
5651 8570 89 295
5651 8571 87 303
5651 8572 88 297
5651 8573 86 298
5651 8574 84 300
5651 8575 81 307
5651 8576 81 302
5651 8577 80 302
5651 8578 78 305
5651 8579 77 306
5651 8580 74 306
5651 8581 71 308
5651 8582 70 310
5651 8583 66 311
5651 8584 65 314
5651 8585 62 315
5651 8586 59 318
5651 8587 56 319
5651 8588 53 320
5651 8589 48 321
5651 8590 44 323
5651 8591 40 326
5651 8592 37 327
5651 8593 33 327
5651 8594 29 330
5651 8595 24 331
5651 8596 19 333
5673 8670 459 267
5673 8671 453 261
5673 8672 443 262
5673 8673 427 260
5673 8674 411 259
5673 8675 396 258
5673 8676 386 258
5673 8677 370 256
5673 8678 355 255
5673 8679 339 254
5673 8680 330 253
5673 8681 315 252
5673 8682 302 251
5673 8683 288 250
5673 8684 274 248
5673 8685 265 246
5673 8686 252 247
5673 8687 241 246
5673 8688 227 250
5715 8796 14 430
5715 8797 13 429
5715 8798 16 427
5715 8799 20 426
5715 8800 21 425
5715 8801 26 427
5715 8802 26 425
5715 8803 29 424
5715 8804 30 421
5715 8805 33 424
5715 8806 35 422
5715 8807 39 427
5715 8808 41 421
5715 8809 45 423
5715 8810 46 422
5715 8811 49 424
5715 8812 52 421
5715 8813 55 423
5715 8814 57 420
5715 8815 62 422
5715 8816 63 421
5715 8817 65 416
5715 8818 69 420
5715 8819 72 420
5715 8820 76 421
5715 8821 78 418
5715 8822 80 419
5715 8823 84 420
5715 8824 88 420
5715 8825 88 417
5715 8826 91 417
5715 8827 95 418
5715 8828 100 418
5715 8829 101 415
5715 8830 102 415
5715 8831 105 414
5715 8832 112 417
5715 8833 112 417
5715 8834 115 420
5715 8835 117 415
5715 8836 123 415
5715 8837 125 416
5715 8838 126 415
5715 8839 130 415
5715 8840 132 409
5715 8841 136 415
5715 8842 138 414
5715 8843 141 412
5715 8844 145 410
5715 8845 149 413
5715 8846 150 410
5715 8847 153 409
5743 8850 172 410
5743 8851 175 409
5743 8852 172 410
5743 8853 175 410
5743 8854 179 410
5743 8855 180 410
5743 8856 184 410
5743 8857 188 410
5743 8858 190 410
5743 8859 194 407
5743 8860 197 409
5743 8861 200 409
5743 8862 203 409
5743 8863 207 407
5743 8864 209 407
5743 8865 213 407
5743 8866 216 408
5743 8867 219 405
5743 8868 223 405
5743 8869 225 405
5743 8870 230 407
5743 8871 231 406
5743 8872 234 405
5743 8873 241 405
5743 8874 242 405
5743 8875 244 404
5743 8876 249 405
5743 8877 253 403
5743 8878 254 404
5743 8879 257 404
5743 8880 262 403
5743 8881 267 403
5743 8882 267 403
5743 8883 270 401
5743 8884 273 398
5743 8885 278 401
5743 8886 280 401
5743 8887 282 398
5743 8888 285 399
5743 8889 290 400
5743 8890 293 400
5743 8891 293 399
5743 8892 300 398
5743 8893 302 398
5743 8894 305 398
5743 8895 306 399
5743 8896 308 398
5743 8897 312 398
5743 8898 317 398
5743 8899 318 398
5743 8900 321 396
5743 8901 325 393
5743 8902 330 396
5743 8903 330 397
5743 8904 334 395
5743 8905 337 396
5743 8906 341 395
5743 8907 342 395
5743 8908 347 392
5743 8909 349 391
5743 8910 353 388
5743 8911 355 394
5743 8912 357 387
5743 8913 362 392
5743 8914 362 392
5743 8915 368 391
5743 8916 366 391
5743 8917 371 389
5743 8918 375 389
5743 8919 377 388
5743 8920 381 386
5743 8921 382 385
5743 8922 384 389
5743 8923 388 387
5743 8924 389 385
5743 8925 392 385
5743 8926 396 381
5743 8927 399 384
5743 8928 401 386
5743 8929 403 385
5743 8930 406 382
5743 8931 410 384
5743 8932 413 383
5743 8933 413 382
5743 8934 416 381
5743 8935 418 382
5743 8936 418 379
5795 8894 293 476
5795 8895 296 475
5795 8896 300 475
5795 8897 305 474
5795 8898 309 474
5795 8899 314 475
5795 8900 318 475
5795 8901 320 474
5795 8902 325 474
5795 8903 330 474
5795 8904 334 473
5795 8905 338 473
5795 8906 340 472
5795 8907 345 472
5795 8908 348 473
5795 8909 353 473
5795 8910 357 472
5795 8911 360 471
5795 8912 365 471
5795 8913 369 471
5795 8914 372 471
5795 8915 374 469
5795 8916 378 469
5795 8917 383 469
5795 8918 387 470
5795 8919 389 469
5795 8920 392 469
5795 8921 398 468
5795 8922 402 468
5795 8923 405 468
5795 8924 408 467
5795 8925 412 467
5795 8926 416 467
5795 8927 418 467
5795 8928 424 467
5795 8929 426 467
5795 8930 429 462
5795 8931 431 462
5795 8932 435 461
5795 8933 439 461
5795 8934 442 459
5836 8914 268 259
5836 8915 273 254
5836 8916 284 253
5836 8917 294 254
5836 8918 304 256
5836 8919 311 256
5836 8920 320 257
5836 8921 329 258
5836 8922 340 259
5836 8923 347 259
5836 8924 375 259
5836 8925 380 261
5836 8926 376 261
5836 8927 376 261
5836 8928 398 263
5836 8929 409 264
5836 8930 421 265
5836 8931 433 266
5836 8932 439 266
5836 8933 450 268
5836 8934 462 269
5836 8935 463 267
5836 8936 466 263
6020 9047 245 308
6020 9048 243 311
6020 9049 244 310
6020 9050 247 311
6020 9051 246 314
6020 9052 250 311
6020 9053 251 312
6020 9054 253 313
6020 9055 255 314
6020 9056 258 313
6020 9057 259 314
6020 9058 262 317
6020 9059 264 314
6020 9060 266 315
6020 9061 268 317
6020 9062 271 317
6020 9063 272 316
6020 9064 275 317
6020 9065 277 318
6020 9066 278 319
6020 9067 280 319
6020 9068 283 319
6020 9069 286 320
6020 9070 287 321
6020 9071 290 320
6020 9072 291 321
6020 9073 293 322
6020 9074 297 321
6020 9075 297 322
6020 9076 300 319
6020 9077 303 324
6020 9078 305 324
6020 9079 308 323
6020 9080 310 325
6020 9081 312 326
6020 9082 314 326
6020 9083 317 326
6020 9084 320 327
6020 9085 322 328
6020 9086 324 327
6020 9087 326 327
6020 9088 328 329
6020 9089 331 329
6020 9090 331 330
6020 9091 336 329
6020 9092 338 329
6020 9093 339 332
6020 9094 343 331
6020 9095 343 330
6020 9096 347 333
6020 9097 350 333
6020 9098 351 332
6020 9099 354 332
6020 9100 356 334
6020 9101 358 336
6020 9102 361 331
6020 9103 363 333
6020 9104 366 337
6020 9105 368 336
6020 9106 368 337
6020 9107 370 336
6020 9108 375 341
6020 9109 377 340
6020 9110 378 339
6020 9111 381 340
6020 9112 385 341
6020 9113 384 342
6020 9114 388 340
6020 9115 390 343
6020 9116 393 343
6020 9117 396 344
6020 9118 397 343
6020 9119 396 341
6085 9180 561 373
6085 9181 564 377
6085 9182 567 380
6085 9183 570 378
6085 9184 573 378
6085 9185 575 382
6085 9186 578 382
6085 9187 576 383
6085 9188 580 381
6085 9189 586 383
6085 9190 589 385
6085 9191 590 380
6085 9192 588 384
6085 9193 597 386
6085 9194 600 387
6085 9195 602 381
6085 9196 605 385
6085 9197 607 388
6085 9198 609 382
6085 9199 613 390
6085 9200 616 386
6085 9201 618 390
6085 9202 622 384
6085 9203 623 387
6085 9204 624 390
6085 9205 629 393
6085 9206 631 394
6085 9207 633 394
6085 9208 632 394
6085 9209 636 388
6102 9201 263 251
6102 9202 258 247
6102 9203 264 247
6102 9204 235 253
6102 9205 240 253
6102 9206 242 253
6102 9207 248 254
6102 9208 254 254
6102 9209 257 254
6102 9210 261 255
6102 9211 265 255
6102 9212 271 255
6102 9213 273 253
6102 9214 281 255
6102 9215 286 256
6102 9216 288 255
6102 9217 294 256
6102 9218 298 257
6102 9219 303 257
6102 9220 308 257
6102 9221 313 258
6102 9222 317 257
6102 9223 321 258
6102 9224 327 258
6102 9225 334 259
6102 9226 338 260
6102 9227 343 261
6102 9228 346 261
6102 9229 350 261
6102 9230 359 262
6102 9231 361 261
6102 9232 367 263
6102 9233 370 263
6102 9234 377 263
6102 9235 381 262
6102 9236 386 263
6102 9237 392 263
6102 9238 394 263
6270 9577 93 315
6270 9578 91 316
6270 9579 90 316
6270 9580 86 320
6270 9581 84 320
6270 9582 84 320
6270 9583 78 324
6270 9584 79 323
6270 9585 71 327
6270 9586 70 329
6270 9587 64 332
6270 9588 64 331
6270 9589 62 332
6270 9590 55 336
6270 9591 51 339
6270 9592 51 339
6270 9593 47 342
6270 9594 45 342
6270 9595 40 343
6270 9596 42 345
6322 9684 145 247
6322 9685 146 248
6322 9686 148 248
6322 9687 151 249
6322 9688 154 250
6322 9689 156 252
6322 9690 159 254
6322 9691 160 254
6322 9692 162 256
6322 9693 164 257
6322 9694 164 258
6322 9695 165 260
6322 9696 165 262
6322 9697 165 263
6322 9698 164 265
6322 9699 163 267
6322 9700 161 268
6322 9701 162 270
6322 9702 158 272
6322 9703 156 275
6322 9704 156 276
6322 9705 153 280
6322 9706 150 279
6322 9707 148 280
6322 9708 148 283
6322 9709 142 284
6322 9710 139 286
6322 9711 137 288
6322 9712 136 290
6322 9713 133 291
6322 9714 129 293
6322 9715 124 294
6322 9716 123 296
6322 9717 119 298
6322 9718 114 300
6322 9719 114 302
6322 9720 123 304
6322 9721 116 296
6322 9722 116 306
6322 9723 115 308
6355 9720 105 305
6355 9721 101 306
6355 9722 100 307
6355 9723 96 309
6355 9724 92 312
6355 9725 85 314
6355 9726 85 315
6355 9727 84 317
6355 9728 79 319
6355 9729 74 321
6355 9730 71 322
6355 9731 67 324
6355 9732 61 327
6355 9733 59 328
6355 9734 54 330
6355 9735 49 333
6355 9736 44 335
6355 9737 36 336
6355 9738 34 339
6355 9739 29 341
6355 9740 25 344
6355 9741 23 346
6355 9742 18 346
6355 9743 18 349
6355 9744 15 350
6355 9745 12 350
6355 9746 8 355
6355 9747 5 360
6355 9748 3 358
6368 9760 141 247
6368 9761 144 247
6368 9762 147 247
6368 9763 149 248
6368 9764 151 249
6368 9765 155 249
6368 9766 156 251
6368 9767 146 248
6368 9768 154 249
6368 9769 158 250
6368 9770 161 251
6368 9771 161 255
6368 9772 164 256
6368 9773 163 257
6368 9774 164 260
6368 9775 164 261
6368 9776 163 264
6368 9777 162 266
6368 9778 161 266
6368 9779 159 267
6368 9780 159 269
6368 9781 156 272
6368 9782 155 272
6368 9783 154 273
6368 9784 151 275
6368 9785 151 276
6368 9786 148 278
6368 9787 147 279
6368 9788 144 282
6368 9789 142 283
6368 9790 140 284
6368 9791 137 287
6368 9792 136 289
6368 9793 133 290
6368 9794 131 292
6368 9795 129 293
6368 9796 128 295
6368 9797 125 298
6368 9798 121 299
6368 9799 119 301
6368 9800 115 304
6368 9801 111 306
6368 9802 107 309
6368 9803 103 310
6368 9804 98 314
6368 9805 95 315
6368 9806 92 317
6368 9807 86 319
6368 9808 82 322
6368 9809 74 324
6368 9810 73 327
6368 9811 66 326
6368 9812 60 327
6368 9813 57 328
6368 9814 50 329
6368 9815 44 335
6368 9816 38 340
6368 9817 33 343
6368 9818 27 346
6368 9819 24 346
6368 9820 21 352
6368 9821 18 351
6368 9822 15 350
6368 9823 12 353
6368 9824 9 357
6368 9825 4 358
6372 9767 254 476
6372 9768 256 475
6372 9769 259 474
6372 9770 260 473
6372 9771 260 472
6372 9772 261 469
6372 9773 264 470
6372 9774 266 469
6372 9775 267 466
6372 9776 270 464
6372 9777 269 458
6372 9778 266 453
6372 9779 270 454
6372 9780 272 455
6372 9781 274 455
6372 9782 275 452
6372 9783 276 448
6372 9784 280 452
6372 9785 277 442
6372 9786 278 441
6372 9787 279 440
6372 9788 282 441
6372 9789 283 440
6372 9790 284 436
6372 9791 285 435
6372 9792 286 430
6372 9793 286 427
6372 9794 287 429
6372 9795 290 428
6372 9796 291 427
6372 9797 292 424
6372 9798 294 423
6372 9799 296 419
6372 9800 298 420
6635 9971 137 287
6635 9972 137 282
6635 9973 135 282
6635 9974 128 285
6635 9975 124 287
6635 9976 120 290
6635 9977 116 292
6635 9978 113 294
6635 9979 111 297
6635 9980 103 299
6635 9981 99 301
6635 9982 95 303
6635 9983 95 304
6635 9984 86 308
6635 9985 81 313
6635 9986 78 312
6635 9987 73 316
6635 9988 68 319
6635 9989 63 322
6635 9990 59 325
6635 9991 54 327
6635 9992 49 329
6635 9993 45 331
6635 9994 51 332
6670 9993 6 436
6670 9994 9 435
6670 9995 8 429
6670 9996 13 433
6670 9997 17 431
6670 9998 21 434
6670 9999 27 430
6670 10000 33 429
6670 10001 34 427
6670 10002 36 427
6670 10003 40 426
6670 10004 47 430
6670 10005 49 427
6670 10006 57 432
6670 10007 57 425
6670 10008 61 424
6670 10009 65 422
6670 10010 70 422
6670 10011 74 423
6670 10012 81 425
6670 10013 86 428
6670 10014 88 422
6670 10015 90 422
6670 10016 95 422
6670 10017 99 420
6670 10018 107 423
6670 10019 112 424
6670 10020 117 425
6670 10021 117 422
6670 10022 122 419
6670 10023 126 417
6670 10024 131 418
6670 10025 137 420
6670 10026 141 418
6670 10027 149 417
6670 10028 146 412
6670 10029 150 416
6670 10030 156 414
6670 10031 159 415
6670 10032 162 415
6729 10043 222 408
6729 10044 224 409
6729 10045 223 414
6729 10046 228 414
6729 10047 232 414
6729 10048 236 412
6729 10049 239 414
6729 10050 243 414
6729 10051 251 413
6729 10052 256 412
6729 10053 261 411
6729 10054 266 412
6729 10055 270 411
6729 10056 277 410
6729 10057 283 408
6729 10058 292 409
6729 10059 293 408
6729 10060 296 406
6729 10061 306 406
6729 10062 311 404
6729 10063 316 404
6729 10064 319 403
6729 10065 323 403
6729 10066 330 401
6729 10067 336 400
6729 10068 338 407
6729 10069 342 404
6729 10070 344 406
6944 10278 475 265
6944 10279 468 262
6944 10280 445 259
6944 10281 424 259
6944 10282 405 258
6944 10283 385 256
6944 10284 367 254
6944 10285 357 254
6944 10286 333 251
6944 10287 320 251
6986 10346 149 290
6986 10347 148 292
6986 10348 146 293
6986 10349 143 292
6986 10350 143 294
6986 10351 140 296
6986 10352 139 294
6986 10353 140 298
6986 10354 137 293
6986 10355 136 297
6986 10356 134 296
6986 10357 134 296
6986 10358 132 296
6986 10359 132 297
6986 10360 129 297
6986 10361 128 298
6986 10362 125 300
6986 10363 123 298
6986 10364 124 298
6986 10365 122 299
6986 10366 120 299
6986 10367 118 302
6986 10368 116 300
6986 10369 118 305
6986 10370 113 304
6986 10371 111 301
6986 10372 111 302
6986 10373 109 304
6986 10374 107 304
6986 10375 105 304
6986 10376 104 304
6986 10377 103 306
6986 10378 102 305
6986 10379 100 305
6986 10380 100 308
6986 10381 97 307
6986 10382 96 307
6986 10383 93 310
6986 10384 92 310
6986 10385 90 310
6986 10386 89 311
6986 10387 88 310
6986 10388 87 311
6986 10389 85 312
6986 10390 84 311
6986 10391 81 314
6986 10392 80 310
6986 10393 79 312
6986 10394 76 314
6986 10395 75 315
6986 10396 74 314
6986 10397 72 316
6986 10398 70 316
6986 10399 67 316
6986 10400 66 318
6986 10401 63 319
6986 10402 62 320
6986 10403 61 317
6986 10404 60 320
6986 10405 58 320
6986 10406 55 320
6986 10407 54 320
6986 10408 51 324
6986 10409 52 322
6986 10410 47 322
6986 10411 46 321
6986 10412 44 322
6986 10413 43 321
6986 10414 41 324
6986 10415 39 324
6986 10416 36 325
6986 10417 34 327
6986 10418 32 326
6986 10419 31 327
6986 10420 29 327
6986 10421 27 328
6986 10422 25 329
6986 10423 23 328
6986 10424 20 330
6986 10425 19 330
6986 10426 17 330
6986 10427 15 329
6986 10428 13 331
6986 10429 11 331
6986 10430 8 332
6986 10431 7 332
6986 10432 4 333
6986 10433 3 334
7050 10421 168 261
7050 10422 167 258
7050 10423 168 256
7050 10424 167 260
7050 10425 166 262
7050 10426 165 261
7050 10427 165 265
7050 10428 162 268
7050 10429 162 269
7050 10430 159 267
7050 10431 159 271
7050 10432 156 274
7050 10433 154 276
7050 10434 152 277
7050 10435 149 280
7050 10436 146 281
7050 10437 143 283
7050 10438 137 286
7050 10439 133 288
7050 10440 129 290
7050 10441 127 293
7050 10442 123 295
7050 10443 120 297
7050 10444 121 298
7050 10445 116 301
7050 10446 117 307
7076 10443 126 280
7076 10444 121 281
7076 10445 115 284
7076 10446 110 287
7076 10447 105 289
7076 10448 99 291
7076 10449 97 292
7076 10450 92 296
7076 10451 85 298
7076 10452 79 300
7076 10453 75 301
7076 10454 70 304
7076 10455 64 307
7076 10456 57 309
7076 10457 51 312
7076 10458 46 314
7076 10459 39 316
7076 10460 33 319
7076 10461 26 323
7076 10462 19 325
7076 10463 12 327
7076 10464 8 330
7076 10465 5 331
7089 10451 161 250
7089 10452 160 251
7089 10453 162 253
7089 10454 161 253
7089 10455 163 255
7089 10456 164 256
7089 10457 165 257
7089 10458 165 260
7089 10459 165 261
7089 10460 162 260
7089 10461 163 263
7089 10462 162 263
7089 10463 160 263
7089 10464 158 266
7089 10465 159 267
7089 10466 156 268
7089 10467 155 270
7089 10468 153 271
7089 10469 151 273
7089 10470 150 273
7089 10471 148 276
7089 10472 147 276
7089 10473 143 279
7089 10474 142 280
7089 10475 140 282
7089 10476 139 283
7089 10477 135 285
7089 10478 134 287
7089 10479 129 289
7089 10480 127 291
7089 10481 130 291
7089 10482 122 294
7089 10483 119 295
7089 10484 116 296
7089 10485 114 299
7089 10486 111 300
7089 10487 108 302
7089 10488 105 303
7089 10489 106 305
7089 10490 97 298
7103 10460 165 440
7103 10461 161 441
7103 10462 156 442
7103 10463 152 443
7103 10464 149 443
7103 10465 144 444
7103 10466 140 445
7103 10467 136 446
7103 10468 131 446
7103 10469 129 446
7103 10470 124 449
7103 10471 121 449
7103 10472 117 448
7103 10473 112 450
7103 10474 110 450
7103 10475 104 452
7103 10476 100 452
7103 10477 96 453
7103 10478 92 454
7103 10479 89 455
7103 10480 85 455
7103 10481 80 456
7103 10482 76 457
7103 10483 72 458
7103 10484 69 457
7103 10485 65 458
7103 10486 60 459
7103 10487 56 460
7130 10484 214 342
7130 10485 219 346
7130 10486 220 342
7130 10487 222 341
7130 10488 220 337
7130 10489 224 343
7130 10490 224 334
7130 10491 227 336
7130 10492 228 339
7130 10493 230 336
7130 10494 231 335
7130 10495 231 334
7130 10496 233 333
7130 10497 232 334
7130 10498 236 335
7130 10499 237 331
7130 10500 238 330
7130 10501 240 329
7130 10502 241 329
7130 10503 240 327
7130 10504 241 326
7130 10505 243 325
7130 10506 245 325
7130 10507 245 324
7130 10508 248 323
7130 10509 248 322
7130 10510 247 321
7130 10511 250 320
7130 10512 251 320
7130 10513 252 319
7130 10514 253 321
7130 10515 254 318
7130 10516 256 316
7130 10517 257 314
7130 10518 256 316
7130 10519 257 317
7130 10520 259 316
7130 10521 260 315
7130 10522 261 312
7130 10523 262 312
7130 10524 262 310
7130 10525 263 310
7130 10526 264 309
7130 10527 265 307
7130 10528 266 306
7130 10529 268 306
7130 10530 269 306
7130 10531 269 306
7130 10532 270 303
7130 10533 268 307
7130 10534 269 307
7130 10535 270 303
7333 10648 462 260
7333 10649 452 260
7333 10650 440 259
7333 10651 433 259
7333 10652 420 258
7333 10653 412 258
7333 10654 396 256
7333 10655 388 256
7333 10656 377 254
7333 10657 365 253
7333 10658 353 253
7333 10659 342 250
7333 10660 333 251
7333 10661 319 251
7333 10662 311 249
7333 10663 300 249
7333 10664 290 248
7333 10665 279 247
7374 10693 483 267
7374 10694 479 264
7374 10695 468 264
7374 10696 453 262
7374 10697 439 262
7374 10698 425 261
7374 10699 410 259
7374 10700 401 259
7374 10701 387 258
7374 10702 371 256
7374 10703 358 255
7374 10704 349 255
7374 10705 335 254
7374 10706 329 260
7374 10707 328 260
7533 10969 230 272
7533 10970 237 262
7533 10971 240 267
7533 10972 236 270
7533 10973 242 268
7533 10974 245 271
7533 10975 246 271
7533 10976 247 272
7533 10977 245 269
7533 10978 246 267
7533 10979 248 267
7533 10980 250 268
7533 10981 250 270
7533 10982 251 269
7533 10983 253 268
7533 10984 254 271
7533 10985 257 268
7533 10986 257 268
7533 10987 256 260
7533 10988 265 253
7533 10989 271 251
7533 10990 283 253
7533 10991 300 256
7533 10992 303 250
7733 11210 309 316
7733 11211 308 310
7733 11212 306 308
7733 11213 308 301
7733 11214 304 310
7733 11215 303 311
7733 11216 301 311
7733 11217 299 309
7733 11218 298 313
7733 11219 298 313
7733 11220 295 314
7733 11221 292 315
7733 11222 292 315
7733 11223 290 314
7733 11224 288 314
7733 11225 287 317
7733 11226 282 319
7733 11227 283 317
7733 11228 282 313
7733 11229 279 320
7733 11230 278 320
7733 11231 279 323
7733 11232 275 323
7733 11233 274 323
7733 11234 273 322
7733 11235 270 321
7733 11236 268 324
7733 11237 267 323
7733 11238 265 324
7733 11239 264 323
7733 11240 262 329
7733 11241 260 333
7733 11242 260 330
7733 11243 258 329
7733 11244 256 330
7733 11245 254 329
7733 11246 250 329
7733 11247 251 332
7733 11248 250 330
7733 11249 245 330
7733 11250 245 336
7733 11251 244 336
7733 11252 243 337
7733 11253 241 336
7733 11254 243 333
7771 11271 429 475
7771 11272 432 475
7771 11273 435 474
7771 11274 438 473
7771 11275 441 472
7771 11276 443 471
7771 11277 445 469
7771 11278 447 468
7771 11279 450 466
7771 11280 453 466
7771 11281 457 464
7771 11282 458 461
7771 11283 461 460
7771 11284 464 458
7771 11285 466 456
7771 11286 468 455
7771 11287 470 455
7771 11288 474 453
7771 11289 476 451
7771 11290 479 450
7771 11291 481 448
7771 11292 484 446
7771 11293 485 444
7771 11294 488 443
7771 11295 491 443
7771 11296 493 441
7771 11297 495 439
7771 11298 498 438
7771 11299 500 437
7771 11300 501 434
7771 11301 503 433
7771 11302 505 431
7771 11303 508 432
7771 11304 510 430
7771 11305 512 428
7771 11306 514 427
7771 11307 516 426
7771 11308 518 423
7771 11309 520 422
7899 11349 496 250
7899 11350 487 271
7899 11351 485 268
7899 11352 483 266
7899 11353 480 264
7899 11354 474 264
7899 11355 465 263
7899 11356 457 263
7899 11357 455 263
7899 11358 453 262
7899 11359 447 262
7899 11360 439 262
7899 11361 435 261
7899 11362 426 261
7899 11363 418 259
7899 11364 409 259
7899 11365 404 259
7899 11366 395 259
7899 11367 387 258
7899 11368 379 255
7899 11369 373 256
7899 11370 368 256
7899 11371 355 255
7899 11372 346 254
7899 11373 340 253
7899 11374 331 251
7899 11375 322 252
7899 11376 313 251
7899 11377 307 251
7899 11378 299 251
7899 11379 289 249
7899 11380 283 249
7899 11381 274 248
7899 11382 265 247
7899 11383 256 246
8095 11559 129 299
8095 11560 124 302
8095 11561 122 303
8095 11562 116 308
8095 11563 112 309
8095 11564 108 312
8095 11565 102 314
8095 11566 96 318
8095 11567 94 319
8095 11568 90 321
8095 11569 84 324
8095 11570 78 327
8095 11571 75 326
8095 11572 69 330
8095 11573 63 333
8095 11574 58 333
8140 11585 338 285
8140 11586 339 280
8140 11587 337 279
8140 11588 336 281
8140 11589 335 281
8140 11590 335 282
8140 11591 333 282
8140 11592 332 283
8140 11593 331 280
8140 11594 331 283
8140 11595 330 284
8140 11596 329 283
8140 11597 327 285
8140 11598 327 285
8140 11599 325 286
8140 11600 325 285
8140 11601 325 287
8140 11602 323 289
8140 11603 323 291
8140 11604 322 290
8140 11605 320 290
8140 11606 319 288
8140 11607 318 288
8140 11608 318 292
8140 11609 317 295
8140 11610 315 296
8140 11611 315 294
8140 11612 313 296
8140 11613 313 296
8140 11614 312 298
8140 11615 311 298
8140 11616 309 299
8140 11617 308 301
8140 11618 307 301
8140 11619 306 301
8140 11620 305 304
8140 11621 304 303
8140 11622 303 301
8140 11623 302 306
8140 11624 301 307
8140 11625 298 306
8140 11626 298 307
8140 11627 296 310
8140 11628 296 309
8140 11629 294 310
8140 11630 292 312
8140 11631 291 311
8140 11632 290 312
8140 11633 289 306
8140 11634 287 316
8140 11635 285 316
8140 11636 283 312
8140 11637 282 317
8140 11638 281 319
8140 11639 280 317
8140 11640 279 316
8140 11641 278 321
8140 11642 276 323
8140 11643 274 321
8140 11644 271 323
8140 11645 271 321
8140 11646 270 323
8140 11647 267 323
8140 11648 266 329
8140 11649 264 329
8140 11650 264 328
8140 11651 262 331
8140 11652 261 328
8140 11653 259 333
8140 11654 257 329
8166 11623 323 466
8166 11624 319 469
8166 11625 317 469
8166 11626 312 469
8166 11627 309 468
8166 11628 307 465
8166 11629 304 468
8166 11630 299 467
8166 11631 296 467
8166 11632 292 466
8166 11633 289 466
8166 11634 284 466
8166 11635 280 465
8166 11636 276 470
8166 11637 271 465
8166 11638 267 465
8166 11639 262 464
8166 11640 253 464
8166 11641 249 470
8166 11642 246 467
8166 11643 241 463
8166 11644 234 463
8166 11645 231 460
8166 11646 227 458
8166 11647 220 460
8166 11648 213 460
8166 11649 211 455
8166 11650 206 459
8166 11651 199 457
8166 11652 196 453
8166 11653 192 451
8166 11654 186 453
8166 11655 182 453
8166 11656 178 448
8166 11657 175 450
8166 11658 169 448
8166 11659 165 445
8166 11660 162 443
8166 11661 156 446
8166 11662 152 445
8166 11663 150 441
8166 11664 145 441
8166 11665 140 440
8166 11666 136 439
8166 11667 133 438
8166 11668 127 437
8166 11669 126 435
8166 11670 121 431
8166 11671 118 432
8166 11672 114 432
8166 11673 110 428
8166 11674 106 430
8166 11675 101 429
8166 11676 100 426
8166 11677 96 424
8166 11678 93 425
8166 11679 89 424
8166 11680 85 419
8166 11681 82 423
8166 11682 79 422
8199 11678 410 261
8199 11679 404 260
8199 11680 399 260
8199 11681 393 255
8199 11682 385 254
8199 11683 382 254
8199 11684 375 253
8199 11685 366 253
8199 11686 360 252
8199 11687 353 252
8199 11688 347 251
8199 11689 339 250
8199 11690 332 250
8199 11691 327 249
8199 11692 320 250
8199 11693 315 249
8199 11694 307 250
8199 11695 302 249
8199 11696 295 251
8199 11697 289 247
8199 11698 280 250
8276 11844 487 271
8276 11845 484 266
8276 11846 473 266
8276 11847 459 264
8276 11848 454 263
8276 11849 443 264
8276 11850 433 264
8276 11851 423 263
8276 11852 417 262
8276 11853 406 262
8276 11854 400 261
8276 11855 390 260
8276 11856 381 260
8276 11857 371 259
8276 11858 361 257
8276 11859 355 258
8276 11860 347 257
8276 11861 338 255
8276 11862 330 255
8276 11863 322 253
8276 11864 318 253
8276 11865 311 253
8276 11866 302 251
8276 11867 296 252
8276 11868 292 252
8276 11869 284 254
8276 11870 277 252
8276 11871 273 254
8276 11872 268 253
8276 11873 259 255
8276 11874 253 255
8276 11875 249 255
8276 11876 241 254
8276 11877 236 256
8276 11878 230 258
8276 11879 226 258
8276 11880 219 258
8276 11881 215 259
8276 11882 211 259
8276 11883 210 260
8276 11884 198 262
8276 11885 195 262
8276 11886 190 261
8276 11887 188 262
8276 11888 182 266
8276 11889 178 266
8276 11890 174 269
8276 11891 172 270
8276 11892 167 270
8276 11893 163 272
8276 11894 158 272
8276 11895 154 276
8276 11896 152 278
8276 11897 149 279
8276 11898 142 281
8276 11899 138 280
8276 11900 131 284
8276 11901 126 287
8343 11932 484 270
8343 11933 470 264
8343 11934 460 262
8343 11935 454 261
8343 11936 438 261
8343 11937 422 260
8343 11938 416 259
8343 11939 394 257
8343 11940 378 256
8343 11941 363 255
8343 11942 353 254
8343 11943 338 252
8343 11944 322 252
8343 11945 308 250
8343 11946 299 250
8343 11947 283 249
8343 11948 270 247
8369 11954 451 264
8369 11955 441 263
8369 11956 425 263
8369 11957 409 262
8369 11958 399 260
8369 11959 385 259
8369 11960 369 258
8369 11961 353 257
8369 11962 343 256
8369 11963 330 254
8369 11964 315 253
8369 11965 301 252
8369 11966 287 251
8369 11967 284 249
8411 12106 485 270
8411 12107 482 265
8411 12108 474 265
8411 12109 465 264
8411 12110 459 262
8411 12111 451 263
8411 12112 441 262
8411 12113 429 261
8411 12114 419 260
8411 12115 411 259
8411 12116 400 258
8411 12117 390 258
8411 12118 379 257
8411 12119 373 256
8411 12120 362 255
8411 12121 351 255
8411 12122 340 254
8411 12123 334 253
8411 12124 324 252
8411 12125 314 251
8411 12126 304 250
8411 12127 298 250
8411 12128 289 250
8411 12129 279 248
8411 12130 269 248
8411 12131 264 247
8411 12132 255 247
8411 12133 241 247
8411 12134 239 248
8411 12135 239 249
8411 12136 236 257
8494 12250 160 277
8494 12251 159 276
8494 12252 156 276
8494 12253 153 278
8494 12254 149 277
8494 12255 146 281
8494 12256 142 280
8494 12257 140 286
8494 12258 135 283
8494 12259 134 287
8494 12260 129 290
8494 12261 125 292
8494 12262 121 288
8494 12263 117 292
8494 12264 113 296
8494 12265 112 298
8494 12266 106 302
8494 12267 97 301
8532 12284 486 269
8532 12285 481 267
8532 12286 473 265
8532 12287 464 265
8532 12288 450 263
8532 12289 442 262
8532 12290 427 261
8532 12291 414 261
8532 12292 400 260
8532 12293 392 259
8532 12294 379 258
8532 12295 366 256
8532 12296 354 255
8532 12297 346 255
8532 12298 333 254
8532 12299 321 253
8532 12300 309 251
8532 12301 302 251
8532 12302 290 250
8532 12303 278 248
8532 12304 267 248
8532 12305 261 248
8532 12306 251 247
8532 12307 245 246
8532 12308 229 246
8945 12696 142 449
8945 12697 147 450
8945 12698 151 449
8945 12699 154 450
8945 12700 158 446
8945 12701 163 449
8945 12702 168 446
8945 12703 173 446
8945 12704 177 447
8945 12705 182 448
8945 12706 186 449
8945 12707 191 446
8945 12708 196 448
8945 12709 200 447
8945 12710 205 447
8945 12711 211 446
8945 12712 216 445
8945 12713 220 444
8945 12714 225 445
8945 12715 228 445
8945 12716 233 442
8945 12717 239 443
8945 12718 244 442
8945 12719 248 442
8945 12720 253 442
8945 12721 258 443
8945 12722 263 443
8945 12723 267 442
8945 12724 272 440
8945 12725 276 442
8945 12726 280 438
8945 12727 284 439
8945 12728 288 440
8945 12729 292 440
8945 12730 297 440
8945 12731 303 439
8945 12732 306 439
8945 12733 310 439
8945 12734 314 438
8945 12735 319 440
8945 12736 324 439
8945 12737 326 439
8945 12738 331 439
8945 12739 335 439
8945 12740 339 436
8945 12741 342 437
8945 12742 346 438
8945 12743 351 438
8945 12744 355 437
8945 12745 360 435
8945 12746 362 434
8945 12747 366 432
8945 12748 370 431
8945 12749 375 438
8953 12700 127 435
8953 12701 134 436
8953 12702 135 434
8953 12703 138 433
8953 12704 143 435
8953 12705 148 435
8953 12706 148 433
8953 12707 152 431
8953 12708 157 434
8953 12709 160 434
8953 12710 162 432
8953 12711 166 431
8953 12712 171 433
8953 12713 173 433
8953 12714 176 429
8953 12715 180 430
8953 12716 186 432
8953 12717 187 432
8953 12718 190 429
8953 12719 193 430
8953 12720 199 431
8953 12721 201 429
8953 12722 204 427
8953 12723 208 430
8953 12724 213 430
8953 12725 215 428
8953 12726 220 426
8953 12727 223 429
8953 12728 225 428
8953 12729 228 426
8953 12730 231 426
8953 12731 236 428
8953 12732 241 429
8953 12733 239 427
8953 12734 245 424
8953 12735 250 426
8953 12736 251 427
8953 12737 252 437
9196 12864 3 470
9196 12865 6 470
9196 12866 10 469
9196 12867 16 469
9196 12868 21 469
9196 12869 26 469
9196 12870 30 469
9196 12871 34 468
9196 12872 40 468
9196 12873 45 468
9196 12874 48 468
9196 12875 53 467
9196 12876 57 468
9196 12877 63 468
9196 12878 68 467
9196 12879 74 467
9196 12880 78 467
9196 12881 84 467
9196 12882 87 465
9196 12883 91 466
9196 12884 96 466
9196 12885 102 467
9196 12886 106 466
9196 12887 111 465
9196 12888 118 466
9196 12889 122 465
9196 12890 125 461
9196 12891 134 464
9196 12892 136 465
9196 12893 142 464
9196 12894 145 462
9196 12895 155 463
9196 12896 159 463
9196 12897 162 462
9196 12898 165 461
9196 12899 175 461
9196 12900 180 461
9196 12901 181 458
9196 12902 185 456
9196 12903 193 458
9196 12904 197 457
9196 12905 199 454
9196 12906 204 456
9196 12907 213 455
9196 12908 216 454
9196 12909 217 451
9196 12910 224 452
9196 12911 230 443
9196 12912 232 442
9196 12913 236 440
9438 13016 247 250
9438 13017 252 252
9438 13018 257 252
9438 13019 262 254
9438 13020 275 254
9438 13021 286 255
9438 13022 296 256
9438 13023 303 256
9438 13024 314 257
9438 13025 324 258
9438 13026 335 259
9438 13027 346 260
9438 13028 354 261
9438 13029 365 262
9438 13030 378 263
9438 13031 389 264
9438 13032 402 265
9438 13033 409 265
9438 13034 422 267
9438 13035 434 267
9438 13036 447 269
9438 13037 460 268
9438 13038 470 269
9438 13039 468 270
9527 13081 225 319
9527 13082 226 315
9527 13083 228 314
9527 13084 232 316
9527 13085 230 316
9527 13086 232 316
9527 13087 234 317
9527 13088 235 316
9527 13089 237 317
9527 13090 240 317
9527 13091 241 317
9527 13092 242 317
9527 13093 245 318
9527 13094 246 317
9527 13095 247 318
9527 13096 249 318
9527 13097 250 318
9527 13098 253 318
9527 13099 255 319
9527 13100 257 319
9527 13101 257 320
9527 13102 259 318
9527 13103 261 319
9527 13104 262 321
9527 13105 263 323
9527 13106 265 322
9527 13107 268 321
9527 13108 268 322
9527 13109 271 322
9527 13110 272 323
9527 13111 274 322
9527 13112 276 323
9527 13113 277 323
9527 13114 280 323
9527 13115 281 324
9527 13116 283 323
9527 13117 284 325
9527 13118 287 324
9527 13119 288 325
9527 13120 289 325
9527 13121 291 325
9527 13122 293 326
9527 13123 295 326
9527 13124 297 326
9527 13125 297 326
9527 13126 300 325
9527 13127 303 326
9527 13128 305 328
9527 13129 305 329
9527 13130 306 328
9527 13131 309 327
9527 13132 311 329
9527 13133 312 329
9527 13134 313 329
9527 13135 315 330
9527 13136 317 330
9527 13137 321 331
9527 13138 321 329
9527 13139 322 330
9527 13140 324 331
9527 13141 325 332
9527 13142 329 332
9527 13143 329 332
9527 13144 330 332
9527 13145 333 333
9527 13146 335 333
9527 13147 336 333
9527 13148 338 333
9527 13149 339 333
9527 13150 341 333
9527 13151 343 334
9527 13152 346 334
9527 13153 347 335
9527 13154 348 335
9527 13155 351 335
9527 13156 353 335
9527 13157 356 336
9527 13158 355 336
9527 13159 359 335
9527 13160 360 335
9527 13161 363 337
9527 13162 365 338
9527 13163 365 338
9527 13164 368 337
9527 13165 369 338
9527 13166 373 338
9527 13167 374 339
9527 13168 375 338
9527 13169 378 338
9527 13170 379 339
9527 13171 382 339
9527 13172 384 340
9527 13173 385 340
9527 13174 388 340
9527 13175 390 340
9527 13176 392 341
9527 13177 393 341
9527 13178 395 340
9527 13179 397 342
9527 13180 398 342
9527 13181 400 343
9527 13182 401 343
9527 13183 403 343
9527 13184 405 343
9527 13185 408 344
9527 13186 410 345
9527 13187 410 345
9527 13188 412 345
9527 13189 413 346
9527 13190 416 346
9527 13191 418 347
9527 13192 419 347
9527 13193 421 346
9527 13194 422 347
9527 13195 426 348
9527 13196 428 348
9527 13197 428 348
9527 13198 430 347
9527 13199 430 346
9776 13386 403 246
9776 13387 411 264
9776 13388 428 266
9776 13389 444 267
9776 13390 460 268
9776 13391 467 268
9776 13392 482 269
9776 13393 486 265