113 169 534 369
113 170 531 364
113 171 530 364
113 172 527 366
113 173 525 366
113 174 520 368
113 175 518 368
113 176 516 369
113 177 515 369
113 178 511 371
113 179 509 373
113 180 506 373
113 181 503 373
113 182 500 374
113 183 498 376
113 184 495 376
113 185 493 376
113 186 491 378
113 187 487 380
113 188 486 381
113 189 483 382
113 190 478 382
113 191 475 384
113 192 472 385
113 193 471 385
113 194 468 385
113 195 464 388
113 196 462 389
113 197 457 390
113 198 455 390
113 199 452 392
113 200 448 393
113 201 444 393
113 202 441 394
113 203 437 395
113 204 433 397
113 205 429 396
113 206 426 397
113 207 422 397
113 208 419 398
113 209 414 398
113 210 411 399
113 211 408 400
113 212 402 402
113 213 398 402
113 214 396 402
113 215 393 401
113 216 388 404
113 217 380 403
113 218 378 403
113 219 376 405
113 220 369 406
113 221 366 405
113 222 361 406
113 223 356 407
113 224 351 407
113 225 347 407
113 226 344 407
113 227 343 407
113 228 338 408
113 229 332 409
113 230 327 410
113 231 324 409
113 232 318 409
113 233 313 411
113 234 309 411
113 235 307 411
113 236 304 411
113 237 298 412
113 238 292 413
113 239 286 414
113 240 285 414
113 241 279 415
113 242 274 415
113 243 269 415
113 244 267 415
113 245 259 416
113 246 254 417
113 247 250 418
113 248 249 417
113 249 245 418
113 250 238 417
113 251 234 419
113 252 232 419
113 253 224 419
113 254 221 421
113 255 214 421
113 256 213 421
113 257 211 421
113 258 206 422
113 259 199 422
113 260 195 423
113 261 192 423
113 262 187 423
113 263 182 424
113 264 177 424
113 265 174 425
113 266 172 425
113 267 168 424
113 268 162 426
113 269 158 424
113 270 155 425
113 271 152 427
113 272 143 427
113 273 142 427
113 274 140 428
113 275 135 428
113 276 129 428
113 277 125 428
113 278 123 428
113 279 122 428
113 280 118 428
113 281 113 429
113 282 109 430
113 283 107 430
113 284 104 429
113 285 101 430
113 286 97 430
113 287 94 431
113 288 92 431
113 289 89 431
113 290 88 431
113 291 81 431
113 292 80 432
113 293 79 432
113 294 76 431
113 295 77 432
113 296 71 433
113 297 66 433
113 298 66 434
113 299 65 434
113 300 63 434
113 301 59 434
113 302 54 436
113 303 53 436
113 304 51 437
113 305 47 436
113 306 47 436
113 307 41 437
113 308 39 438
113 309 38 439
113 310 38 438
113 311 35 440
113 312 27 440
113 313 25 440
113 314 24 440
113 315 24 442
113 316 22 441
113 317 18 440
113 318 12 442
113 319 11 442
113 320 11 443
113 321 8 444
113 322 8 445
113 323 7 447
584 703 150 322
584 704 150 315
584 705 147 322
584 706 146 322
584 707 143 322
584 708 146 318
584 709 145 321
584 710 145 323
584 711 141 320
584 712 136 318
584 713 138 319
584 714 135 319
584 715 133 317
584 716 132 316
584 717 128 318
584 718 125 319
584 719 124 319
584 720 124 319
584 721 121 321
584 722 121 321
584 723 118 319
584 724 117 320
584 725 113 320
584 726 112 320
584 727 111 320
584 728 110 321
584 729 108 321
584 730 105 319
584 731 103 321
584 732 102 321
584 733 101 320
584 734 100 320
584 735 97 320
584 736 94 319
584 737 93 319
584 738 92 320
584 739 91 320
584 740 89 320
584 741 87 321
584 742 85 320
584 743 83 321
584 744 81 321
584 745 80 323
584 746 78 325
584 747 76 325
584 748 75 325
584 749 74 327
584 750 73 328
584 751 70 328
584 752 70 329
584 753 69 329
584 754 67 328
584 755 64 329
584 756 61 331
584 757 61 331
584 758 60 332
584 759 60 331
584 760 59 331
584 761 59 336
661 774 416 261
661 775 414 261
661 776 410 261
661 777 409 261
661 778 402 260
661 779 399 258
661 780 394 259
661 781 391 259
661 782 388 257
661 783 381 258
661 784 382 256
661 785 381 256
661 786 375 255
661 787 371 255
661 788 367 255
661 789 363 251
661 790 366 254
661 791 368 250
661 792 371 253
661 793 368 251
661 794 367 254
661 795 361 253
661 796 359 252
661 797 354 252
661 798 347 252
661 799 344 252
661 800 338 248
661 801 334 247
661 802 333 247
661 803 325 250
661 804 323 249
661 805 318 250
661 806 314 247
661 807 302 248
661 808 294 254
987 1054 486 265
987 1055 480 265
987 1056 477 265
987 1057 471 264
987 1058 465 264
987 1059 464 263
987 1060 458 263
987 1061 453 262
987 1062 446 262
987 1063 439 261
987 1064 435 261
987 1065 432 260
987 1066 427 260
987 1067 418 259
987 1068 415 259
987 1069 408 257
987 1070 405 254
987 1071 400 257
987 1072 395 257
987 1073 390 257
987 1074 386 256
987 1075 381 257
987 1076 375 256
987 1077 371 255
987 1078 364 255
987 1079 358 254
987 1080 354 254
987 1081 350 253
1934 1717 452 363
1934 1718 450 365
1934 1719 454 367
1934 1720 456 367
1934 1721 456 368
1934 1722 456 371
1934 1723 462 371
1934 1724 462 373
1934 1725 462 370
1934 1726 461 370
1934 1727 462 371
1934 1728 465 376
1934 1729 468 374
1934 1730 470 377
1934 1731 470 375
1934 1732 472 373
1934 1733 469 375
1934 1734 472 376
1934 1735 473 378
1934 1736 478 379
1934 1737 478 379
1934 1738 479 379
1934 1739 484 381
1934 1740 486 384
1934 1741 488 385
1934 1742 488 384
1934 1743 486 385
1934 1744 488 384
1934 1745 494 386
1934 1746 495 389
1934 1747 496 386
1934 1748 494 389
1934 1749 496 391
1934 1750 502 390
1934 1751 504 391
1934 1752 505 391
1934 1753 507 393
1934 1754 505 391
1934 1755 507 393
1934 1756 512 396
1934 1757 513 396
1934 1758 513 396
1934 1759 516 396
1934 1760 516 396
1934 1761 519 399
1934 1762 520 401
1934 1763 521 402
1934 1764 521 401
1934 1765 518 402
1934 1766 518 403
2076 1795 534 427
2076 1796 536 424
2076 1797 530 427
2076 1798 528 428
2076 1799 525 429
2076 1800 520 435
2076 1801 518 431
2076 1802 516 433
2076 1803 515 432
2076 1804 513 433
2076 1805 509 436
2076 1806 505 437
2076 1807 503 437
2076 1808 501 437
2076 1809 497 440
2076 1810 493 442
2076 1811 492 443
2076 1812 490 444
2076 1813 485 446
2076 1814 482 448
2076 1815 480 449
2076 1816 477 450
2076 1817 476 449
2076 1818 472 451
2076 1819 467 452
2076 1820 465 454
2076 1821 463 455
2076 1822 459 456
2076 1823 456 459
2076 1824 452 459
2076 1825 450 460
2076 1826 447 460
2076 1827 444 461
2076 1828 440 462
2076 1829 438 463
2076 1830 437 463
2076 1831 435 463
2076 1832 430 463
2076 1833 426 464
2076 1834 424 464
2076 1835 422 465
2076 1836 419 466
2076 1837 417 466
2076 1838 415 466
2076 1839 411 467
2076 1840 409 467
2076 1841 406 467
2076 1842 401 468
2076 1843 398 469
2076 1844 395 469
2076 1845 392 469
2076 1846 388 470
2076 1847 382 471
2076 1848 375 472
2076 1849 375 472
2592 2115 243 250
2592 2116 247 251
2592 2117 253 251
2592 2118 258 252
2592 2119 263 252
2592 2120 269 252
2592 2121 273 252
2592 2122 279 252
2592 2123 285 252
2592 2124 288 255
2592 2125 297 256
2592 2126 304 253
2592 2127 308 255
2592 2128 315 256
2592 2129 322 257
2592 2130 327 257
2592 2131 331 257
2592 2132 334 257
2592 2133 342 258
2592 2134 347 258
2592 2135 353 260
2592 2136 358 260
2592 2137 365 260
2592 2138 375 260
2592 2139 380 261
2592 2140 389 261
2592 2141 392 263
2592 2142 399 262
2592 2143 403 265
2592 2144 409 261
2592 2145 414 263
2592 2146 421 263
2592 2147 424 265
2592 2148 431 265
2592 2149 437 265
3085 2445 81 267
3085 2446 84 271
3085 2447 85 266
3085 2448 59 270
3085 2449 59 271
3085 2450 51 256
3085 2451 41 276
3085 2452 41 277
3085 2453 21 272
3085 2454 3 280
3315 2609 3 344
3315 2610 3 342
3315 2611 4 344
3315 2612 4 343
3315 2613 6 343
3315 2614 7 342
3315 2615 8 343
3315 2616 7 343
3315 2617 9 341
3315 2618 10 343
3315 2619 11 339
3315 2620 13 339
3315 2621 13 339
3315 2622 14 343
3315 2623 15 338
3315 2624 16 337
3315 2625 17 337
3315 2626 18 337
3315 2627 19 336
3315 2628 20 337
3315 2629 20 336
3315 2630 20 336
3315 2631 21 341
3315 2632 23 339
3315 2633 24 333
3315 2634 26 332
3315 2635 25 333
3315 2636 25 332
3315 2637 27 332
3315 2638 30 333
3315 2639 30 330
3315 2640 32 330
3315 2641 33 333
3315 2642 31 330
3315 2643 33 326
3315 2644 32 330
3315 2645 34 328
3315 2646 35 328
3315 2647 37 329
3315 2648 38 327
3315 2649 36 328
3315 2650 39 324
3315 2651 39 325
3315 2652 42 328
3315 2653 44 324
3315 2654 43 323
3315 2655 43 324
3315 2656 42 324
3315 2657 44 325
3315 2658 46 322
3315 2659 47 322
3315 2660 48 321
3315 2661 50 322
3315 2662 49 322
3315 2663 51 320
3315 2664 52 319
3315 2665 55 319
3315 2666 54 319
3315 2667 55 318
3315 2668 54 319
3315 2669 56 318
3315 2670 56 319
3315 2671 58 318
3315 2672 60 317
3315 2673 60 316
3315 2674 60 316
4276 3133 464 265
4276 3134 468 263
4276 3135 465 261
4276 3136 460 261
4276 3137 458 261
4276 3138 450 259
4276 3139 451 257
4276 3140 446 261
4276 3141 443 258
4276 3142 441 260
4276 3143 435 259
4276 3144 432 258
4276 3145 429 260
4276 3146 426 259
4276 3147 421 259
4276 3148 415 258
4276 3149 413 262
4276 3150 410 258
4276 3151 406 257
4276 3152 403 257
4276 3153 398 257
4276 3154 393 255
4276 3155 390 257
4276 3156 386 256
4276 3157 382 255
4276 3158 377 254
4276 3159 375 255
4276 3160 371 255
4276 3161 367 253
4276 3162 363 255
4276 3163 360 252
4276 3164 355 254
4276 3165 352 250
4276 3166 348 253
4276 3167 344 250
4276 3168 341 253
4276 3169 339 252
4276 3170 335 253
4276 3171 331 251
4276 3172 326 252
4276 3173 325 250
4276 3174 321 251
6116 4104 266 251
6116 4105 265 258
6116 4106 269 266
6116 4107 271 266
6116 4108 272 267
6116 4109 272 266
6116 4110 273 266
6116 4111 274 267
6116 4112 276 268
6116 4113 277 266
6116 4114 279 268
6116 4115 281 267
6116 4116 281 267
6116 4117 282 268
6116 4118 282 267
6116 4119 284 262
6116 4120 287 268
6116 4121 291 269
6116 4122 289 269
6116 4123 289 267
6116 4124 289 268
6116 4125 292 265
6116 4126 292 268
6116 4127 297 271
6116 4128 297 268
6116 4129 298 268
6116 4130 298 269
6116 4131 298 269
6116 4132 300 269
6116 4133 303 268
6116 4134 304 270
6116 4135 305 271
6116 4136 306 271
6116 4137 306 269
6116 4138 306 270
6116 4139 308 269
6116 4140 311 268
6116 4141 312 269
6116 4142 313 269
6116 4143 314 269
6116 4144 314 272
6116 4145 314 270
6116 4146 316 270
6116 4147 317 270
6116 4148 320 272
6116 4149 322 270
6116 4150 322 269
6116 4151 322 271
6116 4152 323 270
6116 4153 324 270
6116 4154 328 270
6116 4155 329 271
6116 4156 330 270
6116 4157 331 270
6116 4158 330 270
6116 4159 332 269
6116 4160 334 273
6116 4161 335 270
6116 4162 338 271
6116 4163 340 271
6116 4164 339 270
6116 4165 341 272
6116 4166 341 270
6116 4167 343 272
6116 4168 345 270
6116 4169 347 274
6116 4170 348 271
6116 4171 348 271
6116 4172 348 272
6116 4173 350 274
6116 4174 351 270
6116 4175 354 275
6116 4176 356 271
6116 4177 359 275
6116 4178 356 271
6116 4179 356 274
6116 4180 358 271
6116 4181 362 274
6116 4182 362 273
6116 4183 362 274
6116 4184 365 272
6116 4185 365 273
6116 4186 365 273
6116 4187 365 271
6116 4188 369 275
6116 4189 368 275
6116 4190 372 276
6116 4191 370 276
7200 4589 173 264
7200 4590 172 263
7200 4591 167 266
7200 4592 170 263
7200 4593 169 268
7200 4594 168 264
7200 4595 163 269
7200 4596 167 268
7200 4597 166 271
7200 4598 164 268
7200 4599 160 272
7200 4600 161 271
7200 4601 158 273
7200 4602 158 271
7200 4603 152 275
7200 4604 155 274
7200 4605 149 276
7200 4606 152 277
7200 4607 147 277
7200 4608 145 276
7200 4609 141 277
7200 4610 140 277
7200 4611 135 278
7200 4612 136 279
7200 4613 131 279
7200 4614 130 281
7200 4615 127 282
7200 4616 124 282
7200 4617 126 285
7200 4618 119 291
7200 4619 120 292
7200 4620 113 292
7200 4621 113 294
9308 5441 547 426
9308 5442 547 419
9308 5443 543 425
9308 5444 543 421
9308 5445 542 421
9308 5446 540 427
9308 5447 535 426
9308 5448 537 422
9308 5449 534 423
9308 5450 532 424
9308 5451 530 426
9308 5452 529 425
9308 5453 529 426
9308 5454 527 427
9308 5455 527 434
9308 5456 526 427
9308 5457 526 427
9308 5458 521 432
9308 5459 520 431
9308 5460 517 434
9308 5461 510 435
9308 5462 507 438
9308 5463 502 441
9308 5464 500 439
9308 5465 496 443
9308 5466 493 446
9308 5467 492 443
9308 5468 489 446
9308 5469 484 448
9308 5470 481 450
9308 5471 480 450
9308 5472 478 453
9308 5473 471 454
9308 5474 468 456
9308 5475 468 454
9308 5476 459 457
9308 5477 453 458
9308 5478 451 460
9308 5479 446 461
9308 5480 442 462
9308 5481 439 463
9308 5482 433 464
9308 5483 425 464
9308 5484 421 465
9308 5485 417 466
9308 5486 412 466
9308 5487 408 467
9308 5488 403 468
9308 5489 398 469
9308 5490 392 469
9308 5491 388 470
9308 5492 383 471
9308 5493 377 472
9308 5494 373 472
9308 5495 370 472
9308 5496 365 474
9308 5497 361 475
9308 5498 358 475
9308 5499 352 475
9308 5500 347 475
9308 5501 342 476
9308 5502 335 476
9326 5449 406 475
9326 5450 403 475
9326 5451 400 474
9326 5452 400 474
9326 5453 399 473
9326 5454 394 472
9326 5455 391 471
9326 5456 390 471
9326 5457 389 471
9326 5458 386 470
9326 5459 385 470
9326 5460 381 469
9326 5461 376 467
9326 5462 371 465
9326 5463 366 464
9326 5464 364 463
9326 5465 361 463
9326 5466 355 462
9326 5467 352 462
9326 5468 350 461
9326 5469 348 459
9326 5470 344 459
9326 5471 340 457
9326 5472 338 457
9326 5473 335 455
9326 5474 336 448
9861 5631 470 291
9861 5632 470 289
9861 5633 460 312
9861 5634 460 312
9861 5635 474 331
9861 5636 498 330
9861 5637 494 320
9861 5638 494 320
9861 5639 491 339
10063 5697 517 248
10063 5698 545 253
10063 5699 560 274
10063 5700 539 290
10063 5701 550 302
10063 5702 554 291
10063 5703 543 307
11111 6046 3 309
11111 6047 10 332
11111 6048 10 332
11111 6049 26 314
11111 6050 24 314
11111 6051 35 313
11111 6052 35 314
11111 6053 33 313
11111 6054 17 294
11111 6055 22 281
13808 7307 71 276
13808 7308 60 256
13808 7309 67 271
13808 7310 49 292
13808 7311 49 295
13808 7312 20 299
13808 7313 39 302
13808 7314 39 303
13808 7315 12 315
13808 7316 32 301
17172 8954 125 285
17172 8955 127 289
17172 8956 124 291
17172 8957 121 292
17172 8958 121 292
17172 8959 118 295
17172 8960 118 295
17172 8961 114 297
17172 8962 112 298
17172 8963 111 298
17172 8964 109 300
17172 8965 107 301
17172 8966 106 301
17172 8967 104 303
17172 8968 101 304
17172 8969 99 302
17172 8970 97 306
17172 8971 96 307
17172 8972 95 308
17172 8973 94 308
17172 8974 91 310
17172 8975 90 310
17172 8976 86 312
17172 8977 85 313
17172 8978 82 312
17172 8979 81 312
17172 8980 79 316
17172 8981 77 316
17172 8982 76 317
17172 8983 73 320
17172 8984 67 329
17172 8985 66 330
17253 8988 122 292
17253 8989 120 291
17253 8990 131 282
17253 8991 126 283
17253 8992 124 287
17253 8993 122 289
17253 8994 122 292
17253 8995 122 291
17253 8996 118 294
17253 8997 121 295
17253 8998 114 296
17253 8999 116 294
17253 9000 111 297
17253 9001 110 297
17253 9002 111 299
17253 9003 106 300
17253 9004 103 301
17253 9005 105 300
17253 9006 100 303
17253 9007 101 303
17253 9008 96 305
17253 9009 98 303
17253 9010 93 307
17253 9011 91 307
17253 9012 89 305
17253 9013 88 308
17253 9014 84 310
17253 9015 86 311
17253 9016 79 313
17253 9017 79 313
17253 9018 78 314
17253 9019 73 315
17253 9020 75 314
17253 9021 70 315
17253 9022 67 317
17253 9023 69 317
17253 9024 64 318
17253 9025 63 320
17253 9026 61 321
17253 9027 58 320
17253 9028 56 324
17253 9029 53 322
17253 9030 47 326
17253 9031 45 327
17253 9032 44 325
17253 9033 40 328
17253 9034 35 331
17253 9035 35 333
17253 9036 31 332
17253 9037 28 333
17253 9038 28 335
17253 9039 26 336
17253 9040 19 339
17253 9041 15 338
17253 9042 11 335
17253 9043 16 343
17384 9029 427 257
17384 9030 429 257
17384 9031 434 257
17384 9032 430 263
17384 9033 436 265
17384 9034 440 266
17384 9035 449 262
17384 9036 453 266
17384 9037 455 267
17384 9038 460 268
17384 9039 466 265
17384 9040 471 267
17384 9041 475 269
17384 9042 479 267
17384 9043 485 267
17384 9044 487 272
17384 9045 490 292
17931 9379 408 264
17931 9380 409 261
17931 9381 405 260
17931 9382 399 258
17931 9383 393 257
17931 9384 384 256
17931 9385 380 256
17931 9386 374 256
17931 9387 370 255
17931 9388 364 254
17931 9389 361 255
17931 9390 353 255
17931 9391 347 254
17931 9392 343 254
17931 9393 338 252
17931 9394 332 252
17931 9395 323 252
17931 9396 317 249
17931 9397 312 249
17931 9398 308 249
17931 9399 297 249
18621 9831 570 408
18621 9832 572 403
18621 9833 571 403
18621 9834 570 402
18621 9835 564 403
18621 9836 560 403
18621 9837 558 403
18621 9838 558 403
18621 9839 556 404
18621 9840 555 405
18621 9841 551 403
18621 9842 548 405
18621 9843 546 406
18621 9844 544 404
18621 9845 542 406
18621 9846 538 403
18621 9847 535 406
18621 9848 532 406
18621 9849 531 406
18621 9850 530 407
18621 9851 526 405
18621 9852 522 408
18621 9853 520 407
18621 9854 519 409
18621 9855 518 408
18621 9856 516 409
18621 9857 511 408
18621 9858 508 408
18621 9859 504 409
18621 9860 504 408
18621 9861 503 410
18621 9862 499 409
18621 9863 496 410
18621 9864 492 410
18621 9865 490 411
18621 9866 488 410
18621 9867 486 410
18621 9868 482 408
18621 9869 476 411
18621 9870 474 411
18621 9871 472 411
18621 9872 473 412
18621 9873 469 411
18621 9874 465 412
18621 9875 460 412
18621 9876 461 411
18621 9877 459 412
18621 9878 455 412
18621 9879 451 412
18621 9880 446 412
18621 9881 445 412
18621 9882 444 413
18621 9883 444 413
18621 9884 437 413
18621 9885 431 413
18621 9886 430 413
18621 9887 430 413
18621 9888 428 413
18621 9889 425 412
18621 9890 421 412
18621 9891 415 412
18621 9892 414 413
18621 9893 414 414
18621 9894 411 413
18621 9895 406 413
18621 9896 402 412
18621 9897 399 413
18621 9898 398 413
18621 9899 396 413
18621 9900 389 413
18621 9901 385 412
18621 9902 382 412
18621 9903 382 413
18621 9904 380 413
18621 9905 380 413
18621 9906 374 413
18621 9907 371 413
18621 9908 367 414
18621 9909 367 413
18621 9910 364 413
18621 9911 359 413
18621 9912 353 413
18621 9913 351 413
18621 9914 351 413
18621 9915 350 414
18621 9916 347 413
18621 9917 342 413
18621 9918 336 413
18621 9919 334 413
18621 9920 334 413
18621 9921 330 413
18621 9922 326 413
18621 9923 321 414
18621 9924 318 413
18621 9925 318 414
18621 9926 316 414
18621 9927 310 414
18621 9928 309 414
18621 9929 305 414
18621 9930 303 414
18621 9931 302 414
18621 9932 300 415
18621 9933 293 413
18621 9934 289 413
18621 9935 286 414
18621 9936 285 414
18621 9937 285 414
18621 9938 279 414
18621 9939 275 414
18621 9940 271 414
18621 9941 269 414
18621 9942 267 414
18621 9943 263 413
18621 9944 258 413
18621 9945 254 413
18621 9946 252 413
18621 9947 251 413
18621 9948 249 414
18621 9949 242 413
18621 9950 237 413
18621 9951 236 413
18621 9952 234 413
18621 9953 233 413
18621 9954 227 413
18621 9955 221 411
18621 9956 219 412
18621 9957 220 412
18621 9958 217 412
18621 9959 211 411
18621 9960 207 411
18621 9961 205 411
18621 9962 205 411
18621 9963 202 411
18621 9964 196 410
18621 9965 193 409
18621 9966 189 409
18621 9967 186 410
18621 9968 186 410
18621 9969 184 410
18621 9970 177 409
18621 9971 174 408
18621 9972 174 409
18621 9973 173 409
18621 9974 169 409
18621 9975 163 407
18621 9976 159 407
18621 9977 158 407
18621 9978 157 408
18621 9979 153 407
18621 9980 150 406
18621 9981 148 406
18621 9982 144 406
18621 9983 144 406
18621 9984 142 407
18621 9985 138 406
18621 9986 131 405
18621 9987 129 405
18621 9988 130 405
18621 9989 128 406
18621 9990 125 407
18621 9991 121 404
18621 9992 120 401
19031 10129 403 344
19031 10130 402 344
19031 10131 403 345
19031 10132 404 346
19031 10133 406 345
19031 10134 406 341
19031 10135 409 347
19031 10136 410 348
19031 10137 410 349
19031 10138 411 349
19031 10139 413 348
19031 10140 414 349
19031 10141 416 351
19031 10142 416 351
19031 10143 416 352
19031 10144 418 350
19031 10145 419 352
19031 10146 420 354
19031 10147 423 354
19031 10148 424 354
19031 10149 424 355
19031 10150 425 354
19031 10151 426 355
19031 10152 428 356
19031 10153 429 357
19031 10154 430 356
19031 10155 431 356
19031 10156 432 357
19031 10157 433 358
19031 10158 435 360
19031 10159 436 360
19031 10160 438 362
19031 10161 438 362
19031 10162 440 361
19031 10163 441 363
19031 10164 442 364
19031 10165 443 365
19031 10166 444 366
19031 10167 446 365
19031 10168 447 365
19031 10169 449 367
19031 10170 450 368
19031 10171 452 369
19031 10172 451 368
19031 10173 453 368
19031 10174 455 370
19031 10175 457 371
19031 10176 458 372
19031 10177 457 370
19031 10178 459 371
19031 10179 459 372
19031 10180 461 373
19031 10181 465 374
19031 10182 465 377
19031 10183 466 377
19031 10184 467 376
19031 10185 470 376
19031 10186 470 377
19031 10187 471 379
19031 10188 473 380
19031 10189 474 380
19031 10190 473 379
19031 10191 477 381
19031 10192 479 381
19031 10193 481 383
19031 10194 482 385
19031 10195 484 382
19031 10196 484 384
19031 10197 485 386
19031 10198 488 386
19031 10199 489 388
19031 10200 489 387
19031 10201 490 387
19031 10202 490 387
19031 10203 494 390
19031 10204 497 391
19031 10205 497 392
19031 10206 498 392
19031 10207 499 391
19031 10208 501 393
19031 10209 504 394
19031 10210 505 395
19031 10211 505 396
19031 10212 506 395
19031 10213 508 397
19031 10214 510 397
19031 10215 512 399
19031 10216 514 400
19031 10217 514 400
19031 10218 515 400
19031 10219 517 401
19031 10220 520 403
19031 10221 521 404
19031 10222 522 404
19031 10223 523 406
19031 10224 524 405
19031 10225 527 406
19031 10226 530 408
19031 10227 531 409
19031 10228 531 410
19031 10229 532 409
19031 10230 534 410
19031 10231 535 410
19031 10232 538 412
19031 10233 540 414
19031 10234 540 413
19031 10235 540 413
19031 10236 543 415
19031 10237 546 417
19031 10238 548 418
19031 10239 549 419
19031 10240 550 418
19031 10241 552 418
19031 10242 554 420
19031 10243 556 420
19031 10244 557 422
19031 10245 558 423
19031 10246 557 422
19103 10174 189 246
19103 10175 189 246
19103 10176 192 247
19103 10177 192 247
19103 10178 195 248
19103 10179 197 248
19103 10180 204 248
19103 10181 209 249
19103 10182 211 249
19103 10183 213 250
19103 10184 218 250
19103 10185 220 252
19103 10186 225 251
19103 10187 228 248
19103 10188 234 251
19103 10189 239 252
19103 10190 241 252
19103 10191 245 252
19103 10192 249 252
19103 10193 253 253
19103 10194 258 253
19103 10195 262 254
19103 10196 265 253
19103 10197 268 254
19103 10198 272 254
19103 10199 278 255
19103 10200 280 254
19103 10201 285 255
19103 10202 284 255
19103 10203 291 256
19103 10204 295 255
19103 10205 296 257
19103 10206 301 257
19103 10207 306 257
19103 10208 307 257
19103 10209 313 258
19103 10210 316 255
19103 10211 328 258
19103 10212 323 258
19103 10213 328 259
19103 10214 328 259
19103 10215 333 259
19103 10216 338 259
19103 10217 342 260
19103 10218 342 260
19103 10219 347 259
19103 10220 347 261
19103 10221 351 262
19103 10222 355 261
19103 10223 358 262
19103 10224 362 262
19103 10225 367 262
19103 10226 369 262
19103 10227 372 263
19103 10228 376 263
19103 10229 379 263
19103 10230 381 263
19103 10231 382 264
19103 10232 385 264
19103 10233 392 264
19103 10234 394 265
19103 10235 399 265
19103 10236 402 265
19103 10237 406 265
19103 10238 406 266
19103 10239 409 267
19103 10240 415 266
19103 10241 419 266
19103 10242 423 265
19103 10243 423 267
19103 10244 425 267
19103 10245 432 268
19103 10246 433 269
19103 10247 436 269
19103 10248 438 269
19103 10249 446 270
19103 10250 448 269
19103 10251 451 268
19103 10252 454 270
19103 10253 459 270
19103 10254 459 271
19103 10255 466 270
19103 10256 469 270
19103 10257 471 272
19103 10258 475 271
19103 10259 480 271
19103 10260 482 271
19103 10261 484 272
19103 10262 486 268
19103 10263 489 277
19103 10264 487 266
19103 10265 484 265
19103 10266 483 265
19103 10267 481 264
19103 10268 478 264
19103 10269 476 259
19247 10246 564 421
19247 10247 561 423
19247 10248 563 424
19247 10249 567 426
19247 10250 569 428
19247 10251 568 427
19247 10252 569 427
19247 10253 572 429
19247 10254 576 430
19247 10255 576 431
19247 10256 578 432
19247 10257 579 431
19247 10258 581 431
19247 10259 583 433
19247 10260 586 435
19247 10261 588 436
19247 10262 588 438
19247 10263 589 436
19247 10264 592 437
19247 10265 594 439
19247 10266 597 440
19247 10267 598 441
19247 10268 600 441
19247 10269 602 442
19247 10270 604 442
19247 10271 608 445
19247 10272 609 446
19247 10273 609 445
19247 10274 611 445
19247 10275 613 447
19247 10276 617 449
19247 10277 619 451
19247 10278 618 450
19247 10279 620 450
19247 10280 622 451
19247 10281 627 455
19247 10282 629 455
19247 10283 630 458
19247 10284 634 458
19247 10285 633 461
19247 10286 634 467
19257 10254 127 299
19257 10255 126 292
19257 10256 125 292
19257 10257 121 295
19257 10258 118 296
19257 10259 116 298
19257 10260 113 299
19257 10261 111 300
19257 10262 108 301
19257 10263 103 305
19257 10264 101 305
19257 10265 97 307
19257 10266 96 307
19257 10267 93 310
19257 10268 88 310
19257 10269 85 313
19257 10270 82 314
19257 10271 79 314
19257 10272 75 317
19257 10273 71 320
19257 10274 70 319
19257 10275 67 320
19257 10276 57 321
19257 10277 52 324
19257 10278 49 323
19257 10279 49 324
19257 10280 47 326
19257 10281 43 330
19257 10282 38 332
19257 10283 35 334
19257 10284 26 335
19257 10285 19 340
19257 10286 15 339
19257 10287 12 342
19257 10288 10 345
19257 10289 8 344
19257 10290 6 348
19257 10291 3 350
19293 10274 187 334
19293 10275 189 338
19293 10276 188 339
19293 10277 186 340
19293 10278 185 341
19293 10279 184 340
19293 10280 182 340
19293 10281 180 342
19293 10282 177 344
19293 10283 176 345
19293 10284 173 346
19293 10285 170 347
19293 10286 170 349
19293 10287 168 350
19293 10288 166 350
19293 10289 164 352
19293 10290 162 353
19293 10291 162 353
19293 10292 159 354
19293 10293 157 356
19293 10294 156 358
19293 10295 155 358
19293 10296 153 357
19293 10297 151 359
19293 10298 150 361
19293 10299 149 362
19293 10300 148 361
19293 10301 146 362
19293 10302 144 363
19293 10303 142 365
19293 10304 141 367
19293 10305 140 368
19293 10306 139 367
19293 10307 137 366
19293 10308 136 364
19293 10309 134 366
19293 10310 135 363
19293 10311 132 369
19293 10312 131 371
19521 10487 325 259
19521 10488 321 254
19521 10489 321 258
19521 10490 320 259
19521 10491 319 259
19521 10492 316 256
19521 10493 315 259
19521 10494 313 258
19521 10495 311 257
19521 10496 311 260
19521 10497 308 260
19521 10498 307 261
19521 10499 305 255
19521 10500 306 261
19521 10501 302 261
19521 10502 301 261
19521 10503 301 262
19521 10504 298 265
19521 10505 298 261
19521 10506 297 262
19521 10507 295 262
19521 10508 293 263
19521 10509 292 264
19521 10510 291 263
19521 10511 292 266
19521 10512 288 264
19521 10513 288 266
19521 10514 286 264
19521 10515 285 265
19521 10516 284 264
19521 10517 283 264
19521 10518 281 266
19521 10519 279 265
19521 10520 279 264
19521 10521 278 266
19521 10522 276 265
19521 10523 275 266
19521 10524 274 266
19521 10525 272 266
19521 10526 272 266
19521 10527 271 266
19521 10528 267 265
19521 10529 267 265
19521 10530 264 266
19521 10531 265 266
19521 10532 263 266
19521 10533 263 267
19521 10534 259 266
19521 10535 258 267
19521 10536 257 267
19521 10537 257 267
19521 10538 256 268
19521 10539 254 268
19521 10540 251 267
19521 10541 250 268
19521 10542 249 268
19521 10543 245 267
19521 10544 245 268
19521 10545 243 269
19521 10546 243 268
19521 10547 241 268
19521 10548 241 268
19521 10549 239 269
19521 10550 237 269
19521 10551 235 268
19521 10552 234 269
19521 10553 233 267
19521 10554 233 268
19521 10555 230 268
19521 10556 231 275
19521 10557 228 267
19521 10558 227 270
19521 10559 225 270
19521 10560 226 270
19521 10561 222 270
19521 10562 220 270
19579 10549 139 268
19579 10550 138 267
19579 10551 139 269
19579 10552 140 269
19579 10553 142 268
19579 10554 144 268
19579 10555 145 270
19579 10556 148 274
19579 10557 146 268
19579 10558 146 267
19579 10559 147 267
19579 10560 147 268
19579 10561 149 268
19579 10562 153 266
19579 10563 155 267
19579 10564 158 267
19579 10565 161 265
19579 10566 164 266
19579 10567 165 265
19579 10568 165 265
19579 10569 167 264
19579 10570 168 264
19579 10571 170 264
19579 10572 171 262
19579 10573 172 264
19579 10574 173 264
19579 10575 172 264
19579 10576 173 264
19579 10577 178 264
19579 10578 181 269
19579 10579 180 269
19579 10580 181 270
19579 10581 180 269
19579 10582 176 274
19579 10583 174 274
19579 10584 174 275
19579 10585 172 275
19579 10586 169 275
19579 10587 167 275
19579 10588 166 275
19579 10589 164 275
19579 10590 162 275
19579 10591 161 275
19579 10592 157 275
19579 10593 156 275
19579 10594 156 275
19579 10595 154 276
19579 10596 150 275
19579 10597 149 274
19579 10598 148 274
19579 10599 147 274
19579 10600 145 275
19579 10601 141 275
19579 10602 141 275
19579 10603 139 275
19579 10604 138 275
19579 10605 137 275
19579 10606 135 276
19579 10607 134 276
19579 10608 132 276
19579 10609 131 277
19579 10610 129 278
19579 10611 126 279
19579 10612 126 278
19579 10613 125 278
19579 10614 123 279
19579 10615 121 278
19579 10616 119 279
19579 10617 118 279
19579 10618 117 279
19579 10619 115 279
19579 10620 111 279
19579 10621 110 280
19579 10622 110 279
19579 10623 110 279
19579 10624 108 283
19579 10625 106 280
19579 10626 104 280
19579 10627 103 280
19579 10628 101 280
19579 10629 99 282
19579 10630 98 281
19579 10631 95 281
19579 10632 94 278
19579 10633 94 281
19579 10634 92 278
19579 10635 90 280
19579 10636 86 279
19579 10637 87 282
19579 10638 87 282
19579 10639 85 281
19579 10640 82 281
20217 10906 232 372
20217 10907 232 379
20217 10908 236 379
20217 10909 244 378
20217 10910 241 369
20217 10911 247 369
20217 10912 250 375
20217 10913 250 371
20217 10914 264 367
20217 10915 265 367
20217 10916 267 373
20217 10917 272 372
20217 10918 276 365
20217 10919 275 363
20217 10920 283 364
20217 10921 284 363
20217 10922 292 364
20217 10923 300 363
20217 10924 302 362
20217 10925 307 363
20217 10926 316 363
20217 10927 312 360
20217 10928 319 362
20217 10929 325 361
20217 10930 330 361
20217 10931 332 359
20217 10932 332 350
20287 10932 343 364
20287 10933 342 359
20287 10934 347 363
20287 10935 356 359
20287 10936 357 362
20287 10937 364 358
20287 10938 369 357
20287 10939 374 358
20287 10940 374 357
20287 10941 384 358
20287 10942 388 352
20287 10943 392 355
20287 10944 397 351
20287 10945 402 352
20287 10946 410 355
20287 10947 413 361
20287 10948 419 360
20287 10949 419 359
20287 10950 427 360
20287 10951 434 359
20287 10952 435 353
20287 10953 437 353
20287 10954 442 354
20287 10955 448 353
20287 10956 452 354
20287 10957 455 355
20287 10958 463 345
20287 10959 473 341
20287 10960 474 341
20287 10961 479 341
20392 10968 506 360
20392 10969 511 357
20392 10970 516 355
20392 10971 521 356
20392 10972 525 357
20392 10973 528 358
20392 10974 534 358
20392 10975 539 359
20392 10976 543 360
20392 10977 549 360
20392 10978 553 360
20392 10979 558 362
20392 10980 563 362
20392 10981 567 362
20392 10982 570 363
20392 10983 573 364
20392 10984 577 366
20392 10985 584 368
20392 10986 588 371
20392 10987 593 370
20392 10988 596 368
20392 10989 599 373
20392 10990 605 375
20392 10991 610 374
20392 10992 613 375
20392 10993 617 375
20392 10994 620 377
20392 10995 623 379
20392 10996 627 380
20392 10997 632 381
20818 11278 608 442
20818 11279 608 444
20818 11280 607 443
20818 11281 606 441
20818 11282 601 440
20818 11283 601 444
20818 11284 600 440
20818 11285 599 439
20818 11286 597 434
20818 11287 595 437
20818 11288 591 436
20818 11289 589 434
20818 11290 588 435
20818 11291 587 433
20818 11292 586 433
20818 11293 585 428
20818 11294 581 430
20818 11295 579 430
20818 11296 577 435
20818 11297 576 429
20818 11298 575 427
20818 11299 572 426
20818 11300 567 425
20818 11301 565 424
20818 11302 566 424
20818 11303 566 425
20818 11304 565 425
20818 11305 562 419
20818 11306 560 420
20818 11307 557 420
20818 11308 555 415
20818 11309 552 410
20818 11310 549 415
20818 11311 547 416
20818 11312 545 414
20818 11313 543 414
20818 11314 541 410
20818 11315 542 412
22223 12518 199 251
22223 12519 189 246
22223 12520 189 246
22223 12521 192 247
22223 12522 194 247
22223 12523 204 247
22223 12524 209 247
22223 12525 211 249
22223 12526 213 249
22223 12527 218 251
22223 12528 226 248
22223 12529 229 249
22223 12530 234 251
22223 12531 239 252
22223 12532 248 253
22223 12533 253 254
22223 12534 259 254
22223 12535 263 254
22223 12536 269 255
22223 12537 279 255
22223 12538 284 255
22223 12539 291 255
22223 12540 296 256
22223 12541 301 257
22223 12542 305 258
22223 12543 313 258
23019 13214 468 267
23019 13215 465 267
23019 13216 460 267
23019 13217 456 266
23019 13218 451 266
23019 13219 443 264
23019 13220 438 263
23019 13221 434 264
23019 13222 429 263
23019 13223 425 262
23019 13224 421 262
23019 13225 414 263
23019 13226 412 262
23019 13227 403 262
23019 13228 400 262
23019 13229 393 261
23019 13230 387 262
23019 13231 384 259
23019 13232 379 258
23019 13233 380 257
23019 13234 377 256
23019 13235 373 255
23019 13236 373 252
23019 13237 371 251
23019 13238 385 252
23019 13239 382 256
23019 13240 377 256
23019 13241 373 256
23019 13242 369 256
23019 13243 365 256
23019 13244 361 258
23019 13245 357 257
23019 13246 352 258
23019 13247 349 258
23019 13248 343 257
23732 13807 233 252
23732 13808 243 249
23732 13809 248 250
23732 13810 253 250
23732 13811 262 251
23732 13812 270 252
23732 13813 275 252
23732 13814 282 252
23732 13815 285 255
23732 13816 292 257
23732 13817 299 257
23732 13818 307 255
23732 13819 314 255
23732 13820 320 256
23732 13821 326 259
23732 13822 335 259
23732 13823 344 261
23732 13824 352 263
23732 13825 355 261
23732 13826 365 260
23732 13827 376 260
23732 13828 383 261
23732 13829 390 263
23732 13830 397 266
23732 13831 403 266
23732 13832 410 265
24145 14138 74 425
24145 14139 75 425
24145 14140 76 426
24145 14141 81 427
24145 14142 84 425
24145 14143 85 423
24145 14144 85 426
24145 14145 86 424
24145 14146 88 422
24145 14147 92 420
24145 14148 95 420
24145 14149 98 419
24145 14150 98 421
24145 14151 99 424
24145 14152 101 419
24145 14153 104 415
24145 14154 107 415
24145 14155 110 414
24145 14156 112 416
24145 14157 111 415
24145 14158 113 413
24145 14159 113 411
24145 14160 115 412
24145 14161 119 409
24145 14162 121 408
24145 14163 123 410
24145 14164 124 409
24145 14165 125 409
24145 14166 127 407
24145 14167 131 406
24145 14168 136 405
24145 14169 138 403
24145 14170 138 403
24145 14171 138 402
24145 14172 138 403
24145 14173 140 406
24686 14641 70 335
24686 14642 69 334
24686 14643 69 334
24686 14644 68 334
24686 14645 66 334
24686 14646 67 334
24686 14647 64 334
24686 14648 62 334
24686 14649 61 334
24686 14650 60 335
24686 14651 58 337
24686 14652 57 337
24686 14653 56 336
24686 14654 53 336
24686 14655 52 336
24686 14656 52 342
24686 14657 50 342
24686 14658 48 342
24686 14659 46 343
24686 14660 46 342
24686 14661 45 343
24686 14662 41 342
24686 14663 41 342
24686 14664 40 343
24686 14665 37 343
24686 14666 33 343
24686 14667 31 344
24686 14668 29 345
24686 14669 28 345
24686 14670 25 345
24686 14671 22 346
24686 14672 21 347
24686 14673 20 348
24686 14674 18 348
24686 14675 16 348
24686 14676 13 348
24686 14677 9 350
24686 14678 7 348
24686 14679 6 349
24686 14680 3 348
24686 14681 3 352
24686 14682 3 358
25078 14929 359 266
25078 14930 357 261
25078 14931 358 262
25078 14932 363 262
25078 14933 366 262
25078 14934 370 262
25078 14935 376 263
25078 14936 378 261
25078 14937 379 263
25078 14938 386 264
25078 14939 389 264
25078 14940 394 265
25078 14941 400 264
25078 14942 401 265
25078 14943 404 265
25078 14944 407 266
25078 14945 412 266
25078 14946 412 267
25078 14947 416 266
25078 14948 422 266
25078 14949 425 267
25078 14950 433 267
25078 14951 434 268
25078 14952 438 268
25078 14953 441 269
25078 14954 446 270
25078 14955 454 269
25078 14956 460 265
25078 14957 460 270
25078 14958 464 270
25078 14959 468 271
25078 14960 473 271
25078 14961 472 273
25078 14962 480 272
25078 14963 483 272
25078 14964 487 271
25411 15187 392 261
25411 15188 392 257
25411 15189 382 255
25411 15190 375 256
25411 15191 368 256
25411 15192 361 255
25411 15193 351 254
25411 15194 344 253
25411 15195 336 253
25411 15196 327 252
25411 15197 321 251
25411 15198 314 251
25411 15199 306 250
25411 15200 289 252
25411 15201 287 252
25411 15202 279 252
25411 15203 274 250
25411 15204 274 248
25411 15205 272 247
25411 15206 262 246
25411 15207 258 246
25713 15417 512 438
25713 15418 511 433
25713 15419 506 436
25713 15420 507 437
25713 15421 506 437
25713 15422 506 434
25713 15423 505 435
25713 15424 502 437
25713 15425 498 439
25713 15426 497 440
25713 15427 497 442
25713 15428 496 439
25713 15429 495 442
25713 15430 492 444
25713 15431 489 446
25713 15432 487 446
25713 15433 484 448
25713 15434 482 450
25713 15435 480 450
25713 15436 480 456
25713 15437 478 451
25713 15438 475 453
25713 15439 472 454
25713 15440 471 455
25713 15441 470 454
25713 15442 465 457
25713 15443 461 457
25713 15444 458 459
25713 15445 454 460
25713 15446 451 461
25713 15447 448 462
25713 15448 444 463
25713 15449 440 463
25713 15450 436 465
25713 15451 431 465
25713 15452 432 462
26084 15673 264 249
26084 15674 267 251
26084 15675 275 255
26084 15676 281 255
26084 15677 281 257
26084 15678 287 255
26084 15679 289 256
26084 15680 294 256
26084 15681 294 258
26084 15682 300 257
26084 15683 303 258
26084 15684 305 257
26084 15685 308 257
26084 15686 311 258
26084 15687 318 257
26084 15688 319 259
26084 15689 323 259
26084 15690 326 259
26084 15691 330 259
26084 15692 333 259
26084 15693 336 260
26084 15694 339 260
26084 15695 343 260
26084 15696 346 261
26084 15697 348 260
26084 15698 351 261
26084 15699 355 260
26084 15700 358 259
26084 15701 362 261
26084 15702 363 262
26084 15703 365 262
26084 15704 367 262
26084 15705 372 263
26084 15706 374 263
26084 15707 375 261
26084 15708 378 263
26084 15709 382 263
26084 15710 383 262
26084 15711 387 264
26084 15712 389 262
26084 15713 392 263
26084 15714 393 264
26084 15715 394 262
26084 15716 395 266
26084 15717 398 261
26084 15718 401 263
26084 15719 402 263
26084 15720 403 265
26187 15734 126 280
26187 15735 128 278
26187 15736 132 277
26187 15737 129 278
26187 15738 131 279
26187 15739 124 287
26187 15740 125 284
26187 15741 121 288
26187 15742 119 290
26187 15743 119 291
26187 15744 112 291
26187 15745 109 293
26187 15746 110 295
26187 15747 106 295
26187 15748 106 297
26187 15749 101 297
26187 15750 99 297
26187 15751 95 299
26187 15752 92 302
26187 15753 92 303
26187 15754 90 303
26187 15755 88 303
26187 15756 85 305
26187 15757 81 307
26187 15758 77 308
26187 15759 76 310
26187 15760 74 308
26187 15761 72 312
26187 15762 69 312
26187 15763 67 314
26187 15764 65 314
26187 15765 64 313
26187 15766 62 316
26187 15767 59 317
26187 15768 57 316
26187 15769 48 318
26187 15770 52 319
26578 16039 469 435
26578 16040 468 441
26578 16041 469 442
26578 16042 471 441
26578 16043 472 440
26578 16044 474 440
26578 16045 474 440
26578 16046 472 439
26578 16047 477 439
26578 16048 480 436
26578 16049 480 439
26578 16050 482 438
26578 16051 484 439
26578 16052 483 440
26578 16053 482 444
26578 16054 486 440
26578 16055 491 439
26578 16056 495 439
26578 16057 493 440
26578 16058 494 439
26578 16059 495 440
26578 16060 498 438
26578 16061 503 439
26578 16062 505 440
26578 16063 506 440
26578 16064 506 441
26578 16065 508 441
26578 16066 510 440
26578 16067 515 441
26578 16068 520 441
26578 16069 520 441
26578 16070 521 442
26578 16071 524 441
26578 16072 525 442
26578 16073 528 440
26578 16074 532 441
26578 16075 534 442
26578 16076 534 443
26578 16077 535 443
26578 16078 538 443
26578 16079 542 443
26578 16080 545 444
26578 16081 547 444
26578 16082 548 445
26578 16083 549 443
26578 16084 549 443
26578 16085 552 444
26578 16086 558 443
26578 16087 559 443
26578 16088 561 443
26578 16089 561 443
26578 16090 561 445
26578 16091 562 444
26578 16092 565 444
26578 16093 569 444
26578 16094 567 440
26578 16095 573 444
26578 16096 574 443
26578 16097 574 449
26578 16098 574 447
26686 16109 276 252
26686 16110 280 252
26686 16111 284 251
26686 16112 290 251
26686 16113 292 252
26686 16114 300 252
26686 16115 305 254
26686 16116 305 255
26686 16117 298 256
26686 16118 303 258
26686 16119 311 259
26686 16120 316 259
26686 16121 322 259
26686 16122 329 260
26686 16123 335 260
26686 16124 341 261
26686 16125 345 261
26686 16126 352 262
26686 16127 358 262
26686 16128 364 263
26686 16129 370 264
26686 16130 375 264
26686 16131 383 262
26686 16132 392 264
26686 16133 398 264
26686 16134 404 265
26686 16135 410 266
26686 16136 413 267
26686 16137 420 267
26686 16138 426 269
26686 16139 432 269
26686 16140 441 269
26686 16141 445 270
26686 16142 454 270
26686 16143 460 271
26686 16144 465 271
26686 16145 470 272
26686 16146 477 272
26686 16147 483 273
26686 16148 489 275
26809 16288 4 439
26809 16289 4 441
26809 16290 4 435
26809 16291 5 436
26809 16292 8 436
26809 16293 12 437
26809 16294 11 436
26809 16295 13 438
26809 16296 14 438
26809 16297 17 438
26809 16298 23 439
26809 16299 26 439
26809 16300 27 438
26809 16301 28 437
26809 16302 30 438
26809 16303 34 438
26809 16304 36 439
26809 16305 40 439
26809 16306 41 440
26809 16307 43 439
26809 16308 45 441
26809 16309 48 436
26809 16310 52 440
26809 16311 55 441
26809 16312 56 441
26809 16313 58 437
26809 16314 59 441
26809 16315 62 437
26809 16316 66 433
26809 16317 66 441
26809 16318 69 440
26809 16319 71 442
26809 16320 75 442
26809 16321 77 438
26809 16322 82 437
26809 16323 84 437
26809 16324 86 439
26809 16325 90 439
26809 16326 93 439
26809 16327 95 439
26809 16328 97 442
26809 16329 103 442
26809 16330 102 442
26809 16331 104 444
26809 16332 106 443
26809 16333 111 443
26809 16334 114 443
26809 16335 119 443
26809 16336 121 444
26809 16337 121 443
26809 16338 124 443
26809 16339 128 442
26809 16340 133 443
26809 16341 137 443
26809 16342 138 443
26809 16343 138 444
26809 16344 143 443
26809 16345 147 443
26809 16346 150 443
26809 16347 154 443
26809 16348 154 443
26809 16349 157 442
26809 16350 161 442
26809 16351 165 441
26809 16352 169 442
26809 16353 169 443
26809 16354 170 443
26809 16355 172 443
26809 16356 177 442
26809 16357 181 442
26809 16358 186 441
26809 16359 186 441
26809 16360 188 443
26809 16361 192 440
26809 16362 195 440
26809 16363 201 440
26809 16364 203 440
26809 16365 203 441
26809 16366 205 441
26809 16367 206 440
26940 16361 366 260
26940 16362 369 263
26940 16363 374 263
26940 16364 377 263
26940 16365 383 263
26940 16366 387 264
26940 16367 390 264
26940 16368 394 264
26940 16369 396 265
26940 16370 403 265
26940 16371 407 265
26940 16372 411 263
26940 16373 413 265
26940 16374 416 266
26940 16375 418 267
26940 16376 422 268
26940 16377 426 265
26940 16378 431 268
26940 16379 434 266
26940 16380 436 268
26940 16381 441 269
26940 16382 443 267
26940 16383 447 270
26940 16384 451 270
26940 16385 453 270
26940 16386 457 269
26940 16387 460 271
26940 16388 466 271
26940 16389 469 271
26940 16390 471 269
26940 16391 475 272
26940 16392 479 269
26940 16393 481 273
26940 16394 487 273
26948 16367 213 439
26948 16368 215 440
26948 16369 218 440
26948 16370 219 440
26948 16371 221 439
26948 16372 223 439
26948 16373 228 440
26948 16374 234 439
26948 16375 235 439
26948 16376 236 441
26948 16377 238 439
26948 16378 242 439
26948 16379 248 439
26948 16380 252 440
26948 16381 252 439
26948 16382 253 440
26948 16383 256 439
26948 16384 261 439
26948 16385 265 438
26948 16386 267 438
26948 16387 268 440
26948 16388 271 439
26948 16389 276 439
26948 16390 278 438
26948 16391 282 438
26948 16392 286 439
26948 16393 285 438
26948 16394 287 438
26948 16395 291 437
26948 16396 295 437
26948 16397 301 437
26948 16398 302 437
26948 16399 302 437
26948 16400 304 437
26948 16401 309 435
26948 16402 314 435
26948 16403 318 435
26948 16404 318 434
26948 16405 319 436
26948 16406 323 434
26948 16407 325 435
26948 16408 332 434
26948 16409 334 434
26948 16410 335 434
26948 16411 335 434
26948 16412 337 434
26948 16413 342 432
26948 16414 347 431
26948 16415 350 431
26948 16416 350 430
26948 16417 352 431
26948 16418 353 432
26948 16419 355 430
29409 18371 429 362
29409 18372 427 355
29409 18373 428 353
29409 18374 428 355
29409 18375 427 358
29409 18376 432 356
29409 18377 434 357
29409 18378 436 360
29409 18379 435 362
29409 18380 436 358
29409 18381 442 359
29409 18382 440 357
29409 18383 440 361
29409 18384 441 361
29409 18385 442 354
29409 18386 444 362
29409 18387 442 360
29409 18388 444 363
29409 18389 443 366
29409 18390 448 363
29409 18391 450 364
29409 18392 452 366
29409 18393 453 367
29409 18394 453 367
29409 18395 454 367
29409 18396 456 367
29409 18397 458 368
29409 18398 460 369
29409 18399 460 370
29409 18400 461 369
29409 18401 462 370
29409 18402 465 369
29409 18403 466 369
29409 18404 465 373
29409 18405 468 375
29409 18406 470 374
29409 18407 470 378
29409 18408 471 376
29409 18409 475 373
29409 18410 473 375
29409 18411 475 380
29409 18412 476 378
29409 18413 478 380
29409 18414 478 380
29409 18415 479 379
29409 18416 483 380
29409 18417 480 381
29409 18418 484 379
29409 18419 485 384
29409 18420 488 387
29409 18421 486 385
29409 18422 485 389
29476 18477 573 427
29476 18478 575 429
29476 18479 576 429
29476 18480 576 430
29476 18481 578 430
29476 18482 579 430
29476 18483 581 431
29476 18484 583 434
29476 18485 587 436
29476 18486 588 436
29476 18487 589 435
29476 18488 590 436
29476 18489 592 437
29476 18490 594 439
29476 18491 598 440
29476 18492 598 441
29476 18493 599 442
29476 18494 600 440
29476 18495 601 441
29476 18496 602 442
29476 18497 605 444
29476 18498 608 445
29476 18499 611 447
29476 18500 611 448
29476 18501 612 447
29476 18502 613 448
29476 18503 616 449
29476 18504 618 451
29476 18505 622 451
29476 18506 622 453
29476 18507 623 452
29476 18508 623 453
29476 18509 626 453
29476 18510 628 455
29476 18511 633 455
29476 18512 632 458
29476 18513 634 454
29476 18514 633 459
29476 18515 632 461
29476 18516 633 468
29476 18517 635 466
29476 18518 636 470
29942 18922 176 246
29942 18923 177 247
29942 18924 180 247
29942 18925 186 246
29942 18926 190 246
29942 18927 192 247
29942 18928 201 247
29942 18929 201 247
29942 18930 202 248
29942 18931 207 246
29942 18932 211 247
29942 18933 213 248
29942 18934 213 250
29942 18935 216 251
29942 18936 221 252
29942 18937 225 247
29942 18938 228 248
29942 18939 232 252
29942 18940 237 251
29942 18941 240 252
29942 18942 246 252
29942 18943 250 253
29942 18944 254 252
29942 18945 258 253
29942 18946 261 253
29942 18947 266 254
29942 18948 268 254
29942 18949 280 254
29942 18950 278 254
29942 18951 282 254
29942 18952 287 254
29942 18953 291 254
29942 18954 295 255
29942 18955 300 255
29942 18956 299 257
29942 18957 305 257
29942 18958 309 257
29942 18959 313 258
29942 18960 320 258
29942 18961 323 258
29942 18962 326 259
29942 18963 331 259
29942 18964 334 259
29942 18965 339 260
29942 18966 344 260
29942 18967 348 261
29942 18968 353 260
29942 18969 357 259
29942 18970 361 262
29942 18971 365 262
29942 18972 371 262
29942 18973 375 263
29942 18974 380 263
29942 18975 386 263
29942 18976 392 263
29942 18977 396 264
29942 18978 401 264
29942 18979 406 265
29942 18980 409 265
29942 18981 413 266
29942 18982 418 267
29942 18983 422 267
29942 18984 429 267
29942 18985 432 268
29942 18986 437 268
29942 18987 443 269
29942 18988 449 270
29942 18989 451 269
29942 18990 454 270
29942 18991 462 270
29942 18992 465 270
29942 18993 471 271
29942 18994 476 271
29942 18995 480 272
29942 18996 485 267
29942 18997 488 275
30342 19219 491 261
30342 19220 488 267
30342 19221 480 265
30342 19222 475 264
30342 19223 469 264
30342 19224 463 263
30342 19225 457 263
30342 19226 451 262
30342 19227 445 262
30342 19228 439 260
30342 19229 435 261
30342 19230 428 260
30342 19231 424 260
30342 19232 417 262
30342 19233 411 260
30342 19234 407 261
30342 19235 400 260
30342 19236 393 257
30342 19237 389 257
30342 19238 382 256
30342 19239 379 257
30342 19240 375 256
30342 19241 370 256
30342 19242 364 255
30342 19243 361 255
30342 19244 354 253
30342 19245 349 254
30342 19246 343 253
30342 19247 339 253
30342 19248 329 252
30342 19249 326 253
30342 19250 321 251
30342 19251 313 251
30342 19252 311 250
30342 19253 303 250
30342 19254 304 253
30342 19255 299 252
30342 19256 295 251
30342 19257 293 248
30718 19503 317 378
30718 19504 319 373
30718 19505 321 374
30718 19506 323 375
30718 19507 325 375
30718 19508 325 376
30718 19509 326 375
30718 19510 325 376
30718 19511 329 374
30718 19512 329 377
30718 19513 334 378
30718 19514 335 379
30718 19515 337 380
30718 19516 337 380
30718 19517 337 380
30718 19518 341 380
30718 19519 343 381
30718 19520 347 382
30718 19521 349 383
30718 19522 350 384
30718 19523 349 383
30718 19524 350 384
30718 19525 352 383
30718 19526 356 385
30718 19527 359 385
30718 19528 360 386
30718 19529 362 387
30718 19530 363 386
30718 19531 364 386
30718 19532 367 386
30718 19533 369 388
30718 19534 373 388
30718 19535 375 389
30718 19536 376 390
30718 19537 378 391
30718 19538 378 390
30718 19539 379 390
30718 19540 383 391
30718 19541 385 391
30718 19542 387 392
30718 19543 390 393
30718 19544 391 393
30718 19545 392 394
30718 19546 390 393
30718 19547 396 393
30718 19548 399 395
30718 19549 402 395
30718 19550 405 396
30718 19551 405 396
30718 19552 406 397
30718 19553 405 401
30792 19553 413 395
30792 19554 410 397
30792 19555 414 397
30792 19556 416 398
30792 19557 420 399
30792 19558 420 399
30792 19559 422 399
30792 19560 423 398
30792 19561 425 398
30792 19562 428 399
30792 19563 431 399
30792 19564 434 401
30792 19565 436 401
30792 19566 436 402
30792 19567 436 401
30792 19568 438 402
30792 19569 442 402
30792 19570 444 402
30792 19571 448 402
30792 19572 450 404
30792 19573 451 405
30792 19574 452 404
30792 19575 454 404
30792 19576 459 405
30792 19577 463 405
30792 19578 465 406
30792 19579 466 407
30792 19580 467 407
30792 19581 468 408
30792 19582 470 408
30792 19583 472 408
30792 19584 476 409
30792 19585 479 410
30792 19586 480 410
30792 19587 481 412
30792 19588 482 411
30792 19589 484 410
30792 19590 486 411
30792 19591 489 411
30792 19592 493 412
30792 19593 495 413
30792 19594 496 414
30792 19595 497 414
30792 19596 498 414
30792 19597 501 414
30792 19598 504 415
30792 19599 509 415
30792 19600 510 416
30792 19601 510 414
30792 19602 511 415
30792 19603 513 416
30792 19604 515 416
30792 19605 521 418
30792 19606 527 418
30792 19607 532 421
30792 19608 541 422
30792 19609 546 422
30792 19610 552 423
30792 19611 554 424
30792 19612 557 426
30792 19613 561 425
30792 19614 566 428
30792 19615 570 429
30792 19616 572 429
30792 19617 577 429
30792 19618 582 433
30792 19619 583 434
30792 19620 584 434
30792 19621 587 435
30792 19622 590 435
30792 19623 597 439
30792 19624 600 432
31969 20277 341 261
31969 20278 344 262
31969 20279 349 263
31969 20280 355 262
31969 20281 359 264
31969 20282 363 264
31969 20283 368 262
31969 20284 374 263
31969 20285 378 261
31969 20286 384 260
31969 20287 388 262
31969 20288 392 264
31969 20289 397 265
31969 20290 400 267
31969 20291 406 266
31969 20292 411 267
31969 20293 413 266
31969 20294 420 265
31969 20295 425 264
31969 20296 429 265
31969 20297 435 265
31969 20298 439 266
31969 20299 445 266
31969 20300 449 267
31969 20301 452 267
31969 20302 458 263
31969 20303 462 268
31969 20304 466 268
31969 20305 472 269
31969 20306 477 266
31969 20307 482 270
31969 20308 487 265
32335 20467 304 418
32335 20468 303 420
32335 20469 297 417
32335 20470 297 413
32335 20471 296 412
32335 20472 292 412
32335 20473 292 413
32335 20474 290 413
32335 20475 288 413
32335 20476 286 413
32335 20477 283 414
32335 20478 281 414
32335 20479 279 409
32335 20480 278 414
32335 20481 276 414
32335 20482 276 414
32335 20483 271 413
32335 20484 269 415
32335 20485 267 415
32335 20486 266 415
32335 20487 264 416
32335 20488 265 415
32335 20489 262 415
32335 20490 255 417
32335 20491 248 417
32335 20492 245 416
32335 20493 241 418
32335 20494 239 418
32335 20495 238 419
32335 20496 234 419
32335 20497 227 420
32335 20498 224 421
32335 20499 223 421
32335 20500 219 420
32335 20501 214 421
32335 20502 213 419
32335 20503 211 421
32335 20504 210 423
32335 20505 203 422
32335 20506 200 422
32335 20507 196 423
32335 20508 195 417
32335 20509 194 422
32335 20510 191 423
32335 20511 187 423
32335 20512 183 422
32335 20513 184 424
32335 20514 182 424
32335 20515 178 425
32335 20516 173 425
32335 20517 171 426
32335 20518 169 425
32335 20519 169 425
32335 20520 167 425
32335 20521 163 426
32335 20522 158 426
32335 20523 159 425
32335 20524 158 427
32335 20525 155 428
32335 20526 153 428
32335 20527 151 428
32335 20528 149 428
32335 20529 145 429
32335 20530 145 426
32335 20531 141 428
32335 20532 141 428
32335 20533 134 426
32335 20534 134 429
32335 20535 134 429
32335 20536 130 429
32335 20537 132 429
32335 20538 130 429
32335 20539 128 429
32335 20540 128 427
32335 20541 131 425
32594 20629 415 263
32594 20630 412 260
32594 20631 403 262
32594 20632 403 259
32594 20633 390 261
32594 20634 383 261
32594 20635 379 259
32594 20636 376 256
32594 20637 365 260
32594 20638 359 259
32594 20639 352 259
32594 20640 347 259
32594 20641 340 257
32594 20642 336 257
32594 20643 334 256
32594 20644 329 254
32594 20645 327 253
32594 20646 321 253
32594 20647 314 252
32594 20648 309 253
32594 20649 310 247
32639 20653 288 251
32639 20654 293 252
32639 20655 291 247
32639 20656 293 255
32639 20657 288 253
32639 20658 297 254
32639 20659 302 258
32639 20660 302 258
32639 20661 307 258
32639 20662 312 258
32639 20663 316 259
32639 20664 320 260
32639 20665 324 260
32639 20666 330 261
32639 20667 336 260
32639 20668 338 262
32639 20669 343 263
32639 20670 347 260
32639 20671 354 263
32639 20672 356 260
32639 20673 362 263
32639 20674 366 264
32639 20675 372 264
32639 20676 378 264
32639 20677 384 265
32639 20678 386 266
32639 20679 394 265
32639 20680 399 263
32639 20681 403 266
32639 20682 407 266
32639 20683 409 268
32639 20684 411 268
32639 20685 417 268
32639 20686 423 268
32639 20687 427 268
32639 20688 432 266
33289 21133 227 247
33289 21134 229 248
33289 21135 238 247
33289 21136 239 248
33289 21137 244 249
33289 21138 251 252
33289 21139 253 251
33289 21140 255 253
33289 21141 262 253
33289 21142 264 253
33289 21143 266 253
33289 21144 273 254
33289 21145 274 254
33289 21146 279 255
33289 21147 285 256
33289 21148 287 256
33289 21149 292 255
33289 21150 294 256
33289 21151 299 257
33289 21152 306 254
33289 21153 308 255
33289 21154 315 257
33289 21155 316 257
33289 21156 322 257
33289 21157 327 257
33289 21158 331 258
33289 21159 334 259
33289 21160 338 261
33289 21161 345 262
33289 21162 346 262
33289 21163 352 262
33289 21164 356 263
33289 21165 359 262
33289 21166 366 261
33289 21167 370 262
33289 21168 377 262
33289 21169 381 262
33289 21170 383 264
33289 21171 391 265
33289 21172 394 265
33289 21173 399 267
33289 21174 404 266
33289 21175 410 267
33289 21176 413 266
33289 21177 420 266
33289 21178 429 267
33289 21179 430 267
33289 21180 437 267
33289 21181 441 268
33289 21182 445 269
33289 21183 450 268
33289 21184 454 270
33289 21185 461 270
33289 21186 463 270
33289 21187 467 270
33289 21188 475 271
33289 21189 477 271
33289 21190 482 272
33289 21191 488 267
33289 21192 487 275
33289 21193 501 266
34297 21696 90 301
34297 21697 88 300
34297 21698 91 303
34297 21699 88 305
34297 21700 87 306
34297 21701 85 306
34297 21702 81 308
34297 21703 78 309
34297 21704 76 310
34297 21705 73 311
34297 21706 69 313
34297 21707 66 314
34297 21708 64 315
34297 21709 61 316
34297 21710 57 318
34297 21711 56 319
34297 21712 52 321
34297 21713 45 319
34297 21714 46 322
34297 21715 43 324
34297 21716 41 325
34297 21717 38 325
34297 21718 36 325
34297 21719 33 327
34297 21720 30 327
34297 21721 27 329
34297 21722 25 330
34297 21723 22 331
34297 21724 19 332
34297 21725 17 333
34297 21726 14 334
34297 21727 10 336
34297 21728 7 338
34297 21729 6 339
34297 21730 4 340
34297 21731 3 341