51 124 635 377
51 125 631 379
51 126 627 377
51 127 626 377
51 128 624 374
51 129 620 376
51 130 617 375
51 131 613 375
51 132 611 371
51 133 607 374
51 134 604 371
51 135 601 370
51 136 601 367
51 137 594 371
51 138 592 370
51 139 591 366
51 140 585 370
51 141 584 368
51 142 580 367
51 143 579 367
51 144 573 366
51 145 572 365
51 146 568 364
51 147 566 360
51 148 563 364
51 149 558 368
51 150 556 363
51 151 556 360
51 152 550 361
51 153 547 359
51 154 544 365
51 155 544 366
51 156 540 364
51 157 537 355
51 158 534 356
51 159 532 354
51 160 535 353
51 161 529 346
504 975 492 382
504 976 489 379
504 977 486 378
504 978 484 379
504 979 481 380
504 980 478 382
504 981 476 382
504 982 472 380
504 983 470 385
504 984 468 386
504 985 465 386
504 986 461 387
504 987 457 388
504 988 456 388
504 989 451 388
504 990 449 391
504 991 445 392
504 992 444 391
504 993 438 393
504 994 434 395
504 995 434 394
504 996 431 393
504 997 426 397
504 998 422 398
504 999 420 397
504 1000 417 398
504 1001 410 400
504 1002 409 400
504 1003 409 402
520 1003 403 400
520 1004 402 403
520 1005 398 404
520 1006 396 403
520 1007 393 404
520 1008 387 406
520 1009 384 408
520 1010 383 408
520 1011 379 410
520 1012 375 412
520 1013 373 413
520 1014 370 410
520 1015 365 415
520 1016 361 417
520 1017 361 417
520 1018 357 417
520 1019 353 422
520 1020 349 424
520 1021 347 422
520 1022 344 426
520 1023 339 429
520 1024 337 427
520 1025 332 428
520 1026 329 434
520 1027 326 434
520 1028 323 433
520 1029 321 436
520 1030 315 437
520 1031 313 438
520 1032 311 440
520 1033 306 443
520 1034 301 444
520 1035 298 444
520 1036 295 447
520 1037 288 449
520 1038 286 449
520 1039 282 450
520 1040 277 454
520 1041 273 456
520 1042 270 455
520 1043 265 456
520 1044 260 459
520 1045 256 460
520 1046 254 461
520 1047 250 461
520 1048 245 462
520 1049 241 463
520 1050 238 464
520 1051 231 464
520 1052 227 465
520 1053 222 466
520 1054 218 467
520 1055 214 467
520 1056 210 469
520 1057 206 470
520 1058 201 470
520 1059 197 471
520 1060 192 471
520 1061 191 473
545 1054 186 246
545 1055 193 247
545 1056 198 248
545 1057 206 247
545 1058 213 248
545 1059 219 251
545 1060 225 250
545 1061 229 251
545 1062 238 252
545 1063 245 252
545 1064 253 252
545 1065 262 253
545 1066 270 254
545 1067 276 254
545 1068 284 255
545 1069 291 256
545 1070 296 256
545 1071 305 256
545 1072 314 258
545 1073 323 258
545 1074 327 260
545 1075 339 260
563 1075 342 265
563 1076 344 261
563 1077 357 262
563 1078 364 262
563 1079 369 264
563 1080 382 261
563 1081 391 262
563 1082 397 265
563 1083 407 265
563 1084 416 266
563 1085 426 266
563 1086 435 266
563 1087 442 267
563 1088 449 269
563 1089 460 270
563 1090 469 270
563 1091 477 271
563 1092 484 274
667 1419 234 248
667 1420 247 249
667 1421 259 250
667 1422 268 250
667 1423 283 252
667 1424 294 253
667 1425 306 254
667 1426 320 254
667 1427 334 256
667 1428 347 257
667 1429 349 265
784 1628 14 346
784 1629 16 346
784 1630 19 346
784 1631 22 347
784 1632 27 343
784 1633 31 342
784 1634 31 345
784 1635 34 340
784 1636 38 341
784 1637 41 340
784 1638 43 340
784 1639 46 339
784 1640 49 339
784 1641 52 338
784 1642 55 334
784 1643 58 335
784 1644 61 333
784 1645 66 331
784 1646 67 331
784 1647 70 331
784 1648 73 330
784 1649 76 328
784 1650 79 329
784 1651 83 327
784 1652 87 324
784 1653 88 326
792 1659 107 319
792 1660 110 320
792 1661 114 319
792 1662 116 319
792 1663 119 319
792 1664 122 319
792 1665 126 320
792 1666 130 319
792 1667 130 319
792 1668 132 319
792 1669 139 317
792 1670 141 314
792 1671 142 317
792 1672 146 316
792 1673 149 316
792 1674 152 315
792 1675 156 314
792 1676 159 313
792 1677 160 313
792 1678 164 312
792 1679 166 310
792 1680 168 312
792 1681 171 310
792 1682 175 309
792 1683 179 309
792 1684 181 308
792 1685 184 308
792 1686 186 306
792 1687 190 306
792 1688 193 306
792 1689 195 306
792 1690 197 304
792 1691 200 302
792 1692 203 303
792 1693 207 302
792 1694 207 302
792 1695 212 301
792 1696 214 301
792 1697 216 301
792 1698 219 301
792 1699 223 299
792 1700 223 299
792 1701 227 298
792 1702 229 298
792 1703 231 298
792 1704 232 298
792 1705 238 299
792 1706 239 297
792 1707 240 295
792 1708 243 294
792 1709 245 293
792 1710 247 293
792 1711 250 292
792 1712 252 290
792 1713 255 290
792 1714 256 290
792 1715 259 289
792 1716 262 288
792 1717 262 288
792 1718 266 288
792 1719 269 285
792 1720 271 287
792 1721 272 286
792 1722 276 285
792 1723 278 285
792 1724 280 285
792 1725 283 284
792 1726 285 283
792 1727 287 284
792 1728 288 283
792 1729 292 282
792 1730 294 282
792 1731 296 282
792 1732 299 281
792 1733 301 281
792 1734 301 281
792 1735 305 279
792 1736 307 279
792 1737 309 279
792 1738 311 278
792 1739 314 276
792 1740 316 278
792 1741 317 278
792 1742 320 277
792 1743 322 276
792 1744 324 276
792 1745 326 275
792 1746 329 273
792 1747 330 275
792 1748 332 274
792 1749 334 278
792 1750 336 274
792 1751 337 272
792 1752 340 273
792 1753 343 272
792 1754 343 272
792 1755 345 272
792 1756 349 270
792 1757 350 270
792 1758 352 270
792 1759 353 270
792 1760 354 268
792 1761 356 268
792 1762 359 267
792 1763 360 264
792 1764 361 267
792 1765 363 266
792 1766 365 267
895 1806 57 439
895 1807 58 436
895 1808 58 436
895 1809 63 436
895 1810 72 436
895 1811 72 437
895 1812 73 438
895 1813 82 437
895 1814 87 437
895 1815 88 437
895 1816 90 437
895 1817 97 436
895 1818 103 436
895 1819 103 438
895 1820 107 437
895 1821 114 436
895 1822 119 436
895 1823 119 436
895 1824 123 436
895 1825 132 434
895 1826 136 435
895 1827 135 436
895 1828 140 435
895 1829 149 434
895 1830 152 435
895 1831 152 434
895 1832 159 433
895 1833 166 433
895 1834 168 434
895 1835 168 434
895 1836 177 432
895 1837 183 431
895 1838 183 432
895 1839 185 432
895 1840 194 429
895 1841 199 430
895 1842 199 431
895 1843 203 430
895 1844 213 427
895 1845 216 427
895 1846 212 429
966 1866 303 415
966 1867 306 414
966 1868 307 414
966 1869 309 414
966 1870 315 412
966 1871 321 413
966 1872 322 413
966 1873 325 413
966 1874 333 411
966 1875 336 410
966 1876 336 412
966 1877 340 409
966 1878 348 407
966 1879 350 408
966 1880 351 408
966 1881 357 406
966 1882 363 405
966 1883 363 404
966 1884 365 405
966 1885 372 403
966 1886 377 403
966 1887 380 403
966 1888 380 403
966 1889 387 400
966 1890 390 399
966 1891 390 400
966 1892 394 399
966 1893 401 396
966 1894 403 398
966 1895 404 398
966 1896 409 397
966 1897 416 394
966 1898 415 394
966 1899 417 394
966 1900 423 393
966 1901 427 390
966 1902 429 391
966 1903 432 387
966 1904 435 389
966 1905 439 388
966 1906 436 389
1093 1988 98 289
1093 1989 94 292
1093 1990 89 293
1093 1991 89 296
1093 1992 86 297
1093 1993 83 299
1093 1994 85 304
1093 1995 81 306
1093 1996 87 303
1093 1997 85 303
1093 1998 81 304
1093 1999 76 307
1093 2000 74 308
1093 2001 71 310
1093 2002 66 312
1093 2003 64 313
1093 2004 59 316
1093 2005 55 318
1093 2006 52 320
1093 2007 47 321
1093 2008 43 324
1093 2009 39 326
1093 2010 34 329
1093 2011 29 331
1093 2012 26 332
1093 2013 22 334
1093 2014 18 335
1093 2015 15 338
1093 2016 12 341
1093 2017 9 343
1093 2018 6 344
1093 2019 5 347
1093 2020 3 351
1300 2119 488 266
1300 2120 481 265
1300 2121 473 263
1300 2122 466 265
1300 2123 450 263
1300 2124 434 261
1300 2125 417 259
1300 2126 404 258
1300 2127 389 257
1300 2128 361 259
1300 2129 363 258
1300 2130 364 258
1300 2131 357 247
1695 2554 183 268
1695 2555 181 271
1695 2556 180 269
1695 2557 179 270
1695 2558 177 270
1695 2559 176 271
1695 2560 175 271
1695 2561 174 271
1695 2562 172 272
1695 2563 171 269
1695 2564 169 272
1695 2565 167 272
1695 2566 166 273
1695 2567 165 274
1695 2568 163 273
1695 2569 161 275
1695 2570 160 275
1695 2571 158 274
1695 2572 155 276
1695 2573 155 276
1695 2574 153 276
1695 2575 150 276
1695 2576 147 277
1695 2577 147 276
1695 2578 144 277
1695 2579 142 277
1695 2580 140 278
1695 2581 139 279
1695 2582 137 278
1695 2583 133 278
1695 2584 132 275
1695 2585 131 275
1695 2586 129 279
1695 2587 127 278
1695 2588 125 279
1695 2589 123 276
1695 2590 121 279
1695 2591 118 279
1695 2592 117 280
1695 2593 115 282
1695 2594 113 280
1695 2595 112 281
1695 2596 110 281
1695 2597 107 280
1695 2598 105 280
1695 2599 104 281
1695 2600 102 282
1695 2601 99 280
1695 2602 98 283
1695 2603 95 283
1695 2604 93 280
1695 2605 91 281
1695 2606 90 283
1695 2607 87 280
1695 2608 85 284
1695 2609 84 284
1695 2610 81 281
1695 2611 79 285
1695 2612 77 282
1695 2613 77 285
1695 2614 74 285
1695 2615 72 283
1695 2616 71 287
1695 2617 70 287
1695 2618 67 287
1695 2619 64 284
1695 2620 63 287
1695 2621 60 284
1695 2622 59 287
1695 2623 58 287
1695 2624 56 288
1695 2625 54 288
1695 2626 52 286
1695 2627 50 287
1695 2628 49 290
1695 2629 47 287
1695 2630 45 287
1695 2631 44 292
1695 2632 41 288
1695 2633 40 289
1695 2634 37 290
1695 2635 36 290
1695 2636 34 289
1695 2637 32 290
1695 2638 32 290
1695 2639 30 294
1695 2640 27 294
1786 2675 238 249
1786 2676 248 249
1786 2677 261 250
1786 2678 271 251
1786 2679 280 251
1786 2680 293 253
1786 2681 306 254
1786 2682 319 255
1786 2683 330 255
1786 2684 344 257
1786 2685 360 258
1786 2686 371 259
1786 2687 386 260
1786 2688 401 262
1786 2689 413 263
1786 2690 427 264
1786 2691 444 265
1786 2692 460 266
1786 2693 470 266
1786 2694 478 266
1786 2695 484 269
1813 2723 272 266
1813 2724 270 270
1813 2725 270 267
1813 2726 272 272
1813 2727 273 270
1813 2728 275 271
1813 2729 276 270
1813 2730 281 270
1813 2731 281 270
1813 2732 281 271
1813 2733 284 271
1813 2734 288 272
1813 2735 290 272
1813 2736 290 271
1813 2737 295 271
1813 2738 298 271
1813 2739 299 272
1813 2740 299 272
1813 2741 304 272
1813 2742 307 272
1813 2743 307 272
1813 2744 309 272
1813 2745 314 272
1813 2746 316 272
1813 2747 316 273
1813 2748 318 272
1813 2749 323 273
1813 2750 324 273
1813 2751 325 273
1813 2752 328 273
1813 2753 333 273
1813 2754 333 275
1813 2755 334 274
1813 2756 338 275
1813 2757 342 274
1813 2758 341 275
1813 2759 344 274
1813 2760 349 275
1813 2761 351 274
1813 2762 351 275
1813 2763 351 276
1813 2764 358 276
1813 2765 360 276
1813 2766 361 276
1813 2767 364 276
1813 2768 369 276
1813 2769 369 276
1813 2770 370 277
1813 2771 375 277
1813 2772 379 277
1813 2773 380 276
1813 2774 381 277
1813 2775 385 278
1813 2776 388 277
1813 2777 387 278
1813 2778 390 278
1813 2779 396 277
1813 2780 397 278
1813 2781 398 277
1813 2782 400 278
1813 2783 406 278
1813 2784 405 277
1813 2785 408 278
1813 2786 411 278
1813 2787 415 278
1813 2788 416 279
1813 2789 417 278
1813 2790 423 278
1813 2791 425 278
1813 2792 425 279
1813 2793 429 279
1813 2794 432 278
1813 2795 434 279
1813 2796 428 275
1813 2797 440 277
1813 2798 443 282
1813 2799 443 281
1911 2826 487 266
1911 2827 480 264
1911 2828 473 263
1911 2829 466 263
1911 2830 457 262
1911 2831 440 261
1911 2832 426 260
1911 2833 414 260
1911 2834 402 258
1911 2835 388 257
1911 2836 375 257
1911 2837 364 255
1911 2838 352 254
1911 2839 339 253
1911 2840 325 251
1911 2841 315 251
1911 2842 303 250
1911 2843 297 249
2351 3392 197 363
2351 3393 197 367
2351 3394 197 371
2351 3395 195 371
2351 3396 190 370
2351 3397 192 368
2351 3398 191 371
2351 3399 189 375
2351 3400 185 373
2351 3401 185 376
2351 3402 183 378
2351 3403 181 381
2351 3404 179 384
2351 3405 178 385
2351 3406 176 384
2351 3407 173 388
2351 3408 171 387
2351 3409 169 388
2351 3410 167 392
2351 3411 163 391
2351 3412 164 389
2351 3413 162 390
2351 3414 159 391
2351 3415 157 396
2351 3416 155 397
2351 3417 152 393
2351 3418 151 398
2351 3419 149 405
2351 3420 148 405
2351 3421 146 407
2351 3422 145 409
2351 3423 143 408
2351 3424 142 408
2351 3425 140 413
2351 3426 138 414
2351 3427 136 409
2351 3428 134 409
2351 3429 132 418
2351 3430 130 417
2351 3431 128 414
2513 3559 296 253
2513 3560 300 254
2513 3561 307 254
2513 3562 319 258
2513 3563 325 258
2513 3564 341 260
2513 3565 353 261
2513 3566 363 261
2513 3567 374 262
2513 3568 386 264
2513 3569 399 265
2513 3570 409 266
2513 3571 420 266
2513 3572 433 267
2513 3573 446 268
2513 3574 443 268
2595 3645 489 266
2595 3646 483 264
2595 3647 474 264
2595 3648 465 265
2595 3649 453 263
2595 3650 437 262
2595 3651 424 261
2595 3652 411 260
2595 3653 396 258
2595 3654 381 257
2595 3655 367 257
2595 3656 356 256
2595 3657 344 255
2595 3658 331 253
2595 3659 317 252
2595 3660 304 251
2595 3661 290 250
2724 3774 160 248
2724 3775 154 247
2724 3776 163 251
2724 3777 163 248
2724 3778 161 248
2724 3779 162 249
2724 3780 165 251
2724 3781 168 252
2724 3782 169 253
2724 3783 167 252
2724 3784 170 255
2724 3785 173 259
2724 3786 173 261
2724 3787 172 261
2724 3788 173 262
2724 3789 172 261
2724 3790 170 266
2724 3791 168 263
2724 3792 168 269
2724 3793 167 265
2724 3794 166 267
2724 3795 163 268
2724 3796 161 270
2724 3797 161 271
2724 3798 157 273
2724 3799 154 274
2724 3800 151 275
2724 3801 148 277
2724 3802 145 279
2724 3803 141 280
2724 3804 137 282
2724 3805 134 283
2724 3806 130 285
2724 3807 125 287
2724 3808 117 290
2724 3809 118 290
2724 3810 113 292
2724 3811 109 294
2724 3812 105 296
2724 3813 100 297
2724 3814 96 299
2724 3815 92 301
2724 3816 87 303
2724 3817 81 306
2724 3818 76 307
2724 3819 73 310
2724 3820 67 312
2724 3821 61 314
2724 3822 55 316
2724 3823 50 319
2724 3824 45 321
2724 3825 39 323
2724 3826 33 325
2724 3827 28 327
2724 3828 24 329
2724 3829 20 331
2724 3830 17 333
2724 3831 14 334
2724 3832 12 334
2724 3833 9 336
2724 3834 6 339
2724 3835 3 337
3065 4270 467 439
3065 4271 467 437
3065 4272 465 441
3065 4273 460 438
3065 4274 459 437
3065 4275 453 440
3065 4276 452 435
3065 4277 446 431
3065 4278 443 428
3065 4279 440 427
3065 4280 438 430
3065 4281 435 427
3065 4282 432 426
3065 4283 429 425
3065 4284 426 424
3065 4285 423 419
3065 4286 420 417
3065 4287 418 416
3065 4288 418 420
3065 4289 414 416
3065 4290 412 416
3065 4291 409 415
3065 4292 406 413
3065 4293 401 415
3065 4294 404 418
3065 4295 395 422
3265 4467 138 276
3265 4468 139 271
3265 4469 136 274
3265 4470 137 277
3265 4471 131 281
3265 4472 131 276
3265 4473 129 281
3265 4474 134 279
3265 4475 125 282
3265 4476 124 282
3265 4477 124 284
3265 4478 121 287
3265 4479 113 290
3265 4480 119 286
3265 4481 115 288
3265 4482 113 290
3265 4483 111 293
3265 4484 112 294
3265 4485 110 296
3265 4486 105 302
3265 4487 102 306
3265 4488 102 309
3265 4489 100 304
3265 4490 98 306
3265 4491 98 309
3265 4492 99 304
3265 4493 101 302
3265 4494 104 296
3265 4495 106 296
3945 5419 206 246
3945 5420 200 252
3945 5421 194 254
3945 5422 196 250
3945 5423 191 250
3945 5424 191 249
3945 5425 186 253
3945 5426 184 252
3945 5427 181 255
3945 5428 177 255
3945 5429 173 257
3945 5430 170 259
3945 5431 167 258
3945 5432 165 262
3945 5433 160 263
3945 5434 157 265
3945 5435 154 266
3945 5436 152 267
3945 5437 147 270
3945 5438 143 271
3945 5439 140 273
3945 5440 136 274
3945 5441 131 277
3945 5442 126 275
3945 5443 123 280
3945 5444 117 280
3945 5445 113 284
3945 5446 108 288
3945 5447 100 291
3945 5448 97 292
3945 5449 103 290
3945 5450 99 288
3945 5451 92 294
3945 5452 86 298
3945 5453 80 301
3945 5454 74 302
3945 5455 67 301
3981 5479 157 249
3981 5480 156 251
3981 5481 155 256
3981 5482 156 274
3981 5483 144 285
3981 5484 151 278
3981 5485 150 279
3981 5486 147 280
3981 5487 143 284
3981 5488 140 283
3981 5489 137 285
3981 5490 133 289
3981 5491 131 289
3981 5492 126 292
3981 5493 124 292
3981 5494 121 294
3981 5495 116 295
3981 5496 114 297
3981 5497 111 299
3981 5498 105 301
3981 5499 101 303
3981 5500 96 307
3981 5501 91 308
3981 5502 90 309
3981 5503 84 311
3981 5504 81 314
3981 5505 76 315
3981 5506 70 319
3981 5507 66 320
3981 5508 61 322
3981 5509 59 323
3981 5510 57 319
4063 5748 6 336
4063 5749 6 337
4063 5750 9 336
4063 5751 15 335
4063 5752 15 332
4063 5753 17 334
4063 5754 20 331
4063 5755 24 330
4063 5756 25 330
4063 5757 27 331
4063 5758 32 329
4063 5759 37 329
4063 5760 35 329
4063 5761 37 329
4063 5762 42 326
4063 5763 45 327
4063 5764 46 327
4063 5765 51 325
4063 5766 55 324
4063 5767 55 326
4063 5768 57 325
4063 5769 63 323
4063 5770 67 324
4063 5771 70 324
4063 5772 78 321
4063 5773 82 321
4063 5774 84 321
4063 5775 85 319
4063 5776 89 317
4063 5777 93 318
4063 5778 91 319
4114 5786 127 312
4114 5787 130 311
4114 5788 132 311
4114 5789 134 310
4114 5790 139 309
4114 5791 141 309
4114 5792 142 309
4114 5793 146 307
4114 5794 149 307
4114 5795 150 307
4114 5796 155 306
4114 5797 158 305
4114 5798 159 306
4114 5799 162 304
4114 5800 167 303
4114 5801 168 303
4114 5802 168 303
4114 5803 173 302
4114 5804 175 301
4114 5805 177 301
4114 5806 178 301
4114 5807 183 300
4114 5808 184 299
4114 5809 184 300
4114 5810 186 299
4114 5811 190 298
4114 5812 192 298
4114 5813 194 298
4114 5814 197 296
4114 5815 200 296
4114 5816 201 295
4114 5817 202 296
4114 5818 206 294
4114 5819 209 294
4114 5820 208 293
4158 5813 324 476
4158 5814 329 475
4158 5815 333 475
4158 5816 336 475
4158 5817 337 474
4158 5818 344 475
4158 5819 346 474
4158 5820 353 474
4158 5821 355 473
4158 5822 359 473
4158 5823 364 473
4158 5824 364 472
4158 5825 369 471
4158 5826 376 472
4158 5827 378 471
4158 5828 382 472
4158 5829 387 472
4158 5830 389 472
4158 5831 395 471
4158 5832 399 471
4158 5833 402 471
4158 5834 406 471
4158 5835 408 469
4158 5836 412 470
4158 5837 419 470
4158 5838 420 469
4158 5839 423 468
4158 5840 426 467
4158 5841 431 467
4158 5842 435 466
4158 5843 440 465
4158 5844 441 461
4158 5845 446 464
4158 5846 448 464
4158 5847 451 464
4158 5848 454 463
4158 5849 457 463
4158 5850 461 462
4158 5851 461 456
4221 5869 456 346
4221 5870 455 348
4221 5871 456 346
4221 5872 457 348
4221 5873 462 348
4221 5874 461 346
4221 5875 464 346
4221 5876 467 347
4221 5877 471 349
4221 5878 473 350
4221 5879 474 349
4221 5880 476 349
4221 5881 479 352
4221 5882 482 352
4221 5883 483 352
4221 5884 485 353
4221 5885 489 355
4221 5886 493 358
4221 5887 493 358
4221 5888 495 357
4221 5889 499 358
4221 5890 502 359
4221 5891 503 359
4221 5892 505 361
4221 5893 509 363
4221 5894 512 364
4221 5895 514 365
4221 5896 516 363
4221 5897 520 366
4221 5898 524 368
4221 5899 527 369
4221 5900 536 372
4221 5901 538 373
4396 6047 465 271
4396 6048 464 269
4396 6049 473 271
4396 6050 480 272
4396 6051 488 266
4396 6052 483 264
4396 6053 473 262
4396 6054 462 261
4396 6055 451 261
4396 6056 437 259
4396 6057 419 259
4396 6058 405 258
4396 6059 392 257
4396 6060 375 256
4396 6061 359 254
4396 6062 346 253
4396 6063 357 260
4430 6135 389 394
4430 6136 389 393
4430 6137 392 391
4430 6138 391 393
4430 6139 384 395
4430 6140 383 393
4430 6141 381 396
4430 6142 378 396
4430 6143 373 397
4430 6144 370 398
4430 6145 369 398
4430 6146 365 396
4430 6147 361 401
4430 6148 357 404
4430 6149 357 400
4430 6150 353 401
4430 6151 349 402
4430 6152 344 403
4430 6153 343 402
4430 6154 342 406
4430 6155 334 407
4430 6156 330 403
4430 6157 323 408
4430 6158 317 408
4430 6159 314 408
4430 6160 309 409
4430 6161 305 409
4430 6162 303 408
4430 6163 299 408
4430 6164 297 409
4430 6165 291 410
4430 6166 289 409
4430 6167 286 412
4430 6168 282 413
4430 6169 275 415
4430 6170 274 412
4430 6171 272 413
4430 6172 268 415
4430 6173 262 414
4430 6174 260 416
4430 6175 262 422
4469 6213 85 280
4469 6214 92 278
4469 6215 90 278
4469 6216 93 277
4469 6217 97 277
4469 6218 100 275
4469 6219 100 278
4469 6220 103 275
4469 6221 106 275
4469 6222 108 275
4469 6223 111 275
4469 6224 112 274
4469 6225 115 272
4469 6226 118 273
4469 6227 120 273
4469 6228 121 272
4469 6229 125 272
4469 6230 127 273
4469 6231 128 273
4469 6232 133 271
4469 6233 134 270
4469 6234 135 271
4469 6235 135 273
4469 6236 143 271
4469 6237 143 270
4469 6238 144 272
4469 6239 148 269
4469 6240 151 268
4469 6241 152 268
4469 6242 153 269
4469 6243 156 270
4469 6244 159 266
4469 6245 161 268
4469 6246 162 268
4469 6247 168 268
4469 6248 170 268
4469 6249 169 268
4469 6250 171 265
4469 6251 176 266
4469 6252 176 266
4469 6253 176 265
4469 6254 179 265
4469 6255 182 265
4469 6256 183 264
4469 6257 184 264
4469 6258 189 259
4469 6259 190 261
4469 6260 190 263
4616 6356 314 268
4616 6357 313 266
4616 6358 309 267
4616 6359 306 268
4616 6360 303 269
4616 6361 301 270
4616 6362 298 271
4616 6363 295 271
4616 6364 291 272
4616 6365 289 273
4616 6366 286 275
4616 6367 282 275
4616 6368 279 276
4616 6369 276 277
4616 6370 273 278
4616 6371 269 280
4616 6372 266 280
4616 6373 262 281
4616 6374 257 283
4616 6375 254 283
4616 6376 251 284
4616 6377 248 286
4616 6378 243 287
4616 6379 241 290
4616 6380 237 286
4616 6381 231 283
4616 6382 224 283
4623 6380 566 371
4623 6381 566 370
4623 6382 563 368
4623 6383 559 367
4623 6384 555 367
4623 6385 553 367
4623 6386 548 363
4623 6387 544 362
4623 6388 542 361
4623 6389 540 361
4623 6390 534 357
4623 6391 531 357
4623 6392 529 356
4623 6393 523 354
4623 6394 521 354
4623 6395 520 355
4623 6396 517 353
4623 6397 512 350
4623 6398 509 350
4623 6399 507 351
4623 6400 501 346
4623 6401 498 346
4623 6402 497 346
4623 6403 493 344
4623 6404 489 343
4623 6405 486 343
4623 6406 483 342
4623 6407 479 339
4623 6408 476 338
4623 6409 474 338
4623 6410 471 336
4623 6411 468 334
4623 6412 465 335
4623 6413 464 333
4623 6414 456 336
4623 6415 455 327
4623 6416 453 333
4623 6417 447 328
4623 6418 445 330
4623 6419 443 330
4623 6420 441 324
4623 6421 437 324
4623 6422 435 324
4623 6423 431 320
4623 6424 430 319
4624 6381 233 292
4624 6382 226 295
4624 6383 223 292
4624 6384 216 293
4624 6385 214 293
4624 6386 209 293
4624 6387 204 294
4624 6388 200 295
4624 6389 194 297
4624 6390 191 297
4624 6391 185 298
4624 6392 181 299
4624 6393 176 300
4624 6394 171 300
4624 6395 168 301
4624 6396 162 302
4624 6397 157 304
4624 6398 153 304
4624 6399 146 306
4624 6400 144 306
4624 6401 136 309
4624 6402 132 309
4624 6403 126 310
4624 6404 120 311
4624 6405 116 312
4624 6406 110 314
4624 6407 106 314
4624 6408 99 316
4624 6409 93 317
4624 6410 90 318
4624 6411 83 319
4624 6412 79 320
4624 6413 71 321
4624 6414 66 323
4624 6415 62 324
4624 6416 55 325
4624 6417 51 326
4624 6418 43 328
4624 6419 38 328
4624 6420 34 330
4624 6421 27 331
4624 6422 23 332
4624 6423 17 333
4624 6424 12 333
4624 6425 9 335
4624 6426 4 336
4646 6432 409 314
4646 6433 408 312
4646 6434 405 312
4646 6435 401 311
4646 6436 400 310
4646 6437 399 311
4646 6438 395 308
4646 6439 393 308
4646 6440 391 308
4646 6441 387 306
4646 6442 384 305
4646 6443 384 305
4646 6444 381 304
4646 6445 378 302
4646 6446 376 302
4646 6447 374 301
4646 6448 370 299
4646 6449 369 300
4646 6450 367 298
4646 6451 364 297
4646 6452 362 296
4646 6453 361 298
4646 6454 358 295
4646 6455 354 293
4646 6456 353 294
4646 6457 352 295
4646 6458 348 292
4646 6459 346 291
4646 6460 345 290
4646 6461 342 289
4646 6462 340 289
4646 6463 338 289
4646 6464 337 289
4646 6465 334 286
4646 6466 333 286
4646 6467 331 284
4646 6468 329 285
4646 6469 326 284
4646 6470 325 283
4646 6471 324 284
4646 6472 322 282
4646 6473 319 282
4646 6474 318 280
4646 6475 316 280
4646 6476 314 279
4646 6477 312 278
4646 6478 311 277
4646 6479 309 277
4646 6480 308 277
4646 6481 307 276
4646 6482 304 266
4646 6483 302 273
4646 6484 301 274
4646 6485 300 274
4646 6486 303 265
4646 6487 298 272
4646 6488 296 273
4646 6489 293 270
4646 6490 292 266
4646 6491 291 270
4646 6492 290 270
4646 6493 287 269
4646 6494 286 268
4646 6495 285 268
4646 6496 284 266
4646 6497 282 266
4646 6498 282 267
4646 6499 279 266
4646 6500 276 265
4646 6501 276 265
4646 6502 274 264
4646 6503 271 264
4646 6504 270 263
4646 6505 270 262
4646 6506 268 264
4646 6507 265 261
4646 6508 263 260
4646 6509 261 255
4646 6510 260 260
4835 6623 475 438
4835 6624 472 437
4835 6625 474 438
4835 6626 469 433
4835 6627 467 431
4835 6628 462 431
4835 6629 462 429
4835 6630 457 426
4835 6631 453 426
4835 6632 451 424
4835 6633 449 425
4835 6634 447 422
4835 6635 444 420
4835 6636 440 418
4835 6637 438 417
4835 6638 436 414
4835 6639 433 414
4835 6640 429 413
4835 6641 428 412
4835 6642 425 411
4835 6643 424 408
4835 6644 419 406
4835 6645 417 407
4835 6646 415 402
4835 6647 410 402
4835 6648 404 403
4835 6649 406 401
4835 6650 404 398
4835 6651 401 397
4835 6652 397 395
4835 6653 395 396
4835 6654 395 395
4881 6655 170 452
4881 6656 175 453
4881 6657 176 453
4881 6658 179 451
4881 6659 186 452
4881 6660 194 455
4881 6661 194 455
4881 6662 200 455
4881 6663 205 449
4881 6664 208 453
4881 6665 213 452
4881 6666 221 453
4881 6667 226 456
4881 6668 227 454
4881 6669 235 452
4881 6670 242 455
4881 6671 244 455
4881 6672 247 454
4881 6673 258 453
4881 6674 259 452
4881 6675 261 453
4881 6676 271 453
4881 6677 276 453
4881 6678 278 451
4881 6679 285 456
4881 6680 288 462
4881 6681 284 465
4944 6696 400 456
4944 6697 403 453
4944 6698 407 455
4944 6699 413 455
4944 6700 416 455
4944 6701 423 454
4944 6702 425 453
4944 6703 434 455
4944 6704 439 454
4944 6705 447 453
4944 6706 452 452
4944 6707 455 450
4944 6708 459 447
4944 6709 466 450
4944 6710 470 447
4944 6711 472 449
4944 6712 479 450
4944 6713 483 447
4944 6714 488 446
4944 6715 491 449
4944 6716 497 447
4944 6717 500 447
4944 6718 505 445
4944 6719 509 446
4944 6720 514 444
4944 6721 518 442
4944 6722 524 443
4944 6723 527 444
4944 6724 531 440
4944 6725 533 439
5226 6897 5 354
5226 6898 9 350
5226 6899 12 347
5226 6900 16 345
5226 6901 19 347
5226 6902 22 343
5226 6903 26 338
5226 6904 32 335
5226 6905 38 332
5226 6906 44 329
5226 6907 51 325
5226 6908 57 322
5226 6909 63 321
5226 6910 69 317
5226 6911 75 314
5226 6912 81 311
5226 6913 86 310
5226 6914 90 306
5226 6915 97 303
5226 6916 102 301
5226 6917 99 302
5345 6949 326 258
5345 6950 329 258
5345 6951 345 260
5345 6952 359 261
5345 6953 373 263
5345 6954 385 264
5345 6955 397 265
5345 6956 409 266
5345 6957 421 267
5345 6958 436 268
5345 6959 450 269
5345 6960 464 270
5345 6961 471 270
5345 6962 475 271
5345 6963 482 273
5409 7020 490 262
5409 7021 483 266
5409 7022 480 260
5409 7023 465 259
5409 7024 455 258
5409 7025 449 256
5409 7026 434 256
5409 7027 415 256
5409 7028 403 254
5409 7029 390 252
5409 7030 382 252
5409 7031 368 251
5409 7032 358 250
5409 7033 349 249
5409 7034 337 248
5409 7035 317 255
5409 7036 309 253
5409 7037 304 246
5811 7906 348 267
5811 7907 356 258
5811 7908 374 260
5811 7909 388 261
5811 7910 403 263
5811 7911 421 264
5811 7912 441 266
5811 7913 455 267
5811 7914 463 267
5811 7915 475 269
5811 7916 485 270
6001 8055 499 462
6001 8056 497 466
6001 8057 493 465
6001 8058 487 465
6001 8059 485 465
6001 8060 482 463
6001 8061 479 462
6001 8062 475 464
6001 8063 471 464
6001 8064 466 464
6001 8065 463 461
6001 8066 457 464
6001 8067 456 463
6001 8068 454 462
6001 8069 449 460
6001 8070 445 462
6001 8071 442 462
6001 8072 438 460
6001 8073 431 460
6001 8074 430 460
6001 8075 427 453
6001 8076 423 455
6001 8077 419 457
6001 8078 415 457
6001 8079 411 454
6001 8080 408 451
6001 8081 405 454
6001 8082 402 451
6001 8083 399 447
6001 8084 395 449
6001 8085 391 449
6001 8086 388 445
6001 8087 389 441
6045 8087 382 443
6045 8088 382 445
6045 8089 379 444
6045 8090 375 440
6045 8091 374 437
6045 8092 371 439
6045 8093 369 439
6045 8094 366 435
6045 8095 363 434
6045 8096 360 431
6045 8097 358 432
6045 8098 355 428
6045 8099 352 431
6045 8100 351 431
6045 8101 347 428
6045 8102 344 424
6045 8103 342 427
6045 8104 339 422
6045 8105 337 420
6045 8106 333 422
6045 8107 331 422
6045 8108 328 421
6045 8109 324 418
6045 8110 321 420
6045 8111 318 418
6045 8112 317 418
6045 8113 313 415
6045 8114 310 416
6045 8115 308 416
6045 8116 303 415
6045 8117 300 414
6045 8118 298 415
6045 8119 293 409
6045 8120 290 411
6045 8121 288 411
6045 8122 286 413
6045 8123 282 412
6045 8124 277 410
6045 8125 276 412
6045 8126 271 411
6045 8127 268 411
6045 8128 264 409
6045 8129 262 410
6045 8130 260 411
6045 8131 252 410
6045 8132 250 411
6045 8133 246 406
6045 8134 243 406
6045 8135 239 408
6045 8136 238 410
6045 8137 234 410
6045 8138 229 410
6045 8139 225 410
6045 8140 223 410
6045 8141 219 406
6045 8142 215 409
6045 8143 213 410
6045 8144 212 411
6045 8145 208 409
6045 8146 204 408
6045 8147 201 409
6045 8148 199 408
6045 8149 197 403
6045 8150 194 406
6045 8151 193 408
6045 8152 190 405
6045 8153 191 406
6087 8109 198 256
6087 8110 196 256
6087 8111 195 257
6087 8112 193 257
6087 8113 191 258
6087 8114 189 259
6087 8115 186 259
6087 8116 184 259
6087 8117 182 260
6087 8118 180 261
6087 8119 178 262
6087 8120 175 263
6087 8121 171 263
6087 8122 171 263
6087 8123 169 263
6087 8124 167 264
6087 8125 161 266
6087 8126 162 266
6087 8127 159 266
6087 8128 157 267
6087 8129 155 265
6087 8130 153 268
6087 8131 150 269
6087 8132 148 269
6087 8133 145 268
6087 8134 144 271
6087 8135 141 271
6087 8136 139 272
6087 8137 136 273
6087 8138 135 272
6087 8139 133 274
6087 8140 131 274
6087 8141 128 275
6087 8142 126 273
6087 8143 124 276
6087 8144 122 277
6087 8145 119 276
6087 8146 118 278
6087 8147 116 279
6087 8148 114 277
6087 8149 111 276
6087 8150 113 279
6187 8183 60 314
6187 8184 63 307
6187 8185 65 309
6187 8186 68 313
6187 8187 74 312
6187 8188 76 312
6187 8189 81 312
6187 8190 86 311
6187 8191 88 310
6187 8192 94 311
6187 8193 99 309
6187 8194 103 309
6187 8195 108 308
6187 8196 109 308
6187 8197 114 307
6187 8198 119 306
6187 8199 123 305
6187 8200 128 305
6187 8201 130 305
6187 8202 135 303
6187 8203 139 303
6187 8204 142 303
6187 8205 148 303
6187 8206 151 302
6187 8207 154 301
6187 8208 161 301
6187 8209 163 301
6187 8210 168 299
6187 8211 172 299
6187 8212 175 299
6187 8213 181 299
6187 8214 183 298
6187 8215 186 297
6187 8216 191 297
6187 8217 194 297
6187 8218 199 296
6187 8219 202 295
6187 8220 207 294
6187 8221 212 294
6187 8222 214 294
6187 8223 218 291
6187 8224 223 294
6187 8225 224 291
6187 8226 230 292
6187 8227 231 294
6187 8228 231 292
6187 8229 238 291
6187 8230 242 288
6187 8231 245 287
6187 8232 248 287
6187 8233 250 286
6187 8234 254 286
6187 8235 256 285
6187 8236 258 285
6187 8237 261 283
6187 8238 262 283
6187 8239 265 283
6187 8240 267 281
6187 8241 269 280
6187 8242 271 281
6187 8243 273 280
6187 8244 275 280
6187 8245 276 280
6187 8246 279 279
6187 8247 280 277
6187 8248 282 277
6187 8249 285 277
6187 8250 286 276
6187 8251 287 276
6187 8252 288 277
6187 8253 290 275
6187 8254 292 275
6187 8255 293 274
6187 8256 294 273
6187 8257 298 272
6187 8258 298 271
6187 8259 299 272
6187 8260 299 271
6303 8271 181 246
6303 8272 193 246
6303 8273 203 248
6303 8274 214 248
6303 8275 222 249
6303 8276 233 251
6303 8277 242 250
6303 8278 254 250
6303 8279 265 252
6303 8280 279 253
6303 8281 289 255
6303 8282 300 257
6303 8283 313 256
6303 8284 325 258
6303 8285 335 258
6303 8286 349 259
6303 8287 362 260
6303 8288 373 261
6303 8289 385 263
6303 8290 398 265
6303 8291 412 266
6303 8292 427 266
6303 8293 439 267
6303 8294 451 269
6303 8295 465 270
6303 8296 471 269
6303 8297 478 270
6303 8298 485 272
6654 8699 90 312
6654 8700 83 309
6654 8701 77 311
6654 8702 70 314
6654 8703 64 317
6654 8704 59 319
6654 8705 53 322
6654 8706 46 325
6654 8707 38 326
6654 8708 32 331
6654 8709 25 334
6654 8710 17 338
6654 8711 11 341
6654 8712 8 344
6654 8713 4 347
7125 9520 293 287
7125 9521 295 289
7125 9522 297 291
7125 9523 298 289
7125 9524 300 291
7125 9525 302 292
7125 9526 304 292
7125 9527 308 293
7125 9528 310 294
7125 9529 313 295
7125 9530 316 297
7125 9531 319 297
7125 9532 322 296
7125 9533 322 298
7125 9534 325 299
7125 9535 326 301
7125 9536 329 301
7125 9537 331 302
7125 9538 334 303
7125 9539 336 305
7125 9540 338 305
7125 9541 342 306
7125 9542 345 304
7125 9543 347 305
7125 9544 350 308
7125 9545 355 309
7125 9546 356 310
7125 9547 362 311
7125 9548 362 312
7125 9549 366 313
7125 9550 370 312
7125 9551 372 314
7125 9552 375 310
7162 9539 509 359
7162 9540 509 357
7162 9541 506 358
7162 9542 503 362
7162 9543 502 360
7162 9544 500 361
7162 9545 497 362
7162 9546 496 363
7162 9547 492 366
7162 9548 490 364
7162 9549 487 366
7162 9550 485 367
7162 9551 482 368
7162 9552 480 370
7162 9553 476 370
7162 9554 472 371
7162 9555 470 372
7162 9556 468 372
7162 9557 464 374
7162 9558 461 376
7162 9559 459 376
7162 9560 456 377
7162 9561 453 378
7162 9562 451 380
7162 9563 449 380
7162 9564 446 381
7162 9565 443 383
7162 9566 441 384
7162 9567 437 384
7162 9568 434 386
7162 9569 430 388
7162 9570 427 389
7162 9571 424 390
7162 9572 419 391
7162 9573 416 393
7162 9574 413 397
7162 9575 411 394
7162 9576 409 397
7162 9577 405 397
7162 9578 402 398
7162 9579 399 400
7162 9580 395 399
7162 9581 394 395
7240 9582 391 402
7240 9583 388 404
7240 9584 384 406
7240 9585 380 407
7240 9586 375 408
7240 9587 372 410
7240 9588 369 412
7240 9589 365 414
7240 9590 362 417
7240 9591 359 418
7240 9592 355 419
7240 9593 351 419
7240 9594 348 421
7240 9595 346 424
7240 9596 340 425
7240 9597 335 427
7240 9598 334 429
7268 9598 322 432
7268 9599 320 434
7268 9600 314 437
7268 9601 311 438
7268 9602 306 440
7268 9603 302 440
7268 9604 299 442
7268 9605 295 443
7268 9606 290 445
7268 9607 287 447
7268 9608 282 449
7268 9609 278 447
7268 9610 274 452
7268 9611 269 452
7268 9612 267 453
7268 9613 262 455
7268 9614 258 457
7268 9615 254 457
7268 9616 249 458
7268 9617 244 460
7268 9618 240 462
7268 9619 235 456
7268 9620 231 463
7268 9621 226 465
7268 9622 221 466
7268 9623 215 466
7268 9624 209 468
7268 9625 204 468
7268 9626 201 469
7268 9627 198 470
7268 9628 191 471
7268 9629 187 471
7268 9630 183 472
7268 9631 181 473
7426 9811 635 428
7426 9812 636 421
7426 9813 635 420
7426 9814 632 424
7426 9815 631 422
7426 9816 629 422
7426 9817 624 424
7426 9818 621 425
7426 9819 620 423
7426 9820 621 423
7426 9821 616 424
7426 9822 612 424
7426 9823 612 423
7426 9824 608 425
7426 9825 604 425
7426 9826 603 425
7426 9827 601 426
7426 9828 597 427
7426 9829 593 427
7426 9830 592 426
7426 9831 590 427
7426 9832 584 427
7426 9833 581 428
7426 9834 581 429
7426 9835 577 429
7426 9836 572 429
7426 9837 571 428
7426 9838 568 430
7426 9839 564 429
7426 9840 560 430
7426 9841 559 430
7426 9842 556 431
7426 9843 551 432
7426 9844 547 433
7426 9845 547 432
7426 9846 542 433
7426 9847 538 433
7426 9848 535 434
7426 9849 534 435
7426 9850 528 435
7426 9851 525 436
7426 9852 524 435
7426 9853 520 435
7426 9854 515 436
7426 9855 512 437
7426 9856 511 438
7426 9857 507 438
7426 9858 501 438
7426 9859 498 438
7426 9860 497 438
7426 9861 493 438
7426 9862 487 439
7426 9863 486 440
7426 9864 483 439
7426 9865 478 439
7426 9866 474 440
7426 9867 473 439
7426 9868 468 440
7426 9869 463 439
7426 9870 460 441
7426 9871 458 441
7426 9872 454 441
7426 9873 449 442
7426 9874 448 441
7426 9875 444 441
7426 9876 439 442
7426 9877 434 443
7426 9878 433 444
7426 9879 429 444
7426 9880 423 445
7426 9881 420 445
7426 9882 418 445
7426 9883 412 446
7426 9884 408 446
7426 9885 405 447
7426 9886 398 448
7426 9887 393 450
7426 9888 394 449
7531 9926 223 454
7531 9927 220 454
7531 9928 218 454
7531 9929 214 455
7531 9930 208 453
7531 9931 203 454
7531 9932 201 454
7531 9933 196 454
7531 9934 191 453
7531 9935 189 453
7531 9936 185 454
7531 9937 178 452
7531 9938 175 452
7531 9939 173 454
7531 9940 169 453
7531 9941 162 451
7531 9942 161 450
7531 9943 159 452
7531 9944 152 451
7531 9945 147 450
7531 9946 144 450
7531 9947 144 452
7531 9948 137 450
7531 9949 134 450
7531 9950 133 450
7531 9951 129 449
7531 9952 122 448
7531 9953 118 448
7531 9954 117 449
7531 9955 112 448
7531 9956 108 447
7531 9957 106 448
7531 9958 102 447
7531 9959 97 446
7531 9960 93 446
7531 9961 91 447
7531 9962 87 445
7531 9963 83 445
7531 9964 81 445
7531 9965 77 445
7531 9966 72 443
7531 9967 68 442
7531 9968 67 443
7531 9969 64 443
7531 9970 60 442
7531 9971 56 441
7531 9972 55 442
7531 9973 50 441
7531 9974 46 440
7531 9975 43 442
7531 9976 41 441
7531 9977 36 440
7531 9978 33 439
7531 9979 32 440
7531 9980 27 439
7531 9981 28 435
7619 10053 166 335
7619 10054 166 331
7619 10055 166 335
7619 10056 167 333
7619 10057 169 332
7619 10058 171 333
7619 10059 172 331
7619 10060 174 330
7619 10061 176 328
7619 10062 176 328
7619 10063 177 327
7619 10064 178 326
7619 10065 182 326
7619 10066 183 327
7619 10067 186 325
7619 10068 188 323
7619 10069 189 323
7619 10070 189 321
7619 10071 191 319
7619 10072 194 320
7619 10073 195 319
7619 10074 196 319
7619 10075 199 318
7619 10076 201 316
7619 10077 204 315
7619 10078 203 316
7619 10079 207 314
7619 10080 208 314
7619 10081 208 313
7619 10082 211 313
7619 10083 213 311
7619 10084 213 312
7619 10085 215 310
7619 10086 219 309
7619 10087 220 309
7619 10088 222 307
7619 10089 225 304
7619 10090 223 301
7632 10081 331 258
7632 10082 343 258
7632 10083 356 261
7632 10084 369 262
7632 10085 382 264
7632 10086 392 265
7632 10087 405 265
7632 10088 419 266
7632 10089 430 266
7632 10090 443 268
7632 10091 456 269
7632 10092 465 269
7632 10093 473 270
7632 10094 478 271
7632 10095 481 277
7935 10482 301 255
7935 10483 307 255
7935 10484 322 256
7935 10485 335 257
7935 10486 348 259
7935 10487 365 260
7935 10488 378 260
7935 10489 394 262
7935 10490 411 264
7935 10491 424 265
7935 10492 437 266
7935 10493 456 267
7935 10494 464 268
7935 10495 467 268
7935 10496 472 269
8008 10583 612 413
8008 10584 611 412
8008 10585 610 414
8008 10586 608 411
8008 10587 605 408
8008 10588 603 410
8008 10589 601 408
8008 10590 597 406
8008 10591 594 404
8008 10592 592 406
8008 10593 592 404
8008 10594 587 401
8008 10595 585 402
8008 10596 581 398
8008 10597 578 397
8008 10598 576 397
8008 10599 575 398
8008 10600 570 393
8008 10601 570 392
8008 10602 567 392
8008 10603 564 390
8008 10604 561 389
8008 10605 559 389
8008 10606 558 387
8008 10607 555 387
8008 10608 551 385
8008 10609 550 383
8008 10610 551 379
8224 10872 449 419
8224 10873 450 421
8224 10874 454 421
8224 10875 458 422
8224 10876 462 423
8224 10877 463 424
8224 10878 466 425
8224 10879 471 427
8224 10880 473 428
8224 10881 475 428
8224 10882 479 430
8224 10883 484 431
8224 10884 485 431
8224 10885 487 432
8224 10886 490 436
8224 10887 495 437
8224 10888 496 439
8224 10889 498 438
8224 10890 502 440
8224 10891 507 442
8224 10892 508 444
8224 10893 510 443
8224 10894 516 446
8224 10895 517 448
8224 10896 519 448
8224 10897 523 449
8224 10898 528 451
8224 10899 529 451
8224 10900 530 452
8224 10901 534 456
8224 10902 538 450
8234 10918 43 448
8234 10919 42 448
8234 10920 48 449
8234 10921 52 450
8234 10922 53 450
8234 10923 58 450
8234 10924 65 451
8234 10925 67 451
8234 10926 69 451
8234 10927 75 451
8234 10928 81 451
8234 10929 82 453
8234 10930 86 452
8234 10931 93 452
8234 10932 97 452
8234 10933 98 453
8234 10934 103 453
8234 10935 110 453
8234 10936 112 454
8234 10937 115 454
8234 10938 123 454
8234 10939 126 455
8234 10940 128 456
8234 10941 132 456
8234 10942 140 456
8234 10943 143 456
8234 10944 145 456
8234 10945 151 457
8234 10946 158 457
8234 10947 161 457
8234 10948 165 458
8234 10949 170 458
8234 10950 174 459
8234 10951 176 459
8234 10952 181 459
8234 10953 188 458
8234 10954 192 460
8234 10955 193 461
8234 10956 198 461
8234 10957 205 460
8234 10958 209 461
8234 10959 212 462
8234 10960 218 461
8234 10961 224 461
8234 10962 226 462
8234 10963 231 460
8234 10964 236 461
8234 10965 241 462
8234 10966 244 462
8234 10967 249 461
8234 10968 255 461
8234 10969 259 462
8234 10970 261 462
8234 10971 267 461
8234 10972 275 461
8234 10973 277 462
8234 10974 282 462
8234 10975 289 461
8234 10976 293 461
8234 10977 295 463
8234 10978 303 462
8234 10979 310 462
8234 10980 312 462
8234 10981 318 463
8234 10982 324 461
8234 10983 328 462
8234 10984 332 463
8234 10985 339 461
8234 10986 342 461
8234 10987 346 461
8234 10988 349 462
8234 10989 357 460
8234 10990 362 460
8234 10991 364 461
8234 10992 370 459
8234 10993 374 459
8234 10994 379 458
8234 10995 381 459
8234 10996 388 457
8234 10997 393 457
8234 10998 397 456
8234 10999 402 457
8234 11000 406 456
8234 11001 410 456
8234 11002 412 457
8234 11003 417 456
8234 11004 423 454
8234 11005 427 455
8234 11006 431 455
8234 11007 438 452
8234 11008 441 451
8234 11009 443 452
8234 11010 445 453
8234 11011 454 449
8234 11012 456 443
8593 11414 254 339
8593 11415 254 334
8593 11416 253 336
8593 11417 256 340
8593 11418 258 341
8593 11419 259 337
8593 11420 261 337
8593 11421 262 338
8593 11422 264 339
8593 11423 265 340
8593 11424 267 341
8593 11425 268 340
8593 11426 271 343
8593 11427 273 350
8593 11428 274 343
8593 11429 276 345
8593 11430 277 346
8593 11431 279 347
8593 11432 281 347
8593 11433 283 348
8593 11434 285 350
8593 11435 285 344
8593 11436 288 351
8593 11437 291 352
8593 11438 293 354
8593 11439 294 355
8593 11440 296 355
8593 11441 297 357
8593 11442 300 358
8593 11443 303 360
8593 11444 303 362
8593 11445 305 361
8593 11446 309 365
8593 11447 310 364
8593 11448 312 364
8593 11449 313 360
8609 11484 395 413
8609 11485 397 412
8609 11486 400 408
8609 11487 403 409
8609 11488 405 411
8609 11489 407 412
8609 11490 409 413
8609 11491 413 413
8609 11492 416 417
8609 11493 418 419
8609 11494 420 417
8609 11495 423 420
8609 11496 426 422
8609 11497 429 424
8609 11498 431 423
8609 11499 433 424
8609 11500 438 428
8609 11501 440 430
8609 11502 441 430
8609 11503 445 432
8609 11504 449 434
8609 11505 451 437
8609 11506 452 437
8609 11507 456 436
8609 11508 461 441
8609 11509 463 443
8609 11510 465 442
8609 11511 468 444
8609 11512 473 447
8609 11513 475 448
8609 11514 477 449
8609 11515 480 448
8609 11516 486 454
8609 11517 488 456
8609 11518 490 455
8609 11519 492 455
8609 11520 498 450
8695 11618 237 249
8695 11619 242 250
8695 11620 249 252
8695 11621 259 253
8695 11622 266 254
8695 11623 274 254
8695 11624 285 255
8695 11625 295 258
8695 11626 303 257
8695 11627 311 257
8695 11628 322 258
8695 11629 339 260
8695 11630 352 259
8695 11631 352 258
8695 11632 358 258
8695 11633 373 263
8695 11634 383 264
8695 11635 395 265
8695 11636 403 265
8695 11637 412 266
8695 11638 423 267
8695 11639 434 268
8695 11640 445 269
8695 11641 453 270
8695 11642 461 270
8695 11643 469 270
8695 11644 474 271
8695 11645 478 272
8695 11646 483 272
8695 11647 488 279
8717 11634 281 393
8717 11635 278 394
8717 11636 277 394
8717 11637 275 394
8717 11638 270 396
8717 11639 264 396
8717 11640 262 396
8717 11641 258 398
8717 11642 252 398
8717 11643 250 400
8717 11644 248 400
8717 11645 243 401
8717 11646 237 401
8717 11647 236 402
8717 11648 231 402
8717 11649 225 402
8717 11650 223 403
8717 11651 221 404
8717 11652 215 404
8717 11653 209 405
8717 11654 208 405
8717 11655 205 405
8717 11656 199 405
8717 11657 194 406
8717 11658 193 407
8717 11659 188 408
8717 11660 181 408
8717 11661 180 408
8717 11662 177 408
8717 11663 170 408
8717 11664 169 407
8717 11665 166 409
8717 11666 161 409
8717 11667 154 410
8717 11668 151 410
8717 11669 150 410
8717 11670 144 410
8717 11671 136 410
8717 11672 136 411
8717 11673 132 411
8717 11674 126 411
8717 11675 123 411
8717 11676 122 411
8717 11677 118 411
8717 11678 111 410
8717 11679 108 411
8717 11680 105 413
8717 11681 100 411
8717 11682 97 411
8717 11683 94 410
8717 11684 92 411
8717 11685 88 411
8774 11746 217 337
8774 11747 216 334
8774 11748 218 340
8774 11749 218 339
8774 11750 220 340
8774 11751 221 342
8774 11752 222 338
8774 11753 224 340
8774 11754 226 340
8774 11755 228 341
8774 11756 229 344
8774 11757 230 346
8774 11758 233 346
8774 11759 234 347
8774 11760 235 346
8774 11761 236 350
8774 11762 238 350
8774 11763 241 349
8774 11764 242 353
8774 11765 243 355
8774 11766 245 354
8774 11767 247 355
8774 11768 249 355
8774 11769 250 357
8774 11770 253 356
8774 11771 254 359
8774 11772 255 359
8774 11773 257 359
8774 11774 260 362
8774 11775 260 363
8774 11776 263 364
8774 11777 265 362
8774 11778 267 365
8774 11779 269 367
8774 11780 271 369
8774 11781 273 370
8774 11782 273 370
8774 11783 275 371
8774 11784 278 371
8774 11785 280 370
8774 11786 282 374
8774 11787 284 371
8774 11788 285 375
8774 11789 287 375
8774 11790 288 377
8774 11791 290 378
8774 11792 294 378
8774 11793 295 380
8774 11794 297 377
8774 11795 299 381
8774 11796 301 382
8774 11797 302 385
8774 11798 305 385
8774 11799 308 384
8774 11800 310 387
8774 11801 311 389
8774 11802 315 391
8774 11803 317 390
8774 11804 319 392
8774 11805 320 393
8774 11806 324 395
8774 11807 326 393
8774 11808 328 396
8774 11809 332 397
8774 11810 335 398
8774 11811 335 401
8774 11812 337 401
8774 11813 340 402
8774 11814 343 401
8774 11815 345 407
8774 11816 346 406
8774 11817 349 402
8774 11818 350 408
8774 11819 352 410
8774 11820 353 411
8774 11821 357 415
8774 11822 360 411
8774 11823 361 415
8774 11824 364 417
8774 11825 365 418
8774 11826 367 419
8774 11827 371 422
8774 11828 372 421
8774 11829 374 424
8774 11830 375 426
8774 11831 377 428
8774 11832 381 428
8774 11833 382 434
8774 11834 382 434
8774 11835 385 434
8774 11836 389 435
8774 11837 391 435
8774 11838 393 440
8774 11839 395 441
8774 11840 399 443
8774 11841 399 448
8774 11842 402 447
8774 11843 406 450
8774 11844 411 448
8774 11845 412 450
8774 11846 413 452
8774 11847 418 451
8774 11848 421 456
8774 11849 422 458
8774 11850 425 460
8774 11851 432 458
8774 11852 434 461
8774 11853 435 465
8774 11854 439 465
8774 11855 442 466
8774 11856 445 467
8774 11857 449 467
8774 11858 453 468
8774 11859 455 468
8774 11860 458 471
8774 11861 461 472
8774 11862 464 472
8774 11863 467 473
8774 11864 474 475
8774 11865 475 475
8804 11790 219 252
8804 11791 216 250
8804 11792 217 246
8804 11793 212 249
8804 11794 215 250
8804 11795 219 252
8804 11796 227 249
8804 11797 235 251
8804 11798 245 252
8804 11799 249 254
8804 11800 255 253
8804 11801 263 254
8804 11802 268 254
8804 11803 273 254
8804 11804 283 255
8804 11805 289 255
8804 11806 296 256
8804 11807 300 256
8804 11808 307 258
8804 11809 316 258
8804 11810 323 258
8804 11811 330 260
8915 11870 384 268
8915 11871 393 268
8915 11872 402 267
8915 11873 409 268
8915 11874 409 265
8915 11875 415 261
8915 11876 410 266
8915 11877 413 267
8915 11878 417 269
8915 11879 427 268
8915 11880 437 270
8915 11881 445 270
8915 11882 453 271
8915 11883 466 271
8915 11884 475 272
8915 11885 482 273
8915 11886 489 276
9004 11963 97 418
9004 11964 100 418
9004 11965 102 418
9004 11966 105 418
9004 11967 110 416
9004 11968 113 417
9004 11969 115 418
9004 11970 120 416
9004 11971 125 416
9004 11972 128 418
9004 11973 130 416
9004 11974 134 416
9004 11975 140 416
9004 11976 142 417
9004 11977 145 415
9004 11978 151 414
9004 11979 154 415
9004 11980 156 415
9004 11981 160 413
9004 11982 165 414
9004 11983 168 414
9004 11984 170 415
9004 11985 174 414
9004 11986 180 413
9004 11987 183 413
9004 11988 185 414
9004 11989 189 411
9004 11990 195 412
9004 11991 197 413
9004 11992 199 414
9004 11993 205 412
9004 11994 210 411
9004 11995 210 413
9004 11996 214 411
9004 11997 219 410
9004 11998 224 410
9004 11999 226 410
9004 12000 228 412
9004 12001 233 411
9004 12002 237 409
9004 12003 238 409
9004 12004 242 409
9004 12005 247 409
9004 12006 252 409
9004 12007 253 409
9004 12008 256 408
9004 12009 262 407
9004 12010 265 407
9004 12011 266 409
9004 12012 270 407
9004 12013 276 404
9004 12014 278 405
9004 12015 281 405
9004 12016 284 405
9004 12017 290 404
9004 12018 292 405
9004 12019 294 402
9004 12020 297 404
9074 12020 455 262
9074 12021 451 263
9074 12022 439 262
9074 12023 424 260
9074 12024 410 260
9074 12025 399 259
9074 12026 386 257
9074 12027 372 257
9074 12028 361 255
9074 12029 350 254
9074 12030 337 253
9074 12031 323 251
9074 12032 315 250
9074 12033 309 250
9074 12034 299 249
9074 12035 289 249
9074 12036 277 248
9074 12037 264 248
9101 12045 392 393
9101 12046 393 391
9101 12047 394 392
9101 12048 400 391
9101 12049 406 392
9101 12050 411 390
9101 12051 417 389
9101 12052 423 389
9101 12053 431 388
9101 12054 439 387
9101 12055 443 386
9101 12056 452 383
9101 12057 455 383
9101 12058 462 382
9101 12059 467 382
9101 12060 474 378
9101 12061 479 378
9101 12062 484 377
9101 12063 492 374
9101 12064 495 372
9101 12065 493 370
9102 12046 218 358
9102 12047 223 357
9102 12048 225 358
9102 12049 228 354
9102 12050 232 353
9102 12051 235 349
9102 12052 239 350
9102 12053 242 346
9102 12054 245 343
9102 12055 248 342
9102 12056 251 339
9102 12057 253 337
9102 12058 256 335
9102 12059 259 335
9102 12060 263 333
9102 12061 265 331
9102 12062 269 328
9102 12063 273 328
9102 12064 274 325
9122 12070 511 363
9122 12071 512 369
9122 12072 512 369
9122 12073 516 369
9122 12074 520 368
9122 12075 521 369
9122 12076 524 368
9122 12077 531 366
9122 12078 533 367
9122 12079 539 365
9122 12080 541 366
9122 12081 547 364
9122 12082 551 362
9122 12083 555 363
9122 12084 559 362
9122 12085 563 362
9122 12086 568 362
9122 12087 573 361
9122 12088 577 361
9122 12089 584 359
9122 12090 587 359
9122 12091 593 358
9122 12092 595 359
9122 12093 602 356
9122 12094 604 357
9122 12095 603 357
9122 12096 608 355
9122 12097 611 355
9122 12098 611 355
9122 12099 613 356
9122 12100 616 355
9122 12101 620 356
9122 12102 621 354
9122 12103 622 356
9122 12104 624 355
9122 12105 627 355
9122 12106 628 355
9122 12107 630 355
9122 12108 634 354
9211 12353 151 276
9211 12354 147 277
9211 12355 147 272
9211 12356 144 276
9211 12357 139 277
9211 12358 144 275
9211 12359 140 276
9211 12360 145 277
9211 12361 143 279
9211 12362 139 279
9211 12363 133 282
9211 12364 127 285
9211 12365 127 287
9211 12366 123 290
9211 12367 117 292
9211 12368 109 293
9211 12369 107 297
9211 12370 98 306
9286 12452 299 344
9286 12453 299 344
9286 12454 301 344
9286 12455 304 345
9286 12456 308 345
9286 12457 309 345
9286 12458 312 344
9286 12459 314 345
9286 12460 317 345
9286 12461 319 346
9286 12462 321 345
9286 12463 324 346
9286 12464 327 347
9286 12465 329 347
9286 12466 331 346
9286 12467 334 346
9286 12468 336 346
9286 12469 340 347
9286 12470 341 347
9286 12471 344 348
9286 12472 346 347
9286 12473 349 348
9286 12474 350 349
9286 12475 354 347
9286 12476 357 348
9286 12477 360 349
9286 12478 362 349
9286 12479 363 349
9286 12480 367 350
9286 12481 369 350
9286 12482 372 350
9286 12483 374 350
9286 12484 376 350
9286 12485 380 350
9286 12486 383 350
9286 12487 383 351
9286 12488 387 350
9286 12489 390 351
9286 12490 393 352
9286 12491 395 350
9286 12492 396 351
9286 12493 399 351
9286 12494 402 351
9286 12495 404 352
9286 12496 405 353
9286 12497 409 352
9286 12498 414 353
9286 12499 415 353
9286 12500 415 353
9286 12501 419 350
9286 12502 421 354
9286 12503 425 353
9286 12504 428 353
9286 12505 428 353
9286 12506 432 354
9286 12507 435 354
9286 12508 437 354
9286 12509 440 353
9286 12510 443 354
9286 12511 445 354
9286 12512 447 354
9286 12513 450 354
9286 12514 457 354
9286 12515 455 355
9286 12516 457 355
9286 12517 459 354
9286 12518 461 354
9286 12519 464 355
9286 12520 467 355
9286 12521 471 355
9286 12522 469 354
9286 12523 475 357
9286 12524 475 360
9304 12469 339 259
9304 12470 352 259
9304 12471 365 261
9304 12472 377 262
9304 12473 392 263
9304 12474 407 264
9304 12475 420 266
9304 12476 433 266
9304 12477 449 267
9304 12478 462 267
9304 12479 468 269
9304 12480 476 270
9304 12481 479 277
9324 12500 155 270
9324 12501 155 270
9324 12502 152 271
9324 12503 150 272
9324 12504 148 275
9324 12505 143 276
9324 12506 141 278
9324 12507 140 280
9324 12508 136 282
9324 12509 132 284
9324 12510 129 286
9324 12511 125 288
9324 12512 122 290
9324 12513 117 293
9324 12514 115 291
9324 12515 110 296
9324 12516 105 299
9324 12517 102 300
9324 12518 97 303
9324 12519 92 306
9324 12520 88 308
9324 12521 81 310
9324 12522 78 313
9324 12523 73 316
9324 12524 68 318
9324 12525 64 320
9324 12526 60 323
9324 12527 53 326
9324 12528 48 328
9324 12529 44 330
9324 12530 38 332
9324 12531 32 336
9324 12532 28 339
9324 12533 23 341
9324 12534 18 344
9324 12535 15 344
9324 12536 20 344
9324 12537 17 344
9357 12526 86 317
9357 12527 82 312
9357 12528 82 315
9357 12529 76 316
9357 12530 66 317
9357 12531 64 320
9357 12532 62 320
9357 12533 55 324
9357 12534 46 326
9357 12535 41 330
9357 12536 43 330
9357 12537 33 333
9357 12538 30 337
9357 12539 31 337
9357 12540 20 342
9357 12541 15 342
9357 12542 11 347
9357 12543 11 348
9357 12544 7 349
9357 12545 5 353
9680 12794 490 476
9680 12795 486 475
9680 12796 483 474
9680 12797 479 474
9680 12798 475 473
9680 12799 472 473
9680 12800 465 472
9680 12801 459 471
9680 12802 456 471
9680 12803 451 470
9680 12804 448 469
9680 12805 444 469
9680 12806 436 468
9680 12807 432 466
9680 12808 429 467
9680 12809 425 465
9680 12810 421 462
9680 12811 417 464
9680 12812 413 465
9680 12813 409 464
9680 12814 405 461
9680 12815 403 462
9680 12816 401 462
9680 12817 398 456
9680 12818 394 458
9680 12819 391 458
9680 12820 387 451
9680 12821 384 451
9680 12822 381 452
9680 12823 378 450
9680 12824 375 445
9680 12825 373 443
9680 12826 371 447
9680 12827 367 444
9680 12828 363 442
9680 12829 360 441
9680 12830 358 441
9680 12831 355 435
9680 12832 351 436
9680 12833 350 439
9680 12834 349 436
9737 12835 339 430
9737 12836 341 431
9737 12837 339 427
9737 12838 337 425
9737 12839 335 425
9737 12840 332 427
9737 12841 329 424
9737 12842 327 423
9737 12843 325 419
9737 12844 322 417
9737 12845 318 416
9737 12846 318 414
9737 12847 316 418
9737 12848 313 412
9737 12849 311 409
9737 12850 310 409
9737 12851 307 410
9737 12852 305 406
9737 12853 304 405
9737 12854 303 407
9737 12855 301 408
9737 12856 298 402
9737 12857 296 399
9737 12858 295 398
9737 12859 293 396
9737 12860 292 395
9737 12861 291 394
9737 12862 288 396
9737 12863 287 393
9737 12864 285 390
9737 12865 284 389
9737 12866 281 387
9737 12867 280 386
9737 12868 279 385
9737 12869 278 386
9737 12870 277 384
9737 12871 275 381
9737 12872 273 379
9737 12873 273 382
9737 12874 270 382
9737 12875 270 377
9737 12876 272 380
9784 12876 266 379
9784 12877 265 376
9784 12878 265 373
9784 12879 262 376
9784 12880 261 372
9784 12881 259 370
9784 12882 257 372
9784 12883 256 370
9784 12884 255 368
9784 12885 252 371
9784 12886 250 369
9784 12887 248 366
9784 12888 247 364
9784 12889 245 362
9784 12890 242 364
9784 12891 241 366
9784 12892 239 361
9784 12893 237 360
9784 12894 235 358
9784 12895 234 358
9784 12896 233 356
9784 12897 232 356
9784 12898 230 358
9784 12899 229 354
9784 12900 227 355
9784 12901 225 351
9784 12902 224 351
9784 12903 224 350
9784 12904 222 353
9784 12905 221 349
9784 12906 219 344
9784 12907 218 346
9784 12908 217 345
9784 12909 216 345
9784 12910 214 344
9784 12911 213 343
9784 12912 212 342
9784 12913 211 342
9784 12914 211 344
9784 12915 208 338
9784 12916 208 339
9784 12917 205 339
9784 12918 205 338
9784 12919 205 337
9784 12920 204 335
9815 12904 490 266
9815 12905 486 265
9815 12906 481 264
9815 12907 475 264
9815 12908 468 265
9815 12909 458 264
9815 12910 447 263
9815 12911 439 262
9815 12912 426 262
9815 12913 417 261
9815 12914 406 260
9815 12915 396 258
9815 12916 385 257
9815 12917 376 257
9815 12918 366 256
9815 12919 355 255
9815 12920 344 254
9815 12921 335 253
9815 12922 327 252
9815 12923 316 251
9815 12924 307 251
9815 12925 297 249
9815 12926 295 248
9845 12936 487 265
9845 12937 482 264
9845 12938 475 263
9845 12939 468 262
9845 12940 459 263
9845 12941 449 262
9845 12942 436 260
9845 12943 424 260
9845 12944 412 259
9845 12945 402 259
9845 12946 385 258
9845 12947 379 262
9845 12948 369 261
9845 12949 360 257
9845 12950 348 258
9845 12951 352 254
9926 13008 168 255
9926 13009 164 255
9926 13010 166 256
9926 13011 167 257
9926 13012 168 259
9926 13013 168 260
9926 13014 168 260
9926 13015 167 262
9926 13016 166 263
9926 13017 165 265
9926 13018 164 266
9926 13019 164 267
9926 13020 163 268
9926 13021 161 270
9926 13022 159 272
9926 13023 157 274
9926 13024 155 276
9926 13025 152 277
9926 13026 149 279
9926 13027 145 282
9926 13028 142 283
9926 13029 138 285
9926 13030 134 288
9926 13031 129 290
9926 13032 123 293
9926 13033 119 295
9926 13034 115 298
9926 13035 109 301
9926 13036 104 303
9926 13037 98 306
9926 13038 92 309
9926 13039 85 312
9926 13040 79 314
9926 13041 72 318
9926 13042 67 321
9926 13043 58 324
9926 13044 61 331
10017 13110 195 253
10017 13111 194 259
10017 13112 191 260
10017 13113 186 261
10017 13114 182 263
10017 13115 179 264
10017 13116 174 267
10017 13117 170 268
10017 13118 166 270
10017 13119 158 271
10017 13120 159 274
10017 13121 153 275
10017 13122 150 277
10017 13123 145 279
10017 13124 140 282
10017 13125 136 283
10017 13126 125 285
10017 13127 128 288