33 29 195 421
33 30 197 416
33 31 197 412
33 32 196 415
33 33 195 417
33 34 194 419
33 35 192 418
33 36 192 423
33 37 190 418
33 38 191 422
33 39 189 422
33 40 189 422
33 41 188 422
33 42 189 429
33 43 187 425
33 44 185 425
33 45 186 427
33 46 185 428
33 47 186 432
33 48 186 430
33 49 185 431
33 50 187 433
33 51 185 436
33 52 184 437
33 53 183 438
33 54 181 439
33 55 181 442
33 56 179 444
33 57 178 447
33 58 178 445
33 59 175 447
33 60 174 447
33 61 172 449
33 62 169 450
33 63 168 449
33 64 166 454
33 65 166 453
33 66 165 454
33 67 165 456
33 68 161 459
33 69 159 458
33 70 158 457
33 71 155 458
33 72 154 461
33 73 151 462
33 74 153 461
33 75 152 466
33 76 150 464
33 77 147 465
33 78 147 466
33 79 146 465
54 73 108 251
54 74 108 250
54 75 108 251
54 76 110 253
54 77 112 252
54 78 113 254
54 79 114 258
54 80 116 253
54 81 118 255
54 82 119 254
54 83 121 255
54 84 124 260
54 85 123 256
54 86 123 257
54 87 121 256
54 88 127 258
54 89 128 257
54 90 129 258
54 91 129 257
54 92 131 259
54 93 131 258
54 94 134 260
54 95 135 260
54 96 138 261
54 97 139 260
54 98 140 257
54 99 143 261
54 100 144 260
54 101 145 261
54 102 148 257
54 103 148 261
54 104 149 262
54 105 152 260
54 106 154 262
54 107 154 262
54 108 155 262
54 109 160 261
54 110 160 262
54 111 162 261
54 112 163 261
54 113 164 262
54 114 164 263
54 115 167 263
54 116 170 260
54 117 170 261
54 118 171 263
54 119 172 262
54 120 175 261
54 121 177 263
54 122 178 263
54 123 179 263
54 124 180 264
54 125 184 263
54 126 184 263
54 127 187 263
54 128 188 263
54 129 188 264
54 130 190 263
54 131 191 263
54 132 194 264
54 133 195 263
54 134 196 264
54 135 198 264
54 136 199 266
54 137 200 269
87 163 57 276
87 164 60 275
87 165 61 277
87 166 60 278
87 167 64 278
87 168 66 280
87 169 68 277
87 170 69 281
87 171 72 281
87 172 74 280
87 173 77 279
87 174 79 281
87 175 81 279
87 176 81 279
87 177 83 277
87 178 86 279
87 179 87 278
87 180 91 276
87 181 92 278
87 182 95 280
87 183 98 279
87 184 100 275
87 185 100 275
87 186 102 272
87 187 103 272
87 188 106 271
87 189 107 273
87 190 108 271
87 191 109 272
87 192 111 271
87 193 113 269
87 194 114 270
87 195 116 269
87 196 117 269
87 197 119 268
87 198 120 267
87 199 122 266
87 200 123 266
87 201 125 265
87 202 126 264
87 203 128 264
87 204 129 264
87 205 130 264
87 206 131 263
87 207 132 263
87 208 134 262
87 209 136 262
87 210 137 263
87 211 139 262
87 212 140 261
87 213 142 261
87 214 143 260
87 215 145 259
87 216 146 259
87 217 147 259
87 218 147 258
87 219 149 258
87 220 150 257
87 221 152 257
87 222 153 256
87 223 154 256
87 224 156 256
87 225 156 255
180 348 490 266
180 349 486 268
180 350 485 264
180 351 480 265
180 352 476 264
180 353 472 265
180 354 468 265
180 355 461 264
180 356 451 262
180 357 446 262
180 358 438 261
180 359 430 261
180 360 421 260
180 361 413 259
180 362 406 257
180 363 399 259
180 364 391 257
180 365 384 256
180 366 373 258
180 367 368 258
180 368 361 257
180 369 353 258
180 370 346 253
180 371 340 257
180 372 331 257
180 373 322 252
180 374 316 255
180 375 313 255
180 376 305 249
180 377 278 250
180 378 278 250
180 379 276 251
180 380 274 251
180 381 275 250
180 382 275 250
180 383 287 255
332 584 206 246
332 585 215 247
332 586 225 248
332 587 234 248
332 588 239 249
332 589 247 250
332 590 258 251
332 591 268 251
332 592 277 251
332 593 289 253
332 594 296 253
332 595 307 255
332 596 318 256
332 597 329 257
332 598 336 258
332 599 347 258
332 600 357 259
332 601 371 261
332 602 380 262
332 603 368 265
384 642 75 408
384 643 78 412
384 644 79 408
384 645 82 408
384 646 83 407
384 647 86 408
384 648 89 407
384 649 90 400
384 650 94 402
384 651 95 401
384 652 98 400
384 653 99 398
384 654 102 396
384 655 103 396
384 656 104 393
384 657 108 389
384 658 110 391
384 659 109 388
384 660 113 388
384 661 117 388
384 662 119 386
384 663 120 388
384 664 121 385
384 665 125 384
384 666 127 383
384 667 129 383
384 668 129 380
384 669 132 378
384 670 135 378
384 671 137 377
384 672 138 371
384 673 141 372
384 674 139 368
559 987 406 250
559 988 410 246
559 989 412 249
559 990 414 247
559 991 426 258
559 992 409 255
559 993 401 254
559 994 425 247
559 995 427 247
559 996 426 248
559 997 428 247
559 998 432 247
559 999 436 257
559 1000 419 256
559 1001 402 257
559 1002 387 256
559 1003 370 253
559 1004 353 252
559 1005 340 251
559 1006 326 251
559 1007 311 249
559 1008 299 248
559 1009 286 247
559 1010 273 246
715 1257 51 410
715 1258 51 411
715 1259 54 409
715 1260 57 408
715 1261 61 409
715 1262 65 408
715 1263 68 408
715 1264 73 408
715 1265 76 409
715 1266 78 408
715 1267 82 408
715 1268 87 408
715 1269 91 408
715 1270 95 408
715 1271 98 409
715 1272 102 407
715 1273 106 407
715 1274 110 408
715 1275 113 407
715 1276 118 407
715 1277 121 407
715 1278 123 407
715 1279 129 406
715 1280 132 406
715 1281 135 407
715 1282 141 405
715 1283 144 405
715 1284 148 406
715 1285 152 405
715 1286 155 405
715 1287 159 405
715 1288 164 404
715 1289 168 404
715 1290 170 404
715 1291 175 404
715 1292 180 404
715 1293 183 404
715 1294 185 404
715 1295 191 404
715 1296 196 403
715 1297 198 405
715 1298 203 404
715 1299 207 404
715 1300 211 404
715 1301 216 404
715 1302 219 403
715 1303 223 405
715 1304 227 403
715 1305 231 403
715 1306 234 404
715 1307 239 404
715 1308 243 403
715 1309 246 403
715 1310 252 405
715 1311 255 404
715 1312 259 403
715 1313 263 404
715 1314 266 404
715 1315 272 403
715 1316 275 403
715 1317 277 402
715 1318 286 403
715 1319 294 400
715 1320 299 400
715 1321 302 401
715 1322 309 400
715 1323 314 400
715 1324 318 399
715 1325 320 399
715 1326 324 397
715 1327 327 398
715 1328 328 397
715 1329 330 400
715 1330 331 396
715 1331 329 395
715 1332 331 394
729 1279 3 323
729 1280 3 323
729 1281 4 323
729 1282 7 323
729 1283 7 321
729 1284 10 321
729 1285 11 322
729 1286 13 322
729 1287 14 320
729 1288 16 318
729 1289 17 318
729 1290 19 315
729 1291 19 315
729 1292 21 314
729 1293 22 315
729 1294 24 313
729 1295 26 312
729 1296 26 309
729 1297 27 311
729 1298 28 311
729 1299 32 309
729 1300 33 310
729 1301 34 309
729 1302 34 308
729 1303 36 306
729 1304 37 307
729 1305 39 306
729 1306 41 305
729 1307 42 305
729 1308 44 301
729 1309 45 303
729 1310 48 302
729 1311 50 302
729 1312 51 301
729 1313 51 300
729 1314 54 301
729 1315 56 300
729 1316 59 299
729 1317 59 299
729 1318 60 299
729 1319 64 295
729 1320 66 295
792 1340 321 379
792 1341 323 384
792 1342 321 382
792 1343 317 380
792 1344 315 380
792 1345 315 379
792 1346 311 380
792 1347 308 377
792 1348 306 376
792 1349 304 377
792 1350 301 373
792 1351 298 374
792 1352 294 378
792 1353 292 372
792 1354 291 371
792 1355 289 370
792 1356 287 366
792 1357 285 367
792 1358 283 365
792 1359 281 364
792 1360 279 363
792 1361 276 361
792 1362 275 357
792 1363 273 360
792 1364 270 357
792 1365 270 357
792 1366 272 354
1354 2027 507 374
1354 2028 504 371
1354 2029 501 371
1354 2030 498 371
1354 2031 497 371
1354 2032 493 371
1354 2033 490 370
1354 2034 487 378
1354 2035 485 374
1354 2036 482 374
1354 2037 480 368
1354 2038 477 374
1354 2039 472 376
1354 2040 470 374
1354 2041 468 368
1354 2042 465 374
1354 2043 462 373
1354 2044 460 370
1354 2045 457 372
1354 2046 454 372
1354 2047 451 365
1354 2048 449 370
1354 2049 446 370
1354 2050 444 365
1354 2051 440 369
1354 2052 439 369
1354 2053 434 369
1354 2054 434 369
1354 2055 431 369
1354 2056 425 367
1354 2057 423 369
1354 2058 422 368
1354 2059 417 366
1354 2060 414 366
1354 2061 412 368
1354 2062 409 368
1354 2063 406 365
1354 2064 403 364
1354 2065 399 366
1354 2066 397 365
1354 2067 393 365
1354 2068 389 363
1354 2069 388 363
1354 2070 386 364
1354 2071 380 362
1354 2072 377 362
1354 2073 376 364
1354 2074 373 363
1354 2075 369 362
1354 2076 366 361
1354 2077 364 361
1354 2078 362 361
1354 2079 357 360
1354 2080 354 359
1354 2081 352 359
1354 2082 350 359
1354 2083 345 357
1354 2084 343 357
1354 2085 342 356
1354 2086 339 357
1354 2087 335 356
1354 2088 332 355
1354 2089 330 354
1354 2090 328 355
1354 2091 324 353
1354 2092 321 353
1354 2093 320 354
1354 2094 317 353
1354 2095 313 351
1354 2096 311 351
1354 2097 308 350
1354 2098 305 350
1354 2099 302 348
1354 2100 300 348
1354 2101 298 349
1354 2102 296 349
1354 2103 292 347
1354 2104 289 346
1354 2105 288 348
1354 2106 284 344
1354 2107 282 345
1354 2108 279 344
1354 2109 277 346
1354 2110 278 350
1752 2636 248 251
1752 2637 248 251
1752 2638 256 252
1752 2639 264 252
1752 2640 274 253
1752 2641 282 254
1752 2642 290 254
1752 2643 300 256
1752 2644 312 256
1752 2645 321 257
1752 2646 329 257
1752 2647 341 258
1752 2648 351 259
1752 2649 361 260
1752 2650 370 261
1752 2651 382 262
1752 2652 393 264
1752 2653 390 263
1779 2756 158 266
1779 2757 155 268
1779 2758 153 270
1779 2759 150 270
1779 2760 147 273
1779 2761 143 276
1779 2762 141 276
1779 2763 139 278
1779 2764 125 278
1779 2765 132 281
1779 2766 128 283
1779 2767 125 286
1779 2768 122 287
1779 2769 118 287
1779 2770 115 291
1779 2771 112 292
1779 2772 108 294
1779 2773 104 295
1779 2774 101 296
1779 2775 98 298
1878 2845 273 263
1878 2846 273 260
1878 2847 276 259
1878 2848 277 260
1878 2849 279 261
1878 2850 282 260
1878 2851 282 263
1878 2852 286 260
1878 2853 287 264
1878 2854 288 261
1878 2855 290 262
1878 2856 294 262
1878 2857 291 271
1878 2858 295 256
1878 2859 297 260
1878 2860 299 265
1878 2861 300 265
1878 2862 301 261
1878 2863 304 263
1878 2864 305 262
1878 2865 307 262
1878 2866 309 262
1878 2867 310 261
1878 2868 312 263
1878 2869 314 263
1878 2870 317 260
1878 2871 319 262
1878 2872 318 266
1878 2873 322 262
1878 2874 322 264
1878 2875 324 268
1878 2876 325 265
1878 2877 327 266
1878 2878 330 266
1878 2879 332 265
1878 2880 336 261
1878 2881 334 271
1878 2882 335 275
1878 2883 336 275
1878 2884 339 276
1878 2885 341 276
1878 2886 344 271
1878 2887 345 276
1878 2888 348 277
1878 2889 349 275
1878 2890 351 276
1878 2891 353 277
1878 2892 355 277
2084 3032 419 343
2084 3033 418 349
2084 3034 418 353
2084 3035 421 357
2084 3036 426 352
2084 3037 427 347
2084 3038 431 352
2084 3039 434 355
2084 3040 436 351
2084 3041 438 355
2084 3042 439 358
2084 3043 442 362
2084 3044 444 361
2084 3045 446 362
2084 3046 451 363
2084 3047 453 359
2084 3048 455 361
2084 3049 457 365
2084 3050 458 368
2084 3051 463 362
2084 3052 465 365
2084 3053 466 372
2084 3054 471 373
2084 3055 468 373
2252 3144 471 260
2252 3145 465 259
2252 3146 457 260
2252 3147 450 260
2252 3148 442 257
2252 3149 435 257
2252 3150 429 257
2252 3151 420 257
2252 3152 414 255
2252 3153 407 256
2252 3154 400 253
2252 3155 392 254
2252 3156 384 253
2252 3157 381 252
2252 3158 373 252
2252 3159 365 251
2252 3160 355 251
2252 3161 351 250
2252 3162 341 250
2252 3163 334 249
2252 3164 332 249
2252 3165 343 249
2252 3166 344 250
2463 3310 490 264
2463 3311 485 264
2463 3312 480 263
2463 3313 474 262
2463 3314 466 261
2463 3315 454 261
2463 3316 443 261
2463 3317 433 260
2463 3318 420 259
2463 3319 406 258
2463 3320 396 255
2463 3321 386 254
2463 3322 373 254
2463 3323 361 252
2463 3324 352 258
2658 3521 171 262
2658 3522 170 264
2658 3523 166 266
2658 3524 163 267
2658 3525 161 269
2658 3526 161 272
2658 3527 161 273
2658 3528 157 274
2658 3529 151 275
2658 3530 148 278
2658 3531 149 278
2658 3532 144 280
2658 3533 141 281
2658 3534 134 284
2658 3535 133 284
2658 3536 134 287
2658 3537 129 290
2658 3538 126 291
2658 3539 121 292
2658 3540 111 295
2658 3541 114 297
2658 3542 110 297
2658 3543 106 300
2658 3544 102 303
2658 3545 89 303
2658 3546 93 306
2925 3811 228 249
2925 3812 236 246
2925 3813 239 247
2925 3814 253 248
2925 3815 266 250
2925 3816 278 250
2925 3817 290 251
2925 3818 305 252
2925 3819 321 254
2925 3820 334 256
2925 3821 348 257
2925 3822 365 258
2925 3823 381 259
2925 3824 395 260
2925 3825 412 261
2925 3826 430 264
2925 3827 445 265
2925 3828 454 271
2966 3936 457 264
2966 3937 442 262
2966 3938 429 261
2966 3939 417 260
2966 3940 402 258
2966 3941 387 258
2966 3942 376 256
2966 3943 363 255
2966 3944 350 254
2966 3945 337 252
2966 3946 326 251
2966 3947 315 250
2966 3948 303 251
2966 3949 292 249
2966 3950 278 248
2966 3951 264 248
2966 3952 258 250
3063 4026 319 250
3063 4027 324 257
3063 4028 336 257
3063 4029 348 258
3063 4030 360 260
3063 4031 370 260
3063 4032 381 261
3063 4033 393 262
3063 4034 406 263
3063 4035 417 265
3063 4036 428 266
3063 4037 441 267
3063 4038 452 267
3063 4039 464 268
3063 4040 470 269
3063 4041 479 270
3063 4042 485 269
3063 4043 481 277
3063 4044 479 277
3063 4045 476 277
3063 4046 475 277
3063 4047 472 278
3063 4048 471 278
3063 4049 470 277
3063 4050 468 277
3063 4051 466 278
3063 4052 464 277
3063 4053 461 277
3063 4054 460 276
3063 4055 460 277
3063 4056 455 277
3063 4057 455 275
3063 4058 453 275
3063 4059 451 275
3063 4060 450 276
3063 4061 447 275
3063 4062 446 274
3063 4063 443 275
3063 4064 442 274
3063 4065 438 275
3063 4066 438 274
3063 4067 434 274
3063 4068 432 274
3063 4069 429 274
3063 4070 425 273
3063 4071 424 273
3063 4072 422 272
3063 4073 418 274
3063 4074 418 272
3063 4075 417 273
3063 4076 414 273
3063 4077 411 272
3063 4078 411 273
3063 4079 409 273
3063 4080 405 275
3063 4081 404 272
3063 4082 403 272
3063 4083 400 273
3063 4084 398 271
3063 4085 397 271
3063 4086 395 271
3063 4087 393 272
3063 4088 390 271
3063 4089 390 270
3063 4090 388 271
3063 4091 386 271
3063 4092 384 270
3119 4094 377 259
3119 4095 388 257
3119 4096 379 258
3119 4097 394 259
3119 4098 405 258
3119 4099 415 261
3119 4100 434 262
3119 4101 438 263
3119 4102 449 263
3119 4103 458 262
3119 4104 472 261
3119 4105 473 263
3119 4106 480 263
3119 4107 479 268
3119 4108 472 265
3119 4109 478 263
3119 4110 485 265
3119 4111 492 259
3119 4112 503 256
3335 4208 349 259
3335 4209 354 260
3335 4210 366 260
3335 4211 379 261
3335 4212 388 262
3335 4213 399 263
3335 4214 411 264
3335 4215 425 266
3335 4216 435 266
3335 4217 445 267
3335 4218 452 275
3907 5286 118 475
3907 5287 121 475
3907 5288 122 474
3907 5289 125 473
3907 5290 127 472
3907 5291 131 471
3907 5292 133 471
3907 5293 138 470
3907 5294 141 469
3907 5295 144 469
3907 5296 146 468
3907 5297 148 467
3907 5298 152 466
3907 5299 153 465
3907 5300 157 465
3907 5301 158 464
3907 5302 159 463
3907 5303 161 463
3907 5304 165 462
3907 5305 166 461
3907 5306 169 461
3907 5307 171 460
3907 5308 173 459
3907 5309 174 454
3907 5310 177 456
3907 5311 179 456
3907 5312 182 453
3907 5313 184 449
3907 5314 186 451
3907 5315 187 450
3907 5316 189 449
3907 5317 191 447
3907 5318 193 446
3907 5319 195 444
3907 5320 196 445
3907 5321 198 443
3907 5322 200 441
3907 5323 201 436
3907 5324 205 441
3907 5325 208 441
3907 5326 211 440
3958 5367 280 395
3958 5368 279 399
3958 5369 282 398
3958 5370 283 397
3958 5371 284 398
3958 5372 286 398
3958 5373 287 400
3958 5374 289 394
3958 5375 290 393
3958 5376 292 391
3958 5377 293 393
3958 5378 296 390
3958 5379 298 389
3958 5380 298 391
3958 5381 300 393
3958 5382 302 388
3958 5383 303 385
3958 5384 305 385
3958 5385 306 385
3958 5386 308 386
3958 5387 309 382
3958 5388 310 383
3958 5389 312 380
3958 5390 312 380
3958 5391 313 382
3958 5392 315 378
3958 5393 316 376
3958 5394 317 378
3958 5395 318 379
3958 5396 320 377
3958 5397 321 376
3958 5398 323 374
3958 5399 323 373
3958 5400 324 374
3958 5401 325 374
3958 5402 326 380
3958 5403 328 375
3958 5404 329 370
3958 5405 332 372
3958 5406 331 371
3958 5407 332 369
3958 5408 334 367
3958 5409 335 369
3958 5410 335 369
3958 5411 336 369
3958 5412 338 368
3958 5413 338 364
3958 5414 339 363
3958 5415 339 364
3958 5416 341 362
4042 5451 237 296
4042 5452 236 292
4042 5453 238 292
4042 5454 239 295
4042 5455 241 293
4042 5456 241 293
4042 5457 244 294
4042 5458 245 295
4042 5459 247 295
4042 5460 248 295
4042 5461 249 297
4042 5462 250 297
4042 5463 252 298
4042 5464 253 298
4042 5465 255 300
4042 5466 256 299
4042 5467 257 298
4042 5468 258 299
4042 5469 260 301
4042 5470 261 302
4042 5471 262 303
4042 5472 264 302
4042 5473 266 304
4042 5474 268 305
4042 5475 269 305
4042 5476 271 305
4042 5477 273 306
4042 5478 274 308
4042 5479 276 307
4042 5480 278 308
4042 5481 280 308
4042 5482 281 309
4042 5483 284 310
4042 5484 284 310
4042 5485 285 310
4042 5486 288 312
4042 5487 289 313
4042 5488 291 313
4042 5489 293 314
4042 5490 295 314
4042 5491 296 316
4042 5492 298 315
4042 5493 300 316
4042 5494 303 317
4042 5495 304 317
4042 5496 306 318
4042 5497 308 319
4042 5498 310 320
4042 5499 308 319
4088 5479 235 271
4088 5480 237 273
4088 5481 239 271
4088 5482 242 273
4088 5483 245 273
4088 5484 245 273
4088 5485 247 274
4088 5486 250 274
4088 5487 252 274
4088 5488 253 274
4088 5489 255 274
4088 5490 258 274
4088 5491 260 274
4088 5492 261 274
4088 5493 263 275
4088 5494 266 273
4088 5495 268 274
4088 5496 269 273
4088 5497 271 274
4088 5498 274 275
4088 5499 276 275
4088 5500 276 274
4088 5501 278 273
4088 5502 281 274
4088 5503 283 275
4088 5504 284 275
4088 5505 288 275
4088 5506 289 275
4088 5507 292 275
4088 5508 293 276
4088 5509 294 275
4088 5510 295 275
4088 5511 299 275
4088 5512 300 276
4088 5513 302 275
4088 5514 303 276
4088 5515 306 276
4088 5516 309 276
4088 5517 309 276
4088 5518 313 275
4088 5519 315 276
4088 5520 316 276
4088 5521 317 276
4088 5522 319 273
4088 5523 322 277
4088 5524 324 275
4088 5525 324 276
4088 5526 329 273
4088 5527 328 276
4088 5528 331 276
4088 5529 333 277
4088 5530 335 276
4088 5531 337 276
4088 5532 339 276
4088 5533 340 276
4088 5534 343 276
4088 5535 346 276
4088 5536 347 276
4088 5537 349 276
4088 5538 350 275
4088 5539 351 276
4088 5540 353 277
4088 5541 356 276
4088 5542 357 276
4088 5543 359 276
4088 5544 361 276
4088 5545 364 276
4088 5546 365 276
4088 5547 366 274
4088 5548 370 276
4088 5549 372 277
4088 5550 372 276
4088 5551 373 276
4088 5552 377 276
4088 5553 379 277
4088 5554 381 277
4088 5555 382 275
4088 5556 385 274
4088 5557 386 277
4088 5558 387 277
4088 5559 391 277
4088 5560 392 274
4088 5561 394 277
4088 5562 396 278
4088 5563 399 277
4088 5564 400 274
4088 5565 404 278
4088 5566 404 278
4088 5567 404 278
4088 5568 407 275
4088 5569 410 278
4088 5570 411 279
4088 5571 414 278
4088 5572 415 276
4088 5573 417 278
4088 5574 419 278
4088 5575 423 279
4124 5511 337 330
4124 5512 340 331
4124 5513 341 331
4124 5514 342 331
4124 5515 344 333
4124 5516 349 333
4124 5517 350 334
4124 5518 350 333
4124 5519 353 335
4124 5520 355 337
4124 5521 356 338
4124 5522 358 337
4124 5523 360 338
4124 5524 364 340
4124 5525 367 341
4124 5526 369 340
4124 5527 370 341
4124 5528 372 343
4124 5529 375 344
4124 5530 376 345
4124 5531 379 343
4124 5532 381 344
4124 5533 384 348
4124 5534 387 349
4124 5535 388 348
4124 5536 389 348
4124 5537 392 351
4124 5538 394 353
4124 5539 394 352
4124 5540 398 353
4124 5541 401 355
4124 5542 404 356
4124 5543 405 357
4124 5544 408 357
4124 5545 410 359
4124 5546 413 360
4124 5547 414 362
4124 5548 416 358
4126 5513 636 428
4126 5514 635 426
4126 5515 634 423
4126 5516 636 419
4126 5517 631 418
4126 5518 631 417
4126 5519 629 417
4126 5520 629 414
4126 5521 624 415
4126 5522 623 416
4126 5523 621 414
4126 5524 621 415
4126 5525 617 411
4126 5526 613 412
4126 5527 612 412
4126 5528 614 409
4126 5529 607 410
4126 5530 606 410
4126 5531 605 408
4126 5532 603 408
4126 5533 598 407
4126 5534 595 408
4126 5535 596 408
4126 5536 594 404
4126 5537 589 406
4126 5538 587 404
4126 5539 585 403
4126 5540 585 403
4126 5541 581 400
4126 5542 578 399
4126 5543 578 402
4126 5544 577 398
4126 5545 572 400
4126 5546 570 399
4126 5547 569 397
4126 5548 569 398
4126 5549 568 395
4126 5550 562 396
4126 5551 561 395
4126 5552 560 394
4126 5553 558 392
4126 5554 554 393
4126 5555 553 393
4126 5556 550 392
4126 5557 550 388
4126 5558 545 391
4126 5559 543 390
4126 5560 543 388
4126 5561 541 387
4126 5562 537 388
4126 5563 535 388
4126 5564 533 388
4126 5565 529 384
4126 5566 529 384
4126 5567 527 385
4126 5568 525 383
4126 5569 522 382
4126 5570 520 383
4126 5571 517 380
4126 5572 517 381
4126 5573 516 379
4126 5574 514 379
4126 5575 508 378
4126 5576 509 378
4126 5577 506 379
4126 5578 504 379
4126 5579 494 385
4126 5580 499 376
4138 5530 482 266
4138 5531 478 264
4138 5532 473 265
4138 5533 467 265
4138 5534 453 264
4138 5535 443 263
4138 5536 432 262
4138 5537 419 262
4138 5538 408 259
4138 5539 397 257
4138 5540 386 257
4138 5541 374 256
4138 5542 362 256
4138 5543 352 255
4138 5544 342 254
4138 5545 330 251
4138 5546 318 251
4138 5547 309 251
4138 5548 301 249
4146 5547 367 396
4146 5548 366 398
4146 5549 365 400
4146 5550 364 398
4146 5551 362 397
4146 5552 361 396
4146 5553 359 396
4146 5554 358 393
4146 5555 356 395
4146 5556 354 395
4146 5557 352 394
4146 5558 351 392
4146 5559 349 392
4146 5560 348 392
4146 5561 346 390
4146 5562 346 391
4146 5563 344 389
4146 5564 342 389
4146 5565 340 387
4146 5566 339 384
4146 5567 338 385
4146 5568 336 384
4146 5569 336 384
4146 5570 333 384
4146 5571 334 383
4146 5572 332 383
4146 5573 330 381
4146 5574 330 380
4146 5575 327 380
4146 5576 325 381
4146 5577 325 379
4146 5578 324 376
4146 5579 323 379
4146 5580 322 378
4146 5581 316 379
4146 5582 320 376
4146 5583 317 374
4146 5584 316 376
4146 5585 315 379
4146 5586 314 375
4146 5587 314 373
4146 5588 310 374
4146 5589 309 370
4146 5590 308 368
4146 5591 308 365
4146 5592 307 368
4146 5593 306 368
4146 5594 305 368
4146 5595 305 367
4146 5596 301 365
4146 5597 302 363
4146 5598 300 363
4146 5599 299 359
4146 5600 298 361
4146 5601 298 358
4149 5548 420 362
4149 5549 419 362
4149 5550 422 365
4149 5551 425 365
4149 5552 425 365
4149 5553 427 365
4149 5554 430 368
4149 5555 433 369
4149 5556 432 370
4149 5557 436 370
4149 5558 439 372
4149 5559 442 374
4149 5560 445 375
4149 5561 445 374
4149 5562 449 376
4149 5563 451 378
4149 5564 452 379
4149 5565 455 380
4149 5566 459 376
4149 5567 458 382
4149 5568 462 384
4149 5569 464 386
4149 5570 467 385
4149 5571 468 387
4149 5572 472 389
4149 5573 472 390
4149 5574 475 390
4149 5575 480 394
4149 5576 483 396
4149 5577 483 397
4149 5578 488 396
4168 5580 490 400
4168 5581 494 389
4168 5582 494 400
4168 5583 497 402
4168 5584 500 406
4168 5585 503 408
4168 5586 508 407
4168 5587 508 408
4168 5588 509 410
4168 5589 513 414
4168 5590 515 413
4168 5591 520 413
4168 5592 520 414
4168 5593 523 419
4168 5594 527 421
4168 5595 528 419
4168 5596 533 421
4168 5597 537 424
4168 5598 538 425
4168 5599 539 426
4168 5600 547 423
4168 5601 550 426
4168 5602 550 431
4168 5603 553 433
4168 5604 549 437
4171 5582 497 374
4171 5583 492 376
4171 5584 491 377
4171 5585 488 375
4171 5586 487 374
4171 5587 484 372
4171 5588 482 374
4171 5589 480 373
4171 5590 477 370
4171 5591 475 370
4171 5592 473 372
4171 5593 471 368
4171 5594 469 370
4171 5595 466 370
4171 5596 464 370
4171 5597 463 367
4171 5598 462 366
4171 5599 459 367
4171 5600 457 365
4171 5601 456 365
4171 5602 456 364
4171 5603 452 365
4171 5604 451 365
4171 5605 449 361
4171 5606 449 360
4171 5607 447 360
4171 5608 444 363
4171 5609 442 359
4171 5610 440 359
4171 5611 438 358
4171 5612 437 360
4171 5613 435 358
4171 5614 433 358
4171 5615 432 356
4171 5616 430 357
4171 5617 429 357
4171 5618 425 353
4171 5619 421 351
4171 5620 419 350
4171 5621 418 352
4171 5622 415 349
4171 5623 415 350
4171 5624 412 348
4171 5625 411 348
4171 5626 409 346
4171 5627 410 351
4171 5628 407 344
4171 5629 406 344
4171 5630 405 349
4171 5631 403 345
4171 5632 401 342
4171 5633 399 342
4171 5634 398 342
4171 5635 397 341
4171 5636 395 343
4171 5637 394 342
4171 5638 392 340
4171 5639 391 339
4171 5640 389 337
4171 5641 387 339
4171 5642 386 336
4171 5643 385 335
4171 5644 383 336
4171 5645 382 338
4171 5646 381 335
4171 5647 380 334
4171 5648 377 335
4171 5649 376 333
4171 5650 375 335
4171 5651 374 330
4171 5652 372 333
4171 5653 370 331
4171 5654 370 333
4171 5655 367 329
4171 5656 365 328
4171 5657 364 328
4171 5658 362 327
4171 5659 362 328
4171 5660 360 326
4171 5661 358 325
4171 5662 356 329
4171 5663 357 324
4171 5664 355 324
4171 5665 354 326
4171 5666 354 330
4171 5667 354 327
4408 5892 523 366
4408 5893 522 359
4408 5894 518 358
4408 5895 512 362
4408 5896 510 363
4408 5897 507 363
4408 5898 504 365
4408 5899 506 363
4408 5900 499 367
4408 5901 495 368
4408 5902 496 366
4408 5903 491 369
4408 5904 490 370
4408 5905 486 369
4408 5906 484 370
4408 5907 479 372
4408 5908 477 373
4408 5909 474 372
4408 5910 471 374
4408 5911 471 376
4408 5912 466 376
4408 5913 465 376
4408 5914 462 373
4408 5915 460 376
4408 5916 455 379
4408 5917 452 380
4408 5918 450 381
4408 5919 447 381
4408 5920 444 381
4408 5921 441 383
4408 5922 440 381
4408 5923 436 384
4408 5924 433 384
4408 5925 430 385
4408 5926 427 387
4408 5927 425 387
4408 5928 422 389
4408 5929 417 391
4408 5930 413 391
4408 5931 411 392
4408 5932 408 392
4408 5933 405 392
4408 5934 402 393
4408 5935 400 393
4408 5936 394 395
4408 5937 393 393
4408 5938 389 397
4408 5939 386 396
4408 5940 381 398
4408 5941 378 399
4408 5942 375 400
4408 5943 373 399
4408 5944 366 400
4408 5945 362 402
4408 5946 363 401
4408 5947 358 401
4408 5948 353 402
4408 5949 350 404
4408 5950 348 404
4408 5951 341 405
4408 5952 341 403
4408 5953 336 407
4408 5954 335 406
4408 5955 329 407
4408 5956 324 408
4408 5957 322 410
4408 5958 321 409
4408 5959 316 410
4408 5960 310 412
4408 5961 310 411
4408 5962 308 411
4408 5963 301 413
4408 5964 298 414
4408 5965 294 415
4408 5966 292 415
4408 5967 285 415
4408 5968 281 416
4408 5969 277 418
4408 5970 270 417
4408 5971 269 415
4408 5972 264 419
4408 5973 263 419
4408 5974 258 420
4408 5975 253 419
4408 5976 249 421
4408 5977 248 419
4408 5978 242 420
4408 5979 237 420
4408 5980 234 422
4408 5981 231 422
4408 5982 224 422
4408 5983 220 423
4408 5984 219 424
4408 5985 214 422
4408 5986 210 422
4408 5987 206 424
4408 5988 202 423
4408 5989 195 424
4408 5990 190 423
4408 5991 188 425
4408 5992 184 424
4408 5993 182 425
4408 5994 176 425
4408 5995 174 426
4408 5996 170 426
4408 5997 162 427
4408 5998 159 427
4408 5999 156 428
4408 6000 154 427
4408 6001 147 427
4408 6002 141 427
4408 6003 142 429
4408 6004 135 429
4408 6005 132 428
4408 6006 128 430
4408 6007 126 429
4408 6008 119 427
4408 6009 113 428
4408 6010 114 429
4408 6011 106 423
4408 6012 102 429
4408 6013 99 430
4408 6014 96 431
4408 6015 93 429
4408 6016 87 430
4408 6017 82 430
4408 6018 81 432
4408 6019 75 431
4408 6020 71 432
4408 6021 67 432
4408 6022 66 432
4408 6023 59 432
4408 6024 56 432
4408 6025 52 432
4408 6026 51 433
4408 6027 44 432
4408 6028 39 433
4408 6029 37 434
4408 6030 33 434
4408 6031 29 433
4408 6032 24 433
4408 6033 21 434
4408 6034 18 434
4408 6035 14 434
4408 6036 11 434
4408 6037 8 434
4408 6038 5 434
4408 6039 4 432
4444 5958 193 246
4444 5959 202 246
4444 5960 212 247
4444 5961 219 248
4444 5962 227 249
4444 5963 238 250
4444 5964 247 252
4444 5965 257 251
4444 5966 266 252
4444 5967 276 253
4444 5968 286 253
4444 5969 297 254
4444 5970 312 255
4444 5971 319 257
4444 5972 329 258
4444 5973 339 259
4444 5974 351 259
4444 5975 360 260
4444 5976 371 260
4444 5977 381 262
4444 5978 394 263
4444 5979 402 264
4444 5980 411 265
4444 5981 423 267
4444 5982 435 268
4444 5983 454 268
4444 5984 459 268
4444 5985 464 268
4444 5986 458 268
4444 5987 476 272
4444 5988 481 272
4514 6053 221 255
4514 6054 215 256
4514 6055 212 257
4514 6056 210 258
4514 6057 198 263
4514 6058 194 264
4514 6059 190 262
4514 6060 186 262
4514 6061 185 264
4514 6062 177 264
4514 6063 173 266
4514 6064 169 268
4514 6065 167 269
4514 6066 164 271
4514 6067 157 272
4514 6068 153 274
4514 6069 155 276
4514 6070 148 276
4514 6071 150 279
4546 6087 75 309
4546 6088 71 309
4546 6089 66 311
4546 6090 61 315
4546 6091 57 316
4546 6092 54 319
4546 6093 49 321
4546 6094 43 320
4546 6095 40 324
4546 6096 38 326
4546 6097 31 328
4546 6098 26 330
4546 6099 29 331
4546 6100 19 334
4546 6101 19 336
4546 6102 16 338
4546 6103 12 340
4546 6104 9 342
4546 6105 6 343
4546 6106 4 345
4573 6114 126 289
4573 6115 125 286
4573 6116 120 288
4573 6117 116 290
4573 6118 117 290
4573 6119 124 288
4573 6120 120 289
4573 6121 118 290
4573 6122 113 292
4573 6123 109 293
4573 6124 105 295
4573 6125 101 296
4573 6126 97 299
4573 6127 91 301
4573 6128 87 303
4573 6129 82 306
4573 6130 81 306
4573 6131 73 309
4573 6132 69 312
4573 6133 63 312
4573 6134 62 313
4573 6135 55 317
4573 6136 51 319
4573 6137 48 321
4573 6138 46 323
4573 6139 39 324
4573 6140 34 327
4573 6141 29 329
4573 6142 27 331
4573 6143 21 333
4573 6144 17 334
4573 6145 14 337
4573 6146 12 340
4573 6147 9 342
4573 6148 6 343
4573 6149 4 348
4696 6298 262 247
4696 6299 258 246
4696 6300 251 246
4696 6301 246 247
4696 6302 242 248
4696 6303 237 247
4696 6304 231 247
4696 6305 228 248
4696 6306 220 249
4696 6307 218 250
4696 6308 213 250
4696 6309 209 251
4696 6310 206 251
4696 6311 200 252
4696 6312 195 254
4696 6313 190 253
4696 6314 187 255
4696 6315 183 256
4696 6316 179 258
4696 6317 175 258
4696 6318 175 260
4696 6319 171 261
4696 6320 166 262
4696 6321 161 263
4696 6322 158 264
4696 6323 156 265
4696 6324 153 267
4696 6325 152 268
4696 6326 147 270
4696 6327 144 277
4696 6328 138 276
4696 6329 134 278
4696 6330 132 280
4696 6331 125 279
4696 6332 120 282
4696 6333 118 284
4696 6334 112 286
4696 6335 110 288
4696 6336 104 290
4696 6337 103 292
4696 6338 98 295
4696 6339 91 297
4696 6340 88 300
4696 6341 83 302
4696 6342 80 304
4696 6343 74 306
4696 6344 71 307
4696 6345 67 310
4696 6346 63 312
4696 6347 59 314
4696 6348 55 315
4696 6349 52 319
4696 6350 47 322
4696 6351 46 324
4696 6352 39 326
4696 6353 35 328
4696 6354 31 331
4696 6355 26 334
4696 6356 23 335
4696 6357 19 338
4696 6358 17 337
4696 6359 18 340
4696 6360 12 342
4696 6361 10 342
4696 6362 8 344
4696 6363 6 345
4696 6364 4 348
4935 6728 339 258
4935 6729 349 257
4935 6730 357 258
4935 6731 366 259
4935 6732 376 260
4935 6733 390 260
4935 6734 400 262
4935 6735 405 262
4935 6736 413 262
4935 6737 424 265
4935 6738 435 266
4935 6739 445 266
4935 6740 453 267
4935 6741 464 268
4935 6742 468 268
4935 6743 474 268
4935 6744 477 269
4935 6745 484 269
4935 6746 488 268
5001 6893 218 258
5001 6894 218 259
5001 6895 222 258
5001 6896 222 259
5001 6897 223 260
5001 6898 226 260
5001 6899 231 261
5001 6900 231 260
5001 6901 231 261
5001 6902 233 259
5001 6903 235 260
5001 6904 237 258
5001 6905 236 260
5001 6906 240 259
5001 6907 242 260
5001 6908 243 262
5001 6909 244 263
5001 6910 248 260
5001 6911 250 260
5001 6912 250 260
5001 6913 250 260
5001 6914 253 260
5001 6915 256 262
5001 6916 257 263
5001 6917 258 261
5001 6918 259 262
5001 6919 261 262
5001 6920 265 264
5001 6921 266 261
5001 6922 268 260
5001 6923 269 262
5001 6924 271 263
5001 6925 275 263
5001 6926 274 264
5001 6927 276 263
5001 6928 279 263
5001 6929 280 263
5001 6930 283 263
5001 6931 283 263
5001 6932 286 263
5001 6933 287 265
5001 6934 290 264
5001 6935 291 264
5001 6936 295 265
5001 6937 295 265
5001 6938 297 264
5001 6939 299 265
5001 6940 302 264
5001 6941 305 264
5001 6942 303 264
5001 6943 306 265
5001 6944 310 265
5001 6945 310 265
5001 6946 311 266
5001 6947 315 265
5001 6948 317 266
5001 6949 318 266
5001 6950 320 266
5001 6951 322 267
5001 6952 324 266
5001 6953 325 266
5001 6954 327 265
5001 6955 329 266
5001 6956 332 266
5001 6957 333 266
5001 6958 334 266
5001 6959 338 267
5001 6960 338 266
5001 6961 341 267
5001 6962 342 267
5001 6963 344 267
5001 6964 347 267
5001 6965 349 266
5001 6966 351 266
5001 6967 353 268
5001 6968 355 268
5001 6969 356 268
5001 6970 357 268
5001 6971 360 268
5001 6972 363 268
5001 6973 364 268
5001 6974 366 268
5001 6975 369 269
5001 6976 370 269
5001 6977 372 269
5001 6978 374 270
5001 6979 376 270
5001 6980 379 270
5001 6981 381 271
5001 6982 382 268
5001 6983 384 271
5001 6984 386 270
5001 6985 388 271
5001 6986 389 270
5001 6987 392 270
5001 6988 394 270
5001 6989 396 270
5001 6990 398 270
5001 6991 399 271
5001 6992 402 270
5001 6993 404 271
5001 6994 404 271
5001 6995 409 271
5001 6996 410 268
5110 7079 447 382
5110 7080 439 371
5110 7081 436 371
5110 7082 431 371
5110 7083 427 372
5110 7084 422 373
5110 7085 418 372
5110 7086 413 372
5110 7087 405 373
5110 7088 404 371
5110 7089 400 374
5110 7090 395 375
5110 7091 390 375
5110 7092 386 375
5110 7093 380 375
5110 7094 376 375
5110 7095 377 375
5110 7096 372 375
5110 7097 365 377
5110 7098 364 377
5110 7099 363 376
5110 7100 358 377
5110 7101 351 377
5110 7102 349 377
5110 7103 345 377
5110 7104 342 375
5110 7105 337 378
5110 7106 334 379
5110 7107 333 378
5110 7108 328 376
5110 7109 321 379
5110 7110 318 379
5110 7111 314 379
5110 7112 314 379
5110 7113 306 380
5110 7114 300 381
5110 7115 302 380
5110 7116 291 381
5110 7117 289 383
5110 7118 278 383
5110 7119 274 384
5110 7120 271 384
5110 7121 266 383
5110 7122 263 384
5110 7123 257 386
5110 7124 253 386
5110 7125 249 387
5110 7126 246 388
5110 7127 243 389
5110 7128 239 388
5110 7129 234 389
5110 7130 229 390
5110 7131 225 389
5110 7132 223 386
5110 7133 221 392
5110 7134 216 393
5110 7135 213 393
5110 7136 210 393
5110 7137 206 394
5110 7138 202 391
5110 7139 196 394
5110 7140 194 394
5110 7141 192 392
5110 7142 190 397
5110 7143 184 398
5110 7144 183 397
5110 7145 179 397
5110 7146 169 399
5110 7147 168 397
5110 7148 166 399
5110 7149 164 399
5110 7150 160 400
5110 7151 153 400
5110 7152 153 400
5110 7153 149 400
5110 7154 146 401
5110 7155 141 401
5110 7156 137 402
5110 7157 132 400
5110 7158 129 404
5110 7159 123 404
5110 7160 123 405
5110 7161 121 405
5110 7162 114 406
5110 7163 109 406
5110 7164 108 407
5110 7165 103 408
5110 7166 98 405
5110 7167 92 410
5110 7168 92 411
5110 7169 90 411
5110 7170 82 411
5110 7171 79 412
5110 7172 74 413
5110 7173 72 413
5110 7174 66 414
5110 7175 63 416
5110 7176 60 417
5110 7177 57 416
5110 7178 51 414
5110 7179 47 416
5110 7180 44 417
5110 7181 43 417
5110 7182 35 420
5110 7183 32 419
5110 7184 29 420
5110 7185 25 419
5110 7186 23 418
5110 7187 17 424
5110 7188 16 422
5113 7080 486 267
5113 7081 475 263
5113 7082 448 261
5113 7083 431 260
5113 7084 409 257
5113 7085 387 257
5113 7086 376 254
5113 7087 369 252
5151 7148 573 378
5151 7149 572 377
5151 7150 569 379
5151 7151 566 380
5151 7152 564 380
5151 7153 563 380
5151 7154 559 380
5151 7155 556 381
5151 7156 555 382
5151 7157 553 381
5151 7158 551 383
5151 7159 548 383
5151 7160 545 386
5151 7161 544 384
5151 7162 541 385
5151 7163 538 384
5151 7164 536 385
5151 7165 535 384
5151 7166 533 386
5151 7167 530 386
5151 7168 527 386
5151 7169 525 386
5151 7170 523 387
5151 7171 520 386
5151 7172 517 388
5151 7173 516 386
5151 7174 513 388
5151 7175 510 388
5151 7176 508 388
5151 7177 505 390
5151 7178 502 389
5151 7179 500 389
5151 7180 497 390
5151 7181 495 390
5151 7182 493 394
5151 7183 490 392
5151 7184 487 391
5151 7185 485 394
5151 7186 482 393
5151 7187 480 393
5151 7188 478 392
5151 7189 475 396
5151 7190 473 397
5151 7191 470 399
5151 7192 467 397
5151 7193 464 401
5151 7194 460 401
5151 7195 458 402
5151 7196 457 399
5151 7197 454 403
5151 7198 450 399
5151 7199 448 399
5151 7200 445 405
5151 7201 442 406
5151 7202 440 400
5151 7203 438 400
5151 7204 436 402
5151 7205 433 402
5151 7206 429 406
5151 7207 425 404
5151 7208 423 407
5151 7209 421 405
5151 7210 418 405
5151 7211 417 408
5151 7212 414 409
5151 7213 410 409
5151 7214 404 414
5151 7215 404 412
5151 7216 401 409
5151 7217 399 409
5151 7218 397 409
5151 7219 393 413
5151 7220 390 411
5151 7221 385 417
5151 7222 381 411
5151 7223 378 417
5151 7224 376 418
5151 7225 375 416
5151 7226 372 415
5151 7227 368 415
5151 7228 363 421
5151 7229 362 421
5151 7230 358 420
5151 7231 355 416
5151 7232 352 417
5151 7233 347 425
5151 7234 346 419
5151 7235 343 423
5151 7236 337 425
5151 7237 335 424
5151 7238 332 423
5151 7239 330 418
5151 7240 327 419
5159 7156 115 291
5159 7157 120 289
5159 7158 125 287
5159 7159 126 285
5159 7160 130 283
5159 7161 137 281
5159 7162 139 280
5159 7163 145 278
5159 7164 146 276
5159 7165 153 275
5159 7166 154 274
5159 7167 160 272
5159 7168 163 271
5159 7169 167 271
5159 7170 168 269
5159 7171 171 268
5159 7172 175 268
5159 7173 176 264
5159 7174 177 265
5159 7175 179 264
5159 7176 182 264
5159 7177 183 263
5159 7178 185 263
5159 7179 185 262
5159 7180 187 261
5159 7181 189 259
5159 7182 190 261
5159 7183 190 258
5159 7184 192 259
5159 7185 191 256
5159 7186 194 258
5159 7187 195 258
5491 7433 465 273
5491 7434 465 270
5491 7435 469 268
5491 7436 472 268
5491 7437 477 267
5491 7438 472 267
5491 7439 468 265
5491 7440 462 263
5491 7441 454 263
5491 7442 446 262
5491 7443 438 260
5491 7444 429 260
5491 7445 422 259
5491 7446 417 259
5491 7447 407 258
5491 7448 399 258
5491 7449 391 257
5491 7450 383 257
5491 7451 375 255
5491 7452 371 254
5491 7453 363 255
5491 7454 356 254
5491 7455 348 252
5491 7456 338 252
5491 7457 331 252
5491 7458 327 252
5491 7459 321 251
5491 7460 314 251
5491 7461 308 250
5491 7462 303 250
5491 7463 298 249
5491 7464 290 249
5491 7465 284 247
5491 7466 279 248
5491 7467 275 248
5491 7468 268 247
5491 7469 262 246
5491 7470 256 246
5599 7631 486 267
5599 7632 476 264
5599 7633 474 264
5599 7634 470 264
5599 7635 459 263
5599 7636 447 262
5599 7637 437 262
5599 7638 426 261
5599 7639 415 260
5599 7640 402 258
5599 7641 392 258
5599 7642 383 257
5599 7643 370 256
5599 7644 356 255
5599 7645 346 254
5599 7646 335 253
5599 7647 327 252
5599 7648 317 252
5599 7649 307 250
5599 7650 299 249
5599 7651 292 249
5599 7652 286 248
5599 7653 274 248
5599 7654 265 247
5599 7655 261 247
5599 7656 256 247
5599 7657 246 246
5599 7658 241 246
5623 7703 487 269
5623 7704 483 264
5623 7705 476 263
5623 7706 469 263
5623 7707 459 263
5623 7708 446 261
5623 7709 428 260
5623 7710 415 260
5623 7711 408 258
5623 7712 397 257
5623 7713 384 256
5623 7714 372 255
5623 7715 362 254
5623 7716 352 252
5696 7882 126 283
5696 7883 129 280
5696 7884 122 283
5696 7885 121 284
5696 7886 123 283
5696 7887 120 284
5696 7888 120 285
5696 7889 118 286
5696 7890 116 286
5696 7891 115 288
5696 7892 111 289
5696 7893 106 291
5696 7894 104 294
5696 7895 104 293
5696 7896 101 294
5696 7897 99 295
5696 7898 97 297
5696 7899 87 301
5696 7900 91 299
5696 7901 87 301
5696 7902 86 302
5696 7903 80 306
5696 7904 78 304
5696 7905 77 307
5696 7906 73 308
5696 7907 66 312
5696 7908 58 316
5696 7909 53 317
5696 7910 37 325
5696 7911 26 333
5696 7912 8 342
5756 7960 212 246
5756 7961 220 247
5756 7962 229 248
5756 7963 239 249
5756 7964 249 249
5756 7965 257 251
5756 7966 266 250
5756 7967 275 251
5756 7968 286 252
5756 7969 295 252
5756 7970 304 254
5756 7971 315 253
5756 7972 326 255
5756 7973 338 257
5756 7974 347 258
5756 7975 357 258
5756 7976 369 259
5756 7977 382 259
5756 7978 389 260
5756 7979 401 261
5756 7980 414 262
5756 7981 426 262
5756 7982 432 262
5756 7983 427 255
5756 7984 428 256
5756 7985 428 255
5756 7986 429 255
5756 7987 426 255
5756 7988 412 262
5756 7989 428 265
5756 7990 434 267
5765 7975 414 341
5765 7976 417 340
5765 7977 416 340
5765 7978 414 334
5765 7979 416 338
5765 7980 411 341
5765 7981 410 341
5765 7982 404 343
5765 7983 398 345
5765 7984 394 347
5765 7985 388 349
5765 7986 384 352
5765 7987 378 354
5765 7988 373 356
5765 7989 368 357
5765 7990 366 357
5765 7991 364 359
5765 7992 362 363
5780 7985 65 320
5780 7986 63 322
5780 7987 56 330
5780 7988 52 332
5780 7989 48 335
5780 7990 42 337
5780 7991 44 338
5780 7992 39 340
5780 7993 38 341
5780 7994 33 340
5780 7995 32 344
5780 7996 32 342
5780 7997 28 343
5780 7998 27 346
5780 7999 25 346
5780 8000 24 349
5780 8001 20 348
5780 8002 16 349
5780 8003 20 348
5780 8004 16 349
5780 8005 16 350
5780 8006 12 350
5780 8007 9 350
5780 8008 7 349
5780 8009 7 349
5780 8010 7 350
5782 7986 128 347
5782 7987 128 340
5782 7988 133 340
5782 7989 140 341
5782 7990 144 342
5782 7991 148 342
5782 7992 151 342
5782 7993 154 342
5782 7994 157 342
5782 7995 159 344
5782 7996 161 343
5782 7997 164 344
5782 7998 166 345
5782 7999 168 344
5782 8000 169 346
5782 8001 172 346
5782 8002 171 349
5782 8003 175 346
5782 8004 177 346
5782 8005 180 347
5782 8006 182 347
5782 8007 184 346
5782 8008 186 347
5782 8009 188 347
5782 8010 190 348
5782 8011 192 349
5782 8012 194 350
5782 8013 196 349
5782 8014 199 350
5782 8015 201 350
5782 8016 203 351
5782 8017 206 351
5782 8018 209 351
5782 8019 211 351
5782 8020 212 352
5782 8021 215 352
5782 8022 218 352
5782 8023 221 353
5782 8024 223 353
5782 8025 225 354
5782 8026 230 354
5782 8027 234 350
5782 8028 234 355
5782 8029 238 354
5782 8030 239 351
5782 8031 240 348
5782 8032 242 352
5782 8033 248 357
5782 8034 250 354
5782 8035 254 356
5782 8036 255 354
5782 8037 257 356
5782 8038 259 357
5782 8039 264 356
5782 8040 267 355
5782 8041 270 357
5782 8042 271 357
5782 8043 275 357
5782 8044 277 358
5782 8045 280 358
5782 8046 282 358
5782 8047 286 358
5782 8048 288 358
5782 8049 290 358
5782 8050 293 358
5782 8051 297 358
5782 8052 298 360
5782 8053 301 359
5782 8054 307 359
5782 8055 309 359
5782 8056 311 360
5782 8057 313 359
5782 8058 317 359
5782 8059 321 359
5782 8060 321 359
5782 8061 324 360
5782 8062 329 359
5782 8063 332 360
5782 8064 334 360
5782 8065 336 359
5782 8066 340 360
5782 8067 342 361
5782 8068 344 360
5782 8069 348 361
5782 8070 351 360
5782 8071 354 360
5782 8072 356 360
5782 8073 359 360
5782 8074 361 361
5782 8075 366 361
5782 8076 367 361
5782 8077 370 361
5782 8078 372 361
5782 8079 377 361
5782 8080 379 362
5782 8081 382 361
5782 8082 384 361
5782 8083 389 362
5782 8084 392 360
5782 8085 393 362
5782 8086 397 362
5782 8087 400 362
5782 8088 403 363
5782 8089 406 363
5782 8090 409 363
5782 8091 412 363
5782 8092 413 364
5782 8093 415 364
5782 8094 419 364
5782 8095 422 364
5782 8096 423 364
5782 8097 428 364
5782 8098 429 364
5782 8099 433 364
5782 8100 435 364
5782 8101 439 364
5782 8102 441 364
5782 8103 444 363
5782 8104 446 364
5782 8105 449 365
5782 8106 453 364
5782 8107 455 364
5782 8108 457 364
5782 8109 462 364
5782 8110 465 365
5782 8111 466 365
5782 8112 469 365
5782 8113 472 364
5782 8114 475 364
5782 8115 475 365
5782 8116 480 365
5782 8117 483 364
5782 8118 485 365
5782 8119 487 365
5782 8120 491 366
5782 8121 493 365
5782 8122 495 365
5782 8123 498 365
5782 8124 500 364
5782 8125 504 363
5782 8126 508 363
5782 8127 510 362
5782 8128 512 364
5782 8129 517 364
5782 8130 517 363
5782 8131 521 363
5782 8132 522 364
5782 8133 525 364
5782 8134 528 363
5782 8135 527 367
5885 8061 201 247
5885 8062 211 246
5885 8063 222 246
5885 8064 219 247
5885 8065 233 247
5885 8066 246 251
5885 8067 255 252
5885 8068 263 251
5885 8069 272 253
5885 8070 283 254
5885 8071 294 255
5885 8072 302 256
5885 8073 311 256
5885 8074 322 257
5885 8075 333 258
5885 8076 343 260
5885 8077 352 259
5885 8078 365 261
5885 8079 376 262
5885 8080 385 262
5885 8081 397 265
5885 8082 410 266
5885 8083 422 266
5885 8084 435 267
5888 8064 221 423
5888 8065 219 416
5888 8066 216 417
5888 8067 215 417
5888 8068 213 418
5888 8069 209 418
5888 8070 205 421
5888 8071 203 422
5888 8072 201 422
5888 8073 199 422
5888 8074 196 423
5888 8075 193 424
5888 8076 191 425
5888 8077 190 425
5888 8078 188 426
5888 8079 183 428
5888 8080 182 424
5888 8081 176 429
5888 8082 179 430
5888 8083 173 430
5888 8084 167 431
5888 8085 167 433
5888 8086 166 431
5888 8087 164 433
5888 8088 157 432
5888 8089 154 436
5888 8090 150 437
5888 8091 149 438
5888 8092 147 437
5888 8093 149 437
6037 8202 242 253
6037 8203 249 253
6037 8204 247 254
6037 8205 253 253
6037 8206 259 253
6037 8207 264 254
6037 8208 269 254
6037 8209 275 254
6037 8210 281 255
6037 8211 286 255
6037 8212 292 255
6037 8213 299 256
6037 8214 307 256
6037 8215 313 257
6037 8216 321 258
6037 8217 327 258
6037 8218 334 259
6037 8219 342 260
6037 8220 350 260
6037 8221 359 261
6037 8222 367 262
6037 8223 374 262
6037 8224 396 262
6037 8225 394 263
6037 8226 408 263
6037 8227 406 263
6037 8228 419 264
6037 8229 421 264
6037 8230 440 267
6037 8231 449 268
6037 8232 458 270
6037 8233 469 270
6037 8234 474 271
6037 8235 479 271
6037 8236 484 272
6037 8237 486 267
6037 8238 481 266
6037 8239 480 265
6163 8484 530 474
6163 8485 527 473
6163 8486 521 471
6163 8487 517 471
6163 8488 512 469
6163 8489 510 465
6163 8490 507 468
6163 8491 501 467
6163 8492 496 466
6163 8493 492 465
6163 8494 486 464
6163 8495 484 469
6163 8496 482 462
6163 8497 478 462
6163 8498 476 459
6163 8499 471 455
6163 8500 467 454
6163 8501 463 455
6163 8502 461 451
6163 8503 456 451
6163 8504 453 449
6163 8505 451 448
6163 8506 448 444
6163 8507 444 444
6163 8508 441 443
6163 8509 438 438
6163 8510 434 438
6163 8511 431 436
6163 8512 425 434
6163 8513 422 439
6163 8514 421 438
6172 8493 20 336
6172 8494 18 336
6172 8495 18 334
6172 8496 20 332
6172 8497 22 331
6172 8498 24 329
6172 8499 30 325
6172 8500 36 323
6172 8501 39 322
6172 8502 42 318
6172 8503 47 316
6172 8504 50 314
6172 8505 57 313
6172 8506 63 313
6172 8507 67 311
6172 8508 68 310
6172 8509 76 310
6172 8510 81 306
6172 8511 85 305
6198 8513 422 422
6198 8514 422 422
6198 8515 419 429
6198 8516 414 427
6198 8517 412 424
6198 8518 409 423
6198 8519 406 421
6198 8520 404 421
6198 8521 400 418
6198 8522 397 416
6198 8523 394 416
6198 8524 391 414
6198 8525 388 411
6198 8526 387 410
6198 8527 385 410
6198 8528 382 407
6198 8529 378 407
6198 8530 376 404
6198 8531 374 403
6198 8532 372 402
6198 8533 367 400
6198 8534 366 400
6198 8535 363 398
6198 8536 360 396
6198 8537 358 394
6198 8538 354 394
6198 8539 351 390
6198 8540 349 391
6198 8541 348 390
6198 8542 345 388
6198 8543 342 387
6198 8544 341 385
6198 8545 338 383
6198 8546 335 383
6198 8547 333 382
6198 8548 330 380
6198 8549 327 378
6198 8550 326 377
6198 8551 323 375
6198 8552 319 375
6198 8553 319 374
6198 8554 317 373
6198 8555 313 371
6198 8556 311 371
6198 8557 309 369
6198 8558 306 368
6198 8559 304 372
6198 8560 301 366
6198 8561 296 369
6198 8562 297 364
6198 8563 295 362
6198 8564 293 359
6198 8565 291 366
6322 8583 494 377
6322 8584 490 378
6322 8585 488 380
6322 8586 485 382
6322 8587 482 379
6322 8588 481 381
6322 8589 484 383
6322 8590 490 384
6322 8591 489 385
6322 8592 484 386
6322 8593 481 387
6322 8594 480 387
6322 8595 477 388
6322 8596 473 388
6322 8597 470 389
6322 8598 469 391
6322 8599 466 391
6322 8600 463 392
6322 8601 460 392
6322 8602 458 394
6322 8603 456 394
6322 8604 452 394
6322 8605 446 393
6322 8606 444 394
6322 8607 442 394
6322 8608 437 394
6322 8609 433 395
6322 8610 432 396
6322 8611 431 396
6322 8612 427 396
6322 8613 420 395
6322 8614 417 396
6322 8615 418 396
6322 8616 414 397
6322 8617 406 396
6322 8618 402 397
6322 8619 401 397
6322 8620 400 395
6322 8621 394 396
6322 8622 390 394
6322 8623 389 395
6322 8624 387 389
6322 8625 381 395
6322 8626 378 395
6322 8627 377 395
6322 8628 373 394
6322 8629 370 396
6322 8630 367 397
6322 8631 366 398
6322 8632 364 398
6322 8633 360 399
6322 8634 356 400
6322 8635 355 399
6322 8636 354 400
6322 8637 351 402
6322 8638 345 403
6322 8639 343 403
6322 8640 340 403
6322 8641 337 405
6322 8642 332 406
6322 8643 329 407
6322 8644 328 408
6322 8645 323 407
6322 8646 314 408
6322 8647 314 408
6322 8648 313 408
6322 8649 306 410
6322 8650 298 411
6322 8651 297 411
6432 8679 375 316
6432 8680 376 317
6432 8681 378 318
6432 8682 379 321
6432 8683 380 324
6432 8684 381 320
6432 8685 380 324
6432 8686 383 321
6432 8687 385 322
6432 8688 386 325
6432 8689 388 323
6432 8690 390 325
6432 8691 392 329
6432 8692 393 325
6432 8693 395 326
6432 8694 396 328
6432 8695 398 332
6432 8696 398 330
6432 8697 399 328
6432 8698 403 331
6432 8699 403 332
6432 8700 403 331
6432 8701 406 332
6432 8702 410 341
6432 8703 411 335
6432 8704 413 337
6432 8705 412 334
6432 8706 416 336
6432 8707 417 336
6432 8708 415 341
6432 8709 420 338
6432 8710 421 339
6432 8711 423 342
6432 8712 423 341
6432 8713 426 341
6432 8714 430 342
6432 8715 431 342
6432 8716 432 343
6432 8717 433 343
6432 8718 435 345
6432 8719 434 349
6432 8720 436 350
6439 8684 156 293
6439 8685 156 293
6439 8686 150 292
6439 8687 151 291
6439 8688 153 291
6439 8689 154 290
6439 8690 153 290
6439 8691 155 290
6439 8692 155 292
6439 8693 154 291
6439 8694 153 292
6439 8695 153 293
6439 8696 150 294
6439 8697 149 293
6439 8698 147 293
6439 8699 142 294
6439 8700 143 293
6439 8701 142 293
6439 8702 134 296
6439 8703 136 295
6439 8704 132 298
6439 8705 132 299
6439 8706 129 298
6439 8707 127 299
6439 8708 125 298
6439 8709 123 299
6439 8710 121 300
6439 8711 119 299
6439 8712 115 304
6439 8713 115 303
6439 8714 114 302
6439 8715 113 305
6439 8716 109 305
6439 8717 107 306
6439 8718 104 306
6439 8719 103 306
6439 8720 102 307
6439 8721 98 308
6439 8722 97 308
6439 8723 96 309
6439 8724 92 309
6439 8725 89 309
6439 8726 88 310
6439 8727 87 309
6439 8728 85 310
6439 8729 81 310
6439 8730 81 312
6439 8731 78 310
6439 8732 72 310
6439 8733 73 310
6439 8734 70 312
6439 8735 67 311
6439 8736 64 309
6439 8737 65 312
6654 8829 351 313
6654 8830 349 311
6654 8831 347 310
6654 8832 345 310
6654 8833 342 303
6654 8834 342 306
6654 8835 340 305
6654 8836 340 303
6654 8837 341 304
6654 8838 338 300
6654 8839 337 298
6654 8840 336 297
6654 8841 335 297
6654 8842 332 295
6654 8843 333 295
6654 8844 330 292
6654 8845 324 288
6654 8846 328 290
6654 8847 327 289
6654 8848 326 289
6654 8849 325 287
6654 8850 323 286
6654 8851 321 285
6654 8852 319 284
6654 8853 317 283
6654 8854 315 282
6654 8855 314 281
6654 8856 311 280
6654 8857 309 278
6654 8858 303 277
6654 8859 305 277
6654 8860 302 276
6654 8861 300 275
6654 8862 297 275
6654 8863 295 273
6654 8864 300 275
6654 8865 295 274
6654 8866 287 271
6721 8871 450 429
6721 8872 451 428
6721 8873 448 428
6721 8874 445 434
6721 8875 441 436
6721 8876 436 437
6721 8877 434 439
6721 8878 430 434
6721 8879 427 435
6721 8880 423 444
6721 8881 420 444
6721 8882 415 446
6721 8883 409 449
6721 8884 407 448
6721 8885 404 451
6721 8886 399 454
6721 8887 395 455
6721 8888 392 454
6721 8889 388 458
6721 8890 382 460
6721 8891 381 460
6721 8892 376 461
6721 8893 371 462
6721 8894 365 463
6721 8895 360 465
6721 8896 358 465
6721 8897 354 465
6721 8898 350 467
6721 8899 346 467
6721 8900 340 468
6721 8901 336 469
6721 8902 332 470
6721 8903 328 471
6721 8904 325 471
6721 8905 319 472
6721 8906 314 473
6721 8907 309 473
6721 8908 303 475
6721 8909 302 476
6745 8890 392 267
6745 8891 379 259
6745 8892 368 256
6745 8893 357 255
6745 8894 336 252
6745 8895 320 251
6745 8896 314 250
6745 8897 305 250
6745 8898 312 249
6772 8925 390 267
6772 8926 381 263
6772 8927 402 264
6772 8928 421 266
6772 8929 432 268
6772 8930 446 268
6772 8931 459 269
6772 8932 466 269
6772 8933 474 271
6772 8934 488 277
6772 8935 490 260
6772 8936 481 258
6772 8937 472 257
6842 9015 325 263
6842 9016 333 257
6842 9017 345 258
6842 9018 363 259
6842 9019 377 261
6842 9020 387 262
6842 9021 400 262
6842 9022 415 264
6842 9023 437 266
6842 9024 461 267
6842 9025 479 270
6842 9026 487 269
7099 9428 392 475
7099 9429 395 475
7099 9430 394 475
7099 9431 398 475
7099 9432 402 474
7099 9433 405 474
7099 9434 408 473
7099 9435 412 473
7099 9436 416 472
7099 9437 419 472
7099 9438 423 471
7099 9439 426 471
7099 9440 430 471
7099 9441 433 470
7099 9442 437 470
7099 9443 440 469
7099 9444 444 469
7099 9445 447 468
7099 9446 450 468
7099 9447 452 468
7099 9448 457 468
7099 9449 461 467
7099 9450 466 467
7099 9451 469 467
7099 9452 471 466
7099 9453 475 465
7099 9454 477 465
7099 9455 480 465
7099 9456 482 465
7099 9457 489 464
7099 9458 493 464
7099 9459 496 464
7099 9460 499 463
7099 9461 503 463
7099 9462 505 462
7099 9463 508 461
7099 9464 508 462
7099 9465 515 459
7099 9466 519 459
7099 9467 522 457
7099 9468 523 459
7099 9469 527 457
7099 9470 526 457
7159 9487 259 264
7159 9488 261 265
7159 9489 261 265
7159 9490 262 265
7159 9491 267 265
7159 9492 269 266
7159 9493 270 266
7159 9494 272 266
7159 9495 275 265
7159 9496 275 267
7159 9497 277 267
7159 9498 280 264
7159 9499 283 266
7159 9500 283 267
7159 9501 285 266
7159 9502 289 266
7159 9503 291 266
7159 9504 293 267
7159 9505 294 268
7159 9506 296 267
7159 9507 297 268
7159 9508 300 269
7159 9509 303 267
7159 9510 304 268
7159 9511 304 268
7159 9512 307 269
7159 9513 310 267
7159 9514 313 268
7159 9515 312 269
7159 9516 315 269
7159 9517 318 267
7159 9518 319 269
7159 9519 321 269
7159 9520 323 269
7159 9521 325 270
7159 9522 326 268
7159 9523 328 269
7159 9524 332 270
7159 9525 334 271
7159 9526 334 270
7159 9527 339 273
7159 9528 339 272
7159 9529 341 272
7159 9530 341 271
7159 9531 346 272
7159 9532 348 271
7159 9533 348 271
7159 9534 350 272
7159 9535 353 272
7159 9536 355 270
7159 9537 356 272
7159 9538 358 271
7159 9539 361 271
7159 9540 363 272
7159 9541 364 272
7159 9542 366 271
7159 9543 369 272
7159 9544 370 274
7159 9545 370 272
7159 9546 372 274
7159 9547 378 274
7159 9548 378 273
7159 9549 378 275
7159 9550 381 273
7159 9551 385 274
7159 9552 384 275
7159 9553 386 274
7159 9554 388 272
7159 9555 393 275
7159 9556 394 275
7159 9557 396 275
7159 9558 399 274
7159 9559 399 272
7223 9612 444 263
7223 9613 441 262
7223 9614 431 262
7223 9615 420 260
7223 9616 406 258
7223 9617 393 257
7223 9618 387 257
7223 9619 377 257
7223 9620 367 256
7223 9621 355 255
7223 9622 344 254
7223 9623 335 253
7223 9624 323 252
7223 9625 312 251
7223 9626 308 251
7223 9627 299 250
7223 9628 288 249
7223 9629 279 249
7223 9630 269 248
7223 9631 260 247
7223 9632 255 246
7223 9633 250 246
7275 9737 543 467
7275 9738 540 466
7275 9739 537 465
7275 9740 533 464
7275 9741 531 464
7275 9742 527 463
7275 9743 524 460
7275 9744 521 459
7275 9745 517 457
7275 9746 514 458
7275 9747 511 453
7275 9748 509 452
7275 9749 506 452
7275 9750 502 448
7275 9751 499 451
7275 9752 497 446
7275 9753 493 445
7275 9754 490 443
7275 9755 488 440
7275 9756 486 440
7275 9757 483 438
7275 9758 481 439
7275 9759 481 444
7311 9776 102 298
7311 9777 100 294
7311 9778 103 292
7311 9779 105 292
7311 9780 111 290
7311 9781 113 292
7311 9782 115 291
7311 9783 119 289
7311 9784 121 288
7311 9785 124 287
7311 9786 128 288
7311 9787 131 288
7311 9788 132 281
7311 9789 130 275
7311 9790 132 280
7311 9791 139 282
7311 9792 142 283
7311 9793 142 281
7311 9794 144 280
7311 9795 146 279
7311 9796 148 279
7311 9797 150 277
7311 9798 151 279
7311 9799 153 276
7311 9800 156 275
7311 9801 157 275
7311 9802 155 275
7311 9803 161 271
7311 9804 163 272
7311 9805 165 270
7311 9806 167 271
7311 9807 169 269
7311 9808 171 269
7311 9809 173 269
7311 9810 174 268
7311 9811 179 267
7311 9812 178 267
7311 9813 180 266
7311 9814 182 266
7311 9815 184 264
7311 9816 185 264
7323 9788 384 472
7323 9789 387 472
7323 9790 389 471
7323 9791 388 469
7323 9792 395 470
7323 9793 398 470
7323 9794 396 469
7323 9795 402 469
7323 9796 403 469
7323 9797 412 469
7323 9798 405 468
7323 9799 416 468
7323 9800 418 466
7323 9801 422 466
7323 9802 425 467
7323 9803 425 465
7323 9804 427 465
7323 9805 430 465
7323 9806 430 464
7323 9807 432 465
7323 9808 436 465
7323 9809 438 464
7323 9810 438 463
7323 9811 439 463
7323 9812 440 463
7323 9813 446 463
7323 9814 449 462
7323 9815 449 462
7323 9816 450 459
7323 9817 454 461
7323 9818 457 460
7323 9819 459 459
7323 9820 460 456
7323 9821 456 459
7323 9822 465 457
7323 9823 468 459
7323 9824 469 459
7323 9825 470 456
7323 9826 467 455
7323 9827 470 452
7323 9828 471 453
7323 9829 476 455
7323 9830 478 450
7323 9831 480 449
7323 9832 486 450
7323 9833 481 448
7323 9834 488 449
7323 9835 491 446
7323 9836 493 448
7323 9837 489 445
7323 9838 494 447
7323 9839 498 444
7323 9840 500 441
7323 9841 500 444
7323 9842 501 441
7323 9843 504 441
7323 9844 507 442
7323 9845 510 440
7323 9846 508 441
7323 9847 509 438
7323 9848 512 437
7323 9849 514 438
7323 9850 517 439
7323 9851 520 433
7323 9852 523 434
7323 9853 524 434
7323 9854 522 434
7323 9855 524 433
7323 9856 527 431
7323 9857 528 429
7323 9858 533 428
7323 9859 536 429
7323 9860 538 427
7323 9861 541 426
7323 9862 539 425
7323 9863 543 428
7323 9864 542 424
7323 9865 548 423
7323 9866 546 423
7323 9867 550 422
7323 9868 550 421
7323 9869 555 420
7323 9870 554 421
7323 9871 559 418
7323 9872 560 418
7323 9873 561 419
7323 9874 564 416
7323 9875 560 416
7323 9876 566 415
7323 9877 568 412
7323 9878 567 413
7323 9879 570 414
7323 9880 568 411
7323 9881 575 410
7323 9882 575 411
7323 9883 573 409
7323 9884 576 408
7323 9885 583 407
7323 9886 582 408
7324 9789 400 403
7324 9790 399 398
7324 9791 396 397
7324 9792 393 394
7324 9793 389 393
7324 9794 388 391
7324 9795 386 391
7324 9796 384 389
7324 9797 382 387
7324 9798 380 389
7324 9799 378 383
7324 9800 375 383
7324 9801 373 382
7324 9802 372 382
7324 9803 369 378
7324 9804 367 379
7324 9805 366 379
7324 9806 364 375
7324 9807 362 374
7324 9808 360 375
7324 9809 358 372
7324 9810 356 372
7324 9811 355 370
7324 9812 352 366
7324 9813 351 369
7324 9814 350 369
7324 9815 348 365
7324 9816 347 366
7324 9817 345 363
7324 9818 343 363
7324 9819 341 360
7324 9820 341 361
7360 9828 328 348
7360 9829 328 351
7360 9830 327 351
7360 9831 325 350
7360 9832 324 349
7360 9833 323 347
7360 9834 321 346
7360 9835 320 345
7360 9836 318 343
7360 9837 317 344
7360 9838 316 342
7360 9839 314 342
7360 9840 313 341
7360 9841 312 340
7360 9842 310 338
7360 9843 308 337
7360 9844 307 334
7360 9845 307 336
7360 9846 305 336
7360 9847 305 334
7360 9848 302 333
7360 9849 301 330
7360 9850 300 332
7360 9851 297 330
7360 9852 297 330
7360 9853 296 329
7360 9854 294 330
7360 9855 293 326
7360 9856 292 326
7360 9857 290 325
7360 9858 289 326
7360 9859 288 323
7360 9860 286 322
7360 9861 286 322
7360 9862 285 321
7360 9863 283 321
7360 9864 282 320
7360 9865 280 321
7360 9866 279 319
7360 9867 279 316
7360 9868 277 313
7360 9869 276 314
7360 9870 275 312
7360 9871 275 316
7360 9872 274 315
7360 9873 274 312
7360 9874 272 313
7360 9875 271 311
7360 9876 272 312
7360 9877 270 311
7360 9878 268 308
7360 9879 268 311
7360 9880 267 308
7360 9881 266 309
7360 9882 265 307
7360 9883 264 304
7360 9884 263 302
7360 9885 263 305
7360 9886 262 308
7360 9887 260 307
7375 9845 264 252
7375 9846 264 253
7375 9847 268 253
7375 9848 272 254
7375 9849 275 254
7375 9850 278 253
7375 9851 281 254
7375 9852 284 255
7375 9853 287 254
7375 9854 290 255
7375 9855 296 254
7375 9856 296 255
7375 9857 298 255
7375 9858 302 255
7375 9859 306 256
7375 9860 309 256
7375 9861 312 256
7375 9862 314 256
7375 9863 320 257
7375 9864 320 258
7375 9865 324 258
7375 9866 328 258
7375 9867 331 259
7375 9868 334 259
7375 9869 340 258
7375 9870 339 258
7375 9871 343 260
7375 9872 346 260
7375 9873 349 262
7375 9874 349 258
7375 9875 357 262
7375 9876 359 262
7375 9877 363 262
7375 9878 368 262
7375 9879 370 262
7375 9880 373 263
7375 9881 376 263
7375 9882 379 263
7375 9883 383 263
7375 9884 387 263
7375 9885 391 264
7375 9886 395 265
7375 9887 396 265
7375 9888 398 265
7629 10152 201 260
7629 10153 199 261
7629 10154 197 261
7629 10155 193 263
7629 10156 189 264
7629 10157 185 266
7629 10158 183 266
7629 10159 177 268
7629 10160 172 269
7629 10161 168 271
7629 10162 165 268
7629 10163 162 273
7629 10164 158 276
7629 10165 160 275
7629 10166 156 272
7629 10167 157 271
7629 10168 152 271
7629 10169 156 273
7629 10170 153 272
7629 10171 148 277
7629 10172 145 280
7629 10173 141 281
7629 10174 142 283
7629 10175 133 284
7712 10219 487 265
7712 10220 487 261
7712 10221 482 260
7712 10222 472 260
7712 10223 466 260
7712 10224 453 258
7712 10225 437 258
7712 10226 425 255
7712 10227 413 255
7712 10228 399 255
7712 10229 384 254
7712 10230 373 252
7712 10231 360 255
7712 10232 347 250
7712 10233 334 249
7712 10234 322 247
7712 10235 312 247
7712 10236 301 246
8013 10588 238 261
8013 10589 236 262
8013 10590 234 263
8013 10591 230 260
8013 10592 228 263
8013 10593 227 263
8013 10594 224 262
8013 10595 221 262
8013 10596 220 263
8013 10597 219 263
8013 10598 216 263
8013 10599 214 263
8013 10600 212 264
8013 10601 211 264
8013 10602 209 263
8013 10603 207 267
8013 10604 205 267
8013 10605 202 266
8013 10606 202 265
8013 10607 200 264
8013 10608 197 263
8013 10609 195 265
8013 10610 195 265
8013 10611 192 265
8013 10612 190 265
8013 10613 188 265
8013 10614 187 266
8013 10615 184 265
8013 10616 184 266
8013 10617 182 265
8013 10618 181 267
8013 10619 178 266
8013 10620 176 266
8013 10621 176 267
8013 10622 173 268
8013 10623 171 268
8013 10624 169 267
8013 10625 168 269
8013 10626 166 269
8013 10627 165 269
8013 10628 163 268
8013 10629 162 269
8013 10630 159 270
8013 10631 157 270
8013 10632 156 270
8013 10633 154 271
8013 10634 152 270
8013 10635 149 270
8013 10636 148 271
8013 10637 145 271
8013 10638 142 270
8013 10639 142 271
8013 10640 140 271
8013 10641 138 272
8013 10642 135 271
8013 10643 135 271
8013 10644 133 273
8013 10645 131 272
8013 10646 129 271
8013 10647 127 272
8013 10648 126 274
8013 10649 123 273
8013 10650 123 273
8013 10651 121 274
8013 10652 119 274
8013 10653 116 274
8013 10654 114 274
8013 10655 114 275
8013 10656 111 275
8013 10657 109 274
8013 10658 108 273
8013 10659 108 276
8013 10660 106 276
8013 10661 102 275
8013 10662 101 277
8013 10663 99 281
8221 10855 484 265
8221 10856 477 264
8221 10857 470 265
8221 10858 459 264
8221 10859 448 262
8221 10860 436 261
8221 10861 423 261
8221 10862 413 259
8221 10863 403 258
8221 10864 389 257
8221 10865 377 256
8221 10866 367 255
8221 10867 356 254
8221 10868 344 252
8221 10869 334 251
8221 10870 327 251
8348 10987 470 263
8348 10988 471 264
8348 10989 460 264
8348 10990 448 262
8348 10991 433 261
8348 10992 417 260
8348 10993 407 258
8348 10994 396 257
8348 10995 386 257
8348 10996 374 256
8348 10997 365 255
8348 10998 357 254
8348 10999 349 253
8348 11000 321 254
8348 11001 317 253
8348 11002 314 254
8348 11003 316 254
8348 11004 326 255
8348 11005 316 255
8348 11006 329 262
8461 11124 140 263
8461 11125 141 263
8461 11126 139 263
8461 11127 141 261
8461 11128 138 261
8461 11129 138 264
8461 11130 138 265
8461 11131 136 266
8461 11132 135 268
8461 11133 133 266
8461 11134 133 266
8461 11135 131 268
8461 11136 130 268
8461 11137 129 268
8461 11138 129 269
8461 11139 126 268
8461 11140 126 269
8461 11141 124 270
8461 11142 121 271
8461 11143 121 271
8461 11144 121 271
8461 11145 118 271
8461 11146 117 273
8461 11147 117 273
8461 11148 115 271
8461 11149 113 273
8461 11150 111 273
8461 11151 110 272
8461 11152 108 270
8461 11153 107 275
8461 11154 107 274
8461 11155 104 276
8461 11156 102 277
8461 11157 101 277
8461 11158 100 276
8461 11159 99 277
8461 11160 98 277
8461 11161 97 277
8461 11162 93 277
8461 11163 91 276
8461 11164 89 278
8461 11165 89 277
8461 11166 88 276
8461 11167 87 280
8461 11168 85 280
8461 11169 81 277
8461 11170 79 281
8461 11171 79 280
8461 11172 76 281
8461 11173 75 281
8461 11174 73 282
8461 11175 71 282
8461 11176 69 279
8461 11177 67 280
8461 11178 67 278
8461 11179 65 278
8461 11180 63 281
8461 11181 61 282
8461 11182 61 284
8461 11183 57 281
8461 11184 56 283
8461 11185 55 285
8461 11186 53 286
8461 11187 51 283
8461 11188 49 284
8461 11189 47 284
8461 11190 44 286
8461 11191 43 285
8461 11192 42 286
8461 11193 40 285
8461 11194 38 285
8461 11195 35 287
8461 11196 33 287
8461 11197 32 287
8461 11198 29 287
8461 11199 27 288
8461 11200 27 285
8461 11201 25 286
8461 11202 23 286
8461 11203 21 286
8461 11204 19 284
8461 11205 18 287
8461 11206 16 285
8461 11207 14 292
8461 11208 12 291
8498 11162 561 364
8498 11163 558 371
8498 11164 555 370
8498 11165 552 370
8498 11166 548 369
8498 11167 548 369
8498 11168 545 368
8498 11169 542 363
8498 11170 538 363
8498 11171 536 360
8498 11172 533 365
8498 11173 530 365
8498 11174 527 365
8498 11175 526 364
8498 11176 520 362
8498 11177 517 356
8498 11178 515 357
8498 11179 512 359
8498 11180 509 359
8498 11181 506 357
8498 11182 504 357
8498 11183 503 358
8498 11184 499 356
8498 11185 496 356
8498 11186 495 354
8498 11187 491 354
8498 11188 487 354
8498 11189 485 354
8498 11190 484 352
8498 11191 480 351
8498 11192 476 350
8498 11193 475 350
8498 11194 473 350
8498 11195 469 348
8498 11196 466 349
8498 11197 465 348
8498 11198 462 343
8498 11199 458 341
8498 11200 456 344
8498 11201 455 343
8498 11202 452 341
8498 11203 448 338
8498 11204 448 335
8498 11205 445 337
8498 11206 442 337
8498 11207 438 336
8498 11208 436 336
8498 11209 435 335
8498 11210 432 335
8498 11211 429 338
8498 11212 427 336
8498 11213 426 334
8498 11214 421 335
8498 11215 420 330
8498 11216 419 335
8498 11217 416 339
8503 11166 320 475
8503 11167 318 475
8503 11168 314 474
8503 11169 310 474
8503 11170 307 474
8503 11171 300 473
8503 11172 297 473
8503 11173 293 473
8503 11174 290 473
8503 11175 285 472
8503 11176 281 471
8503 11177 274 471
8503 11178 270 471
8503 11179 269 471
8503 11180 263 471
8503 11181 256 470
8503 11182 253 470
8503 11183 252 469
8503 11184 246 469
8503 11185 240 469
8503 11186 236 468
8503 11187 235 467
8503 11188 229 467
8503 11189 226 467
8503 11190 223 467
8503 11191 218 466
8503 11192 214 466
8503 11193 208 465
8503 11194 206 465
8503 11195 202 465
8503 11196 198 464
8503 11197 195 464
8503 11198 192 463
8503 11199 183 463
8503 11200 181 463
8503 11201 180 463
8503 11202 171 462
8503 11203 170 462
8503 11204 166 461
8503 11205 163 461
8503 11206 160 461
8503 11207 155 460
8503 11208 152 460
8503 11209 147 460
8503 11210 143 459
8503 11211 140 459
8503 11212 139 459
8503 11213 134 453
8548 11187 476 266
8548 11188 478 265
8548 11189 485 263
8548 11190 478 258
8548 11191 465 259
8548 11192 456 257
8548 11193 449 257
8548 11194 450 257
8548 11195 441 256
8548 11196 433 257
8548 11197 435 255
8548 11198 426 255
8548 11199 417 255
8548 11200 413 253
8548 11201 401 253
8548 11202 388 253
8548 11203 379 251
8548 11204 375 250
8548 11205 370 250
8548 11206 366 249
8614 11218 411 332
8614 11219 412 331
8614 11220 409 331
8614 11221 405 330
8614 11222 403 330
8614 11223 403 329
8614 11224 400 328
8614 11225 397 327
8614 11226 394 327
8614 11227 394 326
8614 11228 390 325
8614 11229 387 321
8614 11230 386 323
8614 11231 385 322
8614 11232 383 323
8614 11233 379 322
8614 11234 377 322
8614 11235 375 320
8614 11236 373 317
8614 11237 370 320
8614 11238 369 317
8614 11239 367 319
8614 11240 363 318
8614 11241 362 316
8614 11242 360 313
8614 11243 357 317
8614 11244 355 315
8614 11245 354 315
8614 11246 351 310
8614 11247 347 314
8614 11248 347 313
8614 11249 345 313
8614 11250 343 312
8614 11251 339 312
8614 11252 338 307
8614 11253 337 311
8614 11254 334 310
8614 11255 332 309
8624 11226 215 246
8624 11227 213 246
8624 11228 207 246
8624 11229 203 246
8624 11230 198 247
8624 11231 195 249
8624 11232 191 248
8624 11233 186 250
8624 11234 184 251
8624 11235 179 253
8624 11236 179 254
8624 11237 173 256
8624 11238 169 256
8624 11239 166 258
8624 11240 164 259
8624 11241 159 261
8624 11242 158 262
8624 11243 153 263
8624 11244 151 265
8624 11245 147 267
8624 11246 143 269
8624 11247 139 271
8624 11248 135 272
8624 11249 133 273
8624 11250 128 276
8624 11251 124 277
8624 11252 120 279
8624 11253 117 280
8624 11254 111 282
8624 11255 106 284
8624 11256 102 288
8624 11257 97 287
8624 11258 93 290
8624 11259 99 289
8624 11260 109 283
8624 11261 102 279
8637 11234 210 247
8637 11235 213 246
8637 11236 204 247
8637 11237 204 248
8637 11238 196 259
8637 11239 194 251
8637 11240 191 251
8637 11241 187 253
8637 11242 182 250
8637 11243 177 255
8637 11244 175 256
8637 11245 170 257
8637 11246 167 257
8637 11247 163 259
8637 11248 158 257
8637 11249 154 257
8637 11250 152 262
8637 11251 147 266
8637 11252 143 259
8637 11253 141 269
8637 11254 137 271
8637 11255 133 273
8637 11256 126 270
8637 11257 122 272
8637 11258 120 280
8669 11263 90 285
8669 11264 90 293
8669 11265 83 290
8669 11266 78 296
8669 11267 71 293
8669 11268 69 304
8669 11269 62 307
8669 11270 52 323
8669 11271 50 313
8669 11272 41 329
8942 11471 633 271
8942 11472 626 269
8942 11473 619 268
8942 11474 614 267
8942 11475 607 266
8942 11476 601 263
8942 11477 598 264
8942 11478 596 265
8942 11479 590 265
8942 11480 584 264
8942 11481 576 262
8942 11482 570 254
8942 11483 562 249
9023 11514 142 384
9023 11515 143 385
9023 11516 139 393
9023 11517 138 388
9023 11518 134 390
9023 11519 132 396
9023 11520 133 395
9023 11521 130 397
9023 11522 122 396
9023 11523 119 397
9023 11524 117 403
9023 11525 118 405
9023 11526 110 405
9023 11527 112 409
9023 11528 104 410
9023 11529 101 408
9023 11530 97 410
9023 11531 99 418
9023 11532 95 419
9023 11533 88 418
9023 11534 91 426
9023 11535 87 425
9023 11536 83 427
9023 11537 75 424
9023 11538 77 433
9023 11539 74 435
9023 11540 67 436
9023 11541 62 435
9023 11542 64 439
9023 11543 60 441
9023 11544 51 441
9023 11545 47 442
9023 11546 44 447
9023 11547 40 447
9023 11548 36 448
9023 11549 39 455
9023 11550 41 463
9023 11551 42 469
9158 11719 195 246
9158 11720 206 247
9158 11721 212 247
9158 11722 224 248
9158 11723 233 248
9158 11724 244 250
9158 11725 257 250
9158 11726 270 252
9158 11727 280 252
9158 11728 293 254
9158 11729 309 256
9158 11730 323 257
9158 11731 339 258
9158 11732 352 258
9158 11733 365 259
9158 11734 381 261
9158 11735 399 262
9158 11736 414 264
9158 11737 429 265
9158 11738 447 266
9158 11739 465 268
9158 11740 474 269
9158 11741 480 269
9319 11979 196 369
9319 11980 197 368
9319 11981 204 366
9319 11982 210 362
9319 11983 216 360
9319 11984 222 356
9319 11985 229 353
9319 11986 235 350
9319 11987 239 347
9319 11988 245 344
9319 11989 249 341
9319 11990 254 340
9319 11991 260 337
9319 11992 266 334
9319 11993 270 332
9319 11994 274 330
9319 11995 279 327
9319 11996 284 326
9319 11997 287 323
9319 11998 291 322
9319 11999 294 319
9319 12000 298 317
9319 12001 300 315
9319 12002 303 313
9319 12003 305 314
9319 12004 307 309
9319 12005 310 307
9319 12006 312 306
9319 12007 314 309
9349 12013 189 437
9349 12014 190 435
9349 12015 195 440
9349 12016 196 439
9349 12017 200 436
9349 12018 202 437
9349 12019 206 432
9349 12020 212 430
9349 12021 213 428
9349 12022 214 421
9349 12023 218 427
9349 12024 222 424
9349 12025 225 422
9349 12026 226 422
9349 12027 230 419
9349 12028 234 416
9349 12029 237 409
9349 12030 240 415
9349 12031 242 411
9349 12032 245 409
9349 12033 248 410
9349 12034 250 408
9349 12035 254 403
9349 12036 257 403
9375 12046 280 388
9375 12047 282 385
9375 12048 285 383
9375 12049 287 381
9375 12050 289 380
9375 12051 290 377
9375 12052 293 377
9375 12053 296 377
9375 12054 298 375
9375 12055 301 375
9375 12056 303 372
9375 12057 304 373
9375 12058 307 367
9375 12059 309 364
9375 12060 310 372
9375 12061 312 367
9375 12062 313 363
9375 12063 314 358
9375 12064 315 361
9375 12065 317 355
9375 12066 318 356
9375 12067 320 357
9375 12068 321 352
9375 12069 322 353
9375 12070 323 349
9375 12071 325 346
9375 12072 327 347
9375 12073 328 349
9375 12074 331 347
9375 12075 333 345
9375 12076 335 344
9375 12077 338 342
9375 12078 338 343
9375 12079 341 340
9375 12080 343 335
9375 12081 346 338
9375 12082 347 334
9425 12080 488 267
9425 12081 482 264
9425 12082 476 263
9425 12083 468 263
9425 12084 454 262
9425 12085 439 261
9425 12086 426 260
9425 12087 413 259
9425 12088 397 258
9425 12089 383 257
9425 12090 367 256
9425 12091 355 255
9425 12092 342 251
9425 12093 327 252
9425 12094 313 251
9425 12095 301 251
9425 12096 291 250
9425 12097 272 249
9425 12098 258 248
9425 12099 253 247
9425 12100 245 247
9425 12101 240 246
9474 12111 495 418
9474 12112 494 423
9474 12113 497 421
9474 12114 499 420
9474 12115 503 418
9474 12116 505 414
9474 12117 508 416
9474 12118 510 413
9474 12119 512 408
9474 12120 514 411
9474 12121 516 409
9474 12122 519 406
9474 12123 522 403
9474 12124 524 404
9474 12125 526 403
9474 12126 531 407
9474 12127 531 402
9474 12128 531 401
9474 12129 534 400
9474 12130 537 396
9474 12131 539 393
9474 12132 541 395
9474 12133 543 392
9474 12134 545 393
9474 12135 546 392
9474 12136 549 389
9474 12137 553 388
9474 12138 551 391
9474 12139 553 396
9643 12380 386 430
9643 12381 386 426
9643 12382 388 427
9643 12383 390 429
9643 12384 391 432
9643 12385 394 430
9643 12386 398 433
9643 12387 402 434
9643 12388 404 435
9643 12389 406 436
9643 12390 408 437
9643 12391 410 439
9643 12392 414 440
9643 12393 418 441
9643 12394 421 442
9643 12395 422 443
9643 12396 424 444
9643 12397 428 445
9643 12398 430 447
9643 12399 432 447
9643 12400 436 448
9643 12401 439 451
9643 12402 441 450
9643 12403 443 451
9643 12404 447 454
9643 12405 449 454
9643 12406 453 455
9643 12407 457 456
9643 12408 460 458
9643 12409 462 459
9643 12410 465 460
9643 12411 468 461
9643 12412 470 462
9643 12413 474 462
9643 12414 478 463
9643 12415 482 464
9643 12416 481 465
9862 12648 444 262
9862 12649 435 261
9862 12650 417 259
9862 12651 399 258
9862 12652 385 257
9862 12653 366 256
9862 12654 351 255
9862 12655 338 254
9862 12656 323 251
9862 12657 307 250
9862 12658 294 249
9862 12659 282 248
9862 12660 268 248
9862 12661 258 247
9866 12650 175 259
9866 12651 173 259
9866 12652 171 262
9866 12653 174 261
9866 12654 177 260
9866 12655 177 261
9866 12656 178 261
9866 12657 180 261
9866 12658 179 262
9866 12659 185 253
9866 12660 182 261
9866 12661 185 260
9866 12662 186 260
9866 12663 188 261
9866 12664 189 260
9866 12665 191 260
9866 12666 192 261
9866 12667 192 263
9866 12668 195 261
9866 12669 195 260
9866 12670 196 261
9866 12671 198 262
9866 12672 197 263
9866 12673 200 263
9866 12674 201 266
9866 12675 204 263
9866 12676 204 266
9866 12677 207 265
9866 12678 206 264
9866 12679 211 263
9866 12680 211 261
9866 12681 212 263
9866 12682 213 262
9866 12683 213 263
9866 12684 215 262
9866 12685 216 263
9866 12686 218 262
9866 12687 221 262
9866 12688 221 263
9866 12689 221 263
9866 12690 223 263
9866 12691 224 263
9866 12692 226 262
9866 12693 228 261
9866 12694 229 265
9866 12695 231 263
9866 12696 232 262
9866 12697 233 263
9866 12698 234 263
9866 12699 235 263
9866 12700 237 262
9866 12701 238 264
9866 12702 240 266
9866 12703 241 265
9866 12704 242 265
9866 12705 244 265
9866 12706 245 265
9866 12707 246 265
9866 12708 247 265
9866 12709 247 264
9866 12710 250 265
9866 12711 251 265
9866 12712 253 268
9866 12713 255 265
9866 12714 256 265
9866 12715 257 265
9866 12716 258 266
9866 12717 260 266
9866 12718 261 266
9866 12719 263 266
9866 12720 263 266
9866 12721 264 266
9866 12722 267 267
9866 12723 268 267
9866 12724 269 267
9866 12725 272 268
9866 12726 273 267
9866 12727 273 267
9866 12728 276 266
9866 12729 277 267
9866 12730 278 268
9866 12731 280 268
9866 12732 281 268
9866 12733 282 269
9866 12734 284 268
9866 12735 286 268
9866 12736 286 269
9866 12737 288 268
9866 12738 288 269
9866 12739 292 269
9866 12740 294 269
9866 12741 296 270
9866 12742 298 270
9866 12743 299 270
9866 12744 302 270
9866 12745 303 269
9866 12746 304 270
9866 12747 305 270
9866 12748 307 270
9866 12749 308 270
9866 12750 310 270
9866 12751 311 270
9866 12752 312 275
9866 12753 313 272
9866 12754 316 270
9866 12755 316 271
9866 12756 318 271
9866 12757 319 270
9866 12758 321 270
9866 12759 322 271
9866 12760 323 271
9866 12761 326 271
9866 12762 326 271
9866 12763 329 272
9866 12764 330 272
9866 12765 332 272
9866 12766 335 273
9866 12767 336 273
9866 12768 336 273
9866 12769 337 273
9866 12770 340 273
9866 12771 342 273
9866 12772 343 273
9960 12780 379 267
9960 12781 370 268
9960 12782 373 264
9960 12783 373 271
9960 12784 364 273
9960 12785 368 270
9960 12786 364 275
9960 12787 370 271
9960 12788 373 269
9960 12789 369 273
9960 12790 375 269
9960 12791 378 269
9960 12792 378 265
9960 12793 381 270
9960 12794 381 269
9960 12795 383 268
9960 12796 385 268
9960 12797 388 261
9960 12798 388 269
9960 12799 389 269
9960 12800 390 268
9960 12801 396 266
9960 12802 394 269
9960 12803 395 270
9960 12804 394 277
9960 12805 394 275
9960 12806 394 273
9960 12807 396 277
9960 12808 399 277
9960 12809 401 279
9960 12810 403 276
9960 12811 404 278
9960 12812 406 278
9960 12813 409 279
9960 12814 410 278
9960 12815 410 278
9960 12816 413 278
9960 12817 415 278
9960 12818 418 279
9960 12819 418 279
9960 12820 419 278
9960 12821 420 278
9960 12822 423 279
9960 12823 424 279
9960 12824 425 279
9960 12825 427 279
9960 12826 429 278
9960 12827 430 278
9960 12828 431 278
9960 12829 434 279
9960 12830 434 278
9960 12831 437 278
9960 12832 438 278
9960 12833 439 278
9960 12834 442 278
9960 12835 443 278
9960 12836 444 279
9960 12837 445 279
9960 12838 447 278
9960 12839 449 278
9960 12840 450 280
9960 12841 453 279
9960 12842 453 278
9960 12843 456 278
9960 12844 458 279
9960 12845 459 278
9960 12846 460 278
9960 12847 462 278
9960 12848 463 278
9960 12849 466 279
9960 12850 466 278
9960 12851 468 277
9960 12852 470 277
9960 12853 472 278
9960 12854 473 279
9960 12855 476 277
9960 12856 477 276
9960 12857 478 278
9960 12858 481 276
9998 12807 388 273
9998 12808 387 275
9998 12809 385 273
9998 12810 383 275
9998 12811 381 274
9998 12812 378 273
9998 12813 375 273
9998 12814 374 273
9998 12815 373 273
9998 12816 369 272
9998 12817 366 272
9998 12818 364 272
9998 12819 363 272
9998 12820 362 271
9998 12821 359 272
9998 12822 359 269
9998 12823 354 271
9998 12824 353 271
9998 12825 351 271
9998 12826 350 271
9998 12827 346 270
9998 12828 344 270
9998 12829 343 270
9998 12830 340 270
9998 12831 338 269
9998 12832 336 270
9998 12833 333 269
9998 12834 332 269
9998 12835 331 270
9998 12836 329 269
9998 12837 327 269
9998 12838 324 268
9998 12839 323 269
9998 12840 320 268
9998 12841 318 268
9998 12842 317 268
9998 12843 315 268
9998 12844 312 267
9998 12845 311 267
9998 12846 308 268
9998 12847 306 267
9998 12848 304 267
9998 12849 303 267
9998 12850 301 266
9998 12851 298 267
9998 12852 298 266
9998 12853 296 268
9998 12854 295 266
9998 12855 292 266
9998 12856 290 266
9998 12857 288 266
9998 12858 286 265
9998 12859 285 265
9998 12860 283 265
9998 12861 281 266
9998 12862 279 264
9998 12863 277 264
9998 12864 276 264
9998 12865 274 265
9998 12866 271 264
9998 12867 271 264
9998 12868 268 264
9998 12869 267 264
9998 12870 265 263
9998 12871 262 263
9998 12872 260 263
9998 12873 258 263
9998 12874 258 263
9998 12875 254 264
9998 12876 252 262
9998 12877 252 264
9998 12878 251 263
9998 12879 249 262
9998 12880 247 262
9998 12881 246 263
9998 12882 245 263
10030 12839 453 256
10030 12840 454 256
10030 12841 457 254
10030 12842 458 256
10030 12843 458 254
10030 12844 459 258
10030 12845 462 256
10030 12846 462 254
10030 12847 463 254
10030 12848 466 256
10030 12849 466 256
10030 12850 467 254
10030 12851 469 254
10030 12852 471 253
10030 12853 472 254
10030 12854 474 253
10030 12855 475 254
10030 12856 474 253
10030 12857 477 253
10030 12858 480 253
10030 12859 481 253
10030 12860 483 251
10030 12861 483 252
10030 12862 485 253
10030 12863 485 253
10030 12864 487 249
10030 12865 482 260
10030 12866 474 257
10030 12867 468 260
10030 12868 453 265
10030 12869 441 263
10030 12870 421 261
10030 12871 401 259
10030 12872 388 264