72 440 132 284
72 441 129 281
72 442 130 281
72 443 126 286
72 444 117 289
72 445 118 289
72 446 114 294
72 447 108 296
72 448 101 300
72 449 98 301
72 450 100 302
72 451 92 307
72 452 86 310
72 453 77 307
269 1883 468 267
269 1884 464 267
269 1885 445 263
269 1886 426 260
269 1887 407 260
269 1888 382 259
269 1889 361 257
269 1890 333 254
269 1891 317 251
269 1892 300 251
269 1893 288 249
269 1894 270 248
269 1895 251 246
320 1982 300 255
320 1983 305 256
320 1984 321 258
320 1985 333 260
320 1986 349 260
320 1987 364 261
320 1988 377 262
320 1989 392 264
320 1990 407 265
320 1991 423 266
320 1992 436 266
320 1993 450 269
320 1994 464 270
320 1995 473 270
320 1996 482 271
326 2029 233 249
326 2030 245 250
326 2031 249 251
326 2032 252 252
326 2033 265 252
326 2034 278 253
326 2035 286 254
326 2036 297 255
326 2037 312 256
326 2038 326 257
326 2039 339 259
326 2040 354 260
326 2041 369 260
326 2042 378 262
326 2043 391 262
326 2044 408 264
326 2045 423 266
326 2046 437 266
326 2047 451 268
326 2048 463 269
326 2049 472 269
326 2050 479 269
326 2051 482 270
347 2166 236 251
347 2167 243 250
347 2168 247 250
347 2169 249 251
347 2170 258 251
347 2171 271 253
347 2172 283 253
347 2173 293 255
347 2174 306 256
347 2175 315 257
347 2176 326 258
347 2177 338 259
347 2178 350 260
347 2179 363 260
347 2180 353 264
351 2180 374 261
351 2181 384 263
351 2182 393 264
351 2183 402 265
351 2184 413 266
351 2185 429 267
351 2186 447 268
351 2187 459 270
351 2188 469 271
351 2189 477 271
351 2190 480 276
520 3427 180 246
520 3428 196 247
520 3429 207 248
520 3430 213 248
520 3431 227 250
520 3432 247 251
520 3433 257 253
520 3434 271 254
520 3435 290 255
520 3436 303 257
520 3437 320 258
520 3438 338 260
520 3439 355 261
520 3440 372 262
520 3441 385 263
520 3442 400 265
520 3443 421 266
520 3444 441 267
520 3445 460 269
520 3446 473 268
520 3447 476 271
520 3448 489 277
531 3491 225 255
531 3492 235 249
531 3493 242 252
531 3494 242 251
531 3495 256 252
531 3496 265 253
531 3497 274 254
531 3498 287 255
531 3499 298 256
531 3500 311 257
531 3501 321 258
531 3502 331 259
531 3503 344 260
531 3504 357 261
531 3505 349 262
652 4555 79 438
652 4556 87 441
652 4557 89 440
652 4558 93 436
652 4559 93 437
652 4560 95 433
652 4561 100 432
652 4562 100 433
652 4563 104 432
652 4564 106 426
652 4565 112 429
652 4566 114 427
652 4567 116 424
652 4568 122 422
652 4569 123 422
652 4570 126 422
652 4571 129 416
652 4572 132 419
652 4573 134 416
652 4574 138 413
652 4575 140 413
652 4576 145 407
652 4577 146 409
652 4578 148 409
652 4579 150 408
652 4580 154 405
652 4581 153 403
652 4582 157 403
652 4583 160 399
652 4584 160 396
652 4585 165 398
652 4586 168 402
652 4587 171 406
655 4587 168 397
655 4588 169 395
655 4589 167 391
655 4590 173 391
655 4591 176 386
655 4592 179 387
655 4593 180 385
655 4594 182 393
655 4595 183 391
655 4596 183 382
655 4597 184 380
655 4598 186 381
655 4599 188 377
655 4600 190 376
655 4601 193 377
655 4602 193 375
655 4603 197 375
655 4604 196 373
655 4605 201 373
655 4606 201 370
655 4607 205 368
655 4608 208 371
655 4609 207 367
655 4610 210 365
655 4611 211 369
655 4612 214 362
655 4613 216 362
655 4614 217 361
655 4615 219 359
655 4616 222 358
655 4617 223 358
655 4618 225 359
655 4619 226 357
655 4620 227 355
655 4621 229 353
655 4622 231 352
655 4623 233 349
655 4624 235 355
655 4625 233 360
998 6820 182 250
998 6821 207 247
998 6822 220 248
998 6823 229 248
998 6824 238 249
998 6825 246 249
998 6826 257 251
998 6827 271 252
998 6828 281 253
998 6829 290 254
998 6830 302 255
998 6831 309 255
998 6832 321 257
998 6833 333 257
998 6834 342 258
998 6835 355 260
998 6836 367 260
998 6837 378 261
998 6838 391 262
998 6839 402 263
998 6840 407 264
998 6841 419 265
998 6842 435 266
998 6843 447 267
998 6844 461 269
998 6845 469 269
998 6846 475 269
998 6847 482 269
998 6848 483 270
1011 6858 231 254
1011 6859 238 253
1011 6860 239 251
1011 6861 251 252
1011 6862 263 254
1011 6863 279 254
1011 6864 295 256
1011 6865 312 258
1011 6866 329 259
1011 6867 346 260
1011 6868 360 261
1011 6869 374 261
1011 6870 392 264
1011 6871 410 265
1011 6872 408 259
1046 6921 276 253
1046 6922 284 255
1046 6923 296 255
1046 6924 315 258
1046 6925 331 258
1046 6926 346 261
1046 6927 360 260
1046 6928 374 262
1046 6929 390 263
1046 6930 407 265
1046 6931 418 265
1046 6932 435 267
1046 6933 453 268
1046 6934 463 269
1046 6935 476 270
1046 6936 485 271
1081 7517 295 255
1081 7518 306 256
1081 7519 318 258
1081 7520 331 258
1081 7521 342 259
1081 7522 359 261
1081 7523 368 260
1081 7524 382 263
1081 7525 402 265
1081 7526 414 266
1081 7527 426 266
1081 7528 435 266
1081 7529 445 267
1081 7530 458 269
1081 7531 467 269
1081 7532 475 270
1085 7538 232 250
1085 7539 237 250
1085 7540 240 251
1085 7541 250 252
1085 7542 261 253
1085 7543 269 254
1085 7544 279 255
1085 7545 288 256
1085 7546 301 256
1085 7547 313 257
1085 7548 324 258
1085 7549 335 260
1085 7550 345 260
1085 7551 357 261
1085 7552 369 261
1085 7553 380 264
1085 7554 391 264
1085 7555 383 264
1095 7588 281 256
1095 7589 288 257
1095 7590 297 258
1095 7591 317 261
1095 7592 336 261
1095 7593 350 262
1095 7594 360 263
1095 7595 368 264
1095 7596 384 266
1095 7597 401 266
1095 7598 415 267
1095 7599 430 269
1132 7641 116 290
1132 7642 118 286
1132 7643 113 289
1132 7644 106 291
1132 7645 98 294
1132 7646 97 296
1132 7647 93 299
1132 7648 88 299
1132 7649 82 302
1132 7650 74 306
1132 7651 70 309
1132 7652 62 311
1132 7653 54 315
1132 7654 50 318
1132 7655 47 321
1132 7656 57 320
1162 7897 237 252
1162 7898 234 249
1162 7899 249 250
1162 7900 257 252
1162 7901 270 253
1162 7902 287 254
1162 7903 299 255
1162 7904 310 256
1162 7905 320 257
1162 7906 335 259
1162 7907 354 259
1162 7908 367 261
1162 7909 379 261
1162 7910 396 263
1162 7911 411 265
1162 7912 427 265
1162 7913 439 266
1162 7914 452 268
1162 7915 468 269
1162 7916 476 269
1162 7917 485 271
1230 8657 149 269
1230 8658 152 272
1230 8659 148 273
1230 8660 143 276
1230 8661 134 278
1230 8662 129 282
1230 8663 123 284
1230 8664 119 286
1230 8665 115 289
1230 8666 110 291
1230 8667 105 293
1230 8668 96 298
1230 8669 88 302
1230 8670 80 305
1230 8671 75 309
1230 8672 67 313
1230 8673 60 316
1230 8674 51 320
1230 8675 50 318