200 198 489 269
200 199 483 266
200 200 476 265
200 201 473 264
200 202 466 265
200 203 456 265
200 204 445 264
200 205 437 262
200 206 427 261
200 207 416 261
200 208 407 260
200 209 398 259
200 210 390 258
200 211 380 257
200 212 368 257
200 213 359 255
200 214 351 255
200 215 340 254
200 216 330 253
200 217 320 253
200 218 312 252
200 219 303 250
200 220 293 249
200 221 282 248
200 222 275 246
200 223 261 250
200 224 247 254
200 225 249 246
200 226 240 249
529 468 363 415
529 469 363 410
529 470 367 407
529 471 366 413
529 472 368 415
529 473 372 415
529 474 372 415
529 475 373 418
529 476 374 419
529 477 378 416
529 478 377 418
529 479 379 423
529 480 381 420
529 481 382 424
529 482 385 426
529 483 385 424
529 484 386 425
529 485 388 426
529 486 391 425
529 487 390 433
529 488 392 435
529 489 396 435
529 490 395 436
529 491 397 435
529 492 398 440
529 493 399 443
529 494 401 441
529 495 403 441
529 496 405 445
529 497 407 446
529 498 409 447
529 499 410 450
529 500 413 452
529 501 415 452
529 502 419 450
529 503 419 456
529 504 422 457
529 505 424 457
529 506 428 455
529 507 429 460
529 508 432 461
529 509 435 462
529 510 439 463
529 511 440 463
529 512 444 464
529 513 445 465
529 514 447 465
529 515 453 466
529 516 452 467
529 517 455 467
529 518 461 468
529 519 463 468
529 520 466 468
529 521 469 469
529 522 472 470
529 523 474 470
571 520 143 292
571 521 143 288
571 522 139 285
571 523 138 289
571 524 135 292
571 525 134 287
571 526 131 293
571 527 134 291
571 528 127 296
571 529 124 298
571 530 122 299
571 531 119 298
571 532 115 305
571 533 115 303
571 534 111 304
571 535 108 305
571 536 105 308
571 537 103 310
571 538 101 308
571 539 98 307
571 540 98 305
571 541 96 310
571 542 90 311
571 543 90 311
571 544 82 314
753 845 485 267
753 846 481 264
753 847 474 264
753 848 467 264
753 849 456 263
753 850 443 261
753 851 428 260
753 852 417 258
753 853 405 259
753 854 392 258
753 855 379 257
753 856 367 256
753 857 356 254
753 858 342 253
753 859 329 254
753 860 319 252
753 861 309 250
753 862 298 249
753 863 286 249
753 864 276 248
753 865 266 247
845 961 238 252
845 962 238 251
845 963 252 252
845 964 265 253
845 965 277 253
845 966 288 254
845 967 303 256
845 968 318 257
845 969 333 257
845 970 346 258
845 971 360 260
845 972 376 262
845 973 389 262
845 974 403 263
845 975 420 264
845 976 436 265
845 977 449 266
845 978 462 267
845 979 470 267
845 980 479 269
1001 1193 479 473
1001 1194 476 471
1001 1195 475 471
1001 1196 472 470
1001 1197 468 469
1001 1198 467 467
1001 1199 464 466
1001 1200 463 465
1001 1201 459 464
1001 1202 457 463
1001 1203 454 460
1001 1204 451 459
1001 1205 450 459
1001 1206 448 457
1001 1207 446 457
1001 1208 443 455
1001 1209 443 455
1001 1210 440 452
1001 1211 437 451
1001 1212 436 451
1001 1213 434 448
1001 1214 431 447
1001 1215 430 445
1001 1216 428 444
1001 1217 426 444
1001 1218 424 442
1001 1219 423 440
1001 1220 420 439
1001 1221 419 439
1001 1222 416 438
1001 1223 413 436
1001 1224 412 437
1001 1225 410 435
1001 1226 407 435
1001 1227 406 433
1001 1228 405 433
1001 1229 401 433
1001 1230 400 430
1001 1231 399 430
1001 1232 397 433
1001 1233 395 430
1001 1234 391 429
1001 1235 388 428
1001 1236 386 429
1001 1237 382 431
1001 1238 380 430
1001 1239 377 428
1001 1240 375 429
1001 1241 372 436
1001 1242 364 445
1001 1243 364 447
1122 1285 264 409
1122 1286 262 407
1122 1287 261 407
1122 1288 260 405
1122 1289 258 405
1122 1290 255 408
1122 1291 255 407
1122 1292 254 406
1122 1293 253 403
1122 1294 252 400
1122 1295 250 401
1122 1296 248 398
1122 1297 249 395
1122 1298 248 394
1122 1299 246 395
1122 1300 245 394
1122 1301 244 393
1122 1302 243 397
1122 1303 241 395
1122 1304 239 392
1122 1305 237 391
1122 1306 235 390
1122 1307 235 389
1122 1308 234 387
1122 1309 232 387
1122 1310 231 386
1122 1311 229 389
1122 1312 230 389
1122 1313 227 384
1122 1314 226 384
1122 1315 224 383
1122 1316 222 383
1122 1317 223 380
1122 1318 222 380
1122 1319 220 379
1122 1320 219 378
1122 1321 218 378
1122 1322 217 380
1122 1323 215 377
1122 1324 214 375
1122 1325 212 376
1122 1326 213 371
1122 1327 212 371
1122 1328 211 372
1122 1329 211 375
1122 1330 209 371
1122 1331 210 372
1122 1332 207 370
1122 1333 206 368
1122 1334 204 367
1318 1451 4 473
1318 1452 4 472
1318 1453 6 472
1318 1454 8 471
1318 1455 13 471
1318 1456 17 470
1318 1457 20 471
1318 1458 22 471
1318 1459 25 470
1318 1460 29 470
1318 1461 32 470
1318 1462 36 469
1318 1463 41 469
1318 1464 44 469
1318 1465 47 469
1318 1466 50 467
1318 1467 54 469
1318 1468 56 468
1318 1469 60 468
1318 1470 65 467
1318 1471 69 467
1318 1472 70 467
1318 1473 73 467
1318 1474 78 464
1318 1475 81 464
1318 1476 84 466
1318 1477 88 466
1318 1478 92 465
1318 1479 95 465
1318 1480 98 465
1318 1481 102 465
1318 1482 104 460
1318 1483 109 461
1318 1484 112 464
1318 1485 116 464
1318 1486 119 459
1318 1487 121 464
1318 1488 125 463
1318 1489 128 471
1318 1490 125 470
1318 1491 129 471
1376 1525 627 420
1376 1526 628 421
1376 1527 625 421
1376 1528 620 422
1376 1529 622 418
1376 1530 620 418
1376 1531 615 419
1376 1532 613 417
1376 1533 613 416
1376 1534 611 414
1376 1535 606 416
1376 1536 607 412
1376 1537 603 412
1376 1538 598 413
1376 1539 597 410
1376 1540 594 410
1376 1541 593 408
1376 1542 590 411
1376 1543 586 408
1376 1544 581 410
1376 1545 577 409
1376 1546 579 407
1376 1547 576 404
1376 1548 574 402
1376 1549 572 405
1376 1550 570 398
1376 1551 563 400
1376 1552 565 396
1376 1553 561 400
1376 1554 558 398
1376 1555 555 395
1376 1556 554 393
1376 1557 551 396
1376 1558 550 390
1376 1559 545 392
1376 1560 543 389
1376 1561 542 391
1376 1562 541 386
1376 1563 537 386
1376 1564 535 387
1376 1565 530 385
1376 1566 528 385
1376 1567 527 385
1376 1568 524 382
1376 1569 523 379
1376 1570 520 378
1376 1571 519 379
1376 1572 517 376
1376 1573 515 377
1376 1574 512 372
1376 1575 509 376
1376 1576 506 372
1376 1577 505 371
1376 1578 504 367
1376 1579 503 369
1376 1580 501 370
1376 1581 498 367
1376 1582 495 370
1376 1583 492 366
1376 1584 490 366
1376 1585 489 364
1376 1586 486 365
1376 1587 486 362
1376 1588 482 365
1376 1589 480 368
1449 1568 376 407
1449 1569 377 412
1449 1570 379 410
1449 1571 383 407
1449 1572 384 405
1449 1573 389 412
1449 1574 387 412
1449 1575 392 409
1449 1576 396 403
1449 1577 398 407
1449 1578 401 411
1449 1579 406 410
1449 1580 409 408
1449 1581 409 407
1449 1582 409 406
1449 1583 412 407
1449 1584 417 403
1449 1585 418 406
1449 1586 421 405
1449 1587 422 404
1449 1588 426 396
1449 1589 428 400
1449 1590 429 401
1449 1591 431 401
1449 1592 436 394
1449 1593 439 399
1449 1594 440 393
1449 1595 443 394
1449 1596 445 394
1449 1597 446 396
1449 1598 448 398
1449 1599 449 397
1449 1600 454 394
1449 1601 455 394
1449 1602 457 392
1449 1603 459 388
1449 1604 462 391
1449 1605 463 391
1449 1606 468 393
1449 1607 467 392
1449 1608 469 390
1449 1609 473 389
1449 1610 475 387
1449 1611 478 389
1449 1612 479 386
1449 1613 481 383
1449 1614 482 385
1449 1615 482 387
1449 1616 486 383
1449 1617 489 384
1449 1618 492 379
1449 1619 495 384
1449 1620 495 382
1449 1621 498 380
1449 1622 500 382
1449 1623 502 381
1449 1624 503 380
1449 1625 506 380
1449 1626 507 383
1449 1627 504 386
1449 1628 508 384
1725 1742 353 260
1725 1743 360 257
1725 1744 349 255
1725 1745 336 254
1725 1746 326 253
1725 1747 312 253
1725 1748 300 250
1725 1749 289 249
1725 1750 278 248
1725 1751 266 248
1725 1752 254 247
1725 1753 248 247
1725 1754 240 247
1944 2061 141 247
1944 2062 143 246
1944 2063 145 246
1944 2064 149 246
1944 2065 153 250
1944 2066 155 248
1944 2067 159 250
1944 2068 161 253
1944 2069 161 254
1944 2070 164 255
1944 2071 166 257
1944 2072 167 260
1944 2073 167 261
1944 2074 168 264
1944 2075 168 264
1944 2076 167 266
1944 2077 166 268
1944 2078 165 270
1944 2079 161 272
1944 2080 160 272
1944 2081 157 276
1944 2082 154 277
1944 2083 150 282
1944 2084 147 281
1944 2085 142 283
1944 2086 137 287
1944 2087 132 292
1944 2088 127 294
1944 2089 121 294
1944 2090 114 300
1944 2091 107 304
1955 2080 444 474
1955 2081 426 462
1955 2082 407 451
1955 2083 390 428
1955 2084 389 423
1955 2085 379 413
1955 2086 373 401
1955 2087 366 383
2420 2742 4 334
2420 2743 3 335
2420 2744 4 333
2420 2745 5 329
2420 2746 6 328
2420 2747 8 328
2420 2748 11 329
2420 2749 13 327
2420 2750 14 324
2420 2751 16 325
2420 2752 16 324
2420 2753 18 325
2420 2754 21 323
2420 2755 22 322
2420 2756 25 323
2420 2757 26 319
2420 2758 28 318
2420 2759 29 319
2420 2760 33 319
2420 2761 34 315
2420 2762 37 315
2420 2763 39 317
2420 2764 41 314
2420 2765 42 311
2420 2766 43 314
2420 2767 46 314
2420 2768 49 311
2420 2769 51 310
2420 2770 51 309
2420 2771 53 310
2420 2772 56 308
2420 2773 58 309
2420 2774 58 305
2420 2775 61 306
2420 2776 63 307
2420 2777 65 305
2420 2778 67 305
2420 2779 67 302
2420 2780 69 303
2420 2781 71 303
2420 2782 73 301
2420 2783 74 301
2420 2784 79 299
2420 2785 81 297
2420 2786 83 294
2420 2787 84 294
2420 2788 84 294
2420 2789 85 293
2420 2790 86 291
2420 2791 89 292
2420 2792 89 291
2420 2793 91 291
2420 2794 91 289
2420 2795 92 289
2420 2796 94 286
2420 2797 96 283
2420 2798 96 285
2420 2799 97 283
2420 2800 97 281
2420 2801 97 284
2420 2802 98 286
2420 2803 98 281
2420 2804 102 282
2420 2805 99 283
2420 2806 102 282
2420 2807 104 281
2420 2808 106 281
2420 2809 104 279
2420 2810 105 279
2420 2811 106 280
2420 2812 104 277
2420 2813 106 281
2420 2814 107 277
2458 2787 539 398
2458 2788 542 394
2458 2789 536 395
2458 2790 532 393
2458 2791 530 397
2458 2792 527 402
2458 2793 531 398
2458 2794 530 398
2458 2795 527 399
2458 2796 524 401
2458 2797 518 400
2458 2798 521 401
2458 2799 519 406
2458 2800 516 403
2458 2801 510 403
2458 2802 507 404
2458 2803 510 400
2458 2804 503 404
2458 2805 502 406
2458 2806 499 405
2458 2807 497 409
2458 2808 498 411
2458 2809 494 408
2458 2810 491 411
2458 2811 494 409
2458 2812 488 413
2458 2813 490 412
2458 2814 488 413
2458 2815 484 416
2458 2816 479 417
2458 2817 483 416
2458 2818 481 417
2458 2819 479 415
2458 2820 477 412
2515 2827 486 267
2515 2828 483 263
2515 2829 478 263
2515 2830 469 261
2515 2831 460 260
2515 2832 449 259
2515 2833 438 258
2515 2834 425 257
2515 2835 412 256
2515 2836 399 255
2515 2837 389 255
2515 2838 377 253
2515 2839 363 252
2515 2840 352 251
2515 2841 343 251
2515 2842 329 250
2515 2843 319 250
2515 2844 308 248
2515 2845 301 247
2515 2846 314 249
2522 2832 238 382
2522 2833 240 380
2522 2834 243 378
2522 2835 245 378
2522 2836 246 370
2522 2837 249 369
2522 2838 251 368
2522 2839 252 367
2522 2840 254 372
2522 2841 256 371
2522 2842 258 371
2522 2843 258 369
2522 2844 261 364
2522 2845 263 361
2522 2846 265 360
2522 2847 267 359
2522 2848 268 358
2522 2849 269 363
2522 2850 271 362
2522 2851 273 360
2522 2852 274 355
2522 2853 276 353
2522 2854 278 352
2522 2855 279 351
2522 2856 280 350
2522 2857 282 355
2522 2858 285 355
2522 2859 286 353
2522 2860 287 347
2522 2861 289 349
2522 2862 291 347
2522 2863 293 345
2522 2864 293 343
2522 2865 294 342
2522 2866 291 338
2522 2867 293 343
3201 3356 79 432
3201 3357 82 430
3201 3358 85 429
3201 3359 90 427
3201 3360 90 429
3201 3361 94 429
3201 3362 96 427
3201 3363 100 425
3201 3364 103 426
3201 3365 105 427
3201 3366 107 425
3201 3367 111 422
3201 3368 113 423
3201 3369 115 425
3201 3370 119 424
3201 3371 122 421
3201 3372 126 422
3201 3373 127 422
3201 3374 130 422
3201 3375 135 420
3201 3376 137 419
3201 3377 139 420
3201 3378 141 420
3201 3379 144 418
3201 3380 148 418
3201 3381 151 419
3201 3382 152 419
3201 3383 155 417
3201 3384 159 417
3201 3385 159 414
3201 3386 159 417
3201 3387 162 418
3201 3388 163 412
3201 3389 164 417
3201 3390 166 413
3201 3391 167 417
3201 3392 169 417
3201 3393 171 417
3201 3394 175 417
3201 3395 175 413
3201 3396 179 418
3201 3397 180 417
3201 3398 182 419
3201 3399 183 418
3201 3400 188 418
3201 3401 191 418
3201 3402 192 419
3201 3403 194 418
3201 3404 199 417
3201 3405 202 417
3201 3406 203 418
3201 3407 206 417
3201 3408 211 415
3201 3409 214 416
3201 3410 215 416
3201 3411 218 415
3201 3412 222 414
3201 3413 226 411
3201 3414 227 413
3201 3415 231 409
3201 3416 234 409
3201 3417 237 409
3201 3418 239 410
3201 3419 242 415
3309 3482 422 375
3309 3483 424 376
3309 3484 426 375
3309 3485 429 372
3309 3486 432 373
3309 3487 433 373
3309 3488 436 373
3309 3489 438 373
3309 3490 441 369
3309 3491 442 371
3309 3492 444 371
3309 3493 445 372
3309 3494 449 370
3309 3495 451 368
3309 3496 453 369
3309 3497 456 368
3309 3498 458 364
3309 3499 459 367
3309 3500 462 366
3309 3501 465 367
3309 3502 467 365
3309 3503 469 364
3309 3504 471 364
3309 3505 472 364
3309 3506 475 361
3309 3507 477 362
3309 3508 480 362
3309 3509 481 359
3309 3510 488 360
3309 3511 494 359
3309 3512 498 357
3309 3513 502 358
3309 3514 504 358
3309 3515 505 357
3309 3516 508 357
3309 3517 510 356
3309 3518 513 356
3309 3519 516 354
3309 3520 517 353
3309 3521 519 355
3309 3522 521 352
3309 3523 524 354
3309 3524 525 353
3309 3525 528 354
3309 3526 529 353
3309 3527 534 355
3309 3528 535 352
3309 3529 536 352
3309 3530 537 353
3309 3531 539 350
3309 3532 542 353
3309 3533 544 351
3309 3534 546 353
3309 3535 548 351
3309 3536 549 348
3309 3537 552 350
3309 3538 554 351
3309 3539 556 349
3309 3540 558 349
3309 3541 560 350
3309 3542 562 349
3309 3543 564 349
3309 3544 565 348
3309 3545 568 347
3309 3546 569 349
3309 3547 571 345
3309 3548 573 348
3309 3549 575 346
3309 3550 577 345
3309 3551 579 344
3309 3552 581 344
3309 3553 581 345
3309 3554 583 344
3309 3555 585 345
3309 3556 587 344
3309 3557 588 345
3309 3558 590 342
3309 3559 592 342
3309 3560 594 342
3309 3561 595 342
3309 3562 596 340
3309 3563 597 341
3309 3564 599 339
3309 3565 600 339
3309 3566 602 339
3309 3567 602 339
3309 3568 604 339
3309 3569 605 332
3309 3570 606 336
3309 3571 607 335
3309 3572 608 335
3309 3573 606 337
3309 3574 609 338
3309 3575 611 333
3309 3576 611 334
3309 3577 612 338
3411 3558 406 332
3411 3559 409 334
3411 3560 408 334
3411 3561 412 335
3411 3562 414 333
3411 3563 417 333
3411 3564 420 336
3411 3565 423 335
3411 3566 424 337
3411 3567 428 338
3411 3568 431 338
3411 3569 434 336
3411 3570 438 336
3411 3571 437 341
3411 3572 443 338
3411 3573 445 342
3411 3574 448 341
3411 3575 449 339
3411 3576 453 343
3411 3577 456 342
3411 3578 458 346
3411 3579 461 344
3411 3580 464 346
3411 3581 466 347
3411 3582 469 348
3411 3583 471 348
3411 3584 475 346
3411 3585 478 350
3411 3586 481 348
3411 3587 483 348
3411 3588 486 350
3411 3589 490 353
3411 3590 493 351
3411 3591 496 352
3411 3592 504 358
3448 3593 497 363
3448 3594 501 366
3448 3595 508 368
3448 3596 517 369
3448 3597 524 372
3448 3598 533 372
3448 3599 540 373
3448 3600 549 375
3448 3601 556 377
3448 3602 563 378
3448 3603 571 381
3448 3604 575 379
3448 3605 579 380
3448 3606 582 381
3448 3607 585 381
3448 3608 587 381
3448 3609 595 388
3448 3610 591 379
3448 3611 598 383
3845 3949 215 430
3845 3950 216 431
3845 3951 220 428
3845 3952 222 425
3845 3953 225 423
3845 3954 225 416
3845 3955 226 424
3845 3956 232 418
3845 3957 234 418
3845 3958 234 412
3845 3959 237 413
3845 3960 240 414
3845 3961 243 405
3845 3962 242 406
3845 3963 244 411
3845 3964 249 402
3845 3965 249 399
3845 3966 251 408
3845 3967 252 401
3845 3968 255 402
3845 3969 261 402
3845 3970 261 396
3845 3971 260 399
3909 3980 286 391
3909 3981 286 391
3909 3982 289 388
3909 3983 294 388
3909 3984 291 385
3909 3985 292 386
3909 3986 293 383
3909 3987 294 384
3909 3988 297 383
3909 3989 296 381
3909 3990 298 379
3909 3991 302 379
3909 3992 304 377
3909 3993 302 377
3909 3994 304 375
3909 3995 306 373
3909 3996 307 373
3909 3997 308 370
3909 3998 310 370
3909 3999 310 370
3909 4000 313 368
3909 4001 313 367
3909 4002 313 368
3909 4003 315 366
3909 4004 315 365
3909 4005 318 365
3909 4006 318 360
3909 4007 321 359
3909 4008 322 360
3909 4009 323 359
3909 4010 322 358
3909 4011 323 359
3909 4012 324 355
3909 4013 327 356
3909 4014 330 353
4461 4245 472 420
4461 4246 469 424
4461 4247 472 421
4461 4248 475 423
4461 4249 476 427
4461 4250 477 425
4461 4251 480 424
4461 4252 481 429
4461 4253 485 430
4461 4254 488 431
4461 4255 490 433
4461 4256 493 434
4461 4257 495 434
4461 4258 497 432
4461 4259 498 440
4461 4260 499 440
4461 4261 504 442
4461 4262 506 443
4461 4263 509 444
4461 4264 507 441
4461 4265 513 447
4461 4266 515 450
4461 4267 518 447
4461 4268 519 450
4461 4269 523 449
4461 4270 523 452
4461 4271 528 452
4461 4272 532 454
4461 4273 531 458
4461 4274 535 458
4461 4275 535 457
4461 4276 537 464
4642 4414 171 251
4642 4415 170 259
4642 4416 167 261
4642 4417 166 263
4642 4418 164 261
4642 4419 158 263
4642 4420 156 265
4642 4421 153 266
4642 4422 148 267
4642 4423 146 267
4642 4424 143 273
4642 4425 140 272
4642 4426 136 273
4642 4427 131 273
4642 4428 129 277
4642 4429 125 280
4642 4430 120 283
4642 4431 118 285
4642 4432 114 283
4642 4433 109 285
4642 4434 105 287
4642 4435 99 290
4642 4436 95 290
4642 4437 92 293
4642 4438 87 296
4642 4439 82 299
4642 4440 77 300
4642 4441 73 301
4642 4442 67 306
4642 4443 62 307
4642 4444 56 309
4642 4445 51 311
4642 4446 45 314
4642 4447 40 320
4644 4416 152 270
4644 4417 150 272
4644 4418 146 269
4644 4419 144 271
4644 4420 141 275
4644 4421 136 278
4644 4422 133 280
4644 4423 130 281
4644 4424 127 282
4644 4425 122 284
4644 4426 118 283
4644 4427 114 286
4644 4428 110 290
4644 4429 106 292
4644 4430 102 294
4644 4431 99 295
4644 4432 94 294
4644 4433 89 300
4644 4434 84 303
4644 4435 79 303
4644 4436 75 308
4644 4437 70 309
4644 4438 64 312
4644 4439 58 314
4644 4440 53 316
4644 4441 49 320
4644 4442 41 321
4644 4443 34 322
4644 4444 29 324
4644 4445 22 329
4644 4446 19 332
4644 4447 14 331
4644 4448 13 334
4644 4449 10 337
4644 4450 5 334
4740 4463 370 261
4740 4464 377 262
4740 4465 377 262
4740 4466 386 263
4740 4467 395 263
4740 4468 403 269
4740 4469 408 270
4740 4470 421 265
4740 4471 429 265
4740 4472 442 266
4740 4473 440 264
4740 4474 444 249
4740 4475 442 247
5360 5006 507 376
5360 5007 505 378
5360 5008 504 377
5360 5009 503 372
5360 5010 499 375
5360 5011 495 378
5360 5012 493 380
5360 5013 490 381
5360 5014 490 379
5360 5015 486 381
5360 5016 484 382
5360 5017 481 380
5360 5018 478 381
5360 5019 475 384
5360 5020 473 384
5360 5021 469 383
5360 5022 468 385
5360 5023 464 387
5360 5024 461 385
5360 5025 459 387
5360 5026 455 387
5360 5027 453 389
5360 5028 450 390
5360 5029 447 388
5360 5030 444 390
5360 5031 442 389
5360 5032 438 390
5360 5033 435 390
5360 5034 432 393
5360 5035 430 394
5360 5036 425 396
5360 5037 424 394
5360 5038 420 396
5360 5039 417 397
5360 5040 414 396
5360 5041 414 397
5395 5041 408 397
5395 5042 408 397
5395 5043 405 399
5395 5044 402 398
5395 5045 399 401
5395 5046 396 401
5395 5047 393 399
5395 5048 389 400
5395 5049 386 402
5395 5050 384 404
5395 5051 381 403
5395 5052 377 404
5395 5053 374 407
5395 5054 371 406
5395 5055 367 406
5395 5056 363 407
5395 5057 361 409
5395 5058 357 408
5395 5059 355 408
5395 5060 350 410
5395 5061 348 412
5395 5062 343 412
5395 5063 339 411
5395 5064 336 413
5395 5065 334 415
5395 5066 329 413
5395 5067 326 414
5395 5068 321 415
5395 5069 317 416
5395 5070 313 416
5395 5071 311 416
5395 5072 308 419
5395 5073 303 417
5395 5074 301 418
5395 5075 297 419
5395 5076 295 421
5395 5077 289 421
5395 5078 285 420
5395 5079 282 421
5395 5080 278 422
5395 5081 275 421
5395 5082 271 422
5395 5083 268 423
5395 5084 265 426
5395 5085 259 424
5395 5086 256 424
5395 5087 253 427
5395 5088 248 426
5395 5089 244 427
5395 5090 241 427
5395 5091 239 430
5395 5092 234 429
5395 5093 229 429
5395 5094 226 429
5395 5095 222 431
5395 5096 219 430
5395 5097 214 432
5395 5098 212 434
5395 5099 209 434
5395 5100 203 433
5395 5101 199 434
5395 5102 193 436
5395 5103 191 435
5395 5104 188 436
5395 5105 183 436
5395 5106 181 437
5395 5107 176 436
5395 5108 172 438
5395 5109 167 438
5395 5110 167 441
5395 5111 160 439
5395 5112 157 440
5395 5113 155 443
5395 5114 151 442
5395 5115 145 440
5395 5116 141 441
5395 5117 137 443
5395 5118 132 443
5395 5119 129 445
5395 5120 126 444
5395 5121 124 446
5395 5122 115 445
5395 5123 110 445
5395 5124 108 445
5395 5125 108 448
5395 5126 100 446
5395 5127 98 450
5395 5128 97 449
5395 5129 92 449
5395 5130 84 447
5395 5131 82 448
5395 5132 78 449
5395 5133 73 449
5395 5134 71 448
5494 5155 380 277
5494 5156 379 276
5494 5157 380 277
5494 5158 380 279
5494 5159 381 282
5494 5160 381 279
5494 5161 380 282
5494 5162 383 282
5494 5163 383 284
5494 5164 383 282
5494 5165 384 285
5494 5166 384 287
5494 5167 384 286
5494 5168 383 289
5494 5169 386 291
5494 5170 387 289
5494 5171 387 288
5494 5172 386 288
5494 5173 388 289
5494 5174 389 287
5494 5175 388 291
5494 5176 389 291
5494 5177 390 294
5494 5178 388 292
5494 5179 391 294
5494 5180 392 293
5494 5181 392 295
5494 5182 392 293
5494 5183 394 295
5494 5184 394 297
5494 5185 394 294
5494 5186 396 299
5494 5187 397 298
5494 5188 397 299
5494 5189 394 302
5494 5190 398 302
5494 5191 399 301
5494 5192 400 305
5494 5193 402 303
5494 5194 401 304
5494 5195 402 304
5494 5196 403 308
5494 5197 404 307
5494 5198 405 307
5494 5199 405 307
5494 5200 404 310
5494 5201 407 311
5494 5202 409 311
5494 5203 409 313
5494 5204 410 316
5494 5205 408 313
5494 5206 411 317
5494 5207 413 316
5494 5208 413 319
5494 5209 413 317
5494 5210 417 320
5494 5211 417 321
6170 6241 154 280
6170 6242 153 278
6170 6243 152 279
6170 6244 149 277
6170 6245 149 281
6170 6246 148 283
6170 6247 145 283
6170 6248 145 284
6170 6249 142 285
6170 6250 141 285
6170 6251 139 287
6170 6252 137 287
6170 6253 135 289
6170 6254 133 290
6170 6255 132 291
6170 6256 129 293
6170 6257 126 293
6170 6258 125 293
6170 6259 123 292
6170 6260 121 296
6170 6261 118 297
6170 6262 117 297
6170 6263 114 299
6170 6264 113 300
6170 6265 111 298
6170 6266 109 301
6170 6267 105 302
6170 6268 104 304
6170 6269 102 305
6170 6270 100 304
6170 6271 98 307
6170 6272 96 307
6170 6273 93 308
6170 6274 91 308
6170 6275 90 309
6170 6276 88 307
6170 6277 85 311
6170 6278 84 313
6170 6279 82 314
6170 6280 78 314
6170 6281 78 315
6170 6282 75 316
6170 6283 75 316
6170 6284 72 318
6170 6285 70 319
6170 6286 66 318
6170 6287 62 320
6170 6288 63 320
6170 6289 58 323
6170 6290 57 324
6170 6291 56 324
6170 6292 54 325
6170 6293 53 326
6170 6294 49 325
6170 6295 48 328
6170 6296 46 329
6170 6297 44 328
6170 6298 42 330
6170 6299 38 330
6170 6300 37 331
6170 6301 33 333
6170 6302 33 334
6170 6303 32 334
6170 6304 29 335
6170 6305 27 333
6170 6306 27 327
6170 6307 27 326
6170 6308 24 327
6170 6309 23 327
6170 6310 20 331
6170 6311 20 328
6170 6312 15 330
6170 6313 12 334
6170 6314 13 332
6170 6315 12 329
6337 6434 317 256
6337 6435 314 256
6337 6436 324 257
6337 6437 334 257
6337 6438 343 260
6337 6439 351 260
6337 6440 362 261
6337 6441 373 262
6337 6442 382 263
6337 6443 392 263
6337 6444 404 264
6337 6445 415 265
6337 6446 425 266
6337 6447 437 266
6337 6448 449 267
6337 6449 462 269
6337 6450 469 269
6337 6451 466 276
6459 6573 4 363
6459 6574 3 361
6459 6575 4 362
6459 6576 5 364
6459 6577 8 365
6459 6578 10 364
6459 6579 14 367
6459 6580 16 369
6459 6581 20 370
6459 6582 20 372
6459 6583 23 371
6459 6584 25 373
6459 6585 28 374
6459 6586 29 375
6459 6587 32 377
6459 6588 34 377
6459 6589 37 379
6459 6590 39 381
6459 6591 43 382
6459 6592 46 381
6459 6593 48 381
6459 6594 53 383
6459 6595 55 384
6459 6596 58 383
6459 6597 62 384
6459 6598 61 384
6459 6599 65 381
6459 6600 68 379
6459 6601 70 379
6459 6602 73 380
6459 6603 76 379
6459 6604 79 379
6459 6605 81 378
6626 6692 196 260
6626 6693 195 254
6626 6694 192 255
6626 6695 187 250
6626 6696 184 250
6626 6697 179 252
6626 6698 175 254
6626 6699 172 255
6626 6700 167 257
6626 6701 165 261
6626 6702 160 264
6626 6703 156 266
6626 6704 153 263
6626 6705 149 264
6626 6706 145 264
6626 6707 140 268
6626 6708 137 271
6626 6709 138 275
6626 6710 129 273
6626 6711 131 279
6626 6712 125 279
6626 6713 117 282
6626 6714 117 281
6626 6715 107 282
6626 6716 104 288
6626 6717 99 292
6626 6718 95 294
6626 6719 93 288
6633 6695 160 266
6633 6696 159 263
6633 6697 155 265
6633 6698 152 266
6633 6699 149 267
6633 6700 145 269
6633 6701 143 270
6633 6702 138 272
6633 6703 135 273
6633 6704 131 273
6633 6705 127 275
6633 6706 125 273
6633 6707 120 281
6633 6708 115 282
6633 6709 112 282
6633 6710 108 286
6633 6711 104 288
6633 6712 98 289
6633 6713 95 292
6633 6714 90 294
6633 6715 84 295
6633 6716 79 298
6633 6717 74 301
6633 6718 71 302
6633 6719 64 306
6633 6720 57 307
6633 6721 53 311
6633 6722 43 312
6633 6723 39 316
6633 6724 33 319
6633 6725 25 321
6633 6726 19 325
6633 6727 16 329
6633 6728 12 326
6633 6729 9 334
6633 6730 5 333
6633 6731 17 341
6633 6732 19 333
6633 6733 22 338
6633 6734 14 343
6633 6735 10 345
6633 6736 6 346
6633 6737 3 346
6860 6914 3 457
6860 6915 6 457
6860 6916 9 459
6860 6917 10 455
6860 6918 12 454
6860 6919 14 453
6860 6920 17 452
6860 6921 20 453
6860 6922 23 452
6860 6923 27 452
6860 6924 31 451
6860 6925 32 455
6860 6926 34 449
6860 6927 36 449
6860 6928 39 448
6860 6929 41 447
6860 6930 45 452
6860 6931 48 447
6860 6932 51 449
6860 6933 54 451
6860 6934 55 449
6860 6935 58 443
6860 6936 60 441
6860 6937 63 440
6860 6938 66 446
6860 6939 70 440
6860 6940 72 439
6860 6941 74 443
6860 6942 78 435
6860 6943 77 436
6860 6944 80 435
6860 6945 82 434
6860 6946 86 432
6860 6947 90 432
6860 6948 93 433
6860 6949 93 434
6860 6950 95 438
6860 6951 96 433
6860 6952 100 432
6860 6953 103 432
6860 6954 106 436
6902 6937 85 312
6902 6938 89 310
6902 6939 92 309
6902 6940 94 307
6902 6941 97 305
6902 6942 102 304
6902 6943 103 302
6902 6944 107 301
6902 6945 110 300
6902 6946 113 298
6902 6947 117 298
6902 6948 119 296
6902 6949 122 295
6902 6950 125 293
6902 6951 128 292
6902 6952 130 291
6902 6953 133 289
6902 6954 136 289
6902 6955 143 289
6902 6956 142 285
6902 6957 149 280
6902 6958 154 281
7026 6989 276 414
7026 6990 274 413
7026 6991 273 416
7026 6992 271 416
7026 6993 269 419
7026 6994 268 420
7026 6995 269 423
7026 6996 265 427
7026 6997 260 432
7026 6998 253 438
7026 6999 241 446
7026 7000 240 457
7062 7006 316 364
7062 7007 319 364
7062 7008 322 365
7062 7009 326 363
7062 7010 329 364
7062 7011 337 355
7062 7012 335 355
7062 7013 335 358
7062 7014 335 359
7062 7015 334 355
7062 7016 329 348
7062 7017 332 354
7062 7018 344 346
7062 7019 352 345
7062 7020 358 345
7062 7021 360 346
7062 7022 361 346
7062 7023 366 343
7062 7024 369 345
7062 7025 370 348
7062 7026 370 347
7062 7027 373 348
7062 7028 379 351
7062 7029 381 348
7062 7030 382 349
7062 7031 385 348
7062 7032 388 347
7062 7033 388 343
7174 7072 139 247
7174 7073 138 246
7174 7074 141 246
7174 7075 141 247
7174 7076 148 248
7174 7077 152 251
7174 7078 156 252
7174 7079 158 253
7174 7080 159 254
7174 7081 163 255
7174 7082 163 256
7174 7083 167 258
7174 7084 167 260
7174 7085 168 261
7174 7086 167 262
7174 7087 168 262
7174 7088 168 263
7174 7089 168 265
7174 7090 167 266
7174 7091 166 268
7174 7092 166 270
7174 7093 163 272
7174 7094 161 273
7174 7095 160 275
7174 7096 158 275
7174 7097 156 274
7174 7098 152 278
7174 7099 149 280
7174 7100 146 284
7174 7101 141 282
7174 7102 139 287
7174 7103 134 288
7174 7104 130 292
7174 7105 126 291
7174 7106 120 293
7174 7107 115 296
7174 7108 113 297
7174 7109 107 299
7174 7110 100 302
7174 7111 97 303
7174 7112 93 306
7174 7113 87 308
7174 7114 91 311
7174 7115 86 314
7250 7115 262 254
7250 7116 273 255
7250 7117 284 255
7250 7118 297 256
7250 7119 309 257
7250 7120 321 257
7250 7121 334 258
7250 7122 348 258
7250 7123 362 262
7250 7124 374 263
7250 7125 385 263
7250 7126 400 263
7250 7127 412 265
7299 7141 238 254
7299 7142 239 253
7299 7143 250 254
7299 7144 262 255
7299 7145 273 256
7299 7146 285 257
7299 7147 293 256
7299 7148 304 257
7299 7149 312 259
7299 7150 324 258
7299 7151 335 260
7299 7152 347 262
7299 7153 359 262
7299 7154 368 264
7299 7155 379 264
7299 7156 390 265
7299 7157 400 265
7299 7158 409 266
7299 7159 424 266
7299 7160 437 268
7299 7161 446 269
7299 7162 456 270
7299 7163 466 271
7299 7164 474 272
7299 7165 476 272
7299 7166 482 273
7299 7167 488 276
7527 7326 347 258
7527 7327 346 258
7527 7328 350 259
7527 7329 352 257
7527 7330 381 263
7527 7331 392 264
7527 7332 404 265
7527 7333 418 266
7527 7334 433 267
7527 7335 444 268
7527 7336 456 269
7527 7337 466 270
7527 7338 474 270
7527 7339 481 271
7527 7340 486 273
7746 7604 159 250
7746 7605 158 252
7746 7606 160 251
7746 7607 157 249
7746 7608 162 251
7746 7609 157 249
7746 7610 165 252
7746 7611 164 253
7746 7612 161 249
7746 7613 165 258
7746 7614 169 259
7746 7615 169 260
7746 7616 167 270
7746 7617 166 265
7746 7618 162 272
7746 7619 158 274
7746 7620 154 275
7746 7621 151 277
7746 7622 147 279
7746 7623 143 281
7746 7624 137 283
7746 7625 134 284
7746 7626 130 286
7746 7627 123 288
7746 7628 121 290
7746 7629 114 293
7746 7630 109 295
7746 7631 104 297
7746 7632 100 299
7746 7633 93 301
7746 7634 87 304
7746 7635 81 306
7746 7636 75 308
7746 7637 71 310
7746 7638 65 312
7746 7639 59 313
7746 7640 54 318
7746 7641 46 320
7746 7642 40 323
7746 7643 34 326
7746 7644 30 328
7746 7645 24 331
7746 7646 20 334
7746 7647 17 336
7746 7648 15 336
7746 7649 11 338
7746 7650 8 338
7746 7651 5 342
7783 7646 285 254
7783 7647 281 253
7783 7648 286 254
7783 7649 291 254
7783 7650 297 255
7783 7651 302 255
7783 7652 306 255
7783 7653 313 255
7783 7654 319 256
7783 7655 323 257
7783 7656 329 257
7783 7657 336 259
7783 7658 343 258
7783 7659 348 259
7783 7660 354 259
7783 7661 361 260
7783 7662 368 259
7783 7663 374 261
7783 7664 381 261
7783 7665 388 262
7783 7666 395 263
7783 7667 400 263
7783 7668 408 264
7783 7669 414 263
7783 7670 421 265
7783 7671 428 265
7783 7672 434 266
7783 7673 441 267
7783 7674 449 267
7783 7675 455 267
7783 7676 461 268
7783 7677 467 268
7783 7678 470 268
7783 7679 473 268
7783 7680 478 269
7783 7681 479 270
7783 7682 482 271
7783 7683 488 268
7910 7787 256 248
7910 7788 264 249
7910 7789 273 250
7910 7790 279 250
7910 7791 286 251
7910 7792 292 251
7910 7793 298 250
7910 7794 307 252
7910 7795 315 252
7910 7796 323 253
7910 7797 330 253
7910 7798 339 253
7910 7799 346 255
7910 7800 353 256
7910 7801 362 255
7910 7802 372 256
7910 7803 378 256
7910 7804 385 258
7910 7805 397 259
7910 7806 402 259
7910 7807 411 260
7910 7808 419 261
7910 7809 426 261
7910 7810 432 261
7910 7811 441 262
7910 7812 449 263
7910 7813 456 263
7910 7814 466 263
7910 7815 475 263
7910 7816 479 265
7910 7817 484 266
7910 7818 488 264
7910 7819 479 272
7910 7820 479 266
7910 7821 486 266
7910 7822 493 260
7910 7823 502 261
7956 7834 489 263
7956 7835 485 259
7956 7836 478 258
7956 7837 472 257
7956 7838 457 255
7956 7839 447 256
7956 7840 434 255
7956 7841 428 254
7956 7842 421 253
7956 7843 416 253
7956 7844 403 253
7956 7845 395 252
7956 7846 389 252
7956 7847 392 252
7956 7848 402 253
7956 7849 392 253
7956 7850 388 252
7956 7851 377 251
7956 7852 383 248
7956 7853 371 247
7956 7854 365 248
7956 7855 364 250
7956 7856 356 250
7956 7857 352 248
7956 7858 347 246
7956 7859 342 249
7956 7860 343 246
8015 7886 223 256
8015 7887 226 252
8015 7888 222 252
8015 7889 219 246
8015 7890 214 247
8015 7891 211 247
8015 7892 206 247
8015 7893 202 249
8015 7894 193 248
8015 7895 194 251
8015 7896 191 252
8015 7897 187 253
8015 7898 185 252
8015 7899 181 254
8015 7900 177 256
8015 7901 174 257
8015 7902 170 258
8015 7903 167 260
8015 7904 163 264
8015 7905 161 264
8015 7906 157 264
8015 7907 154 265
8015 7908 151 267
8015 7909 147 269
8015 7910 144 270
8015 7911 141 271
8015 7912 137 275
8015 7913 134 275
8015 7914 131 276
8015 7915 127 278
8015 7916 122 280
8015 7917 119 282
8015 7918 115 284
8015 7919 111 285
8015 7920 107 289
8015 7921 103 289
8015 7922 98 291
8015 7923 94 293
8015 7924 90 295
8015 7925 85 297
8015 7926 81 298
8015 7927 75 301
8015 7928 70 303
8015 7929 65 305
8015 7930 61 309
8015 7931 55 310
8015 7932 49 312
8015 7933 44 314
8015 7934 39 317
8015 7935 32 319
8015 7936 27 321
8015 7937 22 324
8015 7938 18 327
8015 7939 29 325
8022 7894 220 256
8022 7895 221 256
8022 7896 216 256
8022 7897 217 253
8022 7898 214 248
8022 7899 206 250
8022 7900 204 249
8022 7901 198 246
8022 7902 196 246
8022 7903 192 252
8022 7904 188 254
8022 7905 183 255
8022 7906 180 253
8022 7907 177 256
8022 7908 173 259
8022 7909 168 261
8022 7910 165 259
8022 7911 161 265
8022 7912 160 262
8022 7913 156 265
8022 7914 156 268
8022 7915 148 266
8022 7916 145 270
8022 7917 140 270
8022 7918 138 270
8022 7919 133 271
8022 7920 130 279
8022 7921 126 280
8022 7922 122 281
8022 7923 119 283
8022 7924 114 286
8022 7925 111 288
8022 7926 107 285
8249 8126 222 253
8249 8127 223 248
8249 8128 218 253
8249 8129 218 249
8249 8130 212 249
8249 8131 210 249
8249 8132 206 250
8249 8133 205 251
8249 8134 200 251
8249 8135 195 251
8249 8136 189 252
8249 8137 189 252
8249 8138 186 253
8249 8139 182 254
8249 8140 180 255
8249 8141 180 260
8249 8142 173 260
8249 8143 170 259
8249 8144 170 256
8249 8145 167 259
8249 8146 164 259
8249 8147 160 260
8249 8148 161 261
8249 8149 157 262
8249 8150 154 264
8249 8151 152 265
8249 8152 150 265
8249 8153 148 267
8249 8154 145 268
8249 8155 142 269
8249 8156 139 270
8249 8157 139 271
8249 8158 135 273
8249 8159 134 274
8249 8160 131 275
8249 8161 129 276
8249 8162 126 278
8249 8163 125 278
8249 8164 121 280
8249 8165 119 282
8249 8166 117 283
8249 8167 115 285
8249 8168 112 286
8249 8169 107 288
8249 8170 103 289
8249 8171 102 291
8249 8172 97 292
8249 8173 94 294
8249 8174 90 296
8249 8175 87 297
8249 8176 83 299
8249 8177 80 300
8249 8178 77 303
8249 8179 76 304
8249 8180 71 305
8249 8181 65 307
8249 8182 64 310
8249 8183 59 311
8249 8184 58 311
8249 8185 50 315
8249 8186 45 316
8249 8187 44 315
8249 8188 39 319
8249 8189 34 322
8249 8190 30 324
8249 8191 39 320
8254 8134 216 249
8254 8135 222 256
8254 8136 219 257
8254 8137 218 255
8254 8138 217 250
8254 8139 215 256
8254 8140 210 251
8254 8141 209 249
8254 8142 206 249
8254 8143 201 247
8254 8144 199 247
8254 8145 195 252
8254 8146 192 254
8254 8147 189 254
8254 8148 189 254
8254 8149 183 254
8254 8150 180 256
8254 8151 177 257
8254 8152 175 258
8254 8153 171 259
8254 8154 168 260
8254 8155 165 259
8254 8156 163 262
8254 8157 160 263
8254 8158 157 263
8254 8159 154 261
8254 8160 152 265
8254 8161 149 268
8254 8162 146 269
8254 8163 144 270
8254 8164 141 271
8254 8165 138 269
8254 8166 136 274
8254 8167 133 275
8254 8168 131 276
8254 8169 128 278
8254 8170 125 280
8254 8171 122 277
8254 8172 120 281
8254 8173 117 284
8254 8174 114 286
8254 8175 111 286
8254 8176 107 288
8254 8177 105 289
8362 8386 488 267
8362 8387 481 263
8362 8388 476 260
8362 8389 466 263
8362 8390 453 262
8362 8391 436 260
8362 8392 421 259
8362 8393 394 260
8362 8394 397 261
8362 8395 390 260
8362 8396 367 256
8362 8397 356 255
8362 8398 343 252
8362 8399 329 250
8362 8400 317 252
8362 8401 305 251
8362 8402 294 249
8362 8403 279 248
8362 8404 267 248
8362 8405 257 247
8362 8406 251 247
8362 8407 241 246
8396 8534 489 266
8396 8535 485 265
8396 8536 474 264
8396 8537 463 265
8396 8538 445 262
8396 8539 429 261
8396 8540 415 260
8396 8541 393 258
8396 8542 377 257
8396 8543 360 256
8396 8544 342 255
8396 8545 326 254
8396 8546 311 252
8396 8547 296 251
8396 8548 281 249
8396 8549 267 248
8396 8550 256 248
8396 8551 244 247
8488 8679 55 325
8488 8680 51 323
8488 8681 50 323
8488 8682 49 324
8488 8683 47 325
8488 8684 46 323
8488 8685 45 326
8488 8686 44 323
8488 8687 42 329
8488 8688 42 329
8488 8689 42 330
8488 8690 41 333
8488 8691 39 332
8488 8692 38 333
8488 8693 37 334
8488 8694 36 335
8488 8695 35 337
8488 8696 34 337
8488 8697 33 339
8488 8698 31 338
8488 8699 29 339
8488 8700 30 341
8488 8701 26 338
8488 8702 26 345
8488 8703 25 345
8488 8704 23 346
8488 8705 21 346
8488 8706 19 346
8488 8707 19 350
8488 8708 16 344
8488 8709 14 348
8488 8710 14 352
8488 8711 14 353
8488 8712 11 356
8488 8713 9 353
8488 8714 8 355
8488 8715 6 359
8488 8716 4 359
8488 8717 5 360
8488 8718 4 361
8710 8902 227 247
8710 8903 234 254
8710 8904 240 253
8710 8905 246 250
8710 8906 251 250
8710 8907 256 251
8710 8908 262 251
8710 8909 273 252
8710 8910 285 252
8710 8911 295 254
8710 8912 305 254
8710 8913 316 255
8710 8914 329 257
8710 8915 340 256
8710 8916 351 256
8710 8917 363 259
8710 8918 375 260
8710 8919 387 261
8710 8920 400 262
8710 8921 413 263
8710 8922 424 264
8710 8923 436 265
8710 8924 450 266
8710 8925 459 266
8710 8926 467 267
8710 8927 473 268
9429 9958 407 444
9429 9959 407 450
9429 9960 403 452
9429 9961 400 451
9429 9962 394 455
9429 9963 388 457
9429 9964 386 458
9429 9965 384 459
9429 9966 380 461
9429 9967 375 461
9429 9968 371 463
9429 9969 366 464
9429 9970 361 464
9429 9971 358 465
9429 9972 353 466
9429 9973 348 467
9429 9974 344 467
9429 9975 340 469
9429 9976 335 470
9429 9977 330 470
9429 9978 325 471
9429 9979 319 472
9429 9980 314 472
9429 9981 309 474
9429 9982 303 475
9429 9983 298 475
9429 9984 296 476
9503 10119 289 413
9503 10120 291 411
9503 10121 290 412
9503 10122 285 412
9503 10123 279 413
9503 10124 278 414
9503 10125 275 413
9503 10126 271 413
9503 10127 265 414
9503 10128 265 414
9503 10129 263 415
9503 10130 256 417
9503 10131 252 416
9503 10132 251 416
9503 10133 248 417
9503 10134 241 416
9503 10135 238 417
9503 10136 238 418
9503 10137 233 418
9503 10138 228 418
9503 10139 226 419
9503 10140 225 419
9503 10141 221 420
9503 10142 214 419
9503 10143 212 420
9503 10144 212 422
9503 10145 208 419
9503 10146 201 421
9503 10147 199 422
9503 10148 199 421
9503 10149 195 422
9503 10150 188 422
9503 10151 187 423
9503 10152 186 424
9503 10153 183 424
9503 10154 176 424
9503 10155 174 424
9503 10156 173 424
9503 10157 170 425
9503 10158 164 424
9556 10350 488 267
9556 10351 484 265
9556 10352 474 264
9556 10353 462 264
9556 10354 444 262
9556 10355 426 260
9556 10356 410 260
9556 10357 391 258
9556 10358 374 257
9556 10359 357 255
9556 10360 342 254
9556 10361 328 251
9556 10362 312 252
9556 10363 296 251
9556 10364 281 249
9556 10365 265 248
9556 10366 254 246
9556 10367 244 246
9664 10610 290 261
9664 10611 296 253
9664 10612 307 255
9664 10613 320 256
9664 10614 336 257
9664 10615 348 259
9664 10616 362 259
9664 10617 378 261
9664 10618 393 262
9664 10619 408 262
9664 10620 421 264
9664 10621 439 266
9664 10622 455 267
9664 10623 457 275
9755 10750 350 257
9755 10751 366 256
9755 10752 381 260
9755 10753 393 262
9755 10754 405 263
9755 10755 422 264
9755 10756 434 265
9755 10757 448 266
9755 10758 463 266
9755 10759 470 268
9755 10760 479 269
9755 10761 487 272
9882 11319 245 250
9882 11320 253 250
9882 11321 263 251
9882 11322 272 251
9882 11323 280 252
9882 11324 292 254
9882 11325 301 254
9882 11326 309 255
9882 11327 322 255
9882 11328 333 257
9882 11329 346 258
9882 11330 356 259
9882 11331 385 259
9882 11332 385 260
9882 11333 386 260
9882 11334 385 260
9882 11335 414 264
9882 11336 427 265
9882 11337 441 266
9882 11338 452 268
9882 11339 463 268
9882 11340 470 268
9882 11341 477 269
9882 11342 484 270
9882 11343 489 276
10009 11515 146 278
10009 11516 143 280
10009 11517 146 276
10009 11518 142 276
10009 11519 135 282
10009 11520 133 286
10009 11521 133 285
10009 11522 130 286
10009 11523 122 291
10009 11524 123 290
10009 11525 118 292
10009 11526 115 294
10009 11527 104 301
10009 11528 102 303
10009 11529 95 306
10009 11530 96 304
10009 11531 84 307
10009 11532 86 307
10009 11533 99 302
10009 11534 95 304
10009 11535 90 320
10009 11536 84 323
10127 11704 432 273
10127 11705 432 264
10127 11706 415 259
10127 11707 403 258
10127 11708 380 259
10127 11709 370 259
10127 11710 370 259
10127 11711 369 259
10127 11712 369 259
10127 11713 396 262
10127 11714 406 262
10127 11715 416 264
10127 11716 422 264
10127 11717 431 265
10127 11718 440 266
10127 11719 448 267
10127 11720 456 267
10127 11721 462 268
10127 11722 468 267
10127 11723 473 269
10127 11724 473 269
10127 11725 477 269
10127 11726 481 270
10127 11727 488 271
10369 11924 462 428
10369 11925 459 430
10369 11926 464 432
10369 11927 464 432
10369 11928 468 432
10369 11929 472 435
10369 11930 474 436
10369 11931 476 436
10369 11932 479 437
10369 11933 483 440
10369 11934 487 441
10369 11935 488 441
10369 11936 491 441
10369 11937 495 444
10369 11938 499 446
10369 11939 500 446
10369 11940 503 446
10369 11941 507 450
10369 11942 512 451
10369 11943 513 452
10369 11944 514 451
10369 11945 519 453
10369 11946 524 454
10369 11947 525 454
10369 11948 526 456
10369 11949 530 456
10369 11950 537 459
10369 11951 539 460
10369 11952 540 460
10369 11953 542 461
10369 11954 546 460
10723 12430 181 348
10723 12431 183 348
10723 12432 185 348
10723 12433 186 349
10723 12434 189 347
10723 12435 192 344
10723 12436 195 347
10723 12437 198 346
10723 12438 202 342
10723 12439 204 343
10723 12440 206 344
10723 12441 208 343
10723 12442 212 340
10723 12443 214 338
10723 12444 217 341
10723 12445 219 341
10723 12446 222 337
10723 12447 225 339
10723 12448 226 339
10723 12449 229 338
10723 12450 231 336
10723 12451 234 334
10723 12452 235 335
10723 12453 239 331
10723 12454 241 330
10723 12455 244 333
10723 12456 245 332
10723 12457 246 331
10723 12458 249 329
10723 12459 251 328
10723 12460 254 330
10723 12461 257 325
10723 12462 259 326
10723 12463 261 326
10723 12464 261 328
10723 12465 263 325
10723 12466 267 322
10723 12467 269 324
10723 12468 270 324
10723 12469 275 322
10723 12470 278 322
10723 12471 278 322
10723 12472 280 321
10723 12473 283 319
10723 12474 287 318
10723 12475 287 320
10723 12476 287 319
10723 12477 293 317
10723 12478 297 316
10723 12479 296 317
10723 12480 299 316
10723 12481 302 315
10723 12482 305 314
10723 12483 307 316
10723 12484 309 315
10723 12485 312 312
10723 12486 314 313
10823 12581 173 268
10823 12582 173 269
10823 12583 171 270
10823 12584 170 270
10823 12585 170 273
10823 12586 171 273
10823 12587 168 276
10823 12588 168 272
10823 12589 166 278
10823 12590 167 278
10823 12591 166 274
10823 12592 163 275
10823 12593 163 280
10823 12594 162 278
10823 12595 160 279
10823 12596 161 279
10823 12597 159 278
10823 12598 159 283
10823 12599 156 282
10823 12600 156 286
10823 12601 154 283
10823 12602 154 283
10823 12603 152 285
10823 12604 150 281
10823 12605 149 282
10823 12606 150 284
10823 12607 148 286
10823 12608 146 288
10823 12609 145 284
10823 12610 146 288
10823 12611 143 287
10823 12612 142 289
10823 12613 142 289
10823 12614 140 290
10823 12615 139 289
10823 12616 139 291
10823 12617 137 292
10823 12618 137 288
10823 12619 135 290
10823 12620 134 288
10823 12621 133 294
10823 12622 132 291
10823 12623 131 290
10823 12624 131 292
10823 12625 132 296
10823 12626 127 297
10823 12627 127 293
10823 12628 126 294
10823 12629 124 295
10823 12630 122 300
10823 12631 122 301
10823 12632 122 299
10823 12633 121 301
10823 12634 121 302
10856 12658 255 267
10856 12659 256 267
10856 12660 259 284
10856 12661 262 268
10856 12662 263 267
10856 12663 265 268
10856 12664 270 267
10856 12665 271 267
10856 12666 272 268
10856 12667 276 267
10856 12668 279 268
10856 12669 280 268
10856 12670 281 270
10856 12671 286 268
10856 12672 287 269
10856 12673 289 270
10856 12674 293 269
10856 12675 295 270
10856 12676 296 270
10856 12677 299 269
10856 12678 302 270
10856 12679 303 270
10856 12680 306 270
10856 12681 310 270
10856 12682 312 270
10856 12683 312 271
10856 12684 317 270
10856 12685 319 271
10856 12686 320 271
10856 12687 322 271
10856 12688 328 271
10856 12689 329 272
10856 12690 330 272
10856 12691 334 273
10856 12692 337 272
10856 12693 338 272
10856 12694 342 274
10856 12695 346 273
10856 12696 346 273
10856 12697 348 273
10856 12698 353 274
10856 12699 355 275
10856 12700 355 273
10856 12701 358 272
10856 12702 362 273
10856 12703 363 274
10856 12704 365 276
10856 12705 369 273
10856 12706 372 274
10856 12707 373 274
10856 12708 376 274
10856 12709 380 275
10856 12710 381 275
10856 12711 383 278
10856 12712 387 275
10856 12713 389 276
10856 12714 390 276
10856 12715 394 276
10856 12716 398 275
10856 12717 399 276
10856 12718 400 279
10856 12719 405 276
10856 12720 407 277
10856 12721 407 276
10856 12722 410 278
10856 12723 415 279
10856 12724 417 277
10856 12725 417 277
10856 12726 420 278
10856 12727 425 278
10856 12728 426 278
10856 12729 429 279
10856 12730 435 280
10856 12731 434 276
10856 12732 433 283
10857 12665 82 323
10857 12666 81 321
10857 12667 81 319
10857 12668 78 322
10857 12669 77 319
10857 12670 76 322
10857 12671 76 322
10857 12672 73 322
10857 12673 71 325
10857 12674 71 326
10857 12675 68 328
10857 12676 66 332
10857 12677 65 330
10857 12678 63 330
10857 12679 58 327
10857 12680 60 333
10857 12681 59 333
10857 12682 57 334
10857 12683 53 333
10857 12684 53 333
10857 12685 51 334
10857 12686 50 336
10857 12687 49 336
10857 12688 46 336
10857 12689 45 334
10857 12690 43 337
10857 12691 42 341
10857 12692 40 342
10857 12693 39 345
10857 12694 37 344
10857 12695 36 347
10857 12696 33 347
10857 12697 31 342
10857 12698 29 345
10857 12699 28 347
10857 12700 27 347
10857 12701 24 350
10857 12702 23 349
10857 12703 22 352
10857 12704 17 352
10857 12705 17 352
10857 12706 17 352
10863 12681 489 265
10863 12682 482 267
10863 12683 479 263
10863 12684 472 262
10863 12685 462 262
10863 12686 451 261
10863 12687 439 260
10863 12688 426 259
10863 12689 411 258
10863 12690 398 258
10863 12691 388 256
10863 12692 375 255
10863 12693 358 254
10863 12694 345 252
10863 12695 350 253
11032 12817 138 284
11032 12818 131 288
11032 12819 127 290
11032 12820 119 294
11032 12821 112 297
11032 12822 105 301
11032 12823 95 303
11032 12824 86 308
11032 12825 80 311
11032 12826 72 315
11577 13129 381 275
11577 13130 379 270
11577 13131 379 270
11577 13132 378 270
11577 13133 374 270
11577 13134 372 269
11577 13135 371 270
11577 13136 368 270
11577 13137 364 268
11577 13138 363 269
11577 13139 363 270
11577 13140 360 269
11577 13141 356 266
11577 13142 356 268
11577 13143 355 270
11577 13144 352 268
11577 13145 350 263
11577 13146 348 267
11577 13147 348 268
11577 13148 344 267
11577 13149 341 267
11577 13150 340 267
11577 13151 339 269
11577 13152 336 267
11577 13153 334 263
11577 13154 333 266
11577 13155 332 267
11577 13156 331 264
11577 13157 328 259
11577 13158 330 258
11577 13159 324 255
11577 13160 321 258
11577 13161 314 261
11577 13162 318 266
11577 13163 315 265
11577 13164 312 265
11577 13165 310 265
11577 13166 309 265
11577 13167 306 265
11577 13168 303 264
11577 13169 302 264
11577 13170 302 265
11577 13171 300 264
11577 13172 297 263
11577 13173 296 264
11577 13174 295 264
11577 13175 292 264
11577 13176 289 263
11577 13177 288 263
11577 13178 289 264
11577 13179 286 263
11577 13180 283 259