92 609 194 246
92 610 212 249
92 611 230 250
92 612 253 251
92 613 264 253
92 614 283 255
92 615 296 256
92 616 316 257
92 617 336 259
92 618 352 268
299 2083 636 419
299 2084 631 419
299 2085 623 421
299 2086 623 420
299 2087 618 424
299 2088 613 425
299 2089 607 427
299 2090 602 428
299 2091 600 430
299 2092 596 431
299 2093 592 433
299 2094 589 429
299 2095 582 433
299 2096 577 433
299 2097 576 434
299 2098 572 435
299 2099 568 438
299 2100 564 438
299 2101 561 438
299 2102 555 439
299 2103 551 440
299 2104 548 441
299 2105 543 442
299 2106 539 443
299 2107 535 445
299 2108 533 444
299 2109 527 445
299 2110 522 448
299 2111 519 449
299 2112 515 449
299 2113 510 450
299 2114 506 452
299 2115 504 451
299 2116 497 453
299 2117 492 454
299 2118 489 455
299 2119 484 456
299 2120 479 457
299 2121 475 459
299 2122 475 456
299 2123 466 458
299 2124 460 460
299 2125 459 461
299 2126 456 459
299 2127 451 462
299 2128 445 464
299 2129 439 464
299 2130 436 464
299 2131 431 465
299 2132 426 466
299 2133 421 466
299 2134 416 469
299 2135 412 468
299 2136 407 470
299 2137 401 469
299 2138 402 472
346 2406 211 246
346 2407 220 247
346 2408 230 247
346 2409 240 248
346 2410 248 248
346 2411 258 249
346 2412 266 250
346 2413 276 251
346 2414 285 251
346 2415 293 252
346 2416 305 253
346 2417 298 255
346 2418 299 260
346 2419 310 261
346 2420 320 253
346 2421 329 254
346 2422 342 248
415 2633 314 466
415 2634 322 460
415 2635 327 458
415 2636 332 456
415 2637 340 451
415 2638 346 446
415 2639 351 442
415 2640 357 442
415 2641 364 436
415 2642 368 436
415 2643 374 435
415 2644 378 428
415 2645 383 427
415 2646 384 429
725 3025 29 476
725 3026 33 475
725 3027 35 473
725 3028 40 472
725 3029 44 472
725 3030 47 473
725 3031 50 469
725 3032 52 470
725 3033 54 467
725 3034 57 466
725 3035 60 466
725 3036 63 464
725 3037 66 459
725 3038 69 462
725 3039 71 459
725 3040 72 456
725 3041 75 458
725 3042 79 455
725 3043 80 451
725 3044 81 450
725 3045 84 443
725 3046 87 447
725 3047 89 442
725 3048 91 441
725 3049 93 444
725 3050 97 439
725 3051 99 438
725 3052 99 436
725 3053 102 429
725 3054 105 426
725 3055 107 426
725 3056 108 425
725 3057 110 426
725 3058 112 424
725 3059 115 426
725 3060 115 422
725 3061 118 420
725 3062 119 415
725 3063 121 414
725 3064 123 412
725 3065 125 413
725 3066 128 413
725 3067 131 412
725 3068 133 408
725 3069 137 404
725 3070 138 401
725 3071 141 402
725 3072 143 403
725 3073 141 403
1126 4926 487 270
1126 4927 483 269
1126 4928 478 266
1126 4929 472 265
1126 4930 464 265
1126 4931 453 264
1126 4932 440 263
1126 4933 422 262
1126 4934 415 261
1126 4935 405 261
1126 4936 393 258
1126 4937 382 258
1126 4938 372 258
1126 4939 364 257
1126 4940 363 261
1216 5130 197 260
1216 5131 191 259
1216 5132 187 261
1216 5133 184 263
1216 5134 182 263
1216 5135 177 265
1216 5136 169 267
1216 5137 165 268
1216 5138 158 270
1216 5139 152 273
1216 5140 146 277
1216 5141 142 279
1216 5142 138 282
1216 5143 128 285
1216 5144 126 287
1216 5145 118 290
1216 5146 110 294
1216 5147 101 297
1683 6866 485 267
1683 6867 482 265
1683 6868 476 265
1683 6869 469 264
1683 6870 453 262
1683 6871 445 261
1683 6872 429 260
1683 6873 418 259
1683 6874 410 258
1683 6875 397 257
1683 6876 387 257
1683 6877 377 256
1683 6878 371 255
1683 6879 360 254
1683 6880 351 253
1683 6881 342 253
1683 6882 337 252
1683 6883 337 257
1699 6902 202 263
1699 6903 196 261
1699 6904 196 259
1699 6905 196 259
1699 6906 196 260
1699 6907 190 261
1699 6908 185 263
1699 6909 184 263
1699 6910 179 265
1699 6911 174 267
1699 6912 170 268
1699 6913 167 269
1699 6914 164 271
1699 6915 159 273
1699 6916 154 274
1699 6917 151 276
1699 6918 146 278
1699 6919 142 280
1699 6920 136 282
1699 6921 132 284
1699 6922 126 286
1699 6923 120 289
1699 6924 117 291
1699 6925 111 293
1699 6926 104 296
1699 6927 100 299
1699 6928 93 300
1699 6929 87 303
1699 6930 81 305
1699 6931 76 308
1699 6932 70 311
1699 6933 62 314
1699 6934 55 318
1699 6935 50 320
1699 6936 42 323
1699 6937 36 326
1699 6938 28 330
1699 6939 24 333
1699 6940 20 336
1699 6941 16 339
1699 6942 14 341
1699 6943 8 339
1699 6944 6 346
1702 6975 487 269
1702 6976 480 267
1702 6977 473 265
1702 6978 463 265
1702 6979 451 263
1702 6980 438 262
1702 6981 417 261
1702 6982 402 259
1702 6983 387 258
1702 6984 376 257
1702 6985 364 256
1702 6986 354 255
1702 6987 333 254
1702 6988 324 253
1702 6989 309 253
1702 6990 298 251
1702 6991 284 249
1702 6992 278 249
1702 6993 267 248
1702 6994 256 247
1702 6995 239 247
1702 6996 234 246
1851 8976 125 286
1851 8977 111 290
1851 8978 105 293
1851 8979 101 294
1851 8980 94 297
1851 8981 88 301
1851 8982 83 302
1851 8983 78 305
1851 8984 69 310
1851 8985 59 314
1851 8986 54 316
1851 8987 48 320
1851 8988 39 324
1851 8989 41 330