26 15 181 334
26 16 182 337
26 17 182 336
26 18 186 339
26 19 188 335
26 20 189 341
26 21 191 340
26 22 192 340
26 23 195 338
26 24 196 339
26 25 198 341
26 26 199 342
26 27 201 343
26 28 202 344
26 29 205 344
26 30 206 345
26 31 208 347
26 32 210 348
26 33 212 348
26 34 215 350
26 35 217 351
26 36 218 352
26 37 220 352
26 38 223 354
26 39 223 354
26 40 228 356
26 41 229 357
26 42 230 359
26 43 232 362
26 44 235 361
26 45 237 361
26 46 241 362
26 47 241 364
26 48 243 364
26 49 247 369
26 50 249 369
26 51 255 371
26 52 252 375
26 53 257 373
26 54 262 373
26 55 263 375
26 56 265 374
26 57 267 378
26 58 272 379
26 59 272 385
26 60 275 382
26 61 277 386
26 62 282 385
26 63 283 386
26 64 285 388
26 65 286 394
26 66 289 390
26 67 294 392
26 68 295 394
26 69 294 395
60 69 299 395
60 70 301 399
60 71 303 402
60 72 309 405
60 73 310 401
60 74 312 405
60 75 316 404
60 76 320 405
60 77 321 409
60 78 325 408
60 79 328 406
60 80 331 407
60 81 335 408
60 82 338 409
60 83 342 411
60 84 344 412
60 85 348 415
60 86 351 418
60 87 356 423
60 88 358 419
60 89 362 420
60 90 366 423
60 91 368 425
60 92 372 427
73 91 369 437
73 92 372 438
73 93 375 433
73 94 379 429
73 95 382 431
73 96 386 432
73 97 390 434
73 98 393 436
73 99 397 439
73 100 401 440
73 101 404 442
73 102 408 444
73 103 411 446
73 104 415 447
73 105 418 449
73 106 422 451
73 107 426 454
73 108 429 454
73 109 433 456
121 194 188 287
121 195 191 288
121 196 193 289
121 197 194 289
121 198 196 289
121 199 200 289
121 200 202 291
121 201 203 292
121 202 205 292
121 203 207 293
121 204 210 294
121 205 211 293
121 206 214 294
121 207 216 295
121 208 217 298
121 209 220 297
121 210 223 299
121 211 224 298
121 212 226 298
121 213 229 300
121 214 232 301
121 215 233 301
121 216 235 301
121 217 238 303
121 218 240 305
121 219 243 304
121 220 244 305
121 221 248 306
121 222 249 306
121 223 252 307
121 224 256 307
121 225 258 307
121 226 260 309
121 227 262 310
121 228 265 309
121 229 267 308
121 230 271 312
121 231 273 311
121 232 275 310
121 233 278 313
121 234 284 316
121 235 289 318
121 236 293 315
121 237 301 321
121 238 311 322
121 239 324 326
121 240 329 332
256 429 143 295
256 430 145 293
256 431 148 294
256 432 150 296
256 433 151 291
256 434 153 290
256 435 155 289
256 436 156 290
256 437 159 288
256 438 162 289
256 439 164 289
256 440 164 286
256 441 167 288
256 442 168 289
256 443 169 288
256 444 170 283
256 445 172 288
256 446 174 287
256 447 176 284
256 448 178 286
256 449 180 285
256 450 181 281
256 451 180 283
256 452 182 283
256 453 184 279
256 454 187 279
256 455 188 279
256 456 191 281
256 457 191 277
256 458 194 276
256 459 195 276
256 460 196 276
256 461 198 275
256 462 199 275
256 463 201 275
256 464 203 274
256 465 204 273
256 466 206 274
256 467 209 274
256 468 211 274
256 469 212 274
256 470 215 274
256 471 216 273
256 472 219 274
256 473 220 270
256 474 221 269
256 475 223 272
256 476 223 273
338 516 98 293
338 517 100 293
338 518 100 294
338 519 104 295
338 520 99 297
338 521 96 300
338 522 100 296
338 523 104 298
338 524 103 297
338 525 106 294
338 526 105 298
338 527 104 299
338 528 105 300
338 529 106 300
338 530 109 299
338 531 111 296
338 532 110 295
338 533 111 300
338 534 113 297
338 535 114 298
338 536 112 301
338 537 114 300
338 538 116 297
338 539 114 299
338 540 112 302
338 541 121 302
338 542 121 298
338 543 121 299
338 544 122 302
338 545 124 302
338 546 124 303
338 547 121 303
338 548 125 302
338 549 125 299
338 550 128 302
338 551 127 302
338 552 128 300
338 553 129 301
338 554 129 305
338 555 132 302
338 556 130 303
338 557 132 303
338 558 133 306
338 559 131 307
338 560 133 305
338 561 135 306
338 562 134 308
338 563 136 303
338 564 139 307
338 565 140 305
338 566 141 305
338 567 142 304
338 568 143 305
338 569 145 305
338 570 146 304
338 571 148 303
338 572 149 303
338 573 151 305
338 574 152 305
338 575 154 304
338 576 156 304
338 577 156 303
338 578 158 304
338 579 160 304
338 580 161 304
338 581 163 305
338 582 164 305
338 583 165 305
338 584 166 305
338 585 167 305
338 586 168 306
338 587 169 306
338 588 170 306
338 589 173 306
338 590 175 307
338 591 176 309
338 592 177 309
338 593 179 309
338 594 179 309
338 595 181 310
338 596 183 310
338 597 186 310
338 598 187 311
338 599 188 311
338 600 190 311
338 601 192 312
338 602 194 311
338 603 195 313
338 604 197 314
338 605 198 314
338 606 200 314
338 607 203 313
338 608 205 312
338 609 206 316
338 610 207 317
338 611 209 316
338 612 209 316
338 613 210 317
338 614 213 317
338 615 214 317
338 616 215 316
338 617 216 316
338 618 218 315
338 619 219 314
338 620 219 314
338 621 222 318
338 622 222 318
338 623 224 318
338 624 226 320
338 625 226 319
338 626 228 319
338 627 229 318
338 628 231 318
338 629 233 319
338 630 234 319
338 631 235 320
338 632 235 321
338 633 232 322
338 634 235 320
338 635 231 320
338 636 232 319
338 637 234 322
428 641 152 246
428 642 161 246
428 643 169 247
428 644 177 248
428 645 181 247
428 646 190 249
428 647 198 249
428 648 208 250
428 649 213 250
428 650 223 252
428 651 236 253
428 652 241 254
428 653 252 254
428 654 261 255
428 655 273 256
428 656 278 257
428 657 290 258
522 774 211 246
522 775 209 247
522 776 224 248
522 777 239 249
522 778 244 249
522 779 251 250
522 780 258 251
522 781 267 251
522 782 275 251
522 783 285 252
522 784 293 254
522 785 300 254
522 786 309 255
522 787 305 255
522 788 298 261
522 789 294 260
522 790 289 253
522 791 295 253
673 903 130 301
673 904 129 298
673 905 131 297
673 906 130 296
673 907 132 296
673 908 135 296
673 909 137 294
673 910 139 294
673 911 140 293
673 912 141 292
673 913 144 292
673 914 145 292
673 915 145 290
673 916 147 291
673 917 149 291
673 918 151 291
673 919 153 289
673 920 154 290
673 921 156 288
673 922 157 288
673 923 158 288
673 924 161 286
673 925 162 286
673 926 164 288
673 927 165 286
673 928 167 285
673 929 170 285
673 930 170 284
673 931 173 284
673 932 174 283
673 933 175 283
673 934 176 283
673 935 178 280
673 936 180 281
673 937 182 282
673 938 184 284
673 939 186 281
673 940 186 279
673 941 188 279
673 942 190 279
673 943 192 276
673 944 194 278
673 945 195 275
673 946 195 275
673 947 197 275
673 948 200 274
673 949 202 274
673 950 203 273
673 951 205 273
673 952 208 274
673 953 210 273
673 954 212 273
673 955 214 274
673 956 215 273
673 957 219 272
673 958 219 272
673 959 220 272
673 960 220 272
673 961 225 273
673 962 226 275
673 963 228 272
673 964 229 272
673 965 231 273
673 966 233 270
673 967 235 270
673 968 236 270
673 969 239 270
673 970 241 270
673 971 242 271
673 972 245 270
673 973 246 271
673 974 248 271
673 975 250 269
673 976 252 270
673 977 253 267
673 978 255 268
673 979 256 268
673 980 259 269
673 981 260 269
673 982 263 267
673 983 264 266
673 984 267 266
673 985 268 267
673 986 269 266
673 987 272 265
673 988 274 266
673 989 275 266
673 990 277 264
673 991 280 266
673 992 282 266
673 993 282 265
673 994 283 267
918 1182 228 254
918 1183 233 255
918 1184 237 255
918 1185 243 254
918 1186 249 253
918 1187 256 252
918 1188 263 255
918 1189 269 256
918 1190 276 256
918 1191 283 257
918 1192 290 257
918 1193 297 258
918 1194 304 258
918 1195 310 259
918 1196 318 259
918 1197 324 260
918 1198 331 260
918 1199 338 261
918 1200 345 261
918 1201 340 260
918 1202 343 265
918 1203 346 265
936 1199 485 423
936 1200 481 421
936 1201 475 426
936 1202 471 426
936 1203 467 431
936 1204 467 428
936 1205 463 428
936 1206 460 421
936 1207 458 423
936 1208 458 417
936 1209 454 416
936 1210 450 420
936 1211 453 413
936 1212 449 412
936 1213 443 415
936 1214 442 412
936 1215 443 407
936 1216 442 398
936 1217 440 394
986 1236 403 371
986 1237 401 369
986 1238 397 372
986 1239 395 375
986 1240 393 375
986 1241 393 372
986 1242 386 372
986 1243 388 371
986 1244 387 371
986 1245 383 367
986 1246 382 367
986 1247 380 366
986 1248 378 366
986 1249 377 364
986 1250 375 364
986 1251 373 363
986 1252 373 362
986 1253 371 359
986 1254 370 359
986 1255 369 360
986 1256 367 356
986 1257 365 356
986 1258 364 355
986 1259 363 354
986 1260 362 352
986 1261 362 346
986 1262 361 344
986 1263 356 354
986 1264 357 340
986 1265 355 339
986 1266 354 339
986 1267 352 339
986 1268 350 342
986 1269 349 336
986 1270 348 336
986 1271 347 336
986 1272 345 334
986 1273 343 332
1202 1459 346 470
1202 1460 350 469
1202 1461 353 468
1202 1462 358 468
1202 1463 362 468
1202 1464 368 467
1202 1465 372 467
1202 1466 374 466
1202 1467 380 464
1202 1468 382 462
1202 1469 387 463
1202 1470 390 464
1202 1471 394 463
1202 1472 399 464
1202 1473 404 463
1202 1474 407 461
1202 1475 412 456
1202 1476 415 454
1202 1477 418 453
1202 1478 422 452
1202 1479 423 458
1202 1480 428 456
1202 1481 431 455
1202 1482 435 453
1202 1483 438 453
1202 1484 442 446
1202 1485 446 444
1202 1486 450 443
1202 1487 452 445
1202 1488 453 447
1202 1489 458 446
1202 1490 461 445
1202 1491 464 443
1202 1492 467 439
1203 1459 334 460
1203 1460 338 462
1203 1461 340 463
1203 1462 345 464
1203 1463 349 464
1203 1464 354 458
1203 1465 358 457
1203 1466 361 456
1203 1467 365 454
1203 1468 368 461
1203 1469 372 461
1203 1470 377 458
1203 1471 380 456
1203 1472 386 450
1203 1473 389 449
1203 1474 392 448
1203 1475 395 455
1203 1476 399 455
1203 1477 403 454
1203 1478 406 450
1203 1479 414 450
1203 1480 416 443
1203 1481 418 449
1203 1482 419 446
1203 1483 422 446
1203 1484 428 446
1203 1485 431 446
1203 1486 435 441
1203 1487 441 436
1203 1488 443 435
1203 1489 444 432
1203 1490 447 432
1203 1491 448 439
1203 1492 453 437
1203 1493 456 435
1267 1506 429 473
1267 1507 434 473
1267 1508 438 472
1267 1509 442 474
1267 1510 446 472
1267 1511 451 471
1267 1512 454 472
1267 1513 459 470
1267 1514 462 470
1267 1515 467 469
1267 1516 471 471
1267 1517 475 468
1267 1518 481 468
1267 1519 485 467
1267 1520 489 465
1267 1521 492 467
1267 1522 498 466
1267 1523 501 464
1267 1524 504 463
1267 1525 508 460
1267 1526 513 461
1267 1527 516 461
1267 1528 519 459
1267 1529 523 460
1267 1530 528 459
1267 1531 530 457
1267 1532 533 456
1267 1533 538 453
1267 1534 539 455
1267 1535 545 454
1267 1536 548 452
1267 1537 551 453
1267 1538 554 454
1267 1539 558 452
1267 1540 562 448
1267 1541 566 446
1267 1542 569 444
1267 1543 571 447
1267 1544 574 445
1267 1545 577 445
1374 1555 64 328
1374 1556 68 325
1374 1557 69 323
1374 1558 68 317
1374 1559 66 319
1374 1560 67 316
1374 1561 78 314
1374 1562 71 314
1374 1563 79 314
1374 1564 76 312
1374 1565 81 312
1374 1566 82 312
1374 1567 83 311
1374 1568 88 310
1374 1569 89 307
1374 1570 92 307
1374 1571 93 310
1374 1572 97 305
1374 1573 98 303
1374 1574 102 304
1374 1575 105 303
1374 1576 105 302
1374 1577 109 300
1374 1578 110 299
1374 1579 113 299
1374 1580 116 298
1374 1581 120 296
1374 1582 120 296
1374 1583 120 295
1374 1584 124 294
1374 1585 124 293
1374 1586 125 292
1374 1587 129 293
1374 1588 131 290
1374 1589 132 290
1374 1590 134 289
1505 1614 230 253
1505 1615 237 252
1505 1616 244 254
1505 1617 251 254
1505 1618 262 254
1505 1619 274 256
1505 1620 284 257
1505 1621 295 259
1505 1622 308 259
1505 1623 315 259
1505 1624 328 260
1505 1625 340 260
1505 1626 353 261
1505 1627 362 262
1505 1628 375 263
1505 1629 387 264
1505 1630 397 266
1505 1631 410 267
1505 1632 432 267
1505 1633 437 266
1505 1634 445 268
1505 1635 452 268
1549 1637 296 259
1549 1638 307 259
1549 1639 320 261
1549 1640 329 260
1549 1641 343 261
1549 1642 356 261
1549 1643 369 263
1549 1644 379 264
1549 1645 393 265
1549 1646 408 266
1549 1647 421 269
1549 1648 431 267
1549 1649 445 270
1549 1650 433 266
1585 1669 633 460
1585 1670 634 450
1585 1671 634 447
1585 1672 629 448
1585 1673 626 452
1585 1674 622 455
1585 1675 618 457
1585 1676 615 454
1585 1677 610 458
1585 1678 607 458
1585 1679 603 459
1585 1680 599 462
1585 1681 595 463
1585 1682 591 464
1585 1683 586 467
1585 1684 582 466
1585 1685 578 466
1585 1686 575 467
1585 1687 569 469
1585 1688 565 470
1585 1689 561 473
1585 1690 556 471
1585 1691 553 470
1585 1692 547 470
1585 1693 542 470
1585 1694 546 473
1769 1835 276 251
1769 1836 286 257
1769 1837 291 258
1769 1838 302 258
1769 1839 316 259
1769 1840 328 261
1769 1841 336 262
1769 1842 348 262
1769 1843 360 261
1769 1844 377 264
1769 1845 382 265
1769 1846 396 266
1769 1847 409 267
1769 1848 417 267
1769 1849 430 269
1769 1850 444 270
1769 1851 463 271
1769 1852 454 268
1769 1853 465 269
1769 1854 470 265
1769 1855 464 265
1769 1856 458 261
1769 1857 458 265
1907 2016 567 415
1907 2017 563 417
1907 2018 560 416
1907 2019 556 414
1907 2020 553 419
1907 2021 548 422
1907 2022 544 426
1907 2023 541 421
1907 2024 536 420
1907 2025 533 422
1907 2026 529 420
1907 2027 525 423
1907 2028 519 425
1907 2029 517 427
1907 2030 512 424
1907 2031 507 425
1907 2032 501 425
1907 2033 498 425
1907 2034 493 428
1907 2035 487 430
1907 2036 485 432
1907 2037 480 429
1907 2038 475 431
1907 2039 470 431
1907 2040 466 429
1907 2041 461 433
1907 2042 455 435
1907 2043 452 434
1907 2044 447 433
1907 2045 442 436
1907 2046 435 435
1907 2047 432 434
1907 2048 426 437
1907 2049 420 438
1907 2050 416 441
1907 2051 412 437
1907 2052 406 439
1907 2053 400 439
1907 2054 396 441
1907 2055 391 440
1907 2056 383 442
1907 2057 378 441
1907 2058 375 441
1907 2059 370 443
1907 2060 363 442
1907 2061 360 443
1907 2062 353 447
1907 2063 348 445
1907 2064 342 449
1907 2065 339 445
1907 2066 333 446
1907 2067 326 446
1907 2068 322 445
1907 2069 317 449
1907 2070 309 447
1907 2071 303 447
1907 2072 300 446
1907 2073 294 447
1907 2074 288 447
1907 2075 282 446
1907 2076 277 446
1907 2077 272 448
1907 2078 263 454
1907 2079 261 448
1907 2080 256 447
1907 2081 251 449
1907 2082 244 448
1907 2083 238 448
1907 2084 231 455
1907 2085 226 456
1907 2086 221 450
1907 2087 216 449
1907 2088 211 451
1907 2089 204 450
1907 2090 199 449
1907 2091 194 449
1907 2092 188 453
1907 2093 179 451
1964 2100 9 437
1964 2101 13 437
1964 2102 17 436
1964 2103 18 432
1964 2104 20 430
1964 2105 25 433
1964 2106 27 430
1964 2107 28 429
1964 2108 30 426
1964 2109 33 429
1964 2110 39 428
1964 2111 41 427
1964 2112 42 424
1964 2113 45 426
1964 2114 51 426
1964 2115 49 435
1964 2116 55 425
1964 2117 58 423
1964 2118 63 426
1964 2119 67 426
1964 2120 67 423
1964 2121 71 423
1964 2122 76 423
1964 2123 81 423
1964 2124 82 422
1964 2125 84 420
1964 2126 90 422
1964 2127 95 421
1964 2128 96 419
1964 2129 99 419
1964 2130 102 420
1964 2131 107 419
1964 2132 110 419
1964 2133 113 417
1964 2134 116 419
1964 2135 122 418
1964 2136 125 418
1976 2107 71 423
1976 2108 74 424
1976 2109 77 428
1976 2110 81 427
1976 2111 84 428
1976 2112 87 429
1976 2113 91 429
1976 2114 95 429
1976 2115 98 429
1976 2116 100 430
1976 2117 104 430
1976 2118 108 430
1976 2119 112 430
1976 2120 115 431
1976 2121 119 432
1976 2122 123 430
1976 2123 127 430
1976 2124 130 430
1976 2125 134 430
1976 2126 138 429
1976 2127 142 429
1976 2128 145 429
1976 2129 149 428
1976 2130 152 427
1976 2131 155 426
1976 2132 158 425
1976 2133 163 424
1976 2134 166 423
1976 2135 169 422
1976 2136 173 421
1976 2137 176 421
1976 2138 178 420
1976 2139 182 418
1976 2140 186 418
1976 2141 189 418
1976 2142 191 416
1976 2143 194 415
1976 2144 198 414
1976 2145 201 413
1976 2146 202 413
1976 2147 206 411
1976 2148 208 409
1976 2149 209 408
1976 2150 210 407
1976 2151 213 405
1976 2152 217 406
1976 2153 219 405
2049 2174 256 388
2049 2175 258 388
2049 2176 260 389
2049 2177 265 389
2049 2178 268 388
2049 2179 271 388
2049 2180 274 389
2049 2181 279 388
2049 2182 282 388
2049 2183 285 388
2049 2184 288 389
2049 2185 292 390
2049 2186 297 389
2049 2187 300 389
2049 2188 302 389
2049 2189 307 391
2049 2190 312 389
2049 2191 316 389
2049 2192 319 390
2049 2193 323 390
2049 2194 326 389
2049 2195 329 388
2049 2196 332 389
2049 2197 335 389
2049 2198 338 389
2049 2199 343 388
2049 2200 346 389
2049 2201 350 389
2049 2202 353 388
2049 2203 357 387
2049 2204 360 386
2049 2205 363 387
2049 2206 367 387
2049 2207 369 385
2049 2208 372 385
2049 2209 376 386
2049 2210 379 385
2049 2211 383 383
2049 2212 385 383
2049 2213 388 384
2049 2214 391 383
2049 2215 394 382
2049 2216 397 382
2049 2217 400 383
2049 2218 405 382
2049 2219 407 381
2049 2220 412 381
2049 2221 416 381
2049 2222 418 380
2049 2223 420 379
2049 2224 423 379
2049 2225 426 380
2049 2226 430 380
2049 2227 426 383
2049 2228 427 385
2096 2248 422 476
2096 2249 416 476
2096 2250 412 475
2096 2251 407 474
2096 2252 402 473
2096 2253 398 473
2096 2254 394 473
2096 2255 389 471
2096 2256 383 471
2096 2257 378 471
2096 2258 376 471
2096 2259 372 470
2096 2260 365 469
2096 2261 360 469
2096 2262 360 467
2096 2263 350 466
2096 2264 350 465
2096 2265 341 465
2096 2266 341 463
2096 2267 340 461
2096 2268 336 459
2096 2269 332 457
2096 2270 330 456
2096 2271 326 455
2096 2272 321 455
2096 2273 318 453
2096 2274 315 452
2096 2275 309 450
2096 2276 305 449
2112 2267 330 472
2112 2268 326 471
2112 2269 322 470
2112 2270 319 469
2112 2271 316 469
2112 2272 311 468
2112 2273 308 467
2112 2274 305 467
2112 2275 301 466
2112 2276 296 465
2112 2277 298 457
2112 2278 291 460
2112 2279 286 460
2112 2280 281 459
2112 2281 278 457
2112 2282 275 456
2112 2283 271 456
2112 2284 267 455
2112 2285 264 453
2112 2286 260 450
2112 2287 256 449
2112 2288 254 449
2112 2289 251 448
2112 2290 245 445
2112 2291 242 446
2112 2292 239 446
2112 2293 236 444
2112 2294 233 441
2119 2278 300 447
2119 2279 295 446
2119 2280 291 444
2119 2281 289 443
2119 2282 284 442
2119 2283 281 440
2119 2284 275 439
2119 2285 274 438
2119 2286 271 437
2119 2287 268 435
2119 2288 264 435
2119 2289 261 434
2119 2290 257 431
2119 2291 253 430
2119 2292 251 432
2119 2293 248 428
2119 2294 245 426
2119 2295 243 425
2119 2296 240 424
2119 2297 238 423
2119 2298 234 421
2119 2299 232 419
2119 2300 229 418
2119 2301 227 417
2119 2302 225 415
2119 2303 222 420
2119 2304 220 418
2119 2305 218 411
2119 2306 215 410
2119 2307 212 408
2119 2308 210 407
2119 2309 209 406
2119 2310 209 404
2119 2311 204 408
2119 2312 204 405
2119 2313 201 401
2119 2314 198 399
2119 2315 195 398
2119 2316 193 397
2119 2317 190 399
2119 2318 189 400
2119 2319 183 399
2119 2320 185 399
2119 2321 179 393
2119 2322 176 391
2119 2323 172 390
2119 2324 170 390
2119 2325 168 393
2119 2326 163 393
2119 2327 161 392
2119 2328 158 387
2119 2329 155 385
2119 2330 151 384
2119 2331 149 384
2119 2332 147 386
2119 2333 144 387
2119 2334 141 387
2119 2335 138 385
2119 2336 135 380
2119 2337 132 378
2119 2338 130 379
2119 2339 128 378
2119 2340 126 382
2119 2341 123 377
2190 2336 432 260
2190 2337 423 260
2190 2338 416 259
2190 2339 403 258
2190 2340 391 257
2190 2341 380 256
2190 2342 372 256
2190 2343 362 254
2190 2344 351 253
2190 2345 344 253
2190 2346 335 252
2190 2347 324 252
2190 2348 314 250
2190 2349 307 250
2190 2350 298 249
2190 2351 288 248
2190 2352 282 248
2190 2353 275 247
2190 2354 264 247
2190 2355 256 246
2190 2356 251 246
2190 2357 226 248
2319 2502 617 457
2319 2503 612 448
2319 2504 610 447
2319 2505 609 444
2319 2506 608 440
2319 2507 602 443
2319 2508 599 442
2319 2509 598 438
2319 2510 596 438
2319 2511 590 438
2319 2512 587 437
2319 2513 586 434
2319 2514 584 431
2319 2515 581 436
2319 2516 577 431
2319 2517 575 428
2319 2518 577 427
2319 2519 581 421
2319 2520 579 419
2319 2521 577 419
2319 2522 574 414
2319 2523 572 416
2319 2524 567 413
2319 2525 564 413
2319 2526 561 412
2319 2527 558 412
2319 2528 556 410
2319 2529 555 414
2319 2530 553 411
2342 2519 570 429
2342 2520 565 427
2342 2521 565 425
2342 2522 562 423
2342 2523 559 420
2342 2524 555 422
2342 2525 552 422
2342 2526 551 418
2342 2527 548 418
2342 2528 542 419
2342 2529 540 417
2342 2530 539 416
2342 2531 538 413
2342 2532 534 413
2342 2533 531 408
2342 2534 529 410
2342 2535 526 408
2342 2536 523 410
2342 2537 519 408
2342 2538 518 406
2342 2539 515 404
2342 2540 513 401
2342 2541 511 398
2342 2542 508 397
2342 2543 506 399
2342 2544 504 401
2342 2545 499 399
2342 2546 498 399
2342 2547 495 400
2342 2548 492 398
2342 2549 489 393
2342 2550 486 391
2500 2641 460 476
2500 2642 457 475
2500 2643 454 473
2500 2644 450 472
2500 2645 448 472
2500 2646 445 471
2500 2647 442 470
2500 2648 439 469
2500 2649 437 468
2500 2650 435 467
2500 2651 429 467
2500 2652 426 465
2500 2653 424 465
2500 2654 423 460
2500 2655 417 462
2500 2656 416 459
2500 2657 414 457
2500 2658 409 459
2500 2659 406 455
2500 2660 404 453
2500 2661 403 452
2500 2662 399 451
2500 2663 395 449
2500 2664 394 447
2500 2665 391 446
2500 2666 387 445
2500 2667 384 442
2500 2668 384 439
2500 2669 382 435
2500 2670 380 433
2500 2671 377 436
2500 2672 375 432
2500 2673 373 434
2500 2674 369 432
2500 2675 367 430
2500 2676 366 427
2500 2677 365 419
2500 2678 363 424
2500 2679 361 423
2500 2680 360 414
2500 2681 358 412
2500 2682 355 418
2500 2683 356 416
2500 2684 353 408
2500 2685 351 406
2500 2686 350 412
2500 2687 349 404
2500 2688 348 402
2500 2689 347 400
2500 2690 344 406
2500 2691 344 403
2500 2692 343 397
2500 2693 343 395
2500 2694 340 394
2711 2876 256 267
2711 2877 252 270
2711 2878 251 270
2711 2879 250 268
2711 2880 247 271
2711 2881 244 269
2711 2882 243 270
2711 2883 240 270
2711 2884 238 270
2711 2885 236 270
2711 2886 234 273
2711 2887 232 273
2711 2888 229 270
2711 2889 228 271
2711 2890 227 273
2711 2891 223 273
2711 2892 222 272
2711 2893 220 272
2711 2894 218 274
2711 2895 216 274
2711 2896 214 273
2711 2897 212 273
2711 2898 210 274
2711 2899 209 273
2711 2900 207 274
2711 2901 204 273
2711 2902 203 274
2711 2903 200 274
2711 2904 198 276
2711 2905 196 276
2711 2906 195 278
2711 2907 192 278
2711 2908 190 278
2711 2909 189 281
2711 2910 187 282
2711 2911 184 280
2711 2912 182 281
2711 2913 180 279
2711 2914 178 282
2711 2915 176 282
2711 2916 174 283
2711 2917 171 285
2711 2918 169 282
2711 2919 166 285
2711 2920 165 283
2711 2921 164 285
2711 2922 160 284
2711 2923 158 285
2711 2924 156 287
2711 2925 155 286
2711 2926 153 286
2711 2927 151 286
2711 2928 148 287
2711 2929 146 289
2711 2930 142 290
2711 2931 141 287
2711 2932 138 288
2711 2933 136 289
2711 2934 133 288
2711 2935 134 290
2711 2936 131 291
2711 2937 126 290
2755 3018 348 258
2755 3019 347 257
2755 3020 352 258
2755 3021 352 257
2755 3022 373 263
2755 3023 387 264
2755 3024 399 265
2755 3025 413 266
2755 3026 421 267
2755 3027 433 268
2755 3028 446 269
2755 3029 460 270
2755 3030 453 268
2755 3031 460 273
2765 3045 329 475
2765 3046 334 473
2765 3047 338 473
2765 3048 342 472
2765 3049 346 470
2765 3050 351 468
2765 3051 354 466
2765 3052 358 464
2765 3053 362 462
2765 3054 366 461
2765 3055 369 459
2765 3056 372 457
2765 3057 377 454
2765 3058 381 454
2765 3059 384 452
2765 3060 386 450
2765 3061 390 447
2765 3062 394 446
2765 3063 398 444
2765 3064 400 445
2765 3065 404 449
2765 3066 403 456
2765 3067 410 456
2765 3068 418 452
2765 3069 410 450
2765 3070 413 450
2863 3248 122 317
2863 3249 127 315
2863 3250 127 316
2863 3251 129 316
2863 3252 131 318
2863 3253 132 318
2863 3254 132 320
2863 3255 132 317
2863 3256 134 315
2863 3257 136 316
2863 3258 139 317
2863 3259 140 317
2863 3260 144 318
2863 3261 145 319
2863 3262 148 319
2863 3263 153 320
2863 3264 155 321
2863 3265 156 322
2863 3266 160 326
2863 3267 163 327
2863 3268 167 331
2863 3269 169 331
2863 3270 170 332
2863 3271 173 334
2863 3272 173 335
2863 3273 174 334
2863 3274 173 331
2863 3275 173 333
2863 3276 174 332
2863 3277 173 336
2863 3278 173 337
2863 3279 173 337
2863 3280 173 340
2863 3281 172 341
2863 3282 171 344
2863 3283 171 343
2863 3284 171 347
2863 3285 169 347
2863 3286 170 346
2863 3287 168 348
2863 3288 168 350
2863 3289 167 351
2863 3290 167 353
2863 3291 166 357
2863 3292 165 355
2863 3293 163 356
2863 3294 161 356
2905 3308 142 378
2905 3309 141 379
2905 3310 138 378
2905 3311 137 380
2905 3312 137 385
2905 3313 134 383
2905 3314 132 384
2905 3315 131 386
2905 3316 128 390
2905 3317 126 388
2905 3318 124 391
2905 3319 123 394
2905 3320 122 393
2905 3321 122 395
2905 3322 119 397
2905 3323 116 399
2905 3324 114 399
2905 3325 112 403
2905 3326 112 404
2905 3327 111 409
2905 3328 108 405
2905 3329 108 407
2905 3330 106 411
2905 3331 103 412
2905 3332 101 414
2905 3333 99 416
2905 3334 99 417
2905 3335 95 418
2905 3336 93 419
2905 3337 91 422
2905 3338 87 423
2905 3339 85 427
2905 3340 84 430
2905 3341 80 431
2905 3342 79 440
2922 3320 175 247
2922 3321 177 255
2922 3322 165 258
2922 3323 164 260
2922 3324 163 263
2922 3325 162 264
2922 3326 162 263
2922 3327 160 266
2922 3328 158 267
2922 3329 156 268
2922 3330 157 270
2922 3331 156 269
2922 3332 151 272
2922 3333 149 274
2922 3334 148 274
2922 3335 146 276
2922 3336 144 276
2922 3337 142 277
2922 3338 144 278
2922 3339 138 279
2922 3340 135 281
2922 3341 134 282
2922 3342 132 283
2922 3343 130 284
2922 3344 132 283
2922 3345 124 286
2922 3346 121 288
2922 3347 120 289
2922 3348 116 290
2922 3349 114 291
2922 3350 112 291
2922 3351 109 293
2922 3352 106 295
2922 3353 104 296
2922 3354 103 298
2922 3355 97 299
2922 3356 94 300
2922 3357 90 302
2922 3358 88 303
2922 3359 85 303
2922 3360 89 306
2922 3361 80 307
2922 3362 75 308
2922 3363 76 309
2922 3364 68 313
2922 3365 53 318
2922 3366 37 326
2922 3367 13 337
2922 3368 15 325
2951 3345 408 385
2951 3346 408 386
2951 3347 404 389
2951 3348 402 385
2951 3349 397 387
2951 3350 394 388
2951 3351 390 390
2951 3352 384 395
2951 3353 382 390
2951 3354 378 394
2951 3355 376 392
2951 3356 372 393
2951 3357 369 394
2951 3358 365 394
2951 3359 361 395
2951 3360 358 396
2951 3361 354 396
2951 3362 351 397
2951 3363 343 400
2951 3364 334 404
2951 3365 319 407
2951 3366 298 408
2994 3368 228 425
2994 3369 199 428
2994 3370 175 427
2994 3371 166 428
2994 3372 151 429
2994 3373 137 433
2994 3374 129 434
2994 3375 124 431
2994 3376 119 434
2994 3377 117 433
2994 3378 114 433
2994 3379 109 435
2994 3380 102 435
2994 3381 95 435
2994 3382 93 431
2994 3383 89 435
2994 3384 85 436
2994 3385 81 437
2994 3386 76 437
2994 3387 72 440
2994 3388 74 438
3493 3848 262 475
3493 3849 264 474
3493 3850 268 473
3493 3851 272 472
3493 3852 273 471
3493 3853 276 471
3493 3854 279 470
3493 3855 281 468
3493 3856 284 468
3493 3857 289 467
3493 3858 292 465
3493 3859 292 461
3493 3860 296 463
3493 3861 299 462
3493 3862 298 456
3493 3863 303 458
3493 3864 307 456
3493 3865 309 454
3493 3866 311 451
3493 3867 313 451
3493 3868 314 449
3493 3869 316 447
3493 3870 319 446
3493 3871 320 444
3493 3872 323 442
3493 3873 324 435
3493 3874 326 439
3493 3875 329 437
3493 3876 331 435
3493 3877 334 434
3493 3878 336 433
3493 3879 336 431
3493 3880 340 428
3493 3881 342 427
3493 3882 343 425
3493 3883 345 424
3493 3884 347 423
3493 3885 350 420
3493 3886 350 419
3493 3887 353 417
3493 3888 354 415
3493 3889 354 409
3493 3890 358 411
3493 3891 360 411
3493 3892 360 409
3493 3893 363 408
3493 3894 365 405
3493 3895 366 405
3493 3896 365 400
3493 3897 368 401
3493 3898 370 402
3493 3899 372 399
3493 3900 374 398
3493 3901 375 395
3493 3902 375 391
3493 3903 375 391
3493 3904 377 389
3493 3905 380 391
3493 3906 380 386
3493 3907 381 388
3493 3908 384 386
3493 3909 384 385
3493 3910 385 381
3493 3911 386 380
3493 3912 389 382
3493 3913 389 380
3493 3914 391 379
3493 3915 392 373
3493 3916 394 375
3493 3917 396 374
3493 3918 397 373
3493 3919 399 373
3493 3920 396 371
3493 3921 397 371
3493 3922 398 369
3493 3923 404 368
3493 3924 400 368
3493 3925 402 368
3493 3926 404 366
3493 3927 409 365
3493 3928 405 365
3493 3929 407 363
3493 3930 408 361
3493 3931 409 361
3493 3932 411 361
3493 3933 411 358
3493 3934 413 358
3493 3935 414 357
3493 3936 415 355
3493 3937 416 353
3493 3938 417 355
3493 3939 419 355
3493 3940 419 352
3493 3941 420 351
3493 3942 421 349
3493 3943 422 349
3493 3944 423 348
3493 3945 425 348
3493 3946 429 346
3493 3947 425 345
3493 3948 426 345
3493 3949 428 344
3493 3950 429 343
3493 3951 424 341
3520 3885 44 347
3520 3886 42 339
3520 3887 44 340
3520 3888 48 332
3520 3889 57 329
3520 3890 63 326
3520 3891 67 324
3520 3892 70 322
3520 3893 78 317
3520 3894 84 314
3520 3895 87 314
3520 3896 92 310
3520 3897 98 307
3520 3898 101 307
3520 3899 106 303
3520 3900 110 300
3520 3901 117 298
3520 3902 120 298
3520 3903 124 294
3520 3904 130 292
3520 3905 133 290
3520 3906 134 289
3520 3907 139 286
3520 3908 145 284
3520 3909 149 283
3520 3910 152 283
3520 3911 154 279
3520 3912 160 277
3520 3913 162 275
3520 3914 163 275
3520 3915 167 274
3520 3916 171 273
3520 3917 174 271
3520 3918 176 269
3520 3919 180 269
3520 3920 180 270
3520 3921 182 269
3520 3922 185 267
3520 3923 186 266
3520 3924 185 267
3520 3925 190 266
3520 3926 193 267
3520 3927 194 267
3533 3894 104 307
3533 3895 109 305
3533 3896 113 303
3533 3897 118 300
3533 3898 122 299
3533 3899 126 296
3533 3900 130 294
3533 3901 135 292
3533 3902 139 290
3533 3903 143 287
3533 3904 146 285
3533 3905 151 284
3533 3906 155 283
3533 3907 159 281
3533 3908 163 278
3533 3909 166 277
3533 3910 170 275
3533 3911 173 274
3533 3912 177 272
3533 3913 179 271
3533 3914 181 268
3533 3915 186 268
3533 3916 189 267
3533 3917 196 268
3533 3918 191 262
3533 3919 192 261
3548 3913 4 472
3548 3914 7 472
3548 3915 10 471
3548 3916 14 471
3548 3917 17 470
3548 3918 21 469
3548 3919 25 469
3548 3920 29 469
3548 3921 33 468
3548 3922 36 468
3548 3923 42 468
3548 3924 45 467
3548 3925 47 465
3548 3926 52 467
3548 3927 59 467
3548 3928 60 464
3548 3929 63 463
3548 3930 67 465
3548 3931 70 461
3548 3932 74 462
3548 3933 78 462
3548 3934 84 460
3548 3935 86 459
3548 3936 91 463
3548 3937 93 461
3548 3938 101 461
3548 3939 103 458
3548 3940 105 458
3548 3941 110 460
3548 3942 117 459
3548 3943 118 456
3548 3944 121 457
3548 3945 126 458
3548 3946 131 457
3548 3947 133 454
3548 3948 137 457
3548 3949 144 457
3548 3950 146 455
3548 3951 149 454
3548 3952 152 455
3548 3953 158 455
3548 3954 162 455
3548 3955 164 453
3548 3956 170 453
3548 3957 175 453
3548 3958 177 451
3548 3959 180 448
3548 3960 184 452
3548 3961 190 452
3548 3962 192 447
3548 3963 196 449
3548 3964 202 449
3548 3965 205 449
3548 3966 208 447
3548 3967 211 448
3548 3968 218 448
3548 3969 221 447
3548 3970 224 445
3548 3971 227 446
3548 3972 234 446
3548 3973 236 443
3548 3974 239 439
3548 3975 243 444
3548 3976 249 444
3548 3977 251 442
3548 3978 255 442
3548 3979 261 442
3548 3980 263 440
3548 3981 267 440
3548 3982 271 440
3548 3983 276 440
3548 3984 279 437
3548 3985 282 438
3548 3986 287 437
3548 3987 292 437
3548 3988 294 436
3548 3989 298 431
3548 3990 302 436
3548 3991 305 435
3548 3992 308 434
3548 3993 312 434
3548 3994 318 433
3548 3995 321 432
3548 3996 323 428
3548 3997 328 432
3548 3998 333 432
3548 3999 335 430
3548 4000 338 430
3548 4001 344 430
3548 4002 347 428
3548 4003 349 428
3548 4004 352 428
3548 4005 357 428
3548 4006 360 427
3548 4007 363 425
3548 4008 366 425
3548 4009 371 424
3548 4010 373 423
3548 4011 376 417
3548 4012 380 422
3548 4013 383 421
3548 4014 386 420
3548 4015 388 419
3548 4016 393 419
3548 4017 395 416
3548 4018 397 416
3548 4019 401 415
3548 4020 404 415
3548 4021 406 413
3548 4022 408 412
3548 4023 411 411
3548 4024 414 411
3548 4025 416 410
3548 4026 418 409
3548 4027 423 408
3548 4028 425 408
3548 4029 427 406
3548 4030 427 405
3548 4031 433 405
3548 4032 434 401
3548 4033 437 402
3548 4034 439 401
3548 4035 443 400
3548 4036 445 398
3548 4037 447 397
3548 4038 448 398
3596 3957 202 274
3596 3958 207 272
3596 3959 209 267
3596 3960 211 265
3596 3961 213 268
3596 3962 216 267
3596 3963 217 269
3596 3964 218 268
3596 3965 219 268
3596 3966 220 268
3596 3967 222 264
3596 3968 224 267
3596 3969 225 269
3596 3970 228 268
3596 3971 230 267
3596 3972 231 267
3596 3973 232 268
3596 3974 233 267
3596 3975 236 266
3596 3976 238 268
3596 3977 239 268
3596 3978 241 266
3596 3979 242 267
3596 3980 245 267
3596 3981 246 268
3596 3982 248 266
3596 3983 247 270
3596 3984 250 270
3596 3985 252 270
3596 3986 253 269
3596 3987 254 268
3596 3988 256 269
3596 3989 257 269
3596 3990 259 269
3596 3991 262 267
3596 3992 265 269
3596 3993 265 267
3596 3994 265 262
3596 3995 263 266
3596 3996 260 265
3596 3997 258 264
3596 3998 257 264
3596 3999 256 266
3596 4000 253 266
3596 4001 252 265
3596 4002 249 265
3596 4003 247 264
3596 4004 245 267
3596 4005 244 266
3596 4006 243 264
3596 4007 241 268
3596 4008 240 268
3596 4009 237 266
3596 4010 235 268
3596 4011 233 270
3596 4012 232 269
3596 4013 230 269
3596 4014 228 271
3596 4015 227 270
3596 4016 224 271
3596 4017 222 269
3596 4018 220 273
3596 4019 218 272
3596 4020 216 271
3596 4021 216 270
3596 4022 214 270
3596 4023 211 273
3596 4024 210 272
3596 4025 207 273
3596 4026 205 273
3596 4027 203 273
3596 4028 201 274
3596 4029 199 273
3596 4030 198 274
3596 4031 195 274
3596 4032 193 276
3596 4033 191 276
3596 4034 188 278
3596 4035 188 278
3596 4036 186 279
3596 4037 185 277
3596 4038 181 279
3596 4039 179 279
3596 4040 177 281
3596 4041 175 279
3596 4042 174 281
3596 4043 172 279
3596 4044 172 280
3596 4045 170 283
3596 4046 166 282
3596 4047 166 282
3596 4048 161 284
3596 4049 159 284
3596 4050 157 285
3596 4051 156 283
3596 4052 154 284
3596 4053 152 284
3596 4054 149 285
3596 4055 146 285
3596 4056 144 285
3596 4057 141 285
3596 4058 139 286
3596 4059 138 286
3596 4060 135 287
3596 4061 133 287
3596 4062 131 288
3596 4063 126 287
3596 4064 124 288
3596 4065 121 286
3596 4066 117 286
3596 4067 115 287
3596 4068 113 287
3596 4069 112 288
3596 4070 114 292
3615 3977 165 262
3615 3978 166 262
3615 3979 166 262
3615 3980 162 265
3615 3981 164 265
3615 3982 162 266
3615 3983 162 266
3615 3984 159 267
3615 3985 160 267
3615 3986 159 267
3615 3987 158 269
3615 3988 157 270
3615 3989 157 269
3615 3990 155 269
3615 3991 155 269
3615 3992 153 274
3615 3993 151 274
3615 3994 149 276
3615 3995 148 275
3615 3996 147 277
3615 3997 146 278
3615 3998 143 278
3615 3999 142 280
3615 4000 140 280
3615 4001 139 283
3615 4002 135 285
3615 4003 134 285
3615 4004 132 286
3615 4005 129 287
3615 4006 127 289
3615 4007 125 290
3615 4008 123 291
3615 4009 120 292
3615 4010 118 293
3615 4011 116 294
3615 4012 113 293
3615 4013 111 297
3615 4014 108 296
3615 4015 106 297
3615 4016 104 299
3615 4017 102 300
3615 4018 97 301
3615 4019 96 302
3615 4020 92 300
3615 4021 91 295
3615 4022 88 295
3615 4023 85 296
3619 3981 29 474
3619 3982 35 472
3619 3983 42 471
3619 3984 48 470
3619 3985 54 467
3619 3986 60 465
3619 3987 66 462
3619 3988 73 458
3619 3989 79 454
3619 3990 85 448
3619 3991 90 445
3619 3992 96 451
3685 4035 89 321
3685 4036 92 320
3685 4037 92 320
3685 4038 95 321
3685 4039 96 318
3685 4040 99 317
3685 4041 100 316
3685 4042 104 318
3685 4043 106 315
3685 4044 108 313
3685 4045 110 315
3685 4046 111 315
3685 4047 113 315
3685 4048 115 311
3685 4049 116 311
3685 4050 119 310
3685 4051 119 309
3685 4052 122 309
3685 4053 123 308
3685 4054 126 306
3685 4055 126 306
3685 4056 128 306
3685 4057 131 305
3685 4058 131 304
3685 4059 134 303
3685 4060 135 302
3685 4061 138 301
3685 4062 139 301
3685 4063 140 301
3685 4064 141 300
3685 4065 144 299
3685 4066 144 298
3685 4067 146 299
3685 4068 149 298
3685 4069 149 297
3685 4070 151 296
3685 4071 152 296
3685 4072 155 295
3685 4073 155 293
3685 4074 157 293
3685 4075 161 293
3685 4076 162 291
3685 4077 163 290
3685 4078 164 291
3685 4079 165 290
3685 4080 166 289
3685 4081 168 289
3685 4082 172 289
3685 4083 171 286
3685 4084 174 288
3685 4085 176 289
3685 4086 174 288
3782 4105 108 296
3782 4106 113 298
3782 4107 113 298
3782 4108 119 295
3782 4109 122 295
3782 4110 130 293
3782 4111 135 292
3782 4112 137 291
3782 4113 139 289
3782 4114 139 286
3782 4115 145 286
3782 4116 148 285
3782 4117 151 283
3782 4118 154 281
3782 4119 154 280
3782 4120 158 279
3782 4121 162 277
3782 4122 164 276
3782 4123 164 272
3782 4124 168 274
3782 4125 167 270
3782 4126 172 269
3782 4127 172 267
3782 4128 178 267
3782 4129 179 264
3782 4130 177 263
3907 4287 238 389
3907 4288 236 386
3907 4289 232 382
3907 4290 229 384
3907 4291 227 381
3907 4292 224 381
3907 4293 220 381
3907 4294 215 383
3907 4295 213 380
3907 4296 209 379
3907 4297 205 379
3907 4298 204 376
3907 4299 201 377
3907 4300 198 377
3907 4301 193 379
3907 4302 192 378
3907 4303 188 379
3907 4304 184 377
3907 4305 181 377
3907 4306 178 380
3907 4307 176 376
3907 4308 173 375
3907 4309 171 377
3907 4310 167 376
3907 4311 163 376
3907 4312 159 374
3907 4313 157 374
3907 4314 154 374
3907 4315 151 372
3907 4316 148 373
3907 4317 146 373
3907 4318 143 373
3907 4319 138 374
3907 4320 134 372
3907 4321 133 372
3907 4322 130 369
3907 4323 128 369
3907 4324 126 370
3907 4325 122 370
3907 4326 119 371
3907 4327 116 369
3907 4328 113 368
3907 4329 110 369
3907 4330 107 369
3907 4331 108 371
4069 4457 433 266
4069 4458 436 260
4069 4459 421 260
4069 4460 412 259
4069 4461 395 258
4069 4462 381 257
4069 4463 367 255
4069 4464 357 254
4069 4465 345 253
4069 4466 332 252
4069 4467 317 252
4069 4468 316 254
4131 4513 414 261
4131 4514 403 259
4131 4515 388 259
4131 4516 373 257
4131 4517 363 256
4131 4518 348 255
4131 4519 334 254
4131 4520 319 254
4131 4521 308 252
4131 4522 296 251
4131 4523 282 250
4131 4524 273 249
4131 4525 260 248
4131 4526 248 247
4131 4527 239 246
4142 4567 284 256
4142 4568 294 257
4142 4569 307 258
4142 4570 321 259
4142 4571 330 260
4142 4572 344 261
4142 4573 357 262
4142 4574 367 261
4142 4575 380 263
4142 4576 394 265
4142 4577 409 266
4142 4578 422 267
4142 4579 430 268
4142 4580 438 269
4142 4581 439 271
4313 4795 457 264
4313 4796 438 262
4313 4797 421 262
4313 4798 409 262
4313 4799 391 260
4313 4800 375 257
4313 4801 353 259
4313 4802 348 257
4313 4803 332 258
4313 4804 329 259
4313 4805 336 263
4313 4806 334 263
4313 4807 322 260
4313 4808 321 260
4313 4809 330 260
4313 4810 339 261
4313 4811 348 261
4313 4812 355 261
4313 4813 362 262
4313 4814 378 263
4313 4815 383 264
4313 4816 393 264
4313 4817 404 265
4313 4818 414 265
4313 4819 421 267
4313 4820 432 267
4313 4821 443 268
4313 4822 450 269
4313 4823 462 270
4313 4824 472 270
4313 4825 477 270
4313 4826 478 271
4319 4804 145 251
4319 4805 146 252
4319 4806 148 253
4319 4807 148 250
4319 4808 152 252
4319 4809 156 253
4319 4810 152 252
4319 4811 160 255
4319 4812 161 258
4319 4813 161 259
4319 4814 161 260
4319 4815 163 260
4319 4816 163 261
4319 4817 163 262
4319 4818 162 263
4319 4819 161 264
4319 4820 161 266
4319 4821 162 266
4319 4822 160 267
4319 4823 159 268
4319 4824 158 268
4319 4825 157 269
4319 4826 157 271
4319 4827 155 271
4319 4828 155 269
4319 4829 152 273
4319 4830 150 271
4319 4831 149 272
4319 4832 149 274
4319 4833 143 282
4319 4834 141 280
4319 4835 139 281
4319 4836 135 285
4319 4837 133 285
4319 4838 130 285
4319 4839 127 290
4319 4840 123 292
4319 4841 120 293
4319 4842 115 295
4319 4843 110 297
4319 4844 107 297
4319 4845 102 301
4319 4846 97 303
4319 4847 93 304
4319 4848 88 306
4319 4849 82 308
4319 4850 75 309
4319 4851 71 315
4319 4852 64 318
4319 4853 58 318
4319 4854 52 317
4319 4855 46 322
4319 4856 41 326
4319 4857 43 332
4319 4858 35 336
4319 4859 46 330
4379 4898 327 260
4379 4899 339 260
4379 4900 348 260
4379 4901 362 262
4379 4902 376 263
4379 4903 390 264
4379 4904 399 265
4379 4905 414 266
4379 4906 428 267
4379 4907 438 267
4379 4908 453 268
4379 4909 466 274
4384 4920 447 475
4384 4921 445 473
4384 4922 441 472
4384 4923 438 472
4384 4924 434 471
4384 4925 434 469
4384 4926 429 468
4384 4927 427 468
4384 4928 425 466
4384 4929 424 462
4384 4930 418 464
4384 4931 416 462
4384 4932 414 459
4384 4933 414 454
4384 4934 410 455
4384 4935 408 453
4384 4936 405 449
4384 4937 403 451
4384 4938 398 447
4384 4939 397 445
4384 4940 395 441
4384 4941 393 440
4392 4950 583 438
4392 4951 581 431
4392 4952 578 438
4392 4953 576 435
4392 4954 576 436
4392 4955 568 435
4392 4956 566 434
4392 4957 565 431
4392 4958 564 426
4392 4959 562 428
4392 4960 555 429
4392 4961 554 426
4392 4962 551 426
4392 4963 546 424
4392 4964 544 423
4392 4965 544 421
4392 4966 541 418
4392 4967 536 419
4392 4968 535 418
4392 4969 540 420
4392 4970 540 411
4392 4971 540 410
4392 4972 539 408
4392 4973 537 403
4392 4974 533 407
4392 4975 532 404
4392 4976 530 404
4392 4977 526 403
4392 4978 524 402
4392 4979 524 400
4392 4980 521 394
4392 4981 519 397
4392 4982 518 395
4567 5184 236 438
4567 5185 234 441
4567 5186 230 442
4567 5187 228 439
4567 5188 226 436
4567 5189 223 441
4567 5190 220 439
4567 5191 217 437
4567 5192 214 429
4567 5193 211 427
4567 5194 209 427
4567 5195 207 426
4567 5196 204 423
4567 5197 200 429
4567 5198 198 426
4567 5199 196 425
4567 5200 194 417
4567 5201 191 417
4567 5202 189 415
4567 5203 187 413
4567 5204 185 411
4583 5203 174 419
4583 5204 172 417
4583 5205 180 419
4583 5206 178 414
4583 5207 176 406
4583 5208 175 405
4583 5209 172 405
4583 5210 170 404
4583 5211 169 402
4583 5212 166 403
4583 5213 162 406
4583 5214 161 404
4583 5215 159 398
4583 5216 157 395
4583 5217 155 394
4583 5218 153 394
4583 5219 152 394
4583 5220 149 397
4583 5221 147 396
4583 5222 144 394
4583 5223 143 388
4583 5224 140 392
4583 5225 137 391
4583 5226 136 385
4583 5227 134 390
4583 5228 130 387
4583 5229 128 386
4583 5230 124 385
4583 5231 124 380
4583 5232 121 377
4583 5233 119 375
4583 5234 117 374
4848 5604 74 266
4848 5605 72 268
4848 5606 72 267
4848 5607 71 267
4848 5608 69 267
4848 5609 69 270
4848 5610 67 269
4848 5611 66 270
4848 5612 65 269
4848 5613 64 272
4848 5614 62 270
4848 5615 60 273
4848 5616 58 275
4848 5617 57 274
4848 5618 57 275
4848 5619 55 274
4848 5620 53 274
4848 5621 51 274
4848 5622 51 274
4848 5623 50 276
4848 5624 47 276
4848 5625 47 275
4848 5626 45 276
4848 5627 44 278
4848 5628 44 278
4848 5629 42 277
4848 5630 42 279
4848 5631 41 280
4848 5632 40 280
4848 5633 37 277
4848 5634 35 280
4848 5635 33 280
4848 5636 32 280
4848 5637 30 279
4848 5638 29 281
4848 5639 28 281
4848 5640 28 280
4848 5641 25 281
4848 5642 24 285
4848 5643 22 285
4848 5644 22 284
4848 5645 20 284
4848 5646 20 286
4848 5647 19 288
4848 5648 17 289
4848 5649 17 288
4848 5650 15 290
4848 5651 13 287
4848 5652 12 287
4848 5653 11 286
4848 5654 8 289
4848 5655 8 290
4848 5656 6 292
4848 5657 5 294
4848 5658 4 292
4848 5659 3 291
4848 5660 4 296
4882 5705 540 474
4882 5706 537 473
4882 5707 534 472
4882 5708 531 471
4882 5709 527 470
4882 5710 526 468
4882 5711 521 468
4882 5712 519 467
4882 5713 516 466
4882 5714 513 464
4882 5715 508 463
4882 5716 505 463
4882 5717 504 460
4882 5718 502 454
4882 5719 497 456
4882 5720 493 455
4882 5721 493 451
4882 5722 490 450
4882 5723 484 448
4882 5724 483 448
4882 5725 481 440
4882 5726 478 438
4882 5727 474 440
4882 5728 473 438
4882 5729 471 435
4882 5730 468 435
4882 5731 465 433
4882 5732 463 430
4882 5733 461 427
4882 5734 459 428
4882 5735 455 426
4882 5736 454 423
4882 5737 452 422
4882 5738 449 422
4882 5739 445 419
4882 5740 444 416
4882 5741 442 415
4882 5742 440 410
4882 5743 438 412
4882 5744 435 412
4882 5745 434 408
4882 5746 431 408
4882 5747 428 406
4882 5748 429 405
4882 5749 426 400
4882 5750 424 397
4882 5751 423 400
4882 5752 420 399
4882 5753 419 395
4882 5754 416 394
4882 5755 414 393
4882 5756 413 391
4882 5757 411 387
4882 5758 410 381
4882 5759 407 387
4882 5760 407 388
4882 5761 405 383
4882 5762 406 384
4882 5763 403 382
4882 5764 401 379
4882 5765 399 372
4882 5766 399 369
4882 5767 399 376
4882 5768 395 375
4882 5769 394 367
4882 5770 394 372
4882 5771 392 371
4882 5772 388 368
4882 5773 387 365
4882 5774 386 363
4938 5752 5 290
4938 5753 4 289
4938 5754 6 288
4938 5755 6 291
4938 5756 9 290
4938 5757 10 285
4938 5758 12 288
4938 5759 12 287
4938 5760 14 286
4938 5761 15 286
4938 5762 16 285
4938 5763 17 284
4938 5764 19 285
4938 5765 20 284
4938 5766 22 283
4938 5767 24 281
4938 5768 24 281
4938 5769 26 280
4938 5770 29 280
4938 5771 31 280
4938 5772 32 278
4938 5773 33 277
4938 5774 34 279
4938 5775 35 279
4938 5776 36 278
4938 5777 38 277
4938 5778 39 277
4938 5779 40 276
4938 5780 41 278
4938 5781 42 276
4938 5782 43 276
4938 5783 44 275
4938 5784 45 275
4938 5785 48 276
4938 5786 48 274
4938 5787 50 273
4938 5788 51 274
4938 5789 52 271
4938 5790 54 273
4938 5791 55 272
4938 5792 62 271
4938 5793 59 272
4938 5794 59 270
4938 5795 63 270
4938 5796 65 269
4938 5797 66 269
4938 5798 64 272
4938 5799 68 268
4938 5800 67 269
4938 5801 69 267
4938 5802 69 267
4938 5803 71 266
4938 5804 72 266
4938 5805 72 267
5101 5928 514 408
5101 5929 514 414
5101 5930 512 415
5101 5931 510 417
5101 5932 508 415
5101 5933 506 418
5101 5934 505 420
5101 5935 500 419
5101 5936 499 420
5101 5937 499 426
5101 5938 495 424
5101 5939 492 426
5101 5940 491 426
5101 5941 489 429
5101 5942 486 429
5101 5943 480 429
5101 5944 478 434
5101 5945 477 436
5101 5946 473 438
5101 5947 470 435
5101 5948 469 438
5101 5949 466 442
5101 5950 461 443
5101 5951 456 439
5101 5952 453 440
5142 5965 38 329
5142 5966 40 333
5142 5967 42 330
5142 5968 44 329
5142 5969 47 328
5142 5970 50 328
5142 5971 53 329
5142 5972 57 330
5142 5973 59 327
5142 5974 61 325
5142 5975 65 324
5142 5976 70 326
5142 5977 69 321
5142 5978 71 324
5142 5979 75 322
5142 5980 81 321
5142 5981 80 321
5142 5982 81 316
5142 5983 82 316
5142 5984 86 316
5142 5985 90 320
5142 5986 92 319
5142 5987 94 317
5142 5988 96 314
5142 5989 99 313
5142 5990 100 313
5142 5991 104 315
5142 5992 108 314
5142 5993 107 313
5142 5994 111 313
5142 5995 111 310
5142 5996 113 309
5142 5997 115 307
5142 5998 119 307
5142 5999 119 306
5142 6000 121 309
5142 6001 122 306
5142 6002 126 305
5142 6003 127 302
5142 6004 128 304
5142 6005 131 303
5142 6006 134 303
5142 6007 137 304
5142 6008 137 304
5142 6009 139 299
5142 6010 141 298
5142 6011 143 296
5142 6012 145 295
5142 6013 147 297
5142 6014 149 297
5142 6015 150 295
5142 6016 153 293
5142 6017 154 293
5142 6018 157 292
5142 6019 157 291
5142 6020 160 290
5142 6021 161 290
5142 6022 163 289
5142 6023 165 289
5142 6024 167 287
5142 6025 170 287
5142 6026 171 286
5142 6027 172 287
5142 6028 174 284
5142 6029 176 284
5142 6030 177 286
5142 6031 178 283
5142 6032 180 282
5142 6033 183 282
5142 6034 185 281
5142 6035 186 283
5142 6036 188 279
5142 6037 189 280
5142 6038 191 278
5142 6039 192 277
5142 6040 195 276
5142 6041 196 277
5142 6042 198 275
5142 6043 201 275
5142 6044 203 274
5142 6045 203 274
5142 6046 208 275
5142 6047 209 273
5142 6048 211 273
5142 6049 213 274
5142 6050 215 274
5142 6051 215 272
5238 6118 215 458
5238 6119 219 459
5238 6120 226 452
5238 6121 231 457
5238 6122 232 454
5238 6123 235 456
5238 6124 239 459
5238 6125 244 458
5238 6126 246 458
5238 6127 250 458
5238 6128 251 460
5238 6129 257 466
5238 6130 259 463
5238 6131 264 464
5238 6132 267 464
5238 6133 272 468
5238 6134 275 465
5238 6135 279 466
5238 6136 282 466
5238 6137 285 469
5238 6138 289 470
5238 6139 293 470
5238 6140 298 470
5238 6141 301 471
5238 6142 303 472
5265 6179 633 277
5265 6180 628 277
5265 6181 621 272
5265 6182 614 270
5265 6183 610 270
5265 6184 599 270
5265 6185 589 269
5265 6186 582 268
5265 6187 575 267
5265 6188 567 266
5265 6189 559 255
5277 6189 413 261
5277 6190 406 260
5277 6191 394 259
5277 6192 385 258
5277 6193 375 257
5277 6194 369 256
5277 6195 359 255
5277 6196 344 258
5277 6197 342 258
5277 6198 335 253
5277 6199 327 253
5277 6200 321 252
5277 6201 312 251
5277 6202 307 252
5277 6203 299 250
5277 6204 295 251
5277 6205 290 249
5277 6206 282 253
5277 6207 281 253
5277 6208 279 255
5328 6221 196 260
5328 6222 194 261
5328 6223 193 258
5328 6224 189 261
5328 6225 186 262
5328 6226 184 263
5328 6227 182 263
5328 6228 182 264
5328 6229 175 266
5328 6230 177 267
5328 6231 171 269
5328 6232 167 270
5328 6233 162 272
5328 6234 160 273
5328 6235 157 275
5328 6236 152 276
5328 6237 148 279
5328 6238 146 280
5328 6239 143 283
5328 6240 139 284
5328 6241 134 286
5328 6242 141 284
5328 6243 142 289
5358 6242 126 289
5358 6243 124 291
5358 6244 121 293
5358 6245 115 295
5358 6246 112 297
5358 6247 103 300
5358 6248 101 301
5358 6249 95 306
5358 6250 90 308
5358 6251 86 310
5358 6252 76 313
5358 6253 75 315
5358 6254 69 319
5358 6255 61 322
5358 6256 59 322
5358 6257 53 323
5434 6333 484 265
5434 6334 478 263
5434 6335 473 262
5434 6336 462 261
5434 6337 447 261
5434 6338 440 261
5434 6339 432 259
5434 6340 418 259
5434 6341 403 258
5434 6342 394 258
5434 6343 383 255
5434 6344 370 255
5434 6345 359 254
5434 6346 353 253
5434 6347 342 252
5434 6348 330 253
5434 6349 325 251
5434 6350 309 250
5434 6351 299 250
5434 6352 288 248
5434 6353 282 248
5434 6354 272 247
5434 6355 260 247
5434 6356 257 246
5461 6467 9 439
5461 6468 12 440
5461 6469 15 438
5461 6470 17 434
5461 6471 18 432
5461 6472 22 433
5461 6473 23 429
5461 6474 26 431
5461 6475 28 425
5461 6476 31 428
5461 6477 34 427
5461 6478 36 426
5461 6479 39 425
5461 6480 41 423
5461 6481 43 422
5461 6482 46 416
5461 6483 48 415
5461 6484 52 418
5461 6485 54 417
5461 6486 57 416
5461 6487 60 416
5461 6488 62 416
5461 6489 64 411
5461 6490 66 414
5461 6491 68 411
5461 6492 71 412
5461 6493 74 411
5461 6494 76 410
5461 6495 78 409
5461 6496 80 404
5464 6473 272 253
5464 6474 277 254
5464 6475 286 254
5464 6476 293 255
5464 6477 304 256
5464 6478 314 257
5464 6479 319 258
5464 6480 326 258
5464 6481 337 259
5464 6482 343 259
5464 6483 353 260
5464 6484 361 259
5464 6485 367 261
5464 6486 377 262
5464 6487 383 263
5464 6488 392 264
5464 6489 400 266
5464 6490 408 266
5464 6491 417 266
5464 6492 426 267
5464 6493 432 267
5464 6494 440 268
5464 6495 449 268
5464 6496 458 269
5464 6497 460 267
5464 6498 469 268
5836 7060 559 383
5836 7061 555 379
5836 7062 548 380
5836 7063 544 381
5836 7064 539 377
5836 7065 536 381
5836 7066 528 382
5836 7067 522 383
5836 7068 518 383
5836 7069 514 384
5836 7070 510 385
5836 7071 504 386
5836 7072 500 388
5836 7073 491 389
5836 7074 488 390
5836 7075 482 391
5836 7076 476 392
5836 7077 472 394
5836 7078 466 393
5836 7079 459 394
5836 7080 453 395
5836 7081 448 395
5836 7082 444 398
5836 7083 436 399
5836 7084 430 400
5836 7085 427 400
5905 7229 283 256
5905 7230 291 257
5905 7231 302 257
5905 7232 310 258
5905 7233 320 259
5905 7234 331 260
5905 7235 339 261
5905 7236 350 262
5905 7237 361 261
5905 7238 373 263
5905 7239 381 264
5905 7240 393 265
5905 7241 405 267
5905 7242 413 267
5905 7243 424 268
5905 7244 438 269
5905 7245 451 269
5905 7246 446 270
5954 7326 416 258
5954 7327 407 258
5954 7328 394 257
5954 7329 380 256
5954 7330 367 255
5954 7331 360 254
5954 7332 349 253
5954 7333 335 253
5954 7334 331 252
5954 7335 316 251
5954 7336 304 250
5954 7337 292 249
5954 7338 284 248
5954 7339 275 247
5954 7340 264 247
5954 7341 259 246
5958 7336 483 267
5958 7337 479 264
5958 7338 472 264
5958 7339 459 263
5958 7340 443 263
5958 7341 437 262
5958 7342 423 261
5958 7343 408 260
5958 7344 395 260
5958 7345 385 258
5958 7346 373 257
5958 7347 360 256
5958 7348 347 255
5958 7349 339 255
5958 7350 328 254
5958 7351 314 253
5958 7352 306 251
5958 7353 293 252
5958 7354 283 250
5958 7355 272 249
5958 7356 265 248
5958 7357 255 247
5958 7358 247 247
5958 7359 243 248
6000 7446 242 253
6000 7447 248 254
6000 7448 258 255
6000 7449 265 252
6000 7450 264 252
6000 7451 281 256
6000 7452 287 257
6000 7453 296 258
6000 7454 305 258
6000 7455 310 259
6000 7456 320 259
6000 7457 330 261
6000 7458 339 261
6000 7459 345 262
6000 7460 353 262
6000 7461 363 263
6000 7462 372 263
6000 7463 377 264
6000 7464 387 264
6000 7465 395 265
6000 7466 401 266
6000 7467 410 266
6000 7468 419 267
6000 7469 427 267
6000 7470 433 268
6000 7471 440 269
6000 7472 446 269
6096 7604 293 329
6096 7605 291 325
6096 7606 289 325
6096 7607 288 327
6096 7608 285 323
6096 7609 284 326
6096 7610 282 325
6096 7611 280 325
6096 7612 278 323
6096 7613 276 323
6096 7614 274 320
6096 7615 270 322
6096 7616 270 320
6096 7617 269 320
6096 7618 267 320
6096 7619 266 323
6096 7620 263 319
6096 7621 262 317
6096 7622 260 318
6096 7623 259 317
6096 7624 259 317
6096 7625 256 316
6096 7626 254 315
6096 7627 252 315
6096 7628 251 315
6096 7629 248 312
6096 7630 246 312
6096 7631 244 314
6096 7632 243 312
6096 7633 242 306
6096 7634 241 312
6096 7635 237 312
6096 7636 235 311
6096 7637 235 308
6096 7638 233 308
6096 7639 232 310
6096 7640 230 310
6096 7641 227 309
6096 7642 226 309
6096 7643 225 307
6096 7644 222 306
6096 7645 221 305
6096 7646 220 305
6096 7647 220 308
6096 7648 218 309
6096 7649 215 305
6096 7650 217 306
6096 7651 218 305
6096 7652 215 304
6096 7653 211 300
6096 7654 210 300
6096 7655 206 302
6096 7656 209 303
6096 7657 208 302
6096 7658 201 301
6096 7659 205 302
6096 7660 203 301
6096 7661 201 300
6096 7662 197 299
6096 7663 196 300
6096 7664 195 299
6096 7665 194 295
6096 7666 189 296
6096 7667 187 297
6096 7668 186 294
6096 7669 184 294
6096 7670 183 293
6096 7671 181 293
6096 7672 179 295
6240 8045 370 262
6240 8046 382 264
6240 8047 399 266
6240 8048 405 267
6240 8049 421 268
6240 8050 437 268
6240 8051 455 270
6240 8052 464 270
6240 8053 469 276
6240 8054 471 277
6593 8784 452 263
6593 8785 439 266
6593 8786 431 266
6593 8787 427 265
6593 8788 404 263
6593 8789 390 260
6593 8790 375 257
6593 8791 361 256
6593 8792 352 256
6593 8793 337 255
6593 8794 323 254
6593 8795 313 253
6593 8796 299 252
6593 8797 285 249
6593 8798 274 250
6593 8799 264 248
6593 8800 251 248
6593 8801 240 247
6593 8802 235 247
6593 8803 230 249
6851 9349 157 293
6851 9350 155 295
6851 9351 155 294
6851 9352 154 296
6851 9353 152 296
6851 9354 153 297
6851 9355 152 297
6851 9356 150 298
6851 9357 149 297
6851 9358 148 299
6851 9359 147 300
6851 9360 145 299
6851 9361 144 300
6851 9362 141 302
6851 9363 141 301
6851 9364 140 302
6851 9365 139 304
6851 9366 136 305
6851 9367 134 303
6851 9368 135 309
6851 9369 132 309
6851 9370 130 306
6851 9371 131 307
6851 9372 128 308
6851 9373 126 309
6851 9374 125 308
6851 9375 123 310
6851 9376 123 310
6851 9377 122 312
6851 9378 121 315
6851 9379 118 316
6851 9380 117 315
6851 9381 115 314
6851 9382 117 314
6851 9383 114 316
6851 9384 112 316
6851 9385 111 318
6851 9386 110 323
6851 9387 108 320
6851 9388 109 318
6851 9389 106 325
6851 9390 105 324
6851 9391 105 325
6851 9392 101 326
6851 9393 101 325
6851 9394 99 326
6851 9395 96 323
6851 9396 97 329
6851 9397 95 329
6851 9398 91 330
6851 9399 90 331
6851 9400 88 331
6851 9401 87 332
6851 9402 83 332
6851 9403 83 329
6851 9404 82 332
6851 9405 79 332
6851 9406 76 334
6851 9407 74 334
6851 9408 73 334
6851 9409 70 336
6851 9410 69 335
6851 9411 68 337
6851 9412 66 339
6851 9413 64 339
6851 9414 62 341
6851 9415 59 343
6851 9416 58 341
6851 9417 56 345
6851 9418 55 346
6851 9419 53 349
6851 9420 51 344
6851 9421 48 344
6851 9422 47 345
6851 9423 44 348
6851 9424 42 348
6851 9425 40 349
6851 9426 38 350
6851 9427 35 350
6851 9428 34 350
6851 9429 32 351
6851 9430 28 354
6851 9431 28 353
7067 9537 543 438
7067 9538 546 436
7067 9539 550 439
7067 9540 554 438
7067 9541 556 441
7067 9542 559 440
7067 9543 562 442
7067 9544 565 446
7067 9545 567 447
7067 9546 571 445
7067 9547 573 448
7067 9548 578 450
7067 9549 581 449
7067 9550 584 448
7067 9551 586 453
7067 9552 589 458
7067 9553 592 460
7067 9554 595 458
7067 9555 598 459
7067 9556 602 460
7067 9557 605 457
7067 9558 607 461
7067 9559 610 462
7067 9560 613 462
7067 9561 616 463
7067 9562 616 466
7067 9563 622 466
7067 9564 626 467
7067 9565 629 468
7067 9566 633 468
7067 9567 635 469
7089 9677 31 356
7089 9678 36 351
7089 9679 40 349
7089 9680 45 347
7089 9681 47 344
7089 9682 53 343
7089 9683 63 342
7089 9684 71 338
7089 9685 75 336
7089 9686 76 333
7089 9687 77 332
7089 9688 79 330
7089 9689 82 328
7089 9690 84 327
7089 9691 91 326
7089 9692 96 328
7089 9693 101 327
7089 9694 104 325
7256 10048 241 321
7256 10049 240 318
7256 10050 242 318
7256 10051 244 318
7256 10052 245 316
7256 10053 246 321
7256 10054 247 321
7256 10055 247 319
7256 10056 249 318
7256 10057 250 319
7256 10058 251 322
7256 10059 252 320
7256 10060 253 319
7256 10061 253 322
7256 10062 254 326
7256 10063 255 327
7256 10064 256 324
7256 10065 257 329
7256 10066 258 327
7256 10067 258 327
7256 10068 259 329
7256 10069 260 332
7256 10070 260 334
7256 10071 261 332
7256 10072 262 334
7256 10073 263 333
7256 10074 264 334
7256 10075 264 333
7256 10076 266 337
7256 10077 267 338
7256 10078 267 337
7256 10079 268 339
7256 10080 269 338
7256 10081 270 339
7256 10082 272 341
7256 10083 273 338
7256 10084 274 343
7256 10085 275 341
7256 10086 276 344
7256 10087 276 339
7256 10088 277 341
7256 10089 280 345
7256 10090 281 344
7256 10091 283 347
7256 10092 283 347
7256 10093 284 348
7256 10094 285 350
7256 10095 288 347
7256 10096 288 350
7256 10097 289 352
7256 10098 291 348
7256 10099 292 349
7256 10100 293 350
7256 10101 293 352
7256 10102 295 357
7256 10103 297 354
7256 10104 298 353
7256 10105 299 355
7256 10106 300 358
7256 10107 301 360
7256 10108 302 362
7256 10109 303 360
7256 10110 305 360
7303 10170 478 268
7303 10171 471 265
7303 10172 463 265
7303 10173 447 265
7303 10174 435 263
7303 10175 423 262
7303 10176 408 261
7303 10177 396 261
7303 10178 384 259
7303 10179 370 258
7303 10180 354 256
7303 10181 343 255
7303 10182 332 255
7303 10183 336 255
7310 10176 408 334
7310 10177 410 335
7310 10178 412 336
7310 10179 413 337
7310 10180 410 352
7310 10181 420 353
7310 10182 422 350
7310 10183 426 348
7310 10184 428 347
7310 10185 427 349
7310 10186 430 350
7310 10187 433 351
7310 10188 435 350
7310 10189 437 352
7310 10190 439 353
7310 10191 440 353
7310 10192 443 352
7310 10193 447 354
7310 10194 450 355
7310 10195 452 354
7310 10196 455 356
7310 10197 458 357
7310 10198 460 359
7310 10199 462 358
7310 10200 465 359
7310 10201 468 360
7310 10202 470 359
7310 10203 473 362
7310 10204 476 362
7310 10205 473 359
7473 10330 404 278
7473 10331 401 279
7473 10332 398 277
7473 10333 396 279
7473 10334 393 278
7473 10335 390 276
7473 10336 389 279
7473 10337 386 278
7473 10338 383 278
7473 10339 381 276
7473 10340 378 277
7473 10341 376 278
7473 10342 374 276
7473 10343 371 276
7473 10344 369 277
7473 10345 367 277
7473 10346 365 277
7473 10347 362 276
7473 10348 360 276
7473 10349 358 275
7473 10350 356 275
7473 10351 353 275
7473 10352 350 274
7473 10353 349 273
7473 10354 345 276
7473 10355 344 275
7473 10356 342 276
7473 10357 340 275
7473 10358 337 275
7473 10359 334 275
7473 10360 332 274
7473 10361 329 272
7473 10362 328 272
7473 10363 326 271
7473 10364 325 273
7473 10365 321 272
7473 10366 320 272
7473 10367 318 271
7473 10368 315 274
7473 10369 313 272
7473 10370 312 274
7473 10371 309 274
7473 10372 308 273
7473 10373 305 271
7473 10374 302 272
7473 10375 301 273
7473 10376 299 273
7473 10377 297 270
7473 10378 294 272
7473 10379 292 271
7473 10380 291 272
7473 10381 289 270
7473 10382 287 270
7473 10383 285 273
7473 10384 282 270
7473 10385 280 271
7473 10386 279 270
7473 10387 277 270
7473 10388 275 270
7473 10389 274 270
7473 10390 272 271
7473 10391 270 271
7473 10392 268 270
7473 10393 266 269
7473 10394 264 269
7473 10395 262 268
7473 10396 260 268
7473 10397 259 268
7473 10398 257 269
7473 10399 254 268
7473 10400 252 268
7473 10401 251 269
7473 10402 248 268
7473 10403 247 268
7473 10404 245 267
7473 10405 244 268
7473 10406 241 268
7473 10407 241 268
7473 10408 237 267
7473 10409 236 267
7473 10410 235 268
7473 10411 232 266
7473 10412 230 266
7473 10413 228 267
7549 10404 74 267
7549 10405 72 266
7549 10406 71 267
7549 10407 71 267
7549 10408 70 267
7549 10409 68 269
7549 10410 67 269
7549 10411 65 269
7549 10412 61 269
7549 10413 60 271
7549 10414 56 272
7549 10415 56 272
7549 10416 57 273
7549 10417 56 275
7549 10418 56 273
7549 10419 54 272
7549 10420 49 274
7549 10421 48 275
7549 10422 46 275
7549 10423 44 276
7549 10424 43 276
7549 10425 42 276
7549 10426 40 277
7549 10427 40 278
7549 10428 39 278
7549 10429 36 279
7549 10430 32 280
7549 10431 31 281
7549 10432 28 279
7549 10433 26 281
7549 10434 25 283
7549 10435 25 283
7549 10436 23 282
7549 10437 21 283
7549 10438 20 281
7549 10439 18 284
7549 10440 16 283
7549 10441 15 287
7549 10442 14 288
7549 10443 12 286
7549 10444 10 288
7549 10445 9 290
7549 10446 5 290
7549 10447 5 291
7549 10448 4 291
7549 10449 4 291
7709 10514 182 247
7709 10515 203 248
7709 10516 226 250
7709 10517 253 252
7709 10518 278 254
7709 10519 307 257
7709 10520 336 260
7709 10521 364 261
7709 10522 375 264
7731 10605 3 294
7731 10606 3 291
7731 10607 4 290
7731 10608 5 292
7731 10609 7 292
7731 10610 10 292
7731 10611 11 288
7731 10612 13 291
7731 10613 15 290
7731 10614 16 286
7731 10615 18 288
7731 10616 20 286
7731 10617 24 287
7731 10618 24 284
7731 10619 25 284
7731 10620 26 283
7731 10621 29 284
7731 10622 30 283
7731 10623 32 283
7731 10624 35 283
7731 10625 37 281
7731 10626 38 280
7731 10627 40 280
7731 10628 42 280
7731 10629 43 278
7731 10630 44 281
7731 10631 46 279
7731 10632 47 279
7731 10633 48 279
7731 10634 50 275
7731 10635 51 276
7731 10636 53 278
7731 10637 55 274
7731 10638 58 275
7731 10639 59 276
7731 10640 60 276
7731 10641 62 274
7731 10642 64 273
7731 10643 66 274
7731 10644 68 271
7731 10645 70 271
7731 10646 70 270
7731 10647 71 269
7731 10648 72 268
7731 10649 74 267
7744 10638 434 263
7744 10639 424 262
7744 10640 410 261
7744 10641 398 260
7744 10642 392 260
7744 10643 387 259
7744 10644 378 257
7744 10645 365 257
7744 10646 358 256
7744 10647 350 256
7744 10648 341 255
7744 10649 332 255
7744 10650 321 254
7744 10651 310 253
7744 10652 300 252
7744 10653 296 252
7744 10654 307 256
7845 10747 468 264
7845 10748 462 264
7845 10749 454 265
7845 10750 445 264
7845 10751 434 262
7845 10752 421 262
7845 10753 410 262
7845 10754 399 260
7845 10755 390 259
7845 10756 379 257
7845 10757 370 258
7845 10758 360 256
7845 10759 350 256
7845 10760 340 255
7845 10761 329 255
7845 10762 336 259
7845 10763 329 259
7845 10764 320 258
7941 10870 240 266
7941 10871 240 266
7941 10872 243 268
7941 10873 245 269
7941 10874 247 269
7941 10875 249 267
7941 10876 251 268
7941 10877 254 268
7941 10878 256 268
7941 10879 259 267
7941 10880 260 268
7941 10881 263 270
7941 10882 267 267
7941 10883 267 269
7941 10884 269 269
7941 10885 272 267
7941 10886 274 268
7941 10887 277 269
7941 10888 277 271
7941 10889 280 267
7941 10890 283 270
7941 10891 286 269
7941 10892 287 270
7941 10893 291 268
7941 10894 292 269
7941 10895 293 271
7941 10896 296 271
7941 10897 301 269
7941 10898 302 268
7941 10899 303 271
7941 10900 305 271
7941 10901 309 272
7941 10902 311 272
7941 10903 313 272
7941 10904 313 272
7941 10905 316 272
7941 10906 318 270
7941 10907 320 272
7941 10908 323 272
7941 10909 324 272
7941 10910 326 272
7941 10911 330 273
7941 10912 331 273
7941 10913 334 271
7941 10914 336 270
7941 10915 339 274
7941 10916 342 274
7941 10917 342 272
7941 10918 345 274
7941 10919 348 275
7941 10920 350 274
7941 10921 351 274
7941 10922 354 275
7941 10923 357 275
7941 10924 360 274
7941 10925 362 275
7941 10926 364 274
7941 10927 365 276
7941 10928 367 275
7941 10929 369 276
7941 10930 374 276
7941 10931 376 276
7941 10932 376 276
7941 10933 378 276
7941 10934 382 276
7941 10935 384 277
7941 10936 385 277
7941 10937 388 277
7941 10938 391 277
7941 10939 400 268
7941 10940 400 265
8143 11079 215 252
8143 11080 232 253
8143 11081 231 252
8143 11082 239 250
8143 11083 235 249
8143 11084 249 251
8143 11085 257 251
8143 11086 266 253
8143 11087 278 252
8143 11088 282 253
8143 11089 291 253
8143 11090 304 255
8143 11091 313 256
8143 11092 321 257
8143 11093 334 257
8143 11094 348 258
8143 11095 354 259
8143 11096 362 260
8248 11203 142 317
8248 11204 142 317
8248 11205 144 317
8248 11206 147 317
8248 11207 149 319
8248 11208 150 319
8248 11209 151 320
8248 11210 150 318
8248 11211 154 322
8248 11212 156 321
8248 11213 158 322
8248 11214 160 322
8248 11215 161 326
8248 11216 163 325
8248 11217 165 327
8248 11218 168 327
8248 11219 169 328
8248 11220 171 329
8248 11221 172 330
8248 11222 175 330
8248 11223 176 332
8248 11224 178 331
8248 11225 181 331
8248 11226 183 336
8248 11227 185 335
8248 11228 187 330
8248 11229 192 331
8248 11230 193 333
8248 11231 196 331
8248 11232 200 334
8248 11233 202 335
8248 11234 203 335
8248 11235 207 334
8248 11236 210 335
8248 11237 211 335
8248 11238 214 334
8248 11239 215 335
8248 11240 219 335
8248 11241 221 337
8248 11242 220 338
8269 11242 228 334
8269 11243 226 335
8269 11244 229 336
8269 11245 230 337
8269 11246 232 336
8269 11247 235 336
8269 11248 239 337
8269 11249 241 338
8269 11250 242 338
8269 11251 246 337
8269 11252 250 338
8269 11253 251 339
8269 11254 253 342
8269 11255 257 342
8269 11256 260 342
8269 11257 260 340
8269 11258 263 344
8269 11259 266 344
8269 11260 270 344
8269 11261 271 341
8269 11262 272 343
8269 11263 275 346
8269 11264 279 346
8269 11265 281 347
8269 11266 281 344
8269 11267 287 346
8269 11268 290 346
8269 11269 292 347
8269 11270 295 346
8269 11271 297 347
8269 11272 302 348
8269 11273 303 349
8269 11274 306 347
8269 11275 309 347
8269 11276 313 348
8269 11277 314 348
8269 11278 317 349
8269 11279 320 349
8269 11280 322 347
8269 11281 323 346
8269 11282 324 348
8269 11283 328 348
8269 11284 333 348
8269 11285 336 343
8269 11286 338 347
8269 11287 341 348
8269 11288 343 344
8269 11289 345 349
8269 11290 349 345
8269 11291 352 342
8269 11292 355 339
8467 11471 384 339
8467 11472 386 343
8467 11473 388 344
8467 11474 389 346
8467 11475 389 345
8467 11476 390 342
8467 11477 392 341
8467 11478 392 340
8467 11479 394 339
8467 11480 396 339
8467 11481 399 338
8467 11482 398 337
8467 11483 400 334
8467 11484 400 334
8467 11485 401 328
8467 11486 403 334
8467 11487 404 335
8467 11488 405 334
8467 11489 408 333
8467 11490 408 331
8467 11491 408 329
8467 11492 409 329
8467 11493 411 330
8467 11494 410 328
8467 11495 410 328
8467 11496 414 328
8467 11497 415 321
8467 11498 414 327
8467 11499 414 325
8467 11500 417 324
8467 11501 418 333
8467 11502 419 323
8467 11503 420 322
8467 11504 422 321
8467 11505 422 321
8467 11506 424 323
8467 11507 425 320
8467 11508 427 318
8467 11509 427 319
8467 11510 428 318
8467 11511 429 315
8467 11512 431 314
8467 11513 432 314
8467 11514 433 315
8467 11515 434 316
8467 11516 433 313
8467 11517 433 312
8467 11518 436 312
8474 11492 456 263
8474 11493 446 262
8474 11494 436 261
8474 11495 425 261
8474 11496 413 260
8474 11497 403 258
8474 11498 393 258
8474 11499 381 257
8474 11500 370 256
8474 11501 359 255
8474 11502 350 255
8474 11503 338 254
8474 11504 327 253
8474 11505 317 252
8474 11506 307 252
8474 11507 296 249
8474 11508 287 249
8474 11509 278 248
8474 11510 268 247
8474 11511 257 247
8474 11512 249 247
8474 11513 241 246
8764 11980 328 285
8764 11981 327 287
8764 11982 326 286
8764 11983 327 285
8764 11984 325 286
8764 11985 323 286
8764 11986 323 284
8764 11987 321 284
8764 11988 320 283
8764 11989 318 285
8764 11990 318 283
8764 11991 316 283
8764 11992 312 288
8764 11993 313 282
8764 11994 311 281
8764 11995 309 279
8764 11996 307 277
8764 11997 307 281
8764 11998 305 280
8764 11999 304 278
8764 12000 301 280
8764 12001 302 279
8764 12002 298 278
8764 12003 298 277
8764 12004 296 278
8764 12005 294 277
8764 12006 292 277
8764 12007 290 277
8764 12008 290 276
8764 12009 288 277
8764 12010 286 274
8764 12011 284 273
8764 12012 284 277
8764 12013 283 274
8764 12014 279 275
8764 12015 278 274
8764 12016 277 275
8764 12017 274 274
8764 12018 274 272
8764 12019 271 275
8764 12020 271 273
8764 12021 268 273
8764 12022 267 273
8764 12023 263 273
8764 12024 264 272
8764 12025 263 273
8764 12026 260 272
8764 12027 257 272
8764 12028 257 272
8764 12029 255 272
8764 12030 254 271
8764 12031 252 271
8764 12032 250 270
8764 12033 248 268
8764 12034 247 271
8764 12035 245 269
8764 12036 244 269
8764 12037 244 268
8764 12038 241 269
8764 12039 241 268
8764 12040 237 268
8764 12041 237 271
8764 12042 234 274
8764 12043 236 272
8925 12165 66 326
8925 12166 61 329
8925 12167 56 331
8925 12168 51 334
8925 12169 45 336
8925 12170 40 340
8925 12171 35 342
8925 12172 31 345
8925 12173 23 348
8925 12174 19 351
8925 12175 13 351
8925 12176 9 357
8925 12177 6 360
9129 12401 163 248
9129 12402 166 252
9129 12403 166 253
9129 12404 165 255
9129 12405 166 258
9129 12406 165 259
9129 12407 166 260
9129 12408 163 261
9129 12409 161 264
9129 12410 159 262
9129 12411 157 266
9129 12412 156 268
9129 12413 153 269
9129 12414 150 270
9129 12415 149 272
9129 12416 146 273
9129 12417 146 275
9129 12418 139 276
9129 12419 137 277
9129 12420 133 280
9129 12421 128 282
9129 12422 125 284
9129 12423 121 287
9129 12424 117 288
9129 12425 112 289
9129 12426 109 290
9129 12427 105 294
9129 12428 97 297
9129 12429 94 299
9129 12430 89 299
9129 12431 83 305
9129 12432 76 305
9129 12433 70 306
9129 12434 65 309
9129 12435 58 311
9129 12436 52 314
9129 12437 45 316
9129 12438 38 320
9129 12439 30 322
9129 12440 23 324
9129 12441 19 326
9129 12442 14 330
9129 12443 10 331
9129 12444 6 334
9129 12445 3 338
9151 12432 104 296
9151 12433 104 299
9151 12434 94 301
9151 12435 88 303
9151 12436 86 312
9151 12437 84 306
9151 12438 91 311
9151 12439 86 312
9151 12440 80 312
9151 12441 75 315
9151 12442 70 317
9151 12443 64 320
9151 12444 54 321
9151 12445 48 323
9151 12446 41 325
9151 12447 35 328
9151 12448 31 332
9151 12449 27 335
9151 12450 21 337
9176 12447 565 409
9176 12448 567 414
9176 12449 572 413
9176 12450 575 414
9176 12451 579 416
9176 12452 581 417
9176 12453 585 419
9176 12454 589 419
9176 12455 592 421
9176 12456 596 423
9176 12457 600 425
9176 12458 604 424
9176 12459 607 425
9176 12460 610 429
9176 12461 614 430
9176 12462 617 431
9176 12463 620 434
9176 12464 624 435
9176 12465 628 435
9176 12466 632 437
9176 12467 634 440
9284 12624 377 417
9284 12625 376 415
9284 12626 376 417
9284 12627 379 421
9284 12628 381 425
9284 12629 382 426
9284 12630 386 428
9284 12631 390 427
9284 12632 392 426
9284 12633 394 428
9284 12634 396 431
9284 12635 397 436
9284 12636 399 438
9284 12637 402 439
9284 12638 407 438
9284 12639 407 443
9284 12640 410 439
9284 12641 412 443
9284 12642 414 446
9284 12643 415 448
9284 12644 416 451
9284 12645 420 453
9284 12646 423 453
9284 12647 423 452
9284 12648 425 453
9284 12649 426 457
9284 12650 428 460
9284 12651 429 464
9284 12652 430 466
9284 12653 434 462
9284 12654 435 464
9284 12655 436 466
9284 12656 438 470
9284 12657 440 471
9284 12658 442 472
9284 12659 444 473
9284 12660 447 475
9284 12661 451 476
9319 12708 282 476
9319 12709 278 475
9319 12710 274 474
9319 12711 270 473
9319 12712 266 471
9319 12713 262 470
9319 12714 259 469
9319 12715 256 468
9319 12716 252 466
9319 12717 247 463
9319 12718 243 463
9319 12719 240 460
9319 12720 237 459
9319 12721 233 457
9319 12722 232 459
9319 12723 229 456
9319 12724 223 452
9319 12725 220 450
9319 12726 216 450
9319 12727 214 447
9415 12809 474 270
9415 12810 469 269
9415 12811 465 266
9415 12812 457 265
9415 12813 449 268
9415 12814 449 265
9415 12815 446 265
9415 12816 447 263
9415 12817 442 263
9415 12818 435 263
9415 12819 435 262
9415 12820 425 262
9415 12821 422 261
9415 12822 417 261
9415 12823 411 261
9415 12824 407 260
9415 12825 401 260
9415 12826 396 260
9415 12827 390 259
9415 12828 386 258
9415 12829 381 258
9415 12830 377 257
9415 12831 379 253
9453 12834 281 259
9453 12835 290 262
9453 12836 299 256
9453 12837 311 257
9453 12838 320 257
9453 12839 328 258
9453 12840 337 257
9453 12841 341 257
9453 12842 355 259
9453 12843 368 261
9453 12844 378 261
9453 12845 389 262
9453 12846 399 263
9453 12847 409 264
9453 12848 422 265
9453 12849 434 265
9453 12850 444 266
9453 12851 454 266
9453 12852 462 267
9453 12853 472 267
9453 12854 475 268