375 466 195 300
375 467 196 297
375 468 196 303
375 469 198 302
375 470 199 301
375 471 199 302
375 472 202 303
375 473 204 303
375 474 205 304
375 475 206 300
375 476 207 305
375 477 209 302
375 478 210 306
375 479 212 303
375 480 213 307
375 481 214 306
375 482 215 305
375 483 219 308
375 484 220 309
375 485 221 309
375 486 223 310
375 487 225 311
375 488 226 310
375 489 229 312
375 490 229 305
375 491 231 313
375 492 233 311
375 493 234 314
375 494 236 316
375 495 238 315
375 496 240 315
375 497 243 318
375 498 242 317
375 499 243 316
375 500 244 317
375 501 246 317
375 502 248 319
375 503 250 318
375 504 252 321
375 505 255 325
375 506 254 320
375 507 255 316
375 508 256 323
375 509 259 323
375 510 258 324
375 511 261 322
375 512 261 321
375 513 264 316
503 586 484 270
503 587 480 265
503 588 475 263
503 589 469 263
503 590 459 263
503 591 446 260
503 592 436 260
503 593 428 259
503 594 416 258
503 595 403 257
503 596 394 257
503 597 385 256
503 598 368 255
503 599 361 255
503 600 363 254
551 623 55 412
551 624 55 408
551 625 54 411
551 626 51 412
551 627 51 415
551 628 50 417
551 629 49 420
551 630 46 422
551 631 45 426
551 632 41 423
551 633 40 425
551 634 39 427
551 635 36 431
551 636 36 433
551 637 32 435
551 638 33 439
551 639 30 442
551 640 25 438
551 641 25 441
551 642 24 445
551 643 23 446
551 644 20 449
551 645 19 454
551 646 17 458
1590 1542 147 248
1590 1543 149 250
1590 1544 152 251
1590 1545 156 251
1590 1546 157 252
1590 1547 158 253
1590 1548 158 253
1590 1549 160 253
1590 1550 161 256
1590 1551 161 256
1590 1552 162 257
1590 1553 164 259
1590 1554 164 260
1590 1555 164 260
1590 1556 163 261
1590 1557 163 263
1590 1558 163 264
1590 1559 161 265
1590 1560 162 264
1590 1561 160 267
1590 1562 159 268
1590 1563 158 269
1590 1564 156 270
1590 1565 155 271
1590 1566 152 275
1590 1567 152 275
1590 1568 149 275
1590 1569 148 277
1590 1570 146 275
1590 1571 143 279
1590 1572 141 280
1590 1573 138 282
1590 1574 136 281
1590 1575 131 283
1590 1576 128 286
1590 1577 128 285
1590 1578 125 289
1590 1579 122 288
1590 1580 118 292
1590 1581 115 293
1590 1582 114 291
1590 1583 115 285
1590 1584 112 285
1590 1585 110 288
1590 1586 108 287
1633 1582 110 293
1633 1583 106 295
1633 1584 103 296
1633 1585 100 297
1633 1586 99 298
1633 1587 93 300
1633 1588 89 302
1633 1589 87 304
1633 1590 82 304
1633 1591 78 306
1633 1592 76 308
1633 1593 72 309
1633 1594 69 310
1633 1595 62 313
1633 1596 60 314
1633 1597 54 316
1633 1598 53 319
1633 1599 45 322
1633 1600 45 324
1633 1601 40 326
1633 1602 33 328
1633 1603 28 328
1633 1604 24 332
1633 1605 20 331
1633 1606 18 333
1633 1607 13 334
1633 1608 9 336
1633 1609 5 338
1633 1610 6 340
1633 1611 7 343
2253 2063 586 395
2253 2064 581 401
2253 2065 576 397
2253 2066 571 397
2253 2067 568 400
2253 2068 564 397
2253 2069 561 399
2253 2070 554 399
2253 2071 551 401
2253 2072 548 400
2253 2073 541 401
2253 2074 537 406
2253 2075 538 401
2253 2076 535 402
2253 2077 528 404
2253 2078 525 405
2253 2079 523 405
2253 2080 519 403
2253 2081 514 407
2253 2082 510 409
2253 2083 506 407
2253 2084 500 409
2253 2085 502 414
2808 2555 185 270
2808 2556 183 266
2808 2557 182 265
2808 2558 181 262
2808 2559 179 266
2808 2560 177 267
2808 2561 177 266
2808 2562 173 265
2808 2563 173 268
2808 2564 170 267
2808 2565 168 265
2808 2566 167 268
2808 2567 166 268
2808 2568 163 268
2808 2569 161 269
2808 2570 160 269
2808 2571 159 269
2808 2572 157 270
2808 2573 156 270
2808 2574 155 271
2808 2575 153 269
2808 2576 150 271
2808 2577 149 272
2808 2578 149 270
2808 2579 148 268
2808 2580 146 271
2808 2581 144 272
2808 2582 140 271
2808 2583 140 272
2808 2584 140 272
2808 2585 138 273
2808 2586 137 272
2808 2587 134 274
2808 2588 133 273
2808 2589 132 273
2808 2590 130 272
2808 2591 129 275
2808 2592 127 275
2808 2593 125 275
2808 2594 123 275
2808 2595 121 274
2808 2596 120 273
2808 2597 119 275
2808 2598 118 277
2808 2599 116 278
2808 2600 113 278
2808 2601 113 273
2808 2602 111 278
2808 2603 110 276
2808 2604 108 275
2808 2605 106 278
2808 2606 105 279
2808 2607 103 276
2808 2608 102 278
2808 2609 100 279
2808 2610 99 276
2808 2611 97 277
2808 2612 95 281
2808 2613 91 281
2808 2614 93 279
2808 2615 91 280
2808 2616 89 281
2808 2617 88 281
2808 2618 87 281
2808 2619 84 280
2808 2620 82 281
2808 2621 80 281
2808 2622 80 281
2808 2623 78 281
2808 2624 76 283
2808 2625 75 281
2808 2626 71 282
2981 2791 3 348
2981 2792 6 345
2981 2793 9 342
2981 2794 13 340
2981 2795 16 338
2981 2796 21 336
2981 2797 26 334
2981 2798 30 333
2981 2799 33 330
2981 2800 39 329
2981 2801 44 326
2981 2802 51 324
2981 2803 59 323
2981 2804 61 320
3160 2892 3 290
3160 2893 5 291
3160 2894 6 290
3160 2895 5 289
3160 2896 8 289
3160 2897 9 286
3160 2898 13 287
3160 2899 12 288
3160 2900 14 286
3160 2901 17 287
3160 2902 20 286
3160 2903 21 285
3160 2904 22 284
3160 2905 24 284
3160 2906 25 281
3160 2907 26 283
3160 2908 29 280
3160 2909 30 281
3160 2910 32 281
3160 2911 31 279
3160 2912 35 278
3160 2913 37 280
3160 2914 39 277
3160 2915 40 278
3160 2916 43 276
3160 2917 43 276
3160 2918 44 276
3160 2919 45 276
3160 2920 48 275
3160 2921 49 274
3160 2922 51 274
3160 2923 52 273
3160 2924 54 272
3160 2925 56 273
3160 2926 60 273
3160 2927 61 271
3160 2928 61 270
3160 2929 63 269
3160 2930 66 268
3160 2931 65 269
3160 2932 69 269
3160 2933 71 267
3160 2934 73 267
3160 2935 73 267
3160 2936 72 267
3160 2937 71 266
3160 2938 78 268
3160 2939 74 265
3160 2940 75 265
3570 3241 22 291
3570 3242 24 290
3570 3243 27 291
3570 3244 29 291
3570 3245 28 291
3570 3246 30 290
3570 3247 34 291
3570 3248 35 290
3570 3249 36 288
3570 3250 39 288
3570 3251 41 287
3570 3252 41 286
3570 3253 42 286
3570 3254 46 286
3570 3255 46 285
3570 3256 47 283
3570 3257 49 283
3570 3258 51 284
3570 3259 52 283
3570 3260 53 283
3570 3261 55 283
3570 3262 62 276
3570 3263 87 264
3570 3264 88 263
3570 3265 86 263
3570 3266 84 264
3570 3267 84 264
3570 3268 83 265
3570 3269 83 264
3570 3270 81 265
3570 3271 80 266
3570 3272 80 266
3570 3273 77 266
3665 3357 153 246
3665 3358 162 247
3665 3359 168 251
3665 3360 167 250
3665 3361 169 251
3665 3362 169 251
3665 3363 171 253
3665 3364 172 255
3665 3365 172 257
3665 3366 172 256
3665 3367 171 260
3665 3368 171 262
3665 3369 169 260
3665 3370 168 261
3665 3371 166 262
3665 3372 165 263
3665 3373 163 265
3665 3374 162 266
3665 3375 159 267
3665 3376 155 273
3665 3377 152 275
3665 3378 150 271
3665 3379 147 272
3665 3380 145 273
3665 3381 143 278
3665 3382 139 276
3665 3383 133 277
3665 3384 131 281
3665 3385 128 281
3665 3386 126 281
3665 3387 121 282
3665 3388 118 281
3665 3389 112 288
3665 3390 110 289
3665 3391 106 291
3665 3392 99 294
3665 3393 95 297
3665 3394 90 299
3665 3395 90 299
3665 3396 84 302
3665 3397 79 306
3665 3398 78 305
3665 3399 73 308
3665 3400 66 311
3665 3401 61 313
3665 3402 54 316
3665 3403 57 316
3665 3404 52 318
3665 3405 44 320
3665 3406 42 323
3665 3407 32 326
3665 3408 34 324
3665 3409 32 326
3665 3410 28 328
3665 3411 23 330
3665 3412 21 333
3665 3413 25 325
3729 3439 435 283
3729 3440 435 283
3729 3441 428 284
3729 3442 427 285
3729 3443 426 283
3729 3444 422 285
3729 3445 417 286
3729 3446 416 286
3729 3447 412 286
3729 3448 409 286
3729 3449 408 287
3729 3450 403 287
3729 3451 402 285
3729 3452 399 288
3729 3453 396 288
3729 3454 394 288
3729 3455 391 289
3729 3456 389 289
3729 3457 386 289
3729 3458 385 289
3729 3459 382 287
3729 3460 380 287
3729 3461 378 289
3729 3462 376 291
3729 3463 372 290
3729 3464 370 290
3729 3465 368 291
3729 3466 365 289
3729 3467 363 291
3729 3468 360 292
3729 3469 358 291
3729 3470 356 291
3729 3471 353 292
3729 3472 351 291
3729 3473 347 292
3729 3474 345 293
3729 3475 342 293
3729 3476 339 291
3729 3477 338 293
3729 3478 334 293
3729 3479 331 293
3729 3480 329 293
3729 3481 327 294
3729 3482 323 291
3729 3483 322 293
3729 3484 318 294
3729 3485 315 292
3729 3486 313 293
3729 3487 309 294
3729 3488 307 293
3729 3489 305 294
3729 3490 302 294
3729 3491 300 294
3729 3492 296 294
3729 3493 294 294
3729 3494 291 294
3729 3495 288 295
3729 3496 285 294
3729 3497 283 294
3729 3498 280 294
3729 3499 277 294
3729 3500 272 295
3729 3501 270 295
3729 3502 268 295
3729 3503 265 295
3729 3504 260 295
3729 3505 259 296
3729 3506 257 296
3729 3507 253 293
3729 3508 252 295
3729 3509 250 295
3729 3510 245 296
3729 3511 242 295
3729 3512 241 296
3729 3513 239 296
3729 3514 236 296
3729 3515 233 296
3729 3516 232 296
3729 3517 228 296
3729 3518 225 295
3729 3519 223 297
3729 3520 222 296
3729 3521 217 295
3729 3522 215 297
3729 3523 214 302
4115 3752 436 475
4115 3753 442 474
4115 3754 445 473
4115 3755 449 472
4115 3756 452 472
4115 3757 456 471
4115 3758 458 470
4115 3759 463 469
4115 3760 464 470
4115 3761 466 468
4115 3762 469 465
4115 3763 472 464
4115 3764 475 463
4115 3765 478 461
4115 3766 481 459
4115 3767 483 457
4115 3768 486 455
4115 3769 488 456
4115 3770 489 452
4115 3771 493 449
4115 3772 494 449
4115 3773 496 449
4115 3774 499 447
4115 3775 503 445
4115 3776 504 444
4115 3777 507 442
4115 3778 502 445
4115 3779 508 449
4115 3780 513 453
4115 3781 515 451
4149 3771 359 267
4149 3772 361 265
4149 3773 371 267
4149 3774 364 259
4149 3775 371 255
4149 3776 360 256
4149 3777 354 258
4149 3778 331 253
4149 3779 314 251
4149 3780 306 251
4149 3781 300 251
4149 3782 291 249
4149 3783 276 248
4149 3784 264 247
4149 3785 256 247
4149 3786 246 246
4149 3787 219 246
4149 3788 216 250
4188 3791 233 250
4188 3792 234 250
4188 3793 241 251
4188 3794 248 251
4188 3795 257 250
4188 3796 266 253
4188 3797 277 254
4188 3798 297 255
4188 3799 318 257
4188 3800 330 257
4188 3801 341 259
4188 3802 354 261
4188 3803 367 261
4188 3804 378 261
4188 3805 385 263
4188 3806 384 257
4239 3822 72 318
4239 3823 73 318
4239 3824 77 316
4239 3825 78 317
4239 3826 79 324
4239 3827 84 315
4239 3828 87 314
4239 3829 88 314
4239 3830 96 311
4239 3831 96 310
4239 3832 96 312
4239 3833 100 310
4239 3834 103 308
4239 3835 105 310
4239 3836 106 309
4239 3837 112 305
4239 3838 114 306
4239 3839 116 304
4239 3840 122 299
4239 3841 121 297
4239 3842 122 301
4239 3843 124 302
4239 3844 128 300
4239 3845 130 300
4239 3846 133 298
4494 4162 344 393
4494 4163 343 408
4494 4164 347 409
4494 4165 344 403
4494 4166 343 403
4494 4167 345 403
4494 4168 348 399
4494 4169 350 401
4494 4170 352 402
4494 4171 353 408
4494 4172 359 404
4494 4173 361 409
4494 4174 362 411
4494 4175 365 408
4494 4176 367 410
4494 4177 369 412
4494 4178 371 413
4494 4179 373 419
4494 4180 376 422
4494 4181 378 426
4494 4182 381 424
4494 4183 384 420
4494 4184 386 422
4494 4185 388 423
4494 4186 392 426
4494 4187 393 425
4494 4188 395 432
4494 4189 398 433
4999 5013 599 470
4999 5014 595 469
4999 5015 592 469
4999 5016 589 469
4999 5017 586 469
4999 5018 586 467
4999 5019 579 467
4999 5020 575 466
4999 5021 575 463
4999 5022 572 463
4999 5023 569 463
4999 5024 564 461
4999 5025 566 459
4999 5026 561 457
4999 5027 558 458
4999 5028 555 456
4999 5029 553 457
4999 5030 551 455
4999 5031 548 454
4999 5032 542 453
4999 5033 540 452
4999 5034 539 450
4999 5035 536 450
4999 5036 532 447
4999 5037 528 449
4999 5038 527 445
4999 5039 525 447
4999 5040 519 446
4999 5041 515 446
4999 5042 515 443
4999 5043 514 443
4999 5044 506 443
4999 5045 503 442
4999 5046 503 439
4999 5047 499 438
4999 5048 496 439
4999 5049 499 437
4999 5050 497 434
5002 5017 525 476
5002 5018 525 476
5002 5019 521 475
5002 5020 519 475
5002 5021 515 474
5002 5022 511 473
5002 5023 509 473
5002 5024 505 470
5002 5025 501 469
5002 5026 498 468
5002 5027 495 467
5002 5028 493 466
5002 5029 490 464
5002 5030 486 463
5002 5031 483 462
5002 5032 481 460
5002 5033 478 460
5002 5034 476 459
5002 5035 472 455
5002 5036 471 455
5002 5037 469 455
5002 5038 468 455
5002 5039 464 452
5002 5040 463 453
5002 5041 461 453
5002 5042 463 453
5055 5072 424 430
5055 5073 421 429
5055 5074 419 428
5055 5075 418 427
5055 5076 412 424
5055 5077 412 424
5055 5078 411 422
5055 5079 408 422
5055 5080 405 420
5055 5081 404 419
5055 5082 401 418
5055 5083 396 415
5055 5084 394 414
5055 5085 393 412
5055 5086 390 411
5055 5087 387 408
5055 5088 386 409
5055 5089 384 406
5055 5090 381 404
5055 5091 379 402
5055 5092 377 402
5055 5093 374 401
5055 5094 373 400
5055 5095 370 397
5055 5096 368 396
5055 5097 366 395
5055 5098 363 393
5055 5099 360 392
5055 5100 360 392
5055 5101 358 387
5055 5102 355 389
5055 5103 353 387
5055 5104 350 387
5055 5105 349 385
5055 5106 345 384
5055 5107 342 382
5055 5108 341 380
5055 5109 339 380
5055 5110 336 379
5055 5111 333 378
5055 5112 332 377
5055 5113 329 377
5055 5114 327 374
5055 5115 324 373
5055 5116 323 372
5055 5117 320 370
5055 5118 317 369
5055 5119 316 369
5055 5120 316 368
5055 5121 314 367
5055 5122 314 365
5055 5123 315 365
5055 5124 316 362
5055 5125 317 362
5055 5126 316 362
5485 5665 72 319
5485 5666 71 319
5485 5667 72 317
5485 5668 75 319
5485 5669 78 318
5485 5670 79 317
5485 5671 83 317
5485 5672 84 316
5485 5673 86 314
5485 5674 88 315
5485 5675 90 313
5485 5676 92 313
5485 5677 94 314
5485 5678 97 312
5485 5679 99 312
5485 5680 101 309
5485 5681 102 310
5485 5682 105 307
5485 5683 106 312
5485 5684 110 306
5485 5685 111 306
5485 5686 117 306
5485 5687 116 305
5485 5688 120 304
5485 5689 121 305
5485 5690 122 305
5485 5691 126 303
5485 5692 129 303
5485 5693 129 304
5485 5694 132 302
5485 5695 134 301
5485 5696 136 300
5485 5697 138 301
5485 5698 140 298
5485 5699 142 299
5485 5700 144 297
5673 5834 62 456
5673 5835 63 452
5673 5836 65 450
5673 5837 68 450
5673 5838 70 448
5673 5839 72 447
5673 5840 75 446
5673 5841 78 443
5673 5842 78 443
5673 5843 81 442
5673 5844 83 439
5673 5845 84 438
5673 5846 87 440
5673 5847 90 437
5673 5848 93 437
5673 5849 95 436
5673 5850 98 434
5673 5851 99 432
5673 5852 102 432
5673 5853 104 430
5673 5854 106 428
5673 5855 108 430
5673 5856 111 427
5673 5857 113 426
5673 5858 116 427
5673 5859 118 425
5673 5860 121 426
5673 5861 123 425
5673 5862 124 423
5673 5863 127 422
5673 5864 130 422
5673 5865 131 418
5673 5866 135 420
5673 5867 138 419
5673 5868 139 416
5673 5869 142 415
5673 5870 145 416
5673 5871 147 416
5673 5872 150 413
5673 5873 151 414
5673 5874 156 414
5673 5875 158 414
5673 5876 161 413
5673 5877 163 413
5673 5878 167 413
5673 5879 170 413
5673 5880 172 409
5673 5881 175 411
5673 5882 179 411
5673 5883 182 412
5673 5884 185 411
5673 5885 188 411
5673 5886 191 410
5673 5887 193 409
5673 5888 196 408
5673 5889 199 409
5673 5890 202 408
5673 5891 205 408
5673 5892 209 409
5673 5893 212 409
5673 5894 215 407
5673 5895 217 407
5673 5896 221 406
5673 5897 226 405
5673 5898 227 405
5673 5899 232 405
5673 5900 235 402
5673 5901 237 404
5923 6146 32 437
5923 6147 35 431
5923 6148 38 429
5923 6149 40 426
5923 6150 40 425
5923 6151 43 425
5923 6152 47 424
5923 6153 50 422
5923 6154 54 420
5923 6155 56 415
5923 6156 60 415
5923 6157 59 412
5923 6158 61 408
5923 6159 63 409
5923 6160 66 408
5923 6161 69 407
5923 6162 71 402
5923 6163 74 399
5923 6164 75 399
5923 6165 76 400
5933 6158 442 262
5933 6159 431 261
5933 6160 420 260
5933 6161 405 259
5933 6162 391 258
5933 6163 380 257
5933 6164 367 256
5933 6165 350 255
5933 6166 343 254
5933 6167 330 253
5933 6168 319 252
5933 6169 309 251
5933 6170 298 251
5933 6171 287 248
5933 6172 275 248
6198 6391 124 308
6198 6392 124 308
6198 6393 121 306
6198 6394 125 304
6198 6395 132 304
6198 6396 133 302
6198 6397 138 299
6198 6398 140 298
6198 6399 142 298
6198 6400 145 294
6198 6401 146 292
6198 6402 149 289
6198 6403 149 290
6198 6404 150 286
6198 6405 152 286
6198 6406 153 282
6198 6407 155 280
6198 6408 157 282
6198 6409 159 281
6198 6410 161 279
6198 6411 162 278
6198 6412 165 277
6198 6413 166 276
6198 6414 168 274
6198 6415 169 273
6198 6416 172 272
6198 6417 174 270
6198 6418 177 269
6198 6419 179 268
6198 6420 181 267
6198 6421 186 266
6198 6422 188 265
6198 6423 191 264
6198 6424 194 263
6403 6592 550 376
6403 6593 548 381
6403 6594 542 381
6403 6595 537 383
6403 6596 535 383
6403 6597 527 380
6403 6598 529 378
6403 6599 524 379
6403 6600 516 380
6403 6601 513 379
6403 6602 513 376
6403 6603 509 373
6403 6604 506 372
6403 6605 504 374
6403 6606 501 367
6403 6607 494 369
6403 6608 493 367
6403 6609 491 368
6403 6610 485 360
6403 6611 482 364
6403 6612 481 363
6403 6613 476 362
6403 6614 477 360
6740 6855 149 377
6740 6856 150 377
6740 6857 148 382
6740 6858 147 381
6740 6859 143 384
6740 6860 142 385
6740 6861 140 386
6740 6862 139 386
6740 6863 135 390
6740 6864 133 385
6740 6865 132 392
6740 6866 128 394
6740 6867 126 394
6740 6868 125 396
6740 6869 123 397
6740 6870 119 400
6740 6871 117 401
6740 6872 115 402
6740 6873 111 403
6740 6874 109 404
6740 6875 108 404
6740 6876 104 406
6740 6877 101 410
6740 6878 99 405
7155 7159 372 409
7155 7160 375 409
7155 7161 377 410
7155 7162 374 412
7155 7163 381 413
7155 7164 382 414
7155 7165 384 416
7155 7166 386 416
7155 7167 388 415
7155 7168 392 419
7155 7169 392 421
7155 7170 396 422
7155 7171 397 423
7155 7172 400 424
7155 7173 402 426
7155 7174 403 427
7155 7175 406 428
7155 7176 407 431
7155 7177 411 431
7155 7178 413 433
7155 7179 415 433
7155 7180 415 434
7155 7181 417 435
7155 7182 420 436
7155 7183 422 441
7155 7184 422 439
7155 7185 426 439
7155 7186 428 441
7155 7187 430 446
7155 7188 433 444
7155 7189 434 446
7155 7190 436 447
7155 7191 438 447
7155 7192 441 449
7155 7193 443 450
7155 7194 446 452
7536 7314 110 287
7536 7315 114 285
7536 7316 111 287
7536 7317 110 288
7536 7318 108 289
7536 7319 105 290
7536 7320 104 291
7536 7321 99 293
7536 7322 95 296
7536 7323 88 298
7536 7324 85 300
7536 7325 83 301
7536 7326 81 302
7536 7327 77 303
7536 7328 74 305
7536 7329 71 306
7536 7330 68 307
7536 7331 64 309
7536 7332 55 312
7536 7333 60 311
7536 7334 53 315
7536 7335 54 314
7536 7336 50 315
7536 7337 47 317
7536 7338 56 313
8412 8330 269 336
8412 8331 272 336
8412 8332 273 338
8412 8333 276 340
8412 8334 279 341
8412 8335 278 340
8412 8336 279 342
8412 8337 277 343
8412 8338 278 345
8412 8339 283 342
8412 8340 285 346
8412 8341 286 348
8412 8342 288 349
8412 8343 289 348
8412 8344 290 348
8412 8345 292 347
8412 8346 294 349
8412 8347 296 350
8412 8348 296 349
8412 8349 298 351
8412 8350 300 353
8412 8351 302 352
8412 8352 304 352
8412 8353 305 353
8412 8354 307 355
8412 8355 309 356
8412 8356 311 356
8412 8357 312 357
8412 8358 315 359
8412 8359 316 361
8412 8360 318 362
8412 8361 320 359
8412 8362 321 361
8412 8363 323 363
8412 8364 325 361
8412 8365 328 362
8412 8366 329 364
8412 8367 331 365
8412 8368 333 367
8412 8369 335 367
8412 8370 338 367
8412 8371 339 367
8412 8372 341 368
8412 8373 343 374
8412 8374 345 369
8412 8375 347 369
8412 8376 350 372
8412 8377 351 375
8412 8378 352 372
8412 8379 354 370
8562 8417 253 258
8562 8418 268 253
8562 8419 274 254
8562 8420 280 254
8562 8421 286 255
8562 8422 293 255
8562 8423 300 255
8562 8424 306 256
8562 8425 312 256
8562 8426 320 257
8562 8427 328 257
8562 8428 335 258
8562 8429 342 258
8562 8430 350 260
8562 8431 359 260
8562 8432 368 262
8562 8433 376 261
8562 8434 386 262
8562 8435 395 264
8562 8436 405 264
8562 8437 414 265
8562 8438 424 266
8562 8439 436 266
8562 8440 446 268
8562 8441 456 268
8562 8442 467 269
8562 8443 471 268
8562 8444 476 270
8562 8445 482 271
8703 8592 124 421
8703 8593 128 420
8703 8594 131 420
8703 8595 133 416
8703 8596 135 416
8703 8597 139 414
8703 8598 138 414
8703 8599 143 407
8703 8600 145 409
8703 8601 146 408
8703 8602 150 405
8703 8603 151 405
8703 8604 154 403
8703 8605 156 401
8703 8606 158 398
8703 8607 160 397
8703 8608 162 397
8703 8609 163 395
8703 8610 166 393
8703 8611 170 392
8703 8612 170 390
8703 8613 173 387
8703 8614 172 386
8703 8615 175 387
8703 8616 179 384
8703 8617 178 383
8703 8618 181 383
8703 8619 184 380
8703 8620 188 374
8703 8621 190 373
8703 8622 190 376
8703 8623 192 374
8703 8624 195 372
8703 8625 197 372
8703 8626 197 371
8703 8627 200 369
8703 8628 202 368
8703 8629 199 366
8703 8630 204 365
8703 8631 207 364
8703 8632 209 363
8703 8633 208 362
8703 8634 210 360
8703 8635 210 359
8703 8636 215 358
8703 8637 216 355
8703 8638 217 355
8703 8639 220 354
8703 8640 220 353
8703 8641 220 358
9258 9533 367 261
9258 9534 374 263
9258 9535 391 264
9258 9536 407 265
9258 9537 425 266
9258 9538 439 268
9258 9539 454 268
9258 9540 465 268
9258 9541 468 276
9319 9658 238 250
9319 9659 249 250
9319 9660 251 250
9319 9661 262 249
9319 9662 262 249
9319 9663 278 254
9319 9664 288 255
9319 9665 298 256
9319 9666 307 256
9319 9667 318 257
9319 9668 329 259
9319 9669 336 259
9319 9670 345 260
9319 9671 355 260
9319 9672 366 259
9319 9673 377 263
9319 9674 386 263
9565 9829 486 270
9565 9830 482 266
9565 9831 473 263
9565 9832 460 262
9565 9833 452 265
9565 9834 440 261
9565 9835 422 259
9565 9836 408 258
9565 9837 397 259
9565 9838 381 258
9565 9839 366 257
9565 9840 366 255
9565 9841 358 260
9719 9991 72 278
9719 9992 69 277
9719 9993 69 278
9719 9994 71 272
9719 9995 71 273
9719 9996 70 273
9719 9997 67 279
9719 9998 75 277
9719 9999 83 277
9719 10000 83 278
9719 10001 82 276
9719 10002 80 274
9719 10003 78 275
9719 10004 77 277
9719 10005 74 280
9719 10006 75 280
9719 10007 73 281
9719 10008 73 282
9719 10009 70 280
9719 10010 70 281
9719 10011 69 285
9719 10012 67 282
9719 10013 66 287
9719 10014 64 283
9719 10015 63 289
9719 10016 62 287
9719 10017 61 292
9719 10018 59 298
9719 10019 57 296
9719 10020 56 293
9719 10021 53 294
9719 10022 52 295
9719 10023 51 302
9719 10024 48 296
9719 10025 46 298
9719 10026 45 301
9719 10027 43 304
9719 10028 41 304
9719 10029 38 302
9719 10030 36 303
9719 10031 34 307
9719 10032 32 308
9719 10033 30 309
9719 10034 28 308
9719 10035 26 310
9719 10036 24 311
9719 10037 22 311
9719 10038 21 314
9719 10039 19 316
9719 10040 18 315
9719 10041 15 318
9719 10042 15 319
9719 10043 14 319
9719 10044 13 317
9719 10045 12 321
9719 10046 11 320
9719 10047 11 323
9719 10048 11 324
9952 10191 75 306
9952 10192 76 307
9952 10193 82 307
9952 10194 85 306
9952 10195 84 302
9952 10196 87 296
9952 10197 86 300
9952 10198 90 295
9952 10199 92 293
9952 10200 93 289
9952 10201 96 292
9952 10202 98 292
9952 10203 102 291
9952 10204 101 286
9952 10205 99 300
9952 10206 91 295
9952 10207 92 295
9952 10208 96 292
9952 10209 99 292
9952 10210 105 290
9952 10211 106 289
9952 10212 110 288
9952 10213 113 286
9952 10214 116 284
9952 10215 120 283
9952 10216 121 282
9952 10217 124 281
9952 10218 126 279
9952 10219 129 277
9952 10220 136 277
9952 10221 139 277
9952 10222 144 276
9952 10223 145 274
9952 10224 151 271
9952 10225 154 270
9952 10226 151 270
9952 10227 158 269
9952 10228 160 273
9970 10206 115 284
9970 10207 115 284
9970 10208 124 287
9970 10209 122 283
9970 10210 126 279
9970 10211 130 278
9970 10212 132 277
9970 10213 135 276
9970 10214 139 276
9970 10215 142 274
9970 10216 145 274
9970 10217 148 273
9970 10218 152 271
9970 10219 155 269
9970 10220 153 266
9970 10221 161 267
9970 10222 164 267
9970 10223 167 266
9970 10224 172 264
9970 10225 176 263
9970 10226 183 263
9970 10227 180 261
9970 10228 184 258
9970 10229 179 257
9970 10230 179 252
9970 10231 180 256
9970 10232 182 253
9970 10233 180 246
10113 10393 636 476
10113 10394 632 475
10113 10395 628 475
10113 10396 624 474
10113 10397 620 474
10113 10398 616 471
10113 10399 614 470
10113 10400 611 469
10113 10401 607 469
10113 10402 603 468
10113 10403 600 467
10113 10404 595 466
10113 10405 591 466
10113 10406 588 465
10113 10407 586 464
10113 10408 581 463
10113 10409 574 463
10113 10410 575 458
10113 10411 569 460
10113 10412 562 457
10113 10413 562 453
10113 10414 557 453
10113 10415 555 455
10113 10416 551 453
10113 10417 547 452
10113 10418 546 450
10113 10419 544 447
10113 10420 539 447
10113 10421 534 446
10113 10422 533 443
10113 10423 528 442
10113 10424 526 436
10113 10425 520 441
10113 10426 519 440
10113 10427 517 434
10113 10428 512 436
10113 10429 515 433
10147 10437 246 251
10147 10438 242 251
10147 10439 246 251
10147 10440 252 252
10147 10441 265 251
10147 10442 279 254
10147 10443 285 254
10147 10444 290 254
10147 10445 296 255
10147 10446 312 257
10147 10447 316 258
10147 10448 321 257
10147 10449 331 258
10147 10450 339 259
10147 10451 349 260
10147 10452 359 259
10147 10453 367 261
10147 10454 375 262
10147 10455 391 264
10147 10456 396 264
10147 10457 402 265
10147 10458 411 265
10147 10459 417 266
10147 10460 423 267
10147 10461 435 267
10147 10462 444 269
10147 10463 450 269
10147 10464 449 269
10164 10479 3 294
10164 10480 4 292
10164 10481 4 291
10164 10482 4 291
10164 10483 4 291
10164 10484 7 290
10164 10485 9 290
10164 10486 10 289
10164 10487 11 289
10164 10488 13 289
10164 10489 13 285
10164 10490 15 287
10164 10491 15 286
10164 10492 17 287
10164 10493 20 286
10164 10494 24 286
10164 10495 23 287
10164 10496 24 286
10164 10497 25 285
10164 10498 25 286
10164 10499 27 286
10164 10500 28 284
10164 10501 30 284
10164 10502 33 283
10164 10503 34 283
10164 10504 35 282
10164 10505 36 280
10164 10506 38 282
10164 10507 38 282
10164 10508 40 280
10164 10509 42 280
10164 10510 43 279
10164 10511 44 279
10164 10512 45 280
10164 10513 46 278
10164 10514 48 278
10164 10515 50 278
10164 10516 50 278
10164 10517 52 278
10164 10518 53 275
10164 10519 55 274
10164 10520 57 274
10164 10521 58 275
10164 10522 58 274
10164 10523 59 275
10164 10524 61 275
10164 10525 62 274
10164 10526 63 275
10164 10527 64 273
10164 10528 65 273
10164 10529 66 273
10164 10530 68 272
10164 10531 68 272
10164 10532 70 271
10164 10533 72 270
10164 10534 73 271
10164 10535 75 268
10164 10536 74 265
10616 11018 390 259
10616 11019 378 258
10616 11020 360 256
10616 11021 342 256
10616 11022 325 253
10616 11023 308 253
10616 11024 297 251
10616 11025 280 249
10616 11026 265 248
10616 11027 264 247
10645 11065 44 310
10645 11066 47 310
10645 11067 48 309
10645 11068 48 307
10645 11069 54 307
10645 11070 56 308
10645 11071 56 306
10645 11072 55 305
10645 11073 60 308
10645 11074 60 306
10645 11075 64 303
10645 11076 65 305
10645 11077 69 305
10645 11078 68 304
10645 11079 70 302
10645 11080 74 302
10645 11081 75 302
10645 11082 75 302
10645 11083 80 299
10645 11084 81 301
10645 11085 81 300
10645 11086 85 299
10645 11087 88 295
10645 11088 88 295
10645 11089 90 298
10645 11090 94 298
10645 11091 94 298
10645 11092 95 297
10645 11093 98 297
10645 11094 100 293
10645 11095 111 266
10645 11096 111 266
10645 11097 111 266
10645 11098 112 265
10645 11099 113 268
10645 11100 113 267
10645 11101 115 268
10645 11102 116 268
10645 11103 115 269
10645 11104 121 268
10768 11225 450 354
10768 11226 452 350
10768 11227 455 348
10768 11228 457 348
10768 11229 457 354
10768 11230 457 356
10768 11231 462 355
10768 11232 464 353
10768 11233 465 357
10768 11234 470 356
10768 11235 471 361
10768 11236 472 361
10768 11237 475 359
10768 11238 478 363
10768 11239 479 366
10768 11240 481 365
10768 11241 485 366
10768 11242 487 367
10768 11243 487 371
10768 11244 489 369
10768 11245 492 370
10768 11246 496 373
10768 11247 498 376
10768 11248 501 373
10768 11249 502 377
10768 11250 504 381
10768 11251 506 379
10768 11252 509 379
10768 11253 512 385
10768 11254 512 383
10768 11255 517 385
10768 11256 520 382
10768 11257 520 385
10768 11258 521 385
10768 11259 519 384
10893 11341 146 246
10893 11342 145 247
10893 11343 150 248
10893 11344 147 246
10893 11345 149 249
10893 11346 153 251
10893 11347 155 251
10893 11348 154 249
10893 11349 158 252
10893 11350 158 253
10893 11351 159 253
10893 11352 161 255
10893 11353 161 256
10893 11354 162 256
10893 11355 163 259
10893 11356 162 259
10893 11357 161 261
10893 11358 161 260
10893 11359 161 262
10893 11360 159 262
10893 11361 159 264
10893 11362 158 265
10893 11363 156 266
10893 11364 155 268
10893 11365 154 269
10893 11366 153 270
10893 11367 149 274
10893 11368 146 273
10893 11369 144 274
10893 11370 141 273
10893 11371 137 276
10893 11372 134 279
10893 11373 131 281
10893 11374 125 282
10893 11375 125 283
10893 11376 123 286
10893 11377 120 285
10893 11378 118 283
10893 11379 116 278
11272 11808 406 409
11272 11809 406 416
11272 11810 410 416
11272 11811 407 428
11272 11812 417 418
11272 11813 415 424
11272 11814 415 429
11272 11815 422 420
11272 11816 424 430
11272 11817 429 423
11272 11818 426 429
11272 11819 431 438
11272 11820 432 436
11272 11821 435 439
11272 11822 437 442
11272 11823 439 445
11272 11824 444 443
11272 11825 448 441
11272 11826 451 437
11272 11827 441 438
11272 11828 446 435
11373 12050 437 261
11373 12051 423 259
11373 12052 406 258
11373 12053 392 257
11373 12054 375 256
11373 12055 359 254
11373 12056 344 254
11373 12057 329 251
11373 12058 320 252
11373 12059 305 250
11373 12060 298 249
11373 12061 284 248
11373 12062 268 247
11605 12250 108 361
11605 12251 111 362
11605 12252 115 362
11605 12253 116 361
11605 12254 119 361
11605 12255 121 361
11605 12256 124 360
11605 12257 126 359
11605 12258 129 360
11605 12259 130 359
11605 12260 134 357
11605 12261 134 357
11605 12262 138 357
11605 12263 140 356
11605 12264 140 354
11605 12265 144 354
11605 12266 145 353
11605 12267 146 352
11605 12268 148 350
11605 12269 151 350
11605 12270 152 350
11605 12271 153 350
11605 12272 156 350
11605 12273 158 349
11605 12274 161 352
11605 12275 162 346
11605 12276 164 345
11605 12277 168 344
11605 12278 168 344
11605 12279 170 344
11605 12280 174 349
11605 12281 175 346
11605 12282 178 349
11605 12283 179 345
11605 12284 183 343
11605 12285 185 343
11605 12286 187 342
11605 12287 190 342
11605 12288 193 342
11605 12289 195 346
11663 12289 193 337
11663 12290 195 341
11663 12291 196 340
11663 12292 198 340
11663 12293 201 340
11663 12294 204 342
11663 12295 204 340
11663 12296 206 338
11663 12297 208 337
11663 12298 211 337
11663 12299 214 337
11663 12300 215 334
11663 12301 219 335
11663 12302 219 339
11663 12303 221 339
11663 12304 222 337
11663 12305 228 335
11663 12306 228 339
11663 12307 230 335
11663 12308 231 336
11663 12309 234 335
11663 12310 236 338
11663 12311 238 333
11663 12312 239 337
11663 12313 241 332
11663 12314 244 334
11663 12315 245 334
11663 12316 247 333
11663 12317 249 333
11663 12318 251 331
11663 12319 253 331
11663 12320 257 328
11663 12321 258 330
11663 12322 261 330
11663 12323 261 332
11663 12324 264 327
11663 12325 266 328
11663 12326 267 327
11663 12327 269 328
11663 12328 270 326
11663 12329 270 324
11663 12330 272 324
11663 12331 273 324
11663 12332 275 326
11663 12333 278 326
11663 12334 279 324
11663 12335 279 323
11663 12336 281 320
11663 12337 282 318
11663 12338 284 323
11663 12339 284 323
11663 12340 283 322
11663 12341 286 322
11663 12342 286 320
11663 12343 286 315
11663 12344 287 315
11663 12345 288 313
11663 12346 289 317
12021 12756 144 297
12021 12757 148 291
12021 12758 143 291
12021 12759 146 288
12021 12760 147 289
12021 12761 147 286
12021 12762 152 285
12021 12763 149 284
12021 12764 152 283
12021 12765 154 282
12021 12766 156 282
12021 12767 157 282
12021 12768 159 281
12021 12769 161 280
12021 12770 164 277
12021 12771 164 276
12021 12772 165 275
12021 12773 167 276
12021 12774 167 273
12021 12775 171 275
12021 12776 172 273
12021 12777 174 273
12021 12778 177 270
12021 12779 178 271
12021 12780 179 269
12021 12781 179 266
12021 12782 182 266
12021 12783 183 267
12021 12784 186 267
12021 12785 191 267
12021 12786 188 266
12021 12787 191 265
12165 12847 422 393
12165 12848 421 394
12165 12849 423 396
12165 12850 427 397
12165 12851 430 401
12165 12852 433 400
12165 12853 434 401
12165 12854 438 401
12165 12855 442 406
12165 12856 445 404
12165 12857 447 408
12165 12858 449 406
12165 12859 452 407
12165 12860 454 409
12165 12861 457 409
12165 12862 460 411
12165 12863 463 413
12165 12864 467 414
12165 12865 471 414
12165 12866 473 416
12165 12867 476 420
12165 12868 477 418
12165 12869 481 419
12165 12870 485 421
12165 12871 488 423
12165 12872 490 423
12165 12873 492 424
12165 12874 497 426
12165 12875 500 427
12165 12876 502 428
12354 13002 3 291
12354 13003 4 291
12354 13004 4 290
12354 13005 5 289
12354 13006 5 290
12354 13007 7 289
12354 13008 9 288
12354 13009 12 289
12354 13010 11 288
12354 13011 14 287
12354 13012 15 286
12354 13013 16 286
12354 13014 19 286
12354 13015 20 285
12354 13016 21 285
12354 13017 24 285
12354 13018 24 284
12354 13019 25 284
12354 13020 27 282
12354 13021 29 282
12354 13022 32 281
12354 13023 31 281
12354 13024 33 280
12354 13025 34 278
12354 13026 36 280
12354 13027 38 279
12354 13028 41 279
12354 13029 43 279
12354 13030 41 278
12354 13031 43 278
12354 13032 45 277
12354 13033 47 277
12354 13034 48 276
12354 13035 50 276
12354 13036 49 276
12354 13037 50 276
12354 13038 52 273
12354 13039 54 274
12354 13040 57 274
12354 13041 59 273
12354 13042 61 273
12354 13043 63 274
12354 13044 62 272
12354 13045 63 272
12354 13046 68 273
12354 13047 69 271
12354 13048 70 270
12354 13049 73 269
12354 13050 74 270
12354 13051 73 271
12354 13052 73 267
12396 13022 439 422
12396 13023 437 424
12396 13024 433 422
12396 13025 433 419
12396 13026 429 419
12396 13027 426 417
12396 13028 424 418
12396 13029 422 416
12396 13030 420 413
12396 13031 418 412
12396 13032 416 410
12396 13033 413 411
12396 13034 411 408
12396 13035 410 407
12396 13036 406 405
12396 13037 405 405
12396 13038 404 403
12396 13039 403 401
12396 13040 401 399
12396 13041 399 400
12396 13042 398 399
12396 13043 397 397
12396 13044 395 395
12396 13045 392 394
12396 13046 390 394
12396 13047 389 392
12396 13048 388 390
12396 13049 387 388
12396 13050 386 390
12396 13051 384 387
12396 13052 382 386
12396 13053 380 385
12396 13054 379 385
12396 13055 376 384
12396 13056 375 380
12396 13057 374 379
12396 13058 372 381
12396 13059 371 382
12396 13060 367 378
12396 13061 364 376
12396 13062 363 375
12396 13063 362 376
12396 13064 362 373
12396 13065 359 376
12396 13066 355 371
12396 13067 353 371
12396 13068 351 371
12396 13069 350 370
12396 13070 349 368
12396 13071 344 368
12396 13072 343 366
12396 13073 341 366
12396 13074 340 365
12396 13075 342 363
12396 13076 341 364
12396 13077 339 365
12396 13078 337 368
12478 13092 198 268
12478 13093 198 263
12478 13094 196 264
12478 13095 195 264
12478 13096 194 264
12478 13097 194 264
12478 13098 190 262
12478 13099 187 264
12478 13100 185 265
12478 13101 184 265
12478 13102 182 264
12478 13103 180 266
12478 13104 178 266
12478 13105 178 266
12478 13106 175 267
12478 13107 173 267
12478 13108 171 267
12478 13109 169 267
12478 13110 168 268
12478 13111 166 264
12478 13112 164 267
12478 13113 162 267
12478 13114 159 269
12478 13115 157 269
12478 13116 154 270
12478 13117 155 268
12478 13118 152 269
12478 13119 150 269
12478 13120 149 270
12478 13121 146 271
12478 13122 144 271
12478 13123 143 271
12478 13124 141 271
12478 13125 139 271
12478 13126 136 272
12478 13127 135 272
12478 13128 131 275
12478 13129 131 273
12478 13130 130 276
12478 13131 128 274
12478 13132 124 271
12478 13133 124 272
12478 13134 122 273
12478 13135 121 270
12478 13136 117 273
12478 13137 115 273
12478 13138 114 273
12478 13139 112 273
12478 13140 108 274
12478 13141 108 273
12478 13142 108 275
12478 13143 105 275
12478 13144 102 275
12478 13145 100 276
12478 13146 100 275
12478 13147 97 274
12478 13148 93 275
12478 13149 93 276
12478 13150 90 275
12478 13151 89 276
12478 13152 86 277
12478 13153 85 275
12478 13154 83 276
12478 13155 80 277
12478 13156 78 278
12478 13157 76 277
12478 13158 74 276
12478 13159 73 279
12478 13160 70 280
12478 13161 69 278
12478 13162 69 275
12478 13163 66 277
12478 13164 65 280
12478 13165 63 274
12478 13166 61 274