24 22 4 346
24 23 3 346
24 24 5 343
24 25 8 342
24 26 9 341
24 27 11 340
24 28 12 339
24 29 14 338
24 30 15 339
24 31 17 340
24 32 20 335
24 33 21 336
24 34 26 336
24 35 24 336
24 36 26 332
24 37 28 331
24 38 29 334
24 39 32 330
24 40 34 333
24 41 37 331
24 42 39 327
24 43 40 327
24 44 42 329
24 45 43 326
24 46 44 328
24 47 48 324
24 48 50 325
24 49 50 323
24 50 52 323
24 51 55 322
24 52 54 321
24 53 57 320
24 54 59 319
24 55 62 319
24 56 62 318
24 57 64 320
24 58 68 318
24 59 68 316
24 60 71 315
24 61 73 314
24 62 76 313
24 63 79 312
24 64 79 311
24 65 79 311
24 66 83 312
24 67 80 312
24 68 83 312
24 69 86 310
24 70 88 308
24 71 91 306
24 72 93 308
24 73 93 305
24 74 95 305
24 75 96 304
24 76 99 304
24 77 100 304
24 78 101 305
24 79 103 304
24 80 103 302
24 81 105 300
24 82 106 303
24 83 108 302
24 84 112 298
24 85 112 301
24 86 115 299
24 87 116 297
24 88 118 296
24 89 118 299
24 90 118 298
24 91 124 295
24 92 122 296
24 93 128 295
24 94 127 294
24 95 126 293
24 96 126 290
417 335 375 393
417 336 377 388
417 337 380 389
417 338 384 389
417 339 391 391
417 340 391 391
417 341 396 392
417 342 400 394
417 343 404 397
417 344 406 397
417 345 410 396
417 346 417 400
417 347 421 399
417 348 423 400
417 349 427 402
417 350 430 403
417 351 433 406
417 352 437 405
417 353 442 407
417 354 444 408
417 355 449 407
417 356 454 411
417 357 459 413
417 358 464 413
417 359 470 415
417 360 472 417
417 361 472 417
417 362 477 416
417 363 482 420
417 364 486 422
417 365 489 422
417 366 493 423
417 367 498 426
417 368 499 425
417 369 508 429
417 370 511 430
417 371 513 431
417 372 514 430
417 373 522 432
417 374 527 434
417 375 530 435
417 376 539 437
417 377 541 437
417 378 544 438
417 379 545 439
417 380 551 439
417 381 559 441
417 382 563 439
417 383 562 441
417 384 569 446
417 385 575 444
417 386 577 444
417 387 581 446
417 388 588 448
417 389 590 450
417 390 591 458
420 336 299 272
420 337 300 272
420 338 302 273
420 339 305 273
420 340 307 273
420 341 309 273
420 342 310 273
420 343 312 274
420 344 314 274
420 345 317 274
420 346 319 275
420 347 322 274
420 348 323 273
420 349 325 275
420 350 325 275
420 351 328 274
420 352 331 274
420 353 333 275
420 354 333 274
420 355 337 275
420 356 340 275
420 357 342 276
420 358 345 276
420 359 348 276
420 360 349 275
420 361 349 275
420 362 351 277
420 363 355 275
420 364 357 279
420 365 357 277
420 366 360 275
420 367 364 275
420 368 364 278
420 369 367 276
420 370 370 276
420 371 371 278
420 372 373 276
420 373 376 277
420 374 379 278
420 375 379 277
420 376 382 276
420 377 384 279
420 378 385 277
420 379 387 279
420 380 385 279
420 381 392 280
420 382 396 281
420 383 395 280
420 384 402 269
420 385 421 271
420 386 424 270
420 387 437 266
420 388 448 266
420 389 459 269
420 390 465 271
475 379 302 449
475 380 302 445
475 381 305 444
475 382 310 439
475 383 309 445
475 384 318 444
475 385 320 445
475 386 321 446
475 387 327 446
475 388 334 443
475 389 335 444
475 390 337 441
475 391 343 442
475 392 349 440
475 393 349 441
475 394 349 442
475 395 354 440
475 396 361 438
475 397 363 439
475 398 363 441
475 399 365 441
475 400 373 439
475 401 376 441
475 402 377 439
475 403 387 441
475 404 390 440
475 405 394 439
475 406 393 440
475 407 400 441
475 408 399 434
475 409 400 430
498 398 271 312
498 399 266 313
498 400 268 315
498 401 269 315
498 402 270 314
498 403 274 316
498 404 275 316
498 405 275 316
498 406 276 317
498 407 281 317
498 408 281 318
498 409 282 319
498 410 284 319
498 411 284 321
498 412 287 319
498 413 288 320
498 414 291 319
498 415 293 320
498 416 295 320
498 417 295 322
498 418 298 323
498 419 301 322
498 420 303 323
498 421 304 319
498 422 306 323
498 423 307 324
498 424 310 324
498 425 313 325
498 426 313 325
498 427 316 326
498 428 316 331
498 429 319 326
498 430 321 327
498 431 322 327
498 432 324 327
498 433 326 333
498 434 328 330
498 435 330 333
498 436 334 330
498 437 334 334
498 438 337 331
498 439 332 335
520 421 157 268
520 422 157 266
520 423 154 266
520 424 155 268
520 425 152 270
520 426 150 271
520 427 147 273
520 428 144 275
520 429 141 278
520 430 136 280
520 431 135 282
520 432 133 282
520 433 129 284
520 434 124 287
520 435 119 289
520 436 113 291
520 437 109 293
520 438 103 296
520 439 97 298
520 440 92 301
520 441 93 301
711 685 575 393
711 686 576 398
711 687 577 392
711 688 574 393
711 689 569 400
711 690 572 395
711 691 570 400
711 692 568 401
711 693 571 402
711 694 571 400
711 695 567 402
711 696 564 407
711 697 565 405
711 698 563 409
711 699 561 413
711 700 561 413
711 701 560 414
711 702 558 416
711 703 556 416
711 704 553 414
711 705 549 420
711 706 550 423
711 707 550 421
711 708 547 426
711 709 546 425
711 710 543 427
711 711 535 431
711 712 539 431
711 713 540 432
711 714 538 434
824 792 315 274
824 793 316 273
824 794 319 273
824 795 324 276
824 796 323 276
824 797 323 275
824 798 325 275
824 799 330 275
824 800 330 276
824 801 333 275
824 802 337 275
824 803 337 276
824 804 339 274
824 805 342 274
824 806 344 276
824 807 347 275
824 808 347 280
824 809 350 276
824 810 353 277
824 811 357 278
824 812 358 277
824 813 360 278
824 814 364 278
824 815 365 279
824 816 367 267
824 817 369 279
824 818 370 278
824 819 373 278
824 820 376 279
824 821 380 280
824 822 379 278
824 823 381 279
824 824 386 280
824 825 386 281
824 826 387 280
824 827 393 280
824 828 395 280
824 829 396 278
824 830 397 281
824 831 401 278
824 832 403 281
824 833 405 281
824 834 406 281
824 835 409 280
824 836 413 282
824 837 413 281
824 838 416 281
824 839 418 280
824 840 421 281
824 841 422 281
824 842 425 281
824 843 428 280
824 844 426 277
1038 941 236 252
1038 942 241 253
1038 943 252 253
1038 944 263 254
1038 945 273 255
1038 946 287 256
1038 947 302 257
1038 948 309 257
1038 949 321 258
1038 950 340 259
1038 951 359 261
1038 952 374 262
1038 953 383 263
1038 954 395 264
1038 955 407 265
1038 956 422 265
1038 957 436 266
1038 958 443 268
1038 959 459 268
1038 960 459 271
1093 1023 256 393
1093 1024 259 389
1093 1025 263 391
1093 1026 266 391
1093 1027 269 391
1093 1028 275 390
1093 1029 280 389
1093 1030 284 388
1093 1031 285 389
1093 1032 288 388
1093 1033 293 388
1093 1034 295 388
1093 1035 302 387
1093 1036 306 387
1093 1037 306 387
1093 1038 313 386
1093 1039 319 386
1093 1040 322 386
1093 1041 325 385
1093 1042 331 385
1093 1043 331 386
1093 1044 338 385
1093 1045 343 385
1093 1046 345 385
1093 1047 348 385
1093 1048 355 384
1093 1049 360 385
1093 1050 366 383
1093 1051 369 384
1093 1052 370 384
1093 1053 376 384
1093 1054 379 382
1093 1055 382 385
1093 1056 385 384
1093 1057 390 383
1093 1058 393 383
1093 1059 399 383
1093 1060 402 383
1093 1061 406 382
1093 1062 410 382
1093 1063 413 382
1093 1064 418 382
1093 1065 423 383
1093 1066 426 383
1093 1067 432 381
1093 1068 435 381
1093 1069 435 381
1093 1070 438 381
1093 1071 444 380
1093 1072 447 377
1093 1073 451 380
1093 1074 454 377
1093 1075 458 376
1093 1076 464 376
1093 1077 466 379
1093 1078 469 379
1093 1079 472 378
1093 1080 478 379
1093 1081 482 378
1093 1082 484 378
1093 1083 485 378
1093 1084 488 377
1093 1085 495 377
1093 1086 497 378
1093 1087 503 377
1093 1088 505 377
1093 1089 507 377
1093 1090 512 377
1093 1091 516 377
1093 1092 519 376
1093 1093 520 377
1093 1094 524 375
1093 1095 527 376
1093 1096 531 375
1093 1097 536 372
1093 1098 541 374
1093 1099 542 373
1093 1100 543 375
1093 1101 547 373
1093 1102 552 374
1093 1103 556 373
1093 1104 560 373
1093 1105 563 373
1093 1106 564 373
1093 1107 569 371
1093 1108 570 373
1093 1109 573 373
1093 1110 576 372
1093 1111 580 371
1093 1112 583 371
1093 1113 588 370
1093 1114 591 367
1093 1115 592 367
1093 1116 595 367
1093 1117 599 369
1093 1118 601 369
1093 1119 604 365
1093 1120 606 368
1093 1121 608 367
1093 1122 612 364
1093 1123 615 367
1093 1124 616 367
1093 1125 620 366
1093 1126 618 364
1178 1116 310 376
1178 1117 313 372
1178 1118 316 369
1178 1119 317 371
1178 1120 321 371
1178 1121 326 371
1178 1122 329 372
1178 1123 332 372
1178 1124 334 372
1178 1125 339 371
1178 1126 341 370
1178 1127 344 370
1178 1128 349 370
1178 1129 351 370
1178 1130 352 370
1178 1131 355 369
1178 1132 357 369
1178 1133 361 368
1178 1134 362 369
1178 1135 365 367
1178 1136 367 367
1178 1137 370 367
1178 1138 373 367
1178 1139 377 367
1178 1140 378 366
1178 1141 382 365
1178 1142 383 364
1178 1143 387 365
1178 1144 389 364
1178 1145 392 364
1178 1146 395 365
1178 1147 396 366
1178 1148 398 364
1178 1149 402 363
1178 1150 404 363
1178 1151 407 362
1178 1152 411 359
1178 1153 409 358
1340 1258 60 436
1340 1259 62 433
1340 1260 64 434
1340 1261 66 434
1340 1262 70 433
1340 1263 75 429
1340 1264 78 430
1340 1265 81 428
1340 1266 85 426
1340 1267 87 423
1340 1268 90 424
1340 1269 91 419
1340 1270 94 419
1340 1271 98 418
1340 1272 100 416
1340 1273 102 416
1340 1274 110 415
1340 1275 112 414
1340 1276 114 414
1340 1277 114 410
1340 1278 117 413
1340 1279 125 412
1340 1280 126 413
1340 1281 126 413
1340 1282 131 413
1340 1283 134 412
1340 1284 137 418
1428 1302 81 407
1428 1303 84 409
1428 1304 83 408
1428 1305 81 410
1428 1306 78 414
1428 1307 76 414
1428 1308 73 417
1428 1309 72 420
1428 1310 71 421
1428 1311 69 422
1428 1312 65 423
1428 1313 63 426
1428 1314 59 428
1428 1315 57 431
1428 1316 56 432
1428 1317 53 434
1428 1318 49 435
1428 1319 46 438
1428 1320 44 438
1428 1321 42 437
1428 1322 40 445
1428 1323 37 445
1428 1324 34 448
1428 1325 32 452
1428 1326 34 453
1630 1418 293 379
1630 1419 292 373
1630 1420 294 375
1630 1421 300 377
1630 1422 304 378
1630 1423 306 379
1630 1424 305 375
1630 1425 308 381
1630 1426 313 382
1630 1427 313 383
1630 1428 314 383
1630 1429 318 382
1630 1430 325 387
1630 1431 328 389
1630 1432 329 388
1630 1433 331 391
1630 1434 335 393
1630 1435 336 391
1630 1436 337 392
1630 1437 342 394
1630 1438 347 397
1630 1439 349 397
1630 1440 350 398
1630 1441 353 400
1630 1442 359 403
1630 1443 360 401
1630 1444 365 401
1630 1445 362 399
1685 1466 434 438
1685 1467 434 441
1685 1468 440 439
1685 1469 443 446
1685 1470 445 448
1685 1471 448 447
1685 1472 450 448
1685 1473 455 449
1685 1474 457 452
1685 1475 462 454
1685 1476 461 460
1685 1477 468 460
1685 1478 473 459
1685 1479 477 460
1685 1480 478 459
1685 1481 482 462
1685 1482 486 462
1685 1483 489 463
1685 1484 491 469
1802 1570 251 255
1802 1571 255 252
1802 1572 266 254
1802 1573 280 254
1802 1574 296 257
1802 1575 303 257
1802 1576 312 258
1802 1577 325 259
1802 1578 338 259
1802 1579 350 262
1802 1580 338 268
1887 1651 133 287
1887 1652 135 286
1887 1653 130 290
1887 1654 124 293
1887 1655 120 294
1887 1656 119 296
1887 1657 115 299
1887 1658 110 302
1887 1659 105 304
1887 1660 100 306
1887 1661 94 310
1887 1662 86 314
1887 1663 81 318
1887 1664 75 320
1887 1665 82 314
2056 1787 264 421
2056 1788 264 422
2056 1789 260 421
2056 1790 257 421
2056 1791 254 422
2056 1792 250 422
2056 1793 241 424
2056 1794 240 422
2056 1795 235 423
2056 1796 231 422
2056 1797 228 421
2056 1798 226 421
2056 1799 221 423
2056 1800 215 421
2056 1801 212 422
2056 1802 209 422
2056 1803 204 420
2056 1804 201 421
2056 1805 196 421
2056 1806 193 421
2056 1807 190 420
2056 1808 183 421
2056 1809 176 420
2056 1810 176 419
2056 1811 172 418
2056 1812 167 419
2056 1813 164 418
2056 1814 159 419
2056 1815 154 416
2056 1816 151 416
2056 1817 150 415
2056 1818 145 414
2056 1819 144 414
2056 1820 139 414
2056 1821 137 413
2056 1822 135 412
2056 1823 129 413
2056 1824 124 411
2056 1825 121 410
2056 1826 119 410
2056 1827 117 411
2056 1828 114 410
2056 1829 109 410
2056 1830 105 409
2056 1831 102 409
2056 1832 98 408
2056 1833 94 408
2056 1834 93 408
2056 1835 88 407
2056 1836 87 406
2056 1837 89 405
2215 1964 349 332
2215 1965 348 336
2215 1966 343 335
2215 1967 342 339
2215 1968 341 340
2215 1969 338 336
2215 1970 333 336
2215 1971 331 334
2215 1972 329 333
2215 1973 326 329
2215 1974 327 335
2215 1975 325 331
2215 1976 322 331
2215 1977 319 331
2215 1978 316 330
2215 1979 314 329
2215 1980 309 328
2215 1981 310 330
2215 1982 310 329
2215 1983 304 325
2215 1984 303 325
2215 1985 300 323
2215 1986 298 327
2215 1987 295 324
2215 1988 295 324
2215 1989 293 323
2215 1990 289 322
2215 1991 287 322
2215 1992 286 322
2215 1993 282 321
2215 1994 278 321
2215 1995 276 320
2215 1996 276 324
2215 1997 275 320
2215 1998 272 320
2215 1999 271 324
2215 2000 268 319
2215 2001 266 318
2215 2002 264 318
2215 2003 262 320
2215 2004 260 317
2215 2005 258 317
2215 2006 256 317
2215 2007 253 316
2215 2008 251 315
2215 2009 250 316
2215 2010 245 314
2215 2011 244 314
2215 2012 243 315
2215 2013 242 316
2215 2014 239 313
2215 2015 235 316
2215 2016 236 312
2215 2017 235 315
2215 2018 233 311
2215 2019 231 313
2215 2020 229 314
2215 2021 228 312
2215 2022 225 312
2215 2023 224 313
2215 2024 230 310
2215 2025 222 310
2215 2026 220 308
2215 2027 219 312
2215 2028 218 307
2215 2029 215 306
2215 2030 214 309
2215 2031 214 305
2215 2032 209 309
2215 2033 209 311
2215 2034 208 304
2215 2035 206 303
2215 2036 204 303
2215 2037 202 303
2215 2038 202 302
2215 2039 199 301
2215 2040 198 303
2215 2041 198 300
2518 2186 62 406
2518 2187 64 406
2518 2188 70 406
2518 2189 71 408
2518 2190 73 405
2518 2191 80 407
2518 2192 82 408
2518 2193 85 408
2518 2194 85 408
2518 2195 88 406
2518 2196 92 409
2518 2197 97 410
2518 2198 97 409
2518 2199 101 409
2518 2200 105 410
2518 2201 107 408
2518 2202 112 409
2518 2203 112 409
2518 2204 116 409
2518 2205 119 411
2518 2206 125 412
2518 2207 129 414
2518 2208 133 414
2518 2209 133 413
2518 2210 136 414
2518 2211 139 415
2518 2212 144 416
2518 2213 145 416
2518 2214 149 416
2518 2215 154 416
2518 2216 158 416
2518 2217 159 417
2518 2218 165 417
2518 2219 167 418
2518 2220 170 417
2518 2221 172 419
2518 2222 172 417
2621 2252 330 260
2621 2253 331 258
2621 2254 348 260
2621 2255 368 262
2621 2256 389 264
2621 2257 400 265
2621 2258 412 266
2621 2259 431 268
2621 2260 455 269
2621 2261 469 270
2621 2262 473 269
2689 2310 413 470
2689 2311 412 467
2689 2312 417 467
2689 2313 422 467
2689 2314 428 465
2689 2315 433 465
2689 2316 436 464
2689 2317 439 463
2689 2318 442 462
2689 2319 448 462
2689 2320 451 460
2689 2321 455 460
2689 2322 459 456
2689 2323 465 456
2689 2324 468 456
2689 2325 470 454
2689 2326 473 452
2689 2327 478 450
2689 2328 482 448
2689 2329 483 452
2716 2329 487 441
2716 2330 490 445
2716 2331 493 441
2716 2332 495 442
2716 2333 501 440
2716 2334 503 438
2716 2335 506 438
2716 2336 508 434
2716 2337 514 433
2716 2338 515 430
2716 2339 519 430
2716 2340 523 428
2716 2341 526 427
2716 2342 529 423
2716 2343 532 422
2716 2344 534 422
2716 2345 536 418
2716 2346 538 420
2716 2347 542 417
2716 2348 545 416
2716 2349 547 415
2716 2350 551 413
2716 2351 553 411
2716 2352 555 408
2716 2353 556 409
2716 2354 560 407
2716 2355 559 409
2716 2356 561 409
2716 2357 563 408
2775 2376 548 418
2775 2377 551 423
2775 2378 551 421
2775 2379 547 426
2775 2380 549 424
2775 2381 550 426
2775 2382 553 430
2775 2383 559 427
2775 2384 562 426
2775 2385 561 429
2775 2386 558 428
2775 2387 567 433
2775 2388 561 434
2775 2389 565 441
2775 2390 563 438
2775 2391 571 436
2775 2392 567 439
2775 2393 569 437
2775 2394 571 437
2775 2395 571 444
2775 2396 572 446
2775 2397 574 445
2775 2398 578 451
2775 2399 578 449
2775 2400 577 451
2775 2401 580 449
2775 2402 581 445
2775 2403 580 449
2775 2404 585 456
2775 2405 586 458
2775 2406 588 457
2775 2407 589 459
2775 2408 597 458
2775 2409 591 461
2775 2410 588 470
3452 3153 184 400
3452 3154 184 400
3452 3155 180 400
3452 3156 184 397
3452 3157 183 397
3452 3158 183 398
3452 3159 182 400
3452 3160 180 401
3452 3161 178 403
3452 3162 175 403
3452 3163 175 403
3452 3164 174 404
3452 3165 173 406
3452 3166 171 407
3452 3167 167 408
3452 3168 168 408
3452 3169 167 409
3452 3170 165 409
3452 3171 162 411
3452 3172 162 411
3452 3173 159 411
3452 3174 156 412
3452 3175 154 413
3452 3176 153 414
3452 3177 150 416
3452 3178 149 415
3452 3179 148 415
3452 3180 145 416
3452 3181 144 418
3452 3182 140 417
3452 3183 138 418
3452 3184 137 417
3452 3185 136 419
3452 3186 133 419
3452 3187 132 418
3452 3188 130 418
3452 3189 129 420
3452 3190 127 420
3452 3191 125 420
3452 3192 124 419
3452 3193 122 421
3452 3194 119 420
3452 3195 116 419
3476 3179 454 262
3476 3180 448 266
3476 3181 437 265
3476 3182 422 267
3476 3183 410 263
3476 3184 399 260
3476 3185 389 259
3476 3186 372 264
3476 3187 358 256
3476 3188 351 256
3476 3189 341 256
3476 3190 325 254
3476 3191 311 253
3476 3192 305 252
3476 3193 293 251
3476 3194 289 249
3476 3195 286 250
3656 3308 459 446
3656 3309 456 449
3656 3310 461 448
3656 3311 464 447
3656 3312 467 445
3656 3313 465 441
3656 3314 466 440
3656 3315 466 434
3656 3316 469 434
3656 3317 470 435
3656 3318 472 433
3656 3319 475 431
3656 3320 478 431
3656 3321 478 431
3656 3322 482 429
3656 3323 487 427
3656 3324 490 427
3656 3325 491 426
3656 3326 494 424
3656 3327 496 422
3656 3328 498 422
3656 3329 500 421
3656 3330 502 420
3656 3331 503 418
3656 3332 504 420
3656 3333 506 415
3656 3334 507 416
3656 3335 509 415
3656 3336 511 413
3656 3337 511 419
3656 3338 513 416
3671 3326 213 423
3671 3327 217 422
3671 3328 220 417
3671 3329 219 422
3671 3330 221 422
3671 3331 228 422
3671 3332 234 419
3671 3333 232 422
3671 3334 232 421
3671 3335 237 421
3671 3336 241 420
3671 3337 244 421
3671 3338 244 420
3671 3339 248 421
3671 3340 251 419
3671 3341 255 419
3671 3342 258 419
3671 3343 259 420
3671 3344 262 419
3671 3345 264 409
3671 3346 267 418
3671 3347 268 418
3671 3348 270 417
3671 3349 275 416
3671 3350 274 431
3671 3351 282 416
3671 3352 283 409
3671 3353 283 414
3737 3391 317 252
3737 3392 328 253
3737 3393 335 253
3737 3394 327 260
3737 3395 337 262
3737 3396 350 261
3737 3397 362 263
3737 3398 378 266
3737 3399 389 265
3737 3400 397 269
3737 3401 409 270
3772 3415 455 385
3772 3416 455 389
3772 3417 457 392
3772 3418 458 401
3772 3419 460 391
3772 3420 460 387
3772 3421 463 390
3772 3422 466 390
3772 3423 469 389
3772 3424 471 385
3772 3425 475 388
3772 3426 476 384
3772 3427 480 387
3772 3428 482 381
3772 3429 484 387
3772 3430 486 384
3772 3431 489 386
3772 3432 490 382
3772 3433 493 384
3772 3434 496 384
3772 3435 499 379
3772 3436 500 384
3772 3437 502 385
3772 3438 505 384
3772 3439 507 382
3772 3440 508 384
3772 3441 511 383
3772 3442 514 383
3772 3443 517 383
3772 3444 518 383
3772 3445 521 383
3772 3446 523 382
3772 3447 525 383
3772 3448 527 382
3772 3449 526 376
3832 3487 132 424
3832 3488 133 422
3832 3489 134 422
3832 3490 139 425
3832 3491 141 425
3832 3492 142 423
3832 3493 143 423
3832 3494 144 423
3832 3495 151 419
3832 3496 157 420
3832 3497 153 417
3832 3498 153 418
3832 3499 160 418
3832 3500 163 416
3832 3501 167 415
3832 3502 163 415
3832 3503 168 413
3832 3504 171 411
3832 3505 175 410
3832 3506 174 408
3832 3507 174 409
3832 3508 179 409
3832 3509 184 409
3832 3510 184 408
3832 3511 186 406
3832 3512 189 402
3832 3513 191 403
3832 3514 193 400
3832 3515 193 402
3832 3516 195 401
3832 3517 195 400
3832 3518 200 398
3832 3519 201 398
3832 3520 202 398
3832 3521 203 395
3832 3522 209 391
3832 3523 208 394
3832 3524 209 394
3832 3525 210 392
3832 3526 212 391
3832 3527 216 390
3832 3528 217 389
3832 3529 218 386
3832 3530 221 386
3832 3531 222 388
3832 3532 224 383
3832 3533 224 382
3832 3534 227 383
4113 3843 589 387
4113 3844 590 389
4113 3845 589 387
4113 3846 587 390
4113 3847 585 392
4113 3848 582 393
4113 3849 581 393
4113 3850 579 393
4113 3851 577 394
4113 3852 577 393
4113 3853 577 383
4113 3854 574 394
4113 3855 570 398
4113 3856 570 398
4113 3857 567 399
4113 3858 565 400
4113 3859 559 407
4113 3860 555 413
4113 3861 556 407
4113 3862 557 405
4113 3863 557 405
4113 3864 554 409
4113 3865 551 410
4113 3866 549 413
4113 3867 545 414
4113 3868 543 414
4113 3869 543 418
4154 3897 463 448
4154 3898 459 451
4154 3899 454 453
4154 3900 458 450
4154 3901 454 451
4154 3902 449 456
4154 3903 446 455
4154 3904 439 461
4154 3905 438 456
4154 3906 433 463
4154 3907 431 464
4154 3908 427 469
4154 3909 424 466
4154 3910 422 469
4154 3911 418 471
4154 3912 412 472
4154 3913 409 473
4154 3914 405 472
4154 3915 403 474
4154 3916 397 475
4401 4278 318 359
4401 4279 323 362
4401 4280 326 363
4401 4281 327 365
4401 4282 329 362
4401 4283 332 366
4401 4284 334 368
4401 4285 335 370
4401 4286 341 369
4401 4287 345 370
4401 4288 347 371
4401 4289 350 372
4401 4290 353 373
4401 4291 354 374
4401 4292 355 374
4401 4293 358 374
4401 4294 365 379
4401 4295 365 378
4401 4296 368 379
4401 4297 371 379
4401 4298 374 382
4401 4299 376 383
4401 4300 382 382
4401 4301 382 383
4401 4302 388 387
4401 4303 387 385
4401 4304 389 386
4401 4305 395 385
4401 4306 398 392
4401 4307 399 390
4401 4308 405 392
4401 4309 407 393
4401 4310 409 394
4401 4311 414 396
4401 4312 419 397
4401 4313 421 398
4401 4314 422 398
4401 4315 423 399
4401 4316 429 398
4401 4317 433 402
4401 4318 434 403
4401 4319 437 403
4401 4320 443 402
4401 4321 446 407
4401 4322 448 408
4401 4323 456 409
4401 4324 459 409
4401 4325 461 410
4401 4326 466 411
4401 4327 471 412
4401 4328 474 414
4401 4329 476 415
4401 4330 482 414
4401 4331 484 413
4401 4332 488 417
4401 4333 489 418
4401 4334 492 418
4401 4335 498 416
4401 4336 502 419
4401 4337 508 421
4401 4338 513 423
4401 4339 516 423
4401 4340 517 423
4401 4341 523 425
4401 4342 523 428
4401 4343 531 428
4401 4344 534 427
4401 4345 538 428
4401 4346 542 425
4401 4347 544 429
4401 4348 548 431
4401 4349 555 429
4401 4350 559 433
4401 4351 562 434
4401 4352 566 434
4401 4353 569 434
4401 4354 572 437
4401 4355 576 431
4401 4356 579 437
4401 4357 581 443
4401 4358 589 441
4401 4359 592 442
4401 4360 594 443
4401 4361 601 440
4401 4362 603 445
4401 4363 606 446
4401 4364 613 446
4401 4365 617 450
4401 4366 619 451
4401 4367 621 451
4401 4368 622 451
4401 4369 631 454
4401 4370 632 456
4401 4371 632 457
4401 4372 635 456
4401 4373 633 460
4603 4538 266 253
4603 4539 275 252
4603 4540 290 255
4603 4541 297 256
4603 4542 309 255
4603 4543 324 256
4603 4544 344 259
4603 4545 359 261
4603 4546 367 261
4603 4547 386 263
4603 4548 401 264
4603 4549 419 264
4603 4550 441 266
4603 4551 444 267
4644 4589 417 352
4644 4590 421 354
4644 4591 423 359
4644 4592 425 356
4644 4593 425 362
4644 4594 427 362
4644 4595 431 366
4644 4596 433 366
4644 4597 433 362
4644 4598 434 361
4644 4599 438 365
4644 4600 437 365
4644 4601 442 362
4644 4602 443 365
4644 4603 446 371
4644 4604 448 369
4644 4605 451 371
4644 4606 452 373
4644 4607 456 374
4644 4608 456 373
4644 4609 460 375
4644 4610 460 376
4644 4611 460 377
4644 4612 465 375
4644 4613 467 377
4644 4614 468 379
4644 4615 472 378
4644 4616 474 378
4644 4617 475 380
4644 4618 477 383
4644 4619 478 381
4644 4620 481 383
4644 4621 484 385
4644 4622 483 385
4644 4623 487 385
4644 4624 492 389
4644 4625 493 390
4644 4626 495 388
4644 4627 498 390
4644 4628 501 393
4644 4629 503 399
4644 4630 508 401
5111 5143 573 423
5111 5144 571 421
5111 5145 571 418
5111 5146 563 416
5111 5147 560 417
5111 5148 559 411
5111 5149 556 412
5111 5150 551 412
5111 5151 547 410
5111 5152 545 408
5111 5153 540 406
5111 5154 536 407
5111 5155 534 404
5111 5156 529 402
5111 5157 526 400
5111 5158 525 399
5111 5159 524 397
5111 5160 518 396
5111 5161 519 393
5426 5539 465 416
5426 5540 462 420
5426 5541 466 418
5426 5542 469 422
5426 5543 473 425
5426 5544 474 423
5426 5545 480 426
5426 5546 481 425
5426 5547 483 428
5426 5548 487 429
5426 5549 488 431
5426 5550 492 433
5426 5551 499 433
5426 5552 498 436
5426 5553 503 435
5426 5554 509 437
5426 5555 510 440
5426 5556 513 440
5426 5557 513 442
5426 5558 519 441
5426 5559 523 443
5426 5560 529 443
5426 5561 531 447
5426 5562 528 445
5711 5981 254 251
5711 5982 253 251
5711 5983 265 251
5711 5984 280 252
5711 5985 294 253
5711 5986 315 255
5711 5987 333 256
5711 5988 346 258
5711 5989 362 260
5711 5990 378 261
5711 5991 377 268
5917 6158 235 253
5917 6159 235 252
5917 6160 243 253
5917 6161 249 254
5917 6162 257 254
5917 6163 263 255
5917 6164 270 255
5917 6165 278 256
5917 6166 287 257
5917 6167 299 257
5917 6168 308 257
5917 6169 314 259
5917 6170 326 260
5917 6171 340 261
5917 6172 347 261
5917 6173 352 263
5917 6174 362 261
5917 6175 378 264
5917 6176 389 264
5917 6177 396 265
5917 6178 412 267
5917 6179 425 269
5917 6180 432 268
5917 6181 451 269
5917 6182 467 271
5917 6183 471 271
5917 6184 475 272
5938 6181 569 436
5938 6182 571 435
5938 6183 577 429
5938 6184 578 426
5938 6185 578 425
5938 6186 581 431
5938 6187 581 431
5938 6188 583 431
5938 6189 584 429
5938 6190 587 430
5938 6191 589 427
5938 6192 594 429
5938 6193 592 435
5938 6194 592 433
5938 6195 595 432
5938 6196 600 434
5938 6197 601 433
5938 6198 600 436
5938 6199 602 437
5938 6200 603 434
5938 6201 605 436
5938 6202 608 440
5938 6203 609 441
5938 6204 611 440
5938 6205 612 439
5938 6206 614 442
5938 6207 615 443
5938 6208 618 444
5938 6209 623 440
5938 6210 620 445
5938 6211 623 445
5938 6212 626 444
5938 6213 628 442
5938 6214 629 443
5938 6215 633 445
5938 6216 631 450
5938 6217 631 453
5938 6218 635 458
6110 6280 488 264
6110 6281 480 267
6110 6282 464 264
6110 6283 451 259
6110 6284 446 260
6110 6285 436 260
6110 6286 425 258
6110 6287 411 259
6110 6288 398 261
6110 6289 390 254
6110 6290 385 255
6110 6291 373 255
6110 6292 359 254
6110 6293 353 249
6375 6600 345 382
6375 6601 345 377
6375 6602 349 378
6375 6603 353 379
6375 6604 354 381
6375 6605 358 381
6375 6606 359 377
6375 6607 361 383
6375 6608 364 384
6375 6609 368 385
6375 6610 371 387
6375 6611 373 388
6375 6612 375 387
6375 6613 376 387
6375 6614 381 390
6375 6615 382 392
6375 6616 385 392
6375 6617 388 390
6375 6618 391 394
6375 6619 395 395
6375 6620 394 397
6375 6621 400 399
6375 6622 403 400
6375 6623 405 400
6375 6624 408 399
6375 6625 413 403
6375 6626 415 404
6375 6627 418 404
6375 6628 421 404
6375 6629 425 409
6375 6630 426 410
6375 6631 429 410
6375 6632 433 410
6375 6633 434 412
6375 6634 435 413
6375 6635 440 414
6375 6636 444 415
6375 6637 446 417
6375 6638 449 419
6375 6639 453 420
6375 6640 456 420
6375 6641 458 422
6375 6642 458 421
6375 6643 460 422
6375 6644 466 426
6375 6645 469 427
6375 6646 470 429
6375 6647 474 429
6375 6648 477 430
6375 6649 481 431
6375 6650 483 431
6375 6651 488 431
6375 6652 490 435
6375 6653 495 437
6375 6654 498 436
6375 6655 501 437
6375 6656 504 439
6375 6657 510 440
6375 6658 507 441
6522 6920 456 385
6522 6921 454 384
6522 6922 451 385
6522 6923 453 385
6522 6924 449 387
6522 6925 448 388
6522 6926 447 388
6522 6927 440 389
6522 6928 439 389
6522 6929 438 387
6522 6930 436 386
6522 6931 433 386
6522 6932 429 386
6522 6933 428 385
6522 6934 424 385
6522 6935 422 386
6522 6936 420 385
6522 6937 418 382
6522 6938 418 382
6522 6939 413 383
6522 6940 408 389
6522 6941 408 383
6522 6942 404 382
6522 6943 407 383
6522 6944 400 384
6522 6945 396 392
6522 6946 396 387
6522 6947 394 385
6522 6948 393 391
6522 6949 389 387
6522 6950 384 387
6522 6951 382 394
6522 6952 384 388
6522 6953 382 389
6522 6954 381 389
6522 6955 377 390
6522 6956 378 395
6522 6957 373 389
6522 6958 368 396
6522 6959 364 391
6522 6960 365 392
6522 6961 363 391
6522 6962 360 392
6522 6963 356 392
6522 6964 355 393
6522 6965 353 392
6522 6966 350 391
6522 6967 347 394
6522 6968 342 401
6522 6969 343 395
6522 6970 343 395
6522 6971 340 396
6522 6972 338 396
6522 6973 333 397
6522 6974 333 397
6522 6975 332 395
6522 6976 326 397
6522 6977 321 404
6522 6978 321 398
6522 6979 318 400
6522 6980 320 408
6522 6981 317 400
6641 7060 79 433
6641 7061 76 433
6641 7062 74 433
6641 7063 73 434
6641 7064 67 429
6641 7065 65 437
6641 7066 65 438
6641 7067 61 437
6641 7068 63 446
6641 7069 55 442
6641 7070 54 442
6641 7071 53 442
6641 7072 47 440
6641 7073 45 444
6641 7074 41 445
6641 7075 42 445
6641 7076 36 443
6641 7077 35 444
6641 7078 31 448
6641 7079 28 455
6641 7080 30 454
6641 7081 34 458
6641 7082 31 458
6641 7083 31 460
7309 8255 170 387
7309 8256 168 388
7309 8257 167 386
7309 8258 164 388
7309 8259 163 389
7309 8260 162 391
7309 8261 162 388
7309 8262 158 388
7309 8263 155 388
7309 8264 155 384
7309 8265 151 388
7309 8266 148 387
7309 8267 145 386
7309 8268 144 390
7309 8269 142 393
7309 8270 140 392
7309 8271 138 393
7309 8272 135 396
7309 8273 135 395
7309 8274 133 396
7309 8275 130 396
7309 8276 127 400
7309 8277 124 401
7309 8278 122 400
7309 8279 120 401
7309 8280 117 405
7309 8281 115 406
7309 8282 110 406
7309 8283 106 408
7309 8284 105 409
7309 8285 104 411
7309 8286 102 409
7309 8287 98 412
7309 8288 95 416
7309 8289 94 415
7309 8290 92 412
7983 8891 388 342
7983 8892 384 340
7983 8893 382 340
7983 8894 382 342
7983 8895 378 338
7983 8896 377 338
7983 8897 373 341
7983 8898 371 338
7983 8899 368 339
7983 8900 365 337
7983 8901 360 336
7983 8902 355 333
7983 8903 350 345
7983 8904 347 338
7983 8905 346 334
7983 8906 345 336
7983 8907 342 338
7983 8908 339 337
7983 8909 336 336
7983 8910 334 338
7983 8911 331 336
7983 8912 329 336
7983 8913 326 335
7983 8914 321 333
7983 8915 317 334
7983 8916 317 331
7983 8917 311 332
7983 8918 310 329
7983 8919 308 330
7983 8920 302 330
7983 8921 300 330
7983 8922 298 330
7983 8923 296 329
7983 8924 295 328
7983 8925 290 329
7983 8926 288 327
7983 8927 287 328
8021 8912 314 304
8021 8913 313 306
8021 8914 316 309
8021 8915 319 306
8021 8916 320 308
8021 8917 320 312
8021 8918 322 310
8021 8919 323 311
8021 8920 325 314
8021 8921 326 312
8021 8922 329 315
8021 8923 331 314
8021 8924 331 315
8021 8925 335 317
8021 8926 336 315
8021 8927 337 318
8021 8928 339 320
8021 8929 342 321
8021 8930 344 322
8021 8931 346 323
8021 8932 347 322
8021 8933 348 323
8021 8934 351 325
8021 8935 354 323
8021 8936 353 322
8021 8937 356 326
8021 8938 360 329
8021 8939 359 335
8021 8940 364 332
8021 8941 366 336
8021 8942 368 332
8021 8943 371 333
8021 8944 371 335
8021 8945 374 333
8021 8946 376 334
8021 8947 380 337
8021 8948 382 339
8021 8949 384 338
8021 8950 385 340
8021 8951 386 341
8021 8952 389 342
8021 8953 391 342
8021 8954 394 345
8021 8955 395 345
8021 8956 396 346
8021 8957 399 347
8021 8958 402 348
8021 8959 403 347
8021 8960 405 348
8021 8961 408 351
8021 8962 411 352
8021 8963 414 353
8021 8964 417 354
8021 8965 418 357
8021 8966 423 362
8029 8919 314 284
8029 8920 313 286
8029 8921 311 286
8029 8922 310 287
8029 8923 309 287
8029 8924 309 288
8029 8925 307 289
8029 8926 307 289
8029 8927 307 288
8029 8928 304 290
8029 8929 304 291
8029 8930 302 291
8029 8931 300 290
8029 8932 299 293
8029 8933 299 291
8029 8934 297 291
8029 8935 295 293
8029 8936 294 294
8029 8937 295 293
8029 8938 291 294
8029 8939 290 290
8029 8940 287 291
8029 8941 287 290
8029 8942 287 296
8029 8943 284 297
8029 8944 285 292
8029 8945 282 297
8029 8946 281 295
8029 8947 279 297
8029 8948 274 300
8029 8949 274 300
8029 8950 273 299
8029 8951 272 302
8029 8952 270 299
8029 8953 266 300
8029 8954 267 299
8029 8955 266 300
8029 8956 262 300
8029 8957 259 300
8029 8958 258 300
8029 8959 257 300
8029 8960 255 300
8029 8961 250 302
8029 8962 250 301
8029 8963 247 302
8029 8964 245 302
8029 8965 244 302
8029 8966 243 302
8029 8967 242 302
8029 8968 239 301
8029 8969 235 302
8029 8970 234 302
8029 8971 233 303
8029 8972 231 303
8029 8973 228 303
8029 8974 226 304
8029 8975 222 307
8029 8976 219 309
8029 8977 218 309
8029 8978 217 308
8029 8979 217 308
8029 8980 213 308
8029 8981 211 309
8029 8982 210 310
8029 8983 207 304
8029 8984 204 306
8029 8985 203 306
8029 8986 202 305
8029 8987 200 306
8029 8988 199 308
8029 8989 196 307
8068 8968 427 357
8068 8969 428 359
8068 8970 431 360
8068 8971 434 359
8068 8972 435 361
8068 8973 437 363
8068 8974 441 363
8068 8975 446 367
8068 8976 448 369
8068 8977 450 368
8068 8978 452 370
8068 8979 453 370
8068 8980 454 371
8068 8981 456 373
8068 8982 460 373
8068 8983 464 376
8068 8984 467 375
8068 8985 468 378
8068 8986 472 381
8068 8987 474 379
8068 8988 474 380
8068 8989 478 383
8068 8990 480 384
8068 8991 484 384
8068 8992 485 384
8068 8993 488 388
8068 8994 494 391
8068 8995 495 390
8068 8996 501 393
8068 8997 503 394
8068 8998 506 394
8068 8999 506 390
8107 8999 509 397
8107 9000 511 398
8107 9001 513 398
8107 9002 517 400
8107 9003 522 404
8107 9004 525 406
8107 9005 527 403
8107 9006 531 408
8107 9007 534 408
8107 9008 535 408
8107 9009 540 410
8107 9010 543 413
8107 9011 547 415
8107 9012 552 416
8107 9013 554 416
8107 9014 556 420
8107 9015 558 419
8107 9016 562 419
8107 9017 566 423
8107 9018 569 425
8107 9019 569 424
8107 9020 569 431
8140 9020 576 427
8140 9021 580 431
8140 9022 585 428
8140 9023 587 429
8140 9024 590 435
8140 9025 594 435
8140 9026 598 434
8140 9027 601 438
8140 9028 605 442
8140 9029 609 441
8140 9030 613 445
8140 9031 618 446
8140 9032 618 446
8140 9033 624 444
8140 9034 625 447
8140 9035 631 451
8140 9036 629 450
8140 9037 631 465
8446 9540 60 403
8446 9541 58 402
8446 9542 61 400
8446 9543 65 403
8446 9544 70 403
8446 9545 73 403
8446 9546 71 402
8446 9547 75 400
8446 9548 75 403
8446 9549 80 402
8446 9550 82 402
8446 9551 82 400
8446 9552 85 393
8446 9553 89 395
8446 9554 91 396
8446 9555 93 396
8446 9556 94 393
8446 9557 96 394
8446 9558 100 397
8446 9559 103 397
8446 9560 104 395
8446 9561 105 396
8446 9562 109 394
8446 9563 114 396
8446 9564 116 397
8446 9565 116 396
8446 9566 118 391
8446 9567 121 396
8446 9568 126 395
8446 9569 128 395
8446 9570 127 395
8446 9571 131 394
8446 9572 135 394
8446 9573 139 393
8446 9574 139 393
8446 9575 141 392
8446 9576 144 393
8446 9577 148 391
8446 9578 151 391
8446 9579 151 393
8446 9580 153 390
8446 9581 155 391
8446 9582 162 391
8446 9583 159 392
8446 9584 162 390
8446 9585 165 391
8446 9586 168 390
8446 9587 171 390
8446 9588 172 388
8446 9589 173 386
8446 9590 176 384
8446 9591 174 382
8515 9636 225 413
8515 9637 224 415
8515 9638 223 413
8515 9639 221 412
8515 9640 220 411
8515 9641 218 407
8515 9642 218 410
8515 9643 216 402
8515 9644 215 405
8515 9645 214 402
8515 9646 212 402
8515 9647 211 400
8515 9648 209 399
8515 9649 209 399
8515 9650 207 396
8515 9651 206 394
8515 9652 205 393
8515 9653 204 392
8515 9654 203 391
8515 9655 202 390
8515 9656 200 391
8515 9657 199 391
8515 9658 198 388
8515 9659 197 386
8515 9660 196 387
8515 9661 195 385
8515 9662 193 383
8515 9663 192 382
8515 9664 190 379
8515 9665 190 377
8515 9666 189 371
8579 9763 368 437
8579 9764 362 441
8579 9765 364 445
8579 9766 365 447
8579 9767 367 450
8579 9768 370 448
8579 9769 372 449
8579 9770 375 453
8579 9771 377 455
8579 9772 376 450
8579 9773 379 456
8579 9774 381 458
8579 9775 382 459
8579 9776 384 460
8579 9777 388 462
8579 9778 388 462
8579 9779 391 463
8579 9780 391 459
8579 9781 391 462
8579 9782 394 465
8579 9783 397 466
8579 9784 398 467
8579 9785 401 467
8579 9786 403 469
8579 9787 404 468
8579 9788 406 470
8579 9789 409 470
8579 9790 411 471
8579 9791 414 473
8579 9792 415 473
8579 9793 417 474
8579 9794 421 475
8579 9795 424 476
8757 9970 344 362
8757 9971 342 361
8757 9972 341 362
8757 9973 338 363
8757 9974 336 363
8757 9975 335 364
8757 9976 332 364
8757 9977 327 364
8757 9978 327 364
8757 9979 325 364
8757 9980 322 366
8757 9981 319 366
8757 9982 317 365
8757 9983 314 366
8757 9984 311 366
8757 9985 309 368
8757 9986 306 367
8757 9987 304 370
8757 9988 301 370
8757 9989 299 370
8757 9990 296 371
8757 9991 292 371
8757 9992 291 371
8757 9993 289 371
8757 9994 285 373
8757 9995 283 373
8757 9996 281 372
8757 9997 277 373
8757 9998 275 373
8757 9999 272 373
8757 10000 270 374
8757 10001 266 375
8757 10002 264 375
8757 10003 263 375
8757 10004 258 376
8757 10005 256 377
8757 10006 255 377
8757 10007 252 376
8757 10008 248 378
8757 10009 247 378
8757 10010 244 377
8757 10011 240 379
8757 10012 238 379
8757 10013 235 379
8757 10014 233 380
8757 10015 229 381
8757 10016 228 382
8757 10017 225 381
8757 10018 221 381
8757 10019 221 382
8757 10020 217 381
8757 10021 214 382
8757 10022 211 383
8757 10023 210 384
8757 10024 207 384
8757 10025 203 384
8757 10026 202 387
8757 10027 201 384
8780 10006 366 262
8780 10007 368 261
8780 10008 377 263
8780 10009 387 263
8780 10010 396 267
8780 10011 405 265
8780 10012 415 266
8780 10013 424 268
8780 10014 433 269
8780 10015 442 268
8780 10016 453 268
8780 10017 463 270
8780 10018 470 271
8780 10019 473 271
8780 10020 477 272
8780 10021 483 274
8816 10038 161 391
8816 10039 162 390
8816 10040 159 388
8816 10041 156 391
8816 10042 154 391
8816 10043 150 391
8816 10044 146 391
8816 10045 143 391
8816 10046 143 392
8816 10047 138 392
8816 10048 134 392
8816 10049 133 392
8816 10050 128 392
8816 10051 126 393
8816 10052 123 393
8816 10053 119 391
8816 10054 117 382
8816 10055 113 393
8816 10056 111 394
8816 10057 107 394
8816 10058 104 394
8816 10059 103 393
8816 10060 99 394
8816 10061 96 394
8816 10062 93 393
8816 10063 92 393
8816 10064 88 394
8816 10065 84 393
8816 10066 83 393
8816 10067 81 399
8816 10068 77 400
8816 10069 73 400
8816 10070 71 399
8816 10071 70 401
8816 10072 65 401
8816 10073 64 401
8816 10074 60 399
8816 10075 56 399
8816 10076 56 396
8816 10077 52 396
8816 10078 49 397
8816 10079 47 395
8816 10080 43 394
8816 10081 41 394
8816 10082 38 393
8816 10083 37 394
8816 10084 34 394
9129 10345 241 443
9129 10346 237 444
9129 10347 237 445
9129 10348 241 440
9129 10349 243 447
9129 10350 246 446
9129 10351 243 447
9129 10352 246 448
9129 10353 250 449
9129 10354 252 452
9129 10355 254 455
9129 10356 255 451
9129 10357 255 453
9129 10358 257 458
9129 10359 263 461
9129 10360 264 459
9129 10361 264 459
9129 10362 265 459
9129 10363 270 459
9129 10364 272 463
9129 10365 274 461
9129 10366 276 463
9129 10367 277 459
9129 10368 280 460
9129 10369 283 461
9129 10370 286 466
9129 10371 287 465
9129 10372 287 470
9129 10373 291 473
9129 10374 294 470
9129 10375 299 470
9129 10376 295 472
9129 10377 295 473
9136 10349 3 470
9136 10350 3 468
9136 10351 5 464
9136 10352 10 464
9136 10353 9 463
9136 10354 12 462
9136 10355 18 461
9136 10356 22 461
9136 10357 23 460
9136 10358 27 459
9136 10359 31 457
9136 10360 35 457
9136 10361 37 456
9136 10362 42 453
9136 10363 46 450
9136 10364 49 449
9136 10365 51 449
9136 10366 55 443
9136 10367 59 443
9136 10368 62 442
9136 10369 66 440
9136 10370 71 438
9136 10371 74 437
9136 10372 76 436
9136 10373 79 433
9136 10374 83 430
9136 10375 86 431
9136 10376 90 428
9136 10377 92 425
9136 10378 96 423
9136 10379 99 421
9136 10380 103 419
9136 10381 103 420
9150 10366 464 275
9150 10367 460 264
9150 10368 456 267
9150 10369 444 268
9150 10370 430 265
9150 10371 414 264
9150 10372 400 264
9150 10373 390 262
9150 10374 378 260
9150 10375 364 258
9150 10376 353 258
9150 10377 342 257
9150 10378 329 255
9150 10379 316 254
9150 10380 304 253
9150 10381 291 252
9150 10382 290 251
9238 10475 278 419
9238 10476 275 418
9238 10477 280 419
9238 10478 281 422
9238 10479 285 427
9238 10480 284 429
9238 10481 288 426
9238 10482 286 428
9238 10483 289 431
9238 10484 291 430
9238 10485 294 433
9238 10486 295 436
9238 10487 297 438
9238 10488 299 441
9238 10489 300 441
9238 10490 302 444
9238 10491 305 446
9238 10492 308 446
9238 10493 311 450
9238 10494 313 451
9238 10495 316 452
9238 10496 320 455
9238 10497 319 458
9238 10498 320 460
9238 10499 323 460
9238 10500 328 460
9238 10501 325 465
9270 10511 474 266
9270 10512 473 263
9270 10513 465 263
9270 10514 456 265
9270 10515 444 264
9270 10516 433 263
9270 10517 419 261
9270 10518 406 261
9270 10519 392 259
9270 10520 382 259
9270 10521 371 257
9270 10522 358 257
9270 10523 346 254
9270 10524 340 250
9365 10760 167 260
9365 10761 170 260
9365 10762 171 261
9365 10763 167 264
9365 10764 169 263
9365 10765 167 264
9365 10766 166 264
9365 10767 166 266
9365 10768 160 267
9365 10769 160 269
9365 10770 157 271
9365 10771 156 273
9365 10772 155 273
9365 10773 151 276
9365 10774 149 277
9365 10775 147 276
9365 10776 142 280
9365 10777 140 281
9365 10778 137 280
9365 10779 134 282
9365 10780 129 282
9365 10781 127 284
9365 10782 122 287
9365 10783 118 288
9365 10784 113 292
9365 10785 108 295
9365 10786 104 294
9365 10787 100 298
9365 10788 95 299
9365 10789 89 301
9365 10790 83 305
9365 10791 79 308
9365 10792 74 308
9365 10793 69 307
9365 10794 61 305
9365 10795 59 308
9365 10796 50 311
9365 10797 46 314
9365 10798 39 315
9365 10799 45 312
9365 10800 40 315
9367 10764 453 264
9367 10765 451 266
9367 10766 438 265
9367 10767 425 263
9367 10768 412 262
9367 10769 400 261
9367 10770 387 261
9367 10771 374 258
9367 10772 362 258
9367 10773 351 257
9367 10774 356 251
9462 10921 282 333
9462 10922 282 331
9462 10923 281 334
9462 10924 281 338
9462 10925 279 338
9462 10926 278 339
9462 10927 276 341
9462 10928 275 342
9462 10929 273 345
9462 10930 270 345
9462 10931 271 346
9462 10932 270 347
9462 10933 266 348
9462 10934 265 347
9462 10935 264 351
9462 10936 262 351
9462 10937 260 354
9462 10938 258 357
9462 10939 254 358
9462 10940 253 355
9462 10941 252 360
9462 10942 248 363
9462 10943 246 362
9462 10944 244 365
9462 10945 242 366
9462 10946 242 368
9462 10947 242 366
9462 10948 239 366
9465 10926 4 475
9465 10927 6 471
9465 10928 8 471
9465 10929 9 470
9465 10930 12 469
9465 10931 14 468
9465 10932 19 468
9465 10933 21 467
9465 10934 25 468
9465 10935 27 465
9465 10936 27 465
9465 10937 31 461
9465 10938 35 461
9465 10939 42 458
9465 10940 45 454
9465 10941 45 453
9465 10942 49 452
9465 10943 53 449
9465 10944 56 448
9465 10945 57 447
9465 10946 64 444
9465 10947 66 443
9465 10948 70 442
9465 10949 74 440
9465 10950 72 442
9465 10951 75 440
9490 10947 236 370
9490 10948 233 371
9490 10949 230 368
9490 10950 230 372
9490 10951 226 373
9490 10952 222 375
9490 10953 219 376
9490 10954 216 378
9490 10955 210 381
9490 10956 208 383
9490 10957 204 385
9490 10958 200 382
9490 10959 197 388
9490 10960 194 386
9490 10961 191 390
9490 10962 186 389
9490 10963 181 389
9490 10964 178 390
9490 10965 171 394
9490 10966 168 394
9490 10967 167 396
9490 10968 162 397
9490 10969 159 397
9490 10970 156 399
9490 10971 148 407
9490 10972 147 406
9490 10973 147 409
9490 10974 145 411
9490 10975 138 411
9490 10976 139 411
9490 10977 139 412
9490 10978 128 409
9490 10979 121 409
9490 10980 120 410
9490 10981 117 411
9490 10982 113 412
9490 10983 111 412
9490 10984 105 414
9490 10985 101 416
9490 10986 98 418
9490 10987 96 420
9490 10988 95 419
9537 10988 89 423
9537 10989 90 424
9537 10990 86 428
9537 10991 81 430
9537 10992 78 433
9537 10993 74 435
9537 10994 72 436
9537 10995 70 436
9537 10996 66 438
9537 10997 61 440
9537 10998 56 443
9537 10999 53 445
9537 11000 48 449
9537 11001 42 450
9537 11002 39 453
9537 11003 36 455
9537 11004 33 457
9537 11005 28 459
9537 11006 21 460
9537 11007 18 461
9537 11008 14 462
9537 11009 8 463
9537 11010 9 465
9537 11011 15 470
9537 11012 18 470
9537 11013 21 470
9537 11014 20 468
9537 11015 22 470
9771 11186 4 454
9771 11187 3 448
9771 11188 4 445
9771 11189 5 446
9771 11190 11 444
9771 11191 13 442
9771 11192 16 442
9771 11193 16 443
9771 11194 23 445
9771 11195 26 444
9771 11196 26 443
9771 11197 25 443
9771 11198 31 441
9771 11199 32 440
9771 11200 36 438
9771 11201 39 438
9771 11202 40 438
9771 11203 42 438
9771 11204 48 437
9771 11205 53 437
9771 11206 55 436
9771 11207 56 436
9771 11208 60 435
9771 11209 64 435
9771 11210 66 436
9771 11211 65 436
9771 11212 67 433
9771 11213 70 433
9771 11214 77 433
9771 11215 78 432
9771 11216 84 429
9771 11217 86 426
9771 11218 88 426
9771 11219 90 425
9771 11220 89 428
9771 11221 93 425
9771 11222 98 423
9771 11223 100 422
9771 11224 104 421
9771 11225 108 421
9967 11367 409 260
9967 11368 406 261
9967 11369 391 261
9967 11370 386 260
9967 11371 376 259
9967 11372 363 258
9967 11373 357 258
9967 11374 351 257
9967 11375 343 257
9967 11376 334 255
9967 11377 322 254
9967 11378 312 254
9967 11379 298 252
9967 11380 293 251
9967 11381 284 251
9967 11382 276 251
9967 11383 267 250
9967 11384 259 249
9967 11385 252 248
9967 11386 249 247
10121 11652 125 246
10121 11653 151 246
10121 11654 163 248
10121 11655 170 248
10121 11656 176 246
10121 11657 181 246
10121 11658 185 246
10121 11659 191 246
10121 11660 200 247
10121 11661 206 249
10121 11662 212 249
10121 11663 214 247
10121 11664 209 252
10121 11665 214 255
10121 11666 224 258
10121 11667 231 259
10121 11668 239 256
10121 11669 249 258
10121 11670 259 260
10121 11671 272 261
10121 11672 282 263
10121 11673 290 263
10121 11674 302 263
10121 11675 311 263
10121 11676 323 264
10121 11677 335 265
10121 11678 343 266
10200 11716 159 264
10200 11717 168 270
10200 11718 166 275
10200 11719 161 277
10200 11720 155 278
10200 11721 151 282
10200 11722 147 283
10200 11723 140 283
10200 11724 135 285
10200 11725 129 289
10200 11726 127 290
10200 11727 121 294
10200 11728 113 295
10382 12002 428 272
10382 12003 439 272
10382 12004 443 272
10382 12005 454 271
10382 12006 459 270
10382 12007 462 276
10382 12008 455 283
10382 12009 451 282
10382 12010 448 281
10382 12011 446 284
10382 12012 443 284
10382 12013 442 284
10382 12014 439 282
10382 12015 438 283
10382 12016 434 281
10382 12017 433 283
10382 12018 430 283
10382 12019 427 282
10382 12020 426 282
10382 12021 426 278
10382 12022 421 281
10382 12023 419 277
10382 12024 416 280
10382 12025 415 280
10382 12026 413 280
10382 12027 410 280
10382 12028 407 279
10382 12029 408 279
10382 12030 403 280
10382 12031 401 280
10382 12032 398 279
10382 12033 397 277
10382 12034 392 279
10382 12035 392 279
10382 12036 390 278
10382 12037 386 279
10382 12038 384 278
10382 12039 384 278
10382 12040 381 278
10382 12041 378 278
10382 12042 376 278
10382 12043 373 278
10382 12044 370 277
10382 12045 369 277
10382 12046 367 275
10382 12047 363 274
10382 12048 361 276
10382 12049 360 277
10382 12050 357 274
10382 12051 355 274
10382 12052 351 276
10382 12053 351 276
10382 12054 349 276
10382 12055 346 276
10382 12056 344 277
10382 12057 340 275
10838 12604 143 278
10838 12605 142 282
10838 12606 139 282
10838 12607 139 283
10838 12608 137 285
10838 12609 132 286
10838 12610 130 290
10838 12611 127 289
10838 12612 125 293
10838 12613 120 292
10838 12614 121 294
10838 12615 115 296
10838 12616 113 298
10838 12617 110 300
10838 12618 108 299
10838 12619 104 303
10838 12620 95 305
10838 12621 99 306
10838 12622 94 309
10838 12623 92 306
10838 12624 95 312
10839 12604 420 262
10839 12605 401 260
10839 12606 393 259
10839 12607 383 259
10839 12608 369 257
10839 12609 356 256
10839 12610 345 256
10839 12611 336 255
10839 12612 325 254
10839 12613 317 250
10839 12614 311 252
10839 12615 295 252
10839 12616 292 249
11047 12763 585 354
11047 12764 587 351
11047 12765 587 347
11047 12766 583 352
11047 12767 580 353
11047 12768 579 352
11047 12769 577 353
11047 12770 575 353
11047 12771 573 354
11047 12772 570 355
11047 12773 569 356
11047 12774 566 356
11047 12775 564 356
11047 12776 562 356
11047 12777 558 355
11047 12778 557 356
11047 12779 554 359
11047 12780 552 358
11047 12781 548 362
11047 12782 547 360
11047 12783 545 358
11047 12784 541 362
11047 12785 536 362
11047 12786 535 358
11047 12787 536 359
11047 12788 527 363
11047 12789 527 365
11047 12790 524 366
11047 12791 521 366
11047 12792 519 367
11047 12793 517 367
11047 12794 516 368
11047 12795 515 365
11047 12796 511 362
11086 12786 299 363
11086 12787 301 363
11086 12788 301 366
11086 12789 302 366
11086 12790 307 368
11086 12791 307 367
11086 12792 309 368
11086 12793 310 370
11086 12794 314 372
11086 12795 315 374
11086 12796 320 374
11086 12797 321 372
11086 12798 321 376
11086 12799 323 375
11086 12800 328 380
11086 12801 328 380
11086 12802 331 380
11086 12803 333 381
11086 12804 336 383
11086 12805 337 383
11086 12806 340 385
11086 12807 344 387
11086 12808 345 387
11086 12809 346 388
11086 12810 351 390
11086 12811 352 390
11086 12812 354 390
11086 12813 356 391
11086 12814 360 394
11086 12815 362 394
11086 12816 362 394
11086 12817 366 397
11086 12818 368 398
11086 12819 370 399
11086 12820 374 399
11086 12821 378 403
11086 12822 377 403
11086 12823 382 405
11086 12824 385 407
11086 12825 387 408
11086 12826 393 395
11086 12827 392 396
11086 12828 394 405
11086 12829 401 413
11086 12830 402 411
11086 12831 403 413
11086 12832 408 415
11086 12833 409 415
11086 12834 412 413
11086 12835 419 418
11086 12836 422 418
11086 12837 424 421
11086 12838 428 422
11086 12839 429 424
11086 12840 431 423
11086 12841 435 423
11086 12842 440 429
11086 12843 442 430
11086 12844 446 430
11086 12845 449 431
11086 12846 449 433
11086 12847 451 433
11086 12848 455 431
11086 12849 458 437
11107 12795 507 370
11107 12796 507 373
11107 12797 504 369
11107 12798 500 369
11107 12799 496 371
11107 12800 492 371
11107 12801 489 372
11107 12802 482 375
11107 12803 483 373
11107 12804 481 373
11107 12805 474 373
11107 12806 470 376
11107 12807 466 375
11107 12808 466 371
11107 12809 458 377
11107 12810 458 376
11107 12811 454 376
11107 12812 448 377
11107 12813 446 377
11107 12814 443 378
11107 12815 443 379
11107 12816 436 380
11107 12817 432 380
11107 12818 431 381
11107 12819 423 382
11107 12820 418 384
11107 12821 416 383
11107 12822 413 379
11107 12823 407 384
11107 12824 403 384
11107 12825 403 383
11176 12828 389 385
11176 12829 383 387
11176 12830 380 387
11176 12831 375 387
11176 12832 373 388
11176 12833 370 386
11176 12834 364 388
11176 12835 360 389
11176 12836 356 390
11176 12837 351 392
11176 12838 345 392
11176 12839 345 398
11176 12840 342 392
11176 12841 335 393
11176 12842 331 394
11176 12843 326 395
11176 12844 322 395
11176 12845 319 396
11176 12846 316 397
11176 12847 315 398
11176 12848 310 396
11176 12849 304 399
11176 12850 300 400
11176 12851 297 400
11176 12852 291 403
11176 12853 288 403
11176 12854 283 403
11293 12873 200 411
11293 12874 194 419
11293 12875 191 419
11293 12876 189 419
11293 12877 183 420
11293 12878 176 419
11293 12879 175 420
11293 12880 170 419
11293 12881 165 419
11293 12882 161 418
11293 12883 157 419
11293 12884 150 416
11293 12885 145 418
11293 12886 142 418
11293 12887 137 415
11293 12888 132 415
11293 12889 130 415
11293 12890 125 413
11293 12891 121 412
11293 12892 116 412
11293 12893 110 412
11293 12894 104 412
11293 12895 99 414
11293 12896 98 413
11293 12897 95 412
11293 12898 89 411
11293 12899 85 410
11293 12900 83 411
11293 12901 79 410
11293 12902 77 409
11293 12903 73 409
11293 12904 72 409
11293 12905 66 407
11293 12906 61 404
11293 12907 63 401
11621 13017 163 266
11621 13018 160 265
11621 13019 155 268
11621 13020 154 270
11621 13021 152 269
11621 13022 149 271
11621 13023 146 274
11621 13024 143 274
11621 13025 139 274
11621 13026 138 277
11621 13027 136 275
11621 13028 133 276
11621 13029 130 276
11621 13030 126 280
11621 13031 124 278
11621 13032 119 284
11621 13033 118 284
11621 13034 112 286
11621 13035 108 287
11621 13036 106 289
11621 13037 102 291
11621 13038 99 291
11621 13039 96 292
11621 13040 88 297
11621 13041 86 296
11621 13042 81 299
11621 13043 75 301
11621 13044 72 303
11621 13045 76 308
11674 13047 82 301
11674 13048 82 298
11674 13049 73 303
11674 13050 68 304
11674 13051 62 304
11674 13052 62 303
11674 13053 54 309
11674 13054 51 307
11674 13055 47 310
11674 13056 42 312
11674 13057 38 315
11674 13058 35 318
11674 13059 30 316
11674 13060 25 319
11674 13061 19 323
11674 13062 12 326
11674 13063 9 329
11674 13064 7 330
11674 13065 4 334
11674 13066 3 336