531 506 202 264
531 507 196 262
531 508 194 261
531 509 193 260
531 510 188 261
531 511 182 263
531 512 176 265
531 513 172 267
531 514 170 268
531 515 169 268
531 516 162 270
531 517 157 273
531 518 154 274
531 519 149 276
531 520 145 277
531 521 141 279
531 522 138 280
531 523 132 282
531 524 131 278
549 524 126 286
549 525 128 285
549 526 122 288
549 527 117 291
549 528 115 291
549 529 109 296
549 530 103 299
549 531 101 297
549 532 99 298
549 533 95 300
549 534 95 302
549 535 88 304
549 536 86 305
549 537 81 308
549 538 72 311
549 539 68 311
549 540 65 314
549 541 61 314
549 542 55 319
549 543 51 317
549 544 48 321
549 545 42 322
549 546 38 324
549 547 37 326
549 548 30 328
549 549 33 327
960 803 446 266
960 804 434 263
960 805 422 262
960 806 412 262
960 807 401 261
960 808 391 260
960 809 380 258
960 810 371 257
960 811 362 257
960 812 353 256
960 813 341 253
960 814 332 252
960 815 323 252
960 816 310 251
960 817 299 250
960 818 291 250
960 819 283 250
1232 970 353 255
1232 971 365 263
1232 972 380 263
1232 973 394 265
1232 974 406 267
1232 975 419 267
1232 976 433 269
1232 977 446 270
1232 978 449 275
1595 1257 354 264
1595 1258 353 263
1595 1259 351 267
1595 1260 350 267
1595 1261 349 267
1595 1262 346 266
1595 1263 345 268
1595 1264 344 268
1595 1265 340 267
1595 1266 338 269
1595 1267 338 269
1595 1268 336 269
1595 1269 333 271
1595 1270 331 271
1595 1271 330 268
1595 1272 327 269
1595 1273 325 269
1595 1274 323 268
1595 1275 321 268
1595 1276 318 269
1595 1277 318 269
1595 1278 316 268
1595 1279 315 268
1595 1280 313 270
1595 1281 310 269
1595 1282 308 269
1595 1283 307 270
1595 1284 305 270
1595 1285 303 269
1595 1286 300 270
1595 1287 299 268
1595 1288 298 270
1595 1289 294 269
1595 1290 292 270
1595 1291 292 271
1595 1292 289 270
1595 1293 287 271
1595 1294 285 271
1595 1295 285 270
1595 1296 282 270
1595 1297 279 271
1595 1298 278 273
1595 1299 278 264
1595 1300 273 270
1595 1301 272 265
1595 1302 270 271
1595 1303 269 271
1595 1304 266 271
1595 1305 263 272
1595 1306 261 272
1595 1307 261 272
1595 1308 258 272
1595 1309 257 272
1595 1310 255 272
1595 1311 250 262
1595 1312 254 263
1595 1313 249 271
1595 1314 248 272
1595 1315 246 272
1595 1316 242 270
1595 1317 242 271
1595 1318 239 270
1595 1319 236 271
1595 1320 236 271
1595 1321 234 271
1595 1322 232 272
1595 1323 231 272
1595 1324 230 274
1595 1325 226 273
1595 1326 224 273
1595 1327 222 274
1595 1328 221 272
1595 1329 217 272
1595 1330 216 275
1595 1331 216 273
1595 1332 213 272
1595 1333 212 270
1595 1334 210 271
1595 1335 208 270
1595 1336 204 269
1595 1337 204 269
1605 1275 487 265
1605 1276 482 265
1605 1277 474 264
1605 1278 464 266
1605 1279 452 263
1605 1280 438 263
1605 1281 425 262
1605 1282 412 263
1605 1283 401 260
1605 1284 390 259
1605 1285 376 258
1605 1286 362 257
1605 1287 351 253
1605 1288 340 254
1605 1289 328 253
1605 1290 317 251
1605 1291 307 250
1605 1292 295 250
1605 1293 283 250
1605 1294 288 256
1784 1452 192 252
1784 1453 196 253
1784 1454 198 247
1784 1455 206 248
1784 1456 229 250
1784 1457 235 250
1784 1458 245 249
1784 1459 246 249
1784 1460 256 252
1784 1461 265 252
1784 1462 276 253
1784 1463 286 255
1784 1464 297 256
1784 1465 309 257
1784 1466 319 257
1784 1467 329 258
1784 1468 340 260
1784 1469 352 260
1784 1470 361 260
1784 1471 372 263
1784 1472 384 264
1784 1473 394 265
1784 1474 405 265
1784 1475 417 267
1784 1476 429 267
1924 1656 359 447
1924 1657 361 447
1924 1658 362 448
1924 1659 365 449
1924 1660 372 453
1924 1661 376 457
1924 1662 377 456
1924 1663 381 456
1924 1664 389 458
1924 1665 391 460
1924 1666 392 460
1924 1667 396 461
1924 1668 403 461
1924 1669 406 463
1924 1670 408 464
1924 1671 414 465
1924 1672 420 465
1924 1673 423 466
1924 1674 430 467
1924 1675 434 467
1924 1676 436 468
1924 1677 440 469
1924 1678 445 471
1924 1679 451 471
1924 1680 456 472
1924 1681 462 473
1924 1682 466 473
1924 1683 471 474
1924 1684 473 475
1924 1685 478 476
2039 1797 489 265
2039 1798 485 264
2039 1799 478 265
2039 1800 471 263
2039 1801 462 265
2039 1802 451 265
2039 1803 439 264
2039 1804 426 262
2039 1805 412 262
2039 1806 397 261
2039 1807 387 259
2039 1808 376 259
2039 1809 364 258
2039 1810 350 255
2039 1811 338 256
2039 1812 328 254
2039 1813 317 254
2039 1814 308 253
2039 1815 298 251
2039 1816 286 251
2039 1817 275 250
2039 1818 264 250
2039 1819 256 248
2039 1820 247 248
2039 1821 243 247
2039 1822 243 254
2039 1823 218 246
2041 1807 3 473
2041 1808 4 472
2041 1809 6 471
2041 1810 8 470
2041 1811 11 469
2041 1812 12 469
2041 1813 15 468
2041 1814 17 468
2041 1815 18 467
2041 1816 21 466
2041 1817 25 465
2041 1818 25 462
2041 1819 27 464
2041 1820 32 463
2041 1821 33 460
2041 1822 36 460
2041 1823 37 459
2041 1824 42 460
2041 1825 37 455
2041 1826 39 454
2041 1827 48 454
2041 1828 51 455
2041 1829 52 453
2041 1830 53 448
2041 1831 56 450
2041 1832 58 445
2041 1833 59 444
2041 1834 59 446
2453 2209 486 266
2453 2210 489 264
2453 2211 486 263
2453 2212 482 262
2453 2213 474 261
2453 2214 472 261
2453 2215 464 259
2453 2216 458 260
2453 2217 448 259
2453 2218 442 259
2453 2219 437 259
2453 2220 432 258
2453 2221 422 258
2453 2222 416 257
2453 2223 410 257
2453 2224 405 255
2453 2225 402 254
2453 2226 396 254
2453 2227 402 251
2453 2228 401 254
2453 2229 390 253
2453 2230 384 252
2453 2231 376 246
2453 2232 375 252
2453 2233 373 252
2453 2234 368 253
2548 2268 181 251
2548 2269 179 253
2548 2270 178 255
2548 2271 171 255
2548 2272 171 256
2548 2273 164 257
2548 2274 160 258
2548 2275 156 258
2548 2276 154 258
2548 2277 155 260
2548 2278 146 260
2548 2279 147 262
2548 2280 141 262
2548 2281 142 260
2548 2282 134 264
2548 2283 130 265
2548 2284 133 265
2548 2285 126 266
2548 2286 123 267
2548 2287 119 267
2548 2288 117 268
2548 2289 113 268
2548 2290 109 267
2548 2291 111 269
2548 2292 104 269
2548 2293 104 269
2548 2294 103 268
2548 2295 99 270
2548 2296 101 271
2548 2297 97 274
2548 2298 95 271
2548 2299 94 276
2548 2300 90 275
2548 2301 90 274
2548 2302 90 272
2548 2303 90 276
2548 2304 89 273
2548 2305 88 277
2548 2306 89 274
2548 2307 89 273
2621 2310 382 260
2621 2311 376 257
2621 2312 367 256
2621 2313 360 255
2621 2314 349 255
2621 2315 334 256
2621 2316 326 255
2621 2317 318 255
2621 2318 308 254
2621 2319 300 252
2621 2320 295 248
2621 2321 286 247
2621 2322 278 250
2621 2323 271 246
2621 2324 263 248
2621 2325 249 250
2621 2326 241 249
2621 2327 236 251
2621 2328 227 250
2621 2329 214 248
2621 2330 212 250
2666 2337 485 269
2666 2338 480 267
2666 2339 473 265
2666 2340 467 268
2666 2341 457 267
2666 2342 445 266
2666 2343 433 264
2666 2344 423 263
2666 2345 415 261
2666 2346 403 262
2666 2347 391 261
2666 2348 383 260
2666 2349 374 260
2666 2350 367 258
2666 2351 359 257
2666 2352 349 257
2666 2353 340 256
2666 2354 334 255
2666 2355 327 254
2666 2356 321 253
2666 2357 314 253
2666 2358 307 253
2666 2359 301 252
2666 2360 289 253
2666 2361 290 254
2666 2362 287 254
2666 2363 279 249
2666 2364 275 254
2666 2365 266 250
2666 2366 267 254
2759 2381 193 264
2759 2382 190 263
2759 2383 193 262
2759 2384 187 263
2759 2385 185 263
2759 2386 184 264
2759 2387 182 268
2759 2388 179 270
2759 2389 174 272
2759 2390 171 273
2759 2391 166 276
2759 2392 162 277
2759 2393 158 278
2759 2394 155 275
2759 2395 152 280
2759 2396 147 283
2759 2397 142 287
2759 2398 138 289
2759 2399 134 291
2759 2400 128 293
2759 2401 122 295
2759 2402 118 298
2759 2403 113 300
2759 2404 106 302
2759 2405 101 304
2759 2406 94 306
2759 2407 91 310
2759 2408 85 311
2759 2409 80 314
2759 2410 74 316
2759 2411 68 319
2759 2412 62 322
2759 2413 56 323
2759 2414 51 326
2759 2415 44 329
2759 2416 39 331
2759 2417 33 334
2759 2418 26 337
2759 2419 23 340
2759 2420 20 342
2759 2421 17 342
2759 2422 14 344
2759 2423 11 345
2759 2424 8 347
2759 2425 5 350
2910 2464 433 265
2910 2465 426 264
2910 2466 418 264
2910 2467 409 263
2910 2468 403 262
2910 2469 395 262
2910 2470 388 260
2910 2471 379 261
2910 2472 373 260
2910 2473 365 259
2910 2474 356 258
2910 2475 350 257
2910 2476 343 257
2910 2477 335 256
2910 2478 327 255
2910 2479 320 255
2910 2480 314 254
2910 2481 305 253
2910 2482 297 253
2910 2483 291 253
2910 2484 285 250
2910 2485 277 251
2910 2486 271 251
2910 2487 264 249
2910 2488 260 253
3225 2644 274 262
3225 2645 281 253
3225 2646 287 254
3225 2647 291 255
3225 2648 310 258
3225 2649 321 259
3225 2650 335 261
3225 2651 346 262
3225 2652 358 263
3225 2653 372 263
3225 2654 387 264
3225 2655 399 266
3225 2656 410 267
3225 2657 425 267
3225 2658 437 268
3225 2659 449 270
3225 2660 463 271
3225 2661 470 271
3225 2662 473 273
3461 2958 6 456
3461 2959 6 464
3461 2960 13 464
3461 2961 15 463
3461 2962 22 463
3461 2963 26 463
3461 2964 33 464
3461 2965 39 464
3461 2966 47 464
3461 2967 51 464
3461 2968 56 464
3461 2969 63 465
3461 2970 70 465
3461 2971 76 466
3461 2972 83 467
3461 2973 89 467
3461 2974 97 467
3461 2975 103 469
3461 2976 110 470
3461 2977 118 471
3461 2978 127 471
3461 2979 133 473
3461 2980 141 474
3461 2981 155 475
3635 3208 563 354
3635 3209 561 353
3635 3210 557 352
3635 3211 554 352
3635 3212 550 351
3635 3213 547 350
3635 3214 545 349
3635 3215 544 348
3635 3216 538 350
3635 3217 536 348
3635 3218 533 347
3635 3219 530 348
3635 3220 526 347
3635 3221 524 344
3635 3222 522 344
3635 3223 517 343
3635 3224 514 344
3635 3225 513 347
3635 3226 508 341
3635 3227 506 342
3635 3228 502 341
3635 3229 500 339
3635 3230 497 337
3635 3231 495 340
3635 3232 492 340
3635 3233 490 344
3635 3234 485 338
3635 3235 483 336
3635 3236 480 334
3635 3237 477 333
3635 3238 475 335
3635 3239 471 335
3635 3240 469 332
3635 3241 465 331
3635 3242 462 332
3635 3243 461 332
3635 3244 455 330
3635 3245 453 328
3635 3246 452 331
3635 3247 453 330
3838 3340 132 291
3838 3341 137 290
3838 3342 133 291
3838 3343 129 293
3838 3344 121 297
3838 3345 115 296
3838 3346 114 300
3838 3347 113 300
3838 3348 105 303
3838 3349 100 305
3838 3350 98 306
3838 3351 97 308
3838 3352 91 308
3838 3353 86 310
3838 3354 82 313
3838 3355 79 314
3838 3356 78 314
3838 3357 70 317
3838 3358 63 319
3838 3359 62 320
3838 3360 58 321
3838 3361 52 324
3838 3362 55 318
4169 3583 487 270
4169 3584 485 266
4169 3585 482 265
4169 3586 478 264
4169 3587 471 264
4169 3588 467 267
4169 3589 459 266
4169 3590 452 265
4169 3591 444 264
4169 3592 436 263
4169 3593 429 263
4169 3594 422 261
4169 3595 413 259
4169 3596 404 258
4169 3597 397 260
4169 3598 390 256
4169 3599 382 256
4169 3600 373 258
4169 3601 366 258
4169 3602 357 256
4169 3603 348 256
4169 3604 348 255
4169 3605 341 254
4244 3700 136 262
4244 3701 140 258
4244 3702 144 258
4244 3703 146 259
4244 3704 150 261
4244 3705 154 260
4244 3706 156 260
4244 3707 160 261
4244 3708 163 260
4244 3709 168 263
4244 3710 170 258
4244 3711 173 263
4244 3712 178 263
4244 3713 182 260
4244 3714 186 260
4244 3715 189 262
4244 3716 191 261
4244 3717 196 261
4244 3718 198 265
4244 3719 202 267
4244 3720 207 259
4244 3721 209 264
4244 3722 215 263
4244 3723 216 264
4244 3724 220 264
4244 3725 224 262
4244 3726 227 266
4244 3727 232 265
4244 3728 234 265
4244 3729 236 266
4244 3730 239 265
4244 3731 243 267
4244 3732 245 267
4244 3733 248 267
4244 3734 251 267
4244 3735 253 270
4244 3736 255 268
4244 3737 257 269
4244 3738 260 266
4244 3739 263 270
4244 3740 266 271
4311 3786 179 247
4311 3787 179 251
4311 3788 179 255
4311 3789 178 257
4311 3790 176 256
4311 3791 176 256
4311 3792 175 258
4311 3793 173 260
4311 3794 171 261
4311 3795 169 262
4311 3796 168 263
4311 3797 166 264
4311 3798 163 266
4311 3799 161 268
4311 3800 159 273
4311 3801 157 277
4311 3802 153 272
4311 3803 150 280
4311 3804 147 280
4311 3805 147 283
4311 3806 143 284
4311 3807 139 284
4311 3808 137 288
4311 3809 133 289
4311 3810 130 291
4311 3811 127 293
4311 3812 123 296
4311 3813 123 303
4311 3814 121 302
4311 3815 112 300
4311 3816 111 301
4311 3817 106 307
4311 3818 104 308
4311 3819 96 307
4311 3820 91 309
4311 3821 91 313
4311 3822 83 314
4311 3823 77 315
4311 3824 72 316
4311 3825 68 318
4311 3826 63 321
4311 3827 56 323
4311 3828 47 324
4311 3829 47 326
4311 3830 42 329
4311 3831 35 331
4311 3832 28 333
4311 3833 24 334
4311 3834 18 337
4311 3835 13 340
4311 3836 11 341
4311 3837 6 345
4311 3838 5 348
4312 3789 164 274
4312 3790 166 270
4312 3791 164 271
4312 3792 162 273
4312 3793 159 274
4312 3794 157 276
4312 3795 155 277
4312 3796 152 279
4312 3797 150 281
4312 3798 146 282
4312 3799 143 284
4312 3800 141 286
4312 3801 137 287
4312 3802 134 288
4312 3803 130 289
4312 3804 127 290
4312 3805 123 294
4312 3806 120 295
4312 3807 117 294
4312 3808 112 298
4312 3809 108 301
4312 3810 104 303
4312 3811 101 303
4312 3812 96 306
4312 3813 92 305
4312 3814 87 309
4312 3815 83 311
4312 3816 78 314
4312 3817 73 316
4312 3818 68 317
4312 3819 62 320
4312 3820 57 320
4312 3821 52 324
4312 3822 48 325
4312 3823 39 328
4312 3824 34 331
4312 3825 30 331
4312 3826 24 335
4312 3827 20 335
4312 3828 16 334
4312 3829 13 338
4312 3830 10 343
4312 3831 7 341
4312 3832 6 343
4345 3819 328 260
4345 3820 337 257
4345 3821 327 254
4345 3822 317 254
4345 3823 303 251
4345 3824 290 251
4345 3825 281 251
4345 3826 270 250
4345 3827 257 255
4345 3828 248 252
4345 3829 239 247
4345 3830 228 247
4345 3831 219 251
4345 3832 210 251
4402 3895 80 277
4402 3896 82 280
4402 3897 85 286
4402 3898 82 289
4402 3899 84 285
4402 3900 86 290
4402 3901 84 283
4402 3902 85 289
4402 3903 83 293
4402 3904 86 289
4402 3905 84 290
4402 3906 86 295
4402 3907 86 294
4402 3908 85 290
4402 3909 85 294
4402 3910 86 297
4402 3911 86 297
4402 3912 86 298
4402 3913 86 299
4402 3914 85 300
4402 3915 85 300
4402 3916 85 297
4402 3917 85 294
4402 3918 84 294
4402 3919 84 297
4402 3920 83 294
4402 3921 82 297
4402 3922 81 298
4402 3923 80 299
4402 3924 79 301
4402 3925 77 303
4402 3926 75 305
4402 3927 73 304
4402 3928 72 303
4402 3929 69 310
4402 3930 69 309
4402 3931 65 310
4402 3932 68 309
4402 3933 60 314
4402 3934 56 317
4402 3935 53 321
4402 3936 49 315
4402 3937 43 318
4402 3938 39 320
4402 3939 49 314
4402 3940 61 317
4402 3941 65 316
4402 3942 63 316
4616 4121 103 253
4616 4122 104 253
4616 4123 104 256
4616 4124 106 255
4616 4125 107 253
4616 4126 108 254
4616 4127 109 255
4616 4128 110 252
4616 4129 113 256
4616 4130 112 257
4616 4131 114 257
4616 4132 116 257
4616 4133 117 258
4616 4134 118 258
4616 4135 120 256
4616 4136 123 258
4616 4137 123 259
4616 4138 124 259
4616 4139 126 259
4616 4140 127 258
4616 4141 128 260
4616 4142 129 259
4616 4143 131 261
4616 4144 132 261
4616 4145 133 261
4616 4146 135 261
4616 4147 138 260
4616 4148 139 259
4616 4149 140 260
4616 4150 141 261
4616 4151 143 262
4616 4152 142 262
4616 4153 146 261
4616 4154 148 262
4616 4155 150 260
4616 4156 150 261
4616 4157 152 262
4616 4158 154 261
4616 4159 155 263
4616 4160 156 262
4616 4161 158 263
4616 4162 159 262
4616 4163 162 262
4616 4164 162 262
4616 4165 164 262
4616 4166 164 263
4616 4167 166 259
4616 4168 167 262
4616 4169 169 262
4616 4170 171 263
4616 4171 171 262
4616 4172 173 259
4616 4173 175 263
4616 4174 176 262
4616 4175 178 262
4616 4176 180 261
4616 4177 182 261
4616 4178 182 263
4616 4179 184 262
4616 4180 186 263
4616 4181 187 263
4616 4182 187 263
4616 4183 190 263
4616 4184 192 264
4616 4185 193 262
4616 4186 195 261
4616 4187 196 260
4616 4188 199 263
4616 4189 198 265
4616 4190 199 268
4706 4219 483 267
4706 4220 477 265
4706 4221 468 267
4706 4222 456 266
4706 4223 443 265
4706 4224 429 265
4706 4225 415 262
4706 4226 403 262
4706 4227 393 261
4706 4228 376 259
4706 4229 363 258
4706 4230 349 257
4706 4231 335 255
4706 4232 330 254
4849 4291 141 284
4849 4292 139 282
4849 4293 136 283
4849 4294 133 285
4849 4295 132 286
4849 4296 127 288
4849 4297 126 291
4849 4298 121 291
4849 4299 119 294
4849 4300 112 296
4849 4301 112 297
4849 4302 108 300
4849 4303 104 301
4849 4304 102 303
4849 4305 96 304
4849 4306 91 302
4849 4307 87 308
4849 4308 86 307
4849 4309 78 311
4849 4310 72 313
4849 4311 69 316
4849 4312 63 317
4849 4313 59 319
4849 4314 51 320
4849 4315 46 322
4849 4316 41 326
4849 4317 34 324
4849 4318 27 328
4849 4319 21 332
4849 4320 18 331
4849 4321 16 336
4849 4322 14 334
5194 4591 365 258
5194 4592 355 257
5194 4593 342 257
5194 4594 329 255
5194 4595 319 254
5194 4596 309 253
5194 4597 297 252
5194 4598 287 250
5194 4599 277 251
5194 4600 267 250
5194 4601 258 247
5194 4602 252 248
5194 4603 241 247
5194 4604 238 247
5194 4605 222 246
5194 4606 228 251
5194 4607 218 250
5292 4681 248 253
5292 4682 245 253
5292 4683 254 254
5292 4684 263 254
5292 4685 271 255
5292 4686 280 255
5292 4687 289 256
5292 4688 297 257
5292 4689 304 259
5292 4690 315 258
5292 4691 322 258
5292 4692 331 258
5292 4693 340 259
5292 4694 350 262
5292 4695 357 262
5292 4696 365 262
5292 4697 375 263
5292 4698 384 264
5292 4699 392 265
5292 4700 401 266
5292 4701 410 266
5292 4702 420 267
5292 4703 431 268
5292 4704 439 268
5292 4705 447 269
5292 4706 457 270
5292 4707 465 270
5292 4708 470 271
5292 4709 475 272
5292 4710 477 272
5292 4711 483 273
5292 4712 487 272
5435 4903 462 272
5435 4904 464 266
5435 4905 452 266
5435 4906 441 265
5435 4907 427 264
5435 4908 414 263
5435 4909 403 262
5435 4910 388 260
5435 4911 375 259
5435 4912 364 258
5435 4913 349 257
5609 5108 485 266
5609 5109 479 267
5609 5110 475 265
5609 5111 468 265
5609 5112 455 267
5609 5113 441 265
5609 5114 435 265
5609 5115 424 265
5609 5116 412 263
5609 5117 399 262
5609 5118 387 261
5609 5119 375 259
5609 5120 367 258
5609 5121 356 258
5609 5122 347 257
5609 5123 336 257
5609 5124 326 255
5609 5125 315 255
5609 5126 305 254
5609 5127 295 253
5609 5128 285 252
5680 5232 250 252
5680 5233 250 251
5680 5234 259 251
5680 5235 273 255
5680 5236 283 255
5680 5237 295 257
5680 5238 307 258
5680 5239 319 259
5680 5240 329 259
5680 5241 339 260
5680 5242 352 261
5680 5243 364 262
5680 5244 374 263
5680 5245 384 265
5680 5246 397 266
5680 5247 407 266
5680 5248 418 267
5680 5249 430 268
5680 5250 441 268
5680 5251 452 270
5680 5252 461 271
5680 5253 469 271
5680 5254 475 271
5680 5255 477 272
5680 5256 485 273
5767 5323 332 369
5767 5324 333 374
5767 5325 335 381
5767 5326 336 385
5767 5327 339 381
5767 5328 344 376
5767 5329 345 381
5767 5330 348 387
5767 5331 351 386
5767 5332 352 389
5767 5333 354 389
5767 5334 356 387
5767 5335 359 391
5767 5336 362 395
5767 5337 363 395
5767 5338 366 397
5767 5339 368 397
5767 5340 370 399
5767 5341 373 391
5767 5342 375 390
5767 5343 376 400
5767 5344 380 405
5767 5345 383 398
5767 5346 387 399
5767 5347 389 402
5798 5345 386 416
5798 5346 382 416
5798 5347 387 418
5798 5348 389 411
5798 5349 392 410
5798 5350 395 411
5798 5351 398 413
5798 5352 403 409
5798 5353 404 417
5798 5354 404 424
5798 5355 407 427
5798 5356 413 421
5798 5357 416 420
5798 5358 419 422
5798 5359 424 426
5798 5360 428 421
5798 5361 427 429
5798 5362 429 437
5798 5363 437 436
5798 5364 439 434
5798 5365 444 434
5798 5366 447 433
5798 5367 452 431
5798 5368 453 439
5798 5369 457 435
5798 5370 461 437
6108 5586 255 462
6108 5587 254 461
6108 5588 256 462
6108 5589 259 462
6108 5590 263 462
6108 5591 269 461
6108 5592 274 462
6108 5593 275 462
6108 5594 279 461
6108 5595 284 461
6108 5596 290 461
6108 5597 293 462
6108 5598 297 461
6108 5599 301 460
6108 5600 307 460
6108 5601 310 460
6108 5602 314 459
6108 5603 317 459
6108 5604 322 459
6108 5605 326 459
6108 5606 328 459
6108 5607 331 458
6108 5608 336 458
6108 5609 341 458
6108 5610 343 457
6108 5611 346 457
6108 5612 354 457
6108 5613 357 453
6108 5614 360 457
6108 5615 361 456
6108 5616 369 456
6108 5617 375 454
6108 5618 375 455
6108 5619 377 454
6108 5620 380 454
6108 5621 383 454
6108 5622 390 452
6108 5623 391 454
6108 5624 393 455
6108 5625 397 454
6108 5626 404 452
6108 5627 407 446
6108 5628 408 449
6108 5629 412 452
6108 5630 421 450
6108 5631 422 449
6108 5632 423 451
6108 5633 426 452
6108 5634 433 447
6108 5635 437 441
6108 5636 437 450
6108 5637 441 449
6108 5638 447 445
6108 5639 451 444
6108 5640 452 443
6108 5641 454 446
6108 5642 458 446
6108 5643 465 441
6108 5644 468 436
6108 5645 468 445
6108 5646 474 440
6108 5647 478 438
6108 5648 480 437
6108 5649 481 442
6108 5650 486 439
6108 5651 490 435
6108 5652 493 435
6108 5653 494 438
6108 5654 498 434
6108 5655 502 433
6108 5656 506 430
6108 5657 507 428
6108 5658 510 428
6108 5659 514 426
6108 5660 517 427
6108 5661 521 427
6108 5662 518 423
6153 5636 41 415
6153 5637 44 421
6153 5638 46 420
6153 5639 49 423
6153 5640 50 424
6153 5641 51 418
6153 5642 52 420
6153 5643 55 418
6153 5644 57 415
6153 5645 60 416
6153 5646 63 415
6153 5647 64 415
6153 5648 67 415
6153 5649 68 414
6153 5650 69 413
6153 5651 72 413
6153 5652 74 411
6153 5653 76 409
6153 5654 79 410
6153 5655 81 409
6153 5656 83 408
6153 5657 84 405
6153 5658 85 409
6153 5659 87 403
6153 5660 89 403
6153 5661 90 403
6153 5662 94 403
6153 5663 96 401
6153 5664 98 401
6153 5665 99 401
6153 5666 99 400
6153 5667 101 397
6153 5668 102 396
6153 5669 104 397
6153 5670 106 396
6153 5671 108 396
6153 5672 105 398
6180 5663 527 427
6180 5664 530 425
6180 5665 531 423
6180 5666 531 422
6180 5667 534 422
6180 5668 539 424
6180 5669 544 420
6180 5670 543 422
6180 5671 544 423
6180 5672 551 421
6180 5673 553 419
6180 5674 553 416
6180 5675 555 417
6180 5676 559 415
6180 5677 564 414
6180 5678 566 418
6180 5679 565 416
6180 5680 572 415
6180 5681 575 413
6180 5682 576 413
6180 5683 577 410
6180 5684 578 415
6180 5685 583 410
6180 5686 587 413
6180 5687 592 416
6180 5688 589 414
6180 5689 595 414
6180 5690 598 409
6180 5691 599 408
6180 5692 599 408
6180 5693 598 406
6295 5769 187 259
6295 5770 186 262
6295 5771 182 263
6295 5772 180 263
6295 5773 177 264
6295 5774 174 266
6295 5775 170 268
6295 5776 166 279
6295 5777 163 278
6295 5778 158 280
6295 5779 153 284
6295 5780 144 286
6295 5781 143 290
6295 5782 139 293
6574 6054 138 425
6574 6055 138 421
6574 6056 145 423
6574 6057 152 428
6574 6058 158 436
6574 6059 167 442
6574 6060 176 449
6574 6061 184 451
6574 6062 192 457
6574 6063 203 461
6574 6064 213 464
6677 6253 635 254
6677 6254 634 278
6677 6255 631 276
6677 6256 626 276
6677 6257 621 279
6677 6258 616 279
6677 6259 608 278
6677 6260 602 278
6677 6261 593 277
6677 6262 585 276
6677 6263 579 275
6677 6264 575 275
6677 6265 571 274
6677 6266 566 273
6677 6267 562 270
7141 6884 259 251
7141 6885 273 253
7141 6886 288 254
7141 6887 302 255
7141 6888 316 257
7141 6889 332 258
7141 6890 349 259
7141 6891 364 260
7141 6892 381 262
7141 6893 399 263
7141 6894 411 264
7141 6895 424 266
7141 6896 447 268
7141 6897 463 268
7141 6898 472 270
7141 6899 480 279
7146 6895 99 287
7146 6896 96 288
7146 6897 94 291
7146 6898 90 293
7146 6899 88 293
7146 6900 85 296
7146 6901 83 296
7146 6902 79 300
7146 6903 76 300
7146 6904 74 300
7146 6905 72 302
7146 6906 69 303
7146 6907 67 304
7146 6908 65 304
7146 6909 63 305
7146 6910 61 307
7146 6911 58 309
7146 6912 57 309
7146 6913 54 310
7146 6914 52 311
7146 6915 34 323
7146 6916 36 324
7146 6917 34 326
7146 6918 35 325
7178 6933 355 261
7178 6934 366 263
7178 6935 391 264
7178 6936 408 266
7178 6937 428 268
7178 6938 446 268
7178 6939 461 270
7178 6940 472 272
7178 6941 479 279
7200 6946 485 266
7200 6947 476 265
7200 6948 467 267
7200 6949 451 265
7200 6950 438 264
7200 6951 426 262
7200 6952 411 262
7200 6953 395 260
7200 6954 403 250
7765 7559 402 266
7765 7560 389 263
7765 7561 377 263
7765 7562 367 262
7765 7563 376 263
7765 7564 380 262
7765 7565 365 259
7765 7566 364 258
7765 7567 349 255
7765 7568 339 254
7765 7569 326 257
7765 7570 313 252
7765 7571 308 255
7765 7572 299 251
7765 7573 287 254
7765 7574 280 254
7765 7575 273 255
7765 7576 265 253
7765 7577 250 247
7765 7578 247 251
7765 7579 241 252
7765 7580 234 254
7765 7581 227 249
7797 7617 239 270
7797 7618 240 271
7797 7619 242 270
7797 7620 245 272
7797 7621 246 271
7797 7622 248 271
7797 7623 247 264
7797 7624 255 266
7797 7625 256 265
7797 7626 255 274
7797 7627 259 272
7797 7628 260 272
7797 7629 261 273
7797 7630 261 273
7797 7631 267 272
7797 7632 269 271
7797 7633 269 272
7797 7634 271 273
7797 7635 274 269
7797 7636 275 271
7797 7637 277 273
7797 7638 279 273
7797 7639 280 269
7797 7640 283 273
7797 7641 285 274
7797 7642 287 273
7797 7643 290 270
7797 7644 292 274
7797 7645 293 274
7797 7646 296 273
7797 7647 297 271
7797 7648 301 274
7797 7649 301 274
7797 7650 304 271
7797 7651 306 272
7797 7652 308 274
7797 7653 309 275
7797 7654 312 275
7797 7655 315 273
7797 7656 316 276
7797 7657 318 275
7797 7658 322 275
7797 7659 323 275
7797 7660 325 276
7797 7661 326 276
7797 7662 329 276
7797 7663 332 274
7797 7664 333 276
7797 7665 334 276
7797 7666 338 276
7797 7667 340 276
7797 7668 342 276
7797 7669 342 277
7797 7670 345 277
7797 7671 348 274
7797 7672 349 277
7797 7673 351 277
7797 7674 357 277
7797 7675 357 277
7797 7676 358 277
7797 7677 359 277
7797 7678 363 274
7797 7679 364 277
7797 7680 366 278
7797 7681 367 277
7797 7682 371 277
7797 7683 373 278
7797 7684 375 277
7797 7685 376 278
7797 7686 379 275
7797 7687 381 279
7797 7688 382 279
7797 7689 384 280
7797 7690 388 279
7797 7691 390 279
7797 7692 391 279
7797 7693 393 279
7797 7694 396 277
7797 7695 399 278
7797 7696 400 279
7797 7697 402 280
7797 7698 406 277
7797 7699 408 279
7797 7700 409 280
7797 7701 410 280
7797 7702 414 279
7797 7703 416 280
7797 7704 416 280
7797 7705 423 272
7797 7706 424 277
7797 7707 422 271
7797 7708 425 281
7797 7709 427 281
7797 7710 430 281
7797 7711 433 280
7797 7712 433 281
7804 7623 358 265
7804 7624 356 260
7804 7625 363 261
7804 7626 369 261
7804 7627 377 262
7804 7628 386 263
7804 7629 392 263
7804 7630 401 264
7804 7631 409 264
7804 7632 416 265
7804 7633 423 265
7804 7634 430 265
7804 7635 436 266
7804 7636 444 267
7804 7637 454 267
7804 7638 462 268
7804 7639 467 269
7804 7640 471 274
7811 7629 293 253
7811 7630 295 260
7811 7631 305 259
7811 7632 307 262
7811 7633 312 262
7811 7634 319 264
7811 7635 326 264
7811 7636 333 265
7811 7637 340 265
7811 7638 350 266
7811 7639 352 265
7811 7640 362 267
7811 7641 370 267
7811 7642 373 268
7811 7643 381 269
7811 7644 387 268
7884 7743 388 264
7884 7744 387 263
7884 7745 386 266
7884 7746 381 266
7884 7747 381 264
7884 7748 381 267
7884 7749 379 268
7884 7750 377 264
7884 7751 376 267
7884 7752 374 265
7884 7753 370 267
7884 7754 370 266
7884 7755 369 268
7884 7756 367 267
7884 7757 366 267
7884 7758 365 267
7884 7759 362 269
7884 7760 360 270
7884 7761 358 272
7884 7762 354 273
7884 7763 349 277
7884 7764 347 278
7884 7765 346 279
7884 7766 344 281
7884 7767 341 283
7884 7768 338 285
7884 7769 333 290
7884 7770 327 292
7908 7779 248 246
7908 7780 237 255
7908 7781 222 261
7908 7782 228 261
7908 7783 237 260
7908 7784 246 246
7908 7785 253 257
7908 7786 264 249
7908 7787 270 248
7908 7788 277 250
7908 7789 287 252
7908 7790 293 253
7908 7791 298 259
7908 7792 304 260
7908 7793 316 250
7908 7794 328 250
7908 7795 335 252
7908 7796 345 250
7908 7797 354 253
7908 7798 361 257
7908 7799 370 255
7908 7800 380 257
7908 7801 387 258
8114 7916 237 251
8114 7917 239 252
8114 7918 250 254
8114 7919 262 254
8114 7920 275 256
8114 7921 284 256
8114 7922 298 257
8114 7923 314 258
8114 7924 326 259
8114 7925 338 260
8114 7926 350 260
8114 7927 363 262
8114 7928 378 263
8114 7929 394 266
8114 7930 406 266
8114 7931 420 268
8114 7932 436 268
8114 7933 453 270
8114 7934 465 272
8114 7935 475 272
8114 7936 483 272
8114 7937 488 277
8616 8488 161 261
8616 8489 161 262
8616 8490 160 263
8616 8491 159 266
8616 8492 157 264
8616 8493 154 266
8616 8494 153 267
8616 8495 150 269
8616 8496 147 270
8616 8497 147 270
8616 8498 144 272
8616 8499 135 276
8616 8500 130 279
8616 8501 126 281
8616 8502 121 283
8616 8503 118 283
8616 8504 117 285
8616 8505 113 287
8616 8506 118 286
8616 8507 117 290
8616 8508 114 293
8616 8509 105 294
8616 8510 103 296
8616 8511 101 300
8616 8512 95 303
8616 8513 88 305
8616 8514 83 309
8616 8515 76 310
8616 8516 67 310
8616 8517 65 315
8616 8518 55 317
8637 8510 77 308
8637 8511 74 304
8637 8512 69 306
8637 8513 61 310
8637 8514 55 313
8637 8515 49 316
8637 8516 42 320
8637 8517 36 323
8637 8518 30 326
8637 8519 21 330
8637 8520 15 334
8637 8521 11 337
8637 8522 8 339
8637 8523 4 334
8637 8524 7 329
8637 8525 3 332
8755 8632 485 267
8755 8633 480 266
8755 8634 473 264
8755 8635 465 265
8755 8636 451 266
8755 8637 435 264
8755 8638 423 262
8755 8639 411 262
8755 8640 396 259
8755 8641 382 260
8755 8642 370 259
8755 8643 355 257
8755 8644 341 257
8755 8645 327 256
8755 8646 315 254
8755 8647 307 253
8755 8648 292 252
8755 8649 277 250
8755 8650 264 250
8755 8651 255 249
8755 8652 250 248
8755 8653 237 248
8776 8685 194 247
8776 8686 198 249
8776 8687 209 250
8776 8688 220 250
8776 8689 229 251
8776 8690 243 252
8776 8691 256 252
8776 8692 269 254
8776 8693 283 256
8776 8694 295 257
8776 8695 307 258
8776 8696 323 259
8787 8700 408 254
8787 8701 389 253
8787 8702 408 267
8787 8703 424 267
8787 8704 439 268
8787 8705 453 269
8787 8706 465 270
8787 8707 474 272
8787 8708 482 272
8787 8709 500 267
8908 8916 484 267
8908 8917 476 266
8908 8918 472 265
8908 8919 461 267
8908 8920 445 266
8908 8921 433 265
8908 8922 422 261
8908 8923 407 262
8908 8924 393 261
8908 8925 382 260
8908 8926 370 259
8908 8927 355 258
8908 8928 343 257
8908 8929 331 255
8908 8930 321 253
8908 8931 308 254
8908 8932 297 252
8908 8933 286 251
8908 8934 274 251
8908 8935 262 250
8908 8936 253 249
8908 8937 248 249
8917 8933 4 471
8917 8934 6 467
8917 8935 8 466
8917 8936 12 465
8917 8937 15 464
8917 8938 19 462
8917 8939 24 460
8917 8940 27 459
8917 8941 30 458
8917 8942 33 456
8917 8943 37 455
8917 8944 40 454
8917 8945 45 451
8917 8946 48 449
8917 8947 52 449
8917 8948 56 448
8917 8949 60 446
8917 8950 62 445
8917 8951 66 443
8917 8952 70 441
8917 8953 73 439
8917 8954 76 439
8917 8955 81 437
8917 8956 84 435
8917 8957 87 434
8917 8958 90 432
8917 8959 93 433
8917 8960 97 429
8917 8961 100 429
8917 8962 104 427
8917 8963 107 425
8917 8964 110 424
8917 8965 114 423
8917 8966 117 421
8917 8967 121 419
8917 8968 124 418
8917 8969 127 417
9023 9092 411 261
9023 9093 397 260
9023 9094 385 258
9023 9095 374 258
9023 9096 361 256
9023 9097 348 255
9023 9098 336 254
9023 9099 326 252
9023 9100 315 252
9023 9101 303 251
9023 9102 292 250
9023 9103 280 250
9023 9104 271 249
9023 9105 261 249
9023 9106 253 248
9023 9107 248 247
9023 9108 233 246
9023 9109 222 246
9104 9210 484 269
9104 9211 479 267
9104 9212 473 265
9104 9213 464 268
9104 9214 449 267
9104 9215 437 265
9104 9216 426 264
9104 9217 413 263
9104 9218 399 261
9104 9219 388 260
9104 9220 379 259
9104 9221 367 258
9104 9222 357 258
9104 9223 348 257
9104 9224 337 253
9104 9225 327 254
9104 9226 320 253
9104 9227 311 252
9104 9228 306 256
9116 9243 208 258
9116 9244 204 259
9116 9245 199 259
9116 9246 194 261
9116 9247 189 261
9116 9248 183 262
9116 9249 182 266
9116 9250 176 267
9116 9251 171 269
9116 9252 165 271
9116 9253 162 274
9116 9254 156 275
9116 9255 151 277
9116 9256 145 280
9116 9257 139 282
9116 9258 132 285
9116 9259 126 288
9116 9260 121 289
9116 9261 113 293
9116 9262 105 296
9116 9263 97 299
9116 9264 90 303
9116 9265 84 305
9116 9266 77 308
9116 9267 69 312
9116 9268 60 316
9116 9269 51 320
9116 9270 43 323
9116 9271 35 327
9116 9272 26 332
9116 9273 21 337
9116 9274 17 339
9116 9275 12 339
9116 9276 8 344
9116 9277 3 349
9127 9266 299 253
9127 9267 299 252
9127 9268 310 253
9127 9269 322 254
9127 9270 332 255
9127 9271 341 256
9127 9272 353 256
9127 9273 366 257
9127 9274 378 258
9127 9275 389 259
9127 9276 399 259
9127 9277 412 261
9127 9278 424 263
9127 9279 433 263
9127 9280 447 265
9127 9281 459 266
9127 9282 466 267
9127 9283 466 268
9175 9308 146 280
9175 9309 146 275
9175 9310 146 273
9175 9311 149 270
9175 9312 151 272
9175 9313 152 271
9175 9314 147 271
9175 9315 149 277
9175 9316 145 275
9175 9317 143 281
9175 9318 141 284
9175 9319 137 286
9175 9320 134 286
9175 9321 131 290
9175 9322 127 292
9175 9323 121 294
9175 9324 119 295
9175 9325 115 299
9175 9326 111 299
9175 9327 107 301
9175 9328 102 305
9175 9329 97 306
9175 9330 93 309
9175 9331 89 308
9175 9332 83 312
9175 9333 79 313
9175 9334 74 312
9175 9335 68 317
9175 9336 63 320
9175 9337 58 320
9175 9338 53 325
9175 9339 47 328
9175 9340 40 328
9175 9341 35 332
9175 9342 30 335
9175 9343 23 335
9175 9344 16 341
9175 9345 11 344
9175 9346 6 347
9181 9311 465 271
9181 9312 467 267
9181 9313 456 266
9181 9314 443 266
9181 9315 428 264
9181 9316 416 262
9181 9317 404 261
9181 9318 389 261
9181 9319 374 260
9181 9320 362 258
9181 9321 350 257
9181 9322 337 255
9181 9323 323 255
9181 9324 312 253
9181 9325 301 253
9181 9326 288 251
9181 9327 276 251
9181 9328 267 251
9322 9481 3 317
9322 9482 3 306
9322 9483 5 306
9322 9484 6 309
9322 9485 7 308
9322 9486 10 306
9322 9487 12 310
9322 9488 15 307
9322 9489 16 307
9322 9490 18 307
9322 9491 20 307
9322 9492 22 311
9322 9493 24 311
9322 9494 27 312
9322 9495 29 311
9322 9496 31 310
9322 9497 33 309
9322 9498 36 312
9322 9499 38 312
9322 9500 38 309
9322 9501 43 314
9322 9502 44 312
9322 9503 47 311
9322 9504 50 313
9322 9505 52 313
9322 9506 55 313
9322 9507 58 312
9322 9508 59 312
9322 9509 62 311
9322 9510 64 312
9322 9511 66 314
9322 9512 69 313
9322 9513 71 312
9322 9514 74 314
9322 9515 77 313
9322 9516 79 311
9322 9517 80 315
9322 9518 82 316
9322 9519 85 313
9322 9520 87 314
9322 9521 88 317
9322 9522 91 317
9322 9523 95 317
9322 9524 98 317
9322 9525 100 316
9322 9526 102 316
9322 9527 104 314
9322 9528 106 314
9322 9529 108 314
9322 9530 111 313
9322 9531 114 314
9322 9532 117 314
9322 9533 121 315
9322 9534 124 316
9322 9535 126 317
9322 9536 126 317
9322 9537 130 317
9322 9538 132 319
9322 9539 135 318
9322 9540 137 319
9322 9541 139 320
9322 9542 142 320
9322 9543 144 320
9322 9544 148 323
9322 9545 150 324
9322 9546 152 324
9322 9547 155 322
9322 9548 158 326
9322 9549 159 323
9322 9550 162 325
9322 9551 165 323
9322 9552 166 326
9322 9553 168 325
9322 9554 173 328
9322 9555 177 328
9322 9556 178 327
9322 9557 181 324
9322 9558 184 327
9322 9559 185 328
9322 9560 187 329
9322 9561 191 328
9322 9562 194 329
9322 9563 197 330
9322 9564 199 330
9322 9565 202 331
9322 9566 206 333
9322 9567 208 332
9322 9568 210 332
9322 9569 214 333
9322 9570 215 334
9322 9571 219 333
9322 9572 223 334
9322 9573 225 335
9322 9574 226 335
9322 9575 229 335
9322 9576 233 336
9322 9577 235 339
9322 9578 238 337
9322 9579 241 337
9322 9580 245 339
9322 9581 248 338
9322 9582 249 338
9322 9583 252 338
9322 9584 256 340
9322 9585 258 341
9322 9586 262 340
9322 9587 266 340
9322 9588 267 341
9322 9589 271 337
9322 9590 274 341
9322 9591 278 338
9322 9592 281 343
9322 9593 285 344
9322 9594 289 343
9322 9595 289 344
9322 9596 294 344
9322 9597 297 344
9322 9598 301 346
9322 9599 304 346
9322 9600 307 344
9322 9601 311 343
9322 9602 314 347
9322 9603 316 346
9322 9604 320 347
9322 9605 324 348
9322 9606 327 346
9322 9607 330 348
9322 9608 334 348
9322 9609 337 348
9322 9610 339 345
9322 9611 343 349
9322 9612 347 351
9322 9613 349 349
9322 9614 351 349
9322 9615 356 350
9322 9616 359 351
9322 9617 364 350
9322 9618 367 351
9322 9619 370 352
9322 9620 373 352
9322 9621 375 353
9322 9622 381 352
9322 9623 384 352
9322 9624 387 352
9322 9625 392 352
9322 9626 395 350
9322 9627 398 352
9322 9628 401 354
9322 9629 406 353
9322 9630 409 353
9322 9631 414 350
9322 9632 417 355
9322 9633 419 353
9322 9634 423 353
9322 9635 428 354
9322 9636 431 354
9322 9637 435 354
9322 9638 438 354
9322 9639 442 350
9322 9640 445 354
9322 9641 448 353
9322 9642 453 350
9322 9643 456 350
9322 9644 458 354
9322 9645 463 350
9322 9646 466 351
9322 9647 469 351
9322 9648 471 353
9322 9649 476 354
9322 9650 480 351
9322 9651 482 353
9322 9652 485 353
9322 9653 488 354
9322 9654 493 349
9322 9655 494 355
9322 9656 497 354
9322 9657 503 351
9322 9658 504 351
9322 9659 508 355
9322 9660 512 354
9322 9661 516 350
9322 9662 518 353
9322 9663 522 354
9322 9664 527 350
9322 9665 528 354
9322 9666 533 354
9322 9667 535 354
9322 9668 539 351
9322 9669 541 354
9322 9670 544 351
9322 9671 550 351
9322 9672 552 350
9322 9673 555 354
9322 9674 557 354
9322 9675 562 353
9322 9676 563 354
9322 9677 565 353
9322 9678 570 352
9322 9679 572 354
9322 9680 574 353
9322 9681 577 353
9322 9682 580 350
9322 9683 582 352
9322 9684 584 353
9322 9685 589 353
9322 9686 592 350
9322 9687 594 353
9322 9688 598 353
9322 9689 597 351
9459 9752 195 261
9459 9753 194 259
9459 9754 187 260
9459 9755 181 262
9459 9756 174 267
9459 9757 170 269
9459 9758 168 269
9459 9759 161 271
9459 9760 159 271
9459 9761 154 271
9459 9762 149 275
9459 9763 145 277
9459 9764 141 277
9459 9765 138 280
9459 9766 133 282
9459 9767 128 284
9459 9768 124 287
9459 9769 119 290
9459 9770 115 291
9459 9771 109 294
9459 9772 103 298
9459 9773 97 299
9459 9774 93 297
9530 9862 455 395
9530 9863 455 388
9530 9864 453 388
9530 9865 451 386
9530 9866 447 388
9530 9867 445 389
9530 9868 444 390
9530 9869 441 389
9530 9870 439 386
9530 9871 436 392
9530 9872 432 395
9530 9873 431 392
9530 9874 428 394
9530 9875 424 394
9530 9876 423 397
9530 9877 422 396
9530 9878 417 392
9530 9879 415 400
9530 9880 412 400
9530 9881 410 398
9530 9882 407 400
9530 9883 405 399
9530 9884 400 403
9530 9885 399 402
9530 9886 396 400
9530 9887 392 398
9530 9888 389 406
9530 9889 388 405
9530 9890 385 404
9530 9891 379 407
9530 9892 377 408
9530 9893 375 407
9530 9894 373 404
9530 9895 369 404
9569 9925 422 264
9569 9926 432 260
9569 9927 424 261
9569 9928 416 260
9569 9929 410 260
9569 9930 400 259
9569 9931 392 257
9569 9932 385 257
9569 9933 378 259
9569 9934 369 257
9569 9935 362 255
9569 9936 354 257
9569 9937 345 254
9569 9938 337 255
9569 9939 330 253
9569 9940 323 253
9569 9941 315 251
9569 9942 316 252
9571 9931 246 440
9571 9932 243 441
9571 9933 240 441
9571 9934 236 440
9571 9935 233 440
9571 9936 227 443
9571 9937 224 437
9571 9938 221 441
9571 9939 218 441
9571 9940 214 444
9571 9941 210 447
9571 9942 207 445
9571 9943 205 443
9571 9944 200 440
9571 9945 195 440
9571 9946 194 441
9571 9947 188 446
9571 9948 186 449
9571 9949 179 448
9571 9950 178 447
9571 9951 173 444
9571 9952 169 444
9571 9953 165 444
9571 9954 162 447
9571 9955 158 450
9571 9956 155 452
9571 9957 151 453
9571 9958 148 454
9571 9959 143 450
9571 9960 140 447
9579 9958 154 464
9579 9959 154 464
9579 9960 139 467
9579 9961 135 457
9579 9962 132 450
9579 9963 129 455
9579 9964 125 456
9579 9965 122 459
9579 9966 120 460
9579 9967 115 457
9579 9968 111 456
9579 9969 105 455
9579 9970 103 456
9579 9971 100 459
9579 9972 95 463
9579 9973 93 463
9579 9974 91 463
9579 9975 84 461
9579 9976 80 461
9579 9977 76 460
9579 9978 73 462
9579 9979 68 462
9579 9980 65 463
9579 9981 61 462
9579 9982 58 464
9579 9983 55 467
9579 9984 50 466
9579 9985 46 465
9579 9986 43 469
9579 9987 39 467
9579 9988 35 469
9579 9989 32 468
9579 9990 28 469
9579 9991 23 469
9579 9992 20 471
9579 9993 17 470
9579 9994 13 469
9579 9995 10 471
9579 9996 7 471
9579 9997 5 471
9579 9998 4 472
9579 9999 3 476
9898 10318 500 265
9898 10319 486 266
9898 10320 482 266
9898 10321 479 263
9898 10322 474 264
9898 10323 468 266
9898 10324 460 266
9898 10325 451 264
9898 10326 441 263
9898 10327 432 263
9898 10328 423 262
9898 10329 414 260
9898 10330 407 260
9898 10331 396 260
9898 10332 388 259
9898 10333 377 258
9898 10334 370 258
9898 10335 359 257
9898 10336 350 256
9898 10337 343 253
9898 10338 334 254
9898 10339 336 253
9949 10416 239 252
9949 10417 245 253
9949 10418 256 254
9949 10419 268 254
9949 10420 281 256
9949 10421 297 257
9949 10422 312 258
9949 10423 325 259
9949 10424 342 259
9949 10425 357 262
9949 10426 371 263
9949 10427 388 266
9949 10428 407 267
9949 10429 422 268
9949 10430 437 269
9949 10431 456 270
9949 10432 468 271
9949 10433 478 272
9949 10434 488 273
10130 10651 414 267
10130 10652 402 261
10130 10653 388 260
10130 10654 371 259
10130 10655 355 257
10130 10656 340 256
10130 10657 327 255
10130 10658 314 253
10130 10659 299 252
10130 10660 286 252
10130 10661 272 250
10130 10662 261 250
10130 10663 254 248
10130 10664 241 248
10130 10665 235 247
10130 10666 235 252
10158 10712 486 268
10158 10713 480 266
10158 10714 472 267
10158 10715 462 266
10158 10716 449 265
10158 10717 437 264
10158 10718 423 262
10158 10719 409 261
10158 10720 397 260
10158 10721 385 259
10158 10722 373 259
10158 10723 362 258
10158 10724 349 256
10158 10725 336 255
10158 10726 325 253
10158 10727 314 252
10158 10728 303 252
10158 10729 291 251
10158 10730 282 249
10158 10731 272 249
10158 10732 261 249
10158 10733 251 248
10158 10734 246 246
10158 10735 237 247
10158 10736 223 246
10208 10776 179 439
10208 10777 190 443
10208 10778 204 446
10208 10779 215 449
10208 10780 224 452
10208 10781 237 453
10208 10782 249 455
10208 10783 263 456
10208 10784 273 458
10208 10785 284 458
10208 10786 297 459
10208 10787 315 461
10342 10974 236 252
10342 10975 245 252
10342 10976 245 252
10342 10977 256 253
10342 10978 265 255
10342 10979 274 255
10342 10980 285 257
10342 10981 295 257
10342 10982 304 257
10342 10983 316 258
10342 10984 327 259
10342 10985 337 258
10342 10986 346 260
10342 10987 359 262
10342 10988 368 262
10342 10989 378 264
10342 10990 389 266
10342 10991 400 266
10342 10992 411 266
10342 10993 422 268
10342 10994 431 267
10342 10995 441 268
10342 10996 452 272
10342 10997 461 271
10342 10998 468 272
10342 10999 473 272
10342 11000 480 273
10342 11001 484 273
10342 11002 488 273
10342 11003 487 278
10342 11004 488 278
10376 11016 143 248
10376 11017 151 246
10376 11018 160 246
10376 11019 169 248
10376 11020 176 249
10376 11021 188 249
10376 11022 194 253
10376 11023 206 248
10376 11024 215 252
10376 11025 228 253
10376 11026 238 256
10376 11027 247 253
10376 11028 263 254
10376 11029 271 259
10565 11194 373 273
10565 11195 385 268
10565 11196 383 257
10565 11197 380 255
10565 11198 377 260
10565 11199 372 261
10565 11200 368 261
10565 11201 367 261
10565 11202 365 261
10565 11203 361 260
10565 11204 359 259
10565 11205 357 263
10565 11206 351 261
10565 11207 347 261
10565 11208 341 261
10565 11209 337 259
10565 11210 328 257
10565 11211 323 256
10565 11212 317 252
10565 11213 315 250
10779 11510 189 257
10779 11511 186 258
10779 11512 186 259
10779 11513 181 260
10779 11514 178 261
10779 11515 173 262
10779 11516 169 264
10779 11517 164 265
10779 11518 160 266
10779 11519 155 268
10779 11520 152 269
10779 11521 147 272
10779 11522 143 273
10779 11523 139 275
10779 11524 136 277
10779 11525 131 279
10779 11526 126 281
10779 11527 122 283
10779 11528 117 285
10779 11529 113 287
10779 11530 107 288
10779 11531 114 287
10840 11723 315 265
10840 11724 325 253
10840 11725 337 247
10840 11726 345 254
10840 11727 357 252
10840 11728 364 255
10840 11729 378 257
10840 11730 388 259
10840 11731 397 257
10840 11732 399 258
10924 11779 268 254
10924 11780 275 254
10924 11781 288 255
10924 11782 292 256
10924 11783 298 257
10924 11784 307 257
10924 11785 316 258
10924 11786 323 259
10924 11787 330 259
10924 11788 338 260
10924 11789 345 260
10924 11790 353 260
10924 11791 363 258
10924 11792 371 258
10924 11793 377 262
10924 11794 383 262
10924 11795 393 261
10924 11796 399 265
10924 11797 405 264
10924 11798 413 267
10924 11799 421 267
10924 11800 427 268
10924 11801 433 267
10924 11802 440 268
10924 11803 447 267
10924 11804 453 269
10924 11805 459 270
10924 11806 464 269
10924 11807 468 271
10924 11808 469 269
10924 11809 471 270
10924 11810 471 271
10924 11811 473 270
10924 11812 475 271
10924 11813 480 272
10924 11814 481 272
10924 11815 484 268
10924 11816 486 270
10924 11817 488 273
11001 11838 110 297
11001 11839 108 291
11001 11840 108 285
11001 11841 102 286
11001 11842 98 287
11001 11843 95 289
11001 11844 90 291
11001 11845 84 293
11001 11846 79 294
11001 11847 75 296
11001 11848 72 300
11001 11849 65 304
11001 11850 65 303
11001 11851 58 304
11001 11852 59 311
11001 11853 49 308
11001 11854 43 310
11001 11855 39 312
11001 11856 41 315
11001 11857 32 318
11001 11858 28 316
11001 11859 24 321
11001 11860 19 321
11001 11861 14 322
11001 11862 11 324
11001 11863 10 325
11001 11864 8 328
11001 11865 6 330
11001 11866 4 334
11003 11839 498 412
11003 11840 497 408
11003 11841 495 410
11003 11842 492 411
11003 11843 488 412
11003 11844 485 412
11003 11845 481 412
11003 11846 476 412
11003 11847 473 413
11003 11848 471 415
11003 11849 464 412
11003 11850 458 413
11003 11851 456 415
11003 11852 453 412
11003 11853 448 412
11003 11854 443 412
11003 11855 442 415
11003 11856 436 412
11003 11857 431 412
11003 11858 428 413
11003 11859 426 416
11003 11860 418 411
11003 11861 415 412
11003 11862 412 415
11003 11863 407 412
11003 11864 401 412
11003 11865 399 414
11003 11866 395 414
11003 11867 388 410
11003 11868 385 412
11003 11869 383 412
11003 11870 379 414
11003 11871 372 410
11003 11872 368 413
11003 11873 366 413
11003 11874 359 414
11003 11875 355 411
11003 11876 353 414
11003 11877 348 414
11003 11878 341 410
11003 11879 339 410
11003 11880 336 413
11003 11881 331 410
11003 11882 325 410
11003 11883 323 411
11003 11884 319 412
11003 11885 311 410
11003 11886 309 412
11003 11887 305 412
11003 11888 298 412
11003 11889 294 409
11003 11890 292 410
11003 11891 290 413
11003 11892 282 409
11003 11893 278 410
11003 11894 275 409
11003 11895 269 410
11003 11896 264 410
11003 11897 261 412
11003 11898 258 409
11003 11899 252 408
11003 11900 246 410
11003 11901 245 412
11003 11902 240 408
11003 11903 234 407
11003 11904 231 407
11003 11905 227 407
11003 11906 225 407
11119 11906 221 405
11119 11907 218 405
11119 11908 218 409
11119 11909 212 404
11119 11910 207 404
11119 11911 203 406
11119 11912 201 404
11119 11913 196 402
11119 11914 191 404
11119 11915 190 406
11119 11916 185 403
11119 11917 178 400
11119 11918 176 401
11119 11919 175 405
11119 11920 169 399
11119 11921 164 400
11119 11922 162 398
11119 11923 159 397
11119 11924 153 397
11119 11925 150 398
11119 11926 147 397
11119 11927 144 395
11119 11928 139 395
11119 11929 136 395
11119 11930 135 400
11119 11931 128 394
11119 11932 125 394
11119 11933 123 394
11119 11934 120 394
11119 11935 115 393
11119 11936 112 394
11119 11937 111 393
11318 12116 377 298
11318 12117 378 296
11318 12118 380 297
11318 12119 381 299
11318 12120 382 299
11318 12121 384 299
11318 12122 386 304
11318 12123 387 302
11318 12124 390 304
11318 12125 390 305
11318 12126 392 306
11318 12127 394 308
11318 12128 396 309
11318 12129 397 309
11318 12130 399 312
11318 12131 401 311
11318 12132 403 312
11318 12133 404 315
11318 12134 406 316
11318 12135 408 319
11318 12136 409 319
11318 12137 411 320
11318 12138 414 322
11318 12139 418 325
11318 12140 418 324
11318 12141 420 326
11318 12142 423 327
11318 12143 424 327
11318 12144 427 325
11391 12174 517 378
11391 12175 517 378
11391 12176 519 378
11391 12177 521 378
11391 12178 528 383
11391 12179 529 385
11391 12180 530 383
11391 12181 535 388
11391 12182 538 389
11391 12183 539 389
11391 12184 542 389
11391 12185 548 394
11391 12186 550 396
11391 12187 552 394
11391 12188 556 399
11391 12189 560 400
11391 12190 561 400
11391 12191 564 400
11391 12192 572 405
11391 12193 572 406
11391 12194 573 406
11391 12195 579 408
11391 12196 583 410
11391 12197 584 412
11391 12198 585 411
11508 12405 467 267
11508 12406 456 267
11508 12407 443 265
11508 12408 431 265
11508 12409 421 263
11508 12410 410 263
11508 12411 397 262
11508 12412 389 260
11508 12413 377 260
11508 12414 365 259
11508 12415 354 258
11508 12416 342 257
11508 12417 331 256
11508 12418 321 255
11508 12419 313 254
11508 12420 302 253
11508 12421 291 252
11508 12422 282 251
11508 12423 273 251
11508 12424 263 249
11508 12425 255 248
11508 12426 251 249
12082 13178 203 416
12082 13179 203 405
12082 13180 197 404
12082 13181 202 401
12082 13182 203 401
12082 13183 203 401
12082 13184 204 397
12082 13185 205 398
12082 13186 207 395
12082 13187 210 395
12082 13188 211 394
12082 13189 214 393
12082 13190 217 390
12082 13191 220 389
12082 13192 220 387
12082 13193 222 388
12082 13194 225 383
12082 13195 227 385
12082 13196 226 383
12082 13197 228 384
12082 13198 232 382
12082 13199 231 379
12082 13200 236 380
12082 13201 236 379
12082 13202 239 379
12082 13203 238 376
12082 13204 238 374
12082 13205 235 374
12082 13206 233 370