76 238 469 268
76 239 470 264
76 240 464 263
76 241 455 268
76 242 437 259
76 243 424 261
76 244 404 259
76 245 382 257
76 246 367 257
76 247 352 255
76 248 340 254
76 249 331 253
76 250 316 252
76 251 300 251
76 252 286 249
76 253 275 249
76 254 264 248
76 255 252 247
76 256 248 246
325 927 455 262
325 928 441 263
325 929 428 262
325 930 417 259
325 931 406 260
325 932 392 259
325 933 382 257
325 934 371 257
325 935 358 256
325 936 345 254
325 937 334 254
325 938 323 253
325 939 310 252
325 940 300 250
325 941 290 249
325 942 278 249
325 943 267 248
325 944 257 248
325 945 248 246
325 946 236 246
368 1036 249 250
368 1037 253 250
368 1038 263 251
368 1039 275 253
368 1040 289 253
368 1041 304 255
368 1042 319 256
368 1043 334 258
368 1044 348 259
368 1045 363 260
368 1046 378 259
368 1047 392 263
368 1048 410 264
534 1372 244 249
534 1373 253 251
534 1374 267 250
534 1375 284 253
534 1376 297 254
534 1377 316 256
534 1378 338 257
534 1379 353 258
534 1380 370 259
534 1381 391 261
534 1382 406 263
534 1383 421 264
534 1384 435 266
534 1385 452 267
534 1386 465 267
534 1387 474 269
534 1388 480 270
534 1389 489 268
1014 2684 367 315
1014 2685 362 314
1014 2686 358 313
1014 2687 357 312
1014 2688 356 311
1014 2689 352 312
1014 2690 350 310
1014 2691 348 312
1014 2692 343 309
1014 2693 341 309
1014 2694 338 306
1014 2695 334 310
1014 2696 333 309
1014 2697 334 308
1014 2698 330 308
1014 2699 325 307
1014 2700 327 307
1014 2701 323 305
1014 2702 320 307
1014 2703 319 306
1014 2704 317 306
1014 2705 316 305
1014 2706 315 309
1014 2707 314 304
1014 2708 312 304
1014 2709 310 302
1014 2710 308 303
1014 2711 306 303
1014 2712 306 302
1014 2713 304 303
1014 2714 301 301
1014 2715 298 299
1014 2716 297 300
1014 2717 294 299
1014 2718 293 300
1014 2719 291 299
1014 2720 289 298
1014 2721 286 298
1014 2722 285 294
1014 2723 282 296
1014 2724 280 296
1014 2725 276 297
1014 2726 273 297
1014 2727 269 297
1014 2728 266 296
1014 2729 264 296
1014 2730 260 294
1014 2731 257 294
1014 2732 254 291
1014 2733 252 293
1014 2734 251 292
1080 2878 242 249
1080 2879 243 249
1080 2880 254 250
1080 2881 266 251
1080 2882 278 253
1080 2883 287 254
1080 2884 298 255
1080 2885 310 256
1080 2886 323 257
1080 2887 334 258
1080 2888 344 258
1080 2889 352 259
1080 2890 362 260
1080 2891 374 262
1080 2892 394 265
1080 2893 408 265
1080 2894 416 266
1080 2895 426 267
1080 2896 442 268
1080 2897 455 268
1080 2898 467 270
1080 2899 472 271
1080 2900 478 272
1080 2901 487 275
1238 3234 548 382
1238 3235 544 382
1238 3236 546 381
1238 3237 543 381
1238 3238 545 384
1238 3239 544 384
1238 3240 541 386
1238 3241 540 381
1238 3242 536 382
1238 3243 536 382
1238 3244 534 386
1238 3245 531 392
1238 3246 530 393
1238 3247 527 391
1238 3248 520 397
1238 3249 520 396
1238 3250 520 394
1238 3251 520 396
1238 3252 515 400
1238 3253 514 402
1238 3254 511 398
1238 3255 508 404
1238 3256 506 404
1238 3257 503 403
1238 3258 503 409
1238 3259 498 406
1238 3260 495 404
1238 3261 495 402
1238 3262 491 404
1238 3263 489 403
1238 3264 487 406
1382 4080 300 254
1382 4081 310 255
1382 4082 323 257
1382 4083 337 258
1382 4084 350 259
1382 4085 361 259
1382 4086 373 259
1382 4087 385 261
1382 4088 394 263
1382 4089 411 264
1382 4090 425 265
1382 4091 438 266
1382 4092 450 267
1382 4093 465 267
1382 4094 473 269
1382 4095 481 270
1382 4096 489 264
1808 5217 305 256
1808 5218 324 266
1808 5219 349 260
1808 5220 370 262
1808 5221 393 264
1808 5222 415 265
1808 5223 439 267
1808 5224 460 268
1808 5225 469 269
1808 5226 476 271
1872 5345 253 250
1872 5346 266 251
1872 5347 279 253
1872 5348 290 254
1872 5349 303 255
1872 5350 317 256
1872 5351 329 257
1872 5352 349 260
1872 5353 366 260
1872 5354 374 260
1872 5355 384 262
1872 5356 401 249
1959 5896 426 267
1959 5897 436 262
1959 5898 422 261
1959 5899 407 261
1959 5900 391 259
1959 5901 376 257
1959 5902 364 256
1959 5903 348 256
1959 5904 333 254
1959 5905 320 253
1959 5906 309 252
1959 5907 294 251
1959 5908 283 250
1959 5909 272 249
1959 5910 259 248
1959 5911 247 247
1959 5912 240 246
1964 6008 235 253
1964 6009 239 250
1964 6010 247 250
1964 6011 250 250
1964 6012 261 252
1964 6013 272 254
1964 6014 282 255
1964 6015 294 255
1964 6016 307 256
1964 6017 321 258
1964 6018 349 258
1964 6019 332 259
1964 6020 342 265
2040 6105 159 262
2040 6106 157 262
2040 6107 153 265
2040 6108 148 267
2040 6109 144 269
2040 6110 136 271
2040 6111 138 273
2040 6112 135 275
2040 6113 131 277
2040 6114 124 279
2040 6115 125 281
2040 6116 121 284
2040 6117 117 285
2040 6118 115 288
2040 6119 110 291
2040 6120 106 294
2040 6121 102 297
2040 6122 97 300
2040 6123 91 303
2040 6124 84 307
2040 6125 79 311
2040 6126 73 314
2040 6127 64 319
2040 6128 57 322
2040 6129 49 326
2040 6130 40 330
2040 6131 30 334
2040 6132 24 337
2040 6133 21 339
2040 6134 16 341
2040 6135 11 342
2426 7005 484 265
2426 7006 475 264
2426 7007 471 265
2426 7008 455 263
2426 7009 437 262
2426 7010 423 261
2426 7011 414 260
2426 7012 397 259
2426 7013 381 257
2426 7014 371 257
2426 7015 358 255
2426 7016 336 253
2426 7017 336 258
2446 7068 266 250
2446 7069 275 251
2446 7070 290 252
2446 7071 301 253
2446 7072 312 255
2446 7073 326 256
2446 7074 341 258
2446 7075 353 259
2446 7076 365 259
2446 7077 380 260
2446 7078 392 262
2446 7079 405 263
2446 7080 421 264
2446 7081 436 265
2498 8079 344 264
2498 8080 341 258
2498 8081 356 259
2498 8082 371 260
2498 8083 385 261
2498 8084 400 263
2498 8085 413 263
2498 8086 426 265
2498 8087 440 265
2498 8088 451 263
2498 8089 462 268
2498 8090 469 268
2498 8091 475 270
2498 8092 481 271
2498 8093 486 273
2548 8404 235 251
2548 8405 240 251
2548 8406 245 250
2548 8407 248 250
2548 8408 252 250
2548 8409 259 252
2548 8410 266 252
2548 8411 274 252
2548 8412 282 252
2548 8413 289 254
2548 8414 297 254
2548 8415 307 255
2548 8416 314 256
2548 8417 322 256
2548 8418 329 257
2548 8419 337 258
2548 8420 345 257
2548 8421 351 258
2548 8422 361 259
2548 8423 368 260
2548 8424 375 260
2548 8425 385 259
2548 8426 392 261
2548 8427 398 262
2548 8428 407 263
2548 8429 416 263
2548 8430 423 264
2548 8431 430 264
2548 8432 438 265
2548 8433 447 265
2548 8434 454 266
2548 8435 461 266
2548 8436 468 266
2548 8437 472 267
2548 8438 477 268
2548 8439 480 267
2548 8440 482 267
2548 8441 488 267
2715 9233 347 257
2715 9234 364 259
2715 9235 386 260
2715 9236 399 261
2715 9237 417 261
2715 9238 434 264
2715 9239 445 266
2715 9240 456 267
2715 9241 467 268
2715 9242 479 268
2715 9243 485 271
2735 9366 236 249
2735 9367 247 249
2735 9368 257 251
2735 9369 280 254
2735 9370 299 255
2735 9371 322 258
2735 9372 344 260
2735 9373 365 261
2735 9374 387 263
2735 9375 409 265
2735 9376 430 266
2761 9412 201 247
2761 9413 221 246
2761 9414 235 246
2761 9415 251 248
2761 9416 264 249
2761 9417 276 250
2761 9418 293 252
2761 9419 309 252
2761 9420 324 254
2761 9421 338 255
2761 9422 355 256
2761 9423 372 258
2761 9424 387 260
2761 9425 402 260
2761 9426 423 261
2761 9427 438 264
2761 9428 450 265
2761 9429 463 266
2761 9430 474 267
2761 9431 481 268
2761 9432 488 270
3102 11461 4 352
3102 11462 6 350
3102 11463 9 348
3102 11464 11 347
3102 11465 14 346
3102 11466 16 344
3102 11467 17 342
3102 11468 19 339
3102 11469 23 336
3102 11470 26 337
3102 11471 30 335
3102 11472 34 334
3102 11473 37 332
3102 11474 40 328
3102 11475 43 329
3102 11476 48 325
3102 11477 52 322
3102 11478 59 323
3102 11479 63 321
3102 11480 68 319
3102 11481 70 317
3102 11482 71 314
3102 11483 73 312
3102 11484 77 310
3102 11485 84 307
3102 11486 93 304
3102 11487 87 308
3102 11488 89 304
3102 11489 88 303
3102 11490 94 299
3102 11491 99 298
3102 11492 102 296
3102 11493 109 292
3102 11494 108 287
3102 11495 115 290
3102 11496 118 287
3102 11497 120 284
3102 11498 125 283
3102 11499 128 283
3102 11500 131 280
3102 11501 133 277
3102 11502 139 277
3102 11503 141 277
3102 11504 146 275
3102 11505 146 274
3102 11506 151 273
3102 11507 154 270
3102 11508 157 266
3102 11509 159 265
3102 11510 161 263
3102 11511 169 261
3102 11512 171 260
3111 11488 112 297
3111 11489 113 295
3111 11490 117 293
3111 11491 121 291
3111 11492 125 289
3111 11493 130 282
3111 11494 130 282
3111 11495 135 283
3111 11496 138 278
3111 11497 142 279
3111 11498 146 276
3111 11499 148 277
3111 11500 151 275
3111 11501 154 273
3111 11502 158 272
3111 11503 161 270
3111 11504 165 269
3111 11505 169 268
3111 11506 170 266
3111 11507 172 265
3111 11508 177 264
3111 11509 181 262
3111 11510 186 260
3111 11511 188 261
3111 11512 189 255
3111 11513 192 254
3212 12000 489 268
3212 12001 487 264
3212 12002 478 262
3212 12003 472 262
3212 12004 462 262
3212 12005 452 260
3212 12006 439 259
3212 12007 426 258
3212 12008 412 257
3212 12009 402 256
3212 12010 390 255
3212 12011 378 253
3212 12012 363 252
3212 12013 353 251
3212 12014 342 251
3212 12015 329 250
3212 12016 319 250
3212 12017 308 249
3212 12018 295 248
3212 12019 285 246
3212 12020 276 246
3212 12021 267 246