53 129 309 258
53 130 324 260
53 131 341 262
53 132 357 262
53 133 375 264
53 134 386 265
53 135 403 266
53 136 421 267
53 137 418 273
119 796 480 265
119 797 471 265
119 798 452 263
119 799 435 262
119 800 411 259
119 801 405 259
119 802 387 259
119 803 376 258
119 804 363 257
119 805 347 255
119 806 331 254
119 807 314 253
119 808 303 252
119 809 288 250
119 810 288 254
194 1138 251 270
194 1139 250 270
194 1140 252 269
194 1141 254 270
194 1142 256 270
194 1143 257 270
194 1144 259 270
194 1145 260 271
194 1146 261 270
194 1147 264 271
194 1148 264 271
194 1149 266 270
194 1150 269 271
194 1151 270 271
194 1152 270 271
194 1153 272 271
194 1154 274 272
194 1155 277 276
194 1156 278 272
194 1157 278 271
194 1158 280 272
194 1159 282 272
194 1160 284 273
194 1161 284 271
194 1162 286 272
194 1163 288 273
194 1164 291 273
194 1165 291 273
194 1166 292 273
194 1167 295 272
194 1168 296 274
194 1169 298 274
194 1170 299 274
194 1171 301 274
194 1172 303 274
194 1173 305 275
194 1174 306 275
194 1175 307 274
194 1176 309 273
194 1177 312 275
194 1178 313 275
194 1179 313 275
194 1180 316 275
194 1181 318 276
194 1182 321 276
194 1183 321 276
194 1184 322 275
194 1185 325 276
194 1186 327 276
194 1187 328 277
194 1188 328 276
194 1189 330 276
194 1190 333 276
194 1191 335 277
194 1192 336 277
194 1193 337 276
194 1194 340 275
194 1195 342 277
194 1196 344 277
194 1197 344 276
194 1198 348 274
194 1199 351 273
194 1200 350 274
194 1201 349 273
194 1202 349 275
194 1203 354 277
194 1204 355 277
194 1205 358 278
194 1206 358 277
194 1207 359 277
194 1208 362 276
194 1209 365 278
194 1210 365 278
194 1211 366 278
194 1212 368 278
194 1213 371 277
194 1214 373 278
194 1215 373 278
194 1216 373 279
194 1217 376 276
194 1218 379 278
194 1219 380 279
194 1220 381 279
194 1221 381 278
194 1222 384 278
194 1223 386 279
194 1224 388 279
194 1225 389 279
194 1226 389 279
194 1227 393 277
194 1228 395 279
194 1229 398 279
194 1230 396 281
194 1231 399 278
194 1232 401 279
194 1233 404 280
194 1234 405 280
194 1235 405 279
194 1236 407 279
194 1237 410 279
194 1238 412 279
194 1239 412 279
194 1240 413 278
194 1241 416 278
194 1242 419 279
194 1243 419 279
194 1244 419 279
194 1245 422 278
194 1246 425 279
194 1247 427 279
194 1248 428 279
194 1249 428 278
194 1250 431 278
194 1251 433 279
194 1252 435 280
194 1253 435 279
194 1254 436 279
194 1255 440 280
194 1256 443 280
194 1257 443 280
194 1258 444 279
194 1259 448 278
255 1235 117 292
255 1236 116 292
255 1237 112 294
255 1238 107 295
255 1239 105 298
255 1240 99 299
255 1241 98 301
255 1242 90 305
255 1243 86 306
255 1244 86 308
255 1245 80 311
255 1246 74 313
255 1247 65 315
255 1248 66 317
255 1249 57 319
255 1250 54 321
255 1251 52 316
255 1252 44 320
255 1253 47 322
255 1254 46 324
354 1339 48 438
354 1340 52 441
354 1341 55 444
354 1342 58 447
354 1343 63 450
354 1344 68 455
354 1345 71 458
354 1346 75 460
354 1347 79 462
354 1348 84 467
354 1349 88 470
354 1350 93 471
354 1351 98 473
354 1352 102 475
354 1353 107 476
422 1399 405 472
422 1400 402 470
422 1401 410 466
422 1402 406 465
422 1403 402 459
422 1404 398 455
422 1405 390 449
422 1406 383 444
422 1407 371 437
422 1408 360 433
624 1958 483 270
624 1959 478 267
624 1960 473 268
624 1961 464 267
624 1962 460 267
624 1963 449 264
624 1964 441 265
624 1965 433 264
624 1966 424 263
624 1967 414 263
624 1968 408 263
624 1969 399 262
624 1970 390 261
624 1971 383 260
624 1972 376 259
624 1973 364 258
624 1974 355 258
624 1975 356 257
672 2292 158 263
672 2293 158 261
672 2294 158 264
672 2295 157 266
672 2296 156 268
672 2297 155 269
672 2298 154 271
672 2299 151 274
672 2300 149 276
672 2301 146 277
672 2302 141 280
672 2303 140 282
672 2304 136 284
672 2305 130 287
672 2306 124 290
672 2307 121 291
672 2308 116 295
672 2309 109 298
672 2310 105 300
672 2311 98 304
672 2312 90 306
672 2313 84 310
672 2314 79 312
672 2315 65 318
672 2316 59 320
672 2317 56 322
672 2318 47 326
672 2319 38 330
672 2320 29 334
672 2321 23 337
672 2322 18 342
672 2323 13 342
672 2324 9 342
672 2325 4 348
782 2546 226 249
782 2547 229 254
782 2548 234 252
782 2549 241 253
782 2550 243 253
782 2551 246 253
782 2552 250 254
782 2553 255 254
782 2554 258 254
782 2555 263 255
782 2556 267 255
782 2557 271 255
782 2558 275 255
782 2559 280 255
782 2560 284 255
782 2561 289 256
782 2562 296 256
782 2563 297 256
782 2564 301 257
782 2565 304 256
782 2566 310 258
782 2567 313 258
782 2568 319 258
782 2569 321 257
782 2570 326 259
782 2571 330 259
782 2572 333 260
782 2573 339 260
782 2574 344 262
782 2575 348 262
782 2576 352 261
782 2577 358 263
782 2578 362 263
782 2579 364 262
782 2580 370 263
782 2581 374 263
782 2582 380 263
782 2583 383 264
782 2584 388 264
782 2585 394 265
782 2586 396 265
782 2587 400 265
782 2588 406 266
782 2589 411 265
782 2590 414 267
782 2591 421 267
782 2592 423 267
782 2593 429 268
782 2594 432 268
782 2595 437 268
782 2596 443 269
782 2597 448 270
782 2598 451 270
782 2599 456 271
782 2600 462 272
782 2601 466 270
782 2602 470 271
782 2603 476 271
782 2604 480 271
782 2605 484 269
782 2606 486 272
819 3399 4 400
819 3400 9 398
819 3401 15 396
819 3402 19 395
819 3403 24 394
819 3404 28 395
819 3405 33 394
819 3406 38 394
819 3407 44 391
819 3408 48 391
819 3409 52 389
819 3410 57 390
819 3411 63 387
819 3412 66 385
819 3413 70 385
819 3414 74 384
819 3415 79 382
819 3416 84 382
819 3417 89 378
819 3418 92 378
826 3420 113 377
826 3421 115 374
826 3422 111 371
826 3423 115 372
826 3424 117 371
826 3425 122 367
826 3426 126 366
826 3427 130 366
826 3428 135 365
826 3429 137 364
826 3430 141 363
826 3431 145 359
826 3432 148 361
826 3433 151 357
826 3434 152 360
826 3435 157 355
826 3436 162 354
826 3437 165 355
826 3438 169 354
826 3439 172 353
826 3440 176 351
826 3441 181 349
826 3442 183 349
826 3443 187 347
826 3444 190 347
826 3445 193 348
826 3446 197 345
826 3447 198 343
827 3422 122 375
827 3423 125 374
827 3424 131 372
827 3425 135 371
827 3426 141 369
827 3427 146 369
827 3428 147 366
827 3429 152 365
827 3430 157 363
827 3431 160 363
827 3432 164 361
827 3433 166 361
827 3434 170 357
827 3435 173 358
827 3436 177 356
827 3437 179 355
827 3438 181 354
827 3439 184 352
827 3440 188 351
827 3441 191 350
827 3442 194 345
827 3443 197 347
827 3444 199 346
827 3445 203 346
827 3446 206 345
827 3447 210 344
827 3448 211 343
827 3449 205 342
827 3450 208 339
827 3451 211 340
827 3452 214 340
837 3454 237 334
837 3455 241 337
837 3456 244 335
837 3457 249 335
837 3458 252 334
837 3459 256 333
837 3460 259 333
837 3461 263 331
837 3462 268 331
837 3463 270 330
837 3464 276 329
837 3465 279 327
837 3466 282 327
837 3467 283 324
837 3468 288 325
837 3469 292 324
837 3470 296 324
837 3471 299 323
837 3472 302 321
837 3473 306 321
837 3474 309 320
837 3475 312 320
837 3476 314 319
837 3477 319 318
837 3478 321 316
837 3479 324 315
837 3480 326 315
837 3481 330 314
837 3482 333 312
837 3483 335 312
837 3484 336 309
837 3485 339 310
837 3486 341 309
837 3487 342 305
837 3488 343 304
837 3489 344 306
837 3490 345 306
837 3491 347 304
837 3492 349 298
837 3493 350 298
837 3494 350 298
837 3495 351 296
839 3460 3 404
839 3461 6 403
839 3462 10 403
839 3463 17 402
839 3464 22 401
839 3465 26 400
839 3466 35 399
839 3467 37 402
839 3468 46 397
839 3469 50 395
839 3470 58 395
839 3471 63 393
839 3472 68 393
839 3473 73 392
839 3474 77 390
839 3475 86 390
839 3476 87 389
839 3477 95 388
839 3478 102 387
839 3479 106 385
839 3480 112 385
839 3481 118 383
839 3482 123 382
839 3483 128 380
839 3484 132 379
839 3485 137 378
839 3486 144 376
839 3487 147 375
839 3488 154 373
839 3489 158 371
839 3490 161 370
839 3491 167 369
839 3492 172 367
839 3493 176 367
839 3494 178 374
844 3469 23 388
844 3470 26 389
844 3471 31 387
844 3472 34 386
844 3473 40 385
844 3474 43 385
844 3475 49 383
844 3476 53 382
844 3477 58 383
844 3478 66 380
844 3479 68 379
844 3480 75 381
844 3481 81 379
844 3482 87 377
844 3483 91 376
844 3484 94 375
844 3485 101 374
844 3486 107 374
844 3487 111 372
844 3488 116 372
844 3489 123 369
844 3490 126 366
844 3491 133 370
844 3492 138 367
844 3493 141 365
844 3494 147 363
844 3495 152 361
844 3496 155 359
844 3497 157 359
844 3498 162 359
844 3499 166 359
844 3500 170 355
844 3501 176 354
844 3502 177 353
844 3503 180 353
844 3504 184 352
844 3505 190 351
844 3506 193 348
844 3507 197 347
844 3508 202 345
844 3509 205 346
844 3510 210 345
844 3511 214 343
844 3512 216 343
844 3513 220 346
844 3514 223 341
844 3515 227 340
844 3516 229 338
844 3517 232 337
844 3518 235 336
844 3519 237 336
844 3520 240 334
844 3521 244 332
844 3522 248 333
844 3523 251 332
844 3524 252 332
844 3525 255 330
844 3526 259 328
844 3527 261 328
844 3528 264 327
844 3529 266 327
844 3530 269 325
844 3531 271 326
844 3532 273 324
844 3533 276 324
844 3534 278 323
844 3535 280 322
844 3536 283 320
844 3537 284 320
844 3538 286 320
844 3539 288 318
844 3540 292 320
844 3541 293 317
844 3542 296 317
844 3543 297 315
844 3544 299 318
844 3545 302 315
844 3546 303 315
844 3547 304 314
844 3548 307 313
844 3549 308 313
844 3550 310 311
867 3494 183 365
867 3495 188 364
867 3496 190 362
867 3497 193 362
867 3498 197 361
867 3499 202 360
867 3500 205 359
867 3501 211 358
867 3502 215 357
867 3503 220 356
867 3504 223 355
867 3505 228 354
867 3506 231 353
867 3507 236 351
867 3508 240 349
867 3509 245 348
867 3510 249 347
867 3511 254 345
867 3512 258 344
867 3513 260 342
867 3514 263 342
867 3515 266 340
867 3516 270 338
867 3517 274 337
867 3518 275 336
867 3519 279 335
867 3520 280 333
867 3521 285 332
867 3522 287 333
867 3523 291 330
867 3524 293 330
867 3525 295 329
867 3526 297 328
867 3527 299 326
867 3528 301 326
867 3529 303 325
867 3530 302 326
883 3527 421 261
883 3528 406 260
883 3529 392 259
883 3530 382 258
883 3531 368 256
883 3532 354 256
883 3533 340 255
883 3534 331 254
883 3535 316 259
883 3536 303 259
883 3537 294 259
883 3538 307 266
883 3539 309 267
883 3540 312 268
883 3541 312 266
883 3542 315 267
883 3543 319 267
883 3544 321 268
883 3545 320 268
883 3546 323 267
883 3547 325 267
883 3548 326 269
883 3549 330 268
883 3550 330 269
883 3551 332 272
883 3552 333 269
883 3553 335 269
883 3554 337 270
883 3555 339 271
883 3556 340 270
883 3557 343 270
883 3558 344 271
883 3559 346 271
883 3560 349 270
883 3561 350 276
1074 4238 174 476
1074 4239 182 474
1074 4240 188 473
1074 4241 197 472
1074 4242 205 470
1074 4243 215 468
1074 4244 220 467
1074 4245 229 465
1074 4246 238 464
1074 4247 241 463
1074 4248 249 461
1074 4249 256 460
1074 4250 263 458
1074 4251 270 455
1074 4252 268 458
1078 4257 312 431
1078 4258 317 433
1078 4259 323 429
1078 4260 328 427
1078 4261 335 425
1078 4262 343 420
1078 4263 351 416
1078 4264 351 415
1078 4265 357 413
1078 4266 363 409
1078 4267 367 406
1078 4268 371 404
1078 4269 375 401
1078 4270 379 399
1078 4271 384 397
1078 4272 389 395
1078 4273 394 398
1098 4424 322 323
1098 4425 323 320
1098 4426 323 321
1098 4427 324 322
1098 4428 325 329
1098 4429 327 328
1098 4430 328 327
1098 4431 329 333
1098 4432 331 334
1098 4433 333 340
1098 4434 334 342
1098 4435 337 345
1098 4436 340 345
1098 4437 342 348
1098 4438 345 352
1098 4439 347 355
1098 4440 350 355
1098 4441 349 359
1098 4442 354 363
1098 4443 357 367
1098 4444 359 366
1117 4458 398 412
1117 4459 399 416
1117 4460 402 418
1117 4461 406 421
1117 4462 409 423
1117 4463 412 429
1117 4464 415 431
1117 4465 418 435
1117 4466 422 438
1117 4467 425 440
1117 4468 428 444
1117 4469 431 447
1117 4470 435 445
1117 4471 438 449
1117 4472 441 451
1117 4473 444 455
1117 4474 447 462
1117 4475 446 467
1117 4476 450 465
1117 4477 450 467
1117 4478 451 468
1117 4479 453 470
1117 4480 454 468
1117 4481 455 470
1212 5200 636 316
1212 5201 634 314
1212 5202 633 314
1212 5203 632 319
1212 5204 632 314
1212 5205 630 316
1212 5206 629 316
1212 5207 627 314
1212 5208 626 311
1212 5209 623 308
1212 5210 622 311
1212 5211 620 312
1212 5212 617 311
1212 5213 616 310
1212 5214 616 310
1212 5215 614 309
1212 5216 613 305
1212 5217 611 307
1212 5218 609 306
1212 5219 606 311
1212 5220 604 305
1212 5221 603 305
1212 5222 601 303
1212 5223 600 302
1212 5224 598 301
1212 5225 596 300
1212 5226 595 300
1212 5227 592 298
1212 5228 590 298
1212 5229 588 296
1212 5230 587 294
1212 5231 584 295
1212 5232 583 293
1212 5233 582 293
1212 5234 579 291
1212 5235 577 290
1212 5236 575 290
1212 5237 573 289
1212 5238 571 289
1249 5277 479 276
1249 5278 475 276
1249 5279 475 276
1249 5280 473 276
1249 5281 470 276
1249 5282 467 276
1249 5283 466 277
1249 5284 464 275
1249 5285 462 276
1249 5286 458 275
1249 5287 456 276
1249 5288 455 275
1249 5289 452 275
1249 5290 448 274
1249 5291 446 275
1249 5292 446 274
1249 5293 443 273
1249 5294 440 273
1249 5295 437 274
1249 5296 437 272
1249 5297 433 273
1249 5298 429 273
1249 5299 429 273
1249 5300 427 273
1249 5301 423 273
1249 5302 421 273
1249 5303 418 273
1249 5304 418 271
1249 5305 414 272
1249 5306 412 272
1249 5307 412 272
1249 5308 410 271
1249 5309 407 271
1249 5310 404 271
1249 5311 402 271
1249 5312 402 269
1249 5313 398 271
1249 5314 395 270
1249 5315 394 270
1249 5316 393 269
1249 5317 389 270
1249 5318 388 270
1249 5319 387 269
1249 5320 384 269
1249 5321 382 269
1249 5322 378 268
1249 5323 379 269
1249 5324 377 267
1249 5325 374 268
1249 5326 371 267
1249 5327 371 267
1249 5328 369 267
1249 5329 367 266
1249 5330 366 266
1249 5331 365 267
1249 5332 366 265
1249 5333 362 266
1249 5334 363 265
1249 5335 364 263
1256 5440 137 247
1256 5441 140 248
1256 5442 144 249
1256 5443 146 249
1256 5444 150 250
1256 5445 152 251
1256 5446 156 256
1256 5447 158 256
1256 5448 158 256
1256 5449 161 259
1256 5450 162 260
1256 5451 163 262
1256 5452 162 260
1256 5453 161 265
1256 5454 161 266
1256 5455 158 265
1256 5456 158 268
1256 5457 156 269
1256 5458 152 270
1256 5459 150 273
1256 5460 147 274
1256 5461 144 274
1256 5462 140 276
1256 5463 136 278
1256 5464 134 281
1256 5465 129 283
1256 5466 124 284
1256 5467 119 286
1256 5468 116 289
1256 5469 111 290
1256 5470 111 291
1257 5470 105 288
1257 5471 103 294
1257 5472 99 295
1257 5473 95 298
1257 5474 88 300
1257 5475 86 304
1257 5476 78 304
1257 5477 80 305
1257 5478 71 308
1257 5479 70 310
1257 5480 60 313
1257 5481 54 315
1257 5482 52 317
1257 5483 46 321
1257 5484 42 323
1257 5485 38 325
1257 5486 38 324
1296 6113 235 253
1296 6114 241 251
1296 6115 249 251
1296 6116 258 253
1296 6117 274 254
1296 6118 289 255
1296 6119 304 256
1296 6120 314 257
1296 6121 330 259
1296 6122 346 260
1296 6123 363 260
1296 6124 376 262
1296 6125 391 263
1296 6126 409 265
1296 6127 422 266
1296 6128 439 267
1296 6129 457 268
1296 6130 472 269
1296 6131 474 275
1316 6295 486 271
1316 6296 479 268
1316 6297 470 267
1316 6298 457 266
1316 6299 439 265
1316 6300 423 264
1316 6301 411 263
1316 6302 393 262
1316 6303 377 261
1316 6304 365 260
1316 6305 369 255
1325 6391 468 267
1325 6392 468 264
1325 6393 457 263
1325 6394 444 262
1325 6395 431 261
1325 6396 416 259
1325 6397 406 259
1325 6398 393 258
1325 6399 381 258
1325 6400 373 257
1325 6401 358 256
1325 6402 345 254
1325 6403 334 254
1325 6404 336 254
1330 6524 487 269
1330 6525 480 265
1330 6526 474 264
1330 6527 458 264
1330 6528 442 262
1330 6529 431 261
1330 6530 414 259
1330 6531 398 259
1330 6532 381 258
1330 6533 363 257
1330 6534 352 256
1330 6535 335 254
1330 6536 323 254
1330 6537 307 254
1330 6538 290 252
1330 6539 283 255
1338 6608 592 432
1338 6609 589 431
1338 6610 586 431
1338 6611 584 429
1338 6612 577 430
1338 6613 576 427
1338 6614 575 424
1338 6615 569 427
1338 6616 569 422
1338 6617 565 421
1338 6618 563 420
1338 6619 558 422
1338 6620 556 416
1338 6621 554 415
1338 6622 552 415
1338 6623 545 417
1338 6624 544 414
1338 6625 543 412
1338 6626 539 414
1338 6627 535 412
1338 6628 533 409
1338 6629 532 407
1338 6630 526 409
1338 6631 523 408
1338 6632 523 404
1338 6633 521 401
1338 6634 515 404
1338 6635 514 402
1338 6636 512 398
1338 6637 512 401
1347 6637 509 397
1347 6638 507 397
1347 6639 504 397
1347 6640 501 394
1347 6641 497 397
1347 6642 495 392
1347 6643 492 390
1347 6644 491 392
1347 6645 489 389
1347 6646 482 392
1347 6647 482 388
1347 6648 480 386
1347 6649 475 389
1347 6650 473 384
1347 6651 470 383
1347 6652 469 382
1347 6653 463 385
1347 6654 462 382
1347 6655 461 380
1347 6656 457 383
1347 6657 454 382
1347 6658 451 377
1347 6659 450 375
1347 6660 447 375
1347 6661 441 378
1347 6662 442 374
1347 6663 439 372
1347 6664 435 375
1347 6665 433 370
1347 6666 431 369
1347 6667 429 369
1347 6668 424 371
1347 6669 424 367
1347 6670 421 366
1347 6671 418 369
1347 6672 416 364
1347 6673 415 363
1347 6674 412 362
1347 6675 410 362
1347 6676 407 363
1347 6677 405 363
1347 6678 402 360
1347 6679 400 358
1347 6680 397 361
1347 6681 396 357
1347 6682 393 356
1347 6683 388 359
1347 6684 388 355
1347 6685 386 354
1347 6686 382 352
1347 6687 380 352
1347 6688 378 351
1347 6689 375 351
1347 6690 373 350
1347 6691 369 353
1347 6692 368 349
1347 6693 366 347
1347 6694 363 347
1347 6695 361 347
1347 6696 359 346
1347 6697 357 345
1347 6698 352 349
1347 6699 352 346
1347 6700 349 344
1347 6701 347 347
1347 6702 343 345
1347 6703 342 343
1347 6704 341 340
1347 6705 337 344
1347 6706 336 340
1347 6707 333 341
1347 6708 330 338
1347 6709 327 339
1347 6710 325 339
1347 6711 323 337
1347 6712 322 336
1347 6713 320 336
1347 6714 317 336
1347 6715 314 335
1347 6716 311 334
1347 6717 309 334
1347 6718 307 333
1347 6719 304 332
1347 6720 304 332
1347 6721 301 332
1347 6722 298 332
1347 6723 296 331
1347 6724 293 329
1347 6725 290 329
1347 6726 288 328
1347 6727 287 327
1347 6728 286 327
1347 6729 283 330
1347 6730 281 326
1347 6731 279 326
1347 6732 276 325
1347 6733 274 325
1347 6734 273 324
1347 6735 271 323
1347 6736 269 324
1347 6737 267 323
1347 6738 264 322
1347 6739 262 321
1347 6740 258 321
1347 6741 259 320
1347 6742 256 319
1347 6743 255 319
1347 6744 252 319
1347 6745 251 318
1347 6746 248 318
1347 6747 249 320
1409 6969 269 318
1409 6970 272 321
1409 6971 275 323
1409 6972 275 323
1409 6973 278 323
1409 6974 282 323
1409 6975 284 324
1409 6976 285 324
1409 6977 289 320
1409 6978 292 326
1409 6979 293 325
1409 6980 295 325
1409 6981 298 326
1409 6982 301 326
1409 6983 302 327
1409 6984 304 326
1409 6985 306 327
1409 6986 309 330
1409 6987 312 327
1409 6988 315 329
1409 6989 316 331
1409 6990 318 329
1409 6991 322 329
1409 6992 324 330
1409 6993 326 333
1409 6994 328 330
1409 6995 332 331
1409 6996 333 333
1409 6997 335 332
1409 6998 340 333
1409 6999 341 334
1409 7000 343 336
1409 7001 347 337
1409 7002 347 332
1409 7003 350 334
1409 7004 353 330
1409 7005 357 335
1409 7006 359 338
1409 7007 361 337
1409 7008 364 339
1409 7009 365 336
1409 7010 368 338
1409 7011 371 337
1409 7012 375 338
1409 7013 377 339
1409 7014 380 339
1409 7015 381 338
1409 7016 384 341
1409 7017 386 343
1409 7018 390 343
1409 7019 391 342
1409 7020 395 345
1409 7021 397 343
1409 7022 400 342
1409 7023 400 338
1533 8850 317 257
1533 8851 324 258
1533 8852 336 259
1533 8853 348 261
1533 8854 359 261
1533 8855 368 262
1533 8856 380 262
1533 8857 393 264
1533 8858 401 264
1533 8859 414 265
1533 8860 427 266
1533 8861 440 267
1533 8862 448 268
1533 8863 462 269
1533 8864 472 270
1533 8865 478 270
1533 8866 484 268
1619 9398 482 270
1619 9399 478 266
1619 9400 467 266
1619 9401 449 264
1619 9402 433 264
1619 9403 422 263
1619 9404 405 260
1619 9405 390 260
1619 9406 377 259
1619 9407 362 258
1619 9408 346 256
1619 9409 335 256
1619 9410 320 255
1619 9411 304 254
1619 9412 295 253
1619 9413 280 252
1619 9414 265 250
1619 9415 252 249
1619 9416 248 248
1712 9811 371 450
1712 9812 373 453
1712 9813 376 453
1712 9814 378 455
1712 9815 381 457
1712 9816 384 459
1712 9817 388 459
1712 9818 391 463
1712 9819 394 465
1712 9820 396 465
1712 9821 398 467
1712 9822 402 468
1712 9823 406 469
1712 9824 411 470
1712 9825 415 471
1712 9826 417 472
1712 9827 418 473
1712 9828 421 474
1712 9829 424 474
1712 9830 430 476
1727 10305 238 254
1727 10306 246 253
1727 10307 257 253
1727 10308 274 255
1727 10309 283 256
1727 10310 298 257
1727 10311 316 258
1727 10312 328 259
1727 10313 344 261
1727 10314 362 261
1727 10315 373 262
1727 10316 391 265
1727 10317 410 265
1727 10318 429 268
1727 10319 441 269
1727 10320 461 269
1727 10321 475 269
1727 10322 480 268
1831 11329 604 475
1831 11330 601 463
1831 11331 596 445
1831 11332 587 429
1831 11333 574 412
1831 11334 564 402
1831 11335 547 387
1831 11336 526 374
1831 11337 512 368
1831 11338 488 357
1831 11339 463 349
1831 11340 447 344
1831 11341 421 337
1831 11342 394 331
1831 11343 367 326
1831 11344 349 319
1859 11415 170 268
1859 11416 170 268
1859 11417 166 268
1859 11418 164 267
1859 11419 162 269
1859 11420 157 270
1859 11421 153 273
1859 11422 151 272
1859 11423 147 276
1859 11424 144 279
1859 11425 140 278
1859 11426 137 280
1859 11427 137 284
1859 11428 132 282
1859 11429 127 285
1859 11430 125 288
1859 11431 121 290
1859 11432 116 290
1859 11433 113 291
1859 11434 114 285
1859 11435 108 287
1859 11436 104 289
1889 11554 299 257
1889 11555 310 257
1889 11556 321 258
1889 11557 329 259
1889 11558 341 260
1889 11559 353 261
1889 11560 361 261
1889 11561 371 262
1889 11562 383 263
1889 11563 394 264
1889 11564 403 265
1889 11565 414 266
1889 11566 425 267
1889 11567 433 266
1889 11568 444 268
1889 11569 455 269
1889 11570 468 270
1889 11571 471 269
1889 11572 477 269
1889 11573 482 269
1889 11574 484 269
1929 11679 115 391
1929 11680 115 394
1929 11681 113 394
1929 11682 112 397
1929 11683 110 397
1929 11684 106 398
1929 11685 106 401
1929 11686 104 401
1929 11687 102 400
1929 11688 100 405
1929 11689 99 408
1929 11690 95 407
1929 11691 93 412
1929 11692 93 412
1929 11693 92 410
1929 11694 89 411
1929 11695 88 418
1929 11696 86 420
1929 11697 82 416
1929 11698 81 421
1929 11699 80 425
1929 11700 79 424
1929 11701 76 426
1929 11702 72 427
1929 11703 73 433
1929 11704 70 433
1929 11705 68 437
1929 11706 67 440
1929 11707 69 441
1929 11708 67 442
1929 11709 64 441
1940 11705 183 265
1940 11706 178 261
1940 11707 176 267
1940 11708 173 267
1940 11709 169 268
1940 11710 168 269
1940 11711 165 270
1940 11712 164 272
1940 11713 161 273
1940 11714 158 274
1940 11715 156 276
1940 11716 154 276
1940 11717 152 277
1940 11718 150 277
1940 11719 148 280
1940 11720 145 281
1940 11721 142 282
1940 11722 139 284
1940 11723 137 281
1940 11724 134 285
1940 11725 132 289
1940 11726 128 290
1940 11727 123 292
1940 11728 122 293
1940 11729 117 289
1940 11730 113 293
1940 11731 111 290
1940 11732 111 291
1940 11733 106 291
1964 11741 72 310
1964 11742 74 310
1964 11743 81 317
1964 11744 77 316
1964 11745 71 318
1964 11746 64 325
1964 11747 57 328
1964 11748 53 326
1964 11749 46 334
1964 11750 37 336
1964 11751 31 340
1964 11752 27 341
1964 11753 19 345
1964 11754 12 349
1964 11755 7 348
2020 11872 485 268
2020 11873 479 265
2020 11874 472 264
2020 11875 459 264
2020 11876 444 263
2020 11877 433 262
2020 11878 419 260
2020 11879 403 258
2020 11880 400 250
2217 12878 263 475
2217 12879 268 475
2217 12880 271 475
2217 12881 274 475
2217 12882 277 475
2217 12883 282 475
2217 12884 286 475
2217 12885 289 474
2217 12886 293 474
2217 12887 295 474
2217 12888 298 474
2217 12889 302 473
2217 12890 305 472
2217 12891 308 472
2217 12892 312 472
2217 12893 316 472
2217 12894 319 472
2217 12895 323 471
2217 12896 326 471
2217 12897 329 470
2217 12898 333 470
2217 12899 336 469
2217 12900 340 469
2217 12901 344 469
2217 12902 347 469
2217 12903 351 468
2217 12904 353 468
2217 12905 357 468
2217 12906 359 467
2217 12907 363 467
2217 12908 367 467
2217 12909 370 467
2217 12910 373 467
2217 12911 377 466
2217 12912 380 469
2217 12913 382 465
2217 12914 387 465
2217 12915 390 464
2217 12916 392 464
2217 12917 395 464
2217 12918 399 464
2217 12919 398 464
2217 12920 405 463
2217 12921 407 459
2217 12922 410 462
2217 12923 410 462
2217 12924 416 458
2217 12925 419 457
2217 12926 422 460
2217 12927 426 459
2217 12928 425 457
2217 12929 431 454
2217 12930 433 453
2217 12931 438 451
2217 12932 438 455
2217 12933 438 454
2217 12934 444 452
2217 12935 446 453
2217 12936 442 456
2217 12937 443 462
2217 12938 448 462
2220 12911 484 268
2220 12912 480 266
2220 12913 466 265
2220 12914 447 264
2220 12915 428 263
2220 12916 416 260
2220 12917 396 260
2220 12918 384 260
2220 12919 365 257
2220 12920 347 256
2220 12921 330 255
2220 12922 318 255
2220 12923 301 253
2220 12924 285 252
2220 12925 274 251
2220 12926 258 249
2220 12927 247 249
2220 12928 238 247
2226 12951 317 475
2226 12952 331 471
2226 12953 336 469
2226 12954 338 464
2226 12955 336 460
2226 12956 330 455
2226 12957 323 455
2226 12958 314 450
2226 12959 301 447
2226 12960 292 443
2226 12961 280 439
2226 12962 268 436
2226 12963 257 434
2226 12964 248 434
2375 13252 471 268
2375 13253 466 266
2375 13254 452 265
2375 13255 438 263
2375 13256 427 263
2375 13257 411 261
2375 13258 396 260
2375 13259 386 260
2375 13260 372 258
2375 13261 357 258
2375 13262 343 256
2375 13263 344 256
2390 13315 485 268
2390 13316 479 266
2390 13317 472 265
2390 13318 464 264
2390 13319 445 263
2390 13320 437 262
2390 13321 426 262
2390 13322 412 259
2390 13323 397 259
2390 13324 388 259
2390 13325 374 257
2390 13326 359 256
2390 13327 346 255
2390 13328 337 255
2390 13329 323 254
2390 13330 310 253
2390 13331 306 252
2445 13621 125 287
2445 13622 123 291
2445 13623 118 292
2445 13624 113 297
2445 13625 106 297
2445 13626 100 301
2445 13627 97 301
2445 13628 88 306
2445 13629 84 309
2445 13630 79 309
2445 13631 73 314
2445 13632 68 316
2445 13633 70 314