358 601 256 428
358 602 259 434
358 603 256 437
358 604 261 440
358 605 262 441
358 606 265 442
358 607 269 445
358 608 270 447
358 609 272 446
358 610 276 449
358 611 281 452
358 612 282 454
358 613 286 454
358 614 291 457
358 615 292 460
358 616 295 458
358 617 300 462
358 618 303 463
358 619 305 464
358 620 309 465
358 621 314 466
358 622 313 467
358 623 314 468
437 671 633 279
437 672 626 273
437 673 622 272
437 674 615 272
437 675 603 270
437 676 593 269
437 677 583 269
437 678 577 268
437 679 569 262
437 680 564 257
463 686 487 263
463 687 484 260
463 688 477 259
463 689 466 259
463 690 455 257
463 691 447 257
463 692 435 256
463 693 424 255
463 694 417 254
463 695 411 253
463 696 398 253
463 697 393 252
463 698 378 252
463 699 372 251
463 700 361 247
463 701 353 250
463 702 342 249
463 703 337 248
463 704 327 247
463 705 321 247
463 706 314 246
463 707 305 246
463 708 299 250
463 709 295 251
470 692 475 255
470 693 466 259
470 694 456 254
470 695 446 255
470 696 438 256
470 697 428 255
470 698 418 251
470 699 409 254
470 700 401 250
470 701 392 249
470 702 383 248
470 703 373 250
470 704 366 247
470 705 360 246
511 740 602 331
511 741 600 331
511 742 597 331
511 743 596 332
511 744 596 331
511 745 594 332
511 746 593 333
511 747 592 333
511 748 589 335
511 749 585 334
511 750 586 335
511 751 586 336
511 752 584 336
511 753 582 337
511 754 581 337
511 755 581 336
511 756 579 339
511 757 577 340
511 758 572 338
511 759 573 340
511 760 572 339
511 761 570 342
511 762 568 341
511 763 566 341
511 764 564 341
511 765 561 342
511 766 559 343
511 767 557 343
511 768 555 342
511 769 554 345
511 770 551 344
511 771 549 343
511 772 547 348
511 773 544 343
511 774 542 343
511 775 540 345
511 776 538 345
511 777 537 348
511 778 534 347
511 779 533 348
511 780 531 351
511 781 528 351
511 782 525 347
511 783 523 348
511 784 523 348
511 785 520 355
511 786 519 350
511 787 517 349
511 788 514 349
511 789 510 353
511 790 508 351
511 791 507 351
511 792 505 353
511 793 503 357
511 794 501 355
511 795 499 354
511 796 497 355
511 797 495 359
511 798 493 359
511 799 490 355
511 800 488 354
559 761 324 256
559 762 326 256
559 763 339 257
559 764 352 261
559 765 364 261
559 766 376 261
559 767 387 261
559 768 401 262
559 769 413 263
559 770 427 264
559 771 439 263
559 772 454 266
559 773 465 267
559 774 475 267
559 775 482 268
559 776 489 268
676 820 443 380
676 821 440 376
676 822 437 377
676 823 433 377
676 824 430 371
676 825 428 378
676 826 426 377
676 827 423 380
676 828 420 375
676 829 417 382
676 830 414 376
676 831 411 381
676 832 407 379
676 833 405 383
676 834 405 383
676 835 400 384
676 836 398 381
676 837 395 383
676 838 392 387
676 839 388 385
676 840 384 381
676 841 381 386
676 842 379 388
676 843 377 389
676 844 374 389
676 845 370 391
676 846 368 390
676 847 366 391
676 848 359 386
676 849 357 389
676 850 354 390
676 851 353 392
676 852 349 394
676 853 346 393
676 854 343 392
676 855 342 396
737 855 335 392
737 856 336 395
737 857 331 390
737 858 329 396
737 859 326 398
737 860 324 398
737 861 320 399
737 862 317 399
737 863 314 398
737 864 312 400
737 865 306 398
737 866 302 401
737 867 300 402
737 868 298 402
737 869 293 403
737 870 290 400
737 871 289 404
737 872 285 405
737 873 279 407
737 874 274 406
737 875 272 407
737 876 271 408
737 877 266 406
737 878 261 409
737 879 259 409
737 880 258 410
737 881 252 412
737 882 246 410
737 883 244 410
737 884 242 412
737 885 238 405
737 886 236 413
737 887 233 415
737 888 231 415
737 889 231 416
791 889 220 409
791 890 220 415
791 891 218 418
791 892 217 419
791 893 215 420
791 894 212 418
791 895 208 418
791 896 205 423
791 897 201 422
791 898 199 420
791 899 195 426
791 900 194 428
791 901 191 431
791 902 187 430
791 903 184 429
791 904 184 433
791 905 178 435
791 906 172 431
791 907 171 435
791 908 169 436
791 909 164 437
791 910 157 434
791 911 155 436
791 912 152 438
791 913 149 438
791 914 142 439
791 915 139 439
791 916 138 440
791 917 133 439
791 918 127 440
791 919 124 439
791 920 123 442
791 921 116 442
791 922 112 439
791 923 109 443
791 924 106 439
791 925 105 441
791 926 102 444
1155 1212 487 269
1155 1213 482 266
1155 1214 478 264
1155 1215 469 266
1155 1216 458 265
1155 1217 445 264
1155 1218 431 263
1155 1219 420 261
1155 1220 409 261
1155 1221 395 260
1155 1222 382 258
1155 1223 370 257
1155 1224 360 257
1155 1225 346 258
1155 1226 333 255
1155 1227 320 253
1155 1228 310 252
1155 1229 299 251
1155 1230 287 250
1155 1231 275 250
1155 1232 263 249
1155 1233 253 248
1155 1234 248 248
1155 1235 238 247
1155 1236 237 246
1306 1384 145 276
1306 1385 147 276
1306 1386 144 277
1306 1387 137 280
1306 1388 137 281
1306 1389 133 282
1306 1390 129 284
1306 1391 126 285
1306 1392 122 287
1306 1393 116 289
1306 1394 114 290
1306 1395 109 292
1306 1396 105 294
1306 1397 101 295
1306 1398 97 297
1306 1399 92 299
1306 1400 88 300
1306 1401 85 302
1306 1402 81 303
1306 1403 76 304
1306 1404 71 308
1306 1405 67 310
1306 1406 62 311
1306 1407 58 313
1306 1408 55 313
1306 1409 50 317
1306 1410 44 319
1306 1411 45 319
1306 1412 43 321
1306 1413 39 322
1306 1414 36 321
1306 1415 34 324
1306 1416 31 323
1306 1417 29 324
1306 1418 27 327
1306 1419 25 330
1306 1420 22 329
1306 1421 24 324
1306 1422 20 326
1621 1696 359 264
1621 1697 362 263
1621 1698 364 261
1621 1699 372 262
1621 1700 371 262
1621 1701 367 262
1621 1702 375 264
1621 1703 385 263
1621 1704 394 265
1621 1705 402 265
1621 1706 405 266
1621 1707 419 266
1621 1708 427 268
1621 1709 434 268
1621 1710 438 271
1621 1711 449 269
1621 1712 458 270
1621 1713 466 271
1621 1714 475 272
1621 1715 480 273
1621 1716 484 274
1621 1717 489 276
1667 1741 195 392
1667 1742 193 397
1667 1743 195 398
1667 1744 197 396
1667 1745 200 402
1667 1746 202 405
1667 1747 202 399
1667 1748 204 402
1667 1749 207 406
1667 1750 208 408
1667 1751 210 405
1667 1752 213 410
1667 1753 213 409
1667 1754 216 416
1667 1755 217 410
1667 1756 219 411
1667 1757 221 417
1667 1758 223 417
1667 1759 224 419
1667 1760 227 423
1667 1761 231 421
1667 1762 231 427
1667 1763 232 428
1667 1764 233 428
1667 1765 235 427
1667 1766 238 428
1667 1767 242 434
1667 1768 241 430
1667 1769 243 430
1667 1770 246 433
1667 1771 250 436
1667 1772 251 438
1667 1773 252 442
1667 1774 255 440
1667 1775 259 443
1667 1776 261 445
1667 1777 263 445
1667 1778 263 438
1667 1779 267 435
1667 1780 270 437
1766 1826 456 265
1766 1827 448 262
1766 1828 441 263
1766 1829 430 262
1766 1830 421 261
1766 1831 412 260
1766 1832 405 259
1766 1833 397 259
1766 1834 386 258
1766 1835 377 257
1766 1836 369 255
1766 1837 361 256
1766 1838 351 256
1766 1839 342 255
1766 1840 333 254
1766 1841 324 253
1766 1842 316 253
1766 1843 310 251
1766 1844 316 258
1784 1843 97 306
1784 1844 92 307
1784 1845 88 309
1784 1846 84 312
1784 1847 80 314
1784 1848 75 314
1784 1849 68 318
1784 1850 62 321
1784 1851 56 323
1784 1852 49 327
1784 1853 42 331
1784 1854 37 333
1784 1855 28 333
1784 1856 22 341
1784 1857 16 344
1784 1858 11 340
1905 1966 116 295
1905 1967 113 299
1905 1968 106 299
1905 1969 101 304
1905 1970 96 307
1905 1971 91 309
1905 1972 88 310
1905 1973 82 312
1905 1974 76 315
1905 1975 70 317
1905 1976 65 320
1905 1977 59 323
1905 1978 53 326
1918 1975 70 308
1918 1976 65 310
1918 1977 60 313
1918 1978 55 316
1918 1979 49 318
1918 1980 44 319
1918 1981 38 323
1918 1982 33 325
1918 1983 26 327
1918 1984 20 330
1918 1985 14 333
1918 1986 10 335
1918 1987 8 338
1918 1988 3 343
2184 2364 188 262
2184 2365 187 258
2184 2366 184 258
2184 2367 180 259
2184 2368 179 259
2184 2369 182 260
2184 2370 174 262
2184 2371 177 262
2184 2372 170 262
2184 2373 166 263
2184 2374 165 266
2184 2375 167 263
2184 2376 165 265
2184 2377 156 268
2184 2378 159 270
2184 2379 152 270
2184 2380 150 262
2184 2381 152 270
2184 2382 149 271
2184 2383 147 272
2184 2384 139 275
2184 2385 137 276
2184 2386 133 278
2184 2387 125 282
2184 2388 129 280
2184 2389 126 281
2184 2390 129 280
2184 2391 121 283
2184 2392 123 281
2184 2393 121 283
2184 2394 113 285
2184 2395 112 286
2184 2396 112 286
2184 2397 110 283
2197 2397 105 292
2197 2398 104 290
2197 2399 105 288
2197 2400 103 290
2197 2401 100 291
2197 2402 98 292
2197 2403 89 295
2197 2404 90 295
2197 2405 88 298
2197 2406 84 298
2197 2407 87 298
2197 2408 85 298
2197 2409 83 298
2197 2410 79 300
2197 2411 78 302
2197 2412 76 303
2197 2413 74 303
2197 2414 70 304
2197 2415 68 307
2197 2416 63 307
2197 2417 63 308
2197 2418 61 309
2197 2419 59 310
2197 2420 55 312
2197 2421 53 314
2197 2422 44 319
2197 2423 42 318
2197 2424 45 317
2197 2425 42 319
2197 2426 39 318
2197 2427 38 322
2245 2501 449 251
2245 2502 440 257
2245 2503 432 255
2245 2504 424 256
2245 2505 415 256
2245 2506 405 252
2245 2507 399 252
2245 2508 387 254
2245 2509 382 253
2245 2510 375 252
2245 2511 360 261
2245 2512 362 252
2245 2513 353 250
2245 2514 346 250
2245 2515 338 249
2245 2516 334 252
2245 2517 330 257
2245 2518 318 247
2431 2814 486 264
2431 2815 485 265
2431 2816 482 265
2431 2817 478 264
2431 2818 474 264
2431 2819 471 262
2431 2820 463 263
2431 2821 457 262
2431 2822 451 255
2431 2823 441 262
2431 2824 432 261
2431 2825 426 260
2431 2826 418 261
2431 2827 409 259
2431 2828 402 259
2431 2829 394 258
2431 2830 384 256
2431 2831 376 255
2431 2832 369 254
2431 2833 361 254
2431 2834 354 255
2431 2835 349 254
2431 2836 339 253
2431 2837 330 252
2431 2838 325 252
2431 2839 316 250
2431 2840 314 251
2548 2965 166 446
2548 2966 167 449
2548 2967 171 451
2548 2968 175 449
2548 2969 183 449
2548 2970 188 450
2548 2971 190 449
2548 2972 195 449
2548 2973 203 448
2548 2974 207 450
2548 2975 209 448
2548 2976 217 448
2548 2977 223 448
2548 2978 226 450
2548 2979 229 447
2548 2980 237 448
2548 2981 242 447
2548 2982 245 446
2548 2983 251 449
2548 2984 257 444
2548 2985 260 447
2548 2986 264 445
2548 2987 270 444
2548 2988 275 444
2548 2989 280 444
2548 2990 285 442
2548 2991 293 442
2548 2992 296 443
2548 2993 301 442
2548 2994 304 442
2548 2995 311 442
2548 2996 314 442
2548 2997 320 441
2548 2998 327 441
2548 2999 329 441
2548 3000 333 442
2548 3001 339 440
2548 3002 345 439
2548 3003 348 441
2548 3004 352 439
2548 3005 359 438
2548 3006 364 439
2548 3007 367 439
2548 3008 371 437
2548 3009 378 436
2548 3010 382 438
2548 3011 385 436
2548 3012 390 435
2548 3013 397 436
2548 3014 399 435
2548 3015 403 435
2548 3016 409 436
2548 3017 413 432
2548 3018 417 433
2548 3019 422 432
2548 3020 428 436
2569 2989 130 275
2569 2990 132 276
2569 2991 133 272
2569 2992 131 272
2569 2993 130 271
2569 2994 129 272
2569 2995 128 272
2569 2996 126 275
2569 2997 125 276
2569 2998 125 274
2569 2999 123 276
2569 3000 121 276
2569 3001 120 277
2569 3002 120 273
2569 3003 118 277
2569 3004 116 278
2569 3005 114 279
2569 3006 111 281
2569 3007 111 282
2569 3008 108 279
2569 3009 107 284
2569 3010 103 285
2569 3011 103 286
2569 3012 99 287
2569 3013 95 288
2569 3014 93 289
2569 3015 91 290
2569 3016 89 291
2569 3017 87 293
2569 3018 83 294
2569 3019 80 293
2569 3020 78 296
2569 3021 74 297
2569 3022 72 299
2569 3023 67 300
2569 3024 65 300
2569 3025 61 303
2569 3026 58 302
2569 3027 55 304
2569 3028 51 305
2569 3029 47 307
2569 3030 42 307
2573 2992 151 254
2573 2993 151 250
2573 2994 150 249
2573 2995 149 256
2573 2996 148 250
2573 2997 148 257
2573 2998 147 255
2573 2999 147 256
2573 3000 145 256
2573 3001 144 259
2573 3002 143 253
2573 3003 142 260
2573 3004 143 261
2573 3005 141 262
2573 3006 139 262
2573 3007 141 262
2573 3008 136 264
2573 3009 135 264
2573 3010 134 267
2573 3011 131 266
2573 3012 130 267
2573 3013 128 269
2573 3014 126 270
2573 3015 124 269
2573 3016 121 271
2573 3017 119 274
2573 3018 118 275
2573 3019 114 275
2573 3020 113 277
2573 3021 110 278
2573 3022 107 279
2573 3023 105 281
2573 3024 101 279
2573 3025 99 283
2573 3026 95 282
2573 3027 94 285
2573 3028 89 285
2573 3029 87 288
2573 3030 83 289
2573 3031 79 289
2573 3032 77 292
2573 3033 73 295
2573 3034 68 295
2573 3035 64 297
2573 3036 61 299
2573 3037 57 301
2573 3038 52 300
2573 3039 50 304
2573 3040 46 303
2573 3041 42 305
2573 3042 39 308
2573 3043 36 309
2573 3044 31 311
2573 3045 28 312
2573 3046 23 315
2573 3047 19 316
2573 3048 14 315
2573 3049 12 319
2573 3050 10 321
2573 3051 8 323
2573 3052 6 324
2573 3053 3 325
2665 3079 240 332
2665 3080 237 334
2665 3081 239 337
2665 3082 243 336
2665 3083 244 335
2665 3084 245 339
2665 3085 247 340
2665 3086 250 335
2665 3087 252 338
2665 3088 253 339
2665 3089 255 343
2665 3090 257 339
2665 3091 261 343
2665 3092 263 342
2665 3093 264 345
2665 3094 268 345
2665 3095 269 343
2665 3096 270 345
2665 3097 273 347
2665 3098 277 347
2665 3099 279 348
2665 3100 279 348
2665 3101 283 349
2665 3102 286 345
2665 3103 287 348
2665 3104 289 350
2665 3105 291 350
2665 3106 295 350
2665 3107 293 352
2665 3108 298 353
2665 3109 299 356
2665 3110 302 356
2665 3111 304 354
2665 3112 306 355
2665 3113 308 360
2665 3114 310 358
2665 3115 313 361
2665 3116 315 361
2665 3117 317 363
2665 3118 317 363
3023 3540 296 256
3023 3541 299 255
3023 3542 309 253
3023 3543 314 253
3023 3544 320 254
3023 3545 320 254
3023 3546 346 260
3023 3547 355 261
3023 3548 365 259
3023 3549 376 262
3023 3550 385 263
3023 3551 393 264
3023 3552 401 264
3023 3553 411 265
3023 3554 425 266
3023 3555 419 265
3028 3550 450 404
3028 3551 446 407
3028 3552 445 402
3028 3553 443 404
3028 3554 439 406
3028 3555 436 402
3028 3556 434 409
3028 3557 430 409
3028 3558 424 410
3028 3559 423 412
3028 3560 421 412
3028 3561 417 415
3028 3562 412 415
3028 3563 410 416
3028 3564 406 415
3028 3565 401 418
3028 3566 399 418
3028 3567 396 419
3028 3568 392 418
3028 3569 390 423
3028 3570 387 425
3028 3571 381 423
3028 3572 375 427
3028 3573 375 431
3028 3574 370 427
3028 3575 365 431
3028 3576 363 434
3028 3577 358 432
3028 3578 355 434
3028 3579 350 437
3028 3580 348 436
3028 3581 341 439
3028 3582 336 442
3028 3583 335 440
3028 3584 331 442
3028 3585 324 443
3028 3586 321 447
3028 3587 320 444
3028 3588 314 446
3028 3589 312 448
3028 3590 309 452
3028 3591 303 453
3028 3592 299 453
3028 3593 296 454
3028 3594 293 454
3028 3595 288 456
3028 3596 283 460
3028 3597 280 460
3028 3598 276 460
3028 3599 269 463
3028 3600 268 464
3028 3601 265 465
3028 3602 256 465
3028 3603 253 467
3028 3604 249 467
3028 3605 242 467
3028 3606 238 468
3028 3607 233 469
3028 3608 227 469
3028 3609 223 469
3028 3610 218 470
3028 3611 212 471
3028 3612 207 471
3028 3613 202 472
3028 3614 198 472
3028 3615 193 472
3028 3616 188 473
3028 3617 184 474
3028 3618 178 475
3028 3619 174 475
3035 3559 160 256
3035 3560 161 253
3035 3561 162 255
3035 3562 162 260
3035 3563 163 261
3035 3564 163 260
3035 3565 163 261
3035 3566 161 266
3035 3567 162 267
3035 3568 159 265
3035 3569 158 266
3035 3570 155 268
3035 3571 154 270
3035 3572 151 272
3035 3573 149 274
3035 3574 145 276
3035 3575 142 278
3035 3576 138 280
3035 3577 135 281
3035 3578 132 284
3035 3579 127 285
3035 3580 122 288
3035 3581 116 291
3035 3582 111 293
3035 3583 107 295
3035 3584 101 298
3035 3585 95 301
3035 3586 90 303
3035 3587 85 305
3035 3588 78 308
3035 3589 72 310
3035 3590 66 314
3035 3591 59 317
3035 3592 52 319
3035 3593 44 323
3035 3594 36 326
3035 3595 30 329
3035 3596 25 333
3035 3597 19 337
3035 3598 17 337
3035 3599 13 338
3035 3600 8 341
3035 3601 5 346
3078 3764 203 314
3078 3765 202 314
3078 3766 206 312
3078 3767 208 309
3078 3768 211 310
3078 3769 214 309
3078 3770 217 309
3078 3771 219 308
3078 3772 221 308
3078 3773 225 308
3078 3774 228 306
3078 3775 231 306
3078 3776 233 305
3078 3777 236 305
3078 3778 239 304
3078 3779 240 304
3078 3780 243 304
3078 3781 246 303
3078 3782 249 302
3078 3783 252 302
3078 3784 254 300
3078 3785 257 300
3078 3786 258 299
3078 3787 260 299
3078 3788 263 298
3078 3789 267 298
3078 3790 269 297
3078 3791 271 297
3078 3792 273 297
3078 3793 275 296
3078 3794 277 295
3078 3795 280 296
3078 3796 283 293
3078 3797 285 294
3078 3798 287 293
3078 3799 289 292
3078 3800 292 292
3078 3801 294 293
3078 3802 297 292
3078 3803 299 290
3078 3804 302 290
3078 3805 304 289
3078 3806 307 289
3078 3807 310 288
3078 3808 311 290
3078 3809 313 289
3078 3810 316 288
3078 3811 319 288
3078 3812 322 286
3078 3813 323 286
3078 3814 326 286
3078 3815 329 285
3078 3816 331 285
3078 3817 332 286
3078 3818 335 284
3078 3819 337 285
3078 3820 339 284
3078 3821 342 283
3078 3822 344 282
3078 3823 346 283
3078 3824 348 282
3078 3825 350 281
3078 3826 353 281
3095 3851 235 252
3095 3852 238 251
3095 3853 239 250
3095 3854 250 250
3095 3855 257 251
3095 3856 266 252
3095 3857 279 254
3095 3858 290 254
3095 3859 302 255
3095 3860 314 256
3095 3861 325 257
3095 3862 340 259
3095 3863 352 259
3095 3864 361 260
3095 3865 372 261
3095 3866 385 261
3095 3867 397 264
3095 3868 410 265
3095 3869 423 266
3095 3870 436 266
3095 3871 448 267
3095 3872 461 268
3095 3873 470 269
3095 3874 477 269
3095 3875 482 269
3296 4147 115 285
3296 4148 113 290
3296 4149 114 287
3296 4150 112 289
3296 4151 102 290
3296 4152 96 296
3296 4153 94 301
3296 4154 96 295
3296 4155 87 302
3296 4156 82 306
3296 4157 77 306
3296 4158 73 312
3296 4159 70 312
3296 4160 65 317
3296 4161 66 312
3296 4162 65 310
3372 4252 289 257
3372 4253 284 252
3372 4254 276 254
3372 4255 287 255
3372 4256 295 256
3372 4257 306 257
3372 4258 318 260
3372 4259 331 259
3372 4260 340 259
3372 4261 354 260
3372 4262 364 261
3372 4263 378 262
3372 4264 389 263
3372 4265 401 264
3577 4620 338 256
3577 4621 343 256
3577 4622 363 258
3577 4623 378 262
3577 4624 393 262
3577 4625 404 264
3577 4626 415 265
3577 4627 426 266
3577 4628 435 266
3577 4629 445 266
3577 4630 449 273
3577 4631 446 274
4161 5331 485 269
4161 5332 479 267
4161 5333 474 266
4161 5334 466 265
4161 5335 450 264
4161 5336 439 264
4161 5337 432 262
4161 5338 424 261
4161 5339 413 263
4161 5340 395 263
4161 5341 386 261
4161 5342 374 259
4161 5343 366 257
4161 5344 358 252
4680 5939 217 404
4680 5940 219 399
4680 5941 220 400
4680 5942 222 400
4680 5943 222 399
4680 5944 225 395
4680 5945 225 400
4680 5946 229 392
4680 5947 232 392
4680 5948 235 389
4680 5949 236 390
4680 5950 236 391
4680 5951 238 393
4680 5952 239 392
4680 5953 241 391
4680 5954 243 390
4680 5955 244 390
4680 5956 246 386
4680 5957 248 387
4680 5958 249 385
4680 5959 251 380
4680 5960 251 383
4680 5961 252 380
4680 5962 253 382
4680 5963 255 378
4680 5964 256 381
4680 5965 258 379
4680 5966 259 378
4680 5967 260 374
4680 5968 263 371
4680 5969 264 372
4680 5970 265 374
4680 5971 268 373
5050 6491 199 260
5050 6492 196 256
5050 6493 193 258
5050 6494 196 259
5050 6495 189 260
5050 6496 182 262
5050 6497 179 263
5050 6498 174 264
5050 6499 169 264
5050 6500 164 268
5050 6501 159 269
5050 6502 155 272
5050 6503 150 274
5050 6504 146 274
5050 6505 142 277
5050 6506 136 280
5050 6507 131 282
5050 6508 127 285
5050 6509 121 287
5050 6510 116 289
5050 6511 110 293
5050 6512 106 294
5050 6513 99 297
5050 6514 93 301
5050 6515 87 304
5050 6516 83 305
5050 6517 77 309
5050 6518 69 312
5050 6519 63 316
5050 6520 57 319
5050 6521 50 323
5050 6522 44 325
5050 6523 36 329
5050 6524 29 333
5050 6525 24 336
5050 6526 22 339
5050 6527 19 339
5050 6528 13 342
5050 6529 11 340
5050 6530 9 345
5050 6531 3 344
5113 6587 480 473
5113 6588 478 472
5113 6589 473 471
5113 6590 469 470
5113 6591 467 470
5113 6592 462 469
5113 6593 458 467
5113 6594 456 467
5113 6595 452 466
5113 6596 449 465
5113 6597 445 463
5113 6598 440 462
5113 6599 440 461
5113 6600 436 461
5113 6601 433 460
5113 6602 430 456
5113 6603 428 459
5113 6604 423 457
5113 6605 420 447
5113 6606 421 449
5124 6630 350 410
5124 6631 349 412
5124 6632 347 408
5124 6633 345 411
5124 6634 344 407
5124 6635 340 405
5124 6636 337 402
5124 6637 335 404
5124 6638 334 406
5124 6639 331 401
5124 6640 328 397
5124 6641 326 399
5124 6642 326 393
5124 6643 322 394
5124 6644 319 393
5124 6645 317 394
5124 6646 315 391
5124 6647 315 391
5124 6648 312 391
5124 6649 309 389
5124 6650 305 385
5124 6651 303 385
5124 6652 301 385
5124 6653 300 383
5124 6654 298 381
5124 6655 296 378
5124 6656 293 380
5124 6657 291 377
5124 6658 291 375
5124 6659 290 377
5124 6660 285 376
5124 6661 285 376
5209 6754 101 323
5209 6755 103 324
5209 6756 106 325
5209 6757 104 323
5209 6758 108 327
5209 6759 111 329
5209 6760 112 327
5209 6761 114 326
5209 6762 118 327
5209 6763 122 332
5209 6764 122 332
5209 6765 123 332
5209 6766 125 332
5209 6767 128 333
5209 6768 130 334
5209 6769 133 335
5209 6770 136 334
5209 6771 137 335
5209 6772 139 336
5209 6773 142 334
5209 6774 145 335
5209 6775 147 336
5209 6776 149 336
5209 6777 153 336
5209 6778 155 336
5209 6779 158 337
5209 6780 160 336
5209 6781 163 336
5209 6782 165 336
5209 6783 168 339
5209 6784 170 337
5209 6785 173 337
5209 6786 177 338
5209 6787 179 339
5209 6788 182 338
5209 6789 185 341
5209 6790 188 341
5209 6791 189 343
5209 6792 192 342
5209 6793 197 342
5209 6794 200 343
5209 6795 201 343
5209 6796 204 342
5209 6797 209 343
5209 6798 212 343
5209 6799 213 344
5209 6800 217 342
5209 6801 222 343
5209 6802 224 343
5209 6803 226 344
5209 6804 231 343
5209 6805 235 343
5209 6806 236 347
5209 6807 238 344
5209 6808 243 344
5209 6809 247 345
5209 6810 248 340
5209 6811 251 344
5209 6812 256 343
5209 6813 260 345
5209 6814 261 345
5209 6815 261 352
5209 6816 269 352
5209 6817 271 346
5209 6818 274 347
5209 6819 277 345
5209 6820 283 344
5209 6821 286 346
5209 6822 287 347
5209 6823 291 345
5209 6824 296 346
5209 6825 299 347
5209 6826 302 347
5209 6827 305 346
5209 6828 310 347
5209 6829 312 347
5209 6830 315 347
5209 6831 320 348
5209 6832 324 347
5209 6833 327 348
5209 6834 328 348
5209 6835 333 347
5209 6836 336 346
5209 6837 339 348
5209 6838 340 354
5209 6839 343 354
5305 6843 363 353
5305 6844 364 348
5305 6845 366 348
5305 6846 369 349
5305 6847 376 349
5305 6848 379 348
5305 6849 379 349
5305 6850 382 348
5305 6851 388 349
5305 6852 391 349
5305 6853 391 350
5305 6854 396 349
5305 6855 401 348
5305 6856 406 351
5305 6857 409 345
5305 6858 412 350
5305 6859 416 350
5305 6860 418 346
5305 6861 420 351
5305 6862 425 351
5305 6863 429 346
5305 6864 432 351
5305 6865 433 352
5305 6866 438 351
5305 6867 442 351
5305 6868 442 353
5305 6869 446 352
5305 6870 451 346
5305 6871 456 351
5305 6872 456 352
5305 6873 458 351
5305 6874 464 347
5305 6875 467 352
5305 6876 468 353
5305 6877 471 352
5305 6878 478 351
5305 6879 481 351
5305 6880 480 353
5305 6881 483 352
5305 6882 489 352
5305 6883 492 353
5305 6884 494 353
5305 6885 497 352
5305 6886 503 348
5305 6887 505 351
5305 6888 506 353
5305 6889 511 351
5305 6890 514 350
5305 6891 517 352
5305 6892 519 354
5305 6893 519 360
5305 6894 527 361
5503 7187 190 247
5503 7188 209 250
5503 7189 210 249
5503 7190 212 248
5503 7191 216 247
5503 7192 209 248
5503 7193 215 249
5503 7194 223 250
5503 7195 234 250
5503 7196 242 253
5503 7197 253 252
5503 7198 263 253
5503 7199 271 253
5503 7200 281 254
5503 7201 293 255
5503 7202 300 258
5503 7203 310 257
5503 7204 320 258
5503 7205 334 259
5503 7206 344 260
5503 7207 353 261
5503 7208 365 262
5503 7209 378 262
5503 7210 390 264
5503 7211 399 264
5503 7212 409 265
5577 7246 260 258
5577 7247 261 260
5577 7248 264 257
5577 7249 266 259
5577 7250 268 258
5577 7251 270 259
5577 7252 272 260
5577 7253 275 260
5577 7254 275 260
5577 7255 277 260
5577 7256 280 260
5577 7257 283 261
5577 7258 284 260
5577 7259 286 260
5577 7260 288 259
5577 7261 289 263
5577 7262 291 264
5577 7263 294 259
5577 7264 296 261
5577 7265 299 260
5577 7266 300 261
5577 7267 302 262
5577 7268 303 264
5577 7269 305 262
5577 7270 309 262
5577 7271 310 262
5577 7272 312 263
5577 7273 315 263
5577 7274 316 264
5577 7275 318 262
5577 7276 322 261
5577 7277 323 262
5577 7278 325 262
5577 7279 327 261
5577 7280 329 263
5577 7281 331 263
5577 7282 333 262
5577 7283 336 262
5577 7284 338 266
5577 7285 339 264
5577 7286 341 264
5577 7287 343 265
5577 7288 342 270
5577 7289 347 265
5577 7290 348 260
5577 7291 351 264
5577 7292 350 259
5577 7293 355 265
5577 7294 356 266
5577 7295 359 265
5577 7296 362 267
5577 7297 364 267
5577 7298 365 268
5577 7299 367 267
5577 7300 369 268
5577 7301 370 270
5577 7302 373 267
5577 7303 375 268
5577 7304 378 268
5577 7305 380 268
5577 7306 382 267
5577 7307 385 270
5577 7308 387 267
5577 7309 389 269
5577 7310 391 268
5577 7311 393 268
5577 7312 395 270
5577 7313 397 268
5577 7314 398 273
5577 7315 403 268
5577 7316 404 269
5577 7317 406 269
5577 7318 408 270
5577 7319 411 270
5577 7320 411 270
5577 7321 414 270
5577 7322 417 271
5577 7323 420 271
5577 7324 421 270
5577 7325 423 272
5577 7326 425 273
5577 7327 426 274
5577 7328 430 271
5577 7329 433 272
5577 7330 435 273
5577 7331 437 272
5577 7332 439 272
5577 7333 441 275
5577 7334 442 276
5577 7335 444 275
5577 7336 448 275
5577 7337 449 275
5577 7338 451 274
5577 7339 453 275
5577 7340 455 276
5577 7341 457 275
5577 7342 461 275
5577 7343 462 277
5577 7344 464 276
5577 7345 467 276
5577 7346 469 277
5577 7347 470 278
5577 7348 473 276
5577 7349 477 276
5577 7350 479 276
5577 7351 481 276
5577 7352 482 278
5781 7569 274 254
5781 7570 283 254
5781 7571 294 256
5781 7572 305 256
5781 7573 316 258
5781 7574 327 257
5781 7575 337 259
5781 7576 348 261
5781 7577 361 262
5781 7578 371 262
5781 7579 383 264
5781 7580 395 265
5781 7581 408 265
5781 7582 418 266
5781 7583 425 272
6124 7990 55 353
6124 7991 55 354
6124 7992 57 353
6124 7993 59 354
6124 7994 61 353
6124 7995 62 354
6124 7996 63 355
6124 7997 66 355
6124 7998 67 357
6124 7999 68 355
6124 8000 71 359
6124 8001 71 357
6124 8002 74 356
6124 8003 75 357
6124 8004 76 358
6124 8005 78 359
6124 8006 81 360
6124 8007 83 359
6124 8008 84 362
6124 8009 87 362
6124 8010 88 362
6124 8011 91 361
6124 8012 92 363
6124 8013 97 363
6124 8014 97 364
6124 8015 99 365
6124 8016 100 364
6124 8017 102 366
6124 8018 103 369
6124 8019 106 365
6124 8020 110 366
6124 8021 111 373
6124 8022 114 376
6124 8023 117 377
6124 8024 117 378
6124 8025 119 379
6124 8026 123 381
6124 8027 122 378
6124 8028 122 374
6124 8029 124 367
6124 8030 127 370
6124 8031 127 371
6124 8032 127 372
6338 8214 196 255
6338 8215 201 252
6338 8216 200 250
6338 8217 199 254
6338 8218 194 256
6338 8219 187 257
6338 8220 181 257
6338 8221 177 259
6338 8222 171 261
6338 8223 171 262
6338 8224 163 264
6338 8225 159 265
6338 8226 158 267
6338 8227 153 270
6338 8228 147 272
6338 8229 142 274
6338 8230 137 277
6338 8231 142 275
6340 8215 559 460
6340 8216 557 459
6340 8217 556 458
6340 8218 554 456
6340 8219 550 455
6340 8220 549 453
6340 8221 546 450
6340 8222 543 448
6340 8223 540 446
6340 8224 539 444
6340 8225 537 443
6340 8226 536 442
6340 8227 531 440
6340 8228 528 436
6340 8229 524 433
6340 8230 524 434
6340 8231 519 430
6340 8232 519 426
6340 8233 518 424
6340 8234 513 423
6340 8235 510 421
6340 8236 510 421
6340 8237 508 421
6340 8238 508 418
6340 8239 506 415
6340 8240 504 416
6340 8241 502 414
6340 8242 499 413
6340 8243 497 409
6340 8244 495 407
6340 8245 493 405
6340 8246 495 407
6340 8247 498 406
6371 8231 128 279
6371 8232 127 281
6371 8233 120 284
6371 8234 113 287
6371 8235 106 290
6371 8236 98 293
6371 8237 94 294
6371 8238 85 300
6371 8239 77 304
6371 8240 70 307
6371 8241 63 310
6371 8242 53 314
6371 8243 46 317
6371 8244 51 320
6466 8289 256 375
6466 8290 254 369
6466 8291 253 370
6466 8292 248 370
6466 8293 247 373
6466 8294 244 373
6466 8295 242 374
6466 8296 238 376
6466 8297 236 377
6466 8298 235 377
6466 8299 230 379
6466 8300 228 377
6466 8301 225 380
6466 8302 222 382
6466 8303 219 384
6466 8304 218 384
6466 8305 215 386
6466 8306 210 383
6466 8307 208 388
6466 8308 206 389
6466 8309 204 389
6466 8310 201 390
6466 8311 200 392
6466 8312 197 392
6466 8313 193 394
6466 8314 190 397
6466 8315 188 396
6466 8316 187 398
6466 8317 184 398
6466 8318 182 400
6466 8319 180 400
6466 8320 175 401
6466 8321 172 399
6466 8322 171 403
6466 8323 169 404
6466 8324 165 404
6466 8325 163 405
6466 8326 162 408
6466 8327 160 409
6466 8328 154 410
6466 8329 152 414
6466 8330 151 413
6466 8331 150 415
6466 8332 147 416
6466 8333 144 419
6466 8334 142 418
6466 8335 138 420
6466 8336 134 424
6466 8337 132 424
6466 8338 130 424
6466 8339 126 424
6466 8340 124 425
6466 8341 122 429
6466 8342 118 429
6466 8343 114 427
6466 8344 112 432
6466 8345 110 434
6466 8346 106 435
6466 8347 103 434
6466 8348 102 438
6466 8349 100 439
6466 8350 93 444
6466 8351 91 440
6466 8352 89 444
6466 8353 87 444
6466 8354 82 447
6466 8355 80 449
6466 8356 78 451
6466 8357 76 447
6510 8307 195 259
6510 8308 191 260
6510 8309 186 262
6510 8310 183 263
6510 8311 176 265
6510 8312 177 266
6510 8313 170 267
6510 8314 166 268
6510 8315 158 269
6510 8316 158 270
6510 8317 152 271
6510 8318 147 274
6510 8319 144 280
6510 8320 141 281
6510 8321 137 285
6510 8322 133 286
6535 8323 117 288
6535 8324 123 291
6535 8325 115 290
6535 8326 112 293
6535 8327 111 296
6535 8328 104 298
6535 8329 100 298
6535 8330 99 302
6535 8331 94 303
6535 8332 90 304
6535 8333 86 307
6535 8334 79 307
6535 8335 73 309
6535 8336 69 309
6535 8337 65 311
6535 8338 60 313
6535 8339 59 314
6535 8340 57 315
6535 8341 51 317
6535 8342 47 319
6535 8343 46 320
6535 8344 40 321
6535 8345 37 323
6535 8346 33 324
6535 8347 30 325
6535 8348 27 326
6535 8349 23 330
6535 8350 18 330
6535 8351 16 332
6535 8352 11 333
6535 8353 9 335
6535 8354 8 338
6535 8355 6 338
6535 8356 5 337
6535 8357 4 339
6535 8358 3 342
6670 8528 240 247
6670 8529 253 247
6670 8530 265 248
6670 8531 276 248
6670 8532 288 249
6670 8533 300 250
6670 8534 312 259
6670 8535 325 259
6670 8536 338 253
6670 8537 353 255
6670 8538 369 256
6670 8539 381 259
6670 8540 397 258
6670 8541 410 260
6670 8542 429 261
6670 8543 441 263
6670 8544 460 264
6670 8545 474 265
6670 8546 489 268
6839 8697 366 251
6839 8698 354 253
6839 8699 356 253
6839 8700 366 255
6839 8701 373 254
6839 8702 378 253
6839 8703 401 262
6839 8704 416 263
6839 8705 428 264
6839 8706 444 265
6839 8707 460 266
6839 8708 467 267
6839 8709 475 267
6839 8710 483 269
7101 8911 421 475
7101 8912 418 474
7101 8913 414 473
7101 8914 410 472
7101 8915 407 471
7101 8916 403 470
7101 8917 400 469
7101 8918 397 468
7101 8919 396 467
7101 8920 393 465
7101 8921 388 463
7101 8922 385 462
7101 8923 381 460
7101 8924 378 460
7101 8925 375 452
7101 8926 373 451
7101 8927 369 452
7101 8928 366 449
7101 8929 363 448
7101 8930 360 448
7101 8931 359 443
7101 8932 356 442
7101 8933 354 444
7101 8934 350 436
7101 8935 346 436
7101 8936 344 436
7101 8937 342 435
7101 8938 339 430
7101 8939 338 427
7101 8940 335 424
7101 8941 332 424
7101 8942 329 422
7101 8943 327 418
7101 8944 326 420
7101 8945 324 418
7101 8946 323 413
7101 8947 320 413
7101 8948 317 412
7101 8949 316 410
7101 8950 313 409
7101 8951 311 408
7101 8952 310 403
7101 8953 308 401
7101 8954 306 403
7101 8955 303 399
7101 8956 301 398
7101 8957 299 396
7101 8958 297 397
7101 8959 296 392
7101 8960 295 390
7101 8961 294 388
7101 8962 291 387
7101 8963 288 387
7101 8964 286 385
7101 8965 285 387
7101 8966 284 381
7101 8967 283 380
7101 8968 281 376
7101 8969 279 378
7101 8970 277 378
7101 8971 275 377
7101 8972 274 377
7101 8973 273 374
7101 8974 272 375
7101 8975 270 370
7101 8976 267 369
7101 8977 266 368
7101 8978 265 371
7101 8979 263 369
7101 8980 263 364
7101 8981 261 365
7101 8982 258 362
7101 8983 257 360
7101 8984 255 358
7101 8985 254 356
7101 8986 253 358
7101 8987 253 355
7101 8988 252 353
7101 8989 250 353
7101 8990 248 352
7101 8991 247 351
7101 8992 245 352
7101 8993 244 349
7101 8994 245 349
7134 8993 242 342
7134 8994 242 341
7134 8995 243 343
7134 8996 241 346
7134 8997 240 343
7134 8998 238 342
7134 8999 237 340
7134 9000 236 339
7134 9001 236 339
7134 9002 235 336
7134 9003 233 338
7134 9004 231 336
7134 9005 229 335
7134 9006 228 334
7134 9007 226 334
7134 9008 225 332
7134 9009 224 334
7134 9010 222 330
7134 9011 220 331
7134 9012 217 328
7134 9013 216 330
7134 9014 215 328
7134 9015 214 326
7134 9016 212 328
7134 9017 209 325
7134 9018 208 326
7134 9019 206 323
7134 9020 204 325
7134 9021 202 321
7134 9022 202 320
7134 9023 200 321
7134 9024 197 320
7134 9025 196 321
7134 9026 194 320
7134 9027 192 316
7134 9028 191 317
7134 9029 190 319
7134 9030 189 315
7134 9031 186 316
7134 9032 185 314
7134 9033 183 312
7134 9034 182 313
7134 9035 181 311
7134 9036 180 314
7134 9037 178 309
7134 9038 177 310
7134 9039 174 310
7134 9040 172 308
7134 9041 170 309
7134 9042 170 307
7134 9043 169 307
7134 9044 165 305
7134 9045 165 306
7134 9046 164 305
7134 9047 161 305
7134 9048 160 304
7134 9049 159 304
7134 9050 158 303
7134 9051 156 301
7134 9052 155 302
7134 9053 154 301
7134 9054 152 300
7134 9055 151 300
7134 9056 150 299
7134 9057 149 299
7134 9058 147 295
7134 9059 147 298
7134 9060 145 298
7134 9061 144 294
7134 9062 141 295
7134 9063 144 295
7134 9064 142 295
7213 9195 190 453
7213 9196 195 457
7213 9197 196 455
7213 9198 198 457
7213 9199 203 454
7213 9200 206 450
7213 9201 208 450
7213 9202 210 447
7213 9203 213 447
7213 9204 217 444
7213 9205 219 445
7213 9206 221 446
7213 9207 225 443
7213 9208 228 438
7213 9209 230 433
7213 9210 232 440
7213 9211 236 434
7213 9212 237 435
7213 9213 239 435
7213 9214 242 434
7213 9215 246 430
7213 9216 247 428
7213 9217 249 430
7213 9218 248 437
7261 9237 291 396
7261 9238 293 399
7261 9239 295 398
7261 9240 296 397
7261 9241 298 397
7261 9242 300 396
7261 9243 302 394
7261 9244 304 395
7261 9245 306 393
7261 9246 309 390
7261 9247 310 389
7261 9248 311 388
7261 9249 313 387
7261 9250 314 382
7261 9251 316 385
7261 9252 318 384
7261 9253 320 384
7261 9254 322 377
7261 9255 323 381
7261 9256 324 378
7261 9257 326 378
7261 9258 328 378
7261 9259 330 375
7261 9260 331 376
7261 9261 333 371
7261 9262 334 369
7261 9263 334 369
7261 9264 337 368
7261 9265 337 367
7261 9266 336 360
7290 9261 304 252
7290 9262 302 249
7290 9263 308 250
7290 9264 309 255
7290 9265 307 262
7290 9266 315 262
7290 9267 316 260
7290 9268 306 258
7290 9269 315 259
7290 9270 323 259
7290 9271 331 260
7290 9272 341 261
7290 9273 350 261
7290 9274 359 262
7290 9275 368 263
7290 9276 378 264
7290 9277 388 265
7290 9278 398 266
7290 9279 407 267
7404 9429 311 255
7404 9430 322 256
7404 9431 332 257
7404 9432 345 259
7404 9433 358 260
7404 9434 370 261
7404 9435 382 261
7404 9436 394 262
7404 9437 409 264
7404 9438 421 264
7404 9439 433 265
7404 9440 447 266
7404 9441 462 267
7404 9442 471 267
7404 9443 478 269
7404 9444 487 267
7444 9505 108 289
7444 9506 105 290
7444 9507 99 290
7444 9508 95 291
7444 9509 90 294
7444 9510 85 299
7444 9511 79 300
7444 9512 73 301
7444 9513 66 303
7444 9514 60 307
7444 9515 53 309
7444 9516 49 311
7444 9517 43 313
7444 9518 36 317
7444 9519 31 320
7444 9520 24 322
7444 9521 18 325
7444 9522 14 327
7444 9523 11 331
7444 9524 7 330
7444 9525 3 334
7445 9505 123 282
7445 9506 124 281
7445 9507 120 284
7445 9508 115 285
7445 9509 111 285
7445 9510 107 287
7445 9511 101 292
7445 9512 96 294
7445 9513 89 297
7445 9514 83 299
7445 9515 79 301
7445 9516 74 304
7445 9517 68 306
7445 9518 63 308
7445 9519 57 310
7445 9520 50 313
7445 9521 44 316
7445 9522 37 319
7445 9523 27 322
7445 9524 23 322
7445 9525 17 326
7445 9526 13 330
7445 9527 9 333
7445 9528 6 337
7450 9510 368 256
7450 9511 365 262
7450 9512 377 262
7450 9513 386 264
7450 9514 398 265
7450 9515 409 266
7450 9516 420 266
7450 9517 431 268
7450 9518 439 268
7450 9519 450 270
7450 9520 462 270
7450 9521 474 272
7450 9522 483 273
8109 10213 346 259
8109 10214 343 259
8109 10215 356 260
8109 10216 369 263
8109 10217 382 263
8109 10218 394 265
8109 10219 409 265
8109 10220 419 266
8109 10221 431 266
8109 10222 445 268
8109 10223 458 269
8109 10224 466 269
8109 10225 473 270
8109 10226 480 272
8109 10227 489 270
8117 10222 347 265
8117 10223 364 266
8117 10224 376 267
8117 10225 379 264
8117 10226 365 261
8117 10227 371 261
8117 10228 378 262
8117 10229 388 263
8117 10230 400 264
8117 10231 412 265
8117 10232 422 266
8117 10233 430 267
8117 10234 438 268
8117 10235 448 268
8117 10236 458 269
8117 10237 467 270
8117 10238 477 271
8117 10239 485 272
8229 10362 243 339
8229 10363 244 340
8229 10364 245 344
8229 10365 244 343
8229 10366 250 351
8229 10367 250 350
8229 10368 251 355
8229 10369 253 358
8229 10370 255 354
8229 10371 255 362
8229 10372 257 365
8229 10373 258 363
8229 10374 258 360
8229 10375 261 360
8229 10376 262 360
8229 10377 264 365
8229 10378 263 368
8229 10379 268 370
8229 10380 268 369
8229 10381 268 370
8229 10382 272 373
8229 10383 270 372
8229 10384 273 367
8229 10385 271 375
8229 10386 272 376
8229 10387 276 378
8229 10388 278 376
8229 10389 279 378
8229 10390 278 381
8229 10391 282 383
8229 10392 281 378
8229 10393 281 378
8229 10394 282 384
8229 10395 281 386
8229 10396 284 388
8229 10397 287 391
8229 10398 289 389
8229 10399 287 388
8229 10400 287 388
8229 10401 289 387
8229 10402 290 393
8229 10403 291 395
8229 10404 292 394
8247 10378 244 284
8247 10379 247 284
8247 10380 247 285
8247 10381 252 284
8247 10382 255 285
8247 10383 257 285
8247 10384 257 285
8247 10385 261 285
8247 10386 264 284
8247 10387 266 285
8247 10388 266 285
8247 10389 271 284
8247 10390 274 284
8247 10391 274 283
8247 10392 276 284
8247 10393 279 284
8247 10394 283 285
8247 10395 283 284
8247 10396 284 284
8247 10397 287 283
8247 10398 292 284
8247 10399 293 284
8247 10400 295 283
8247 10401 297 284
8247 10402 301 284
8247 10403 302 281
8247 10404 302 283
8247 10405 307 283
8247 10406 310 283
8247 10407 311 282
8247 10408 312 282
8247 10409 316 283
8247 10410 318 283
8247 10411 319 282
8247 10412 321 281
8247 10413 324 282
8247 10414 328 282
8247 10415 328 282
8247 10416 330 282
8247 10417 334 282
8247 10418 336 283
8247 10419 337 282
8247 10420 342 282
8247 10421 344 281
8247 10422 345 282
8247 10423 345 282
8247 10424 349 281
8247 10425 352 282
8247 10426 353 282
8247 10427 355 281
8247 10428 358 281
8247 10429 361 281
8247 10430 361 281
8247 10431 363 281
8247 10432 366 281
8247 10433 370 282
8247 10434 370 281
8247 10435 372 281
8247 10436 377 280
8247 10437 379 281
8247 10438 380 282
8247 10439 383 281
8247 10440 386 281
8247 10441 387 281
8247 10442 388 281
8247 10443 388 281
8247 10444 395 281
8247 10445 396 281
8247 10446 398 281
8247 10447 400 280
8247 10448 404 281
8247 10449 404 281
8247 10450 408 277
8247 10451 409 280
8247 10452 413 280
8247 10453 413 281
8247 10454 415 280
8247 10455 419 280
8247 10456 419 276
8259 10408 297 395
8259 10409 299 399
8259 10410 302 398
8259 10411 303 401
8259 10412 304 408
8259 10413 305 410
8259 10414 307 407
8259 10415 311 411
8259 10416 310 411
8259 10417 313 410
8259 10418 316 412
8259 10419 317 412
8259 10420 318 420
8259 10421 321 422
8259 10422 327 422
8259 10423 329 421
8259 10424 330 422
8259 10425 332 422
8259 10426 337 423
8259 10427 337 423
8259 10428 339 425
8259 10429 343 426
8259 10430 348 430
8259 10431 348 430
8259 10432 351 434
8259 10433 353 433
8259 10434 359 434
8259 10435 359 434
8259 10436 361 436
8259 10437 366 444
8259 10438 370 440
8259 10439 370 442
8259 10440 373 441
8259 10441 378 443
8259 10442 383 445
8259 10443 385 447
8259 10444 385 446
8259 10445 390 447
8259 10446 397 451
8259 10447 398 453
8259 10448 399 451
8259 10449 403 455
8259 10450 408 456
8259 10451 409 458
8259 10452 411 458
8259 10453 413 458
8259 10454 419 462
8259 10455 424 463
8259 10456 425 464
8259 10457 427 464
8259 10458 431 465
8259 10459 435 465
8259 10460 438 467
8259 10461 438 470
8350 10545 410 391
8350 10546 413 390
8350 10547 408 388
8350 10548 402 392
8350 10549 397 394
8350 10550 395 393
8350 10551 385 396
8350 10552 381 397
8350 10553 380 398
8350 10554 375 400
8350 10555 366 400
8350 10556 363 401
8350 10557 357 403
8350 10558 348 403
8350 10559 345 404
8350 10560 344 405
8350 10561 337 407
8350 10562 328 408
8350 10563 326 410
8350 10564 319 410
8350 10565 311 411
8350 10566 308 413
8350 10567 307 413
8350 10568 296 415
8350 10569 290 417
8350 10570 288 418
8350 10571 283 418
8350 10572 278 418
8367 10571 516 370
8367 10572 515 371
8367 10573 512 372
8367 10574 511 373
8367 10575 508 374
8367 10576 506 373
8367 10577 503 374
8367 10578 502 374
8367 10579 499 377
8367 10580 497 378
8367 10581 493 379
8367 10582 493 378
8367 10583 489 379
8367 10584 487 379
8367 10585 485 382
8367 10586 482 382
8367 10587 479 383
8367 10588 478 384
8367 10589 474 385
8367 10590 472 385
8367 10591 470 387
8367 10592 466 387
8367 10593 464 388
8367 10594 461 389
8367 10595 460 390
8367 10596 455 391
8367 10597 453 392
8367 10598 451 394
8367 10599 448 396
8367 10600 446 396
8367 10601 443 396
8367 10602 440 397
8367 10603 437 399
8367 10604 434 399
8367 10605 434 405
8368 10572 267 421
8368 10573 270 422
8368 10574 267 422
8368 10575 258 424
8368 10576 250 425
8368 10577 248 425
8368 10578 241 426
8368 10579 232 427
8368 10580 230 429
8368 10581 226 430
8368 10582 215 432
8368 10583 210 434
8368 10584 208 433
8368 10585 201 434
8368 10586 190 436
8368 10587 190 438
8368 10588 183 439
8368 10589 171 440
8368 10590 169 442
8368 10591 165 443
8368 10592 152 443
8368 10593 150 445
8368 10594 147 445
8368 10595 138 448
8368 10596 129 449
8368 10597 126 449
8368 10598 121 449
8368 10599 111 450
8368 10600 108 452
8368 10601 103 452
8368 10602 90 453
8368 10603 87 453
8368 10604 84 453
8368 10605 75 453
8368 10606 67 453
8368 10607 65 454
8368 10608 59 453
8368 10609 49 451
8368 10610 48 448
8388 10612 411 406
8388 10613 410 406
8388 10614 407 409
8388 10615 405 409
8388 10616 401 409
8388 10617 398 411
8388 10618 396 412
8388 10619 392 414
8388 10620 389 415
8388 10621 386 414
8388 10622 384 416
8388 10623 380 417
8388 10624 377 419
8388 10625 374 419
8388 10626 371 422
8388 10627 369 422
8388 10628 366 424
8388 10629 363 425
8388 10630 359 426
8388 10631 356 428
8388 10632 354 429
8388 10633 350 431
8388 10634 347 431
8388 10635 344 433
8388 10636 341 433
8388 10637 337 435
8388 10638 335 437
8388 10639 332 441
8388 10640 328 441
8388 10641 325 441
8388 10642 323 443
8410 10642 308 450
8410 10643 305 452
8410 10644 303 450
8410 10645 294 453
8410 10646 290 454
8410 10647 286 456
8410 10648 281 460
8410 10649 278 461
8410 10650 275 462
8410 10651 270 461
8410 10652 268 465
8410 10653 265 465
8410 10654 262 466
8410 10655 258 466
8410 10656 255 466
8410 10657 252 468
8410 10658 249 469
8410 10659 245 471
8410 10660 241 471
8410 10661 238 470
8410 10662 235 474
8410 10663 235 473
8410 10664 232 475
8410 10665 228 474
8410 10666 223 475
8436 10672 562 471
8436 10673 567 468
8436 10674 580 466
8436 10675 591 465
8436 10676 599 461
8436 10677 606 463
8436 10678 614 458
8436 10679 619 458
8436 10680 622 455
8436 10681 624 454
8436 10682 626 453
8436 10683 630 451
8436 10684 633 451
8436 10685 635 450
8436 10686 636 447
8627 10989 232 271
8627 10990 235 272
8627 10991 236 272
8627 10992 239 273
8627 10993 240 272
8627 10994 243 270
8627 10995 245 274
8627 10996 246 275
8627 10997 249 275
8627 10998 253 274
8627 10999 254 273
8627 11000 255 274
8627 11001 258 274
8627 11002 262 275
8627 11003 262 275
8627 11004 264 274
8627 11005 269 274
8627 11006 270 274
8627 11007 271 274
8627 11008 275 275
8627 11009 277 274
8627 11010 278 275
8627 11011 280 275
8627 11012 284 275
8627 11013 286 275
8627 11014 285 275
8627 11015 289 276
8627 11016 293 274
8627 11017 294 276
8627 11018 296 276
8627 11019 298 276
8627 11020 302 275
8627 11021 303 276
8627 11022 304 276
8627 11023 308 276
8627 11024 311 276
8627 11025 311 276
8627 11026 313 276
8627 11027 317 276
8627 11028 319 276
8627 11029 320 277
8627 11030 322 277
8627 11031 327 276
8627 11032 329 276
8627 11033 329 277
8627 11034 332 277
8627 11035 336 276
8627 11036 337 277
8627 11037 338 277
8627 11038 341 277
8627 11039 344 277
8627 11040 345 276
8627 11041 348 277
8627 11042 351 277
8627 11043 353 277
8627 11044 355 277
8627 11045 357 276
8627 11046 361 276
8627 11047 362 276
8627 11048 362 277
8627 11049 364 276
8627 11050 368 277
8627 11051 370 276
8627 11052 371 276
8627 11053 374 277
8627 11054 378 277
8627 11055 378 277
8627 11056 380 277
8627 11057 382 276
8627 11058 385 277
8627 11059 388 277
8627 11060 387 282
8627 11061 392 277
8627 11062 394 277
8627 11063 395 277
8684 11171 394 390
8684 11172 391 390
8684 11173 399 388
8684 11174 404 388
8684 11175 405 389
8684 11176 413 387
8684 11177 418 385
8684 11178 419 387
8684 11179 423 385
8684 11180 431 382
8684 11181 434 383
8684 11182 435 383
8684 11183 443 380
8684 11184 446 378
8684 11185 447 379
8684 11186 450 380
8684 11187 457 377
8684 11188 460 376
8684 11189 462 377
8684 11190 470 374
8684 11191 474 374
8684 11192 473 374
8684 11193 477 374
8684 11194 483 373
8684 11195 488 371
8684 11196 490 372
8684 11197 496 369
8684 11198 499 370
8684 11199 502 369
8684 11200 501 373
8684 11201 507 368
8684 11202 511 366
8684 11203 512 368
8684 11204 515 367
8684 11205 520 365
8684 11206 523 363
8684 11207 524 364
8684 11208 528 363
8684 11209 533 360
8684 11210 534 360
8684 11211 535 361
8684 11212 540 361
8684 11213 543 357
8684 11214 544 357
8684 11215 543 359
8685 11171 93 321
8685 11172 96 321
8685 11173 98 321
8685 11174 101 323
8685 11175 103 322
8685 11176 104 323
8685 11177 107 324
8685 11178 109 324
8685 11179 111 325
8685 11180 113 326
8685 11181 115 326
8685 11182 118 327
8685 11183 121 330
8685 11184 123 331
8685 11185 124 329
8685 11186 127 335
8685 11187 130 335
8685 11188 131 330
8685 11189 133 336
8685 11190 137 335
8685 11191 138 338
8685 11192 139 339
8685 11193 143 339
8685 11194 143 338
8685 11195 147 339
8685 11196 147 341
8685 11197 149 339
8685 11198 151 340
8685 11199 156 341
8685 11200 156 348
8923 11594 155 246
8923 11595 160 247
8923 11596 162 249
8923 11597 162 252
8923 11598 165 255
8923 11599 164 256
8923 11600 164 257
8923 11601 164 259
8923 11602 163 259
8923 11603 162 263
8923 11604 159 262
8923 11605 157 264
8923 11606 156 264
8923 11607 152 266
8923 11608 151 269
8923 11609 147 270
8923 11610 145 270
8923 11611 141 271
8923 11612 137 274
8923 11613 134 276
8923 11614 130 276
8923 11615 124 279
8923 11616 121 281
8923 11617 116 283
8923 11618 111 285
8923 11619 107 287
8923 11620 103 288
8923 11621 99 290
8923 11622 95 292
8923 11623 89 294
8923 11624 85 296
8923 11625 80 297
8923 11626 75 300
8923 11627 69 304
8923 11628 62 307
8923 11629 60 307
8923 11630 54 310
8923 11631 50 312
8923 11632 45 314
8923 11633 39 318
8923 11634 33 325
8923 11635 28 327
8923 11636 24 326
8923 11637 18 328
8923 11638 16 331
8923 11639 13 334
8923 11640 10 338
8923 11641 6 333
8923 11642 4 332
8933 11613 158 263
8933 11614 155 265
8933 11615 152 265
8933 11616 150 267
8933 11617 147 270
8933 11618 140 272
8933 11619 137 275
8933 11620 135 276
8933 11621 129 278
8933 11622 125 280
8933 11623 119 279
8933 11624 118 282
8933 11625 111 283
8933 11626 110 285
8933 11627 102 289
8933 11628 101 287
8933 11629 91 292
8933 11630 86 294
8933 11631 83 297
8933 11632 76 299
8933 11633 72 300
8933 11634 68 305
8933 11635 62 304
8933 11636 62 307
8933 11637 57 311
8933 11638 48 311
8933 11639 42 315
8933 11640 36 318
8933 11641 36 321
8933 11642 30 321
8933 11643 20 324
8933 11644 15 326
8933 11645 11 331
8933 11646 8 334
8933 11647 5 339
9008 11695 148 415
9008 11696 149 411
9008 11697 150 414
9008 11698 152 412
9008 11699 155 415
9008 11700 157 416
9008 11701 159 416
9008 11702 163 417
9008 11703 166 419
9008 11704 168 422
9008 11705 169 422
9008 11706 171 424
9008 11707 175 425
9008 11708 176 428
9008 11709 181 428
9008 11710 184 430
9008 11711 186 432
9008 11712 187 433
9008 11713 190 434
9008 11714 191 436
9008 11715 195 439
9008 11716 197 437
9008 11717 200 440
9008 11718 202 442
9008 11719 204 445
9008 11720 207 443
9008 11721 210 448
9008 11722 212 450
9008 11723 215 449
9008 11724 217 452
9008 11725 221 455
9008 11726 224 456
9008 11727 226 457
9008 11728 229 457
9008 11729 233 461
9008 11730 236 463
9008 11731 238 460
9008 11732 241 464
9008 11733 244 465
9008 11734 247 466
9008 11735 250 467
9008 11736 254 467
9008 11737 257 468
9008 11738 260 469
9008 11739 264 470
9008 11740 268 470
9008 11741 272 472
9008 11742 276 473
9008 11743 280 473
9008 11744 282 473
9008 11745 289 475
9008 11746 294 476
9101 11854 117 270
9101 11855 117 269
9101 11856 117 267
9101 11857 116 273
9101 11858 117 272
9101 11859 113 271
9101 11860 113 273
9101 11861 112 274
9101 11862 110 276
9101 11863 109 274
9101 11864 108 275
9101 11865 107 277
9101 11866 105 279
9101 11867 105 277
9101 11868 103 278
9101 11869 102 279
9101 11870 100 277
9101 11871 99 279
9101 11872 98 281
9101 11873 96 280
9101 11874 95 279
9101 11875 93 279
9101 11876 93 280
9101 11877 91 281
9101 11878 91 280
9101 11879 89 284
9101 11880 88 285
9101 11881 86 286
9101 11882 85 283
9101 11883 84 287
9101 11884 82 287
9101 11885 81 285
9101 11886 79 287
9101 11887 78 288
9101 11888 75 288
9101 11889 75 288
9101 11890 74 289
9101 11891 72 289
9101 11892 70 288
9101 11893 69 291
9101 11894 68 293
9101 11895 66 291
9101 11896 66 291
9101 11897 65 293
9101 11898 64 292
9101 11899 62 293
9101 11900 61 295
9101 11901 59 295
9101 11902 58 296
9101 11903 57 295
9101 11904 58 296
9101 11905 57 295
9101 11906 54 296
9101 11907 52 297
9101 11908 51 298
9101 11909 50 302
9101 11910 49 299
9101 11911 48 301
9101 11912 49 300
9101 11913 46 301
9101 11914 44 302
9101 11915 43 304
9101 11916 42 307
9101 11917 39 302
9101 11918 39 307
9101 11919 37 306
9101 11920 37 309
9101 11921 35 308
9101 11922 34 310
9101 11923 34 311
9101 11924 32 311
9101 11925 30 309
9101 11926 29 313
9101 11927 28 311
9101 11928 26 310
9101 11929 26 311
9101 11930 24 315
9101 11931 22 314
9101 11932 20 315
9101 11933 19 317
9101 11934 18 319
9101 11935 16 316
9101 11936 15 318
9101 11937 14 320
9101 11938 13 322
9101 11939 10 317
9101 11940 9 322
9101 11941 8 323
9101 11942 5 322
9101 11943 4 322
9101 11944 4 325
9101 11945 4 326
9101 11946 3 327
9240 12065 155 304
9240 12066 158 304
9240 12067 160 306
9240 12068 160 305
9240 12069 163 307
9240 12070 165 307
9240 12071 168 308
9240 12072 170 309
9240 12073 172 312
9240 12074 173 311
9240 12075 174 310
9240 12076 176 311
9240 12077 179 312
9240 12078 180 313
9240 12079 182 312
9240 12080 185 312
9240 12081 188 313
9240 12082 188 314
9240 12083 190 312
9240 12084 192 313
9240 12085 196 314
9240 12086 197 315
9240 12087 199 314
9240 12088 202 315
9240 12089 203 315
9240 12090 205 318
9240 12091 207 316
9240 12092 209 315
9240 12093 212 316
9240 12094 213 317
9240 12095 214 319
9240 12096 217 317
9240 12097 220 316
9240 12098 221 318
9240 12099 222 318
9240 12100 226 318
9240 12101 229 321
9240 12102 229 320
9240 12103 232 320
9240 12104 234 320
9240 12105 237 320
9240 12106 237 322
9240 12107 240 321
9240 12108 242 321
9240 12109 245 322
9240 12110 247 322
9240 12111 249 321
9240 12112 251 322
9240 12113 254 323
9240 12114 256 324
9240 12115 258 323
9240 12116 261 323
9240 12117 263 324
9240 12118 265 325
9240 12119 269 323
9240 12120 270 324
9240 12121 273 325
9240 12122 274 325
9240 12123 277 323
9240 12124 280 325
9240 12125 282 326
9240 12126 284 326
9240 12127 287 326
9240 12128 290 328
9240 12129 291 328
9240 12130 291 328
9240 12131 296 327
9240 12132 298 328
9240 12133 301 329
9240 12134 302 329
9240 12135 305 329
9240 12136 308 330
9240 12137 309 330
9240 12138 311 331
9240 12139 314 331
9240 12140 316 330
9240 12141 318 331
9240 12142 319 332
9240 12143 321 331
9240 12144 325 332
9240 12145 328 333
9240 12146 329 333
9240 12147 333 333
9240 12148 335 334
9240 12149 336 334
9240 12150 339 335
9240 12151 342 335
9240 12152 345 336
9240 12153 348 335
9240 12154 349 337
9240 12155 352 335
9240 12156 356 336
9240 12157 358 337
9240 12158 359 337
9240 12159 362 336
9240 12160 367 337
9240 12161 368 338
9240 12162 369 339
9240 12163 373 338
9240 12164 377 339
9240 12165 379 339
9240 12166 381 339
9240 12167 383 338
9240 12168 387 339
9240 12169 390 340
9240 12170 390 339
9240 12171 394 339
9240 12172 397 340
9240 12173 399 340
9240 12174 402 341
9240 12175 405 341
9240 12176 407 341
9240 12177 411 342
9240 12178 412 341
9240 12179 415 342
9240 12180 417 339
9291 12166 3 291
9291 12167 5 291
9291 12168 5 290
9291 12169 8 291
9291 12170 10 289
9291 12171 12 290
9291 12172 13 290
9291 12173 16 289
9291 12174 18 287
9291 12175 19 286
9291 12176 22 286
9291 12177 24 284
9291 12178 25 284
9291 12179 27 286
9291 12180 28 283
9291 12181 29 282
9291 12182 31 282
9291 12183 34 283
9291 12184 35 280
9291 12185 38 281
9291 12186 41 279
9291 12187 43 277
9291 12188 43 277
9291 12189 44 279
9291 12190 46 277
9291 12191 48 276
9291 12192 50 276
9291 12193 51 275
9291 12194 52 275
9291 12195 54 275
9291 12196 56 273
9291 12197 58 272
9291 12198 59 273
9291 12199 62 271
9291 12200 63 273
9291 12201 65 269
9291 12202 67 269
9291 12203 67 269
9291 12204 70 271
9291 12205 72 269
9291 12206 73 270
9291 12207 75 268
9291 12208 75 264
9291 12209 78 266
9291 12210 81 267
9291 12211 83 268
9291 12212 84 262
9291 12213 85 265
9291 12214 88 264
9291 12215 90 262
9291 12216 91 263
9291 12217 92 265
9291 12218 95 264
9291 12219 96 264
9291 12220 99 264
9291 12221 99 261
9291 12222 101 263
9291 12223 102 263
9291 12224 106 260
9291 12225 106 259
9291 12226 108 260
9291 12227 108 261
9291 12228 110 260
9291 12229 112 260
9291 12230 114 259
9291 12231 115 257
9291 12232 117 258
9291 12233 117 254
9291 12234 119 258
9291 12235 121 258
9291 12236 123 258
9291 12237 123 257
9291 12238 127 254
9291 12239 126 256
9291 12240 129 255
9291 12241 130 254
9291 12242 133 256
9291 12243 135 259
9291 12244 135 259
9291 12245 139 251
9291 12246 139 254
9291 12247 142 253
9291 12248 144 252
9291 12249 145 253
9291 12250 147 254
9291 12251 149 251
9291 12252 151 253
9291 12253 154 250
9291 12254 155 251
9291 12255 155 252
9291 12256 158 251
9291 12257 161 249
9291 12258 163 250
9291 12259 165 248
9291 12260 167 249
9291 12261 169 247
9329 12243 476 268
9329 12244 469 267
9329 12245 459 268
9329 12246 442 265
9329 12247 426 264
9329 12248 410 263
9329 12249 396 261
9329 12250 381 260
9329 12251 360 256
9329 12252 340 256
9329 12253 319 254
9329 12254 305 253
9329 12255 292 250
9329 12256 273 249
9329 12257 258 249
9329 12258 247 247
9329 12259 244 247
9476 12406 157 267
9476 12407 154 269
9476 12408 150 275
9476 12409 143 277
9476 12410 143 277
9476 12411 140 276
9476 12412 134 280
9476 12413 133 279
9476 12414 127 284
9476 12415 125 284
9476 12416 118 288
9476 12417 115 289
9476 12418 110 292
9476 12419 107 294
9476 12420 103 295
9476 12421 99 297
9476 12422 94 298
9476 12423 89 301
9476 12424 85 303
9476 12425 81 305
9476 12426 77 306
9476 12427 73 310
9476 12428 68 311
9476 12429 64 313
9476 12430 61 317
9476 12431 57 318
9476 12432 51 321
9476 12433 48 321
9476 12434 47 323
9476 12435 44 326
9476 12436 41 326
9476 12437 37 328
9476 12438 33 328
9476 12439 29 330
9476 12440 25 332
9476 12441 20 333
9476 12442 26 329
9491 12417 129 278
9491 12418 129 282
9491 12419 126 280
9491 12420 121 285
9491 12421 119 286
9491 12422 117 288
9491 12423 114 291
9491 12424 109 291
9491 12425 106 294
9491 12426 103 295
9491 12427 99 298
9491 12428 94 299
9491 12429 84 301
9491 12430 81 302
9491 12431 77 304
9491 12432 74 303
9491 12433 71 306
9491 12434 67 308
9491 12435 70 311
9491 12436 61 311
9491 12437 65 314
9491 12438 56 314
9491 12439 53 315
9491 12440 51 318
9491 12441 46 320
9491 12442 50 319
9491 12443 47 320
9624 12588 325 259
9624 12589 326 263
9624 12590 319 262
9624 12591 320 263
9624 12592 326 264
9624 12593 318 270
9624 12594 322 270
9624 12595 322 271
9624 12596 324 271
9624 12597 326 269
9624 12598 328 271
9624 12599 331 271
9624 12600 332 271
9624 12601 334 271
9624 12602 336 271
9624 12603 338 269
9624 12604 341 272
9624 12605 343 271
9624 12606 346 272
9624 12607 348 272
9624 12608 350 272
9624 12609 352 273
9624 12610 353 273
9624 12611 355 271
9624 12612 356 272
9624 12613 359 273
9624 12614 360 273
9624 12615 362 273
9624 12616 365 273
9624 12617 367 273
9624 12618 367 273
9624 12619 370 273
9624 12620 372 274
9624 12621 373 273
9624 12622 376 272
9624 12623 378 273
9624 12624 380 274
9624 12625 382 274
9624 12626 384 274
9624 12627 385 275
9624 12628 388 275
9624 12629 391 275
9624 12630 393 275
9624 12631 394 273
9624 12632 397 275
9624 12633 397 276
9624 12634 400 275
9624 12635 400 275
9624 12636 404 276
9624 12637 405 278
9624 12638 407 274
9624 12639 410 276
9624 12640 411 276
9624 12641 413 278
9624 12642 417 277
9624 12643 417 276
9624 12644 419 275
9624 12645 421 274
9624 12646 424 277
9624 12647 425 278
9624 12648 427 276
9624 12649 430 278
9624 12650 432 278
9624 12651 432 283
9624 12652 436 277
9624 12653 438 279
9624 12654 440 275
9624 12655 454 268
9624 12656 444 275
9624 12657 445 278
9673 12652 391 258
9673 12653 384 258
9673 12654 369 256
9673 12655 355 255
9673 12656 340 254
9673 12657 323 252
9673 12658 313 252
9673 12659 302 250
9673 12660 287 249
9673 12661 275 249
9673 12662 265 248
9673 12663 256 247
9673 12664 228 247
9673 12665 242 246
9673 12666 230 248
9715 12687 188 257
9715 12688 184 259
9715 12689 179 260
9715 12690 171 262
9715 12691 165 263
9715 12692 161 264
9715 12693 153 265
9715 12694 151 267
9715 12695 146 270
9715 12696 141 270
9715 12697 136 274
9715 12698 129 276
9715 12699 126 279
9715 12700 119 282
9715 12701 116 281
9715 12702 111 286
9715 12703 107 288
9715 12704 101 291
9715 12705 96 293
9715 12706 91 296
9715 12707 87 299
9715 12708 80 302
9715 12709 74 305
9715 12710 69 309
9715 12711 63 310
9715 12712 58 314
9715 12713 53 317
9715 12714 49 320
9715 12715 42 322
9715 12716 40 322
9715 12717 37 326
9715 12718 33 327
9715 12719 29 330
9715 12720 23 333
9715 12721 19 336
9715 12722 14 335
9715 12723 12 340
9715 12724 9 342
9715 12725 7 345
9715 12726 4 347