500 367 231 258
500 368 232 257
500 369 234 256
500 370 238 254
500 371 239 254
500 372 241 253
500 373 245 253
500 374 245 250
500 375 252 252
500 376 253 252
500 377 257 252
500 378 259 250
500 379 264 251
500 380 268 251
500 381 269 249
500 382 277 253
500 383 277 250
500 384 283 250
500 385 289 250
500 386 292 250
500 387 296 250
500 388 303 252
500 389 308 252
500 390 315 252
500 391 322 253
500 392 328 253
500 393 335 254
500 394 341 255
500 395 348 256
500 396 356 257
500 397 365 257
500 398 371 257
500 399 377 259
500 400 383 259
500 401 379 255
504 371 72 401
504 372 75 401
504 373 80 400
504 374 89 404
504 375 91 403
504 376 95 402
504 377 100 402
504 378 105 402
504 379 106 403
504 380 114 400
504 381 120 400
504 382 122 401
504 383 131 398
504 384 134 398
504 385 138 398
504 386 146 397
504 387 150 396
504 388 154 394
504 389 162 394
504 390 163 395
504 391 173 391
504 392 175 391
504 393 180 388
504 394 187 389
504 395 189 387
504 396 197 386
504 397 201 385
504 398 204 385
504 399 208 379
504 400 212 382
504 401 214 381
504 402 217 381
504 403 225 380
504 404 228 380
504 405 231 378
504 406 235 378
504 407 240 378
504 408 241 379
504 409 248 374
504 410 254 377
504 411 254 377
504 412 260 375
558 425 330 368
558 426 334 367
558 427 340 366
558 428 347 365
558 429 356 364
558 430 360 364
558 431 367 363
558 432 371 362
558 433 376 363
558 434 385 362
558 435 387 361
558 436 394 361
558 437 397 360
558 438 400 360
558 439 407 359
558 440 411 359
558 441 414 358
558 442 420 357
558 443 422 358
558 444 423 358
558 445 431 356
558 446 434 357
558 447 439 356
558 448 444 355
558 449 445 356
558 450 446 363
558 451 453 364
593 449 490 375
593 450 488 376
593 451 485 378
593 452 482 377
593 453 479 378
593 454 474 379
593 455 469 380
593 456 466 380
593 457 463 382
593 458 457 382
593 459 454 383
593 460 449 383
593 461 444 385
593 462 441 386
593 463 436 386
593 464 432 388
593 465 429 387
593 466 425 389
593 467 421 390
593 468 417 392
593 469 412 393
593 470 408 393
593 471 406 393
593 472 404 387
613 472 398 398
613 473 397 395
613 474 395 396
613 475 388 398
613 476 384 399
613 477 380 401
613 478 373 401
613 479 369 402
613 480 365 402
613 481 360 403
613 482 356 404
613 483 349 405
613 484 343 406
613 485 340 406
613 486 333 405
613 487 329 405
613 488 324 405
613 489 318 406
613 490 313 406
613 491 310 405
613 492 307 409
613 493 300 406
613 494 295 407
613 495 289 407
613 496 283 406
613 497 281 408
613 498 272 407
613 499 268 408
613 500 265 409
613 501 259 408
613 502 258 413
760 638 447 263
760 639 442 261
760 640 425 260
760 641 408 259
760 642 393 257
760 643 381 257
760 644 366 256
760 645 354 255
760 646 338 253
760 647 323 250
760 648 314 250
760 649 299 250
760 650 286 249
760 651 272 248
760 652 261 247
760 653 249 246
814 671 158 267
814 672 159 265
814 673 158 266
814 674 157 269
814 675 156 267
814 676 153 268
814 677 149 274
814 678 150 270
814 679 146 274
814 680 144 273
814 681 142 276
814 682 137 277
814 683 138 276
814 684 136 277
814 685 132 283
814 686 132 279
814 687 127 283
814 688 125 284
814 689 124 283
814 690 119 284
814 691 116 287
814 692 112 289
814 693 109 291
814 694 106 292
814 695 102 293
814 696 99 295
814 697 102 293
834 679 156 264
834 680 159 267
834 681 158 265
834 682 157 267
834 683 151 268
834 684 151 269
834 685 151 269
834 686 146 271
834 687 144 272
834 688 143 274
834 689 141 277
834 690 139 277
834 691 137 277
834 692 130 278
834 693 129 281
834 694 127 280
834 695 122 283
834 696 121 286
834 697 119 287
834 698 116 287
834 699 113 289
834 700 109 289
834 701 105 293
834 702 102 292
834 703 99 295
834 704 96 295
834 705 92 297
930 720 486 400
930 721 484 404
930 722 480 403
930 723 477 400
930 724 474 399
930 725 470 398
930 726 467 397
930 727 465 395
930 728 462 394
930 729 457 391
930 730 455 391
930 731 451 388
930 732 448 386
930 733 445 385
930 734 445 383
930 735 441 380
930 736 438 380
930 737 435 380
930 738 433 379
930 739 431 376
930 740 429 375
930 741 425 373
930 742 423 373
930 743 423 370
1291 951 453 261
1291 952 448 261
1291 953 438 261
1291 954 436 259
1291 955 428 259
1291 956 420 258
1291 957 416 257
1291 958 409 257
1291 959 402 257
1291 960 395 257
1291 961 388 256
1291 962 382 255
1291 963 375 255
1291 964 372 255
1291 965 366 254
1291 966 362 254
1291 967 355 254
1291 968 350 252
1291 969 345 253
1291 970 341 252
1291 971 336 252
1291 972 330 250
1291 973 323 249
1291 974 320 249
1291 975 325 250
1336 1003 182 250
1336 1004 181 252
1336 1005 182 251
1336 1006 183 251
1336 1007 175 254
1336 1008 169 257
1336 1009 171 255
1336 1010 167 255
1336 1011 165 257
1336 1012 168 257
1336 1013 166 258
1336 1014 159 259
1336 1015 161 260
1336 1016 160 260
1336 1017 157 261
1336 1018 155 263
1336 1019 153 264
1336 1020 151 266
1336 1021 149 267
1336 1022 145 268
1336 1023 143 269
1336 1024 140 269
1336 1025 137 273
1336 1026 135 274
1336 1027 132 274
1336 1028 128 277
1336 1029 125 279
1336 1030 123 280
1336 1031 120 282
1336 1032 116 284
1336 1033 112 286
1336 1034 108 288
1336 1035 105 289
1336 1036 111 286
1346 1036 98 293
1346 1037 99 293
1346 1038 94 295
1346 1039 90 296
1346 1040 86 299
1346 1041 82 302
1346 1042 76 304
1346 1043 70 308
1346 1044 66 311
1346 1045 61 312
1346 1046 57 314
1346 1047 52 317
1346 1048 46 320
1346 1049 41 322
1346 1050 37 324
1346 1051 30 327
1346 1052 39 321
1390 1104 490 266
1390 1105 481 266
1390 1106 474 264
1390 1107 463 265
1390 1108 447 264
1390 1109 434 262
1390 1110 416 260
1390 1111 398 260
1390 1112 381 257
1390 1113 365 256
1390 1114 349 255
1390 1115 330 253
1390 1116 334 259
1774 1600 474 267
1774 1601 470 265
1774 1602 451 263
1774 1603 431 261
1774 1604 410 260
1774 1605 392 258
1774 1606 373 257
1774 1607 355 256
1774 1608 338 255
1774 1609 317 254
1774 1610 330 261
1774 1611 330 261
1774 1612 329 264
1854 1674 218 345
1854 1675 222 346
1854 1676 223 347
1854 1677 223 341
1854 1678 225 343
1854 1679 226 345
1854 1680 227 339
1854 1681 230 343
1854 1682 230 346
1854 1683 233 348
1854 1684 237 354
1854 1685 237 348
1854 1686 239 349
1854 1687 241 351
1854 1688 244 352
1854 1689 246 351
1854 1690 248 353
1854 1691 250 355
1854 1692 253 355
1854 1693 255 356
1854 1694 257 358
1854 1695 259 359
1854 1696 262 358
1854 1697 263 358
1854 1698 265 360
1854 1699 267 362
1854 1700 270 363
1854 1701 271 364
1854 1702 275 364
1854 1703 276 364
1854 1704 278 368
1854 1705 280 366
1854 1706 281 367
1854 1707 284 368
1854 1708 286 369
1854 1709 288 369
1854 1710 290 370
1854 1711 292 372
1854 1712 296 372
1854 1713 296 372
1854 1714 298 374
1854 1715 300 372
1854 1716 304 375
1854 1717 307 377
1854 1718 308 376
1854 1719 312 377
1854 1720 315 379
1854 1721 317 380
1854 1722 318 379
1854 1723 320 378
1854 1724 324 374
1874 1697 482 265
1874 1698 472 266
1874 1699 458 265
1874 1700 441 263
1874 1701 422 261
1874 1702 407 260
1874 1703 392 259
1874 1704 374 258
1874 1705 356 257
1874 1706 339 254
1874 1707 322 254
1874 1708 304 252
1874 1709 288 251
1874 1710 281 250
1929 1769 319 378
1929 1770 320 375
1929 1771 322 376
1929 1772 326 377
1929 1773 327 379
1929 1774 329 378
1929 1775 332 381
1929 1776 335 382
1929 1777 337 382
1929 1778 339 384
1929 1779 341 385
1929 1780 344 386
1929 1781 345 386
1929 1782 350 387
1929 1783 351 389
1929 1784 354 390
1929 1785 356 391
1929 1786 359 392
1929 1787 362 394
1929 1788 363 394
1929 1789 365 395
1929 1790 368 397
1929 1791 372 399
1929 1792 373 399
1929 1793 375 400
1929 1794 379 402
1929 1795 381 403
1929 1796 383 403
1929 1797 385 406
1974 1797 390 409
1974 1798 390 408
1974 1799 392 408
1974 1800 395 410
1974 1801 398 412
1974 1802 403 411
1974 1803 401 413
1974 1804 405 416
1974 1805 408 417
1974 1806 410 418
1974 1807 413 419
1974 1808 416 421
1974 1809 420 423
1974 1810 421 423
1974 1811 425 425
1974 1812 429 426
1974 1813 431 427
1974 1814 435 428
1974 1815 438 430
1974 1816 441 432
1974 1817 444 432
1974 1818 448 433
1974 1819 451 435
1974 1820 454 437
1974 1821 456 438
1974 1822 460 439
1974 1823 463 440
1974 1824 465 442
1974 1825 469 443
1974 1826 474 446
1974 1827 478 447
1974 1828 481 448
1974 1829 484 449
1974 1830 489 451
1974 1831 489 451
1974 1832 493 453
1974 1833 497 455
1974 1834 501 457
1974 1835 503 458
1974 1836 507 460
1974 1837 511 461
1974 1838 513 463
1974 1839 513 463
2005 1838 635 399
2005 1839 634 394
2005 1840 634 392
2005 1841 634 393
2005 1842 629 391
2005 1843 627 390
2005 1844 626 390
2005 1845 624 389
2005 1846 622 387
2005 1847 619 388
2005 1848 617 388
2005 1849 617 387
2005 1850 613 386
2005 1851 610 385
2005 1852 609 386
2005 1853 609 384
2005 1854 607 385
2005 1855 603 382
2005 1856 600 382
2005 1857 601 383
2005 1858 597 381
2005 1859 593 381
2005 1860 591 381
2005 1861 589 381
2005 1862 591 381
2005 1863 586 380
2005 1864 583 379
2005 1865 583 379
2005 1866 579 376
2005 1867 576 378
2005 1868 572 378
2005 1869 572 377
2005 1870 569 377
2005 1871 565 377
2005 1872 562 375
2005 1873 560 375
2005 1874 561 375
2005 1875 556 375
2005 1876 551 373
2005 1877 552 373
2005 1878 549 372
2005 1879 545 372
2005 1880 545 370
2005 1881 544 370
2005 1882 538 370
2005 1883 538 370
2005 1884 535 368
2005 1885 533 369
2005 1886 531 366
2005 1887 529 367
2005 1888 531 364
2066 1883 311 256
2066 1884 319 257
2066 1885 327 257
2066 1886 335 257
2066 1887 341 258
2066 1888 351 259
2066 1889 360 261
2066 1890 371 259
2066 1891 380 262
2066 1892 390 263
2066 1893 401 264
2066 1894 409 265
2066 1895 419 265
2066 1896 430 266
2066 1897 438 266
2066 1898 450 267
2066 1899 463 269
2066 1900 470 270
2066 1901 477 270
2066 1902 478 270
2066 1903 485 272
2300 1997 113 300
2300 1998 110 304
2300 1999 103 304
2300 2000 101 305
2300 2001 105 303
2300 2002 107 304
2300 2003 109 303
2300 2004 111 303
2300 2005 109 299
2300 2006 117 298
2300 2007 119 297
2300 2008 122 294
2300 2009 124 293
2300 2010 127 290
2300 2011 132 289
2300 2012 133 287
2300 2013 137 285
2300 2014 137 284
2300 2015 142 282
2300 2016 147 280
2300 2017 151 278
2300 2018 153 275
2300 2019 157 276
2300 2020 157 274
2300 2021 164 273
2300 2022 166 271
2300 2023 169 270
2300 2024 174 269
2300 2025 174 268
2300 2026 178 266
2300 2027 181 266
2300 2028 185 265
2300 2029 186 263
2300 2030 186 262
2300 2031 186 261
2300 2032 190 261
2300 2033 190 260
2300 2034 184 258
2469 2058 187 260
2469 2059 184 260
2469 2060 181 260
2469 2061 173 258
2469 2062 177 259
2469 2063 177 260
2469 2064 174 260
2469 2065 174 261
2469 2066 170 263
2469 2067 156 264
2469 2068 152 266
2469 2069 148 267
2469 2070 144 269
2469 2071 139 269
2469 2072 136 272
2469 2073 132 273
2469 2074 127 275
2469 2075 121 277
2469 2076 117 279
2469 2077 113 281
2469 2078 109 282
2469 2079 104 284
2469 2080 99 286
2469 2081 95 287
2469 2082 90 291
2469 2083 84 294
2469 2084 79 296
2469 2085 75 296
2469 2086 72 300
2469 2087 65 303
2469 2088 59 306
2469 2089 54 309
2469 2090 50 312
2469 2091 46 314
2469 2092 39 318
2469 2093 33 321
2469 2094 28 324
2469 2095 24 326
2469 2096 20 329
2469 2097 18 332
2469 2098 15 333
2469 2099 12 334
2469 2100 9 336
2469 2101 6 338
2469 2102 3 341
2596 2120 322 256
2596 2121 319 257
2596 2122 329 257
2596 2123 335 258
2596 2124 346 258
2596 2125 355 260
2596 2126 364 259
2596 2127 373 260
2596 2128 384 261
2596 2129 392 261
2596 2130 399 263
2596 2131 408 265
2596 2132 417 265
2596 2133 427 266
2596 2134 437 266
2596 2135 448 267
2596 2136 459 269
2596 2137 467 269
2596 2138 472 270
2596 2139 477 270
2596 2140 480 271
2596 2141 485 272
3164 2677 64 316
3164 2678 60 318
3164 2679 52 318
3164 2680 48 320
3164 2681 43 322
3164 2682 39 322
3164 2683 39 326
3164 2684 32 327
3164 2685 31 330
3164 2686 22 331
3164 2687 15 333
3164 2688 11 337
3164 2689 8 339
3164 2690 5 341
3164 2691 4 344
3179 2690 171 263
3179 2691 170 259
3179 2692 167 260
3179 2693 164 261
3179 2694 161 263
3179 2695 157 264
3179 2696 154 267
3179 2697 151 267
3179 2698 147 270
3179 2699 143 271
3179 2700 140 273
3179 2701 135 275
3179 2702 129 278
3179 2703 125 281
3179 2704 119 283
3179 2705 115 286
3179 2706 110 288
3179 2707 106 290
3179 2708 101 291
3179 2709 104 290
3189 2700 165 270
3189 2701 161 266
3189 2702 158 268
3189 2703 153 268
3189 2704 147 272
3189 2705 144 274
3189 2706 139 274
3189 2707 134 279
3189 2708 131 279
3189 2709 128 280
3189 2710 124 283
3189 2711 120 283
3189 2712 112 289
3189 2713 110 288
3189 2714 103 287
3189 2715 99 290
3189 2716 100 292
3189 2717 96 297
3189 2718 93 295
3189 2719 87 297
3189 2720 84 293
3189 2721 83 297
3189 2722 80 298
3189 2723 80 302
3189 2724 76 302
3189 2725 72 304
3189 2726 68 305
3189 2727 66 304
3189 2728 63 307
3189 2729 61 309
3189 2730 57 306
3189 2731 55 309
3189 2732 49 305
3189 2733 48 307
3189 2734 46 310
3189 2735 43 308
3189 2736 41 309
3262 2761 447 429
3262 2762 449 431
3262 2763 445 429
3262 2764 440 427
3262 2765 435 427
3262 2766 433 425
3262 2767 429 424
3262 2768 422 423
3262 2769 423 421
3262 2770 419 418
3262 2771 416 419
3262 2772 413 416
3262 2773 410 415
3262 2774 406 415
3262 2775 398 412
3262 2776 398 412
3262 2777 394 408
3262 2778 393 407
3262 2779 389 405
3262 2780 385 403
3262 2781 381 404
3262 2782 379 403
3262 2783 376 402
3262 2784 370 400
3262 2785 371 397
3262 2786 379 397
3602 3102 400 313
3602 3103 400 314
3602 3104 396 302
3602 3105 387 292
3602 3106 381 287
3602 3107 374 279
3602 3108 369 276
3602 3109 361 270
3620 3115 444 265
3620 3116 433 265
3620 3117 439 265
3620 3118 443 266
3620 3119 430 264
3620 3120 413 259
3620 3121 405 258
3620 3122 398 258
3620 3123 386 257
3620 3124 375 252
3620 3125 367 256
3620 3126 358 256
3620 3127 350 255
3620 3128 344 254
3620 3129 335 253
3620 3130 326 252
3620 3131 314 251
3620 3132 305 249
3620 3133 297 250
3620 3134 289 249
3620 3135 280 250
3620 3136 273 248
3620 3137 264 248
3620 3138 255 247
3620 3139 251 247
3620 3140 242 246
3620 3141 215 246
3923 3426 70 396
3923 3427 70 392
3923 3428 75 390
3923 3429 78 389
3923 3430 81 391
3923 3431 84 390
3923 3432 88 388
3923 3433 91 387
3923 3434 94 387
3923 3435 99 385
3923 3436 103 384
3923 3437 106 385
3923 3438 110 383
3923 3439 114 381
3923 3440 116 382
3923 3441 120 381
3923 3442 125 378
3923 3443 128 378
3923 3444 131 378
3923 3445 135 376
3923 3446 137 374
3923 3447 139 376
3923 3448 142 372
3923 3449 147 371
3923 3450 150 371
3923 3451 153 371
3923 3452 158 368
3923 3453 162 368
3923 3454 167 365
3923 3455 171 365
3923 3456 172 365
3923 3457 176 365
3923 3458 179 362
3923 3459 181 360
3923 3460 184 361
3923 3461 186 358
3923 3462 190 356
3923 3463 192 356
3923 3464 195 357
3923 3465 199 355
3923 3466 199 354
3923 3467 201 354
3923 3468 201 349
3946 3437 532 475
3946 3438 534 475
3946 3439 536 476
3946 3440 537 473
3946 3441 540 474
3946 3442 541 474
3946 3443 539 470
3946 3444 540 469
3946 3445 540 466
3946 3446 541 464
3946 3447 545 464
3946 3448 547 463
3946 3449 546 458
3946 3450 551 459
3946 3451 553 458
3946 3452 556 456
3946 3453 558 453
3946 3454 561 454
3946 3455 562 448
3946 3456 567 450
3946 3457 566 446
3946 3458 569 445
3946 3459 574 446
3946 3460 576 444
3946 3461 580 443
3946 3462 584 446
3946 3463 584 442
3946 3464 585 437
4066 3493 95 284
4066 3494 100 286
4066 3495 98 284
4066 3496 93 284
4066 3497 102 279
4066 3498 101 280
4066 3499 99 281
4066 3500 97 283
4066 3501 95 283
4066 3502 93 284
4066 3503 91 287
4066 3504 88 286
4066 3505 86 290
4066 3506 83 290
4066 3507 81 293
4066 3508 79 294
4066 3509 76 295
4066 3510 73 296
4066 3511 70 296
4066 3512 67 300
4066 3513 65 298
4066 3514 63 302
4066 3515 60 301
4066 3516 57 303
4066 3517 53 303
4066 3518 49 308
4066 3519 46 308
4066 3520 43 308
4066 3521 40 310
4066 3522 37 312
4066 3523 34 313
4066 3524 31 314
4066 3525 26 316
4066 3526 23 317
4066 3527 19 322
4066 3528 16 321
4066 3529 13 325
4066 3530 10 324
4066 3531 7 326
4066 3532 4 328
4082 3499 273 323
4082 3500 273 322
4082 3501 275 320
4082 3502 275 321
4082 3503 278 318
4082 3504 280 318
4082 3505 281 317
4082 3506 284 316
4082 3507 286 316
4082 3508 287 315
4082 3509 288 314
4082 3510 291 313
4082 3511 292 313
4082 3512 293 312
4082 3513 296 316
4082 3514 297 312
4082 3515 297 311
4082 3516 299 310
4082 3517 302 308
4082 3518 303 308
4082 3519 304 307
4082 3520 306 306
4082 3521 308 305
4082 3522 310 304
4082 3523 311 304
4082 3524 313 303
4082 3525 314 305
4082 3526 317 302
4082 3527 319 301
4082 3528 321 301
4082 3529 321 301
4082 3530 325 299
4082 3531 326 298
4082 3532 327 299
4082 3533 330 299
4082 3534 332 296
4082 3535 333 298
4082 3536 333 298
4082 3537 336 293
4082 3538 338 294
4082 3539 339 294
4082 3540 339 289
4082 3541 340 293
4082 3542 343 290
4164 3536 92 305
4164 3537 81 306
4164 3538 77 308
4164 3539 78 310
4164 3540 71 310
4164 3541 66 313
4164 3542 61 315
4164 3543 58 326
4164 3544 61 320
4164 3545 55 323
4164 3546 47 322
4164 3547 50 324
4164 3548 46 325
4164 3549 37 327
4164 3550 33 328
4164 3551 30 331
4164 3552 30 333
4164 3553 25 334
4671 4068 189 267
4671 4069 187 266
4671 4070 192 263
4671 4071 189 264
4671 4072 195 261
4671 4073 195 260
4671 4074 195 263
4671 4075 186 262
4671 4076 187 265
4671 4077 182 265
4671 4078 177 268
4671 4079 173 270
4671 4080 170 269
4671 4081 165 272
4671 4082 162 274
4671 4083 160 274
4671 4084 154 277
4671 4085 154 279
4671 4086 151 281
4671 4087 147 282
4671 4088 145 284
4671 4089 136 283
4671 4090 135 285
4671 4091 134 288
4671 4092 129 290
4671 4093 124 290
4671 4094 118 293
4671 4095 115 293
4671 4096 113 298
4671 4097 109 296
4680 4076 139 309
4680 4077 139 308
4680 4078 139 308
4680 4079 141 311
4680 4080 143 311
4680 4081 145 309
4680 4082 144 311
4680 4083 148 311
4680 4084 149 313
4680 4085 149 314
4680 4086 152 312
4680 4087 152 315
4680 4088 153 314
4680 4089 155 315
4680 4090 157 311
4680 4091 158 315
4680 4092 160 315
4680 4093 160 315
4680 4094 162 316
4680 4095 163 319
4680 4096 165 317
4680 4097 168 318
4680 4098 169 318
4680 4099 170 321
4680 4100 173 320
4680 4101 174 322
4680 4102 175 324
4680 4103 178 324
4680 4104 181 324
4680 4105 182 324
4680 4106 183 325
4680 4107 186 328
4680 4108 184 328
4680 4109 187 326
4680 4110 191 330
4680 4111 191 331
4680 4112 194 330
4680 4113 197 331
4680 4114 198 333
4680 4115 199 330
4680 4116 200 332
4680 4117 204 335
4680 4118 206 337
4680 4119 208 335
4680 4120 211 336
4680 4121 212 337
4680 4122 215 337
4680 4123 218 339
4680 4124 221 340
4680 4125 222 339
4680 4126 225 341
4680 4127 226 342
4680 4128 229 342
4680 4129 231 343
4680 4130 235 343
4680 4131 237 345
4680 4132 238 346
4680 4133 241 348
4680 4134 244 348
4680 4135 246 349
4680 4136 250 351
4680 4137 251 350
4680 4138 254 350
4680 4139 256 352
4680 4140 256 349
4705 4100 89 304
4705 4101 85 306
4705 4102 80 308
4705 4103 76 309
4705 4104 71 312
4705 4105 65 313
4705 4106 61 317
4705 4107 56 318
4705 4108 52 320
4705 4109 47 322
4705 4110 42 325
4705 4111 38 327
4705 4112 33 330
4705 4113 30 332
4728 4117 432 262
4728 4118 423 261
4728 4119 412 263
4728 4120 421 272
4728 4121 421 272
4728 4122 424 264
4728 4123 412 258
4728 4124 401 257
4728 4125 394 256
4728 4126 385 256
4728 4127 375 255
4728 4128 368 254
4728 4129 362 254
4728 4130 354 254
4728 4131 344 253
4748 4140 260 354
4748 4141 260 353
4748 4142 263 356
4748 4143 270 356
4748 4144 270 357
4748 4145 273 356
4748 4146 275 358
4748 4147 278 360
4748 4148 277 361
4748 4149 281 360
4748 4150 285 359
4748 4151 289 363
4748 4152 291 362
4748 4153 293 365
4748 4154 297 366
4748 4155 300 367
4748 4156 304 368
4748 4157 307 369
4748 4158 309 369
4748 4159 313 371
4748 4160 315 373
4748 4161 314 372
4748 4162 321 375
4748 4163 324 376
4748 4164 326 376
4748 4165 329 377
4748 4166 333 379
4748 4167 334 378
4748 4168 335 380
4748 4169 341 382
4748 4170 344 384
4748 4171 346 384
4748 4172 349 384
4748 4173 352 385
4748 4174 354 388
4748 4175 356 387
4748 4176 362 389
4748 4177 364 391
4748 4178 366 391
4748 4179 368 392
4748 4180 372 394
4748 4181 376 395
4748 4182 378 395
4748 4183 381 398
4748 4184 386 400
4748 4185 387 399
4748 4186 391 401
4748 4187 396 403
4748 4188 398 404
4748 4189 401 404
4748 4190 407 407
4748 4191 409 409
4748 4192 412 407
4748 4193 416 411
4748 4194 420 412
4748 4195 422 411
4748 4196 428 412
4748 4197 431 417
4748 4198 433 417
4748 4199 436 416
4748 4200 442 420
4748 4201 445 421
4748 4202 446 421
4748 4203 453 423
4748 4204 457 426
4748 4205 459 426
4748 4206 462 427
4748 4207 467 429
4748 4208 469 431
4748 4209 471 430
4748 4210 478 433
4748 4211 481 434
4748 4212 483 436
4748 4213 486 434
4748 4214 491 437
4748 4215 495 439
4748 4216 497 438
4748 4217 502 440
4748 4218 507 443
4748 4219 510 445
4748 4220 512 443
4748 4221 520 446
4748 4222 524 448
4748 4223 526 446
4748 4224 532 446
4748 4225 535 451
4748 4226 538 453
4748 4227 547 451
4748 4228 548 456
4748 4229 552 456
4748 4230 553 456
4748 4231 554 457
5507 4677 485 263
5507 4678 475 260
5507 4679 466 261
5507 4680 452 265
5507 4681 436 259
5507 4682 416 258
5507 4683 399 256
5507 4684 385 255
5507 4685 366 253
5507 4686 350 252
5507 4687 332 251
5507 4688 314 252
5659 4775 370 402
5659 4776 371 398
5659 4777 372 398
5659 4778 373 396
5659 4779 374 394
5659 4780 377 392
5659 4781 376 395
5659 4782 377 393
5659 4783 378 388
5659 4784 379 387
5659 4785 379 385
5659 4786 380 384
5659 4787 379 380
5659 4788 383 381
5659 4789 381 384
5659 4790 382 381
5659 4791 381 377
5659 4792 380 375
5659 4793 379 376
5659 4794 382 372
5659 4795 383 375
5659 4796 383 370
5659 4797 385 369
5659 4798 385 368
5659 4799 383 366
5659 4800 384 367
5659 4801 385 371
5659 4802 385 369
5659 4803 387 365
5659 4804 388 360
5659 4805 391 358
5659 4806 389 357
5659 4807 389 362
5659 4808 392 355
5659 4809 390 361
5659 4810 393 354
5659 4811 395 354
5659 4812 396 354
5659 4813 394 354
5659 4814 395 349
5659 4815 397 347
5659 4816 396 359
5659 4817 397 346
5659 4818 399 344
5659 4819 395 356
5659 4820 392 353
5659 4821 396 351
5747 4817 471 462
5747 4818 467 462
5747 4819 463 462
5747 4820 453 462
5747 4821 448 461
5747 4822 446 461
5747 4823 438 461
5747 4824 432 461
5747 4825 426 461
5747 4826 419 459
5747 4827 414 460
5747 4828 408 459
5747 4829 401 458
5747 4830 396 459
5747 4831 388 457
5747 4832 382 456
5747 4833 378 458
5747 4834 370 456
5747 4835 365 454
5747 4836 362 455
5747 4837 354 452
5747 4838 348 451
5747 4839 344 451
5747 4840 336 450
5747 4841 330 450
5747 4842 324 449
5747 4843 315 447
5747 4844 315 449
5747 4845 309 448
5747 4846 301 445
5747 4847 298 446
5747 4848 290 445
5747 4849 284 443
5747 4850 282 445
5747 4851 272 443
5747 4852 267 442
5747 4853 263 443
5747 4854 254 440
5747 4855 250 442
5747 4856 246 441
5747 4857 236 439
5747 4858 234 440
5747 4859 229 436
5747 4860 222 437
5747 4861 218 438
5747 4862 213 437
5747 4863 204 435
5747 4864 201 435
5747 4865 194 432
5747 4866 189 433
5747 4867 184 432
5747 4868 179 433
5747 4869 173 432
5747 4870 170 433
5747 4871 162 431
5747 4872 157 430
5747 4873 154 432
5747 4874 145 429
5747 4875 142 430
5747 4876 136 429
5747 4877 131 427
5747 4878 127 430
5747 4879 122 429
5747 4880 115 427
5747 4881 112 428
5747 4882 106 426
5747 4883 101 424
5747 4884 101 428
5747 4885 96 419
5900 4935 252 250
5900 4936 262 251
5900 4937 283 253
5900 4938 300 254
5900 4939 318 255
5900 4940 336 258
5900 4941 359 259
5900 4942 380 259
5900 4943 402 261
5900 4944 420 264
5900 4945 434 266
5900 4946 454 268
5900 4947 471 267
5900 4948 483 270
5956 4985 410 368
5956 4986 409 365
5956 4987 405 365
5956 4988 402 363
5956 4989 400 361
5956 4990 395 359
5956 4991 395 357
5956 4992 392 356
5956 4993 388 355
5956 4994 386 356
5956 4995 382 352
5956 4996 380 351
5956 4997 378 350
5956 4998 374 347
5956 4999 371 347
5956 5000 369 345
5956 5001 366 343
5956 5002 363 342
5956 5003 361 340
5956 5004 358 339
5956 5005 358 338
5956 5006 356 337
5956 5007 353 335
5956 5008 352 334
5956 5009 349 332
5956 5010 348 331
5956 5011 347 330
5956 5012 345 328
5956 5013 341 327
5956 5014 340 326
5956 5015 339 325
5956 5016 337 324
5956 5017 336 322
5956 5018 334 321
5956 5019 331 320
5956 5020 329 319
5956 5021 328 319
5956 5022 326 317
5956 5023 324 316
5956 5024 323 314
5956 5025 322 315
5956 5026 320 313
5956 5027 317 311
5956 5028 314 316
6010 5049 613 329
6010 5050 611 332
6010 5051 608 333
6010 5052 607 336
6010 5053 605 333
6010 5054 602 333
6010 5055 600 337
6010 5056 598 335
6010 5057 596 336
6010 5058 594 338
6010 5059 591 339
6010 5060 588 340
6010 5061 584 338
6010 5062 582 341
6010 5063 580 338
6010 5064 576 340
6010 5065 573 343
6010 5066 570 341
6010 5067 567 345
6010 5068 566 344
6010 5069 562 343
6010 5070 558 343
6010 5071 555 345
6010 5072 552 344
6010 5073 549 346
6010 5074 545 343
6010 5075 542 347
6010 5076 539 348
6010 5077 534 348
6010 5078 531 349
6010 5079 529 349
6010 5080 525 350
6010 5081 522 351
6010 5082 517 352
6010 5083 514 352
6010 5084 511 353
6010 5085 509 352
6010 5086 505 354
6010 5087 500 355
6010 5088 496 357
6010 5089 494 357
6010 5090 493 358
6010 5091 487 357
6010 5092 483 358
6010 5093 479 359
6010 5094 476 363
6010 5095 476 366
6079 5095 67 305
6079 5096 70 305
6079 5097 69 303
6079 5098 76 304
6079 5099 80 297
6079 5100 83 298
6079 5101 86 294
6079 5102 98 293
6079 5103 102 291
6079 5104 106 289
6079 5105 111 288
6079 5106 119 286
6079 5107 126 284
6079 5108 131 283
6079 5109 134 280
6079 5110 142 279
6079 5111 148 277
6079 5112 153 275
6079 5113 156 272
6079 5114 166 270
6079 5115 168 261
6079 5116 173 263
6079 5117 178 266
6079 5118 182 265
6079 5119 185 262
6079 5120 191 261
6079 5121 195 261
6079 5122 200 265
6079 5123 203 265
6124 5119 360 374
6124 5120 361 375
6124 5121 356 377
6124 5122 352 377
6124 5123 350 378
6124 5124 343 379
6124 5125 339 380
6124 5126 335 380
6124 5127 327 381
6124 5128 325 381
6124 5129 320 382
6124 5130 315 382
6124 5131 311 381
6124 5132 302 382
6124 5133 300 383
6124 5134 296 382
6124 5135 288 383
6124 5136 287 385
6124 5137 279 385
6124 5138 274 386
6124 5139 268 387
6124 5140 262 387
6124 5141 259 388
6124 5142 252 388
6124 5143 247 388
6124 5144 239 389
6124 5145 235 388
6124 5146 232 390
6124 5147 226 397
6124 5148 220 390
6124 5149 218 390
6124 5150 211 391
6124 5151 207 391
6124 5152 202 390
6124 5153 195 392
6124 5154 192 393
6124 5155 186 397
6124 5156 180 392
6124 5157 175 391
6124 5158 172 394
6124 5159 166 395
6124 5160 163 394
6124 5161 158 400
6124 5162 152 404
6124 5163 151 402
6213 5188 179 269
6213 5189 180 272
6213 5190 175 263
6213 5191 173 267
6213 5192 171 263
6213 5193 167 263
6213 5194 166 265
6213 5195 164 264
6213 5196 161 264
6213 5197 159 268
6213 5198 158 269
6213 5199 154 265
6213 5200 152 267
6213 5201 150 265
6213 5202 147 270
6213 5203 146 269
6213 5204 143 267
6213 5205 140 267
6213 5206 139 267
6213 5207 137 267
6213 5208 135 269
6213 5209 133 272
6213 5210 131 267
6213 5211 129 269
6213 5212 126 268
6213 5213 124 269
6213 5214 123 270
6213 5215 120 273
6213 5216 117 268
6213 5217 115 273
6213 5218 112 270
6213 5219 111 273
6213 5220 108 273
6213 5221 106 271
6213 5222 104 271
6213 5223 102 276
6213 5224 99 272
6213 5225 96 273
6213 5226 94 275
6213 5227 92 276
6213 5228 91 274
6213 5229 88 274
6213 5230 85 275
6213 5231 84 278
6213 5232 81 276
6213 5233 79 279
6213 5234 77 277
6213 5235 75 279
6213 5236 72 277
6213 5237 70 277
6213 5238 68 277
6213 5239 65 276
6213 5240 63 276
6213 5241 60 276
6213 5242 57 277
6213 5243 56 277
6213 5244 53 279
6213 5245 51 276
6213 5246 51 277
6213 5247 48 277
6213 5248 46 276
6213 5249 43 276
6213 5250 42 277
6243 5234 4 345
6243 5235 8 342
6243 5236 16 339
6243 5237 23 336
6243 5238 29 331
6243 5239 39 328
6243 5240 46 327
6243 5241 53 322
6243 5242 59 319
6243 5243 67 318
6243 5244 71 314
6243 5245 78 310
6243 5246 76 308
6243 5247 87 307
6243 5248 94 304
6243 5249 101 301
6243 5250 108 298
6243 5251 112 294
6243 5252 119 294
6243 5253 124 291
6243 5254 129 289
6243 5255 134 287
6243 5256 139 285
6243 5257 145 281
6243 5258 151 280
6243 5259 154 277
6243 5260 159 276
6243 5261 165 274
6243 5262 168 273
6243 5263 173 271
6243 5264 178 269
6243 5265 182 268
6243 5266 184 266
6243 5267 188 265
6243 5268 192 264
6243 5269 195 264
6243 5270 197 263
6243 5271 200 265
6330 5315 280 250
6330 5316 266 254
6330 5317 279 264
6330 5318 277 264
6330 5319 274 266
6330 5320 275 266
6330 5321 273 265
6330 5322 271 265
6330 5323 270 266
6330 5324 270 266
6330 5325 266 267
6330 5326 266 266
6330 5327 265 266
6330 5328 261 267
6330 5329 261 268
6330 5330 258 268
6330 5331 257 269
6330 5332 255 270
6330 5333 251 269
6330 5334 248 269
6330 5335 247 270
6330 5336 246 270
6330 5337 242 267
6330 5338 240 271
6330 5339 238 271
6330 5340 234 271
6330 5341 233 271
6330 5342 231 271
6330 5343 227 272
6330 5344 223 272
6330 5345 223 270
6330 5346 220 273
6330 5347 218 276
6330 5348 216 274
6330 5349 212 274
6330 5350 210 274
6330 5351 206 272
6330 5352 204 271
6330 5353 203 272
6330 5354 200 272
6330 5355 197 272
6330 5356 195 273
6330 5357 192 273
6330 5358 191 272
6330 5359 188 275
6330 5360 184 276
6330 5361 183 276
6330 5362 180 276
6330 5363 181 278
6444 5388 187 260
6444 5389 183 261
6444 5390 179 261
6444 5391 176 263
6444 5392 171 264
6444 5393 168 266
6444 5394 164 267
6444 5395 160 268
6444 5396 157 268
6444 5397 153 271
6444 5398 150 272
6444 5399 146 274
6444 5400 142 275
6444 5401 139 276
6444 5402 136 278
6444 5403 131 279
6444 5404 128 279
6444 5405 124 282
6444 5406 122 283
6444 5407 118 280
6444 5408 114 285
6444 5409 111 287
6444 5410 107 289
6444 5411 102 290
6444 5412 99 290
6444 5413 96 293
6444 5414 92 295
6444 5415 89 295
6444 5416 86 297
6444 5417 93 292
6612 5588 403 424
6612 5589 401 423
6612 5590 408 425
6612 5591 409 426
6612 5592 412 426
6612 5593 422 431
6612 5594 426 432
6612 5595 428 433
6612 5596 438 434
6612 5597 438 435
6612 5598 444 437
6612 5599 453 439
6612 5600 454 438
6612 5601 460 441
6612 5602 467 442
6612 5603 470 443
6612 5604 481 445
6612 5605 484 445
6612 5606 484 445
6665 5631 458 264
6665 5632 435 263
6665 5633 412 261
6665 5634 394 259
6665 5635 378 258
6665 5636 356 257
6665 5637 336 254
6665 5638 318 253
6685 5681 77 395
6685 5682 81 395
6685 5683 83 394
6685 5684 88 392
6685 5685 94 391
6685 5686 95 392
6685 5687 98 391
6685 5688 105 387
6685 5689 109 387
6685 5690 111 386
6685 5691 117 386
6685 5692 120 384
6685 5693 125 384
6685 5694 131 382
6685 5695 133 381
6685 5696 140 379
6685 5697 145 378
6685 5698 145 377
6685 5699 152 375
6685 5700 156 375
6685 5701 157 373
6685 5702 163 371
6685 5703 167 371
6685 5704 169 370
6685 5705 175 368
6685 5706 178 367
6685 5707 183 365
6685 5708 187 364
6685 5709 187 363
6693 5693 147 333
6693 5694 145 331
6693 5695 148 333
6693 5696 153 335
6693 5697 155 334
6693 5698 154 337
6693 5699 161 337
6693 5700 164 338
6693 5701 164 336
6693 5702 162 338
6693 5703 167 340
6693 5704 168 339
6693 5705 170 341
6693 5706 173 343
6693 5707 174 344
6693 5708 175 344
6693 5709 177 347
6693 5710 180 347
6693 5711 181 346
6693 5712 185 350
6693 5713 184 351
6693 5714 185 351
6693 5715 186 350
6693 5716 190 354
6693 5717 192 353
6693 5718 195 356
6693 5719 196 350
6693 5720 196 350
6693 5721 197 358
6693 5722 203 360
6693 5723 206 362
6693 5724 209 362
6693 5725 211 361
6693 5726 213 362
6693 5727 214 357
6693 5728 217 359
6693 5729 218 353
6693 5730 222 352
6696 5695 281 256
6696 5696 281 254
6696 5697 291 253
6696 5698 300 256
6696 5699 307 255
6696 5700 315 255
6696 5701 323 256
6696 5702 332 257
6696 5703 345 258
6696 5704 356 260
6696 5705 366 261
6696 5706 378 261
6696 5707 380 262
6696 5708 395 263
6696 5709 395 270
6696 5710 400 263
6711 5709 192 362
6711 5710 196 362
6711 5711 199 360
6711 5712 201 359
6711 5713 207 358
6711 5714 208 356
6711 5715 211 355
6711 5716 217 354
6711 5717 219 353
6711 5718 223 352
6711 5719 227 351
6711 5720 230 350
6711 5721 234 349
6711 5722 237 348
6711 5723 240 347
6711 5724 245 345
6711 5725 247 344
6711 5726 250 343
6711 5727 254 342
6711 5728 257 340
6711 5729 260 338
6711 5730 263 338
6711 5731 266 337
6711 5732 267 336
7323 6323 454 265
7323 6324 458 264
7323 6325 442 263
7323 6326 430 261
7323 6327 421 260
7323 6328 403 259
7323 6329 387 258
7323 6330 372 257
7323 6331 355 256
7323 6332 339 254
7323 6333 329 252
7323 6334 315 252
7323 6335 299 250
7323 6336 287 250
7323 6337 279 249
7602 6569 3 341
7602 6570 5 342
7602 6571 7 339
7602 6572 11 337
7602 6573 14 333
7602 6574 18 331
7602 6575 22 331
7602 6576 26 328
7602 6577 32 325
7602 6578 38 321
7602 6579 46 318
7602 6580 54 315
7602 6581 61 313
7602 6582 66 310
7602 6583 72 308
7602 6584 78 306
7602 6585 84 303
7602 6586 90 301
7602 6587 97 298
7602 6588 102 296
7602 6589 107 294
7602 6590 111 292
7602 6591 117 290
7602 6592 121 290
7602 6593 124 288
7602 6594 128 286
7602 6595 131 284
7602 6596 134 284
7602 6597 134 283
7602 6598 141 282
7602 6599 143 281
7602 6600 146 279
7602 6601 146 279
7602 6602 153 278
7602 6603 155 275
7602 6604 158 275
7602 6605 157 274
7602 6606 163 273
7602 6607 162 272
7602 6608 168 272
7602 6609 170 272
7602 6610 167 271
7602 6611 169 271
7602 6612 175 268
7602 6613 177 267
7602 6614 175 268
7602 6615 173 271
8223 6918 201 376
8223 6919 203 376
8223 6920 206 377
8223 6921 203 375
8223 6922 205 374
8223 6923 208 375
8223 6924 210 375
8223 6925 212 376
8223 6926 215 375
8223 6927 215 374
8223 6928 219 374
8223 6929 221 374
8223 6930 223 373
8223 6931 225 373
8223 6932 226 375
8223 6933 229 374
8223 6934 231 374
8223 6935 233 373
8223 6936 236 373
8223 6937 238 374
8223 6938 240 376
8223 6939 241 373
8223 6940 243 372
8223 6941 246 374
8223 6942 250 374
8223 6943 252 373
8223 6944 254 373
8223 6945 256 373
8223 6946 257 374
8223 6947 261 373
8223 6948 262 373
8223 6949 264 373
8223 6950 267 372
8223 6951 270 372
8223 6952 272 373
8223 6953 273 373
8223 6954 275 372
8223 6955 278 371
8223 6956 279 371
8223 6957 282 371
8223 6958 283 371
8223 6959 287 371
8223 6960 289 370
8223 6961 291 370
8223 6962 293 371
8223 6963 298 371
8223 6964 298 369
8223 6965 300 369
8223 6966 302 369
8223 6967 305 368
8223 6968 310 370
8223 6969 309 369
8223 6970 311 370
8223 6971 313 369
8223 6972 317 369
8223 6973 318 369
8223 6974 319 369
8223 6975 322 370
8223 6976 324 370
8223 6977 326 369
8223 6978 328 371
8223 6979 331 369
8223 6980 332 370
8223 6981 338 370
8223 6982 337 370
8223 6983 339 369
8223 6984 339 365
8893 7582 250 257
8893 7583 250 256
8893 7584 249 256
8893 7585 254 255
8893 7586 256 256
8893 7587 258 257
8893 7588 260 258
8893 7589 263 258
8893 7590 265 258
8893 7591 266 259
8893 7592 269 258
8893 7593 273 260
8893 7594 273 259
8893 7595 276 260
8893 7596 279 260
8893 7597 280 260
8893 7598 283 262
8893 7599 285 261
8893 7600 288 261
8893 7601 289 262
8893 7602 293 262
8893 7603 295 262
8893 7604 300 263
8893 7605 297 262
8893 7606 302 262
8893 7607 303 263
8893 7608 306 263
8893 7609 310 263
8893 7610 311 264
8893 7611 312 263
8893 7612 316 264
8893 7613 319 265
8893 7614 320 265
8893 7615 322 264
8893 7616 326 265
8893 7617 329 266
8893 7618 329 266
8893 7619 332 266
8893 7620 337 266
8893 7621 337 266
8893 7622 340 267
8893 7623 345 267
8893 7624 346 268
8893 7625 347 267
8893 7626 353 267
8893 7627 354 268
8893 7628 353 270
8893 7629 359 268
8893 7630 362 268
8893 7631 363 269
8893 7632 365 269
8893 7633 371 269
8893 7634 372 270
8893 7635 374 270
8893 7636 380 270
8893 7637 378 273
9175 7983 178 416
9175 7984 184 416
9175 7985 188 416
9175 7986 191 415
9175 7987 197 416
9175 7988 203 417
9175 7989 208 417
9175 7990 212 417
9175 7991 219 416
9175 7992 221 416
9175 7993 227 415
9175 7994 234 416
9175 7995 238 416
9175 7996 241 417
9175 7997 250 417
9175 7998 254 415
9175 7999 258 417
9175 8000 264 417
9175 8001 269 417
9175 8002 273 417
9175 8003 277 417
9175 8004 283 416
9175 8005 287 416
9175 8006 289 416
9175 8007 300 415
9175 8008 305 415
9175 8009 311 415
9175 8010 314 413
9175 8011 321 414
9175 8012 326 414
9175 8013 330 414
9175 8014 336 413
9175 8015 338 414
9175 8016 344 413
9175 8017 350 413
9175 8018 355 410
9175 8019 356 411
9175 8020 365 411
9175 8021 369 411
9175 8022 373 411
9175 8023 378 409
9175 8024 384 409
9175 8025 386 409
9175 8026 395 407
9175 8027 399 408
9175 8028 401 408
9175 8029 410 406
9175 8030 411 405
9175 8031 417 405
9175 8032 422 405
9175 8033 426 405
9175 8034 431 405
9175 8035 436 405
9175 8036 440 404
9175 8037 443 402
9175 8038 452 403
9263 8069 334 421
9263 8070 338 425
9263 8071 341 420
9263 8072 345 424
9263 8073 349 423
9263 8074 352 427
9263 8075 357 421
9263 8076 362 421
9263 8077 364 422
9263 8078 368 422
9263 8079 373 421
9263 8080 377 421
9263 8081 379 420
9263 8082 382 419
9263 8083 385 418
9263 8084 388 418
9263 8085 392 417
9263 8086 395 416
9263 8087 399 416
9263 8088 403 416
9263 8089 406 417
9263 8090 410 415
9263 8091 414 415
9263 8092 418 415
9263 8093 421 414
9263 8094 425 415
9263 8095 427 415
9263 8096 431 412
9263 8097 434 411
9263 8098 438 411
9263 8099 442 411
9263 8100 445 412
9263 8101 451 412
9263 8102 453 411
9263 8103 455 410
9263 8104 459 407
9263 8105 461 412
9263 8106 464 409
9263 8107 466 408
9263 8108 470 406
9263 8109 473 406
9263 8110 476 406
9263 8111 478 404
9263 8112 482 404
9263 8113 485 405
9263 8114 488 404
9263 8115 491 402
9263 8116 495 403
9263 8117 496 402
9263 8118 499 402
9263 8119 502 400
9263 8120 505 402
9263 8121 508 402
9263 8122 512 401
9263 8123 514 401
9263 8124 517 400
9263 8125 518 397
9263 8126 521 399
9263 8127 524 399
9263 8128 525 398
9263 8129 528 404
9263 8130 526 407
9393 8192 354 378
9393 8193 351 383
9393 8194 352 379
9393 8195 350 382
9393 8196 348 381
9393 8197 344 374
9393 8198 342 371
9393 8199 340 373
9393 8200 338 373
9393 8201 337 367
9393 8202 333 366
9393 8203 331 369
9393 8204 330 369
9393 8205 325 367
9393 8206 325 366
9393 8207 324 365
9393 8208 321 363
9393 8209 318 362
9393 8210 317 364
9393 8211 314 360
9393 8212 311 361
9393 8213 311 359
9393 8214 309 358
9393 8215 307 356
9393 8216 304 355
9393 8217 302 356
9393 8218 301 356
9393 8219 299 355
9393 8220 297 355
9393 8221 297 352
9393 8222 294 351
9393 8223 292 350
9393 8224 292 348
9393 8225 289 351
9393 8226 285 345
9393 8227 285 342
9393 8228 279 343
9393 8229 276 343
9393 8230 274 339
9393 8231 271 336
9393 8232 269 340
9393 8233 267 332
9393 8234 263 336
9393 8235 262 337
9393 8236 259 334
9393 8237 258 331
9393 8238 256 331
9393 8239 253 331
9393 8240 251 333
9393 8241 250 326
9393 8242 249 331
9393 8243 246 327
9393 8244 244 325
9393 8245 242 327
9393 8246 241 326
9531 8321 157 269
9531 8322 159 266
9531 8323 155 267
9531 8324 154 269
9531 8325 151 269
9531 8326 148 272
9531 8327 145 273
9531 8328 140 275
9531 8329 138 276
9531 8330 135 278
9531 8331 131 279
9531 8332 128 281
9531 8333 125 283
9531 8334 122 284
9531 8335 119 286
9531 8336 114 287
9531 8337 111 289
9531 8338 107 291
9531 8339 103 293
9531 8340 99 295
9531 8341 95 296
9531 8342 91 299
9531 8343 87 301
9531 8344 83 302
9531 8345 79 303
9531 8346 75 306
9531 8347 70 309
9531 8348 66 311
9531 8349 62 313
9531 8350 58 315
9531 8351 54 317
9531 8352 48 320
9531 8353 44 322
9531 8354 41 324
9531 8355 36 326
9531 8356 32 328
9531 8357 29 329
9531 8358 25 330
9531 8359 22 334
9531 8360 20 336
9531 8361 18 337
9531 8362 16 340
9531 8363 14 340
9531 8364 12 338
9531 8365 10 340
9531 8366 9 341
9531 8367 7 343
9531 8368 5 346
9531 8369 3 353
9600 8421 490 265
9600 8422 484 265
9600 8423 473 264
9600 8424 466 264
9600 8425 455 264
9600 8426 440 262
9600 8427 426 260
9600 8428 409 260
9600 8429 393 258
9600 8430 381 258
9600 8431 370 256
9600 8432 355 255
9600 8433 340 253
9600 8434 331 252
9600 8435 322 252
9600 8436 311 251
9600 8437 300 251
9600 8438 289 249
9600 8439 278 248
9600 8440 267 247
9600 8441 257 247
9600 8442 260 252
9639 8510 460 359
9639 8511 462 357
9639 8512 457 359
9639 8513 453 359
9639 8514 450 360
9639 8515 447 359
9639 8516 444 360
9639 8517 441 360
9639 8518 440 362
9639 8519 436 361
9639 8520 432 361
9639 8521 429 362
9639 8522 427 363
9639 8523 424 363
9639 8524 420 363
9639 8525 417 364
9639 8526 416 363
9639 8527 413 364
9639 8528 409 365
9639 8529 406 365
9639 8530 405 366
9639 8531 401 366
9639 8532 396 366
9639 8533 394 367
9639 8534 393 367
9639 8535 389 367
9639 8536 383 369
9639 8537 380 369
9639 8538 380 370
9639 8539 376 369
9639 8540 370 370
9639 8541 369 371
9639 8542 367 370
9639 8543 362 372
9639 8544 358 373
9639 8545 356 373
9639 8546 355 374
9667 8574 307 256
9667 8575 318 256
9667 8576 327 257
9667 8577 335 258
9667 8578 344 259
9667 8579 354 260
9667 8580 365 261
9667 8581 375 262
9667 8582 386 263
9667 8583 396 264
9667 8584 408 265
9667 8585 418 266
9667 8586 430 267
9667 8587 440 268
9679 8600 423 260
9679 8601 410 260
9679 8602 398 259
9679 8603 382 257
9679 8604 365 256
9679 8605 355 255
9679 8606 342 254
9679 8607 329 253
9679 8608 317 252
9679 8609 305 251
9679 8610 290 250
9679 8611 280 249
9679 8612 270 249
9679 8613 258 248
9679 8614 249 247
9679 8615 243 246
9878 8894 391 256
9878 8895 391 258
9878 8896 378 257
9878 8897 365 255
9878 8898 356 254
9878 8899 347 254
9878 8900 335 253
9878 8901 324 252
9878 8902 313 250
9878 8903 305 250
9878 8904 295 250
9878 8905 283 249
9878 8906 272 248
9878 8907 265 248
9878 8908 269 248
9878 8909 254 246
10074 9183 146 399
10074 9184 144 400
10074 9185 150 398
10074 9186 156 399
10074 9187 156 399
10074 9188 158 399
10074 9189 165 398
10074 9190 169 398
10074 9191 170 398
10074 9192 171 398
10074 9193 177 396
10074 9194 183 397
10074 9195 183 398
10074 9196 185 397
10074 9197 193 396
10074 9198 196 395
10074 9199 196 396
10074 9200 199 395
10074 9201 206 394
10074 9202 210 394
10074 9203 210 395
10074 9204 213 394
10074 9205 219 393
10074 9206 223 393
10074 9207 222 394
10074 9208 226 393
10074 9209 231 393
10074 9210 236 393
10074 9211 236 393
10074 9212 239 393
10074 9213 244 392
10074 9214 248 392
10074 9215 250 392
10074 9216 252 393
10074 9217 257 391
10074 9218 261 392
10074 9219 262 392
10074 9220 263 392
10074 9221 269 390
10074 9222 274 391
10074 9223 274 390
10074 9224 276 390
10074 9225 279 390
10074 9226 284 388
10074 9227 287 388
10074 9228 288 389
10074 9229 291 388
10074 9230 297 386
10074 9231 299 386
10074 9232 300 386
10074 9233 302 385
10074 9234 306 384
10074 9235 309 384
10074 9236 311 385
10074 9237 314 385
10074 9238 319 383
10074 9239 321 384
10074 9240 322 384
10074 9241 325 384
10074 9242 328 384
10074 9243 334 382
10074 9244 334 383
10074 9245 337 383
10074 9246 342 383
10074 9247 346 384
10074 9248 346 384
10074 9249 348 384
10074 9250 351 385
10676 10296 484 267
10676 10297 477 264
10676 10298 470 262
10676 10299 458 263
10676 10300 444 262
10676 10301 431 260
10676 10302 421 259
10676 10303 408 258
10676 10304 393 258
10676 10305 380 256
10676 10306 368 256
10676 10307 357 254
10676 10308 335 254
10676 10309 344 256
10676 10310 351 252
10676 10311 344 253
10676 10312 341 256
10955 10547 489 264
10955 10548 483 264
10955 10549 475 263
10955 10550 465 264
10955 10551 449 262
10955 10552 431 261
10955 10553 419 260
10955 10554 410 259
10955 10555 398 258
10955 10556 384 257
10955 10557 370 256
10955 10558 360 254
10955 10559 347 254
10955 10560 331 253
10955 10561 318 251
10955 10562 308 250
10955 10563 296 250
10955 10564 300 255
11214 10977 170 257
11214 10978 170 261
11214 10979 170 260
11214 10980 169 260
11214 10981 169 263
11214 10982 168 264
11214 10983 166 263
11214 10984 165 264
11214 10985 163 266
11214 10986 161 268
11214 10987 156 271
11214 10988 154 273
11214 10989 152 274
11214 10990 149 275
11214 10991 145 277
11214 10992 141 280
11214 10993 136 282
11214 10994 132 284
11214 10995 126 287
11214 10996 120 290
11214 10997 116 292
11214 10998 111 294
11214 10999 105 297
11214 11000 99 299
11214 11001 94 302
11214 11002 87 305
11214 11003 80 308
11214 11004 74 311
11214 11005 66 314
11214 11006 59 318
11214 11007 53 320
11214 11008 45 324
11214 11009 37 327
11214 11010 29 330
11214 11011 24 334
11214 11012 19 337
11214 11013 17 337
11214 11014 13 339
11214 11015 6 341
11214 11016 4 347
11398 11131 415 404
11398 11132 415 405
11398 11133 412 403
11398 11134 409 406
11398 11135 405 402
11398 11136 402 403
11398 11137 397 400
11398 11138 395 395
11398 11139 392 392
11398 11140 389 392
11398 11141 387 389
11398 11142 385 387
11398 11143 381 384
11398 11144 375 384
11398 11145 373 383
11398 11146 369 382
11398 11147 366 385
11398 11148 363 379
11398 11149 362 376
11398 11150 357 375
11398 11151 358 379
11415 11158 331 358
11415 11159 332 358
11415 11160 329 361
11415 11161 327 361
11415 11162 324 360
11415 11163 321 359
11415 11164 319 360
11415 11165 315 357
11415 11166 313 355
11415 11167 310 354
11415 11168 305 353
11415 11169 303 352
11415 11170 302 352
11415 11171 298 349
11415 11172 295 349
11415 11173 293 348
11415 11174 289 346
11415 11175 286 345
11415 11176 284 344
11415 11177 281 345
11415 11178 281 344
11415 11179 278 343
11415 11180 274 340
11415 11181 271 340
11415 11182 269 339
11415 11183 266 339
11415 11184 264 338
11415 11185 261 337
11415 11186 256 335
11415 11187 256 334
11415 11188 254 334
11415 11189 253 334
11415 11190 249 331
11415 11191 247 331
11415 11192 244 330
11415 11193 243 328
11415 11194 241 328
11415 11195 239 329
11415 11196 237 327
11415 11197 234 325
11415 11198 231 323
11415 11199 230 323
11415 11200 226 322
11415 11201 222 321
11415 11202 219 318
11415 11203 216 317
11415 11204 216 319
11713 11483 244 251
11713 11484 249 251
11713 11485 254 251
11713 11486 262 253
11713 11487 272 253
11713 11488 283 254
11713 11489 293 254
11713 11490 305 257
11713 11491 318 257
11713 11492 331 258
11713 11493 342 259
11713 11494 355 260
11713 11495 369 261
11713 11496 384 263
11713 11497 395 264
11713 11498 407 265
11713 11499 422 266
11713 11500 438 268
11713 11501 454 268
11854 11678 465 263
11854 11679 463 264
11854 11680 445 261
11854 11681 429 260
11854 11682 412 259
11854 11683 389 258
11854 11684 369 257
11854 11685 350 254
11854 11686 329 253
11854 11687 307 252
11854 11688 290 250
11854 11689 276 249
11854 11690 260 247
11854 11691 241 250
11892 11707 633 280
11892 11708 627 279
11892 11709 617 277
11892 11710 602 277
11892 11711 585 276
11892 11712 576 275
11892 11713 568 273
11892 11714 576 252
11892 11715 575 253