133 319 46 341
133 320 49 341
133 321 45 340
133 322 47 339
133 323 48 341
133 324 49 339
133 325 53 339
133 326 55 338
133 327 57 340
133 328 59 339
133 329 62 339
133 330 64 340
133 331 65 341
133 332 67 341
133 333 69 342
133 334 71 341
133 335 73 342
133 336 75 342
133 337 77 342
133 338 80 341
133 339 81 341
133 340 84 342
133 341 85 341
133 342 87 344
133 343 89 340
133 344 92 343
133 345 92 341
133 346 95 341
133 347 97 343
133 348 100 342
133 349 102 340
133 350 103 341
133 351 106 343
133 352 108 342
133 353 111 341
133 354 110 340
133 355 112 341
133 356 114 341
133 357 117 345
133 358 118 346
133 359 120 343
133 360 122 343
133 361 124 342
133 362 127 345
133 363 127 341
133 364 128 343
133 365 133 343
133 366 135 344
133 367 136 346
133 368 136 346
133 369 140 344
133 370 143 344
133 371 144 345
133 372 145 345
133 373 146 345
133 374 150 346
133 375 152 346
133 376 154 347
133 377 156 348
133 378 158 346
133 379 161 346
133 380 164 345
133 381 165 346
133 382 166 347
133 383 170 347
133 384 172 346
133 385 174 346
133 386 176 346
133 387 178 346
133 388 180 349
133 389 184 349
133 390 185 346
133 391 187 347
133 392 189 348
133 393 192 347
133 394 194 348
133 395 196 347
133 396 199 347
133 397 201 347
133 398 201 349
133 399 205 350
133 400 208 348
133 401 209 350
133 402 211 349
133 403 212 349
133 404 216 350
133 405 218 349
133 406 221 349
133 407 222 349
133 408 223 351
133 409 227 351
133 410 230 348
133 411 232 350
133 412 233 352
133 413 236 350
133 414 240 351
133 415 241 350
133 416 244 351
133 417 245 350
133 418 247 352
133 419 251 354
133 420 253 353
133 421 256 352
133 422 257 353
133 423 261 351
133 424 262 351
133 425 264 352
133 426 268 352
133 427 269 351
133 428 272 351
133 429 274 357
133 430 277 356
133 431 279 352
133 432 283 354
133 433 283 353
133 434 286 357
133 435 289 353
133 436 291 354
133 437 294 356
133 438 294 354
133 439 298 355
133 440 301 355
133 441 304 355
133 442 305 355
133 443 307 356
133 444 310 357
133 445 313 358
133 446 315 355
133 447 316 357
133 448 320 355
133 449 322 352
133 450 324 355
133 451 326 355
133 452 328 356
133 453 330 355
133 454 333 355
133 455 335 355
133 456 338 355
133 457 340 355
133 458 342 355
133 459 345 356
133 460 348 356
133 461 349 355
133 462 352 355
133 463 355 355
133 464 357 355
133 465 359 355
133 466 362 356
133 467 364 355
133 468 366 356
133 469 367 358
133 470 370 356
133 471 375 356
133 472 377 355
133 473 377 355
133 474 380 355
133 475 383 352
133 476 386 355
133 477 387 356
133 478 390 356
133 479 392 351
133 480 394 355
133 481 397 354
133 482 400 356
133 483 401 355
133 484 405 354
133 485 407 356
133 486 409 354
133 487 412 354
133 488 414 355
133 489 416 357
133 490 418 354
133 491 421 358
133 492 424 354
133 493 425 355
133 494 429 353
133 495 431 350
133 496 434 349
133 497 436 350
133 498 437 355
133 499 439 357
133 500 441 355
133 501 443 352
133 502 445 358
133 503 448 355
133 504 452 355
133 505 453 355
133 506 455 355
133 507 457 356
133 508 460 355
133 509 461 355
133 510 463 358
133 511 467 354
133 512 469 355
133 513 471 356
133 514 472 355
133 515 475 355
133 516 477 356
133 517 479 356
133 518 480 355
133 519 482 355
133 520 486 358
133 521 488 355
133 522 488 355
133 523 490 355
133 524 493 355
133 525 495 353
133 526 496 354
133 527 498 353
133 528 500 354
133 529 503 356
133 530 504 354
133 531 506 355
133 532 504 352
321 605 376 413
321 606 377 414
321 607 385 411
321 608 389 409
321 609 392 408
321 610 397 400
321 611 401 406
321 612 407 394
321 613 412 393
321 614 416 391
321 615 419 387
321 616 421 397
321 617 425 392
321 618 433 376
321 619 436 373
321 620 437 374
321 621 440 370
420 716 184 394
420 717 186 395
420 718 190 395
420 719 193 389
420 720 197 388
420 721 198 388
420 722 200 387
420 723 204 386
420 724 207 387
420 725 208 390
420 726 212 389
420 727 215 392
420 728 216 395
420 729 219 397
420 730 222 394
420 731 223 398
420 732 229 394
420 733 231 393
420 734 234 396
420 735 237 400
420 736 242 405
420 737 243 398
420 738 244 402
420 739 248 403
420 740 250 406
420 741 252 406
420 742 260 404
420 743 262 406
420 744 263 408
420 745 267 408
420 746 273 407
420 747 276 406
420 748 279 404
420 749 282 402
784 1471 205 350
784 1472 205 346
784 1473 203 349
784 1474 202 348
784 1475 201 349
784 1476 198 343
784 1477 197 347
784 1478 195 352
784 1479 194 351
784 1480 192 350
784 1481 190 350
784 1482 189 353
784 1483 186 355
784 1484 185 356
784 1485 182 351
784 1486 181 357
784 1487 180 361
784 1488 179 360
784 1489 178 362
784 1490 175 366
784 1491 174 366
784 1492 173 363
784 1493 171 363
784 1494 169 364
784 1495 168 364
784 1496 166 367
784 1497 166 371
784 1498 165 370
784 1499 163 375
784 1500 162 373
784 1501 160 375
784 1502 161 371
784 1503 157 375
784 1504 155 377
784 1505 154 379
784 1506 153 383
787 1479 176 347
787 1480 175 347
787 1481 173 345
787 1482 172 349
787 1483 170 349
787 1484 170 349
787 1485 171 357
787 1486 168 349
787 1487 164 353
787 1488 164 356
787 1489 163 354
787 1490 160 353
787 1491 160 358
787 1492 157 360
787 1493 156 361
787 1494 153 360
787 1495 152 361
787 1496 151 359
787 1497 149 361
787 1498 147 365
787 1499 147 367
787 1500 144 369
787 1501 142 373
787 1502 141 369
787 1503 140 370
787 1504 138 372
787 1505 136 374
787 1506 134 375
787 1507 133 370
787 1508 133 376
787 1509 134 380
787 1510 132 384
793 1508 153 382
793 1509 152 385
793 1510 148 384
793 1511 147 386
793 1512 145 386
793 1513 145 388
793 1514 142 389
793 1515 141 391
793 1516 142 392
793 1517 139 394
793 1518 134 394
793 1519 125 399
793 1520 129 399
793 1521 129 404
793 1522 126 404
793 1523 126 409
793 1524 123 405
793 1525 122 410
793 1526 117 411
793 1527 117 414
793 1528 119 414
793 1529 117 416
793 1530 113 416
793 1531 111 419
793 1532 109 419
793 1533 107 419
793 1534 108 423
793 1535 106 424
793 1536 101 427
793 1537 104 428
793 1538 99 428
793 1539 99 430
793 1540 98 433
806 1535 84 431
806 1536 83 430
806 1537 79 425
806 1538 77 421
806 1539 76 426
806 1540 78 426
806 1541 86 433
806 1542 93 435
806 1543 89 439
806 1544 87 439
806 1545 85 442
806 1546 83 442
806 1547 83 444
806 1548 77 449
806 1549 78 448
806 1550 76 454
806 1551 68 452
806 1552 66 452
806 1553 66 454
806 1554 67 459
806 1555 62 458
806 1556 60 461
806 1557 57 461
806 1558 56 463
806 1559 57 467
806 1560 57 464
967 1901 228 260
967 1902 231 261
967 1903 233 260
967 1904 234 259
967 1905 236 258
967 1906 237 258
967 1907 239 258
967 1908 241 257
967 1909 242 258
967 1910 244 259
967 1911 244 259
967 1912 247 258
967 1913 249 259
967 1914 251 259
967 1915 251 259
967 1916 253 260
967 1917 257 260
967 1918 257 260
967 1919 258 260
967 1920 261 261
967 1921 263 261
967 1922 265 261
967 1923 267 261
967 1924 267 262
967 1925 272 262
967 1926 271 262
967 1927 274 262
967 1928 275 262
967 1929 277 262
967 1930 277 262
967 1931 280 262
967 1932 282 262
967 1933 284 262
967 1934 285 263
967 1935 289 263
967 1936 290 263
967 1937 291 263
967 1938 294 262
967 1939 296 263
967 1940 298 263
967 1941 299 263
967 1942 300 264
967 1943 302 264
967 1944 305 264
967 1945 307 263
967 1946 309 263
967 1947 310 265
967 1948 312 264
967 1949 313 264
967 1950 316 264
967 1951 318 264
967 1952 321 264
967 1953 322 264
967 1954 324 265
967 1955 325 265
967 1956 326 264
967 1957 329 264
967 1958 331 266
967 1959 333 266
967 1960 333 265
967 1961 336 265
967 1962 338 266
967 1963 340 266
967 1964 341 265
967 1965 344 267
967 1966 346 267
967 1967 348 267
967 1968 349 267
967 1969 352 267
967 1970 353 270
967 1971 355 269
967 1972 357 268
967 1973 360 268
967 1974 360 268
967 1975 363 267
967 1976 366 268
1077 2091 71 300
1077 2092 64 313
1077 2093 55 318
1077 2094 47 322
1077 2095 37 327
1077 2096 27 332
1077 2097 20 333
1077 2098 27 334
1077 2099 25 335
1077 2100 21 336
1167 2505 142 468
1167 2506 143 470
1167 2507 148 470
1167 2508 153 470
1167 2509 155 470
1167 2510 159 469
1167 2511 163 469
1167 2512 167 469
1167 2513 171 469
1167 2514 174 468
1167 2515 178 468
1167 2516 183 468
1167 2517 186 468
1167 2518 191 468
1167 2519 194 467
1167 2520 198 467
1167 2521 205 467
1167 2522 206 467
1167 2523 213 467
1167 2524 216 467
1167 2525 218 467
1167 2526 222 466
1167 2527 227 465
1167 2528 232 466
1167 2529 238 465
1167 2530 241 465
1167 2531 243 464
1167 2532 247 465
1167 2533 251 464
1167 2534 256 462
1167 2535 258 462
1167 2536 263 463
1167 2537 268 459
1167 2538 271 460
1167 2539 276 460
1167 2540 277 462
1167 2541 282 459
1167 2542 288 459
1167 2543 292 459
1167 2544 294 460
1167 2545 299 457
1167 2546 304 458
1167 2547 307 459
1167 2548 309 458
1167 2549 316 455
1167 2550 320 457
1167 2551 324 457
1167 2552 328 454
1167 2553 331 454
1167 2554 336 455
1167 2555 339 455
1167 2556 343 453
1167 2557 347 450
1167 2558 350 453
1167 2559 353 452
1167 2560 356 453
1167 2561 362 450
1167 2562 365 450
1167 2563 367 450
1167 2564 370 451
1167 2565 375 447
1167 2566 379 449
1167 2567 379 448
1194 2567 385 447
1194 2568 385 445
1194 2569 390 445
1194 2570 393 445
1194 2571 395 445
1194 2572 400 443
1194 2573 404 442
1194 2574 408 444
1194 2575 412 441
1194 2576 414 441
1194 2577 417 441
1194 2578 421 441
1194 2579 424 442
1194 2580 428 440
1194 2581 432 438
1194 2582 435 438
1194 2583 438 439
1194 2584 441 438
1194 2585 445 437
1194 2586 448 437
1194 2587 451 437
1194 2588 455 436
1194 2589 458 434
1194 2590 461 436
1194 2591 465 436
1194 2592 468 434
1194 2593 471 434
1194 2594 475 434
1194 2595 478 434
1194 2596 481 432
1194 2597 485 431
1194 2598 487 431
1194 2599 490 431
1194 2600 493 431
1194 2601 497 430
1194 2602 500 430
1194 2603 503 431
1194 2604 506 430
1194 2605 510 428
1194 2606 514 428
1194 2607 515 428
1194 2608 518 428
1194 2609 522 427
1194 2610 524 427
1194 2611 527 427
1194 2612 530 426
1194 2613 534 426
1194 2614 538 425
1194 2615 540 424
1194 2616 542 425
1194 2617 546 424
1194 2618 548 424
1194 2619 550 424
1194 2620 553 422
1194 2621 557 423
1194 2622 560 421
1194 2623 562 422
1194 2624 565 421
1194 2625 568 420
1194 2626 570 421
1194 2627 571 421
1194 2628 574 419
1194 2629 578 419
1194 2630 581 418
1194 2631 583 419
1194 2632 586 417
1194 2633 588 416
1194 2634 591 417
1194 2635 592 417
1194 2636 595 416
1194 2637 599 416
1194 2638 601 415
1194 2639 604 415
1194 2640 605 415
1194 2641 608 414
1194 2642 610 414
1194 2643 611 414
1194 2644 614 412
1194 2645 618 412
1194 2646 621 411
1194 2647 623 412
1194 2648 625 410
1194 2649 628 410
1194 2650 630 410
1194 2651 633 410
1194 2652 635 409
1194 2653 635 409
1205 2597 377 473
1205 2598 377 470
1205 2599 373 470
1205 2600 368 470
1205 2601 364 469
1205 2602 360 470
1205 2603 356 470
1205 2604 351 470
1205 2605 348 469
1205 2606 345 469
1205 2607 341 470
1205 2608 336 470
1205 2609 332 469
1205 2610 328 469
1205 2611 325 469
1205 2612 319 469
1205 2613 316 468
1205 2614 312 468
1205 2615 309 468
1205 2616 304 469
1205 2617 299 468
1205 2618 295 468
1205 2619 292 468
1205 2620 287 468
1205 2621 283 467
1205 2622 279 467
1205 2623 277 467
1205 2624 272 467
1205 2625 268 468
1205 2626 262 467
1205 2627 259 467
1205 2628 255 467
1205 2629 251 468
1205 2630 247 467
1205 2631 244 467
1205 2632 240 467
1205 2633 236 468
1205 2634 230 468
1205 2635 226 468
1205 2636 223 468
1205 2637 219 468
1205 2638 214 469
1205 2639 210 468
1205 2640 207 468
1205 2641 204 468
1205 2642 200 469
1205 2643 196 469
1205 2644 191 468
1205 2645 187 468
1205 2646 183 468
1205 2647 178 468
1205 2648 175 468
1205 2649 171 468
1205 2650 167 468
1205 2651 163 468
1205 2652 158 469
1205 2653 155 468
1205 2654 151 468
1205 2655 148 468
1205 2656 143 468
1205 2657 139 468
1205 2658 135 468
1205 2659 131 469
1205 2660 128 469
1205 2661 124 469
1205 2662 119 468
1205 2663 117 469
1205 2664 114 469
1205 2665 109 468
1205 2666 106 468
1205 2667 103 469
1205 2668 99 469
1205 2669 96 470
1205 2670 92 470
1205 2671 89 470
1205 2672 86 471
1205 2673 84 473
1327 3114 595 449
1327 3115 593 447
1327 3116 590 447
1327 3117 588 444
1327 3118 586 443
1327 3119 583 442
1327 3120 580 440
1327 3121 577 436
1327 3122 576 434
1327 3123 573 437
1327 3124 571 435
1327 3125 568 434
1327 3126 566 433
1327 3127 563 431
1327 3128 560 427
1327 3129 559 429
1327 3130 552 423
1327 3131 549 423
1327 3132 546 422
1327 3133 545 420
1327 3134 542 419
1327 3135 540 418
1327 3136 537 416
1327 3137 533 410
1327 3138 533 413
1327 3139 530 411
1327 3140 529 409
1327 3141 527 407
1327 3142 524 403
1327 3143 520 402
1327 3144 518 400
1327 3145 517 398
1327 3146 515 397
1327 3147 513 394
1327 3148 511 394
1327 3149 510 391
1327 3150 509 390
1327 3151 506 392
1371 3177 469 358
1371 3178 467 357
1371 3179 465 358
1371 3180 462 356
1371 3181 461 355
1371 3182 459 357
1371 3183 456 354
1371 3184 455 352
1371 3185 454 351
1371 3186 453 351
1371 3187 448 350
1371 3188 445 348
1371 3189 446 348
1371 3190 442 350
1371 3191 439 347
1371 3192 437 346
1371 3193 434 347
1371 3194 432 345
1371 3195 431 346
1371 3196 426 345
1371 3197 425 342
1371 3198 424 340
1371 3199 422 342
1371 3200 420 339
1371 3201 418 341
1371 3202 416 338
1371 3203 415 335
1371 3204 413 334
1371 3205 413 334
1371 3206 412 333
1371 3207 410 332
1371 3208 409 337
1371 3209 408 331
1371 3210 408 330
1521 3534 85 468
1521 3535 85 468
1521 3536 92 462
1521 3537 95 458
1521 3538 102 459
1521 3539 108 453
1521 3540 112 450
1521 3541 117 446
1521 3542 122 443
1521 3543 127 438
1521 3544 133 438
1521 3545 137 434
1521 3546 142 434
1521 3547 146 431
1521 3548 152 427
1521 3549 154 424
1521 3550 158 422
1521 3551 161 418
1521 3552 164 414
1521 3553 168 414
1521 3554 171 409
1521 3555 176 411
1521 3556 175 405
1521 3557 180 407
1521 3558 184 404
1521 3559 187 400
1521 3560 189 398
1521 3561 194 393
1521 3562 196 393
1521 3563 197 396
1543 3562 112 291
1543 3563 107 296
1543 3564 107 295
1543 3565 110 292
1543 3566 114 291
1543 3567 114 291
1543 3568 116 288
1543 3569 124 288
1543 3570 123 285
1543 3571 128 284
1543 3572 132 283
1543 3573 134 281
1543 3574 137 279
1543 3575 139 279
1543 3576 141 279
1543 3577 144 276
1543 3578 146 274
1543 3579 151 273
1543 3580 152 272
1543 3581 154 271
1543 3582 157 271
1543 3583 159 269
1543 3584 161 269
1543 3585 162 266
1543 3586 163 268
1543 3587 168 264
1543 3588 168 264
1543 3589 168 265
1640 3933 237 248
1640 3934 247 249
1640 3935 251 249
1640 3936 263 251
1640 3937 275 252
1640 3938 285 253
1640 3939 296 251
1640 3940 307 255
1640 3941 319 256
1640 3942 330 257
1640 3943 343 258
1640 3944 356 259
1640 3945 371 261
1640 3946 382 261
1640 3947 393 263
1640 3948 407 265
1640 3949 420 266
1640 3950 431 266
1640 3951 445 268
1640 3952 460 269
1640 3953 469 269
1640 3954 474 270
1640 3955 481 272
1640 3956 488 279
1654 3962 197 246
1654 3963 205 248
1654 3964 215 248
1654 3965 224 248
1654 3966 234 250
1654 3967 245 250
1654 3968 255 252
1654 3969 265 251
1654 3970 275 251
1654 3971 286 253
1654 3972 299 255
1654 3973 308 256
1654 3974 318 257
1654 3975 330 257
1654 3976 342 259
1654 3977 352 259
1654 3978 362 260
1654 3979 373 261
1654 3980 386 262
1654 3981 396 263
1654 3982 405 264
1654 3983 415 265
1654 3984 424 266
1654 3985 436 267
1654 3986 447 267
1654 3987 457 268
1654 3988 466 269
1654 3989 473 270
1654 3990 477 270
1654 3991 484 270
1693 4033 487 265
1693 4034 487 260
1693 4035 480 258
1693 4036 467 258
1693 4037 455 256
1693 4038 445 255
1693 4039 434 255
1693 4040 424 253
1693 4041 407 257
1693 4042 395 257
1693 4043 408 257
1693 4044 403 258
1693 4045 397 265
1693 4046 390 271
1693 4047 393 256
1693 4048 384 250
1693 4049 376 250
1693 4050 374 258
1746 4078 180 261
1746 4079 182 256
1746 4080 180 257
1746 4081 174 259
1746 4082 171 260
1746 4083 170 261
1746 4084 168 262
1746 4085 164 264
1746 4086 160 264
1746 4087 158 267
1746 4088 154 269
1746 4089 150 269
1746 4090 151 271
1746 4091 146 274
1746 4092 142 275
1746 4093 139 277
1746 4094 136 279
1746 4095 131 281
1746 4096 128 284
1746 4097 124 286
1746 4098 119 288
1746 4099 120 291
1746 4100 112 294
1746 4101 103 297
1746 4102 97 299
1746 4103 94 302
1746 4104 86 305
1746 4105 79 308
1746 4106 73 312
1746 4107 67 315
1746 4108 58 318
1746 4109 50 320
1746 4110 43 326
1746 4111 38 325
1746 4112 28 333
1746 4113 21 336
1746 4114 16 341
1746 4115 13 339
1746 4116 11 346
1746 4117 3 344
1748 4080 200 260
1748 4081 198 262
1748 4082 198 261
1748 4083 195 254
1748 4084 191 252
1748 4085 188 256
1748 4086 184 255
1748 4087 179 255
1748 4088 176 260
1748 4089 172 260
1748 4090 169 260
1748 4091 165 263
1748 4092 162 265
1748 4093 159 265
1748 4094 155 268
1748 4095 152 268
1748 4096 148 272
1748 4097 144 275
1748 4098 140 275
1748 4099 136 275
1748 4100 132 283
1748 4101 127 284
1748 4102 123 284
1748 4103 118 289
1748 4104 112 294
1748 4105 106 297
1748 4106 101 298
1748 4107 95 302
1748 4108 89 306
1748 4109 82 307
1748 4110 75 311
1748 4111 69 315
1748 4112 61 315
1748 4113 53 322
1748 4114 48 318
1748 4115 38 324
1748 4116 32 326
1748 4117 24 329
1748 4118 18 332
1748 4119 12 336
1748 4120 9 345
1748 4121 4 346
1748 4122 3 357
2345 5470 176 441
2345 5471 175 444
2345 5472 173 445
2345 5473 173 441
2345 5474 173 437
2345 5475 170 437
2345 5476 168 439
2345 5477 167 440
2345 5478 167 440
2345 5479 163 440
2345 5480 163 442
2345 5481 160 441
2345 5482 159 441
2345 5483 155 441
2345 5484 153 442
2345 5485 153 445
2345 5486 149 443
2345 5487 147 446
2345 5488 142 445
2345 5489 145 449
2345 5490 142 449
2345 5491 138 450
2345 5492 135 451
2345 5493 135 452
2345 5494 132 454
2345 5495 126 452
2345 5496 129 456
2345 5497 126 459
2345 5498 126 460
2345 5499 122 462
2345 5500 120 465
2345 5501 118 469
2345 5502 119 471
2345 5503 117 475
2352 5489 207 308
2352 5490 206 310
2352 5491 205 312
2352 5492 205 310
2352 5493 203 310
2352 5494 203 311
2352 5495 203 313
2352 5496 201 315
2352 5497 202 313
2352 5498 200 315
2352 5499 201 315
2352 5500 198 316
2352 5501 196 316
2352 5502 196 318
2352 5503 195 318
2352 5504 195 321
2352 5505 195 318
2352 5506 193 320
2352 5507 193 320
2352 5508 191 322
2352 5509 190 321
2352 5510 189 323
2352 5511 189 324
2352 5512 187 324
2352 5513 187 325
2352 5514 186 326
2352 5515 185 327
2352 5516 184 330
2352 5517 183 331
2352 5518 180 329
2352 5519 181 331
2352 5520 179 333
2352 5521 178 333
2352 5522 177 332
2352 5523 175 333
2352 5524 174 335
2352 5525 172 338
2352 5526 171 337
2352 5527 171 337
2352 5528 170 338
2352 5529 170 339
2352 5530 168 337
2352 5531 167 342
2352 5532 165 343
2352 5533 164 344
2352 5534 163 343
2352 5535 162 345
2352 5536 162 352
2352 5537 160 348
2352 5538 160 348
2352 5539 158 346
2352 5540 157 351
2352 5541 157 353
2352 5542 155 350
2352 5543 154 353
2352 5544 153 353
2352 5545 152 355
2352 5546 151 356
2352 5547 150 357
2352 5548 149 358
2352 5549 148 363
2352 5550 147 360
2352 5551 145 360
2352 5552 145 362
2352 5553 144 365
2352 5554 143 365
2352 5555 142 367
2352 5556 141 367
2352 5557 141 372
2352 5558 139 372
2352 5559 137 371
2352 5560 136 372
2352 5561 135 375
2352 5562 134 376
2352 5563 134 375
2352 5564 132 376
2352 5565 132 377
2352 5566 130 380
2352 5567 128 381
2352 5568 127 382
2352 5569 124 382
2352 5570 124 385
2352 5571 123 386
2352 5572 122 388
2352 5573 120 388
2352 5574 119 391
2352 5575 117 391
2352 5576 115 391
2352 5577 113 393
2352 5578 111 392
2352 5579 110 397
2352 5580 109 396
2352 5581 108 397
2352 5582 106 399
2352 5583 105 403
2352 5584 102 403
2352 5585 100 402
2352 5586 99 403
2352 5587 98 407
2352 5588 97 408
2352 5589 96 407
2352 5590 96 409
2352 5591 94 412
2352 5592 92 411
2352 5593 89 413
2352 5594 89 415
2352 5595 88 417
2352 5596 87 418
2352 5597 87 419
2352 5598 87 422
2352 5599 85 425
2352 5600 84 424
2352 5601 82 424
2352 5602 81 428
2352 5603 80 429
2352 5604 79 430
2352 5605 79 432
2352 5606 77 432
2352 5607 77 435
2352 5608 75 437
2352 5609 74 438
2352 5610 72 440
2352 5611 70 440
2370 5586 487 267
2370 5587 480 266
2370 5588 471 265
2370 5589 462 264
2370 5590 448 263
2370 5591 435 261
2370 5592 421 260
2370 5593 415 260
2370 5594 401 259
2370 5595 386 258
2370 5596 376 257
2370 5597 369 255
2370 5598 353 254
2370 5599 343 253
2370 5600 333 253
2370 5601 322 251
2370 5602 310 250
2370 5603 319 257
2429 5943 263 251
2429 5944 273 252
2429 5945 281 253
2429 5946 289 254
2429 5947 299 255
2429 5948 308 256
2429 5949 317 257
2429 5950 328 257
2429 5951 339 258
2429 5952 348 258
2429 5953 358 261
2429 5954 369 261
2429 5955 382 263
2429 5956 391 263
2429 5957 402 264
2429 5958 414 265
2429 5959 427 267
2429 5960 437 267
2429 5961 447 268
2429 5962 461 269
2429 5963 469 270
2429 5964 473 271
2429 5965 480 271
2429 5966 487 268
2437 5983 159 257
2437 5984 157 253
2437 5985 159 255
2437 5986 161 255
2437 5987 161 258
2437 5988 160 260
2437 5989 160 261
2437 5990 159 262
2437 5991 157 264
2437 5992 155 265
2437 5993 154 267
2437 5994 152 269
2437 5995 152 270
2437 5996 149 273
2437 5997 147 274
2437 5998 145 276
2437 5999 143 278
2437 6000 139 281
2437 6001 136 282
2437 6002 133 285
2437 6003 130 286
2437 6004 125 288
2437 6005 121 292
2437 6006 117 294
2437 6007 113 296
2437 6008 106 300
2437 6009 101 303
2437 6010 98 303
2437 6011 93 306
2437 6012 87 309
2437 6013 78 314
2437 6014 70 318
2437 6015 67 319
2437 6016 62 322
2437 6017 55 325
2437 6018 47 329
2437 6019 41 332
2437 6020 34 335
2437 6021 27 339
2437 6022 23 343
2437 6023 20 344
2437 6024 17 346
2437 6025 13 347
2437 6026 9 350
2437 6027 6 354
2680 6297 225 293
2680 6298 226 289
2680 6299 227 286
2680 6300 228 289
2680 6301 230 286
2680 6302 232 285
2680 6303 233 287
2680 6304 234 286
2680 6305 239 287
2680 6306 239 288
2680 6307 242 288
2680 6308 240 285
2680 6309 244 285
2680 6310 246 285
2680 6311 249 286
2680 6312 250 286
2680 6313 252 286
2680 6314 255 285
2680 6315 257 286
2680 6316 258 285
2680 6317 260 285
2680 6318 262 284
2680 6319 264 284
2680 6320 268 285
2680 6321 269 284
2680 6322 269 283
2680 6323 271 284
2680 6324 271 283
2680 6325 274 284
2680 6326 277 284
2680 6327 279 283
2680 6328 283 283
2680 6329 283 283
2680 6330 282 282
2680 6331 285 282
2680 6332 289 283
2680 6333 289 282
2680 6334 290 282
2680 6335 294 281
2680 6336 297 282
2680 6337 298 281
2680 6338 300 281
2680 6339 305 281
2680 6340 308 281
2680 6341 311 282
2680 6342 314 282
2680 6343 319 281
2680 6344 322 280
2680 6345 326 280
2680 6346 329 280
2680 6347 333 280
2680 6348 337 280
2680 6349 338 280
2680 6350 339 283
2680 6351 346 280
2680 6352 348 280
2680 6353 349 280
2680 6354 354 283
2680 6355 355 283
2680 6356 357 283
2680 6357 368 279
2680 6358 364 282
3328 7261 115 475
3328 7262 115 475
3328 7263 119 473
3328 7264 124 475
3328 7265 127 474
3328 7266 129 474
3328 7267 135 474
3328 7268 139 473
3328 7269 142 473
3328 7270 146 472
3328 7271 150 473
3328 7272 155 472
3328 7273 159 472
3328 7274 163 473
3328 7275 167 472
3328 7276 171 472
3328 7277 175 472
3328 7278 177 470
3328 7279 181 471
3328 7280 185 472
3328 7281 189 471
3328 7282 194 471
3328 7283 198 469
3328 7284 201 471
3328 7285 205 471
3328 7286 208 470
3328 7287 213 469
3328 7288 216 469
3328 7289 220 469
3328 7290 225 469
3328 7291 229 468
3328 7292 232 468
3328 7293 236 468
3328 7294 240 468
3328 7295 244 467
3328 7296 248 467
3328 7297 252 467
3328 7298 255 466
3328 7299 259 464
3328 7300 263 466
3328 7301 268 466
3328 7302 270 464
3328 7303 276 463
3328 7304 279 463
3328 7305 284 464
3328 7306 285 464
3328 7307 291 462
3328 7308 296 459
3328 7309 302 460
3328 7310 310 460
3328 7311 314 460
3328 7312 319 458
3328 7313 320 459
3328 7314 324 457
3328 7315 328 456
3328 7316 333 457
3328 7317 334 457
3328 7318 337 456
3328 7319 343 453
3328 7320 345 452
3328 7321 349 452
3328 7322 351 452
3328 7323 353 451
3328 7324 360 450
3328 7325 362 450
3328 7326 365 450
3328 7327 370 449
3328 7328 372 447
3328 7329 375 447
3328 7330 377 447
3328 7331 383 446
3328 7332 387 442
3328 7333 390 445
3328 7334 392 444
3328 7335 396 444
3328 7336 401 443
3328 7337 403 442
3328 7338 407 442
3328 7339 408 441
3328 7340 413 440
3328 7341 416 438
3328 7342 419 439
3328 7343 421 439
3328 7344 424 439
3328 7345 428 438
3328 7346 432 437
3328 7347 435 437
3328 7348 439 436
3328 7349 441 432
3328 7350 445 434
3328 7351 448 434
3328 7352 451 434
3328 7353 456 435
3328 7354 457 432
3328 7355 460 431
3328 7356 463 431
3328 7357 466 428
3328 7358 470 426
3328 7359 472 428
3328 7360 474 428
3328 7361 479 425
3328 7362 481 425
3328 7363 483 426
3328 7364 487 425
3328 7365 489 424
3328 7366 493 422
3328 7367 495 424
3328 7368 498 423
3328 7369 498 424
3328 7370 504 422
3328 7371 507 422
3328 7372 510 421
3328 7373 513 421
3328 7374 516 417
3328 7375 519 417
3328 7376 521 419
3328 7377 523 419
3328 7378 527 417
3328 7379 529 417
3328 7380 531 417
3328 7381 534 417
3328 7382 538 416
3328 7383 540 414
3328 7384 542 411
3328 7385 544 410
3328 7386 547 413
3328 7387 550 411
3328 7388 552 412
3328 7389 553 411
3328 7390 556 410
3328 7391 558 410
3328 7392 560 407
3328 7393 563 409
3328 7394 562 412
3328 7395 562 417
3348 7289 55 475
3348 7290 58 474
3348 7291 61 473
3348 7292 64 473
3348 7293 67 472
3348 7294 70 471
3348 7295 73 470
3348 7296 76 469
3348 7297 78 468
3348 7298 82 467
3348 7299 84 466
3348 7300 86 465
3348 7301 90 465
3348 7302 92 464
3348 7303 94 460
3348 7304 98 459
3348 7305 101 461
3348 7306 108 465
3348 7307 108 458
3348 7308 111 449
3348 7309 115 450
3348 7310 122 446
3348 7311 124 445
3348 7312 128 442
3348 7313 131 441
3348 7314 133 440
3348 7315 136 439
3348 7316 138 441
3348 7317 141 435
3348 7318 143 437
3348 7319 146 433
3348 7320 149 429
3348 7321 152 428
3348 7322 154 427
3348 7323 156 426
3348 7324 159 427
3348 7325 161 423
3348 7326 163 422
3348 7327 166 420
3348 7328 168 418
3348 7329 170 419
3348 7330 172 416
3348 7331 175 418
3348 7332 177 411
3348 7333 180 415
3348 7334 182 409
3348 7335 185 408
3348 7336 186 407
3348 7337 189 405
3348 7338 190 402
3348 7339 192 404
3348 7340 194 403
3348 7341 197 402
3348 7342 199 399
3348 7343 201 398
3348 7344 202 396
3348 7345 204 394
3348 7346 206 393
3348 7347 208 394
3348 7348 209 394
3348 7349 211 393
3348 7350 214 387
3348 7351 215 386
3348 7352 216 386
3348 7353 217 384
3348 7354 219 383
3348 7355 220 386
3348 7356 223 381
3348 7357 225 383
3348 7358 226 377
3348 7359 227 378
3348 7360 229 377
3348 7361 230 374
3348 7362 230 373
3348 7363 232 372
3348 7364 233 370
3348 7365 234 369
3348 7366 236 368
3348 7367 237 367
3348 7368 238 367
3348 7369 238 360
3348 7370 238 364
3348 7371 240 362
3348 7372 242 362
3348 7373 242 363
3348 7374 244 356
3348 7375 245 361
3348 7376 246 356
3348 7377 246 351
3348 7378 246 355
3348 7379 246 355
3348 7380 248 351
3348 7381 250 352
3348 7382 250 353
3348 7383 252 351
3348 7384 252 348
3348 7385 253 348
3348 7386 254 346
3348 7387 255 345
3348 7388 255 343
3348 7389 257 341
3348 7390 258 345
3348 7391 259 339
3348 7392 260 341
3348 7393 260 340
3348 7394 261 338
3348 7395 262 336
3348 7396 262 340
3348 7397 264 336
3348 7398 264 336
3348 7399 266 334
3348 7400 266 333
3348 7401 267 331
3348 7402 268 331
3348 7403 267 332
3348 7404 269 327
3348 7405 269 329
3348 7406 271 327
3348 7407 271 328
3478 7653 267 298
3478 7654 266 303
3478 7655 266 302
3478 7656 264 305
3478 7657 263 301
3478 7658 262 302
3478 7659 261 308
3478 7660 260 308
3478 7661 258 302
3478 7662 257 307
3478 7663 256 306
3478 7664 254 306
3478 7665 253 307
3478 7666 252 308
3478 7667 251 308
3478 7668 250 313
3478 7669 247 314
3478 7670 245 311
3478 7671 245 314
3478 7672 244 315
3478 7673 243 315
3478 7674 242 312
3478 7675 240 316
3478 7676 238 318
3478 7677 237 318
3478 7678 234 316
3478 7679 233 319
3478 7680 231 321
3478 7681 229 318
3478 7682 228 320
3478 7683 226 322
3478 7684 225 323
3478 7685 223 323
3478 7686 220 320
3478 7687 219 325
3478 7688 218 326
3478 7689 216 324
3478 7690 215 327
3478 7691 213 328
3478 7692 210 329
3478 7693 209 331
3478 7694 205 331
3478 7695 203 336
3478 7696 202 332
3478 7697 200 333
3478 7698 196 330
3478 7699 194 332
3478 7700 193 335
3478 7701 192 336
3478 7702 189 336
3478 7703 186 335
3478 7704 185 339
3478 7705 186 344
3507 7739 107 375
3507 7740 106 369
3507 7741 100 368
3507 7742 95 367
3507 7743 92 371
3507 7744 91 371
3507 7745 89 370
3507 7746 85 371
3507 7747 83 371
3507 7748 80 373
3507 7749 77 373
3507 7750 72 374
3507 7751 70 377
3507 7752 72 377
3507 7753 66 375
3507 7754 63 376
3507 7755 62 377
3507 7756 59 377
3507 7757 56 377
3507 7758 52 379
3507 7759 49 377
3507 7760 48 384
3507 7761 46 383
3507 7762 43 380
3507 7763 40 380
3507 7764 35 377
3507 7765 34 382
3507 7766 30 377
3507 7767 28 382
3507 7768 26 385
3507 7769 22 386
3507 7770 19 380
3507 7771 16 385
3507 7772 13 382
3507 7773 10 383
3507 7774 8 387
3507 7775 6 386
3507 7776 5 387
3507 7777 4 392
3507 7778 3 400
3604 7974 275 252
3604 7975 286 253
3604 7976 294 254
3604 7977 303 255
3604 7978 315 256
3604 7979 327 257
3604 7980 343 258
3604 7981 366 260
3604 7982 381 261
3604 7983 395 262
3604 7984 409 264
3604 7985 421 266
3604 7986 431 266
3604 7987 437 271
3695 8094 331 393
3695 8095 335 392
3695 8096 330 394
3695 8097 333 395
3695 8098 332 394
3695 8099 329 397
3695 8100 328 398
3695 8101 327 396
3695 8102 325 401
3695 8103 323 398
3695 8104 324 400
3695 8105 320 399
3695 8106 318 399
3695 8107 317 401
3695 8108 315 402
3695 8109 313 402
3695 8110 312 401
3695 8111 309 401
3695 8112 309 402
3695 8113 307 403
3695 8114 305 406
3695 8115 303 405
3695 8116 303 407
3695 8117 301 408
3695 8118 298 409
3695 8119 296 410
3695 8120 295 411
3695 8121 293 410
3695 8122 291 413
3695 8123 288 412
3695 8124 287 413
3695 8125 284 411
3695 8126 283 413
3695 8127 280 415
3695 8128 278 415
3695 8129 275 414
3695 8130 274 415
3695 8131 270 414
3695 8132 268 417
3695 8133 267 417
3695 8134 266 418
3695 8135 262 419
3695 8136 260 423
3695 8137 258 421
3695 8138 256 423
3695 8139 255 424
3695 8140 251 424
3695 8141 250 424
3695 8142 248 427
3695 8143 248 426
3695 8144 244 428
3695 8145 243 427
3756 8145 238 430
3756 8146 241 431
3756 8147 239 429
3756 8148 238 429
3756 8149 237 431
3756 8150 233 429
3756 8151 234 435
3756 8152 233 432
3756 8153 229 432
3756 8154 227 435
3756 8155 225 437
3756 8156 225 440
3756 8157 223 438
3756 8158 220 439
3756 8159 217 440
3756 8160 214 437
3756 8161 213 440
3756 8162 213 441
3756 8163 210 441
3756 8164 207 444
3756 8165 206 443
3756 8166 204 444
3756 8167 201 448
3756 8168 200 446
3756 8169 198 447
3756 8170 192 445
3756 8171 193 445
3756 8172 190 450
3756 8173 188 450
3756 8174 186 448
3756 8175 184 449
3756 8176 181 451
3756 8177 180 453
3756 8178 176 452
3756 8179 174 451
3756 8180 171 453
3756 8181 168 453
3756 8182 166 454
3756 8183 165 457
3756 8184 161 455
3756 8185 159 450
3756 8186 154 446
3789 8161 263 256
3789 8162 273 256
3789 8163 286 258
3789 8164 300 255
3789 8165 311 256
3789 8166 322 257
3789 8167 337 258
3789 8168 351 259
3789 8169 363 258
3789 8170 374 260
3789 8171 391 261
3789 8172 406 263
3789 8173 419 265
3789 8174 432 265
3789 8175 446 267
3789 8176 462 268
3789 8177 470 269
3789 8178 478 269
3789 8179 483 270
3811 8174 175 474
3811 8175 180 473
3811 8176 184 472
3811 8177 188 472
3811 8178 191 471
3811 8179 194 471
3811 8180 197 470
3811 8181 203 470
3811 8182 204 470
3811 8183 209 469
3811 8184 212 468
3811 8185 214 468
3811 8186 218 467
3811 8187 223 466
3811 8188 229 466
3811 8189 231 466
3811 8190 233 465
3811 8191 236 465
3811 8192 239 464
3811 8193 243 463
3811 8194 247 463
3811 8195 250 462
3811 8196 253 462
3811 8197 259 457
3811 8198 262 460
3811 8199 264 459
3811 8200 266 460
3811 8201 270 456
3811 8202 275 454
3811 8203 276 455
3811 8204 282 454
3811 8205 284 455
3811 8206 290 454
3811 8207 294 451
3811 8208 295 452
3811 8209 298 449
3811 8210 303 450
3811 8211 308 447
3811 8212 310 448
3811 8213 313 447
3811 8214 319 446
3811 8215 323 443
3811 8216 325 444
3811 8217 328 445
3811 8218 331 443
3811 8219 334 443
3811 8220 340 442
3811 8221 344 442
3811 8222 344 443
3811 8223 350 442
3811 8224 355 440
3811 8225 359 440
3811 8226 360 440
3811 8227 364 441
3811 8228 369 439
3811 8229 373 438
3811 8230 374 439
3811 8231 377 440
3811 8232 383 438
3811 8233 386 435
3811 8234 389 435
3811 8235 391 436
3811 8236 395 435
3811 8237 399 433
3811 8238 404 435
3811 8239 405 433
3811 8240 408 431
3811 8241 410 432
3811 8242 416 429
3811 8243 418 429
3811 8244 422 432
3811 8245 423 430
3811 8246 430 428
3811 8247 433 428
3811 8248 434 427
3811 8249 437 427
3811 8250 441 428
3811 8251 445 425
3811 8252 448 425
3811 8253 450 424
3811 8254 452 426
3811 8255 455 425
3811 8256 461 424
3811 8257 464 424
3811 8258 466 424
3811 8259 469 423
3811 8260 474 421
3811 8261 477 420
3811 8262 479 421
3811 8263 482 421
3811 8264 486 419
3811 8265 489 419
3811 8266 491 418
3811 8267 492 420
3811 8268 496 418
3811 8269 500 414
3811 8270 502 415
3811 8271 504 414
3811 8272 507 414
3811 8273 511 412
3811 8274 511 411
3828 8185 161 461
3828 8186 157 458
3828 8187 153 458
3828 8188 152 457
3828 8189 149 458
3828 8190 148 463
3828 8191 144 460
3828 8192 142 459
3828 8193 138 460
3828 8194 137 462
3828 8195 135 462
3828 8196 132 463
3828 8197 129 463
3828 8198 127 463
3828 8199 125 466
3828 8200 121 465
3828 8201 118 467
3828 8202 116 468
3828 8203 114 468
3828 8204 112 470
3828 8205 109 471
3828 8206 106 470
3828 8207 103 470
3828 8208 102 471
3828 8209 99 471
3828 8210 96 472
3828 8211 92 474
3828 8212 91 474
3828 8213 90 475
3828 8214 86 475
3828 8215 84 475
3828 8216 79 470
3828 8217 77 473
4017 8338 376 468
4017 8339 376 473
4017 8340 379 470
4017 8341 380 468
4017 8342 384 467
4017 8343 386 466
4017 8344 386 464
4017 8345 388 463
4017 8346 397 465
4017 8347 396 463
4017 8348 400 460
4017 8349 402 459
4017 8350 402 458
4017 8351 402 458
4017 8352 401 455
4017 8353 407 451
4017 8354 407 457
4017 8355 409 449
4017 8356 409 447
4017 8357 408 445
4017 8358 411 440
4017 8359 411 440
4017 8360 413 443
4017 8361 415 436
4017 8362 418 440
4017 8363 419 432
4017 8364 418 429
4017 8365 417 426
4017 8366 416 425
4017 8367 417 427
4017 8368 419 425
4017 8369 412 427
4017 8370 411 428
4017 8371 414 424
4017 8372 409 424
4147 8371 602 451
4147 8372 602 447
4147 8373 599 446
4147 8374 596 446
4147 8375 596 444
4147 8376 592 445
4147 8377 590 439
4147 8378 587 441
4147 8379 587 440
4147 8380 583 438
4147 8381 579 439
4147 8382 576 438
4147 8383 576 436
4147 8384 573 435
4147 8385 570 434
4147 8386 568 435
4147 8387 566 435
4147 8388 563 432
4147 8389 559 431
4147 8390 556 431
4147 8391 556 429
4147 8392 554 427
4147 8393 551 427
4147 8394 549 427
4147 8395 547 426
4147 8396 545 425
4147 8397 548 423
5025 8677 208 257
5025 8678 212 257
5025 8679 211 257
5025 8680 212 257
5025 8681 215 260
5025 8682 218 257
5025 8683 218 258
5025 8684 220 258
5025 8685 222 258
5025 8686 225 257
5025 8687 227 259
5025 8688 228 261
5025 8689 231 257
5025 8690 233 259
5025 8691 234 260
5025 8692 236 258
5025 8693 238 260
5025 8694 241 257
5025 8695 242 259
5025 8696 243 260
5025 8697 245 259
5025 8698 248 259
5025 8699 250 259
5025 8700 250 262
5025 8701 254 260
5025 8702 257 259
5025 8703 258 260
5025 8704 259 260
5025 8705 261 260
5025 8706 265 260
5025 8707 266 260
5025 8708 267 263
5025 8709 269 260
5025 8710 274 260
5025 8711 274 260
5025 8712 276 262
5025 8713 279 262
5025 8714 282 261
5025 8715 283 264
5025 8716 284 262
5025 8717 287 262
5025 8718 290 261
5025 8719 291 262
5025 8720 292 265
5025 8721 295 263
5025 8722 298 262
5025 8723 299 263
5025 8724 300 265
5025 8725 302 264
5025 8726 305 263
5025 8727 307 262
5025 8728 308 265
5025 8729 310 263
5025 8730 315 266
5025 8731 315 264
5025 8732 316 266
5025 8733 318 263
5025 8734 323 264
5025 8735 324 264
5025 8736 325 265
5025 8737 330 267
5025 8738 332 265
5025 8739 335 264
5025 8740 340 266
5025 8741 344 268
5025 8742 344 266
5025 8743 346 268
5701 9704 440 263
5701 9705 437 262
5701 9706 428 261
5701 9707 417 259
5701 9708 406 259
5701 9709 395 258
5701 9710 386 256
5701 9711 377 257
5701 9712 367 256
5701 9713 356 255
5701 9714 349 255
5701 9715 338 254
5701 9716 327 253
5701 9717 319 250
5701 9718 313 251
5701 9719 303 249
5701 9720 296 248
5701 9721 286 248
5701 9722 278 248
5701 9723 269 247
5701 9724 261 246
5873 10050 495 334
5873 10051 493 335
5873 10052 493 342
5873 10053 494 343
5873 10054 495 349
5873 10055 495 350
5873 10056 496 351
5873 10057 500 348
5873 10058 501 348
5873 10059 500 353
5873 10060 502 348
5873 10061 501 350
5873 10062 505 350
5873 10063 505 350
5873 10064 504 355
5873 10065 506 356
5873 10066 508 354
5873 10067 510 358
5873 10068 511 353
5873 10069 513 358
5873 10070 513 359
5873 10071 514 359
5873 10072 516 360
5873 10073 516 361
5873 10074 518 361
5873 10075 520 363
5873 10076 523 366
5873 10077 524 363
5873 10078 526 366
5873 10079 526 363
5873 10080 528 366
5873 10081 531 362
5873 10082 531 366
5873 10083 532 367
5873 10084 536 367
5873 10085 538 370
5873 10086 539 365
5873 10087 540 367
5873 10088 541 365
5873 10089 545 361
5873 10090 547 365
6145 10241 459 264
6145 10242 456 264
6145 10243 447 264
6145 10244 436 262
6145 10245 425 261
6145 10246 416 261
6145 10247 408 260
6145 10248 398 259
6145 10249 388 258
6145 10250 381 257
6145 10251 373 257
6145 10252 362 256
6145 10253 355 257
6145 10254 347 255
6145 10255 340 255
6145 10256 332 254
6145 10257 323 253
6145 10258 317 254
6145 10259 311 254
6145 10260 310 253
6149 10255 487 267
6149 10256 480 266
6149 10257 475 264
6149 10258 473 263
6149 10259 467 263
6149 10260 454 262
6149 10261 443 261
6149 10262 434 260
6149 10263 425 259
6149 10264 413 259
6149 10265 405 258
6149 10266 395 258
6149 10267 384 257
6149 10268 367 254
6149 10269 365 254
6166 10301 124 277
6166 10302 125 281
6166 10303 122 283
6166 10304 122 284
6166 10305 118 285
6166 10306 116 287
6166 10307 112 289
6166 10308 108 290
6166 10309 105 293
6166 10310 101 294
6166 10311 98 296
6166 10312 93 298
6166 10313 89 301
6166 10314 86 302
6166 10315 82 304
6166 10316 78 306
6166 10317 72 309
6166 10318 68 310
6166 10319 66 312
6166 10320 61 314
6166 10321 54 317
6166 10322 51 319
6166 10323 48 321
6166 10324 54 317
6352 11200 487 266
6352 11201 484 265
6352 11202 476 264
6352 11203 470 264
6352 11204 456 263
6352 11205 444 262
6352 11206 433 260
6352 11207 419 259
6352 11208 405 258
6352 11209 393 258
6352 11210 381 256
6352 11211 369 255
6352 11212 355 254
6352 11213 344 252
6352 11214 332 252
6352 11215 328 251
6569 12078 373 294
6569 12079 373 292
6569 12080 372 292
6569 12081 371 292
6569 12082 368 293
6569 12083 368 293
6569 12084 367 294
6569 12085 365 294
6569 12086 363 293
6569 12087 361 293
6569 12088 360 294
6569 12089 359 293
6569 12090 357 293
6569 12091 354 294
6569 12092 354 294
6569 12093 352 293
6569 12094 351 294
6569 12095 347 293
6569 12096 346 293
6569 12097 344 293
6569 12098 343 292
6569 12099 341 293
6569 12100 338 292
6569 12101 335 291
6569 12102 335 293
6569 12103 331 293
6569 12104 329 293
6569 12105 329 292
6569 12106 326 290
6569 12107 325 292
6569 12108 323 293
6569 12109 323 293
6569 12110 320 291
6569 12111 316 292
6569 12112 317 292
6569 12113 315 292
6569 12114 316 291
6569 12115 312 290
6569 12116 309 290
6569 12117 308 291
6569 12118 307 291
6569 12119 306 290
6569 12120 301 290
6569 12121 300 291
6569 12122 300 291
6569 12123 299 290
6569 12124 296 290
6569 12125 294 290
6569 12126 292 291
6569 12127 292 291
6569 12128 290 291
6569 12129 287 290
6569 12130 286 289
6569 12131 285 290
6569 12132 283 290
6569 12133 281 289
6569 12134 279 289
6569 12135 278 289
6569 12136 276 290
6569 12137 275 290
6569 12138 272 291
6569 12139 271 290
6569 12140 272 289
6569 12141 268 289
6569 12142 266 288
6569 12143 264 290
6569 12144 263 290
6569 12145 262 290
6569 12146 256 289
6569 12147 255 288
6569 12148 252 288
6569 12149 250 288
6569 12150 249 288
6569 12151 247 289
6569 12152 246 285
6569 12153 243 288
6569 12154 242 287
6569 12155 242 288
6569 12156 239 287
6569 12157 236 287
6569 12158 236 286
6569 12159 235 287
6569 12160 233 287
6569 12161 234 284
6569 12162 231 284
6569 12163 229 285
6569 12164 227 283
6569 12165 227 284
6569 12166 224 284
6569 12167 223 287
6569 12168 221 284
6569 12169 219 285
6569 12170 219 285
6569 12171 217 285
6569 12172 216 285
6569 12173 214 284
6569 12174 213 285
6569 12175 211 285
6569 12176 211 283
6569 12177 210 285
6600 12167 163 253
6600 12168 164 255
6600 12169 164 253
6600 12170 164 254
6600 12171 164 256
6600 12172 163 256
6600 12173 163 259
6600 12174 163 260
6600 12175 161 261
6600 12176 161 261
6600 12177 161 263
6600 12178 159 264
6600 12179 156 266
6600 12180 154 267
6600 12181 153 267
6600 12182 151 266
6600 12183 147 267
6600 12184 145 269
6600 12185 143 270
6600 12186 139 272
6600 12187 140 274
6600 12188 136 276
6600 12189 131 278
6600 12190 128 279
6600 12191 127 281
6600 12192 124 283
6600 12193 117 285
6600 12194 117 286
6600 12195 112 288
6600 12196 109 290
6600 12197 106 293
6600 12198 101 294
6600 12199 92 298
6600 12200 93 297
6600 12201 88 300
6600 12202 97 292
6701 12312 233 347
6701 12313 233 347
6701 12314 216 344
6701 12315 192 338
6701 12316 167 334
6701 12317 150 327
6701 12318 125 323
6715 12401 173 475
6715 12402 176 473
6715 12403 182 470
6715 12404 193 467
6715 12405 205 464
6715 12406 210 462
6715 12407 218 456
6715 12408 225 453
6715 12409 233 444
6715 12410 240 439
6715 12411 246 434
6715 12412 249 427
6715 12413 255 423
6715 12414 260 418
6715 12415 262 412
6715 12416 264 405
6715 12417 267 403
6715 12418 269 401
6729 12445 232 448
6729 12446 234 447
6729 12447 236 445
6729 12448 240 447
6729 12449 243 444
6729 12450 245 443
6729 12451 247 442
6729 12452 248 441
6729 12453 251 439
6729 12454 252 438
6729 12455 255 436
6729 12456 256 435
6729 12457 260 435
6729 12458 262 433
6729 12459 263 432
6729 12460 265 431
6729 12461 269 431
6729 12462 270 427
6729 12463 271 425
6729 12464 273 426
6729 12465 275 427
6729 12466 278 427
6729 12467 280 423
6729 12468 283 422
6729 12469 286 420
6729 12470 288 419
6729 12471 289 419
6729 12472 291 417
6729 12473 294 417
6729 12474 296 415
6730 12447 297 476
6730 12448 300 474
6730 12449 308 473
6730 12450 315 472
6730 12451 325 470
6730 12452 331 469
6730 12453 338 468
6730 12454 346 466
6730 12455 355 464
6730 12456 363 460
6730 12457 370 460
6730 12458 382 457
6730 12459 387 453
6730 12460 397 450
6730 12461 404 450
6730 12462 416 443
6730 12463 421 443
6730 12464 429 438
6730 12465 439 438
6730 12466 447 433
6730 12467 453 433
6730 12468 463 427
6730 12469 471 427
6730 12470 478 422
6730 12471 487 420
6730 12472 490 421
6730 12473 498 416
6730 12474 503 413
6730 12475 503 411
6730 12476 508 411
6730 12477 509 408
6730 12478 510 405
6730 12479 513 400
6730 12480 512 406
6782 12481 339 434
6782 12482 340 432
6782 12483 341 431
6782 12484 343 431
6782 12485 346 427
6782 12486 348 428
6782 12487 350 426
6782 12488 353 424
6782 12489 354 424
6782 12490 358 423
6782 12491 358 422
6782 12492 360 420
6782 12493 363 419
6782 12494 365 419
6782 12495 367 418
6782 12496 368 417
6782 12497 371 415
6782 12498 373 415
6782 12499 374 415
6782 12500 376 412
6782 12501 377 413
6782 12502 378 408
6782 12503 380 409
6782 12504 381 413
6782 12505 384 411
6782 12506 385 411
6782 12507 389 410
6782 12508 392 409
6782 12509 393 411
6782 12510 393 408
6782 12511 398 407
6782 12512 399 408
6817 12500 514 396
6817 12501 511 394
6817 12502 513 393
6817 12503 513 394
6817 12504 511 393
6817 12505 510 392
6817 12506 504 398
6817 12507 505 393
6817 12508 508 391
6817 12509 506 389
6817 12510 506 391
6817 12511 503 391
6817 12512 501 390
6817 12513 501 384
6817 12514 500 389
6817 12515 499 390
6817 12516 497 388
6817 12517 496 388
6817 12518 495 387
6817 12519 494 386
6817 12520 492 386
6817 12521 492 386
6817 12522 488 386
6817 12523 488 385
6817 12524 487 383
6817 12525 485 383
6817 12526 482 381
6817 12527 481 381
6817 12528 480 381
6817 12529 477 379
6817 12530 475 379
6817 12531 473 378
6817 12532 471 378
6817 12533 467 377
6817 12534 466 377
6817 12535 465 377
6817 12536 461 374
6817 12537 458 375
6817 12538 456 375
6817 12539 454 372
6817 12540 450 373
6817 12541 448 374
6817 12542 448 374
6817 12543 445 373
6817 12544 444 372
6817 12545 442 371
6817 12546 443 366
6817 12547 438 366
6817 12548 443 371
6817 12549 444 369
6817 12550 444 368
6943 12630 143 314
6943 12631 145 309
6943 12632 145 308
6943 12633 142 309
6943 12634 138 308
6943 12635 138 309
6943 12636 137 310
6943 12637 135 310
6943 12638 132 309
6943 12639 130 309
6943 12640 130 311
6943 12641 127 309
6943 12642 125 306
6943 12643 123 310
6943 12644 122 310
6943 12645 120 310
6943 12646 117 308
6943 12647 117 310
6943 12648 116 309
6943 12649 115 310
6943 12650 113 310
6943 12651 111 310
6943 12652 110 310
6943 12653 108 311
6943 12654 106 311
6943 12655 103 311
6943 12656 103 314
6943 12657 101 314
6943 12658 101 312
6943 12659 99 312
6943 12660 98 312
6943 12661 96 315
6943 12662 94 315
6943 12663 92 315
6943 12664 91 317
6943 12665 91 319
6943 12666 87 319
6943 12667 86 318
6943 12668 85 319
6943 12669 83 316
6943 12670 81 321
6943 12671 77 319
6943 12672 77 320
6943 12673 75 320
6943 12674 72 322
6943 12675 70 322
6943 12676 71 319
6943 12677 70 319
6943 12678 69 323
6943 12679 68 325
6943 12680 66 321
6943 12681 63 322
6943 12682 62 325
6943 12683 62 327
6943 12684 60 326
6943 12685 55 323
6943 12686 55 324
6943 12687 53 329
6943 12688 52 327
6943 12689 50 325
6943 12690 48 325
6943 12691 47 326
6943 12692 45 329
6943 12693 45 331
6943 12694 41 327
6943 12695 40 327
6943 12696 39 330
6943 12697 39 332
6943 12698 35 331
6943 12699 35 332
6943 12700 32 329
6943 12701 30 330
6943 12702 29 335
6971 12778 130 254
6971 12779 129 256
6971 12780 129 253
6971 12781 126 253
6971 12782 122 255
6971 12783 121 255
6971 12784 119 256
6971 12785 116 257
6971 12786 114 256
6971 12787 113 259
6971 12788 108 258
6971 12789 104 260
6971 12790 100 262
6971 12791 96 261
6971 12792 93 261
6971 12793 92 263
6971 12794 89 263
6971 12795 83 263
6971 12796 82 265
6971 12797 80 268
6971 12798 74 266
6971 12799 74 271
6971 12800 69 271
6971 12801 66 269
6971 12802 61 273
6971 12803 57 271
6971 12804 53 274
6971 12805 47 272
6971 12806 44 276
6971 12807 41 277
6971 12808 36 279
6971 12809 34 283
6971 12810 23 280
6971 12811 21 281
6971 12812 17 283
7268 13256 410 467
7268 13257 407 459
7268 13258 407 457
7268 13259 406 457
7268 13260 402 456
7268 13261 401 456
7268 13262 398 459
7268 13263 395 459
7268 13264 394 460
7268 13265 389 460
7268 13266 385 460
7268 13267 384 463
7268 13268 381 463
7268 13269 374 461
7268 13270 371 462
7268 13271 371 463
7268 13272 368 463
7268 13273 367 463
7268 13274 363 463
7268 13275 362 464
7268 13276 358 465
7268 13277 353 465
7268 13278 348 465
7268 13279 345 467
7268 13280 343 467
7268 13281 343 467
7268 13282 338 467
7268 13283 336 468
7268 13284 332 469
7268 13285 328 469
7268 13286 327 471
7268 13287 323 471
7268 13288 317 471
7268 13289 314 471
7268 13290 309 471
7268 13291 307 472
7268 13292 305 472
7268 13293 305 474
7268 13294 300 475
7268 13295 298 475