3 1 577 378
3 2 573 380
3 3 565 381
3 4 563 383
3 5 560 384
3 6 558 384
3 7 557 383
3 8 550 386
3 9 551 387
3 10 548 389
3 11 545 389
3 12 540 391
3 13 539 389
3 14 534 391
3 15 530 392
3 16 528 393
3 17 526 391
3 18 525 394
3 19 519 394
3 20 517 396
3 21 513 396
3 22 510 399
3 23 508 398
3 24 506 399
3 25 503 398
3 26 501 401
3 27 498 405
3 28 492 405
3 29 491 406
3 30 489 409
3 31 486 406
3 32 484 407
3 33 483 410
3 34 477 411
3 35 473 415
3 36 473 415
3 37 469 416
3 38 468 417
3 39 466 417
3 40 463 418
3 41 460 421
3 42 454 423
3 43 451 423
3 44 451 422
3 45 447 427
3 46 446 425
3 47 442 428
3 48 439 431
3 49 434 433
3 50 431 434
3 51 429 436
3 52 427 437
3 53 423 440
3 54 423 438
3 55 417 444
3 56 413 444
3 57 413 445
3 58 406 446
3 59 405 451
3 60 402 451
3 61 399 451
3 62 395 453
3 63 391 458
3 64 387 458
3 65 383 459
3 66 383 457
3 67 378 461
3 68 374 462
3 69 370 463
3 70 366 463
3 71 362 464
3 72 359 465
3 73 355 466
3 74 352 467
3 75 347 468
3 76 343 469
3 77 337 470
3 78 332 471
3 79 328 471
3 80 323 471
3 81 321 473
3 82 316 475
3 83 310 475
3 84 303 476
9 7 376 251
9 8 367 251
9 9 360 258
9 10 351 257
9 11 342 257
9 12 333 255
9 13 325 254
9 14 319 254
9 15 309 253
9 16 299 252
9 17 290 252
9 18 284 249
9 19 277 250
9 20 265 249
9 21 257 248
9 22 251 248
9 23 245 247
9 24 240 246
123 143 248 249
123 144 249 249
123 145 258 251
123 146 268 251
123 147 279 253
123 148 291 254
123 149 302 254
123 150 315 256
123 151 327 257
123 152 339 258
123 153 353 259
123 154 366 260
123 155 379 262
123 156 393 263
123 157 407 263
123 158 425 266
123 159 439 267
123 160 448 266
123 161 464 267
123 162 471 267
123 163 477 270
123 164 485 271
283 285 225 323
283 286 228 323
283 287 230 322
283 288 232 322
283 289 235 322
283 290 237 321
283 291 239 320
283 292 242 320
283 293 245 321
283 294 246 318
283 295 250 325
283 296 249 329
283 297 252 331
283 298 254 330
283 299 258 327
283 300 260 328
283 301 261 324
283 302 266 327
283 303 268 326
283 304 269 326
283 305 269 327
283 306 272 325
283 307 276 325
283 308 278 324
283 309 280 322
283 310 281 323
283 311 284 320
283 312 285 322
283 313 286 320
283 314 285 322
283 315 290 319
283 316 293 321
283 317 294 321
283 318 296 318
283 319 298 317
283 320 300 315
283 321 301 318
283 322 302 317
283 323 306 315
283 324 308 314
283 325 309 315
283 326 310 313
283 327 312 309
283 328 315 312
283 329 312 313
710 619 487 270
710 620 486 263
710 621 480 262
710 622 473 262
710 623 462 261
710 624 453 260
710 625 444 259
710 626 435 258
710 627 433 257
710 628 420 257
710 629 413 256
710 630 403 255
710 631 394 253
710 632 384 254
911 807 364 263
911 808 359 262
911 809 371 261
911 810 381 263
911 811 391 262
911 812 404 265
911 813 421 266
911 814 433 266
911 815 439 268
911 816 450 267
911 817 462 269
911 818 468 270
911 819 474 270
911 820 479 271
911 821 484 272
911 822 489 277
1006 879 385 403
1006 880 383 399
1006 881 382 401
1006 882 378 400
1006 883 375 403
1006 884 374 402
1006 885 370 403
1006 886 367 403
1006 887 365 406
1006 888 362 404
1006 889 361 405
1006 890 355 407
1006 891 355 407
1006 892 350 407
1006 893 347 407
1006 894 343 407
1006 895 340 409
1006 896 338 411
1006 897 336 409
1006 898 334 410
1006 899 330 411
1006 900 326 413
1006 901 323 412
1006 902 321 412
1006 903 315 413
1006 904 314 415
1006 905 313 414
1006 906 310 414
1006 907 303 416
1006 908 302 415
1006 909 299 417
1006 910 294 416
1006 911 291 417
1006 912 288 419
1006 913 285 419
1006 914 280 420
1006 915 277 420
1006 916 273 421
1006 917 270 420
1006 918 267 421
1006 919 265 423
1006 920 262 422
1006 921 258 424
1006 922 252 424
1006 923 251 424
1006 924 248 424
1006 925 244 423
1006 926 242 425
1006 927 240 427
1006 928 237 426
1006 929 233 428
1006 930 227 431
1006 931 226 429
1006 932 224 429
1006 933 219 428
1006 934 215 431
1006 935 214 431
1006 936 214 431
1006 937 206 432
1006 938 206 434
1006 939 203 435
1006 940 200 436
1006 941 194 437
1006 942 192 439
1006 943 193 441
1006 944 190 440
1006 945 192 448
1054 935 244 247
1054 936 256 248
1054 937 267 249
1054 938 277 250
1054 939 290 251
1054 940 304 254
1054 941 317 255
1054 942 330 255
1054 943 343 257
1054 944 356 259
1054 945 371 260
1054 946 386 260
1054 947 402 263
1054 948 414 264
1054 949 427 266
1054 950 442 268
1054 951 457 268
1054 952 469 270
1054 953 475 271
1054 954 483 271
1224 1101 603 424
1224 1102 604 421
1224 1103 602 417
1224 1104 601 409
1224 1105 592 406
1224 1106 590 405
1224 1107 586 404
1224 1108 582 405
1224 1109 578 411
1224 1110 572 416
1224 1111 567 411
1224 1112 561 416
1224 1113 560 412
1224 1114 558 408
1224 1115 553 406
1224 1116 550 404
1224 1117 546 404
1224 1118 541 403
1224 1119 538 401
1224 1120 534 401
1224 1121 532 405
1237 1121 533 390
1237 1122 526 397
1237 1123 523 398
1237 1124 521 397
1237 1125 514 394
1237 1126 511 395
1237 1127 507 394
1237 1128 499 397
1237 1129 501 391
1237 1130 498 391
1237 1131 493 390
1237 1132 490 387
1237 1133 486 389
1237 1134 482 385
1237 1135 479 389
1237 1136 477 385
1237 1137 475 384
1237 1138 469 382
1237 1139 466 382
1237 1140 463 382
1237 1141 458 378
1237 1142 456 383
1237 1143 454 379
1237 1144 450 377
1237 1145 451 382
1258 1155 414 373
1258 1156 414 367
1258 1157 412 366
1258 1158 408 365
1258 1159 403 364
1258 1160 400 364
1258 1161 400 363
1258 1162 395 359
1258 1163 392 361
1258 1164 389 359
1258 1165 386 357
1258 1166 385 361
1258 1167 382 358
1258 1168 378 354
1258 1169 374 353
1258 1170 373 354
1258 1171 369 352
1258 1172 367 351
1258 1173 364 351
1258 1174 362 349
1258 1175 358 352
1258 1176 357 348
1258 1177 354 347
1258 1178 352 346
1258 1179 348 345
1258 1180 346 345
1258 1181 343 342
1258 1182 339 341
1258 1183 338 341
1258 1184 337 341
1258 1185 332 345
1258 1186 330 339
1258 1187 329 340
1258 1188 326 337
1258 1189 323 337
1258 1190 321 337
1258 1191 319 336
1258 1192 316 334
1258 1193 314 333
1258 1194 313 333
1258 1195 309 335
1258 1196 308 330
1258 1197 307 331
1258 1198 305 330
1258 1199 302 328
1258 1200 300 331
1258 1201 298 327
1258 1202 296 325
1258 1203 294 325
1258 1204 293 325
1258 1205 290 324
1258 1206 288 323
1258 1207 286 322
1258 1208 284 321
1258 1209 282 321
1258 1210 280 320
1258 1211 279 315
1258 1212 275 312
1284 1258 366 260
1284 1259 369 261
1284 1260 382 262
1284 1261 391 263
1284 1262 402 264
1284 1263 413 265
1284 1264 425 265
1284 1265 437 267
1284 1266 450 268
1284 1267 462 268
1284 1268 470 269
1284 1269 477 270
1284 1270 483 271
1284 1271 490 276
1430 1468 252 251
1430 1469 252 250
1430 1470 260 251
1430 1471 268 252
1430 1472 273 253
1430 1473 280 253
1430 1474 289 254
1430 1475 296 255
1430 1476 302 255
1430 1477 310 256
1430 1478 318 257
1430 1479 324 257
1430 1480 329 258
1430 1481 337 258
1430 1482 344 260
1430 1483 352 261
1430 1484 360 261
1430 1485 368 261
1430 1486 374 262
1430 1487 371 266
1441 1487 382 262
1441 1488 390 263
1441 1489 397 265
1441 1490 404 265
1441 1491 410 266
1441 1492 417 265
1441 1493 424 266
1441 1494 430 267
1441 1495 438 268
1441 1496 447 267
1441 1497 454 267
1441 1498 461 268
1441 1499 468 269
1441 1500 473 269
1441 1501 478 271
1441 1502 480 271
1441 1503 486 272
1441 1504 489 277
1492 1577 148 285
1492 1578 149 286
1492 1579 148 288
1492 1580 147 287
1492 1581 144 287
1492 1582 144 286
1492 1583 143 287
1492 1584 141 289
1492 1585 140 288
1492 1586 138 288
1492 1587 136 290
1492 1588 135 287
1492 1589 133 291
1492 1590 130 289
1492 1591 130 288
1492 1592 128 289
1492 1593 127 289
1492 1594 125 288
1492 1595 124 290
1492 1596 122 292
1492 1597 120 289
1492 1598 118 287
1492 1599 117 288
1492 1600 117 291
1492 1601 114 287
1492 1602 112 289
1492 1603 112 288
1492 1604 110 288
1492 1605 107 288
1492 1606 106 288
1492 1607 104 288
1492 1608 104 290
1492 1609 101 289
1492 1610 99 289
1492 1611 98 290
1492 1612 97 290
1492 1613 95 289
1492 1614 94 290
1492 1615 92 290
1492 1616 92 288
1492 1617 91 289
1492 1618 91 289
1492 1619 85 290
1492 1620 84 290
1492 1621 82 289
1492 1622 82 292
1492 1623 81 290
1492 1624 81 293
1492 1625 78 289
1492 1626 77 289
1492 1627 75 290
1492 1628 74 291
1492 1629 72 293
1492 1630 72 292
1492 1631 72 291
1492 1632 67 291
1492 1633 66 292
1492 1634 64 293
1492 1635 64 293
1492 1636 63 292
1492 1637 61 293
1492 1638 59 292
1492 1639 59 292
1492 1640 57 290
1492 1641 56 292
1492 1642 53 290
1492 1643 52 291
1492 1644 50 291
1492 1645 49 291
1492 1646 47 291
1492 1647 45 291
1492 1648 45 290
1492 1649 44 291
1492 1650 41 291
1492 1651 40 294
1492 1652 38 291
1492 1653 37 291
1492 1654 35 291
1492 1655 33 293
1492 1656 32 292
1492 1657 31 292
1492 1658 29 293
1492 1659 27 292
1492 1660 27 293
1492 1661 26 292
1492 1662 25 296
1492 1663 22 295
1492 1664 21 297
1492 1665 20 296
1492 1666 20 299
1560 1672 85 391
1560 1673 83 394
1560 1674 82 399
1560 1675 77 397
1560 1676 76 402
1560 1677 71 398
1560 1678 69 401
1560 1679 66 403
1560 1680 64 404
1560 1681 61 407
1560 1682 58 407
1560 1683 55 412
1560 1684 53 411
1560 1685 51 413
1560 1686 47 415
1560 1687 46 424
1560 1688 46 427
1560 1689 42 427
1560 1690 37 423
1560 1691 37 422
1562 1673 487 267
1562 1674 482 267
1562 1675 478 266
1562 1676 472 264
1562 1677 463 265
1562 1678 451 264
1562 1679 442 262
1562 1680 431 261
1562 1681 419 260
1562 1682 407 259
1562 1683 396 258
1562 1684 386 257
1562 1685 375 256
1562 1686 366 255
1562 1687 359 254
1575 1688 489 267
1575 1689 484 269
1575 1690 482 266
1575 1691 477 267
1575 1692 469 265
1575 1693 460 264
1575 1694 452 264
1575 1695 444 264
1575 1696 437 263
1575 1697 427 262
1575 1698 417 261
1575 1699 409 260
1575 1700 403 259
1575 1701 393 258
1575 1702 387 258
1575 1703 380 257
1575 1704 374 256
1575 1705 367 256
1575 1706 359 256
1575 1707 356 255
1575 1708 350 254
1575 1709 343 254
1575 1710 348 253
1615 1732 544 338
1615 1733 548 332
1615 1734 545 328
1615 1735 543 324
1615 1736 542 322
1615 1737 540 323
1615 1738 539 324
1615 1739 535 325
1615 1740 533 329
1615 1741 531 326
1615 1742 528 331
1615 1743 526 328
1615 1744 524 328
1615 1745 522 326
1615 1746 521 324
1615 1747 519 324
1615 1748 517 323
1615 1749 512 327
1615 1750 513 324
1615 1751 512 324
1615 1752 509 321
1615 1753 507 320
1615 1754 505 319
1615 1755 503 321
1615 1756 500 320
1615 1757 496 324
1615 1758 497 320
1615 1759 494 317
1615 1760 494 319
1615 1761 490 321
1615 1762 489 319
1615 1763 488 319
1615 1764 485 318
1615 1765 484 318
1615 1766 484 317
1615 1767 483 315
1615 1768 481 315
1615 1769 481 312
1615 1770 480 314
1615 1771 477 314
1615 1772 476 313
1615 1773 475 313
1615 1774 474 311
1615 1775 473 311
1615 1776 472 311
1615 1777 472 310
1615 1778 471 308
1615 1779 470 311
1668 1767 195 259
1668 1768 195 255
1668 1769 191 257
1668 1770 188 258
1668 1771 184 259
1668 1772 181 261
1668 1773 177 262
1668 1774 174 265
1668 1775 170 267
1668 1776 166 268
1668 1777 161 271
1668 1778 156 274
1668 1779 150 276
1668 1780 146 277
1668 1781 142 280
1668 1782 136 283
1668 1783 130 285
1668 1784 125 288
1668 1785 117 292
1668 1786 112 294
1668 1787 107 296
1668 1788 96 300
1668 1789 89 303
1668 1790 83 307
1668 1791 76 310
1668 1792 68 312
1668 1793 60 316
1668 1794 50 321
1668 1795 40 326
1668 1796 32 329
1668 1797 26 333
1668 1798 21 336
1668 1799 18 337
1668 1800 14 338
1668 1801 9 342
1700 1796 247 251
1700 1797 247 250
1700 1798 255 251
1700 1799 263 252
1700 1800 273 253
1700 1801 285 254
1700 1802 296 255
1700 1803 303 255
1700 1804 312 257
1700 1805 323 257
1700 1806 333 258
1700 1807 342 258
1700 1808 353 260
1700 1809 364 261
1700 1810 374 262
1700 1811 377 261
1813 1941 481 267
1813 1942 477 265
1813 1943 472 265
1813 1944 464 265
1813 1945 455 265
1813 1946 446 263
1813 1947 436 262
1813 1948 426 261
1813 1949 414 259
1813 1950 406 259
1813 1951 395 258
1813 1952 382 258
1813 1953 372 256
1813 1954 363 256
1813 1955 354 256
1813 1956 358 255
2144 2312 261 252
2144 2313 273 254
2144 2314 290 253
2144 2315 290 253
2144 2316 296 253
2144 2317 319 257
2144 2318 330 258
2144 2319 343 260
2144 2320 359 260
2144 2321 375 261
2144 2322 388 263
2144 2323 403 265
2144 2324 417 266
2144 2325 432 266
2144 2326 428 266
2277 2483 191 246
2277 2484 204 247
2277 2485 216 248
2277 2486 222 249
2277 2487 230 249
2277 2488 241 251
2277 2489 252 251
2277 2490 262 252
2277 2491 274 253
2277 2492 287 254
2277 2493 299 255
2277 2494 314 257
2277 2495 320 262
2292 2499 240 249
2292 2500 247 250
2292 2501 264 252
2292 2502 272 253
2292 2503 278 254
2292 2504 288 255
2292 2505 301 256
2292 2506 313 257
2292 2507 326 258
2292 2508 339 259
2292 2509 352 260
2292 2510 365 261
2292 2511 379 263
2292 2512 390 263
2292 2513 401 265
2292 2514 418 267
2292 2515 431 267
2292 2516 443 268
2292 2517 457 270
2292 2518 468 271
2292 2519 474 272
2292 2520 482 273
2589 2710 310 256
2589 2711 323 257
2589 2712 339 258
2589 2713 354 259
2589 2714 370 262
2589 2715 387 263
2589 2716 403 265
2589 2717 420 266
2589 2718 437 266
2589 2719 454 269
2589 2720 467 269
2589 2721 476 271
2589 2722 481 272
2589 2723 490 276
2812 2875 324 307
2812 2876 325 307
2812 2877 328 309
2812 2878 331 308
2812 2879 332 309
2812 2880 335 308
2812 2881 337 310
2812 2882 340 310
2812 2883 341 310
2812 2884 343 310
2812 2885 346 312
2812 2886 348 312
2812 2887 353 312
2812 2888 352 311
2812 2889 355 312
2812 2890 357 312
2812 2891 360 312
2812 2892 365 313
2812 2893 366 314
2812 2894 368 314
2812 2895 370 314
2812 2896 373 315
2812 2897 374 317
2812 2898 378 316
2812 2899 380 316
2812 2900 383 317
2812 2901 385 318
2812 2902 388 317
2812 2903 391 318
2812 2904 393 317
2812 2905 396 320
2812 2906 400 321
2812 2907 403 321
2812 2908 406 322
2812 2909 414 322
2812 2910 414 323
2812 2911 418 323
2856 2916 225 251
2856 2917 236 249
2856 2918 245 251
2856 2919 247 251
2856 2920 258 252
2856 2921 269 252
2856 2922 278 253
2856 2923 288 254
2856 2924 303 256
2856 2925 316 257
2856 2926 327 257
2856 2927 338 258
2856 2928 353 259
2856 2929 363 260
2944 2983 96 302
2944 2984 91 297
2944 2985 90 301
2944 2986 82 300
2944 2987 79 303
2944 2988 76 306
2944 2989 72 306
2944 2990 67 306
2944 2991 64 307
2944 2992 60 310
2944 2993 56 312
2944 2994 56 313
2944 2995 51 314
2944 2996 47 316
2944 2997 44 317
2944 2998 40 318
2944 2999 36 320
2944 3000 33 322
2944 3001 28 324
2944 3002 24 326
2944 3003 19 328
2944 3004 15 330
2944 3005 11 331
2944 3006 9 334
2944 3007 7 336
2944 3008 4 340
3193 3506 249 252
3193 3507 248 251
3193 3508 259 251
3193 3509 269 251
3193 3510 270 251
3193 3511 273 252
3193 3512 295 256
3193 3513 302 256
3193 3514 311 257
3193 3515 320 257
3193 3516 330 258
3193 3517 339 260
3193 3518 349 261
3193 3519 359 262
3193 3520 369 262
3193 3521 377 264
3193 3522 384 270
3278 3591 440 418
3278 3592 438 424
3278 3593 432 426
3278 3594 425 431
3278 3595 418 431
3278 3596 413 431
3278 3597 406 431
3278 3598 400 431
3278 3599 396 432
3278 3600 385 432
3278 3601 382 432
3278 3602 375 432
3278 3603 369 432
3278 3604 363 433
3278 3605 353 432
3278 3606 349 432
3278 3607 340 432
3278 3608 334 432
3278 3609 330 433
3278 3610 324 432
3278 3611 318 432
3278 3612 312 432
3278 3613 304 432
3278 3614 300 433
3278 3615 288 432
3278 3616 284 432
3278 3617 281 432
3278 3618 273 432
3278 3619 270 432
3322 3623 244 423
3322 3624 240 431
3322 3625 235 432
3322 3626 225 431
3322 3627 221 431
3322 3628 221 431
3322 3629 214 425
3322 3630 209 430
3322 3631 206 431
3322 3632 201 430
3322 3633 193 430
3322 3634 188 430
3322 3635 187 429
3322 3636 180 429
3322 3637 175 429
3322 3638 173 429
3322 3639 166 428
3322 3640 160 428
3322 3641 158 428
3322 3642 152 422
3322 3643 149 426
3322 3644 144 426
3322 3645 140 426
3322 3646 133 426
3322 3647 129 426
3322 3648 128 424
3322 3649 120 423
3322 3650 117 423
3322 3651 115 424
3322 3652 108 423
3322 3653 102 420
3322 3654 100 423
3322 3655 96 422
3322 3656 92 422
3322 3657 87 422
3322 3658 80 417
3322 3659 76 419
3322 3660 74 420
3322 3661 72 419
3322 3662 66 413
3322 3663 64 417
3322 3664 57 412
3322 3665 51 411
3322 3666 49 411
3322 3667 48 416
3322 3668 42 413
3322 3669 39 411
3322 3670 38 413
3322 3671 33 411
3322 3672 27 407
3322 3673 28 412
3322 3674 24 411
3322 3675 24 418
3396 3701 294 256
3396 3702 300 257
3396 3703 308 257
3396 3704 315 257
3396 3705 323 259
3396 3706 333 260
3396 3707 341 260
3396 3708 348 262
3396 3709 357 262
3396 3710 364 263
3396 3711 371 263
3396 3712 379 263
3396 3713 388 265
3396 3714 393 265
3396 3715 400 265
3396 3716 407 265
3396 3717 412 267
3396 3718 418 266
3396 3719 423 267
3396 3720 427 268
3396 3721 437 265
3396 3722 436 267
3396 3723 434 264
3396 3724 444 266
3396 3725 441 265
3396 3726 451 269
3396 3727 453 270
3396 3728 444 274
3396 3729 436 275
3459 3767 158 246
3459 3768 161 247
3459 3769 163 248
3459 3770 164 249
3459 3771 166 249
3459 3772 169 251
3459 3773 170 252
3459 3774 173 253
3459 3775 173 255
3459 3776 172 257
3459 3777 171 259
3459 3778 170 259
3459 3779 168 261
3459 3780 168 263
3459 3781 166 265
3459 3782 163 266
3459 3783 161 268
3459 3784 157 269
3459 3785 155 271
3459 3786 151 274
3459 3787 148 276
3459 3788 143 278
3459 3789 138 281
3459 3790 132 284
3459 3791 126 286
3459 3792 120 289
3459 3793 114 292
3459 3794 108 295
3459 3795 104 297
3459 3796 99 299
3459 3797 91 303
3459 3798 84 306
3459 3799 79 308
3459 3800 68 312
3459 3801 72 311
3479 3803 164 270
3479 3804 164 271
3479 3805 160 274
3479 3806 157 274
3479 3807 152 277
3479 3808 149 280
3479 3809 146 281
3479 3810 140 283
3479 3811 140 285
3479 3812 139 286
3479 3813 132 289
3479 3814 129 289
3479 3815 129 291
3479 3816 124 292
3479 3817 117 295
3479 3818 113 296
3479 3819 108 298
3479 3820 107 300
3479 3821 98 301
3479 3822 97 302
3479 3823 92 303
3479 3824 93 300
3479 3825 76 303
3479 3826 83 302
3479 3827 78 302
3494 3821 229 247
3494 3822 235 251
3494 3823 242 249
3494 3824 251 250
3494 3825 260 250
3494 3826 268 251
3494 3827 280 253
3494 3828 294 254
3494 3829 298 262
3494 3830 289 253
3494 3831 300 254
3494 3832 309 255
3494 3833 315 255
3494 3834 330 256
3528 3840 440 267
3528 3841 447 275
3528 3842 439 275
3528 3843 447 267
3528 3844 445 267
3528 3845 443 267
3528 3846 424 262
3528 3847 413 260
3528 3848 400 258
3528 3849 386 258
3528 3850 373 257
3528 3851 359 255
3528 3852 346 255
3528 3853 338 254
3561 3872 201 246
3561 3873 210 247
3561 3874 218 247
3561 3875 232 249
3561 3876 244 250
3561 3877 254 250
3561 3878 266 251
3561 3879 278 253
3561 3880 287 253
3561 3881 297 254
3561 3882 311 255
3561 3883 325 257
3561 3884 340 258
3561 3885 352 259
3561 3886 365 260
3561 3887 379 261
3561 3888 393 262
3561 3889 405 264
3561 3890 418 265
3896 4072 487 268
3896 4073 481 268
3896 4074 474 266
3896 4075 468 266
3896 4076 457 265
3896 4077 443 264
3896 4078 431 262
3896 4079 417 261
3896 4080 405 260
3896 4081 395 259
3896 4082 383 258
3896 4083 369 256
3896 4084 360 256
3896 4085 363 255
3964 4311 486 265
3964 4312 477 263
3964 4313 469 263
3964 4314 456 263
3964 4315 441 261
3964 4316 426 259
3964 4317 411 256
3964 4318 394 257
3964 4319 376 255
3964 4320 368 247
4066 4473 442 344
4066 4474 444 341
4066 4475 442 339
4066 4476 438 338
4066 4477 434 337
4066 4478 432 338
4066 4479 429 337
4066 4480 427 336
4066 4481 423 336
4066 4482 420 336
4066 4483 415 334
4066 4484 413 334
4066 4485 412 336
4066 4486 408 335
4066 4487 404 334
4066 4488 400 334
4066 4489 395 332
4066 4490 392 333
4066 4491 391 333
4066 4492 386 331
4066 4493 382 331
4066 4494 381 332
4066 4495 379 332
4066 4496 375 330
4066 4497 373 331
4066 4498 371 330
4066 4499 366 330
4066 4500 363 329
4066 4501 360 329
4066 4502 357 327
4066 4503 352 327
4066 4504 351 328
4066 4505 348 327
4066 4506 342 327
4066 4507 341 328
4066 4508 336 326
4066 4509 332 325
4066 4510 331 326
4066 4511 327 325
4066 4512 325 323
4066 4513 323 325
4066 4514 320 325
4066 4515 316 322
4066 4516 313 322
4066 4517 312 323
4066 4518 309 322
4066 4519 305 320
4066 4520 304 320
4066 4521 300 321
4066 4522 296 319
4066 4523 296 320
4066 4524 292 319
4066 4525 289 319
4066 4526 287 319
4066 4527 285 319
4066 4528 281 318
4066 4529 278 316
4066 4530 278 317
4066 4531 274 316
4066 4532 271 315
4066 4533 268 315
4066 4534 263 320
4432 5050 489 268
4432 5051 484 269
4432 5052 480 266
4432 5053 474 265
4432 5054 467 266
4432 5055 460 265
4432 5056 449 264
4432 5057 440 263
4432 5058 430 262
4432 5059 418 260
4432 5060 405 258
4432 5061 397 258
4432 5062 388 258
4432 5063 379 257
4432 5064 369 256
4432 5065 357 254
4432 5066 350 254
4432 5067 341 254
4432 5068 332 253
4432 5069 322 251
4432 5070 311 250
4432 5071 309 249
4804 5497 400 263
4804 5498 398 255
4804 5499 393 254
4804 5500 383 254
4804 5501 362 256
4804 5502 359 263
4804 5503 357 254
4804 5504 350 255
4804 5505 349 255
4804 5506 337 249
4804 5507 328 249
4804 5508 321 248
4804 5509 312 247
4804 5510 304 248
4804 5511 300 246
4804 5512 291 246
4804 5513 283 246
4804 5514 278 251
4826 5519 227 305
4826 5520 228 302
4826 5521 229 299
4826 5522 229 304
4826 5523 232 302
4826 5524 234 302
4826 5525 236 304
4826 5526 237 306
4826 5527 239 303
4826 5528 240 304
4826 5529 243 308
4826 5530 244 305
4826 5531 246 306
4826 5532 249 308
4826 5533 251 309
4826 5534 251 309
4826 5535 253 311
4826 5536 255 311
4826 5537 257 312
4826 5538 259 313
4826 5539 262 313
4826 5540 264 314
4826 5541 265 316
4826 5542 268 317
4826 5543 269 314
4826 5544 271 315
4826 5545 274 314
4826 5546 277 316
4826 5547 278 317
4826 5548 281 317
4826 5549 282 317
4826 5550 283 320
4826 5551 285 321
4826 5552 289 318
4826 5553 291 320
4826 5554 292 320
4826 5555 295 321
4826 5556 295 320
4826 5557 298 323
4826 5558 299 323
4826 5559 303 324
4826 5560 305 324
4826 5561 306 326
4826 5562 309 325
4826 5563 311 328
4826 5564 312 330
4826 5565 314 328
4826 5566 319 331
4826 5567 320 331
4826 5568 322 331
4826 5569 325 332
4826 5570 327 332
4826 5571 328 333
4826 5572 331 337
4826 5573 335 336
4826 5574 337 332
4826 5575 339 328
4904 5578 343 344
4904 5579 347 342
4904 5580 352 337
4904 5581 353 342
4904 5582 356 345
4904 5583 359 341
4904 5584 360 345
4904 5585 362 345
4904 5586 365 346
4904 5587 370 350
4904 5588 371 347
4904 5589 374 351
4904 5590 378 348
4904 5591 379 349
4904 5592 380 353
4904 5593 384 354
4904 5594 387 354
4904 5595 389 357
4904 5596 392 355
4904 5597 395 357
4904 5598 397 356
4904 5599 398 356
4904 5600 402 360
4904 5601 405 358
4904 5602 408 360
4904 5603 411 360
4904 5604 413 362
4954 5604 423 359
4954 5605 424 362
4954 5606 425 368
4954 5607 427 369
4954 5608 432 366
4954 5609 434 368
4954 5610 436 372
4954 5611 440 377
4954 5612 444 375
4954 5613 446 372
4954 5614 450 374
4954 5615 453 373
4954 5616 454 379
4954 5617 457 379
4954 5618 464 381
4954 5619 465 378
4954 5620 465 384
4954 5621 470 379
4954 5622 474 379
4954 5623 474 381
4954 5624 477 383
4954 5625 484 382
5347 6323 225 255
5347 6324 234 246
5347 6325 242 246
5347 6326 249 247
5347 6327 257 247
5347 6328 267 248
5347 6329 274 249
5347 6330 285 250
5347 6331 293 251
5347 6332 302 251
5347 6333 311 253
5347 6334 320 253
5347 6335 329 253
5347 6336 337 255
5347 6337 347 256
5347 6338 358 251
5347 6339 366 256
5347 6340 377 258
5347 6341 389 259
5347 6342 400 260
5347 6343 408 262
5347 6344 410 257
5347 6345 411 263
5544 6451 121 288
5544 6452 124 283
5544 6453 117 287
5544 6454 116 289
5544 6455 113 288
5544 6456 108 291
5544 6457 107 292
5544 6458 114 287
5544 6459 119 294
5544 6460 115 295
5544 6461 106 291
5544 6462 98 291
5544 6463 98 292
5544 6464 93 295
5544 6465 90 300
5544 6466 86 297
5544 6467 84 294
5544 6468 78 304
5544 6469 72 301
5544 6470 70 303
5544 6471 68 308
5544 6472 63 306
5544 6473 63 313
5544 6474 57 315
5544 6475 54 316
5544 6476 54 322
5556 6485 348 263
5556 6486 345 257
5556 6487 333 257
5556 6488 322 256
5556 6489 308 255
5556 6490 295 252
5556 6491 283 252
5556 6492 271 250
5556 6493 263 250
5556 6494 252 248
5556 6495 252 252
5556 6496 240 251
5556 6497 235 250
5556 6498 227 248
5571 6506 4 476
5571 6507 9 471
5571 6508 19 469
5571 6509 27 468
5571 6510 35 466
5571 6511 45 464
5571 6512 54 463
5571 6513 60 462
5571 6514 70 461
5571 6515 87 460
5571 6516 92 460
5571 6517 103 459
5571 6518 115 458
5571 6519 135 457
5571 6520 134 456
5835 6669 177 246
5835 6670 183 246
5835 6671 190 247
5835 6672 193 248
5835 6673 199 248
5835 6674 203 249
5835 6675 209 247
5835 6676 203 264
5835 6677 214 255
5835 6678 220 253
5835 6679 225 254
5835 6680 236 251
5835 6681 242 252
5835 6682 248 253
5835 6683 257 253
5835 6684 262 254
5835 6685 269 254
5835 6686 276 255
5835 6687 283 255
5835 6688 290 256
5835 6689 296 256
5835 6690 301 257
5835 6691 308 257
5835 6692 314 258
5835 6693 318 263
5946 6718 490 265
5946 6719 487 261
5946 6720 482 259
5946 6721 471 261
5946 6722 459 261
5946 6723 448 260
5946 6724 438 258
5946 6725 439 262
5946 6726 445 260
5946 6727 436 259
5946 6728 429 256
5946 6729 421 256
5946 6730 411 253
5946 6731 397 254
5946 6732 385 255
5946 6733 375 254
5946 6734 367 253
5946 6735 361 252
5960 6727 393 263
5960 6728 397 256
5960 6729 390 255
5960 6730 382 254
5960 6731 369 253
5960 6732 358 252
5960 6733 348 250
5960 6734 339 250
5960 6735 330 249
5960 6736 321 249
5960 6737 311 247
5960 6738 304 247
5960 6739 294 246
5960 6740 302 254
5960 6741 303 248
5960 6742 297 247
6167 6958 169 353
6167 6959 168 354
6167 6960 164 354
6167 6961 166 350
6167 6962 163 350
6167 6963 160 350
6167 6964 159 352
6167 6965 157 353
6167 6966 152 349
6167 6967 151 348
6167 6968 149 350
6167 6969 146 349
6167 6970 144 348
6167 6971 142 346
6167 6972 140 348
6167 6973 139 348
6167 6974 135 346
6167 6975 132 348
6167 6976 130 346
6167 6977 127 346
6167 6978 126 344
6167 6979 123 346
6167 6980 120 345
6167 6981 117 344
6167 6982 114 345
6167 6983 112 346
6167 6984 111 344
6167 6985 107 342
6167 6986 105 342
6167 6987 102 342
6167 6988 100 344
6167 6989 99 346
6167 6990 96 342
6167 6991 95 341
6167 6992 93 339
6167 6993 91 337
6167 6994 86 335
6185 6973 341 255
6185 6974 355 259
6185 6975 375 261
6185 6976 390 264
6185 6977 404 265
6185 6978 421 266
6185 6979 438 268
6185 6980 452 268
6185 6981 463 270
6227 7030 254 251
6227 7031 268 251
6227 7032 283 250
6227 7033 296 251
6227 7034 314 253
6227 7035 338 258
6227 7036 358 259
6227 7037 361 267
6332 7128 436 268
6332 7129 439 269
6332 7130 440 272
6332 7131 442 277
6332 7132 441 277
6332 7133 437 277
6332 7134 435 276
6332 7135 433 274
6332 7136 430 278
6332 7137 428 274
6332 7138 424 275
6332 7139 422 276
6332 7140 420 276
6332 7141 419 275
6332 7142 416 275
6332 7143 414 276
6332 7144 411 275
6332 7145 409 275
6332 7146 407 275
6332 7147 403 275
6332 7148 402 275
6332 7149 399 275
6332 7150 396 274
6332 7151 394 273
6332 7152 392 272
6332 7153 390 273
6332 7154 387 272
6332 7155 385 272
6332 7156 383 270
6332 7157 380 271
6332 7158 378 270
6332 7159 376 272
6332 7160 373 271
6332 7161 371 270
6332 7162 369 272
6332 7163 366 272
6332 7164 363 271
6332 7165 361 271
6332 7166 358 270
6332 7167 356 268
6332 7168 355 269
6332 7169 351 270
6332 7170 349 270
6332 7171 347 269
6332 7172 345 270
6332 7173 342 270
6332 7174 339 269
6332 7175 337 269
6332 7176 335 270
6332 7177 332 268
6332 7178 330 269
6332 7179 328 269
6332 7180 326 268
6332 7181 323 266
6332 7182 321 267
6332 7183 318 267
6332 7184 315 267
6332 7185 313 266
6332 7186 311 266
6332 7187 309 267
6332 7188 307 265
6332 7189 305 265
6332 7190 303 265
6332 7191 300 265
6332 7192 298 265
6332 7193 296 265
6332 7194 294 264
6332 7195 292 262
6332 7196 291 264
6332 7197 288 264
6332 7198 285 264
6332 7199 283 262
6332 7200 281 264
6332 7201 279 263
6332 7202 276 262
6332 7203 273 262
6332 7204 271 261
6332 7205 270 260
6332 7206 267 262
6332 7207 265 262
6332 7208 263 262
6332 7209 261 259
6332 7210 259 262
6332 7211 257 260
6332 7212 253 261
6332 7213 252 261
6332 7214 250 261
6332 7215 247 261
6332 7216 245 259
6332 7217 243 261
6332 7218 241 260
6332 7219 239 258
6332 7220 237 261
6332 7221 235 261
6332 7222 232 259
6332 7223 230 258
6332 7224 228 260
6332 7225 227 260
6332 7226 224 260
6332 7227 221 257
6332 7228 220 260
6332 7229 217 260
6332 7230 215 260
6332 7231 213 257
6332 7232 211 258
6640 7497 107 299
6640 7498 102 301
6640 7499 97 304
6640 7500 92 305
6640 7501 88 307
6640 7502 82 311
6640 7503 77 313
6640 7504 71 315
6640 7505 67 318
6640 7506 60 321
6640 7507 53 323
6640 7508 49 325
6640 7509 43 329
6640 7510 36 331
6640 7511 32 333
6864 7615 361 444
6864 7616 361 445
6864 7617 358 444
6864 7618 354 443
6864 7619 351 445
6864 7620 348 439
6864 7621 345 433
6864 7622 341 432
6864 7623 339 433
6864 7624 337 431
6864 7625 335 427
6864 7626 332 425
6864 7627 328 424
6864 7628 325 429
6864 7629 322 425
6864 7630 320 421
6864 7631 318 418
6864 7632 316 419
6864 7633 313 414
6864 7634 311 413
6864 7635 309 413
6864 7636 304 408
6864 7637 303 412
6864 7638 301 410
6864 7639 299 407
6864 7640 296 405
6864 7641 295 406
6864 7642 292 400
6864 7643 289 399
6864 7644 290 403
6879 7625 487 268
6879 7626 482 269
6879 7627 476 269
6879 7628 473 267
6879 7629 466 268
6879 7630 456 263
6879 7631 445 262
6879 7632 436 261
6879 7633 427 261
6879 7634 417 263
6879 7635 406 261
6879 7636 396 257
6879 7637 385 261
6879 7638 375 256
6879 7639 365 255
6879 7640 355 256
6879 7641 345 257
6879 7642 335 256
6879 7643 325 255
6879 7644 316 254
6879 7645 306 253
6879 7646 299 253
6879 7647 292 252
6879 7648 283 251
6879 7649 274 249
6879 7650 265 249
6879 7651 257 248
6879 7652 252 248
6879 7653 242 247
6879 7654 232 247
6879 7655 229 246
6891 7654 264 384
6891 7655 264 382
6891 7656 262 385
6891 7657 262 380
6891 7658 259 379
6891 7659 255 382
6891 7660 253 376
6891 7661 252 379
6891 7662 249 376
6891 7663 246 376
6891 7664 243 372
6891 7665 241 375
6891 7666 237 374
6891 7667 235 375
6891 7668 233 372
6891 7669 231 369
6891 7670 228 369
6891 7671 225 368
6891 7672 222 365
6891 7673 220 367
6891 7674 216 364
6891 7675 212 362
6891 7676 209 362
6891 7677 207 361
6891 7678 205 363
6891 7679 201 360
6891 7680 199 360
6891 7681 196 364
6891 7682 194 370
6891 7683 191 369
6901 7674 476 273
6901 7675 480 265
6901 7676 468 264
6901 7677 455 263
6901 7678 444 261
6901 7679 435 261
6901 7680 423 260
6901 7681 410 257
6901 7682 400 257
6901 7683 406 256
6901 7684 408 256
6901 7685 409 254
6901 7686 413 255
6901 7687 414 254
6901 7688 417 255
6901 7689 418 254
6901 7690 421 254
6901 7691 424 255
6901 7692 424 255
6901 7693 428 255
6901 7694 430 255
6901 7695 432 255
6901 7696 433 259
6901 7697 436 260
7101 8066 152 257
7101 8067 150 258
7101 8068 150 259
7101 8069 147 259
7101 8070 147 263
7101 8071 146 263
7101 8072 143 264
7101 8073 141 265
7101 8074 140 267
7101 8075 139 267
7101 8076 137 268
7101 8077 134 269
7101 8078 132 270
7101 8079 130 268
7101 8080 129 272
7101 8081 127 273
7101 8082 124 274
7101 8083 123 273
7101 8084 120 277
7101 8085 117 278
7101 8086 115 280
7101 8087 114 280
7101 8088 111 282
7101 8089 108 283
7101 8090 106 284
7101 8091 103 286
7101 8092 99 287
7101 8093 96 288
7101 8094 93 290
7108 8081 314 256
7108 8082 326 253
7108 8083 337 250
7108 8084 347 257
7108 8085 358 260
7108 8086 369 260
7108 8087 380 260
7108 8088 392 263
7108 8089 404 264
7108 8090 416 264
7108 8091 428 264
7108 8092 440 265
7108 8093 452 266
7108 8094 464 268
7108 8095 471 268
7108 8096 475 270
7108 8097 480 270
7108 8098 488 271
7417 8696 401 475
7417 8697 399 474
7417 8698 390 473
7417 8699 384 472
7417 8700 380 470
7417 8701 375 470
7417 8702 370 469
7417 8703 363 467
7417 8704 358 466
7417 8705 353 464
7417 8706 347 462
7417 8707 342 462
7417 8708 337 460
7417 8709 330 457
7417 8710 325 455
7417 8711 322 453
7417 8712 318 449
7417 8713 314 449
7417 8714 310 453
7417 8715 310 446
7417 8716 304 443
7417 8717 298 441
7417 8718 298 442
7417 8719 294 436
7417 8720 291 437
7417 8721 290 436
7417 8722 286 435
7417 8723 283 432
7417 8724 280 437
7532 8852 427 266
7532 8853 417 265
7532 8854 406 264
7532 8855 398 262
7532 8856 387 262
7532 8857 376 261
7532 8858 369 259
7532 8859 362 259
7532 8860 351 259
7532 8861 343 258
7532 8862 334 257
7532 8863 325 256
7532 8864 320 253
7532 8865 318 250
7616 8902 272 250
7616 8903 279 254
7616 8904 286 254
7616 8905 292 255
7616 8906 300 256
7616 8907 307 257
7616 8908 315 258
7616 8909 324 258
7616 8910 331 259
7616 8911 338 260
7616 8912 345 260
7616 8913 355 261
7616 8914 360 262
7616 8915 371 262
7616 8916 381 264
7616 8917 390 264
7616 8918 398 265
7616 8919 408 266
7616 8920 416 267
7616 8921 424 267
7616 8922 434 268
7616 8923 442 269
7616 8924 450 269
7616 8925 459 270
7616 8926 469 271
7616 8927 478 273
7616 8928 485 272
7739 9041 519 362
7739 9042 519 359
7739 9043 517 358
7739 9044 514 352
7739 9045 510 354
7739 9046 508 355
7739 9047 506 354
7739 9048 501 351
7739 9049 497 350
7739 9050 494 351
7739 9051 492 349
7739 9052 490 346
7739 9053 486 345
7739 9054 484 344
7739 9055 480 346
7739 9056 477 340
7739 9057 474 344
7739 9058 473 343
7739 9059 470 339
7739 9060 468 340
7739 9061 465 338
7739 9062 464 341
7739 9063 460 338
7739 9064 457 334
7739 9065 455 336
7739 9066 452 334
7739 9067 448 334
7739 9068 444 335
7739 9069 444 335
7739 9070 440 334
7739 9071 434 339
7739 9072 429 336
7824 9110 359 345
7824 9111 362 340
7824 9112 363 335
7824 9113 367 334
7824 9114 369 339
7824 9115 371 344
7824 9116 368 347
7824 9117 367 350
7824 9118 368 350
7824 9119 370 353
7824 9120 375 353
7824 9121 378 357
7824 9122 376 358
7824 9123 380 355
7824 9124 383 361
7824 9125 387 360
7824 9126 388 359
7824 9127 390 364
7824 9128 396 363
7824 9129 403 371
7824 9130 406 361
7824 9131 404 365
7824 9132 403 366
7824 9133 405 362
8381 9602 389 377
8381 9603 387 380
8381 9604 384 376
8381 9605 383 376
8381 9606 379 379
8381 9607 379 370
8381 9608 376 369
8381 9609 372 368
8381 9610 373 370
8381 9611 369 370
8381 9612 367 364
8381 9613 364 362
8381 9614 362 366
8381 9615 361 359
8381 9616 359 359
8381 9617 356 361
8381 9618 354 359
8381 9619 352 355
8381 9620 351 354
8381 9621 349 353
8381 9622 347 354
8381 9623 345 351
8381 9624 342 353
8381 9625 339 351
8381 9626 337 348
8381 9627 336 346
8381 9628 333 346
8381 9629 332 344
8381 9630 329 347
8381 9631 327 345
8381 9632 324 342
8381 9633 322 341
8381 9634 322 340
8381 9635 318 339
8381 9636 317 342
8381 9637 316 346
8470 9650 197 255
8470 9651 194 255
8470 9652 200 250
8470 9653 195 257
8470 9654 195 258
8470 9655 188 259
8470 9656 184 261
8470 9657 180 262
8470 9658 176 263
8470 9659 173 264
8470 9660 167 266
8470 9661 168 267
8470 9662 162 269
8470 9663 158 271
8470 9664 157 273
8470 9665 150 274
8470 9666 145 276
8470 9667 140 278
8470 9668 137 280
8470 9669 132 281
8470 9670 128 285
8470 9671 123 286
8470 9672 119 289
8470 9673 119 291
8470 9674 114 293
8470 9675 109 296
8470 9676 104 298
8470 9677 97 299
8470 9678 90 302
8470 9679 83 305
8470 9680 82 307
8470 9681 79 310
8470 9682 71 312
8470 9683 67 314
8470 9684 59 317
8470 9685 59 319
8470 9686 51 321
8470 9687 47 323
8470 9688 43 326
8470 9689 37 326
8470 9690 32 329
8470 9691 27 330
8470 9692 23 333
8470 9693 18 336
8470 9694 17 335
8470 9695 13 339
8470 9696 10 342
8470 9697 9 343
8470 9698 6 346
8470 9699 3 348
8470 9700 3 353
8555 9739 145 270
8555 9740 144 271
8555 9741 143 273
8555 9742 142 274
8555 9743 140 274
8555 9744 140 275
8555 9745 138 277
8555 9746 136 276
8555 9747 134 278
8555 9748 131 279
8555 9749 131 280
8555 9750 128 281
8555 9751 127 281
8555 9752 124 282
8555 9753 121 284
8555 9754 119 286
8555 9755 117 286
8555 9756 115 288
8555 9757 112 289
8555 9758 110 290
8555 9759 106 291
8555 9760 105 292
8555 9761 102 294
8555 9762 100 294
8555 9763 98 296
8555 9764 95 297
8555 9765 89 295
8555 9766 90 297
8555 9767 89 298
8555 9768 83 298
8555 9769 85 301
8555 9770 84 301
8555 9771 82 303
8555 9772 79 304
8555 9773 72 304
8555 9774 74 307
8555 9775 71 305
8555 9776 71 308
8555 9777 70 310
8555 9778 65 308
8555 9779 65 310
8555 9780 63 310
8555 9781 56 311
8555 9782 59 312
8555 9783 58 314
8555 9784 56 315
8555 9785 54 316
8555 9786 52 318
8555 9787 50 318
8555 9788 44 318
8555 9789 41 320
8555 9790 44 321
8555 9791 42 322
8555 9792 37 322
8555 9793 36 324
8555 9794 36 326
8555 9795 33 326
8555 9796 29 326
8555 9797 27 328
8555 9798 29 330
8555 9799 25 330
8555 9800 21 331
8555 9801 19 332
8555 9802 22 334
8555 9803 16 334
8555 9804 14 336
8555 9805 11 335
8555 9806 14 338
8555 9807 9 338
8555 9808 8 339
8555 9809 7 340
8555 9810 7 341
8555 9811 6 343
8555 9812 5 344
8555 9813 4 346
8555 9814 3 349
8564 9752 473 331
8564 9753 472 332
8564 9754 472 332
8564 9755 469 336
8564 9756 468 336
8564 9757 465 331
8564 9758 465 335
8564 9759 463 336
8564 9760 461 337
8564 9761 459 337
8564 9762 458 331
8564 9763 458 333
8564 9764 455 337
8564 9765 453 337
8564 9766 452 337
8564 9767 449 337
8564 9768 447 337
8564 9769 447 338
8564 9770 445 339
8564 9771 444 339
8564 9772 442 340
8564 9773 441 338
8564 9774 439 339
8564 9775 437 339
8564 9776 435 339
8564 9777 433 338
8564 9778 433 339
8564 9779 431 339
8564 9780 430 334
8564 9781 428 339
8564 9782 426 338
8564 9783 425 339
8564 9784 422 339
8564 9785 420 339
8564 9786 419 339
8564 9787 417 339
8564 9788 417 339
8564 9789 413 339
8564 9790 411 339
8564 9791 410 339
8564 9792 410 339
8564 9793 407 339
8564 9794 404 339
8564 9795 404 338
8564 9796 402 338
8564 9797 401 339
8564 9798 400 340
8564 9799 397 339
8564 9800 395 339
8564 9801 394 339
8564 9802 392 339
8564 9803 391 339
8564 9804 388 340
8564 9805 388 339
8564 9806 386 339
8564 9807 385 340
8564 9808 385 340
8564 9809 381 340
8564 9810 379 340
8564 9811 379 340
8564 9812 378 339
8564 9813 376 341
8564 9814 373 341
8564 9815 373 340
8564 9816 371 341
8564 9817 369 341
8564 9818 367 341
8564 9819 366 337
8564 9820 365 341
8564 9821 362 342
8564 9822 360 342
8564 9823 359 342
8564 9824 357 342
8564 9825 356 343
8564 9826 355 343
8564 9827 352 344
8564 9828 350 344
8564 9829 349 343
8564 9830 348 344
8564 9831 345 344
8564 9832 343 344
8564 9833 343 343
8564 9834 342 344
8564 9835 341 345
8564 9836 338 344
8564 9837 336 344
8564 9838 336 343
8564 9839 334 344
8564 9840 332 345
8564 9841 331 340
8564 9842 328 344
8564 9843 327 344
8564 9844 326 345
8564 9845 325 345
8564 9846 321 345
8564 9847 320 346
8564 9848 319 345
8564 9849 317 343
8564 9850 316 346
8564 9851 312 346
8564 9852 312 346
8564 9853 311 347
8564 9854 309 347
8564 9855 307 348
8564 9856 305 348
8564 9857 305 347
8564 9858 303 345
8564 9859 302 344
8659 9864 290 348
8659 9865 293 344
8659 9866 291 346
8659 9867 290 350
8659 9868 288 350
8659 9869 287 351
8659 9870 285 350
8659 9871 283 350
8659 9872 282 350
8659 9873 281 351
8659 9874 279 351
8659 9875 276 349
8659 9876 274 350
8659 9877 273 349
8659 9878 273 351
8659 9879 270 351
8659 9880 268 350
8659 9881 267 351
8659 9882 265 349
8659 9883 263 351
8659 9884 260 349
8659 9885 259 351
8659 9886 258 351
8659 9887 257 350
8659 9888 256 351
8659 9889 254 351
8659 9890 251 352
8659 9891 249 350
8659 9892 248 351
8659 9893 246 350
8659 9894 245 349
8659 9895 242 350
8659 9896 240 350
8659 9897 240 350
8659 9898 238 349
8659 9899 235 348
8659 9900 234 350
8659 9901 232 351
8659 9902 231 351
8659 9903 230 351
8659 9904 227 350
8659 9905 225 351
8659 9906 224 351
8659 9907 223 351
8659 9908 221 351
8659 9909 216 351
8659 9910 216 350
8659 9911 215 350
8659 9912 214 352
8659 9913 212 352
8659 9914 208 352
8659 9915 206 352
8659 9916 206 352
8659 9917 205 352
8659 9918 202 352
8659 9919 200 352
8659 9920 199 352
8659 9921 198 352
8659 9922 194 350
8659 9923 194 350
8659 9924 192 352
8659 9925 191 351
8659 9926 190 352
8659 9927 187 352
8659 9928 184 352
8659 9929 186 347
8659 9930 182 352
8659 9931 181 353
8659 9932 178 349
8659 9933 177 351
8659 9934 174 351
8659 9935 173 351
8659 9936 170 351
8659 9937 168 352
8659 9938 167 352
8659 9939 166 348
8659 9940 164 352
8659 9941 162 350
8659 9942 160 350
8659 9943 158 350
8659 9944 158 349
8659 9945 156 351
8659 9946 154 349
8659 9947 152 349
8659 9948 150 348
8659 9949 149 348
8659 9950 148 349
8659 9951 146 349
8659 9952 145 348
8659 9953 144 348
8659 9954 143 348
8659 9955 141 349
8659 9956 137 348
8659 9957 137 348
8659 9958 135 348
8659 9959 133 348
8659 9960 130 346
8659 9961 130 347
8659 9962 129 348
8659 9963 127 346
8659 9964 126 346
8659 9965 124 345
8659 9966 123 347
8659 9967 121 346
8659 9968 118 347
8659 9969 119 349
8659 9970 117 348
8659 9971 114 348
8659 9972 113 347
8659 9973 112 346
8659 9974 110 346
8659 9975 109 345
8659 9976 107 344
8659 9977 106 343
8659 9978 105 345
8659 9979 103 342
8659 9980 103 344
8659 9981 100 341
8659 9982 100 343
8659 9983 98 343
8659 9984 96 343
8659 9985 95 342
8659 9986 93 340
8659 9987 95 342
8659 9988 94 340
8662 9866 424 437
8662 9867 424 432
8662 9868 423 432
8662 9869 422 432
8662 9870 418 432
8662 9871 417 431
8662 9872 411 436
8662 9873 410 435
8662 9874 406 436
8662 9875 405 433
8662 9876 399 438
8662 9877 399 438
8662 9878 396 439
8662 9879 393 437
8662 9880 387 441
8662 9881 384 438
8662 9882 382 442
8662 9883 377 443
8662 9884 374 443
8662 9885 375 444
8662 9886 373 444
8662 9887 367 445
8662 9888 363 446
8662 9889 362 446
8662 9890 359 446
8662 9891 355 447
8662 9892 350 447
8662 9893 349 446
8662 9894 348 448
8662 9895 343 445
8662 9896 338 449
8662 9897 335 449
8662 9898 332 450
8662 9899 326 450
8662 9900 325 448
8662 9901 321 451
8662 9902 320 452
8662 9903 316 452
8662 9904 311 453
8662 9905 307 453
8662 9906 305 455
8662 9907 303 454
8662 9908 297 455
8662 9909 294 456
8662 9910 293 455
8662 9911 289 456
8662 9912 284 457
8662 9913 281 458
8662 9914 278 457
8662 9915 279 460
8737 9915 270 457
8737 9916 270 458
8737 9917 266 459
8737 9918 265 459
8737 9919 264 460
8737 9920 257 459
8737 9921 251 459
8737 9922 251 455
8737 9923 250 459
8737 9924 244 459
8737 9925 238 460
8737 9926 236 460
8737 9927 232 456
8737 9928 230 462
8737 9929 225 475
8737 9930 226 462
8737 9931 222 463
8737 9932 216 460
8737 9933 216 463
8737 9934 213 460
8737 9935 212 464
8737 9936 209 465
8737 9937 205 465
8737 9938 201 463
8737 9939 201 466
8737 9940 198 467
8737 9941 193 467
8737 9942 190 467
8737 9943 188 468
8737 9944 184 469
8737 9945 180 469
8737 9946 178 469
8737 9947 174 470
8737 9948 171 471
8737 9949 169 471
8737 9950 166 471
8737 9951 162 472
8737 9952 161 473
8737 9953 157 473
8737 9954 152 474
8737 9955 150 474
8766 9940 496 379
8766 9941 495 379
8766 9942 495 382
8766 9943 503 378
8766 9944 505 383
8766 9945 507 384
8766 9946 509 388
8766 9947 513 385
8766 9948 516 388
8766 9949 524 386
8766 9950 525 390
8766 9951 527 391
8766 9952 531 392
8766 9953 535 393
8766 9954 540 392
8766 9955 540 395
8766 9956 548 394
8766 9957 550 395
8766 9958 551 398
8766 9959 556 399
8766 9960 561 399
8766 9961 567 392
8766 9962 564 399
8766 9963 568 402
8766 9964 572 404
8808 9966 584 407
8808 9967 585 405
8808 9968 587 405
8808 9969 588 412
8808 9970 592 408
8808 9971 596 411
8808 9972 605 407
8808 9973 605 412
8808 9974 609 410
8808 9975 611 415
8808 9976 616 415
8808 9977 619 418
8808 9978 624 415
8808 9979 625 421
8808 9980 630 421
8808 9981 632 420
8808 9982 631 426
8808 9983 633 431
8808 9984 632 438
8808 9985 636 438
8812 9967 141 288
8812 9968 142 286
8812 9969 138 285
8812 9970 141 281
8812 9971 134 284
8812 9972 137 288
8812 9973 145 284
8812 9974 146 280
8812 9975 151 277
8812 9976 151 284
8812 9977 159 276
8812 9978 163 272
8812 9979 165 273
8812 9980 170 272
8812 9981 170 270
8812 9982 173 270
8812 9983 176 269
8812 9984 177 268
8812 9985 185 266
8812 9986 183 264
8812 9987 185 264
8812 9988 187 260
8812 9989 188 263
8812 9990 190 262
8812 9991 190 262
8812 9992 192 261
8812 9993 193 258
8832 9997 224 303
8832 9998 224 302
8832 9999 226 304
8832 10000 228 306
8832 10001 229 306
8832 10002 231 303
8832 10003 234 308
8832 10004 235 305
8832 10005 237 306
8832 10006 239 306
8832 10007 241 310
8832 10008 243 307
8832 10009 244 311
8832 10010 247 311
8832 10011 250 310
8832 10012 250 311
8832 10013 252 316
8832 10014 253 315
8832 10015 257 313
8832 10016 258 318
8832 10017 259 313
8832 10018 260 315
8832 10019 262 318
8832 10020 265 316
8832 10021 266 317
8832 10022 267 321
8832 10023 268 322
8832 10024 271 320
8832 10025 272 322
8832 10026 273 324
8832 10027 275 320
8832 10028 277 323
8832 10029 278 326
8832 10030 281 325
8832 10031 283 328
8832 10032 284 329
8832 10033 287 328
8832 10034 288 334
8832 10035 290 330
8832 10036 292 333
8832 10037 294 332
8832 10038 296 334
8832 10039 298 333
8832 10040 299 333
8832 10041 302 336
8832 10042 304 337
8832 10043 304 339
8832 10044 308 341
8832 10045 310 340
8832 10046 312 341
8832 10047 311 337
8896 10047 315 346
8896 10048 316 342
8896 10049 317 344
8896 10050 320 344
8896 10051 323 346
8896 10052 324 349
8896 10053 327 345
8896 10054 328 351
8896 10055 330 348
8896 10056 333 353
8896 10057 335 348
8896 10058 337 353
8896 10059 342 351
8896 10060 343 354
8896 10061 346 354
8896 10062 349 358
8896 10063 351 358
8896 10064 356 359
8896 10065 357 359
8896 10066 359 358
8896 10067 361 364
8896 10068 365 361
8896 10069 366 365
8896 10070 369 363
8896 10071 371 365
8896 10072 374 364
8896 10073 377 367
8896 10074 379 368
8896 10075 382 370
8896 10076 385 373
8896 10077 387 373
8896 10078 389 373
8896 10079 392 373
8896 10080 395 379
8896 10081 394 376
8961 10081 399 376
8961 10082 400 379
8961 10083 403 379
8961 10084 406 382
8961 10085 407 381
8961 10086 410 387
8961 10087 414 384
8961 10088 417 385
8961 10089 420 386
8961 10090 423 388
8961 10091 423 390
8961 10092 428 389
8961 10093 432 392
8961 10094 433 394
8961 10095 439 394
8961 10096 439 397
8961 10097 444 400
8961 10098 449 402
8961 10099 449 398
8961 10100 453 400
8961 10101 456 402
8961 10102 458 403
8961 10103 462 406
8961 10104 465 409
8961 10105 466 410
8961 10106 472 408
8961 10107 474 411
8961 10108 477 414
8961 10109 479 414
8961 10110 483 417
8961 10111 487 417
8961 10112 489 419
8961 10113 493 423
8961 10114 495 421
8961 10115 499 428
8961 10116 500 426
8961 10117 506 428
8961 10118 510 429
8961 10119 513 430
8961 10120 515 430
8961 10121 519 432
8961 10122 524 433
8961 10123 523 436
8961 10124 526 438
8961 10125 533 436
9049 10125 467 387
9049 10126 466 383
9049 10127 469 387
9049 10128 470 390
9049 10129 474 390
9049 10130 475 391
9049 10131 476 389
9049 10132 476 392
9049 10133 482 391
9049 10134 481 395
9049 10135 483 391
9049 10136 488 395
9049 10137 488 399
9049 10138 489 398
9049 10139 494 399
9049 10140 495 397
9049 10141 497 398
9049 10142 499 398
9049 10143 500 402
9049 10144 500 401
9049 10145 504 400
9049 10146 507 404
9049 10147 509 405
9049 10148 511 403
9049 10149 514 406
9049 10150 516 406
9049 10151 517 406
9049 10152 519 406
9049 10153 520 411
9049 10154 523 410
9049 10155 525 411
9049 10156 527 411
9049 10157 529 410
9049 10158 529 411
9049 10159 532 414
9049 10160 530 412
9111 10171 267 474
9111 10172 271 474
9111 10173 274 473
9111 10174 279 473
9111 10175 281 472
9111 10176 286 472
9111 10177 290 471
9111 10178 293 470
9111 10179 296 470
9111 10180 300 470
9111 10181 304 469
9111 10182 307 468
9111 10183 311 468
9111 10184 314 470
9111 10185 319 467
9111 10186 324 464
9111 10187 326 466
9111 10188 330 465
9111 10189 335 464
9111 10190 339 463
9111 10191 343 462
9111 10192 345 464
9111 10193 349 460
9111 10194 352 458
9111 10195 354 459
9111 10196 358 457
9111 10197 361 454
9111 10198 363 454
9111 10199 367 452
9111 10200 370 451
9111 10201 374 448
9111 10202 376 447
9111 10203 378 446
9111 10204 381 445
9111 10205 384 444
9111 10206 388 442
9111 10207 390 441
9111 10208 393 436
9111 10209 395 439
9111 10210 399 433
9111 10211 400 433
9111 10212 402 434
9111 10213 406 434
9111 10214 409 433
9111 10215 411 429
9111 10216 413 425
9111 10217 415 425
9111 10218 415 427
9160 10218 420 427
9160 10219 421 424
9160 10220 423 423
9160 10221 427 422
9160 10222 428 416
9160 10223 429 415
9160 10224 432 415
9160 10225 436 415
9160 10226 436 414
9160 10227 440 416
9160 10228 443 414
9160 10229 445 411
9160 10230 448 412
9160 10231 449 407
9160 10232 451 410
9160 10233 454 410
9160 10234 456 408
9160 10235 458 409
9160 10236 462 407
9160 10237 463 404
9160 10238 466 401
9160 10239 468 400
9160 10240 469 402
9160 10241 471 403
9160 10242 474 402
9160 10243 476 400
9160 10244 477 396
9160 10245 479 394
9160 10246 480 393
9160 10247 483 393
9160 10248 485 393
9160 10249 487 394
9160 10250 490 392
9160 10251 492 388
9160 10252 493 388
9160 10253 496 386
9160 10254 497 388
9160 10255 499 388
9160 10256 500 388
9160 10257 502 387
9160 10258 506 385
9160 10259 506 383
9160 10260 508 380
9160 10261 510 379
9160 10262 511 379
9160 10263 512 382
9160 10264 516 381
9160 10265 517 376
9160 10266 518 374
9160 10267 519 377
9160 10268 522 373
9160 10269 524 373
9160 10270 525 372
9160 10271 526 375
9160 10272 528 373
9160 10273 531 370
9160 10274 531 369
9160 10275 534 369
9160 10276 534 366
9160 10277 536 365
9160 10278 537 368
9160 10279 541 369
9301 10436 252 249
9301 10437 258 250
9301 10438 266 251
9301 10439 276 251
9301 10440 287 253
9301 10441 298 254
9301 10442 311 256
9301 10443 321 256
9301 10444 333 256
9301 10445 344 252
9301 10446 357 259
9301 10447 369 260
9301 10448 381 261
9301 10449 393 262
9301 10450 405 264
9301 10451 418 265
9301 10452 430 266
9301 10453 439 267
9301 10454 450 267
9301 10455 463 269
9301 10456 471 269
9301 10457 479 270
9301 10458 484 270
9724 10725 488 272
9724 10726 483 268
9724 10727 480 265
9724 10728 475 265
9724 10729 469 266
9724 10730 463 265
9724 10731 451 263
9724 10732 441 262
9724 10733 434 262
9724 10734 426 261
9724 10735 417 260
9724 10736 409 259
9724 10737 401 258
9724 10738 392 257
9724 10739 384 257
9724 10740 378 256
9724 10741 370 255
9724 10742 363 254
9724 10743 357 254
9724 10744 351 253
9724 10745 344 253
9724 10746 339 253
9724 10747 333 250
9724 10748 327 251
9724 10749 321 250
9724 10750 316 250
9724 10751 312 249
9724 10752 307 250
9724 10753 303 249
9724 10754 298 248
9724 10755 295 248
9724 10756 303 248
9830 10793 243 251
9830 10794 249 249
9830 10795 247 251
9830 10796 254 250
9830 10797 262 252
9830 10798 268 253
9830 10799 275 253
9830 10800 284 254
9830 10801 293 255
9830 10802 302 257
9830 10803 312 257
9830 10804 323 258
9830 10805 331 259
9830 10806 342 258
9830 10807 352 259
9830 10808 363 262
9830 10809 365 267
9848 10809 373 261
9848 10810 383 264
9848 10811 393 265
9848 10812 406 267
9848 10813 417 266
9848 10814 429 266
9848 10815 441 267
9848 10816 454 269
9848 10817 461 270
9848 10818 469 270
9848 10819 475 271
9848 10820 482 272
9848 10821 487 274
10128 11092 460 353
10128 11093 463 353
10128 11094 461 357
10128 11095 465 358
10128 11096 464 361
10128 11097 461 363
10128 11098 466 364
10128 11099 468 364
10128 11100 472 364
10128 11101 474 367
10128 11102 471 366
10128 11103 477 366
10128 11104 477 368
10128 11105 477 370
10128 11106 483 371
10128 11107 483 371
10128 11108 487 372
10128 11109 485 376
10128 11110 487 374
10128 11111 493 375
10128 11112 495 375
10128 11113 499 373
10128 11114 499 378
10128 11115 502 378
10128 11116 503 379
10128 11117 507 378
10128 11118 511 374
10128 11119 511 381
10128 11120 514 382
10128 11121 512 386
10128 11122 518 385
10128 11123 521 388
10128 11124 521 385
10128 11125 521 390
10128 11126 527 392
10128 11127 530 389
10128 11128 528 391
10204 11192 99 308
10204 11193 105 305
10204 11194 110 302
10204 11195 114 300
10204 11196 117 296
10204 11197 123 294
10204 11198 127 292
10204 11199 131 289
10204 11200 135 289
10204 11201 138 286
10204 11202 143 284
10204 11203 145 282
10204 11204 144 280
10204 11205 152 279
10204 11206 155 277
10204 11207 158 276
10204 11208 155 276
10204 11209 157 275
10227 11216 238 252
10227 11217 244 250
10227 11218 244 250
10227 11219 253 253
10227 11220 262 253
10227 11221 271 254
10227 11222 281 254
10227 11223 292 256
10227 11224 301 256
10227 11225 309 256
10227 11226 320 257
10227 11227 332 259
10227 11228 342 260
10227 11229 355 261
10227 11230 368 262
10227 11231 379 263
10227 11232 391 265
10227 11233 404 265
10227 11234 418 266
10227 11235 427 267
10227 11236 438 269
10227 11237 452 270
10227 11238 467 271
10227 11239 477 271
10227 11240 480 272
10227 11241 487 274
10312 11287 361 261
10312 11288 360 258
10312 11289 368 261
10312 11290 377 261
10312 11291 389 261
10312 11292 397 263
10312 11293 409 264
10312 11294 418 265
10312 11295 426 265
10312 11296 436 267
10312 11297 452 267
10312 11298 466 269
10312 11299 468 269
10312 11300 472 270
10312 11301 477 270
10312 11302 487 271
10312 11303 487 272
10363 11334 488 269
10363 11335 484 264
10363 11336 481 264
10363 11337 477 264
10363 11338 474 265
10363 11339 470 264
10363 11340 462 264
10363 11341 453 263
10363 11342 445 262
10363 11343 438 261
10363 11344 431 261
10363 11345 423 261
10363 11346 416 259
10363 11347 411 259
10363 11348 404 258
10363 11349 397 257
10363 11350 390 257
10363 11351 385 256
10363 11352 377 256
10363 11353 372 256
10363 11354 367 255
10363 11355 363 255
10363 11356 356 254
10363 11357 361 254
10441 11409 202 252
10441 11410 200 254
10441 11411 195 256
10441 11412 194 259
10441 11413 193 255
10441 11414 196 256
10441 11415 194 256
10441 11416 190 257
10441 11417 186 258
10441 11418 183 259
10441 11419 179 261
10441 11420 177 262
10441 11421 174 263
10441 11422 170 264
10441 11423 166 265
10441 11424 164 267
10441 11425 161 268
10441 11426 159 269
10441 11427 155 271
10441 11428 149 272
10441 11429 148 274
10441 11430 145 275
10441 11431 140 277
10441 11432 136 279
10441 11433 132 281
10441 11434 131 282
10441 11435 126 283
10441 11436 124 284
10441 11437 121 285
10441 11438 117 289
10441 11439 112 290
10441 11440 108 292
10441 11441 102 293
10441 11442 98 295
10441 11443 93 297
10441 11444 88 299
10441 11445 83 302
10441 11446 78 302
10441 11447 74 304
10441 11448 68 307
10441 11449 63 310
10441 11450 59 311
10441 11451 53 314
10441 11452 48 316
10441 11453 43 318
10441 11454 38 320
10441 11455 33 322
10441 11456 29 324
10441 11457 25 326
10441 11458 23 328
10441 11459 18 331
10441 11460 19 332
10441 11461 18 334
10441 11462 16 337
10441 11463 15 339
10441 11464 12 342
10441 11465 11 336
10441 11466 17 341
10485 11465 8 352
10485 11466 8 346
10485 11467 10 349
10485 11468 9 351
10485 11469 10 353
10485 11470 12 355
10485 11471 15 358
10485 11472 16 362
10485 11473 18 362
10485 11474 20 364
10485 11475 23 365
10485 11476 25 367
10485 11477 28 368
10485 11478 31 370
10485 11479 36 371
10485 11480 40 372
10485 11481 43 374
10485 11482 48 376
10485 11483 52 378
10485 11484 56 379
10485 11485 60 380
10485 11486 62 381
10485 11487 67 382
10485 11488 72 384
10485 11489 76 384
10485 11490 80 385
10485 11491 82 386
10485 11492 84 386
10485 11493 85 386
10485 11494 84 384
10591 11658 239 246
10591 11659 251 250
10591 11660 263 249
10591 11661 276 250
10591 11662 290 252
10591 11663 301 252
10591 11664 315 253
10591 11665 329 254
10591 11666 341 255
10591 11667 355 256
10591 11668 370 258
10591 11669 381 259
10591 11670 397 260
10591 11671 415 262
10591 11672 430 263
10591 11673 443 264
10591 11674 457 266
10591 11675 468 267
10591 11676 478 268
10591 11677 485 268
10591 11678 502 263
10918 12143 304 256
10918 12144 306 257
10918 12145 329 257
10918 12146 338 259
10918 12147 356 262
10918 12148 375 262
10918 12149 392 262
10918 12150 411 266
10918 12151 430 267
10918 12152 439 273
10920 12147 507 362
10920 12148 506 355
10920 12149 503 354
10920 12150 499 355
10920 12151 496 351
10920 12152 494 351
10920 12153 492 353
10920 12154 488 353
10920 12155 486 350
10920 12156 483 352
10920 12157 480 351
10920 12158 477 351
10920 12159 474 351
10920 12160 471 351
10920 12161 469 349
10920 12162 466 347
10920 12163 464 347
10920 12164 461 346
10920 12165 458 344
10920 12166 454 346
10920 12167 453 346
10920 12168 448 349
10920 12169 446 343
10920 12170 445 344
10920 12171 440 345
10920 12172 439 341
10920 12173 436 341
10920 12174 432 341
10920 12175 431 346
11006 12236 133 280
11006 12237 131 279
11006 12238 131 282
11006 12239 127 282
11006 12240 126 282
11006 12241 124 283
11006 12242 121 284
11006 12243 116 284
11006 12244 114 286
11006 12245 110 287
11006 12246 109 289
11006 12247 103 290
11006 12248 101 292
11006 12249 103 293
11006 12250 95 294
11006 12251 91 297
11006 12252 87 300
11006 12253 82 302
11006 12254 80 305
11006 12255 78 307
11006 12256 70 309
11006 12257 67 312
11294 12483 104 302
11294 12484 102 302
11294 12485 101 300
11294 12486 99 304
11294 12487 97 305
11294 12488 98 306
11294 12489 94 310
11294 12490 93 307
11294 12491 93 307
11294 12492 90 308
11294 12493 89 307
11294 12494 89 308
11294 12495 87 310
11294 12496 87 310
11294 12497 85 311
11294 12498 81 314
11294 12499 82 313
11294 12500 80 313
11294 12501 80 315
11294 12502 78 314
11294 12503 75 318
11294 12504 74 317
11294 12505 73 318
11294 12506 72 319
11294 12507 69 322
11294 12508 69 319
11294 12509 69 321
11294 12510 66 322
11294 12511 64 323
11294 12512 62 324
11294 12513 62 325
11294 12514 58 326
11294 12515 58 325
11294 12516 56 329
11294 12517 57 327
11294 12518 52 327
11294 12519 51 327
11294 12520 50 329
11294 12521 48 329
11294 12522 46 329
11294 12523 44 330
11294 12524 43 331
11294 12525 40 335
11294 12526 38 332
11294 12527 36 334