41 41 460 266
41 42 460 266
41 43 450 265
41 44 440 264
41 45 425 263
41 46 413 260
41 47 405 259
41 48 393 260
41 49 382 259
41 50 371 258
41 51 359 258
41 52 350 257
41 53 340 256
41 54 328 255
41 55 317 254
41 56 305 253
41 57 297 253
41 58 288 252
41 59 276 251
41 60 266 251
41 61 257 249
41 62 250 248
41 63 246 248
41 64 241 247
41 65 235 250
41 66 222 249
69 85 482 276
69 86 480 276
69 87 478 277
69 88 477 277
69 89 475 278
69 90 472 278
69 91 468 279
69 92 467 278
69 93 464 278
69 94 460 279
69 95 459 279
69 96 457 279
69 97 455 282
69 98 453 281
69 99 450 280
69 100 448 280
69 101 445 281
69 102 442 281
69 103 439 280
69 104 437 281
69 105 435 280
69 106 433 281
69 107 430 281
69 108 428 283
69 109 426 282
69 110 423 280
69 111 420 282
69 112 419 282
69 113 416 283
69 114 414 281
69 115 411 283
69 116 408 282
69 117 405 281
69 118 402 282
69 119 401 283
69 120 397 281
69 121 395 283
69 122 394 284
69 123 390 284
69 124 388 285
69 125 382 284
69 126 380 284
69 127 376 283
69 128 374 284
69 129 370 285
69 130 368 283
69 131 366 284
69 132 361 283
69 133 356 283
69 134 354 284
69 135 351 285
69 136 349 284
69 137 349 285
69 138 347 285
69 139 341 283
69 140 338 284
69 141 338 286
69 142 333 284
69 143 331 286
69 144 327 285
69 145 324 286
69 146 322 285
69 147 319 287
69 148 314 286
69 149 314 285
69 150 310 286
69 151 308 287
69 152 305 286
69 153 302 286
69 154 301 286
69 155 298 288
69 156 294 286
69 157 294 291
69 158 292 289
69 159 286 286
69 160 284 287
69 161 281 288
69 162 279 289
69 163 275 288
69 164 273 289
69 165 271 289
69 166 267 287
69 167 265 288
69 168 264 290
69 169 259 290
69 170 258 289
69 171 254 290
69 172 251 289
69 173 247 288
69 174 245 288
69 175 243 291
69 176 239 291
69 177 236 289
69 178 235 291
69 179 233 291
69 180 226 289
69 181 225 291
69 182 221 292
69 183 218 290
69 184 217 290
75 93 173 354
75 94 173 355
75 95 166 360
75 96 162 362
75 97 158 358
75 98 158 358
75 99 158 354
75 100 157 353
75 101 158 352
75 102 155 353
75 103 153 353
75 104 152 350
75 105 151 352
75 106 150 348
75 107 148 348
75 108 149 349
75 109 147 347
75 110 144 347
75 111 144 346
75 112 144 350
75 113 146 348
75 114 143 347
75 115 142 344
75 116 141 347
75 117 140 347
75 118 138 344
75 119 137 344
75 120 136 347
75 121 136 343
75 122 136 343
75 123 135 346
75 124 133 344
75 125 132 342
75 126 131 342
75 127 130 343
75 128 128 343
75 129 127 343
75 130 125 344
75 131 122 343
75 132 121 344
75 133 119 342
75 134 120 344
75 135 118 344
75 136 117 344
75 137 116 339
75 138 114 340
75 139 114 341
75 140 113 342
75 141 113 339
75 142 113 342
75 143 110 344
75 144 111 343
75 145 110 339
75 146 112 337
75 147 112 339
75 148 109 341
154 219 487 266
154 220 475 264
154 221 468 264
154 222 456 263
154 223 443 262
154 224 427 260
154 225 420 260
154 226 407 251
154 227 393 251
154 228 378 254
154 229 362 255
154 230 344 254
154 231 331 253
154 232 320 252
154 233 303 250
154 234 287 249
154 235 278 248
154 236 265 248
154 237 255 247
224 281 302 257
224 282 312 257
224 283 322 258
224 284 332 260
224 285 344 259
224 286 353 261
224 287 364 261
224 288 375 263
224 289 384 264
224 290 394 265
224 291 408 267
224 292 409 273
238 292 424 273
238 293 437 266
238 294 444 266
238 295 442 266
238 296 428 265
238 297 405 261
238 298 395 258
238 299 383 258
238 300 369 256
238 301 356 256
238 302 360 259
294 348 635 446
294 349 635 436
294 350 635 441
294 351 634 441
294 352 630 441
294 353 631 439
294 354 628 445
294 355 624 441
294 356 624 443
294 357 619 444
294 358 614 446
294 359 616 446
294 360 614 448
294 361 609 447
294 362 605 452
294 363 606 452
294 364 601 447
294 365 598 449
294 366 596 450
294 367 592 456
294 368 590 452
294 369 588 451
294 370 583 451
294 371 583 458
294 372 579 456
294 373 576 455
294 374 573 459
294 375 569 456
294 376 569 461
294 377 561 459
294 378 561 461
294 379 558 458
294 380 554 460
294 381 553 462
294 382 549 465
294 383 546 460
294 384 537 461
294 385 541 466
294 386 536 464
294 387 535 464
294 388 531 464
300 354 245 325
300 355 246 325
300 356 249 326
300 357 252 327
300 358 253 329
300 359 254 333
300 360 256 334
300 361 258 335
300 362 259 338
300 363 260 336
300 364 261 335
300 365 264 337
300 366 266 338
300 367 268 340
300 368 268 338
300 369 270 338
300 370 272 341
300 371 272 341
300 372 275 340
300 373 276 342
300 374 279 344
300 375 282 343
300 376 285 348
300 377 284 349
300 378 284 352
300 379 286 348
300 380 286 350
300 381 289 347
300 382 289 349
300 383 290 351
300 384 293 351
300 385 293 350
300 386 294 355
300 387 295 354
300 388 298 359
300 389 297 358
300 390 299 355
300 391 299 354
300 392 299 359
300 393 301 359
300 394 302 359
300 395 303 362
300 396 303 365
300 397 305 370
300 398 305 366
300 399 304 366
300 400 307 369
300 401 307 363
300 402 307 370
300 403 308 370
300 404 308 367
300 405 310 370
300 406 310 373
300 407 311 374
300 408 313 373
300 409 311 376
300 410 312 371
300 411 311 374
300 412 313 374
300 413 316 383
300 414 316 379
300 415 317 385
300 416 318 385
300 417 317 384
300 418 317 381
300 419 316 381
353 397 485 268
353 398 484 266
353 399 474 264
353 400 463 265
353 401 448 263
353 402 437 262
353 403 421 260
353 404 414 259
353 405 400 258
353 406 388 258
353 407 369 255
353 408 363 255
353 409 377 254
378 417 316 400
378 418 316 394
378 419 317 392
378 420 319 389
378 421 318 387
378 422 320 388
378 423 322 390
378 424 324 391
378 425 324 392
378 426 324 395
378 427 325 398
378 428 324 399
378 429 328 397
378 430 328 395
378 431 329 399
378 432 330 399
378 433 331 404
378 434 332 400
378 435 333 403
378 436 334 408
378 437 335 408
378 438 336 407
378 439 337 407
378 440 340 410
378 441 343 416
378 442 344 413
378 443 346 415
378 444 349 420
378 445 350 420
378 446 351 420
378 447 353 419
378 448 356 422
378 449 359 423
378 450 360 426
378 451 363 427
378 452 363 428
378 453 365 431
378 454 366 432
378 455 367 435
378 456 371 429
378 457 372 432
378 458 374 434
378 459 376 437
378 460 376 438
378 461 380 440
378 462 381 439
378 463 384 442
378 464 386 444
378 465 388 446
378 466 389 442
378 467 392 446
378 468 396 449
378 469 397 452
378 470 400 451
378 471 401 453
378 472 398 454
394 430 359 466
394 431 360 467
394 432 358 466
394 433 356 466
394 434 352 468
394 435 346 466
394 436 346 466
394 437 342 466
394 438 336 466
394 439 332 466
394 440 330 465
394 441 324 466
394 442 318 466
394 443 315 466
394 444 309 465
394 445 306 465
394 446 303 465
394 447 299 465
394 448 293 465
394 449 290 465
394 450 291 465
394 451 287 465
394 452 281 465
394 453 276 464
394 454 273 464
394 455 268 467
394 456 266 464
394 457 262 464
394 458 255 463
394 459 253 463
394 460 251 458
394 461 243 463
394 462 240 464
394 463 235 464
394 464 233 464
394 465 227 464
394 466 226 464
394 467 220 464
394 468 216 464
394 469 212 465
394 470 207 465
394 471 204 465
394 472 199 465
394 473 196 466
394 474 192 465
394 475 189 464
394 476 189 466
432 476 185 465
432 477 180 465
432 478 176 465
432 479 171 465
432 480 169 465
432 481 165 464
432 482 161 465
432 483 157 465
432 484 153 465
432 485 150 464
432 486 146 464
432 487 144 464
432 488 136 467
432 489 134 467
432 490 132 465
432 491 129 465
432 492 123 465
432 493 120 465
432 494 119 465
432 495 116 465
432 496 107 465
432 497 105 466
432 498 102 467
432 499 97 467
432 500 93 467
432 501 92 467
432 502 86 467
432 503 84 467
432 504 80 467
432 505 78 467
432 506 78 467
432 507 68 466
432 508 65 469
432 509 63 466
432 510 58 466
432 511 54 468
432 512 50 466
432 513 48 468
432 514 43 466
432 515 40 465
432 516 36 464
432 517 33 467
432 518 31 465
432 519 33 464
432 520 25 467
432 521 20 464
432 522 17 464
432 523 17 467
432 524 12 463
432 525 8 463
432 526 8 464
432 527 6 464
432 528 4 463
432 529 21 470
432 530 18 470
432 531 16 469
432 532 10 469
432 533 6 469
432 534 5 469
432 535 9 475
432 536 5 475
520 573 472 263
520 574 465 263
520 575 459 262
520 576 450 263
520 577 440 261
520 578 432 261
520 579 423 260
520 580 413 258
520 581 403 259
520 582 395 257
520 583 385 256
520 584 377 257
520 585 370 256
520 586 360 254
520 587 350 255
520 588 341 254
520 589 331 254
520 590 327 252
520 591 316 252
520 592 308 249
520 593 301 250
520 594 294 249
520 595 285 248
682 694 571 356
682 695 576 361
682 696 573 359
682 697 574 356
682 698 572 358
682 699 571 362
682 700 569 363
682 701 569 363
682 702 571 365
682 703 566 365
682 704 566 365
682 705 564 366
682 706 563 366
682 707 560 367
682 708 560 369
682 709 560 370
682 710 558 369
682 711 556 371
682 712 554 371
682 713 554 372
682 714 553 372
682 715 552 371
682 716 548 374
682 717 548 376
682 718 547 375
682 719 545 374
682 720 544 376
682 721 541 377
682 722 541 378
682 723 540 378
682 724 538 378
682 725 534 380
682 726 535 381
682 727 533 381
682 728 533 381
682 729 530 382
682 730 526 383
682 731 524 387
682 732 525 383
682 733 523 383
682 734 519 387
682 735 519 387
682 736 517 385
682 737 517 385
682 738 514 387
682 739 511 389
682 740 511 389
682 741 509 388
682 742 505 390
682 743 504 392
682 744 504 393
682 745 504 393
682 746 500 392
682 747 498 392
682 748 495 395
682 749 495 397
682 750 493 394
682 751 490 396
682 752 488 399
682 753 489 397
682 754 486 397
682 755 485 398
682 756 482 400
682 757 481 401
682 758 480 400
682 759 476 404
682 760 473 404
682 761 473 405
682 762 473 404
682 763 469 406
682 764 467 406
682 765 468 407
682 766 466 409
682 767 465 409
682 768 461 410
682 769 458 413
682 770 458 413
682 771 456 415
682 772 456 413
682 773 453 415
682 774 450 416
682 775 450 417
682 776 447 417
682 777 444 419
682 778 440 421
682 779 440 423
682 780 437 421
682 781 436 424
682 782 433 426
682 783 433 429
682 784 429 426
682 785 425 428
682 786 421 429
682 787 424 430
682 788 417 430
682 789 416 433
682 790 414 434
682 791 414 433
682 792 413 435
682 793 407 435
682 794 403 438
682 795 399 439
682 796 401 439
682 797 397 438
682 798 394 439
682 799 390 441
682 800 389 443
682 801 387 444
682 802 384 444
682 803 378 447
682 804 378 446
682 805 379 447
682 806 375 446
682 807 370 448
682 808 366 450
682 809 367 451
682 810 363 450
682 811 359 451
682 812 354 452
682 813 352 454
682 814 352 454
682 815 346 455
682 816 344 454
682 817 339 455
682 818 339 457
682 819 337 458
682 820 332 459
682 821 326 459
682 822 325 459
682 823 326 459
682 824 319 459
682 825 316 460
682 826 311 461
682 827 313 461
682 828 305 460
682 829 301 461
682 830 301 461
682 831 296 462
682 832 293 462
682 833 290 461
682 834 287 462
682 835 285 463
682 836 284 463
682 837 274 463
682 838 272 464
682 839 269 464
682 840 265 465
682 841 262 465
682 842 258 466
682 843 255 466
682 844 252 467
682 845 254 466
704 711 448 262
704 712 448 263
704 713 448 261
704 714 443 262
704 715 444 262
704 716 444 263
704 717 447 260
704 718 444 258
704 719 445 260
704 720 444 260
704 721 441 260
704 722 439 260
704 723 434 261
704 724 435 260
704 725 431 260
704 726 437 259
704 727 425 259
704 728 429 260
704 729 427 259
704 730 417 259
704 731 405 259
704 732 402 258
704 733 406 258
704 734 400 258
704 735 396 258
704 736 392 258
704 737 387 257
704 738 382 257
704 739 375 256
704 740 370 256
704 741 366 257
704 742 360 256
704 743 353 255
704 744 348 255
704 745 343 255
704 746 337 254
704 747 331 253
704 748 324 253
704 749 318 252
704 750 313 250
704 751 307 251
704 752 301 251
704 753 293 250
704 754 286 249
704 755 283 248
704 756 277 249
704 757 270 248
704 758 262 247
704 759 256 247
704 760 252 247
704 761 247 246
704 762 239 246
849 824 437 259
849 825 417 258
849 826 402 257
849 827 394 256
849 828 382 255
849 829 367 252
849 830 352 253
849 831 338 251
849 832 324 250
849 833 312 249
849 834 301 248
849 835 287 248
849 836 272 246
894 847 496 346
894 848 495 347
894 849 496 347
894 850 493 346
894 851 492 346
894 852 491 348
894 853 490 345
894 854 490 345
894 855 487 344
894 856 486 343
894 857 485 344
894 858 482 343
894 859 480 345
894 860 477 342
894 861 477 344
894 862 475 343
894 863 473 341
894 864 471 341
894 865 470 342
894 866 466 340
894 867 464 340
894 868 462 339
894 869 461 338
894 870 459 340
894 871 457 337
894 872 456 338
894 873 454 337
894 874 451 339
894 875 449 337
894 876 447 336
894 877 445 335
894 878 443 335
894 879 442 334
894 880 440 334
894 881 437 334
894 882 435 332
894 883 434 333
894 884 431 332
894 885 430 331
894 886 428 331
894 887 426 331
894 888 424 330
894 889 421 329
894 890 423 331
894 891 419 330
894 892 418 330
894 893 414 329
894 894 414 330
894 895 412 330
894 896 411 331
894 897 409 328
894 898 407 330
894 899 407 329
894 900 404 332
894 901 403 328
894 902 403 334
894 903 404 330
894 904 404 333
990 903 442 332
990 904 444 327
990 905 443 327
990 906 442 328
990 907 438 329
990 908 438 329
990 909 436 327
990 910 433 327
990 911 431 327
990 912 429 325
990 913 426 326
990 914 424 325
990 915 420 331
990 916 420 326
990 917 417 326
990 918 413 325
990 919 408 325
990 920 406 324
990 921 402 324
990 922 400 324
990 923 397 323
990 924 395 321
990 925 393 322
990 926 391 322
990 927 390 322
990 928 388 320
990 929 385 321
990 930 384 320
990 931 380 320
990 932 379 319
990 933 376 318
990 934 373 319
990 935 373 319
990 936 369 317
990 937 368 316
990 938 367 316
990 939 364 316
990 940 361 315
990 941 363 312
1060 954 162 276
1060 955 157 247
1060 956 164 248
1060 957 173 247
1060 958 181 248
1060 959 188 250
1060 960 188 247
1060 961 196 247
1060 962 203 247
1060 963 210 248
1060 964 211 248
1060 965 215 249
1083 973 446 330
1083 974 445 328
1083 975 444 329
1083 976 443 326
1083 977 442 325
1083 978 440 326
1083 979 439 328
1083 980 435 328
1083 981 433 327
1083 982 431 327
1083 983 431 328
1083 984 428 324
1083 985 426 326
1083 986 425 326
1083 987 420 324
1083 988 419 324
1083 989 415 323
1083 990 415 324
1083 991 410 323
1083 992 410 323
1083 993 407 323
1083 994 404 323
1083 995 404 321
1083 996 402 324
1083 997 398 321
1083 998 396 321
1083 999 395 320
1083 1000 393 322
1083 1001 391 322
1083 1002 388 320
1083 1003 389 322
1083 1004 386 321
1083 1005 381 317
1083 1006 380 319
1083 1007 379 318
1083 1008 378 317
1083 1009 374 316
1083 1010 373 318
1083 1011 371 319
1083 1012 369 316
1083 1013 367 317
1083 1014 364 316
1083 1015 361 315
1083 1016 360 315
1083 1017 358 315
1083 1018 355 315
1083 1019 354 313
1083 1020 352 313
1083 1021 350 315
1083 1022 349 310
1083 1023 347 311
1083 1024 345 311
1083 1025 345 308
1488 1193 137 302
1488 1194 141 301
1488 1195 144 301
1488 1196 148 302
1488 1197 152 307
1488 1198 158 311
1488 1199 162 310
1488 1200 167 310
1488 1201 171 309
1488 1202 179 308
1488 1203 184 305
1488 1204 189 305
1488 1205 194 308
1488 1206 199 304
1488 1207 206 306
1488 1208 207 306
1488 1209 215 305
1488 1210 221 304
1488 1211 227 302
1488 1212 230 304
1488 1213 232 304
1488 1214 240 301
1488 1215 245 300
1488 1216 248 300
1488 1217 254 299
1488 1218 256 302
1488 1219 262 305
1488 1220 265 303
1488 1221 266 303
1516 1204 484 268
1516 1205 480 266
1516 1206 473 265
1516 1207 464 265
1516 1208 455 264
1516 1209 444 263
1516 1210 431 262
1516 1211 420 260
1516 1212 414 260
1516 1213 401 259
1516 1214 393 258
1516 1215 377 256
1516 1216 368 256
1516 1217 361 255
1516 1218 348 254
1516 1219 339 253
1516 1220 327 251
1516 1221 338 250
1550 1218 230 376
1550 1219 231 375
1550 1220 233 375
1550 1221 236 374
1550 1222 249 379
1550 1223 252 381
1550 1224 255 382
1550 1225 257 382
1550 1226 259 382
1550 1227 261 382
1550 1228 264 382
1550 1229 266 381
1550 1230 268 381
1550 1231 271 381
1550 1232 273 380
1550 1233 274 376
1550 1234 276 378
1550 1235 276 373
1550 1236 278 373
1550 1237 281 372
1550 1238 282 371
1550 1239 286 369
1550 1240 288 368
1550 1241 290 368
1550 1242 292 366
1550 1243 294 366
1550 1244 295 366
1550 1245 297 365
1550 1246 301 365
1550 1247 304 365
1550 1248 305 365
1550 1249 306 364
1550 1250 309 363
1550 1251 311 363
1550 1252 313 363
1550 1253 316 362
1550 1254 319 362
1550 1255 321 361
1550 1256 322 361
1550 1257 325 361
1550 1258 326 361
1550 1259 329 361
1550 1260 331 361
1550 1261 335 360
1550 1262 335 360
1550 1263 339 361
1550 1264 340 360
1550 1265 342 360
1550 1266 344 362
1550 1267 348 359
1550 1268 349 359
1550 1269 351 360
1550 1270 355 363
1550 1271 357 360
1550 1272 360 360
1550 1273 355 363
1550 1274 365 362
1550 1275 367 364
1550 1276 369 361
1550 1277 373 364
1550 1278 373 363
1550 1279 377 364
1550 1280 380 364
1550 1281 382 361
1550 1282 384 363
1550 1283 387 364
1550 1284 389 362
1550 1285 393 365
1550 1286 397 366
1550 1287 397 363
1550 1288 401 365
1550 1289 400 362
1550 1290 401 362
1550 1291 404 364
1550 1292 408 365
1550 1293 412 376
1550 1294 412 366
1550 1295 412 357
1550 1296 418 364
1550 1297 416 358
1550 1298 420 366
1550 1299 424 366
1550 1300 425 367
1550 1301 424 356
1550 1302 432 368
1550 1303 435 376
1769 1320 324 300
1769 1321 323 301
1769 1322 322 301
1769 1323 319 296
1769 1324 316 296
1769 1325 313 297
1769 1326 313 297
1769 1327 306 299
1769 1328 304 301
1769 1329 302 301
1769 1330 301 300
1769 1331 295 297
1769 1332 292 298
1769 1333 289 299
1769 1334 286 299
1769 1335 281 299
1769 1336 277 299
1769 1337 273 300
1769 1338 269 300
1769 1339 263 300
1769 1340 258 301
1769 1341 254 304
1769 1342 248 302
1769 1343 243 301
1769 1344 235 305
1769 1345 233 306
1769 1346 228 301
1769 1347 218 302
1769 1348 214 302
1769 1349 206 303
1769 1350 203 302
1769 1351 199 303
1769 1352 191 303
1769 1353 187 308
1769 1354 181 307
1769 1355 178 306
1769 1356 174 304
1769 1357 169 308
1769 1358 163 305
1769 1359 161 310
1769 1360 158 305
1769 1361 151 305
1769 1362 150 305
1769 1363 146 305
1769 1364 142 304
1769 1365 140 304
1769 1366 137 305
1769 1367 133 304
1769 1368 129 304
1769 1369 127 305
1769 1370 125 304
1769 1371 122 304
1769 1372 119 306
1769 1373 114 307
1769 1374 114 307
1769 1375 114 308
1769 1376 110 306
1769 1377 108 307
1769 1378 108 304
2008 1461 247 250
2008 1462 247 250
2008 1463 254 251
2008 1464 259 251
2008 1465 269 251
2008 1466 280 250
2008 1467 289 250
2008 1468 296 252
2008 1469 307 251
2008 1470 313 255
2008 1471 329 257
2008 1472 339 258
2008 1473 349 260
2008 1474 355 258
2008 1475 366 260
2008 1476 376 261
2008 1477 383 261
2008 1478 392 263
2008 1479 402 263
2008 1480 413 264
2008 1481 425 265
2008 1482 432 265
2008 1483 441 266
2008 1484 450 267
2008 1485 459 268
2008 1486 466 268
2008 1487 472 269
2008 1488 477 270
2008 1489 479 270
2276 1603 119 286
2276 1604 115 288
2276 1605 110 290
2276 1606 108 292
2276 1607 106 293
2276 1608 97 293
2276 1609 95 292
2276 1610 94 295
2276 1611 91 299
2276 1612 88 297
2276 1613 81 301
2276 1614 81 305
2276 1615 76 302
2276 1616 70 304
2276 1617 66 306
2276 1618 63 309
2276 1619 61 312
2276 1620 57 314
2276 1621 50 317
2280 1607 104 302
2280 1608 100 304
2280 1609 97 305
2280 1610 90 306
2280 1611 90 308
2280 1612 87 309
2280 1613 83 312
2280 1614 78 314
2280 1615 76 314
2280 1616 73 318
2280 1617 69 320
2280 1618 64 323
2280 1619 59 324
2280 1620 54 324
2280 1621 49 327
2280 1622 43 331
2280 1623 34 335
2280 1624 33 340
2347 1693 350 377
2347 1694 352 379
2347 1695 349 381
2347 1696 350 376
2347 1697 350 377
2347 1698 350 381
2347 1699 349 380
2347 1700 348 378
2347 1701 346 381
2347 1702 345 379
2347 1703 343 381
2347 1704 343 385
2347 1705 341 381
2347 1706 339 382
2347 1707 336 382
2347 1708 335 384
2347 1709 334 382
2347 1710 334 381
2347 1711 330 381
2347 1712 329 385
2347 1713 327 384
2347 1714 326 380
2347 1715 325 381
2347 1716 323 383
2347 1717 319 383
2347 1718 320 380
2347 1719 317 383
2347 1720 315 382
2347 1721 315 379
2347 1722 314 379
2347 1723 311 380
2347 1724 311 381
2347 1725 307 379
2347 1726 306 380
2347 1727 305 380
2347 1728 304 378
2347 1729 302 381
2347 1730 300 381
2347 1731 301 379
2347 1732 300 379
2347 1733 297 379
2347 1734 296 380
2347 1735 294 379
2347 1736 293 379
2347 1737 291 377
2347 1738 290 376
2347 1739 288 376
2347 1740 286 376
2347 1741 286 377
2347 1742 285 377
2347 1743 283 378
2347 1744 282 374
2347 1745 280 377
2347 1746 280 374
2347 1747 277 373
2347 1748 277 375
2347 1749 274 375
2347 1750 273 374
2347 1751 272 375
2347 1752 270 373
2347 1753 269 373
2347 1754 269 372
2347 1755 267 371
2347 1756 266 371
2347 1757 265 372
2347 1758 264 369
2347 1759 262 368
2347 1760 261 370
2347 1761 261 370
2416 1884 4 471
2416 1885 5 466
2416 1886 9 465
2416 1887 13 465
2416 1888 17 465
2416 1889 22 465
2416 1890 25 465
2416 1891 29 465
2416 1892 36 465
2416 1893 39 466
2416 1894 43 465
2416 1895 46 465
2416 1896 51 465
2416 1897 56 464
2416 1898 61 465
2416 1899 65 465
2416 1900 71 465
2416 1901 78 465
2416 1902 79 465
2416 1903 83 464
2416 1904 88 464
2416 1905 94 465
2416 1906 97 465
2416 1907 104 464
2416 1908 106 464
2416 1909 111 464
2416 1910 117 464
2416 1911 124 464
2416 1912 128 465
2416 1913 133 464
2416 1914 138 464
2416 1915 143 463
2416 1916 146 464
2416 1917 151 463
2416 1918 155 463
2416 1919 158 463
2416 1920 167 463
2416 1921 174 464
2416 1922 174 463
2416 1923 177 463
2416 1924 177 463
2416 1925 187 463
2416 1926 191 463
2416 1927 198 463
2416 1928 201 463
2416 1929 208 464
2416 1930 215 463
2416 1931 218 463
2416 1932 223 463
2416 1933 227 463
2416 1934 231 463
2416 1935 237 463
2416 1936 241 463
2416 1937 243 462
2416 1938 250 462
2416 1939 254 462
2416 1940 258 461
2416 1941 263 461
2416 1942 267 459
2416 1943 272 461
2416 1944 274 461
2416 1945 280 460
2416 1946 286 460
2416 1947 291 460
2416 1948 293 459
2416 1949 301 458
2416 1950 306 457
2416 1951 309 457
2416 1952 313 456
2416 1953 317 454
2416 1954 321 454
2416 1955 325 455
2416 1956 327 455
2416 1957 336 453
2416 1958 339 452
2416 1959 346 452
2416 1960 344 453
2416 1961 351 449
2416 1962 358 450
2416 1963 360 449
2416 1964 367 448
2416 1965 374 448
2416 1966 374 448
2416 1967 376 448
2416 1968 383 443
2416 1969 386 445
2416 1970 393 445
2416 1971 394 444
2416 1972 399 442
2416 1973 403 441
2416 1974 405 440
2416 1975 406 443
2416 1976 412 441
2416 1977 417 439
2416 1978 420 438
2416 1979 422 440
2416 1980 422 440
2416 1981 430 435
2416 1982 433 435
2416 1983 438 436
2416 1984 438 436
2416 1985 446 434
2416 1986 451 434
2416 1987 454 431
2416 1988 458 430
2416 1989 460 429
2416 1990 462 430
2416 1991 467 429
2416 1992 472 427
2416 1993 472 428
2416 1994 476 428
2416 1995 479 428
2416 1996 485 426
2416 1997 488 423
2416 1998 490 423
2416 1999 495 422
2416 2000 498 423
2416 2001 502 423
2416 2002 508 420
2416 2003 511 418
2416 2004 516 420
2416 2005 517 418
2416 2006 522 416
2416 2007 525 417
2416 2008 528 416
2416 2009 528 418
2416 2010 532 415
2416 2011 537 413
2416 2012 538 415
2416 2013 540 413
2416 2014 543 414
2416 2015 550 411
2416 2016 550 412
2416 2017 552 410
2416 2018 554 411
2416 2019 557 408
2416 2020 561 408
2416 2021 562 408
2416 2022 564 414
2588 1998 391 262
2588 1999 402 263
2588 2000 415 265
2588 2001 432 266
2588 2002 447 267
2588 2003 453 267
2588 2004 460 268
2588 2005 469 268
2588 2006 473 270
2588 2007 480 269
2588 2008 474 268
2588 2009 470 266
2588 2010 461 264
2588 2011 450 263
2588 2012 438 261
2588 2013 429 259
2588 2014 415 260
2588 2015 401 259
2588 2016 389 258
2588 2017 385 257
2588 2018 375 255
2588 2019 366 255
2588 2020 353 254
2588 2021 339 254
2588 2022 328 252
2588 2023 320 252
2588 2024 311 250
2588 2025 301 250
2588 2026 286 249
2588 2027 273 248
2588 2028 265 248
2588 2029 260 246
2588 2030 253 246
2588 2031 243 246
2588 2032 230 249
2619 2020 485 267
2619 2021 482 265
2619 2022 476 264
2619 2023 470 265
2619 2024 459 264
2619 2025 451 263
2619 2026 435 261
2619 2027 422 261
2619 2028 412 259
2619 2029 406 258
2619 2030 396 257
2619 2031 385 257
2619 2032 371 256
2619 2033 359 255
2619 2034 354 255
2619 2035 345 254
2619 2036 334 252
2619 2037 325 253
2619 2038 317 251
2619 2039 307 249
2619 2040 297 249
2619 2041 287 249
2619 2042 276 248
2619 2043 269 247
2619 2044 259 246
2619 2045 229 246
2691 2054 485 267
2691 2055 479 265
2691 2056 474 265
2691 2057 469 266
2691 2058 461 264
2691 2059 449 262
2691 2060 436 261
2691 2061 425 259
2691 2062 415 260
2691 2063 403 259
2691 2064 391 258
2691 2065 381 257
2691 2066 370 255
2691 2067 358 254
2691 2068 346 250
2691 2069 335 250
2691 2070 323 251
2691 2071 312 251
2691 2072 303 250
2691 2073 288 249
2691 2074 284 248
2934 2295 136 278
2934 2296 132 280
2934 2297 138 278
2934 2298 141 276
2934 2299 142 275
2934 2300 147 274
2934 2301 153 271
2934 2302 152 268
2934 2303 153 268
2934 2304 157 267
2934 2305 159 265
2934 2306 160 267
2934 2307 165 267
2934 2308 168 266
2934 2309 169 263
2934 2310 173 264
2934 2311 176 264
2934 2312 175 262
2934 2313 176 260
2934 2314 181 262
2934 2315 183 258
2934 2316 183 257
2934 2317 186 257
2934 2318 185 256
2934 2319 186 257
2934 2320 190 255
2934 2321 193 258
2934 2322 196 258
2934 2323 196 257
2934 2324 196 257
2934 2325 202 257
2934 2326 204 256
2934 2327 205 256
2934 2328 201 255
2934 2329 205 255
2934 2330 206 253
2934 2331 208 249
2934 2332 210 254
2934 2333 211 253
2934 2334 213 253
2934 2335 215 248
2934 2336 218 248
2934 2337 221 251
2934 2338 225 249
2957 2311 308 292
2957 2312 308 293
2957 2313 303 293
2957 2314 300 297
2957 2315 298 300
2957 2316 295 299
2957 2317 293 300
2957 2318 293 295
2957 2319 290 299
2957 2320 287 300
2957 2321 283 302
2957 2322 280 300
2957 2323 278 301
2957 2324 276 302
2957 2325 275 301
2957 2326 271 302
2957 2327 268 301
2957 2328 267 301
2957 2329 265 300
2957 2330 262 302
2957 2331 259 301
2957 2332 257 304
2957 2333 256 302
2957 2334 253 303
2957 2335 250 304
2957 2336 249 299
2957 2337 246 300
2957 2338 243 304
2957 2339 241 304
2957 2340 237 305
2957 2341 235 303
2957 2342 234 304
2957 2343 232 305
2957 2344 229 307
2957 2345 225 304
2957 2346 225 304
2957 2347 223 305
2957 2348 219 304
2957 2349 217 306
2957 2350 216 305
2957 2351 213 310
2957 2352 213 304
2957 2353 210 304
2957 2354 207 304
2957 2355 204 306
2957 2356 201 306
2957 2357 202 303
3109 2457 164 322
3109 2458 166 321
3109 2459 163 323
3109 2460 166 323
3109 2461 168 322
3109 2462 168 324
3109 2463 169 324
3109 2464 170 332
3109 2465 170 332
3109 2466 172 332
3109 2467 173 326
3109 2468 175 335
3109 2469 177 336
3109 2470 178 335
3109 2471 179 335
3109 2472 181 336
3109 2473 184 339
3109 2474 182 328
3109 2475 187 336
3109 2476 188 335
3109 2477 191 336
3109 2478 192 331
3109 2479 194 340
3109 2480 196 337
3109 2481 198 342
3109 2482 200 343
3109 2483 202 342
3109 2484 204 338
3109 2485 207 342
3109 2486 209 343
3109 2487 211 345
3109 2488 214 339
3109 2489 217 344
3109 2490 219 341
3109 2491 221 342
3109 2492 225 345
3109 2493 227 343
3109 2494 230 342
3109 2495 233 346
3109 2496 238 351
3109 2497 240 345
3109 2498 241 350
3109 2499 247 350
3109 2500 252 352
3109 2501 254 351
3109 2502 259 353
3109 2503 262 352
3109 2504 267 349
3109 2505 272 354
3109 2506 275 350
3109 2507 279 354
3109 2508 286 356
3109 2509 287 356
3109 2510 292 358
3109 2511 296 352
3109 2512 303 360
3109 2513 308 361
3109 2514 312 362
3109 2515 313 360
3109 2516 321 364
3109 2517 324 362
3109 2518 331 362
3109 2519 337 364
3109 2520 338 358
3109 2521 345 367
3109 2522 353 364
3109 2523 356 371
3109 2524 359 375
3109 2525 363 373
3170 2480 282 361
3170 2481 282 356
3170 2482 286 356
3170 2483 283 356
3170 2484 294 362
3170 2485 291 357
3170 2486 294 358
3170 2487 306 359
3170 2488 302 358
3170 2489 303 360
3170 2490 302 359
3170 2491 307 360
3170 2492 307 360
3170 2493 312 362
3170 2494 318 360
3170 2495 317 361
3170 2496 322 364
3170 2497 327 362
3170 2498 332 363
3170 2499 339 363
3170 2500 341 364
3170 2501 342 365
3170 2502 344 365
3170 2503 352 366
3170 2504 357 368
3170 2505 361 369
3170 2506 363 365
3170 2507 374 361
3170 2508 378 362
3170 2509 381 363
3170 2510 388 363
3170 2511 393 367
3170 2512 398 364
3170 2513 402 365
3170 2514 400 369
3170 2515 413 366
3170 2516 414 370
3170 2517 422 367
3170 2518 427 370
3170 2519 433 368
3170 2520 438 373
3170 2521 441 369
3170 2522 448 370
3170 2523 454 371
3170 2524 454 375
3170 2525 467 372
3170 2526 469 372
3170 2527 475 373
3170 2528 480 373
3170 2529 485 374
3170 2530 490 374
3170 2531 495 375
3170 2532 500 375
3170 2533 505 377
3170 2534 511 376
3170 2535 516 376
3170 2536 521 377
3170 2537 526 377
3170 2538 531 377
3170 2539 535 386
3170 2540 542 379
3170 2541 546 379
3170 2542 550 379
3170 2543 556 379
3170 2544 560 380
3170 2545 565 380
3170 2546 569 380
3170 2547 574 381
3170 2548 578 381
3170 2549 582 381
3170 2550 586 381
3170 2551 591 382
3170 2552 595 381
3170 2553 598 381
3170 2554 600 382
3170 2555 605 382
3170 2556 607 382
3170 2557 611 382
3170 2558 615 383
3170 2559 620 378
3170 2560 620 383
3170 2561 621 392
3170 2562 622 392
3170 2563 624 392
3215 2495 369 390
3215 2496 373 391
3215 2497 378 391
3215 2498 382 392
3215 2499 382 393
3215 2500 382 392
3215 2501 387 393
3215 2502 391 394
3215 2503 390 393
3215 2504 393 394
3215 2505 400 383
3215 2506 400 384
3215 2507 405 378
3215 2508 409 380
3215 2509 420 381
3215 2510 424 380
3215 2511 424 375
3215 2512 434 383
3215 2513 433 387
3215 2514 438 383
3215 2515 441 379
3215 2516 449 383
3215 2517 443 390
3809 2937 71 322
3809 2938 66 324
3809 2939 61 327
3809 2940 55 329
3809 2941 50 331
3809 2942 45 334
3809 2943 38 337
3809 2944 35 336
3809 2945 30 342
3809 2946 24 345
3809 2947 18 348
3809 2948 10 350
3832 2958 261 470
3832 2959 262 470
3832 2960 268 470
3832 2961 271 470
3832 2962 275 469
3832 2963 279 471
3832 2964 285 468
3832 2965 288 470
3832 2966 292 470
3832 2967 297 468
3832 2968 301 468
3832 2969 307 468
3832 2970 310 471
3832 2971 315 471
3832 2972 319 469
3832 2973 324 469
3832 2974 328 469
3832 2975 333 468
3832 2976 337 469
3832 2977 342 469
3832 2978 346 469
3832 2979 350 468
3832 2980 353 468
3832 2981 358 469
3832 2982 364 469
3832 2983 371 468
3832 2984 372 468
3832 2985 376 470
3832 2986 379 468
3832 2987 384 467
3832 2988 390 467
3832 2989 394 467
3832 2990 396 470
3832 2991 402 467
3832 2992 407 467
3832 2993 410 466
3832 2994 413 466
3832 2995 418 466
3832 2996 424 464
3832 2997 422 462
3841 2974 344 319
3841 2975 346 322
3841 2976 344 325
3841 2977 350 318
3841 2978 352 321
3841 2979 354 321
3841 2980 355 322
3841 2981 358 322
3841 2982 361 322
3841 2983 365 325
3841 2984 366 323
3841 2985 366 325
3841 2986 370 324
3841 2987 372 326
3841 2988 375 324
3841 2989 378 324
3841 2990 381 325
3841 2991 383 326
3841 2992 385 326
3841 2993 387 326
3841 2994 387 329
3841 2995 391 329
3841 2996 395 328
3841 2997 396 327
3841 2998 400 329
3841 2999 402 328
3841 3000 404 329
3841 3001 406 329
3841 3002 409 329
3841 3003 411 331
3841 3004 414 329
3841 3005 415 332
3841 3006 418 333
3841 3007 419 330
3841 3008 422 333
3841 3009 423 334
3841 3010 427 334
3841 3011 430 333
3841 3012 432 333
3841 3013 434 334
3841 3014 435 337
3841 3015 438 335
3841 3016 442 336
3841 3017 443 333
3841 3018 443 335
3841 3019 447 337
3841 3020 450 336
3841 3021 451 336
3841 3022 454 335
3841 3023 456 336
3841 3024 458 337
3841 3025 458 340
3841 3026 463 335
3841 3027 464 336
3841 3028 464 339
3841 3029 465 335
3841 3030 466 338
3841 3031 489 325
3841 3032 468 330
3977 3184 199 247
3977 3185 208 247
3977 3186 230 252
3977 3187 235 250
3977 3188 249 251
3977 3189 259 252
3977 3190 271 253
3977 3191 283 254
3977 3192 297 255
3977 3193 312 256
3977 3194 326 258
3977 3195 338 258
3977 3196 350 260
3977 3197 365 261
3977 3198 381 262
3977 3199 383 268
4064 3328 488 268
4064 3329 482 268
4064 3330 478 265
4064 3331 471 267
4064 3332 460 264
4064 3333 448 263
4064 3334 436 261
4064 3335 425 261
4064 3336 410 259
4064 3337 397 258
4064 3338 382 257
4064 3339 370 257
4064 3340 359 255
4064 3341 347 253
4064 3342 334 253
4064 3343 345 256
4085 3351 231 246
4085 3352 235 254
4085 3353 241 255
4085 3354 247 253
4085 3355 252 253
4085 3356 258 254
4085 3357 269 255
4085 3358 276 255
4085 3359 284 256
4085 3360 293 257
4085 3361 296 256
4085 3362 309 257
4085 3363 318 258
4085 3364 323 258
4085 3365 330 260
4085 3366 337 260
4085 3367 348 261
4085 3368 354 262
4085 3369 365 263
4085 3370 374 263
4085 3371 378 264
4085 3372 385 265
4085 3373 404 267
4085 3374 407 266
4289 3572 226 252
4289 3573 224 250
4289 3574 218 251
4289 3575 213 251
4289 3576 210 252
4289 3577 205 253
4289 3578 197 253
4289 3579 191 255
4289 3580 186 255
4289 3581 184 257
4289 3582 179 255
4289 3583 175 257
4289 3584 171 257
4289 3585 167 262
4289 3586 164 261
4289 3587 161 264
4289 3588 157 265
4289 3589 152 267
4289 3590 149 269
4289 3591 146 270
4289 3592 142 271
4289 3593 138 273
4289 3594 134 275
4289 3595 131 274
4289 3596 127 278
4289 3597 122 280
4289 3598 119 279
4289 3599 114 282
4289 3600 110 283
4289 3601 104 288
4289 3602 100 289
4289 3603 96 292
4289 3604 91 291
4289 3605 85 296
4289 3606 81 297
4289 3607 75 298
4289 3608 70 303
4289 3609 63 305
4289 3610 58 305
4289 3611 52 310
4289 3612 48 309
4289 3613 40 313
4289 3614 35 316
4289 3615 30 320
4289 3616 22 323
4289 3617 19 322
4289 3618 15 325
4289 3619 13 325
4289 3620 10 326
4289 3621 7 329
4289 3622 3 334
4311 3583 206 262
4311 3584 205 261
4311 3585 198 263
4311 3586 196 262
4311 3587 190 256
4311 3588 185 251
4311 3589 180 252
4311 3590 176 257
4311 3591 171 258
4311 3592 168 257
4311 3593 163 257
4311 3594 159 259
4311 3595 156 262
4311 3596 153 264
4311 3597 150 267
4311 3598 143 268
4311 3599 139 268
4311 3600 131 270
4311 3601 129 270
4311 3602 126 276
4311 3603 121 276
4311 3604 117 278
4311 3605 113 281
4311 3606 109 281
4311 3607 105 283
4311 3608 99 285
4311 3609 93 289
4311 3610 88 288
4311 3611 84 292
4311 3612 79 293
4311 3613 73 295
4311 3614 66 297
4311 3615 62 302
4311 3616 58 302
4311 3617 52 307
4311 3618 47 310
4311 3619 42 311
4311 3620 35 314
4311 3621 29 315
4311 3622 24 316
4311 3623 18 318
4311 3624 22 325
4565 3742 453 394
4565 3743 458 398
4565 3744 457 399
4565 3745 455 402
4565 3746 449 405
4565 3747 443 402
4565 3748 444 405
4565 3749 436 404
4565 3750 433 405
4565 3751 429 410
4565 3752 428 411
4565 3753 423 412
4565 3754 415 414
4565 3755 413 414
4565 3756 411 412
4565 3757 405 414
4565 3758 403 420
4565 3759 396 415
4565 3760 393 419
4565 3761 389 416
4601 3783 273 444
4601 3784 273 451
4601 3785 272 453
4601 3786 266 452
4601 3787 259 446
4601 3788 254 454
4601 3789 248 450
4601 3790 246 454
4601 3791 240 455
4601 3792 233 457
4601 3793 230 457
4601 3794 224 458
4601 3795 219 461
4601 3796 212 459
4601 3797 206 457
4601 3798 202 459
4601 3799 195 460
4601 3800 189 461
4601 3801 183 461
4601 3802 178 459
4601 3803 173 461
4601 3804 170 460
4751 3917 243 250
4751 3918 263 252
4751 3919 286 253
4751 3920 293 253
4751 3921 300 255
4751 3922 307 255
4751 3923 320 256
4751 3924 328 257
4751 3925 334 258
4751 3926 345 259
4751 3927 353 259
4751 3928 365 259
4751 3929 371 260
4751 3930 382 260
4751 3931 375 261
4811 3981 123 458
4811 3982 128 457
4811 3983 134 450
4811 3984 136 445
4811 3985 137 448
4811 3986 140 451
4811 3987 142 451
4811 3988 145 450
4811 3989 148 453
4811 3990 151 453
4811 3991 154 454
4811 3992 155 453
4811 3993 158 455
4811 3994 161 455
4811 3995 164 456
4811 3996 166 458
4811 3997 170 458
4811 3998 173 459
4811 3999 176 459
4811 4000 180 459
4811 4001 180 460
4811 4002 185 459
4811 4003 188 460
4811 4004 192 462
4811 4005 193 466
4811 4006 195 466
4811 4007 200 465
4811 4008 204 467
4811 4009 208 467
4811 4010 211 464
4811 4011 211 467
4811 4012 216 467
4811 4013 221 469
4811 4014 224 469
4811 4015 226 469
4811 4016 229 470
4811 4017 234 470
4811 4018 237 471
4811 4019 238 472
4811 4020 243 472
4811 4021 247 472
4811 4022 247 474
4811 4023 253 473
4956 4142 505 406
4956 4143 502 412
4956 4144 501 409
4956 4145 500 410
4956 4146 498 404
4956 4147 497 403
4956 4148 496 402
4956 4149 494 402
4956 4150 492 405
4956 4151 490 402
4956 4152 490 397
4956 4153 488 399
4956 4154 486 401
4956 4155 485 395
4956 4156 483 393
4956 4157 482 395
4956 4158 480 396
4956 4159 479 391
4956 4160 477 393
4956 4161 475 392
4956 4162 475 387
4956 4163 473 392
4956 4164 472 390
4956 4165 470 385
4956 4166 469 383
4956 4167 467 384
4956 4168 465 386
4956 4169 464 381
4956 4170 462 384
4956 4171 460 383
4956 4172 459 381
4956 4173 458 382
4956 4174 457 376
4956 4175 456 376
4956 4176 456 375
4956 4177 455 375
4956 4178 454 379
4956 4179 450 385
5131 4390 546 358
5131 4391 543 358
5131 4392 538 356
5131 4393 534 357
5131 4394 532 357
5131 4395 530 353
5131 4396 527 355
5131 4397 523 354
5131 4398 518 352
5131 4399 518 351
5131 4400 512 350
5131 4401 510 350
5131 4402 507 349
5131 4403 503 347
5131 4404 499 346
5131 4405 496 345
5131 4406 493 346
5131 4407 491 344
5131 4408 488 343
5131 4409 484 344
5131 4410 481 343
5131 4411 480 341
5131 4412 477 342
5131 4413 472 340
5131 4414 470 340
5131 4415 466 340
5131 4416 464 338
5131 4417 462 337
5131 4418 459 337
5131 4419 456 336
5131 4420 454 335
5131 4421 453 334
5131 4422 447 335
5131 4423 445 334
5131 4424 442 334
5131 4425 440 332
5131 4426 437 331
5131 4427 435 330
5131 4428 432 330
5131 4429 428 331
5131 4430 425 329
5131 4431 427 327
5324 4653 505 353
5324 4654 507 355
5324 4655 511 356
5324 4656 514 356
5324 4657 515 356
5324 4658 520 357
5324 4659 522 359
5324 4660 524 357
5324 4661 528 358
5324 4662 531 360
5324 4663 530 361
5324 4664 535 362
5324 4665 538 359
5324 4666 538 362
5324 4667 543 361
5324 4668 547 361
5324 4669 548 362
5324 4670 552 362
5324 4671 554 364
5324 4672 556 368
5324 4673 559 369
5324 4674 561 365
5324 4675 564 365
5324 4676 564 367
5324 4677 570 369
5324 4678 571 370
5324 4679 575 372
5324 4680 578 370
5324 4681 580 372
5324 4682 581 372
5324 4683 585 370
5324 4684 588 373
5324 4685 591 376
5324 4686 594 374
5324 4687 596 374
5324 4688 599 375
5324 4689 602 380
5324 4690 606 377
5324 4691 607 379
5324 4692 610 379
5324 4693 614 379
5324 4694 617 378
5324 4695 616 379
5324 4696 619 380
5324 4697 623 381
5324 4698 626 382
5324 4699 628 382
5431 4747 163 275
5431 4748 163 276
5431 4749 158 277
5431 4750 156 279
5431 4751 154 281
5431 4752 151 282
5431 4753 148 283
5431 4754 145 283
5431 4755 139 286
5431 4756 137 286
5431 4757 135 290
5431 4758 131 290
5431 4759 127 292
5431 4760 124 294
5431 4761 120 293
5431 4762 116 295
5431 4763 109 299
5431 4764 105 300
5431 4765 104 303
5431 4766 100 302
5431 4767 93 304
5431 4768 91 306
5431 4769 87 307
5431 4770 84 308
5431 4771 79 310
5431 4772 76 312
5431 4773 83 315
5578 4907 484 475
5578 4908 482 475
5578 4909 481 475
5578 4910 476 474
5578 4911 474 474
5578 4912 472 473
5578 4913 469 473
5578 4914 466 472
5578 4915 463 472
5578 4916 461 471
5578 4917 458 471
5578 4918 456 471
5578 4919 454 470
5578 4920 453 469
5578 4921 451 469
5578 4922 448 468
5578 4923 446 467
5578 4924 444 467
5578 4925 442 467
5578 4926 440 466
5578 4927 437 466
5578 4928 434 466
5578 4929 433 465
5578 4930 431 465
5578 4931 429 464
5578 4932 427 464
5578 4933 422 464
5578 4934 421 463
5578 4935 419 462
5578 4936 417 462
5578 4937 416 461
5578 4938 415 456
5578 4939 412 452
5578 4940 410 458
5578 4941 409 457
5623 4947 86 320
5623 4948 87 316
5623 4949 91 314
5623 4950 94 313
5623 4951 98 311
5623 4952 99 309
5623 4953 104 307
5623 4954 107 305
5623 4955 110 300
5623 4956 117 302
5623 4957 117 300
5623 4958 121 298
5623 4959 126 297
5623 4960 127 296
5623 4961 136 296
5623 4962 137 295
5623 4963 138 292
5623 4964 139 290
5623 4965 142 289
5623 4966 149 289
5623 4967 151 288
5623 4968 152 285
5623 4969 151 281
5623 4970 154 280
5623 4971 157 279
5623 4972 160 277
5703 5001 55 327
5703 5002 57 323
5703 5003 59 321
5703 5004 61 322
5703 5005 64 319
5703 5006 64 317
5703 5007 67 320
5703 5008 69 319
5703 5009 71 319
5703 5010 73 320
5703 5011 75 318
5703 5012 77 320
5703 5013 78 319
5703 5014 80 316
5703 5015 82 314
5703 5016 83 315
5703 5017 85 315
5703 5018 88 314
5703 5019 89 314
5703 5020 91 313
5703 5021 93 312
5703 5022 95 315
5703 5023 96 311
5703 5024 99 312
5703 5025 100 310
5703 5026 102 312
5703 5027 105 310
5703 5028 106 309
5703 5029 108 309
5703 5030 110 308
5703 5031 112 307
5703 5032 114 307
5703 5033 117 306
5703 5034 119 308
5703 5035 120 308
5703 5036 123 306
5703 5037 125 305
5703 5038 126 304
5703 5039 128 303
5703 5040 130 303
5703 5041 133 303
5703 5042 135 307
5703 5043 136 302
5703 5044 139 302
5703 5045 141 303
5703 5046 142 305
5703 5047 144 301
5703 5048 147 301
5703 5049 148 300
5703 5050 153 301
5703 5051 155 302
5703 5052 156 298
5703 5053 159 297
5703 5054 161 294
5703 5055 163 295
5703 5056 164 297
5703 5057 166 296
5703 5058 170 300
5703 5059 172 295
5703 5060 173 298
5703 5061 176 299
5703 5062 178 298
5703 5063 180 295
5703 5064 180 298
5703 5065 183 296
5703 5066 186 295
5703 5067 190 294
5703 5068 191 295
5703 5069 193 294
5703 5070 195 292
5703 5071 196 288
5735 5059 235 358
5735 5060 242 356
5735 5061 239 360
5735 5062 243 357
5735 5063 242 360
5735 5064 241 355
5735 5065 240 354
5735 5066 238 356
5735 5067 239 353
5735 5068 237 352
5735 5069 237 352
5735 5070 233 353
5735 5071 234 354
5735 5072 233 351
5735 5073 233 349
5735 5074 231 349
5735 5075 231 348
5735 5076 229 347
5735 5077 227 347
5735 5078 226 346
5735 5079 224 347
5735 5080 225 345
5735 5081 225 343
5735 5082 225 340
5735 5083 223 342
5735 5084 221 341
5735 5085 221 343
5735 5086 220 343
5735 5087 220 343
5735 5088 219 342
5735 5089 218 341
5735 5090 217 340
5735 5091 217 340
5735 5092 214 340
5735 5093 215 339
5735 5094 214 338
5735 5095 213 335
5735 5096 211 334
5735 5097 211 334
5735 5098 211 334
5735 5099 211 332
5735 5100 208 334
5735 5101 208 334
5735 5102 208 334
5735 5103 206 330
5735 5104 208 332
5735 5105 207 330
5735 5106 206 331
5735 5107 205 332
5735 5108 202 331
5735 5109 203 328
5735 5110 203 330
5735 5111 202 330
5735 5112 200 331
5735 5113 198 330
5735 5114 200 335
5735 5115 198 329
5735 5116 195 329
5735 5117 196 324
5778 5124 483 269
5778 5125 480 263
5778 5126 477 261
5778 5127 469 261
5778 5128 456 261
5778 5129 443 259
5778 5130 434 259
5778 5131 423 258
5778 5132 412 257
5778 5133 394 256
5778 5134 390 256
5778 5135 380 254
5778 5136 369 253
5778 5137 377 249
5922 5227 247 251
5922 5228 246 251
5922 5229 256 251
5922 5230 267 252
5922 5231 278 254
5922 5232 288 255
5922 5233 300 255
5922 5234 309 256
5922 5235 322 258
5922 5236 333 259
5922 5237 343 259
5922 5238 356 259
5922 5239 348 266
6037 5296 252 251
6037 5297 259 251
6037 5298 268 252
6037 5299 276 253
6037 5300 291 255
6037 5301 298 254
6037 5302 310 256
6037 5303 320 256
6037 5304 333 258
6037 5305 345 259
6037 5306 355 260
6037 5307 350 266
6117 5383 526 354
6117 5384 525 354
6117 5385 520 352
6117 5386 517 352
6117 5387 517 350
6117 5388 514 349
6117 5389 512 349
6117 5390 509 350
6117 5391 506 349
6117 5392 505 350
6117 5393 503 349
6117 5394 499 350
6117 5395 497 348
6117 5396 494 347
6117 5397 491 348
6117 5398 490 348
6117 5399 486 347
6117 5400 484 347
6117 5401 481 346
6117 5402 478 346
6117 5403 476 346
6117 5404 474 345
6117 5405 471 345
6117 5406 468 345
6117 5407 467 346
6117 5408 465 345
6117 5409 462 342
6117 5410 459 344
6117 5411 457 345
6117 5412 453 344
6117 5413 453 342
6117 5414 450 343
6117 5415 447 343
6117 5416 445 341
6117 5417 444 340
6117 5418 441 341
6117 5419 439 341
6117 5420 437 341
6117 5421 434 339
6117 5422 432 339
6117 5423 431 339
6117 5424 428 339
6117 5425 426 338
6117 5426 424 337
6117 5427 425 337
6140 5432 482 267
6140 5433 476 265
6140 5434 465 264
6140 5435 456 264
6140 5436 440 262
6140 5437 426 259
6140 5438 415 259
6140 5439 402 259
6140 5440 388 258
6140 5441 374 256
6140 5442 362 255
6140 5443 352 254
6140 5444 359 259
6271 5688 3 348
6271 5689 4 343
6271 5690 5 342
6271 5691 7 342
6271 5692 10 341
6271 5693 11 339
6271 5694 15 340
6271 5695 16 339
6271 5696 18 340
6271 5697 21 337
6271 5698 24 336
6271 5699 26 336
6271 5700 26 337
6271 5701 29 336
6271 5702 33 336
6271 5703 34 339
6271 5704 37 336
6271 5705 38 331
6271 5706 39 332
6271 5707 42 332
6271 5708 44 330
6271 5709 47 331
6271 5710 49 331
6271 5711 50 327
6271 5712 51 329
6271 5713 54 329
6271 5714 56 329
6271 5715 57 327
6271 5716 59 328
6271 5717 61 324
6271 5718 62 324
6271 5719 65 323
6271 5720 66 326
6271 5721 68 325
6271 5722 70 324
6271 5723 71 322
6271 5724 73 320
6271 5725 74 318
6271 5726 77 319
6271 5727 79 319
6271 5728 80 320
6271 5729 82 319
6271 5730 83 319
6271 5731 85 317
6271 5732 86 312
6271 5733 89 316
6271 5734 91 315
6271 5735 92 316
6271 5736 92 314
6271 5737 95 314
6271 5738 98 313
6271 5739 100 311
6271 5740 101 312
6271 5741 103 314
6271 5742 104 312
6271 5743 106 306
6271 5744 107 310
6271 5745 108 308
6271 5746 109 308
6271 5747 111 307
6271 5748 114 308
6271 5749 115 306
6271 5750 116 306
6271 5751 117 306
6271 5752 120 305
6271 5753 122 304
6271 5754 123 304
6271 5755 123 301
6271 5756 125 301
6271 5757 126 302
6271 5758 126 303
6271 5759 129 300
6271 5760 131 297
6271 5761 132 297
6271 5762 132 300
6271 5763 135 300
6271 5764 135 299
6271 5765 136 298
6271 5766 138 298
6271 5767 140 297
6271 5768 140 297
6271 5769 140 297
6271 5770 143 297
6271 5771 144 292
6271 5772 145 292
6271 5773 147 293
6271 5774 147 294
6271 5775 148 293
6271 5776 150 292
6271 5777 151 294
6271 5778 154 293
6271 5779 154 292
6271 5780 155 291
6271 5781 157 289
6271 5782 157 288
6271 5783 159 289
6271 5784 160 291
6271 5785 161 289
6271 5786 162 292
6367 5830 154 251
6367 5831 156 253
6367 5832 157 253
6367 5833 159 254
6367 5834 161 255
6367 5835 159 258
6367 5836 161 258
6367 5837 159 260
6367 5838 162 262
6367 5839 159 266
6367 5840 159 266
6367 5841 159 268
6367 5842 159 269
6367 5843 158 271
6367 5844 154 271
6367 5845 155 274
6367 5846 153 275
6367 5847 151 277
6367 5848 148 280
6367 5849 142 282
6367 5850 139 283
6367 5851 136 284
6367 5852 131 288
6367 5853 126 290
6367 5854 121 293
6367 5855 119 290
6367 5856 117 285
6367 5857 125 296
6367 5858 119 300
6370 5833 463 266
6370 5834 464 264
6370 5835 453 264
6370 5836 443 262
6370 5837 431 261
6370 5838 421 259
6370 5839 409 259
6370 5840 396 258
6370 5841 385 257
6370 5842 363 259
6370 5843 361 258
6370 5844 360 259
6370 5845 359 256
6370 5846 355 257
6370 5847 328 252
6370 5848 317 251
6370 5849 307 251
6370 5850 298 249
6370 5851 291 250
6370 5852 282 249
6370 5853 273 248
6370 5854 266 247
6370 5855 260 247
6370 5856 254 246
6370 5857 245 246
6381 5854 450 271
6381 5855 463 269
6381 5856 465 270
6381 5857 466 268
6381 5858 456 268
6381 5859 442 262
6381 5860 431 261
6381 5861 418 259
6381 5862 403 259
6381 5863 391 257
6381 5864 380 256
6381 5865 369 255
6381 5866 352 254
6381 5867 349 255
6417 5959 258 267
6417 5960 258 267
6417 5961 258 268
6417 5962 256 269
6417 5963 253 269
6417 5964 252 269
6417 5965 251 272
6417 5966 250 271
6417 5967 247 271
6417 5968 246 269
6417 5969 245 271
6417 5970 244 273
6417 5971 243 270
6417 5972 240 272
6417 5973 237 271
6417 5974 237 271
6417 5975 237 272
6417 5976 234 272
6417 5977 233 272
6417 5978 230 272
6417 5979 230 273
6417 5980 229 273
6417 5981 227 275
6417 5982 225 276
6417 5983 223 277
6417 5984 223 275
6417 5985 221 276
6417 5986 221 276
6417 5987 218 277
6417 5988 216 278
6417 5989 214 278
6417 5990 215 277
6417 5991 214 280
6417 5992 212 280
6417 5993 211 279
6417 5994 211 280
6417 5995 210 280
6417 5996 208 277
6417 5997 206 282
6417 5998 205 280
6417 5999 204 281
6417 6000 203 283
6417 6001 202 282
6417 6002 201 283
6417 6003 198 285
6417 6004 196 285
6417 6005 195 286
6417 6006 194 286
6417 6007 192 286
6417 6008 190 286
6417 6009 189 287
6417 6010 187 287
6417 6011 186 287
6417 6012 183 288
6417 6013 182 288
6417 6014 180 288
6417 6015 178 289
6417 6016 177 290
6417 6017 175 291
6417 6018 173 292
6417 6019 172 291
6417 6020 171 292
6417 6021 170 292
6417 6022 166 293
6417 6023 165 293
6417 6024 164 295
6417 6025 161 295
6417 6026 160 295
6417 6027 158 297
6417 6028 156 297
6417 6029 155 297
6417 6030 153 297
6417 6031 152 299
6417 6032 151 301
6417 6033 149 301
6417 6034 147 300
6417 6035 147 300
6417 6036 145 302
6417 6037 143 302
6417 6038 141 302
6417 6039 139 303
6417 6040 137 304
6417 6041 136 304
6417 6042 135 304
6417 6043 132 304
6417 6044 131 305
6417 6045 128 304
6417 6046 126 305
6417 6047 125 306
6417 6048 123 308
6417 6049 120 309
6417 6050 119 306
6417 6051 118 310
6417 6052 116 309
6417 6053 114 310
6417 6054 113 310
6417 6055 110 311
6417 6056 107 313
6417 6057 107 313
6417 6058 105 313
6417 6059 103 314
6417 6060 101 314
6417 6061 99 315
6417 6062 97 314
6417 6063 95 316
6417 6064 94 317
6417 6065 91 317
6417 6066 89 317
6417 6067 88 318
6417 6068 86 319
6417 6069 84 320
6417 6070 82 320
6417 6071 80 321
6417 6072 78 322
6417 6073 77 322
6417 6074 74 321
6417 6075 73 323
6417 6076 70 324
6417 6077 69 323
6417 6078 67 324
6417 6079 64 326
6417 6080 62 326
6417 6081 60 327
6417 6082 58 326
6417 6083 56 329
6417 6084 55 328
6417 6085 52 330
6417 6086 49 330
6417 6087 48 331
6417 6088 45 332
6417 6089 44 332
6417 6090 43 332
6417 6091 42 334
6417 6092 39 335
6417 6093 36 334
6417 6094 35 334
6417 6095 33 337
6417 6096 30 338
6417 6097 29 338
6417 6098 28 336
6417 6099 25 338
6417 6100 22 340
6417 6101 22 338
6417 6102 19 340
6417 6103 17 342
6417 6104 15 343
6417 6105 13 344
6417 6106 11 343
6417 6107 9 346
6417 6108 7 347
6417 6109 4 346
6417 6110 4 346
6417 6111 3 344
6431 6002 487 264
6431 6003 479 263
6431 6004 472 263
6431 6005 464 263
6431 6006 456 261
6431 6007 444 260
6431 6008 430 258
6431 6009 416 258
6431 6010 402 256
6431 6011 391 257
6431 6012 379 255
6431 6013 367 254
6431 6014 352 253
6431 6015 356 254
6447 6097 574 449
6447 6098 576 461
6447 6099 580 457
6447 6100 584 455
6447 6101 588 451
6447 6102 591 449
6447 6103 593 452
6447 6104 597 450
6447 6105 600 447
6447 6106 603 451
6447 6107 607 445
6447 6108 612 442
6447 6109 614 441
6447 6110 614 443
6447 6111 619 442
6447 6112 622 438
6447 6113 622 443
6447 6114 627 439
6447 6115 632 434
6447 6116 635 433
6566 6215 231 254
6566 6216 234 249
6566 6217 240 250
6566 6218 245 251
6566 6219 256 252
6566 6220 267 253
6566 6221 273 253
6566 6222 287 254
6566 6223 298 255
6566 6224 308 257
6566 6225 319 257
6566 6226 333 259
6566 6227 348 259
6566 6228 361 261
6566 6229 370 261
6566 6230 381 262
6566 6231 397 263
6566 6232 411 265
6566 6233 421 266
6566 6234 432 267
6566 6235 449 268
6566 6236 461 270
6566 6237 470 270
6566 6238 477 271
6566 6239 485 269
6596 6245 301 334
6596 6246 304 338
6596 6247 304 337
6596 6248 307 338
6596 6249 308 339
6596 6250 311 342
6596 6251 313 341
6596 6252 315 344
6596 6253 318 343
6596 6254 317 342
6596 6255 320 344
6596 6256 322 341
6596 6257 324 346
6596 6258 326 346
6596 6259 328 348
6596 6260 330 347
6596 6261 332 348
6596 6262 334 346
6596 6263 335 351
6596 6264 338 348
6596 6265 341 351
6596 6266 343 351
6596 6267 344 355
6596 6268 347 354
6596 6269 348 354
6596 6270 350 352
6596 6271 351 356
6596 6272 355 354
6596 6273 357 354
6596 6274 359 357
6596 6275 361 359
6596 6276 363 357
6596 6277 364 357
6596 6278 365 361
6596 6279 368 363
6596 6280 372 363
6636 6278 367 349
6636 6279 370 350
6636 6280 371 353
6636 6281 374 357
6636 6282 376 359
6636 6283 378 362
6636 6284 380 365
6636 6285 382 363
6636 6286 384 367
6636 6287 385 371
6636 6288 390 368
6636 6289 392 369
6636 6290 394 370
6636 6291 397 371
6636 6292 399 367
6636 6293 402 369
6636 6294 405 369
6636 6295 405 365
6636 6296 408 364
6636 6297 412 364
6636 6298 413 367
6636 6299 416 371
6636 6300 418 372
6636 6301 419 373
6636 6302 423 370
6636 6303 424 372
6636 6304 428 375
6636 6305 430 372
6636 6306 433 373
6710 6330 373 270
6710 6331 363 267
6710 6332 367 268
6710 6333 372 269
6710 6334 382 270
6710 6335 394 270
6710 6336 400 271
6710 6337 406 271
6710 6338 416 272
6710 6339 424 273
6710 6340 432 273
6710 6341 438 274
6710 6342 447 274
6710 6343 455 275
6710 6344 463 276
6710 6345 469 276
6710 6346 476 278
6710 6347 480 279
6710 6348 488 280
6834 6404 271 251
6834 6405 280 252
6834 6406 295 254
6834 6407 309 254
6834 6408 321 255
6834 6409 333 257
6834 6410 351 258
6834 6411 359 258
6834 6412 374 260
6834 6413 385 261
6834 6414 398 262
6834 6415 415 263
6834 6416 429 265
6834 6417 435 265
6834 6418 450 266
6834 6419 463 268
6834 6420 473 268
6834 6421 478 269
6834 6422 487 268
7063 6669 483 267
7063 6670 476 266
7063 6671 469 265
7063 6672 462 265
7063 6673 453 264
7063 6674 438 261
7063 6675 421 260
7063 6676 409 259
7063 6677 396 258
7063 6678 381 258
7063 6679 369 256
7063 6680 348 254
7063 6681 334 254
7064 6670 476 437
7064 6671 471 431
7064 6672 469 430
7064 6673 462 429
7064 6674 463 428
7064 6675 462 426
7064 6676 461 427
7064 6677 459 425
7064 6678 459 426
7064 6679 454 425
7064 6680 460 424
7064 6681 452 424
7064 6682 455 422
7064 6683 453 420
7064 6684 443 419
7064 6685 440 419
7064 6686 440 421
7064 6687 444 419
7064 6688 437 415
7064 6689 435 418
7064 6690 433 415
7064 6691 432 416
7064 6692 429 412
7064 6693 427 412
7064 6694 425 411
7064 6695 424 412
7064 6696 424 414
7064 6697 422 413
7064 6698 419 410
7064 6699 425 409
7064 6700 423 414
7064 6701 424 415
7283 6949 442 262
7283 6950 447 263
7283 6951 449 263
7283 6952 448 264
7283 6953 445 262
7283 6954 419 257
7283 6955 409 255
7283 6956 398 255
7283 6957 390 254
7283 6958 382 253
7283 6959 371 252
7283 6960 362 251
7283 6961 349 251
7283 6962 352 249
7315 7061 222 246
7315 7062 230 247
7315 7063 245 248
7315 7064 252 249
7315 7065 261 250
7315 7066 270 250
7315 7067 278 252
7315 7068 293 253
7315 7069 304 253
7315 7070 317 254
7315 7071 324 255
7315 7072 336 257
7315 7073 350 257
7315 7074 356 258
7315 7075 374 259
7315 7076 380 260
7315 7077 391 261
7315 7078 403 262
7315 7079 421 263
7315 7080 431 264
7315 7081 440 265
7315 7082 453 266
7315 7083 467 268
7315 7084 475 268
7315 7085 480 268
7347 7108 239 250
7347 7109 247 250
7347 7110 256 251
7347 7111 261 253
7347 7112 266 254
7347 7113 279 254
7347 7114 289 255
7347 7115 300 256
7347 7116 307 256
7347 7117 317 256
7347 7118 328 257
7347 7119 341 259
7347 7120 353 260
7347 7121 361 261
7347 7122 373 261
7347 7123 383 262
7347 7124 394 263
7347 7125 384 257
7712 7682 215 247
7712 7683 216 248
7712 7684 218 250
7712 7685 221 251
7712 7686 228 250
7712 7687 233 251
7712 7688 236 251
7712 7689 237 251
7712 7690 241 252
7712 7691 248 252
7712 7692 250 251
7712 7693 254 251
7712 7694 257 252
7712 7695 262 252
7712 7696 266 254
7712 7697 268 253
7712 7698 271 252
7712 7699 277 253
7712 7700 281 254
7712 7701 285 255
7712 7702 286 256
7712 7703 292 255
7712 7704 295 255
7712 7705 300 256
7712 7706 302 257
7712 7707 307 256
7712 7708 313 258
7712 7709 315 259
7712 7710 319 257
7712 7711 321 259
7712 7712 325 259
7712 7713 330 260
7712 7714 334 260
7712 7715 340 261
7712 7716 344 260
7712 7717 348 261
7712 7718 351 261
7712 7719 357 259
7712 7720 362 262
7712 7721 365 262
7712 7722 369 262
7712 7723 373 262
7712 7724 378 262
7712 7725 383 265
7712 7726 388 264
7712 7727 395 265
7712 7728 395 265
7727 7702 236 250
7727 7703 240 249
7727 7704 244 249
7727 7705 247 250
7727 7706 250 250
7727 7707 256 251
7727 7708 261 252
7727 7709 262 252
7727 7710 266 253
7727 7711 267 253
7727 7712 270 251
7727 7713 274 252
7727 7714 280 252
7727 7715 283 253
7727 7716 287 253
7727 7717 292 254
7727 7718 294 255
7727 7719 297 256
7727 7720 302 255
7727 7721 304 256
7727 7722 309 258
7727 7723 313 256
7727 7724 318 256
7727 7725 321 255
7727 7726 324 257
7727 7727 331 257
7727 7728 333 260
7727 7729 336 260
7727 7730 344 260
7727 7731 344 259
7727 7732 349 260
7727 7733 352 257
7727 7734 354 260
7727 7735 361 260
7727 7736 364 262
7727 7737 367 263
7727 7738 372 263
7727 7739 377 261
7727 7740 380 263
7727 7741 383 264
7727 7742 390 263
7727 7743 394 263
7727 7744 398 264
7727 7745 400 265
7727 7746 407 264
7727 7747 409 264
7727 7748 412 263
7811 7893 203 250
7811 7894 197 248
7811 7895 205 248
7811 7896 217 249
7811 7897 230 250
7811 7898 238 251
7811 7899 247 250
7811 7900 258 252
7811 7901 270 254
7811 7902 286 255
7811 7903 292 255
7811 7904 301 257
7811 7905 314 257
7811 7906 326 259
7811 7907 340 260
7811 7908 350 261
7811 7909 362 261
7811 7910 375 263
7811 7911 363 265
7813 7898 295 407
7813 7899 296 410
7813 7900 294 405
7813 7901 295 402
7813 7902 295 397
7813 7903 293 396
7813 7904 293 393
7813 7905 294 395
7813 7906 293 390
7813 7907 293 393
7813 7908 292 389
7813 7909 292 387
7813 7910 292 389
7813 7911 292 382
7813 7912 291 384
7813 7913 291 380
7813 7914 290 371
7813 7915 290 372
7813 7916 290 373
7813 7917 289 374
7813 7918 289 369
7813 7919 288 367
7813 7920 288 369
7813 7921 288 364
7813 7922 288 363
7813 7923 287 362
7813 7924 287 364
7813 7925 286 357
7813 7926 287 357
7813 7927 286 355
7813 7928 286 352
7813 7929 285 352
7813 7930 285 352
7813 7931 284 347
7813 7932 284 347
7813 7933 284 347
7813 7934 284 348
7813 7935 284 346
7813 7936 283 343
7813 7937 284 342
7813 7938 283 339
7813 7939 283 339
7813 7940 283 337
7813 7941 283 335
7813 7942 283 338
7813 7943 283 333
7813 7944 283 336
7813 7945 283 332
7813 7946 282 332
7813 7947 282 328
7813 7948 281 332
7813 7949 280 328
7813 7950 281 327
7813 7951 280 326
7813 7952 281 322
7813 7953 280 321
7813 7954 279 320
7813 7955 278 321
7813 7956 279 321
7927 8055 69 313
7927 8056 71 313
7927 8057 63 316
7927 8058 56 316
7927 8059 56 321
7927 8060 65 322
7927 8061 58 324
7927 8062 51 327
7927 8063 44 327
7927 8064 37 333
7927 8065 29 337
7927 8066 21 341
7927 8067 14 343
7927 8068 8 350
8187 8574 233 256
8187 8575 236 250
8187 8576 245 252
8187 8577 249 250
8187 8578 255 253
8187 8579 265 254
8187 8580 276 254
8187 8581 288 255
8187 8582 295 256
8187 8583 309 257
8187 8584 319 257
8187 8585 330 259
8187 8586 337 258
8187 8587 349 261
8187 8588 359 261
8187 8589 371 262
8187 8590 378 264
8221 8611 501 265
8221 8612 483 267
8221 8613 479 265
8221 8614 473 264
8221 8615 464 264
8221 8616 452 262
8221 8617 439 262
8221 8618 427 261
8221 8619 416 260
8221 8620 406 258
8221 8621 395 257
8221 8622 384 256
8221 8623 369 256
8221 8624 362 256
8221 8625 350 255
8221 8626 337 253
8221 8627 327 253
8221 8628 318 252
8221 8629 306 249
8221 8630 297 249
8221 8631 283 248
8221 8632 280 248
8221 8633 268 247
8327 8824 245 261
8327 8825 244 258
8327 8826 243 259
8327 8827 243 261
8327 8828 234 253
8327 8829 234 249
8327 8830 242 252
8327 8831 243 252
8327 8832 250 252
8327 8833 263 251
8327 8834 272 250
8327 8835 282 252
8327 8836 294 253
8327 8837 302 254
8327 8838 311 255
8327 8839 319 256
8327 8840 328 257
8327 8841 340 258
8327 8842 349 258
8327 8843 358 260
8327 8844 368 259
8327 8845 378 261
8327 8846 369 255
8497 9044 506 378
8497 9045 507 378
8497 9046 502 377
8497 9047 504 377
8497 9048 499 378
8497 9049 497 379
8497 9050 495 377
8497 9051 492 377
8497 9052 490 377
8497 9053 483 375
8497 9054 482 377
8497 9055 479 379
8497 9056 481 378
8497 9057 475 378
8497 9058 469 377
8497 9059 467 378
8497 9060 466 380
8497 9061 459 380
8497 9062 455 380
8497 9063 457 381
8497 9064 451 378
8497 9065 449 381
8497 9066 444 379
8497 9067 440 381
8497 9068 440 384
8497 9069 434 385
8497 9070 429 382
8497 9071 427 382
8497 9072 427 383
8497 9073 426 384
8497 9074 420 383
8497 9075 413 385
8497 9076 419 384
8497 9077 413 383
8497 9078 410 384
8497 9079 406 386
8497 9080 400 386
8497 9081 398 386
8497 9082 398 385
8497 9083 390 386
8497 9084 391 389
8497 9085 387 388
8497 9086 386 386
8497 9087 383 388
8497 9088 379 389
8497 9089 379 389
8497 9090 378 388
8497 9091 369 391
8497 9092 363 388
8497 9093 365 390
8497 9094 364 391
8497 9095 362 391
8497 9096 356 389
8497 9097 350 391
8497 9098 353 393
8497 9099 353 400
8505 9061 20 405
8505 9062 22 407
8505 9063 25 404
8505 9064 30 408
8505 9065 30 405
8505 9066 30 405
8505 9067 31 402
8505 9068 34 404
8505 9069 34 401
8505 9070 36 397
8505 9071 38 400
8505 9072 40 396
8505 9073 41 396
8505 9074 43 398
8505 9075 46 396
8505 9076 48 394
8505 9077 50 392
8505 9078 52 393
8505 9079 55 394
8505 9080 58 392
8505 9081 61 389
8505 9082 62 391
8505 9083 66 390
8505 9084 69 388
8505 9085 71 387
8505 9086 73 386
8505 9087 76 386
8505 9088 80 384
8505 9089 82 384
8505 9090 85 384
8505 9091 89 387
8505 9092 92 387
8505 9093 95 385
8505 9094 98 385
8505 9095 101 386
8505 9096 105 385
8505 9097 106 382
8505 9098 110 384
8505 9099 114 385
8505 9100 117 384
8505 9101 119 381
8530 9101 335 391
8530 9102 339 392
8530 9103 335 393
8530 9104 331 390
8530 9105 328 391
8530 9106 323 392
8530 9107 326 394
8530 9108 323 395
8530 9109 315 393
8530 9110 314 393
8530 9111 308 394
8530 9112 310 395
8530 9113 308 396
8530 9114 301 396
8530 9115 296 394
8530 9116 296 394
8530 9117 291 396
8530 9118 287 395
8530 9119 284 398
8530 9120 280 397
8530 9121 283 397
8530 9122 275 400
8530 9123 276 400
8530 9124 271 400
8530 9125 267 400
8530 9126 260 400
8530 9127 256 404
8530 9128 259 403
8530 9129 252 400
8530 9130 249 403
8530 9131 249 403
8530 9132 243 404
8530 9133 244 409
8530 9134 235 403
8530 9135 230 394
8530 9136 230 396
8530 9137 234 390
8530 9138 232 389
8530 9139 234 388
8822 9395 232 248
8822 9396 235 249
8822 9397 238 249
8822 9398 267 251
8822 9399 279 252
8822 9400 306 254
8822 9401 307 254
8822 9402 314 255
8822 9403 320 253
8822 9404 324 256
8822 9405 351 258
8822 9406 361 259
8822 9407 374 260
8822 9408 384 261
8822 9409 396 261
8822 9410 408 262
8822 9411 421 263
8822 9412 427 259
8822 9413 439 259
8822 9414 448 259
8822 9415 455 260
8822 9416 460 264
8822 9417 463 270
8962 9552 4 354
8962 9553 5 353
8962 9554 8 353
8962 9555 9 352
8962 9556 13 352
8962 9557 14 351
8962 9558 20 351
8962 9559 19 350
8962 9560 20 349
8962 9561 23 348
8962 9562 24 349
8962 9563 27 347
8962 9564 28 346
8962 9565 30 345
8962 9566 32 344
8962 9567 34 341
8962 9568 36 339
8962 9569 37 339
8962 9570 39 337
8962 9571 42 337
8962 9572 43 337
8962 9573 46 336
8962 9574 47 335
8962 9575 49 335
8962 9576 50 334
8962 9577 52 334
8962 9578 53 333
8962 9579 54 333
8962 9580 58 335
8962 9581 58 332
8962 9582 62 333
8962 9583 63 333
8962 9584 66 331
8962 9585 65 329
8962 9586 66 328
8962 9587 67 328
8962 9588 71 327
8962 9589 72 328
8962 9590 74 326
8962 9591 74 325
8962 9592 76 325
8962 9593 78 324
8962 9594 78 323
8962 9595 80 323
8962 9596 82 321
8962 9597 87 322
8962 9598 84 318
8962 9599 87 320
8962 9600 88 319
8962 9601 88 320
8962 9602 90 318
8962 9603 92 316
8962 9604 94 317
8962 9605 95 316
8962 9606 96 315
8962 9607 98 315
8962 9608 100 315
8962 9609 102 311
8962 9610 102 312
8962 9611 103 311
8962 9612 106 310
8962 9613 107 309
8962 9614 109 309
8962 9615 112 308
8962 9616 113 308
8962 9617 114 308
8962 9618 116 307
8962 9619 118 305
8962 9620 119 307
8962 9621 121 306
8962 9622 123 306
8962 9623 125 304
8962 9624 127 304
8962 9625 128 303
8962 9626 131 303
8962 9627 132 302
8962 9628 133 302
8962 9629 135 302
8962 9630 137 301
8962 9631 141 301
8962 9632 141 301
8962 9633 143 301
8962 9634 146 300
8962 9635 148 297
8962 9636 147 297
8962 9637 150 299
8962 9638 152 298
8962 9639 153 297
8962 9640 153 297
8962 9641 157 297
8962 9642 159 297
8962 9643 161 295
8962 9644 161 295
8962 9645 162 295
8962 9646 167 294
8962 9647 168 294
8962 9648 169 293
8962 9649 171 294
8962 9650 175 294
8962 9651 175 292
8962 9652 176 293
8962 9653 180 292
8962 9654 182 292
8962 9655 180 292
8962 9656 182 290
8962 9657 184 288
8962 9658 186 290
9213 9868 221 265
9213 9869 221 265
9213 9870 221 262
9213 9871 223 261
9213 9872 228 263
9213 9873 228 263
9213 9874 231 263
9213 9875 234 264
9213 9876 234 265
9213 9877 236 263
9213 9878 238 264
9213 9879 242 267
9213 9880 243 266
9213 9881 245 267
9213 9882 246 266
9213 9883 248 266
9213 9884 250 264
9213 9885 252 266
9213 9886 256 268
9213 9887 255 268
9213 9888 259 266
9213 9889 261 269
9213 9890 262 268
9213 9891 264 266
9213 9892 267 269
9213 9893 270 269
9213 9894 270 268
9213 9895 272 267
9213 9896 274 270
9213 9897 279 270
9213 9898 278 269
9213 9899 282 270
9213 9900 284 270
9213 9901 284 270
9213 9902 285 270
9213 9903 288 271
9213 9904 292 272
9213 9905 292 270
9213 9906 294 270
9213 9907 301 271
9213 9908 300 271
9213 9909 300 270
9213 9910 304 271
9213 9911 313 271
9213 9912 308 272
9213 9913 309 271
9213 9914 313 271
9213 9915 317 273
9213 9916 316 272
9213 9917 319 273
9213 9918 324 274
9213 9919 323 271
9213 9920 325 272
9213 9921 334 272
9213 9922 333 274
9213 9923 332 272
9213 9924 334 274
9213 9925 337 274
9213 9926 339 274
9213 9927 341 273
9213 9928 345 276
9213 9929 347 276
9213 9930 347 274
9213 9931 350 274
9213 9932 355 274
9213 9933 356 275
9213 9934 357 275
9213 9935 360 275
9213 9936 365 277
9213 9937 364 277
9213 9938 367 277
9213 9939 376 277
9213 9940 372 278
9213 9941 374 277
9213 9942 376 278
9213 9943 381 277
9213 9944 381 278
9213 9945 385 275
9213 9946 389 278
9213 9947 390 277
9213 9948 391 276
9213 9949 395 277
9213 9950 399 276
9213 9951 397 277
9213 9952 402 276
9213 9953 410 277
9213 9954 406 277
9213 9955 408 277
9213 9956 411 277
9213 9957 414 276
9213 9958 414 275
9213 9959 418 275
9213 9960 421 274
9213 9961 424 274
9213 9962 421 274
9213 9963 423 273
9213 9964 427 273
9213 9965 428 272
9213 9966 429 272
9213 9967 431 272
9213 9968 434 272
9213 9969 435 273
9302 10172 233 255
9302 10173 235 251
9302 10174 239 251
9302 10175 245 251
9302 10176 256 251
9302 10177 276 255
9302 10178 279 255
9302 10179 291 256
9302 10180 302 256
9302 10181 314 257
9302 10182 330 258
9302 10183 342 259
9302 10184 353 260
9302 10185 366 260
9302 10186 380 263
9302 10187 392 264
9302 10188 381 256
9332 10301 488 270
9332 10302 481 267
9332 10303 476 264
9332 10304 469 265
9332 10305 465 265
9332 10306 452 264
9332 10307 444 263
9332 10308 428 263
9332 10309 412 262
9332 10310 406 261
9332 10311 398 260
9332 10312 379 257
9332 10313 368 257
9332 10314 360 256
9332 10315 350 256
9332 10316 341 255
9332 10317 328 254
9332 10318 319 252
9332 10319 306 253
9332 10320 301 251
9332 10321 289 252
9332 10322 300 249
9523 10591 256 246
9523 10592 258 247
9523 10593 259 246
9523 10594 274 248
9523 10595 277 247
9523 10596 287 248
9523 10597 298 250
9523 10598 307 251
9523 10599 311 250
9523 10600 323 253
9523 10601 335 254
9523 10602 343 254
9523 10603 344 255
9523 10604 346 250
9523 10605 357 255
9523 10606 365 255
9523 10607 373 256
9523 10608 381 256
9523 10609 373 259
9742 10765 486 270
9742 10766 479 265
9742 10767 473 264
9742 10768 465 264
9742 10769 452 262
9742 10770 436 261
9742 10771 419 259
9742 10772 403 259
9742 10773 387 257
9742 10774 372 257
9742 10775 356 255
9742 10776 340 254
9742 10777 324 252
9742 10778 310 251
9742 10779 297 250
9742 10780 286 249
9742 10781 272 248
9742 10782 260 247
9763 10795 245 343
9763 10796 245 345
9763 10797 246 347
9763 10798 247 349
9763 10799 248 346
9763 10800 252 348
9763 10801 252 349
9763 10802 251 350
9763 10803 253 350
9763 10804 254 354
9763 10805 256 354
9763 10806 256 352
9763 10807 258 356
9763 10808 258 357
9763 10809 260 356
9763 10810 262 356
9763 10811 263 358
9763 10812 263 359
9763 10813 266 362
9763 10814 267 360
9763 10815 267 361
9763 10816 268 362
9763 10817 270 362
9763 10818 272 364
9763 10819 273 362
9763 10820 275 366
9763 10821 276 369
9763 10822 276 368
9763 10823 278 371
9763 10824 279 370
9763 10825 281 371
9763 10826 283 371
9763 10827 284 371
9763 10828 284 374
9763 10829 284 374
9763 10830 286 377
9763 10831 287 375
9763 10832 301 380
9763 10833 292 378
9763 10834 293 379
9763 10835 295 380
9763 10836 296 382
9763 10837 299 382
9763 10838 301 382
9763 10839 305 386
9763 10840 302 385
9763 10841 305 385
9763 10842 307 385
9763 10843 309 387
9763 10844 310 390
9763 10845 313 390
9763 10846 315 391
9763 10847 317 390
9763 10848 318 391
9763 10849 321 393
9763 10850 322 392
9763 10851 324 393
9763 10852 326 395
9763 10853 328 397
9763 10854 331 396
9763 10855 331 399
9763 10856 333 401
9763 10857 335 401
9763 10858 337 402
9763 10859 340 404
9763 10860 343 403
9763 10861 344 405
9763 10862 347 406
9763 10863 347 405
9763 10864 351 407
9763 10865 353 410
9763 10866 354 409
9763 10867 358 411
9763 10868 360 411
9763 10869 362 408
9763 10870 365 414
9763 10871 367 415
9763 10872 370 416
9763 10873 373 418
9763 10874 376 418
9763 10875 379 420
9763 10876 382 422
9763 10877 385 422
9763 10878 385 423
9763 10879 388 424
9763 10880 389 425
9763 10881 391 426
9763 10882 395 428
9763 10883 397 429
9763 10884 400 430
9763 10885 402 432
9763 10886 404 433
9763 10887 406 434
9763 10888 408 434
9763 10889 411 437
9763 10890 414 439
9763 10891 418 440
9763 10892 419 436
9763 10893 421 442
9763 10894 425 438
9789 10897 431 449
9789 10898 435 449
9789 10899 438 452
9789 10900 437 445
9789 10901 441 451
9789 10902 444 447
9789 10903 447 454
9789 10904 449 454
9789 10905 452 456
9789 10906 455 458
9789 10907 458 459
9789 10908 461 459
9789 10909 464 461
9789 10910 467 463
9789 10911 470 464
9789 10912 473 464
9789 10913 476 465
9789 10914 479 466
9789 10915 482 466
9789 10916 486 467
9789 10917 489 467
9789 10918 493 468
9789 10919 497 469
9789 10920 499 469
9789 10921 501 473
9789 10922 507 471
9789 10923 509 475
9789 10924 509 475
9789 10925 517 472
9789 10926 520 473
9789 10927 524 474
9789 10928 527 474
9789 10929 531 475
9789 10930 534 475
9963 11153 489 267
9963 11154 484 266
9963 11155 474 264
9963 11156 464 263
9963 11157 450 262
9963 11158 435 261
9963 11159 418 260
9963 11160 401 258
9963 11161 383 257
9963 11162 368 254
9963 11163 363 260
9964 11160 93 300
9964 11161 98 296
9964 11162 93 296
9964 11163 89 299
9964 11164 84 303
9964 11165 80 303
9964 11166 75 307
9964 11167 68 307
9964 11168 62 310
9964 11169 55 316
9964 11170 47 318
9964 11171 43 319
9964 11172 37 323
9964 11173 29 327
9964 11174 25 330
9964 11175 21 332
9964 11176 22 332
9964 11177 16 330
9964 11178 18 333
9992 11270 485 267
9992 11271 476 265
9992 11272 470 265
9992 11273 453 265
9992 11274 430 261
9992 11275 411 261
9992 11276 393 258
9992 11277 375 257
9992 11278 351 255
9992 11279 330 254
9992 11280 332 254
10032 11405 540 476
10032 11406 536 475
10032 11407 531 474
10032 11408 528 472
10032 11409 525 473
10032 11410 521 470
10032 11411 516 468
10032 11412 512 467
10032 11413 508 466
10032 11414 506 465
10032 11415 502 466
10032 11416 498 462
10032 11417 493 462
10032 11418 491 460
10032 11419 486 458
10032 11420 482 461
10032 11421 477 460
10032 11422 474 459
10032 11423 472 456
10032 11424 465 457
10032 11425 462 454
10176 11531 174 353
10176 11532 171 349
10176 11533 170 351
10176 11534 169 346
10176 11535 166 345
10176 11536 165 343
10176 11537 163 347
10176 11538 162 347
10176 11539 159 343
10176 11540 157 344
10176 11541 156 344
10176 11542 155 342
10176 11543 153 338
10176 11544 150 338
10176 11545 149 338
10176 11546 147 336
10176 11547 145 336
10176 11548 143 334
10176 11549 142 335
10176 11550 141 335
10176 11551 140 333
10176 11552 138 330
10176 11553 137 330
10176 11554 135 329
10176 11555 133 328
10176 11556 133 330
10176 11557 131 328
10176 11558 129 327
10176 11559 129 328
10176 11560 127 326
10176 11561 124 324
10176 11562 124 324
10176 11563 122 322
10176 11564 122 322
10176 11565 122 322
10176 11566 120 323
10176 11567 120 325
10176 11568 120 322
10234 11700 352 259
10234 11701 364 262
10234 11702 378 262
10234 11703 392 265
10234 11704 410 266
10234 11705 424 267
10234 11706 437 268
10234 11707 451 270
10234 11708 463 271
10234 11709 470 271
10234 11710 477 271
10234 11711 486 272
10452 12026 249 253
10452 12027 259 251
10452 12028 271 254
10452 12029 283 256
10452 12030 299 256
10452 12031 313 258
10452 12032 324 259
10452 12033 337 260
10452 12034 350 261
10452 12035 366 263
10452 12036 386 264
10452 12037 399 266
10468 12038 88 305
10468 12039 89 306
10468 12040 83 309
10468 12041 77 312
10468 12042 70 315
10468 12043 65 318
10468 12044 57 321
10468 12045 49 324
10468 12046 42 327
10468 12047 35 329
10468 12048 28 333
10646 12226 200 250
10646 12227 219 246
10646 12228 237 247
10646 12229 247 248
10646 12230 248 249
10646 12231 263 250
10646 12232 279 251
10646 12233 291 251
10646 12234 300 251
10646 12235 311 253
10646 12236 323 255
10646 12237 337 255
10646 12238 347 257
10646 12239 358 257
10646 12240 371 258
10646 12241 384 259
10646 12242 398 259
10646 12243 408 261
10646 12244 422 263
10646 12245 433 263
10646 12246 444 268
10646 12247 458 266
10646 12248 467 269
10646 12249 476 270
10646 12250 483 267
10646 12251 486 269
10680 12299 426 345
10680 12300 428 345
10680 12301 426 343
10680 12302 424 342
10680 12303 424 341
10680 12304 423 343
10680 12305 422 340
10680 12306 422 338
10680 12307 420 338
10680 12308 417 340
10680 12309 416 338
10680 12310 414 335
10680 12311 413 332
10680 12312 411 338
10680 12313 409 333
10680 12314 407 331
10680 12315 407 335
10680 12316 405 331
10680 12317 403 335
10680 12318 399 330
10680 12319 398 333
10680 12320 397 328
10680 12321 395 329
10680 12322 393 328
10680 12323 392 329
10680 12324 390 328
10680 12325 389 329
10680 12326 387 326
10680 12327 384 326
10680 12328 384 328
10680 12329 382 323
10680 12330 381 323
10680 12331 379 325
10680 12332 378 322
10680 12333 376 320
10680 12334 376 323
10680 12335 374 324
10680 12336 372 320
10680 12337 369 319
10680 12338 369 319
10680 12339 367 319
10680 12340 367 320
10680 12341 365 317
10680 12342 364 321
10680 12343 366 320
10680 12344 360 318
10680 12345 357 316
10680 12346 356 318
10680 12347 355 316
10680 12348 353 316
10680 12349 352 312
10680 12350 350 316
10680 12351 348 315
10680 12352 346 315
10680 12353 345 312
10680 12354 342 314
10680 12355 341 313
10680 12356 342 312
10680 12357 339 312
10680 12358 338 311
10680 12359 336 312
10680 12360 333 310
10680 12361 332 309
10680 12362 329 307
10680 12363 328 309
10680 12364 327 308
10680 12365 326 307
10680 12366 325 307
10680 12367 323 306
10680 12368 322 309
10680 12369 320 306
10680 12370 317 306
10680 12371 317 307
10680 12372 316 305
10680 12373 314 306
10680 12374 313 304
10680 12375 312 304
10680 12376 311 306
10680 12377 309 304
10680 12378 309 306
10680 12379 306 304
10680 12380 305 303
10680 12381 304 301
10680 12382 302 303
10680 12383 301 301
10680 12384 300 299
10680 12385 298 299
10680 12386 296 301
10680 12387 293 301
10680 12388 292 299
10680 12389 292 298
10680 12390 291 301
10680 12391 289 298
10680 12392 288 298
10680 12393 286 296
10680 12394 285 298
10680 12395 283 297
10680 12396 282 296
10680 12397 280 295
10680 12398 279 297
10680 12399 276 293
10680 12400 276 293
10680 12401 275 289
10680 12402 272 292
10680 12403 271 291
10680 12404 270 294
10680 12405 268 292
10680 12406 269 294
10680 12407 267 292
10680 12408 266 292
10680 12409 264 292
10680 12410 262 291
10680 12411 262 290
10680 12412 260 292
10680 12413 258 290
10680 12414 257 289
10685 12304 233 255
10685 12305 234 249
10685 12306 239 250
10685 12307 244 250
10685 12308 252 251
10685 12309 261 251
10685 12310 272 253
10685 12311 279 253
10685 12312 291 255
10685 12313 303 255
10685 12314 312 256
10685 12315 321 258
10685 12316 329 259
10685 12317 345 259
10685 12318 354 261
10685 12319 362 261
10685 12320 367 262
10753 12466 239 251
10753 12467 244 250
10753 12468 251 251
10753 12469 254 252
10753 12470 268 253
10753 12471 281 254
10753 12472 292 254
10753 12473 306 256
10753 12474 320 257
10753 12475 334 258
10753 12476 349 260
10753 12477 363 261
10753 12478 378 263
10753 12479 391 264
10753 12480 403 265
10753 12481 418 266
10753 12482 430 267
10753 12483 446 268
10753 12484 459 270
10753 12485 464 270
10753 12486 473 271
10753 12487 482 272
10830 12591 409 260
10830 12592 397 259
10830 12593 390 258
10830 12594 384 257
10830 12595 368 256
10830 12596 361 256
10830 12597 350 254
10830 12598 345 254
10830 12599 333 253
10830 12600 321 252
10830 12601 316 252
10830 12602 308 251
10830 12603 296 249
10830 12604 289 249
10830 12605 275 248
10830 12606 268 247
10830 12607 266 247
10830 12608 252 249
10830 12609 258 249
10830 12610 272 254
10830 12611 279 254
10830 12612 294 255
10830 12613 305 256
10830 12614 317 257
10830 12615 328 257
10830 12616 343 259
10830 12617 334 260
10830 12618 345 265
10876 12730 235 253
10876 12731 237 251
10876 12732 235 251
10876 12733 246 251
10876 12734 252 252
10876 12735 263 253
10876 12736 271 254
10876 12737 281 255
10876 12738 292 255
10876 12739 300 256
10876 12740 309 257
10876 12741 321 257
10876 12742 332 258
10876 12743 343 259
10876 12744 352 261
10876 12745 365 261
10876 12746 373 262
10876 12747 383 262
10876 12748 396 264
10876 12749 409 265
10876 12750 422 266
10876 12751 431 267
10876 12752 443 268
10876 12753 457 269
10876 12754 469 269
10876 12755 469 270
10907 12801 484 268
10907 12802 480 265
10907 12803 463 264
10907 12804 448 263
10907 12805 432 261
10907 12806 417 260
10907 12807 402 259
10907 12808 388 258
10907 12809 380 256
10907 12810 377 252