2 0 295 330
2 1 298 330
2 2 302 330
2 3 307 331
2 4 309 331
2 5 310 332
2 6 314 333
2 7 315 333
2 8 317 332
2 9 321 333
2 10 321 331
2 11 323 334
2 12 326 334
2 13 329 331
2 14 331 331
2 15 333 334
2 16 335 336
2 17 337 334
2 18 339 337
2 19 342 337
2 20 344 337
2 21 346 338
2 22 349 339
2 23 350 340
2 24 352 339
2 25 355 339
2 26 357 340
2 27 360 339
2 28 362 340
2 29 364 341
2 30 364 342
2 31 367 343
2 32 369 339
2 33 374 343
2 34 377 343
2 35 376 342
2 36 380 343
2 37 383 344
2 38 386 344
2 39 388 346
2 40 390 345
2 41 393 345
2 42 395 345
2 43 397 345
2 44 400 345
2 45 402 347
2 46 404 347
2 47 407 347
2 48 410 346
2 49 412 347
2 50 414 348
2 51 418 348
2 52 422 348
2 53 423 349
2 54 425 348
2 55 428 349
2 56 431 349
2 57 431 347
2 58 435 349
2 59 438 350
2 60 441 349
2 61 444 350
2 62 446 351
2 63 449 351
2 64 449 351
2 65 453 349
2 66 456 352
2 67 459 352
2 68 462 353
2 69 464 353
2 70 467 354
2 71 470 352
2 72 474 353
2 73 474 353
2 74 476 353
2 75 479 354
2 76 482 354
2 77 485 355
2 78 487 355
2 79 489 354
2 80 492 354
2 81 495 354
2 82 497 354
2 83 500 354
2 84 503 355
2 85 506 356
2 86 507 355
2 87 510 355
2 88 507 357
158 196 157 388
158 197 160 394
158 198 169 393
158 199 172 393
158 200 174 392
158 201 181 391
158 202 185 391
158 203 187 390
158 204 193 389
158 205 198 390
158 206 199 389
158 207 205 389
158 208 211 388
158 209 213 387
158 210 216 384
158 211 223 385
158 212 226 386
158 213 228 386
158 214 236 384
158 215 240 384
158 216 241 383
158 217 249 382
158 218 252 382
158 219 255 382
158 220 261 381
158 221 266 381
158 222 268 380
158 223 271 380
158 224 279 379
158 225 281 379
158 226 286 379
158 227 292 378
158 228 294 378
158 229 299 378
158 230 304 377
158 231 308 377
158 232 308 376
170 212 165 249
170 213 165 253
170 214 164 254
170 215 163 256
170 216 162 257
170 217 159 258
170 218 159 259
170 219 157 261
170 220 155 264
170 221 153 263
170 222 151 266
170 223 148 268
170 224 145 268
170 225 143 270
170 226 140 275
170 227 136 274
170 228 133 279
170 229 129 276
170 230 125 277
170 231 122 285
170 232 117 283
170 233 117 287
170 234 108 290
170 235 104 293
170 236 99 296
170 237 94 293
170 238 87 294
170 239 85 302
170 240 79 299
170 241 73 302
170 242 66 305
170 243 63 307
170 244 56 314
170 245 51 317
170 246 45 315
170 247 37 317
170 248 30 325
170 249 23 322
170 250 15 328
170 251 11 329
170 252 8 333
170 253 5 335
173 214 154 272
173 215 154 268
173 216 152 269
173 217 149 271
173 218 147 272
173 219 145 273
173 220 141 275
173 221 139 276
173 222 137 277
173 223 133 279
173 224 130 280
173 225 127 281
173 226 122 284
173 227 119 285
173 228 115 287
173 229 111 289
173 230 106 291
173 231 102 293
173 232 98 296
173 233 93 298
173 234 87 300
173 235 82 303
173 236 77 303
173 237 71 307
173 238 66 310
173 239 60 311
173 240 54 315
173 241 48 318
173 242 41 321
173 243 35 319
173 244 27 325
173 245 21 329
173 246 18 330
173 247 14 330
173 248 10 337
173 249 7 339
173 250 3 337
254 278 494 362
254 279 496 361
254 280 500 361
254 281 504 361
254 282 506 360
254 283 511 358
254 284 514 358
254 285 517 357
254 286 521 356
254 287 524 357
254 288 526 356
254 289 529 354
254 290 534 355
254 291 536 352
254 292 536 355
254 293 542 351
254 294 545 353
254 295 548 352
254 296 549 353
254 297 553 350
254 298 554 353
254 299 559 345
254 300 561 349
254 301 565 348
254 302 565 347
254 303 569 343
254 304 571 344
254 305 574 343
254 306 575 345
254 307 577 341
254 308 579 341
254 309 582 338
254 310 583 339
254 311 587 340
254 312 590 339
254 313 590 337
254 314 593 336
254 315 595 335
254 316 595 335
254 317 597 335
254 318 600 339
254 319 601 335
254 320 603 333
254 321 605 336
254 322 605 337
254 323 606 331
254 324 609 333
254 325 612 334
254 326 612 329
254 327 615 329
254 328 616 332
254 329 617 330
254 330 618 330
254 331 621 324
254 332 622 327
254 333 622 326
254 334 624 328
254 335 625 327
254 336 626 323
254 337 627 325
254 338 629 322
254 339 629 319
254 340 632 320
254 341 632 321
254 342 633 323
254 343 634 321
254 344 635 319
257 280 77 293
257 281 76 293
257 282 78 294
257 283 79 295
257 284 80 295
257 285 82 296
257 286 83 295
257 287 84 295
257 288 85 296
257 289 88 297
257 290 89 295
257 291 90 296
257 292 92 296
257 293 94 297
257 294 94 296
257 295 97 298
257 296 98 297
257 297 100 300
257 298 101 298
257 299 103 298
257 300 106 299
257 301 107 299
257 302 108 299
257 303 111 300
257 304 112 302
257 305 114 301
257 306 115 300
257 307 118 301
257 308 118 301
257 309 121 301
257 310 123 302
257 311 125 303
257 312 125 308
257 313 127 302
257 314 130 301
257 315 131 303
257 316 133 303
257 317 136 302
257 318 137 301
257 319 139 300
257 320 141 299
257 321 143 300
257 322 145 300
257 323 147 300
257 324 148 300
257 325 151 301
257 326 153 301
257 327 155 301
257 328 156 301
257 329 159 302
257 330 161 303
257 331 163 303
257 332 165 304
257 333 168 304
257 334 169 305
257 335 171 305
257 336 173 306
257 337 174 307
257 338 175 307
257 339 178 310
257 340 180 310
257 341 180 310
257 342 181 310
257 343 183 311
257 344 186 313
257 345 186 312
257 346 188 314
257 347 190 314
257 348 190 316
257 349 192 317
257 350 193 317
257 351 194 317
257 352 196 320
257 353 197 318
257 354 198 320
257 355 200 320
257 356 201 319
257 357 202 321
257 358 204 321
257 359 205 322
257 360 206 322
257 361 208 322
257 362 210 326
257 363 211 325
257 364 212 324
257 365 213 324
257 366 215 327
257 367 217 327
257 368 218 326
257 369 220 330
257 370 222 330
257 371 223 327
257 372 223 329
257 373 224 332
257 374 226 333
257 375 225 332
257 376 227 333
257 377 229 336
257 378 230 335
257 379 231 336
257 380 233 338
257 381 233 339
257 382 234 337
257 383 235 340
257 384 238 340
257 385 238 342
257 386 239 341
257 387 242 339
257 388 243 345
257 389 244 345
257 390 245 344
257 391 246 346
257 392 249 348
257 393 250 348
257 394 251 346
257 395 253 350
257 396 253 351
257 397 255 350
257 398 257 352
257 399 259 353
257 400 260 355
257 401 261 355
257 402 264 354
257 403 268 357
257 404 268 358
359 373 4 310
359 374 5 309
359 375 5 309
359 376 9 310
359 377 10 308
359 378 12 310
359 379 14 309
359 380 16 308
359 381 18 309
359 382 20 309
359 383 21 308
359 384 23 308
359 385 26 306
359 386 26 308
359 387 29 308
359 388 31 307
359 389 33 308
359 390 35 307
359 391 36 307
359 392 38 306
359 393 40 307
359 394 43 307
359 395 43 307
359 396 46 306
359 397 47 306
359 398 48 306
359 399 50 307
359 400 53 307
359 401 55 308
359 402 55 307
359 403 57 307
359 404 59 307
359 405 60 306
359 406 63 307
359 407 64 307
359 408 66 304
359 409 69 309
359 410 70 308
359 411 70 307
359 412 73 306
359 413 75 306
359 414 77 306
359 415 79 307
359 416 82 307
359 417 82 305
359 418 84 306
359 419 86 305
359 420 88 305
359 421 90 306
359 422 92 306
359 423 93 306
359 424 96 304
359 425 97 304
359 426 100 304
359 427 102 305
359 428 103 305
359 429 106 307
359 430 108 307
359 431 110 304
359 432 112 304
359 433 113 303
359 434 116 303
359 435 117 303
359 436 119 304
359 437 122 304
359 438 124 304
359 439 125 305
359 440 127 303
359 441 130 302
359 442 131 303
359 443 134 302
359 444 134 302
359 445 138 300
359 446 136 303
359 447 139 302
359 448 144 299
359 449 146 300
359 450 146 299
406 410 279 362
406 411 276 358
406 412 283 364
406 413 285 367
406 414 288 368
406 415 289 368
406 416 291 367
406 417 294 371
406 418 294 372
406 419 297 371
406 420 301 373
406 421 302 375
406 422 303 375
406 423 308 375
406 424 309 378
406 425 311 379
406 426 313 378
406 427 315 381
406 428 318 382
406 429 319 383
406 430 323 382
406 431 324 387
406 432 326 388
406 433 329 386
406 434 331 389
406 435 333 391
406 436 336 392
406 437 339 390
406 438 342 395
406 439 343 396
406 440 346 395
406 441 349 398
406 442 351 399
406 443 353 400
406 444 356 400
406 445 359 403
406 446 360 405
406 447 362 406
406 448 364 406
406 449 367 408
406 450 369 410
406 451 371 410
406 452 375 412
406 453 378 415
406 454 379 416
406 455 381 415
406 456 384 418
406 457 388 420
406 458 392 421
406 459 393 421
406 460 395 424
406 461 397 425
406 462 400 424
406 463 405 429
406 464 408 431
406 465 411 430
406 466 414 430
406 467 417 436
406 468 419 436
406 469 422 435
406 470 427 439
406 471 428 441
406 472 431 442
406 473 435 441
406 474 440 446
406 475 442 447
406 476 444 447
406 477 450 450
406 478 451 452
406 479 454 453
406 480 458 452
406 481 464 457
406 482 466 458
406 483 467 458
406 484 474 461
406 485 476 462
406 486 480 464
406 487 485 464
406 488 489 464
406 489 491 465
406 490 495 467
406 491 500 467
406 492 504 468
406 493 506 468
406 494 512 469
406 495 516 469
406 496 520 470
406 497 524 471
406 498 528 472
406 499 532 472
406 500 536 473
406 501 541 473
406 502 546 474
406 503 550 475
406 504 554 476
464 466 178 304
464 467 180 304
464 468 184 303
464 469 183 305
464 470 186 308
464 471 188 305
464 472 188 305
464 473 192 307
464 474 194 305
464 475 197 305
464 476 198 306
464 477 199 306
464 478 202 304
464 479 203 306
464 480 206 305
464 481 208 306
464 482 209 304
464 483 211 305
464 484 214 308
464 485 216 305
464 486 217 304
464 487 221 304
464 488 221 302
464 489 222 307
464 490 227 303
464 491 227 303
464 492 228 303
464 493 230 302
464 494 233 302
464 495 234 301
464 496 236 301
464 497 239 300
464 498 241 300
464 499 242 301
464 500 244 300
464 501 246 299
464 502 249 301
464 503 252 300
464 504 252 299
464 505 253 298
464 506 255 298
464 507 257 298
464 508 259 298
464 509 260 298
464 510 263 297
464 511 266 297
464 512 266 295
464 513 268 297
464 514 271 297
464 515 273 299
464 516 274 296
464 517 275 295
464 518 278 297
464 519 279 295
464 520 281 296
464 521 282 295
464 522 284 296
464 523 285 294
464 524 288 294
464 525 289 293
464 526 290 294
464 527 292 293
464 528 294 292
464 529 297 293
464 530 298 293
464 531 299 291
464 532 302 292
464 533 302 291
464 534 304 291
464 535 306 291
464 536 308 291
464 537 308 292
464 538 311 290
464 539 312 290
464 540 314 289
464 541 315 288
464 542 317 288
464 543 319 288
464 544 319 287
464 545 322 287
464 546 322 287
464 547 325 287
464 548 326 286
464 549 328 286
464 550 329 287
464 551 330 285
464 552 332 286
464 553 334 286
464 554 334 285
464 555 336 286
464 556 338 285
464 557 340 284
464 558 343 283
464 559 344 284
464 560 347 283
464 561 346 283
464 562 349 283
464 563 349 282
464 564 350 283
464 565 353 283
464 566 354 282
464 567 356 282
464 568 357 281
464 569 359 281
464 570 361 284
464 571 362 281
464 572 363 281
464 573 365 281
464 574 367 281
464 575 369 283
464 576 371 284
464 577 372 280
464 578 372 279
464 579 374 280
464 580 376 278
464 581 378 283
464 582 380 280
464 583 382 279
464 584 383 279
464 585 384 280
464 586 387 277
464 587 388 277
464 588 387 282
464 589 391 278
464 590 392 277
464 591 394 280
464 592 395 278
464 593 397 278
464 594 398 278
464 595 400 278
464 596 401 279
464 597 403 277
464 598 404 280
464 599 406 277
464 600 408 277
464 601 410 278
464 602 410 280
464 603 412 277
464 604 413 277
464 605 416 277
464 606 417 280
464 607 419 277
464 608 420 277
464 609 421 276
464 610 423 276
464 611 424 277
464 612 427 276
464 613 428 277
464 614 429 276
464 615 431 276
464 616 433 276
464 617 436 275
464 618 436 276
464 619 437 276
464 620 437 276
464 621 440 276
531 535 3 453
531 536 6 452
531 537 8 451
531 538 7 448
531 539 8 446
531 540 12 451
531 541 15 452
531 542 15 452
531 543 18 452
531 544 24 454
531 545 27 455
531 546 28 454
531 547 30 452
531 548 34 457
531 549 37 459
531 550 39 458
531 551 40 457
531 552 45 461
531 553 50 463
531 554 51 460
531 555 53 459
531 556 57 460
531 557 59 462
531 558 63 463
531 559 65 464
531 560 68 464
531 561 73 464
531 562 76 465
531 563 79 465
531 564 81 465
531 565 84 465
531 566 87 466
531 567 90 466
531 568 94 467
531 569 97 467
531 570 99 467
531 571 103 468
531 572 106 468
531 573 111 468
531 574 114 468
531 575 118 469
531 576 121 470
531 577 123 470
531 578 128 470
531 579 132 471
531 580 135 471
531 581 140 471
531 582 145 471
531 583 148 472
531 584 150 472
531 585 154 473
531 586 157 473
531 587 160 473
531 588 166 474
531 589 170 474
531 590 174 475
531 591 177 475
531 592 179 476
569 546 237 249
569 547 244 252
569 548 241 251
569 549 246 253
569 550 247 253
569 551 263 254
569 552 276 251
569 553 275 251
569 554 281 251
569 555 292 255
569 556 300 257
569 557 308 257
569 558 316 257
569 559 323 260
569 560 331 260
569 561 341 260
569 562 354 261
569 563 344 261
569 564 344 261
569 565 353 267
600 563 369 259
600 564 373 260
600 565 369 258
600 566 383 261
600 567 393 265
600 568 403 265
600 569 412 267
600 570 420 267
600 571 430 268
600 572 440 268
600 573 448 269
600 574 459 269
600 575 463 271
600 576 473 271
600 577 476 271
600 578 482 272
600 579 488 275
703 802 365 463
703 803 363 460
703 804 366 460
703 805 368 460
703 806 369 460
703 807 376 459
703 808 381 454
703 809 386 453
703 810 388 457
703 811 393 456
703 812 395 453
703 813 398 453
703 814 402 453
703 815 404 455
703 816 408 450
703 817 413 449
703 818 416 449
703 819 421 447
703 820 423 446
703 821 427 444
703 822 429 445
703 823 430 444
703 824 435 441
703 825 441 443
703 826 443 437
703 827 445 439
703 828 447 439
703 829 451 438
703 830 453 437
703 831 456 435
703 832 459 435
703 833 463 433
703 834 467 431
703 835 468 432
703 836 471 430
703 837 468 426
718 861 605 333
718 862 604 333
718 863 602 332
718 864 602 333
718 865 601 334
718 866 600 334
718 867 599 335
718 868 599 335
718 869 596 336
718 870 594 336
718 871 595 339
718 872 594 337
718 873 591 339
718 874 591 339
718 875 589 338
718 876 586 340
718 877 587 338
718 878 584 343
718 879 584 342
718 880 582 342
718 881 579 340
718 882 579 343
718 883 577 343
718 884 576 344
718 885 574 342
718 886 572 343
718 887 570 345
718 888 569 346
718 889 568 345
718 890 563 346
718 891 563 346
718 892 561 346
718 893 560 345
718 894 558 349
718 895 556 351
718 896 554 349
718 897 553 349
718 898 552 352
718 899 552 352
718 900 548 350
718 901 545 350
718 902 543 354
718 903 541 352
718 904 539 355
718 905 538 354
718 906 536 355
718 907 531 358
718 908 532 359
718 909 529 358
718 910 527 358
718 911 526 359
718 912 523 360
718 913 521 357
718 914 519 362
718 915 516 354
718 916 514 355
1218 1579 83 468
1218 1580 83 468
1218 1581 87 467
1218 1582 88 467
1218 1583 93 467
1218 1584 100 466
1218 1585 103 466
1218 1586 105 466
1218 1587 110 466
1218 1588 115 466
1218 1589 118 465
1218 1590 123 465
1218 1591 128 465
1218 1592 132 464
1218 1593 134 464
1218 1594 139 463
1218 1595 144 464
1218 1596 147 464
1218 1597 150 464
1218 1598 157 463
1218 1599 161 463
1218 1600 162 463
1218 1601 166 461
1218 1602 171 462
1218 1603 179 462
1218 1604 180 462
1218 1605 185 461
1218 1606 185 457
1218 1607 193 459
1218 1608 197 460
1218 1609 200 459
1218 1610 202 458
1218 1611 209 456
1218 1612 213 455
1218 1613 213 456
1218 1614 218 454
1218 1615 222 453
1218 1616 220 452
1246 1616 228 452
1246 1617 229 452
1246 1618 230 453
1246 1619 236 450
1246 1620 241 449
1246 1621 246 448
1246 1622 247 448
1246 1623 251 446
1246 1624 256 446
1246 1625 261 444
1246 1626 264 444
1246 1627 267 444
1246 1628 272 443
1246 1629 278 441
1246 1630 279 442
1246 1631 282 441
1246 1632 287 437
1246 1633 291 439
1246 1634 295 440
1246 1635 297 439
1246 1636 302 436
1246 1637 307 437
1246 1638 312 436
1246 1639 313 436
1246 1640 316 435
1246 1641 321 434
1246 1642 328 433
1246 1643 330 432
1246 1644 332 431
1246 1645 337 431
1246 1646 344 430
1246 1647 345 430
1246 1648 347 430
1246 1649 353 426
1246 1650 358 427
1246 1651 360 427
1246 1652 363 427
1246 1653 367 423
1246 1654 370 424
1246 1655 375 423
1246 1656 375 424
1246 1657 380 421
1246 1658 384 419
1246 1659 387 420
1246 1660 390 419
1246 1661 392 418
1246 1662 395 417
1246 1663 400 415
1246 1664 403 416
1246 1665 403 415
1246 1666 409 413
1246 1667 412 411
1246 1668 411 413
1266 1636 294 257
1266 1637 303 258
1266 1638 312 258
1266 1639 323 259
1266 1640 332 260
1266 1641 342 261
1266 1642 354 261
1266 1643 363 262
1266 1644 373 264
1266 1645 385 265
1266 1646 396 266
1266 1647 407 266
1266 1648 416 267
1266 1649 428 268
1266 1650 440 270
1266 1651 450 271
1266 1652 460 272
1266 1653 465 271
1266 1654 469 272
1293 1688 474 397
1293 1689 475 393
1293 1690 477 393
1293 1691 479 393
1293 1692 483 391
1293 1693 486 390
1293 1694 488 389
1293 1695 490 390
1293 1696 493 386
1293 1697 495 387
1293 1698 500 385
1293 1699 499 385
1293 1700 502 384
1293 1701 507 380
1293 1702 506 383
1293 1703 509 382
1293 1704 512 380
1293 1705 514 380
1293 1706 517 380
1293 1707 518 379
1293 1708 520 379
1293 1709 523 377
1293 1710 526 377
1293 1711 529 376
1293 1712 530 376
1293 1713 533 373
1293 1714 535 374
1293 1715 537 373
1293 1716 538 372
1293 1717 539 372
1293 1718 539 377
1341 1784 245 247
1341 1785 239 246
1341 1786 240 250
1341 1787 245 252
1341 1788 260 254
1341 1789 274 256
1341 1790 289 256
1341 1791 305 258
1341 1792 320 259
1341 1793 335 261
1341 1794 354 262
1341 1795 369 263
1341 1796 384 265
1341 1797 402 266
1341 1798 418 268
1341 1799 434 269
1341 1800 453 271
1341 1801 455 271
1458 1879 165 280
1458 1880 164 276
1458 1881 163 276
1458 1882 163 276
1458 1883 161 279
1458 1884 161 277
1458 1885 159 278
1458 1886 158 280
1458 1887 156 281
1458 1888 152 282
1458 1889 150 283
1458 1890 147 284
1458 1891 144 285
1458 1892 140 286
1458 1893 136 287
1458 1894 135 287
1458 1895 128 288
1458 1896 124 290
1458 1897 121 290
1458 1898 117 292
1458 1899 111 292
1458 1900 107 291
1458 1901 104 291
1458 1902 96 294
1458 1903 89 298
1458 1904 83 299
1458 1905 80 296
1529 1959 456 340
1529 1960 454 341
1529 1961 451 344
1529 1962 448 342
1529 1963 444 341
1529 1964 442 340
1529 1965 440 341
1529 1966 436 344
1529 1967 433 342
1529 1968 431 340
1529 1969 428 343
1529 1970 425 342
1529 1971 421 343
1529 1972 418 342
1529 1973 415 343
1529 1974 412 341
1529 1975 409 341
1529 1976 406 341
1529 1977 403 342
1529 1978 399 341
1529 1979 397 342
1529 1980 393 341
1529 1981 389 342
1529 1982 386 341
1529 1983 384 345
1529 1984 380 341
1529 1985 377 343
1529 1986 374 341
1529 1987 371 343
1529 1988 367 341
1529 1989 365 341
1529 1990 361 342
1529 1991 357 342
1529 1992 354 342
1529 1993 352 339
1529 1994 349 341
1529 1995 345 340
1529 1996 342 341
1529 1997 338 339
1529 1998 336 340
1529 1999 333 340
1529 2000 329 342
1529 2001 326 339
1529 2002 323 339
1529 2003 319 341
1529 2004 316 339
1529 2005 312 339
1529 2006 310 341
1529 2007 306 340
1529 2008 304 343
1529 2009 300 340
1529 2010 297 339
1529 2011 294 337
1529 2012 291 337
1529 2013 288 337
1529 2014 284 340
1529 2015 283 341
1529 2016 278 338
1529 2017 276 339
1529 2018 273 337
1529 2019 271 336
1529 2020 267 338
1529 2021 264 335
1529 2022 260 335
1529 2023 258 339
1529 2024 255 339
1529 2025 252 335
1529 2026 253 337
1626 2078 184 246
1626 2079 197 247
1626 2080 208 247
1626 2081 219 253
1626 2082 234 249
1626 2083 246 251
1626 2084 259 252
1626 2085 275 254
1626 2086 291 257
1626 2087 305 256
1626 2088 319 257
1709 2182 473 350
1709 2183 473 347
1709 2184 474 353
1709 2185 476 355
1709 2186 479 351
1709 2187 480 354
1709 2188 482 354
1709 2189 484 360
1709 2190 484 355
1709 2191 486 356
1709 2192 489 356
1709 2193 491 356
1709 2194 491 356
1709 2195 493 361
1709 2196 494 357
1709 2197 498 358
1709 2198 500 359
1709 2199 500 361
1709 2200 500 364
1709 2201 505 361
1709 2202 508 364
1709 2203 509 365
1709 2204 510 362
1709 2205 512 364
1709 2206 514 365
1709 2207 517 366
1709 2208 519 365
1709 2209 522 365
1709 2210 524 365
1709 2211 526 371
1709 2212 526 372
1709 2213 528 367
1709 2214 531 372
1709 2215 533 373
1709 2216 535 369
1709 2217 537 368
1709 2218 537 369
2100 2574 233 402
2100 2575 231 401
2100 2576 230 402
2100 2577 227 401
2100 2578 224 402
2100 2579 219 402
2100 2580 219 402
2100 2581 218 401
2100 2582 214 402
2100 2583 207 402
2100 2584 205 404
2100 2585 204 403
2100 2586 202 402
2100 2587 196 403
2100 2588 194 403
2100 2589 192 402
2100 2590 189 402
2100 2591 185 403
2100 2592 181 403
2100 2593 180 404
2100 2594 177 403
2100 2595 173 405
2100 2596 169 404
2100 2597 169 403
2100 2598 166 404
2100 2599 163 404
2100 2600 157 404
2100 2601 157 405
2100 2602 154 405
2100 2603 149 406
2100 2604 144 407
2100 2605 144 406
2100 2606 142 405
2100 2607 139 406
2100 2608 133 406
2100 2609 131 407
2100 2610 130 407
2100 2611 125 408
2100 2612 119 410
2100 2613 119 409
2100 2614 118 408
2100 2615 114 408
2100 2616 108 411
2100 2617 106 411
2100 2618 103 410
2100 2619 103 411
2100 2620 96 413
2100 2621 94 415
2100 2622 95 412
2100 2623 91 414
2100 2624 84 415
2100 2625 82 417
2100 2626 82 416
2100 2627 80 416
2100 2628 73 418
2100 2629 70 419
2100 2630 71 419
2100 2631 68 418
2100 2632 63 420
2100 2633 58 420
2100 2634 58 420
2100 2635 54 421
2100 2636 53 422
2100 2637 47 422
2100 2638 46 423
2100 2639 46 423
2100 2640 39 424
2100 2641 36 424
2100 2642 36 424
2100 2643 35 424
2100 2644 30 422
2100 2645 29 420
2527 2995 309 246
2527 2996 312 252
2527 2997 322 253
2527 2998 332 254
2527 2999 341 255
2527 3000 352 255
2527 3001 363 256
2527 3002 373 256
2527 3003 379 254
2527 3004 393 257
2527 3005 404 260
2527 3006 413 260
2527 3007 424 260
2527 3008 436 264
2527 3009 445 264
2527 3010 455 265
2527 3011 466 264
2527 3012 476 265
2527 3013 476 261
2527 3014 489 258
2685 3284 634 454
2685 3285 632 452
2685 3286 629 452
2685 3287 626 452
2685 3288 623 448
2685 3289 620 448
2685 3290 618 447
2685 3291 616 444
2685 3292 613 441
2685 3293 610 442
2685 3294 607 439
2685 3295 605 441
2685 3296 600 436
2685 3297 597 436
2685 3298 596 436
2685 3299 594 435
2685 3300 590 434
2685 3301 590 430
2685 3302 587 430
2685 3303 584 427
2685 3304 582 421
2685 3305 580 425
2685 3306 576 424
2685 3307 574 420
2685 3308 574 417
2685 3309 569 420
2685 3310 566 417
2685 3311 564 417
2685 3312 562 415
2685 3313 559 414
2685 3314 557 411
2685 3315 554 409
2685 3316 551 409
2685 3317 548 408
2685 3318 545 406
2685 3319 542 405
2685 3320 540 405
2685 3321 538 402
2685 3322 535 399
2685 3323 531 404
2685 3324 529 399
2685 3325 527 397
2685 3326 524 400
2685 3327 521 396
2685 3328 518 397
2685 3329 517 390
2685 3330 515 392
2685 3331 511 393
2685 3332 508 390
2685 3333 506 389
2685 3334 503 389
2685 3335 501 389
2685 3336 499 385
2685 3337 496 383
2685 3338 494 383
2685 3339 490 382
2685 3340 488 380
2685 3341 486 381
2685 3342 485 381
2685 3343 482 375
2685 3344 480 377
2685 3345 476 381
2685 3346 474 378
2685 3347 472 374
2685 3348 469 374
2685 3349 467 371
2685 3350 465 374
2685 3351 463 367
2685 3352 460 369
2685 3353 457 367
2685 3354 455 369
2685 3355 453 367
2685 3356 450 366
2685 3357 449 363
2685 3358 446 365
2685 3359 445 362
2685 3360 443 361
2685 3361 440 362
2685 3362 437 360
2685 3363 436 360
2685 3364 435 366
2816 3419 482 267
2816 3420 476 265
2816 3421 472 265
2816 3422 460 264
2816 3423 447 263
2816 3424 432 262
2816 3425 418 259
2816 3426 408 260
2816 3427 392 259
2816 3428 380 258
2816 3429 369 257
2816 3430 355 256
2816 3431 343 254
2816 3432 331 254
2816 3433 317 253
2816 3434 304 251
2816 3435 294 251
2816 3436 282 249
2816 3437 270 249
2816 3438 261 248
2816 3439 250 248
2816 3440 242 247
2893 3594 154 257
2893 3595 156 257
2893 3596 158 258
2893 3597 159 259
2893 3598 160 260
2893 3599 161 262
2893 3600 161 262
2893 3601 162 264
2893 3602 162 267
2893 3603 161 266
2893 3604 161 267
2893 3605 160 268
2893 3606 159 270
2893 3607 159 270
2893 3608 158 272
2893 3609 157 274
2893 3610 155 274
2893 3611 153 276
2893 3612 151 278
2893 3613 150 279
2893 3614 147 281
2893 3615 144 282
2893 3616 142 284
2893 3617 138 286
2893 3618 134 287
2893 3619 129 289
2893 3620 126 291
2893 3621 123 293
2893 3622 118 295
2893 3623 116 297
2893 3624 114 298
2893 3625 118 298
3072 3665 355 463
3072 3666 356 460
3072 3667 362 462
3072 3668 365 462
3072 3669 367 464
3072 3670 371 460
3072 3671 376 460
3072 3672 380 457
3072 3673 384 460
3072 3674 389 457
3072 3675 394 456
3072 3676 398 457
3072 3677 404 456
3072 3678 409 456
3072 3679 412 456
3072 3680 413 455
3072 3681 418 454
3072 3682 422 454
3072 3683 424 453
3072 3684 426 453
3072 3685 429 450
3072 3686 435 451
3072 3687 438 451
3072 3688 442 448
3072 3689 444 447
3072 3690 448 446
3072 3691 455 445
3072 3692 459 444
3072 3693 464 445
3072 3694 466 443
3072 3695 470 441
3072 3696 476 441
3072 3697 480 441
3072 3698 483 441
3072 3699 487 441
3072 3700 490 437
3072 3701 494 437
3072 3702 491 439
3270 3831 485 268
3270 3832 483 267
3270 3833 477 264
3270 3834 470 263
3270 3835 463 264
3270 3836 453 263
3270 3837 443 263
3270 3838 431 262
3270 3839 422 260
3270 3840 412 259
3270 3841 401 259
3270 3842 392 257
3270 3843 383 257
3270 3844 372 256
3270 3845 360 255
3270 3846 351 254
3270 3847 344 251
3270 3848 333 254
3270 3849 323 253
3270 3850 315 252
3270 3851 306 250
3270 3852 316 255
3312 3882 326 315
3312 3883 325 312
3312 3884 323 311
3312 3885 320 311
3312 3886 318 313
3312 3887 315 309
3312 3888 311 309
3312 3889 309 307
3312 3890 307 309
3312 3891 304 307
3312 3892 302 308
3312 3893 300 308
3312 3894 296 306
3312 3895 292 306
3312 3896 290 307
3312 3897 289 306
3312 3898 286 305
3312 3899 285 305
3312 3900 282 304
3312 3901 278 305
3312 3902 276 304
3312 3903 273 304
3312 3904 273 301
3312 3905 270 302
3312 3906 268 303
3312 3907 265 300
3312 3908 262 300
3312 3909 259 299
3312 3910 257 301
3312 3911 256 298
3312 3912 253 300
3312 3913 251 299
3312 3914 250 298
3312 3915 246 298
3312 3916 244 296
3312 3917 243 294
3312 3918 241 295
3312 3919 238 293
3312 3920 237 293
3312 3921 234 293
3312 3922 231 292
3312 3923 231 292
3312 3924 229 291
3312 3925 227 290
3312 3926 225 290
3312 3927 221 291
3312 3928 221 289
3312 3929 218 289
3312 3930 218 288
3312 3931 216 289
3312 3932 213 287
3312 3933 214 287
3312 3934 210 288
3312 3935 209 287
3312 3936 205 287
3312 3937 203 286
3312 3938 202 284
3312 3939 200 284
3312 3940 199 284
3312 3941 198 283
3312 3942 195 283
3312 3943 192 282
3312 3944 189 282
3312 3945 188 282
3312 3946 186 280
3312 3947 183 280
3312 3948 181 281
3312 3949 180 281
3312 3950 179 281
3680 4300 371 253
3680 4301 371 261
3680 4302 385 263
3680 4303 400 265
3680 4304 411 265
3680 4305 423 266
3680 4306 435 267
3680 4307 447 267
3680 4308 459 269
3680 4309 467 271
3680 4310 473 271
3680 4311 478 271
3680 4312 483 272
3724 4337 167 273
3724 4338 172 269
3724 4339 169 271
3724 4340 168 270
3724 4341 164 271
3724 4342 164 272
3724 4343 162 273
3724 4344 160 274
3724 4345 157 275
3724 4346 155 276
3724 4347 153 276
3724 4348 150 277
3724 4349 148 278
3724 4350 148 279
3724 4351 145 280
3724 4352 142 281
3724 4353 142 282
3724 4354 137 283
3724 4355 135 284
3724 4356 132 285
3724 4357 130 286
3724 4358 128 286
3724 4359 126 287
3724 4360 123 298
3724 4361 121 298
3724 4362 118 291
3724 4363 116 292
3724 4364 114 293
3724 4365 112 297
3724 4366 110 295
3724 4367 107 296
3724 4368 104 297
3724 4369 102 297
3724 4370 100 298
3724 4371 97 300
3724 4372 96 301
3724 4373 93 302
3724 4374 91 302
3724 4375 90 303
3724 4376 87 305
3724 4377 85 306
3724 4378 83 306
3724 4379 81 307
3724 4380 78 309
3724 4381 77 310
3724 4382 74 311
3724 4383 72 311
3724 4384 69 312
3724 4385 68 313
3724 4386 65 314
3724 4387 64 315
3724 4388 54 317
3724 4389 60 317
3724 4390 58 318
3724 4391 52 320
3724 4392 54 320
3724 4393 52 321
3724 4394 50 321
3724 4395 49 321
3724 4396 54 321
3724 4397 46 325
3724 4398 46 324
3724 4399 44 326
3724 4400 39 326
3724 4401 41 326
3724 4402 36 329
3724 4403 41 334
3724 4404 38 336
3724 4405 36 336
3871 4418 450 267
3871 4419 452 266
3871 4420 453 267
3871 4421 454 268
3871 4422 454 267
3871 4423 455 268
3871 4424 454 263
3871 4425 443 263
3871 4426 434 261
3871 4427 427 262
3871 4428 419 266
3871 4429 408 259
3871 4430 398 258
3871 4431 389 258
3871 4432 381 258
3871 4433 370 256
3871 4434 361 256
3871 4435 353 254
3871 4436 343 253
3871 4437 333 254
3871 4438 325 252
3871 4439 317 253
3871 4440 307 252
3871 4441 298 249
3871 4442 291 249
3871 4443 282 249
3871 4444 273 249
3871 4445 265 247
3871 4446 258 248
3871 4447 252 247
3871 4448 245 247
3871 4449 243 246
4336 5052 430 373
4336 5053 427 375
4336 5054 430 376
4336 5055 430 376
4336 5056 433 378
4336 5057 435 379
4336 5058 437 380
4336 5059 439 380
4336 5060 442 381
4336 5061 444 384
4336 5062 446 386
4336 5063 447 385
4336 5064 450 385
4336 5065 452 387
4336 5066 454 390
4336 5067 456 389
4336 5068 459 390
4336 5069 462 391
4336 5070 464 393
4336 5071 465 393
4336 5072 468 391
4336 5073 470 395
4336 5074 472 396
4336 5075 474 396
4336 5076 478 398
4336 5077 480 400
4336 5078 483 402
4336 5079 484 403
4336 5080 486 400
4336 5081 488 405
4336 5082 488 408
4352 5071 227 314
4352 5072 226 318
4352 5073 228 319
4352 5074 230 318
4352 5075 231 318
4352 5076 232 318
4352 5077 233 319
4352 5078 237 319
4352 5079 238 317
4352 5080 240 318
4352 5081 241 315
4352 5082 241 317
4352 5083 243 318
4352 5084 246 316
4352 5085 248 317
4352 5086 249 318
4352 5087 249 319
4352 5088 252 316
4352 5089 253 318
4352 5090 256 318
4352 5091 258 318
4352 5092 258 314
4352 5093 259 318
4352 5094 261 319
4352 5095 263 320
4352 5096 265 318
4352 5097 265 318
4352 5098 266 319
4352 5099 268 319
4352 5100 269 317
4352 5101 271 317
4352 5102 272 317
4352 5103 273 318
4352 5104 276 314
4352 5105 278 318
4352 5106 279 319
4352 5107 280 320
4352 5108 281 320
4352 5109 282 323
4352 5110 284 319
4352 5111 287 316
4352 5112 289 318
4352 5113 290 320
4352 5114 291 323
4352 5115 293 322
4352 5116 295 325
4352 5117 296 322
4352 5118 296 323
4352 5119 299 324
4352 5120 301 326
4352 5121 302 324
4352 5122 303 328
4352 5123 304 323
4352 5124 307 326
4352 5125 308 328
4352 5126 310 325
4352 5127 310 325
4352 5128 312 325
4352 5129 312 326
4352 5130 314 331
4352 5131 317 326
4352 5132 318 327
4352 5133 320 328
4352 5134 322 327
4352 5135 323 333
4352 5136 324 331
4352 5137 324 330
4352 5138 324 330
4352 5139 326 332
4352 5140 329 333
4352 5141 332 333
4352 5142 332 332
4352 5143 334 332
4352 5144 336 334
4352 5145 337 336
4352 5146 337 338
4352 5147 339 336
4352 5148 340 333
4352 5149 342 337
4352 5150 340 336
4352 5151 345 335
4352 5152 347 338
4352 5153 347 338
4352 5154 350 335
4352 5155 352 337
4352 5156 354 338
4352 5157 357 340
4352 5158 355 338
4352 5159 358 336
4352 5160 358 340
4352 5161 362 341
4352 5162 364 338
4352 5163 365 343
4352 5164 364 346
4581 5286 569 473
4581 5287 565 472
4581 5288 562 472
4581 5289 559 472
4581 5290 555 472
4581 5291 551 472
4581 5292 547 471
4581 5293 544 471
4581 5294 542 471
4581 5295 536 471
4581 5296 534 471
4581 5297 530 471
4581 5298 527 471
4581 5299 522 471
4581 5300 518 471
4581 5301 515 471
4581 5302 511 471
4581 5303 507 471
4581 5304 503 471
4581 5305 501 471
4581 5306 496 470
4581 5307 492 470
4581 5308 488 470
4581 5309 484 469
4581 5310 480 469
4581 5311 477 469
4581 5312 473 469
4581 5313 469 469
4581 5314 466 469
4581 5315 462 469
4581 5316 456 468
4581 5317 454 468
4581 5318 451 468
4581 5319 447 468
4581 5320 443 468
4581 5321 440 468
4581 5322 437 467
4581 5323 432 467
4581 5324 428 467
4581 5325 425 467
4581 5326 421 467
4581 5327 417 467
4581 5328 413 467
4581 5329 410 467
4581 5330 405 467
4581 5331 402 467
4581 5332 398 467
4581 5333 393 466
4581 5334 391 466
4581 5335 387 466
4581 5336 383 466
4581 5337 378 466
4581 5338 375 466
4581 5339 371 466
4581 5340 367 466
4581 5341 365 466
4581 5342 359 465
4581 5343 357 465
4581 5344 352 465
4581 5345 348 465
4581 5346 345 463
4581 5347 340 465
4581 5348 336 464
4581 5349 333 464
4581 5350 329 464
4581 5351 325 463
4581 5352 321 464
4581 5353 319 464
4581 5354 314 463
4581 5355 309 463
4581 5356 306 463
4581 5357 303 463
4581 5358 300 462
4581 5359 294 462
4581 5360 292 462
4581 5361 292 462
4581 5362 287 462
4581 5363 282 462
4581 5364 277 462
4581 5365 275 461
4581 5366 271 460
4581 5367 268 461
4581 5368 262 461
4581 5369 261 460
4581 5370 259 459
4581 5371 254 460
4581 5372 249 459
4581 5373 247 460
4581 5374 245 458
4581 5375 240 458
4581 5376 234 457
4581 5377 234 457
4581 5378 231 456
4581 5379 228 456
4581 5380 223 455
4581 5381 220 455
4581 5382 216 453
4581 5383 214 453
4581 5384 209 454
4581 5385 206 453
4581 5386 204 453
4581 5387 200 452
4581 5388 196 452
4581 5389 192 451
4581 5390 191 452
4581 5391 188 450
4581 5392 183 450
4581 5393 179 449
4581 5394 179 449
4581 5395 176 449
4581 5396 169 449
4581 5397 166 448
4581 5398 166 449
4581 5399 162 448
4581 5400 158 447
4581 5401 155 447
4581 5402 153 446
4581 5403 155 448
4631 5329 176 249
4631 5330 169 249
4631 5331 166 250
4631 5332 164 250
4631 5333 162 253
4631 5334 160 253
4631 5335 158 254
4631 5336 157 256
4631 5337 154 257
4631 5338 153 258
4631 5339 150 261
4631 5340 148 260
4631 5341 146 262
4631 5342 143 261
4631 5343 142 262
4631 5344 140 264
4631 5345 137 266
4631 5346 135 268
4631 5347 133 269
4631 5348 134 270
4631 5349 126 270
4631 5350 125 272
4631 5351 121 275
4631 5352 119 276
4631 5353 116 278
4631 5354 113 284
4631 5355 109 281
4631 5356 110 282
4631 5357 103 290
4631 5358 99 284
4631 5359 95 286
4631 5360 93 288
4647 5341 120 286
4647 5342 119 280
4647 5343 117 280
4647 5344 113 283
4647 5345 111 285
4647 5346 107 285
4647 5347 103 286
4647 5348 104 287
4647 5349 100 284
4647 5350 95 290
4647 5351 90 293
4647 5352 87 295
4647 5353 83 287
4647 5354 79 297
4647 5355 76 296
4647 5356 71 300
4647 5357 67 300
4647 5358 62 301
4647 5359 59 305
4647 5360 55 307
4647 5361 51 307
4647 5362 46 309
4647 5363 42 313
4647 5364 38 314
4647 5365 37 313
4647 5366 28 318
4647 5367 25 319
4647 5368 20 321
4647 5369 24 319
4647 5370 15 327
4647 5371 14 323
4647 5372 11 330
4647 5373 9 327
4647 5374 7 327
4647 5375 5 328
4647 5376 3 332
4661 5360 94 303
4661 5361 90 296
4661 5362 86 290
4661 5363 82 293
4661 5364 79 293
4661 5365 76 296
4661 5366 70 298
4661 5367 67 298
4661 5368 65 307
4661 5369 60 309
4661 5370 54 304
4661 5371 52 305
4661 5372 49 307
4661 5373 45 308
4661 5374 42 309
4661 5375 37 311
4661 5376 32 313
4661 5377 29 315
4661 5378 26 321
4661 5379 21 318
4661 5380 17 318
4661 5381 14 322
4661 5382 12 322
4661 5383 9 326
4661 5384 8 332
4661 5385 6 329
4661 5386 3 330
4709 5414 114 439
4709 5415 114 441
4709 5416 111 440
4709 5417 108 440
4709 5418 105 439
4709 5419 104 439
4709 5420 101 438
4709 5421 97 437
4709 5422 93 437
4709 5423 92 437
4709 5424 90 437
4709 5425 87 436
4709 5426 82 434
4709 5427 80 434
4709 5428 80 434
4709 5429 79 434
4709 5430 72 433
4709 5431 69 432
4709 5432 68 433
4709 5433 65 432
4709 5434 62 431
4709 5435 61 431
4709 5436 59 430
4709 5437 57 430
4709 5438 53 429
4709 5439 49 428
4709 5440 47 430
4709 5441 47 428
4709 5442 43 429
4709 5443 41 427
4709 5444 39 427
4709 5445 37 426
4709 5446 35 426
4709 5447 31 425
4709 5448 29 425
4709 5449 27 423
4709 5450 25 423
4709 5451 22 423
4709 5452 22 422
4709 5453 20 421
4709 5454 18 422
4709 5455 14 420
4709 5456 12 424
4709 5457 10 420
4709 5458 7 419
4709 5459 6 420
4709 5460 6 418
4709 5461 5 417
4709 5462 5 418
4709 5463 4 424
4850 5647 157 296
4850 5648 157 297
4850 5649 160 297
4850 5650 160 296
4850 5651 162 298
4850 5652 162 299
4850 5653 165 299
4850 5654 167 299
4850 5655 167 298
4850 5656 169 298
4850 5657 169 298
4850 5658 171 297
4850 5659 172 301
4850 5660 173 301
4850 5661 175 300
4850 5662 177 300
4850 5663 177 302
4850 5664 178 301
4850 5665 178 303
4850 5666 180 304
4850 5667 181 303
4850 5668 182 305
4850 5669 184 303
4850 5670 184 306
4850 5671 185 305
4850 5672 186 308
4850 5673 187 307
4850 5674 188 309
4850 5675 189 310
4850 5676 192 310
4850 5677 191 308
4850 5678 194 308
4850 5679 194 312
4850 5680 195 310
4850 5681 196 312
4850 5682 196 313
4850 5683 198 316
4850 5684 199 313
4850 5685 201 313
4850 5686 202 316
4850 5687 203 316
4850 5688 205 315
4850 5689 204 317
4850 5690 205 319
4850 5691 206 320
4850 5692 208 322
4850 5693 209 321
4850 5694 210 325
4850 5695 209 321
4850 5696 212 323
4850 5697 213 326
4850 5698 213 327
4850 5699 215 327
4850 5700 216 325
4850 5701 217 328
4850 5702 220 327
4850 5703 221 328
4850 5704 220 329
4850 5705 222 330
4850 5706 223 332
4850 5707 225 333
4850 5708 224 331
4850 5709 228 334
4850 5710 228 336
4850 5711 231 333
4850 5712 231 337
4850 5713 233 337
4850 5714 235 340
4850 5715 235 338
4850 5716 236 337
4850 5717 238 341
4850 5718 240 340
4850 5719 241 341
4850 5720 243 346
4850 5721 244 345
4850 5722 246 342
4850 5723 248 345
4850 5724 249 346
4850 5725 250 349
4850 5726 252 346
4850 5727 253 352
4850 5728 256 352
4850 5729 257 352
4850 5730 259 353
4850 5731 260 351
4850 5732 262 354
4850 5733 262 358
4850 5734 266 358
4850 5735 267 360
4850 5736 268 359
4850 5737 269 361
4850 5738 272 362
4850 5739 273 363
4850 5740 276 365
4850 5741 277 366
4850 5742 280 368
4850 5743 281 367
4850 5744 282 367
4850 5745 284 369
4850 5746 287 369
4850 5747 287 371
4850 5748 291 372
4850 5749 293 375
4850 5750 295 376
4850 5751 296 376
4850 5752 298 377
4850 5753 300 378
4850 5754 303 377
4850 5755 306 380
4850 5756 308 376
4891 5711 537 443
4891 5712 536 440
4891 5713 530 434
4891 5714 528 440
4891 5715 523 438
4891 5716 522 436
4891 5717 516 435
4891 5718 515 435
4891 5719 514 432
4891 5720 508 430
4891 5721 504 428
4891 5722 502 430
4891 5723 500 426
4891 5724 496 425
4891 5725 490 425
4891 5726 489 423
4891 5727 488 421
4891 5728 482 419
4891 5729 478 420
4891 5730 477 418
4891 5731 474 414
4891 5732 471 415
4891 5733 466 415
4891 5734 465 413
4891 5735 465 415
4921 5754 400 383
4921 5755 398 388
4921 5756 394 388
4921 5757 392 387
4921 5758 389 386
4921 5759 385 384
4921 5760 381 385
4921 5761 379 384
4921 5762 377 381
4921 5763 372 380
4921 5764 371 381
4921 5765 369 379
4921 5766 365 377
4921 5767 361 377
4921 5768 359 377
4921 5769 356 375
4921 5770 355 374
4921 5771 351 373
4921 5772 349 373
4921 5773 348 371
4921 5774 342 370
4921 5775 341 369
4921 5776 338 370
4921 5777 336 366
4921 5778 333 369
4921 5779 330 366
4921 5780 329 365
4921 5781 326 364
4921 5782 322 363
4921 5783 320 361
4921 5784 319 360
4921 5785 317 365
4923 5756 306 386
4923 5757 309 383
4923 5758 312 383
4923 5759 313 384
4923 5760 317 384
4923 5761 319 386
4923 5762 319 387
4923 5763 322 387
4923 5764 325 390
4923 5765 329 391
4923 5766 331 391
4923 5767 333 391
4923 5768 336 392
4923 5769 340 395
4923 5770 342 394
4923 5771 346 396
4923 5772 347 398
4923 5773 351 400
4923 5774 353 398
4923 5775 355 395
4923 5776 358 401
4923 5777 359 401
4923 5778 363 401
4923 5779 364 404
4923 5780 367 407
4923 5781 367 410
4930 5765 283 302
4930 5766 286 301
4930 5767 287 302
4930 5768 291 302
4930 5769 289 301
4930 5770 290 301
4930 5771 292 301
4930 5772 295 300
4930 5773 297 300
4930 5774 298 300
4930 5775 299 300
4930 5776 301 299
4930 5777 304 299
4930 5778 305 299
4930 5779 306 299
4930 5780 309 298
4930 5781 312 298
4930 5782 314 299
4930 5783 315 298
4930 5784 319 297
4930 5785 319 298
4930 5786 321 297
4930 5787 322 297
4930 5788 324 296
4930 5789 326 296
4930 5790 329 295
4930 5791 330 296
4930 5792 332 295
4930 5793 333 294
4930 5794 336 295
4930 5795 337 294
4930 5796 337 295
4930 5797 340 293
4930 5798 341 293
4930 5799 344 294
4930 5800 345 293
4930 5801 347 292
4930 5802 349 291
4930 5803 350 291
4930 5804 351 292
4930 5805 354 291
4930 5806 356 290
4930 5807 357 292
4930 5808 360 289
4930 5809 362 290
4930 5810 364 289
4930 5811 365 289
4930 5812 367 287
4930 5813 369 289
4930 5814 371 289
4930 5815 372 288
4930 5816 373 287
4930 5817 375 288
4930 5818 378 288
4930 5819 378 287
4930 5820 379 287
4930 5821 382 286
4930 5822 385 287
4930 5823 386 287
4930 5824 386 286
4930 5825 388 285
4930 5826 391 287
4930 5827 393 286
4930 5828 392 285
4930 5829 394 286
4930 5830 396 285
4930 5831 399 285
4930 5832 399 286
4930 5833 402 285
4930 5834 403 285
4930 5835 405 285
4930 5836 406 285
4930 5837 408 285
4930 5838 408 285
4930 5839 410 285
4930 5840 412 284
4930 5841 413 284
4930 5842 415 283
4930 5843 417 283
4930 5844 419 283
4930 5845 419 282
4930 5846 421 285
4930 5847 424 283
4930 5848 426 283
4930 5849 427 282
4930 5850 428 283
4930 5851 430 281
4930 5852 432 282
4930 5853 434 282
4930 5854 434 282
4930 5855 435 282
4930 5856 438 283
4930 5857 440 283
4930 5858 441 281
4930 5859 442 281
4930 5860 445 282
4930 5861 447 280
4930 5862 447 280
4930 5863 449 281
4930 5864 450 280
4930 5865 455 281
4930 5866 454 280
4930 5867 456 280
4930 5868 458 281
4930 5869 460 279
4930 5870 461 279
4930 5871 461 280
4930 5872 463 279
4930 5873 467 279
4930 5874 469 278
4930 5875 471 279
4930 5876 473 278
4930 5877 475 278
4930 5878 477 277
4930 5879 479 277
4958 5793 410 419
4958 5794 407 421
4958 5795 408 423
4958 5796 410 422
4958 5797 413 427
4958 5798 415 426
4958 5799 418 430
4958 5800 421 431
4958 5801 427 429
4958 5802 428 432
4958 5803 432 435
4958 5804 435 434
4958 5805 441 437
4958 5806 442 439
4958 5807 446 441
4958 5808 451 442
4958 5809 454 446
4958 5810 457 445
4958 5811 459 445
4958 5812 463 448
4958 5813 465 451
4958 5814 466 450
4958 5815 472 449
4958 5816 477 450
4958 5817 478 455
4958 5818 480 454
4958 5819 488 458
4958 5820 489 452
5047 5952 483 268
5047 5953 479 266
5047 5954 470 265
5047 5955 457 265
5047 5956 439 264
5047 5957 422 261
5047 5958 408 261
5047 5959 391 260
5047 5960 374 257
5047 5961 361 257
5047 5962 344 256
5047 5963 328 255
5047 5964 313 254
5047 5965 301 253
5047 5966 285 252
5047 5967 271 251
5047 5968 258 249
5047 5969 246 249
5047 5970 245 248
5112 6128 344 271
5112 6129 343 268
5112 6130 344 268
5112 6131 338 271
5112 6132 337 267
5112 6133 336 265
5112 6134 333 265
5112 6135 334 262
5112 6136 332 266
5112 6137 332 264
5112 6138 330 262
5112 6139 327 266
5112 6140 327 265
5112 6141 326 264
5112 6142 325 264
5112 6143 321 265
5112 6144 322 262
5112 6145 320 263
5112 6146 319 263
5112 6147 317 264
5112 6148 316 262
5112 6149 313 263
5112 6150 309 264
5112 6151 311 263
5112 6152 310 262
5112 6153 308 262
5112 6154 306 264
5112 6155 306 261
5112 6156 304 264
5112 6157 302 262
5112 6158 301 264
5112 6159 299 264
5112 6160 299 263
5112 6161 297 263
5112 6162 296 263
5112 6163 294 263
5112 6164 293 263
5112 6165 292 263
5112 6166 289 263
5112 6167 286 263
5112 6168 283 267
5112 6169 284 262
5112 6170 284 263
5112 6171 279 263
5112 6172 279 263
5112 6173 283 255
5112 6174 271 250
5112 6175 271 252
5112 6176 271 248
5112 6177 285 254
5112 6178 285 259
5357 6415 263 252
5357 6416 273 253
5357 6417 283 253
5357 6418 292 255
5357 6419 301 255
5357 6420 311 256
5357 6421 322 256
5357 6422 331 258
5357 6423 339 258
5357 6424 350 259
5357 6425 360 260
5357 6426 370 261
5357 6427 380 261
5357 6428 388 261
5357 6429 386 268
5520 6612 487 262
5520 6613 482 261
5520 6614 474 261
5520 6615 468 261
5520 6616 455 261
5520 6617 442 259
5520 6618 431 259
5520 6619 416 258
5520 6620 405 258
5520 6621 393 256
5520 6622 380 254
5520 6623 365 253
5520 6624 354 254
5520 6625 343 253
5520 6626 330 251
5520 6627 317 251
5520 6628 306 250
5520 6629 293 249
5520 6630 293 248
5544 6651 501 267
5544 6652 485 267
5544 6653 480 265
5544 6654 468 265
5544 6655 451 264
5544 6656 436 262
5544 6657 421 260
5544 6658 401 259
5544 6659 388 257
5544 6660 372 257
5544 6661 355 256
5544 6662 339 255
5544 6663 327 254
5544 6664 309 252
5544 6665 291 250
5544 6666 278 248
5544 6667 266 247
5544 6668 251 247
5544 6669 235 247
5544 6670 227 249
5626 6883 512 421
5626 6884 508 423
5626 6885 503 424
5626 6886 498 427
5626 6887 494 429
5626 6888 487 431
5626 6889 486 432
5626 6890 480 436
5626 6891 476 436
5626 6892 467 439
5626 6893 465 441
5626 6894 461 441
5626 6895 454 445
5626 6896 452 446
5626 6897 446 447
5626 6898 441 450
5626 6899 435 452
5626 6900 429 455
5626 6901 423 457
5626 6902 417 461
5626 6903 416 460
5626 6904 410 461
5626 6905 404 462
5626 6906 398 464
5626 6907 391 464
5626 6908 384 466
5626 6909 379 467
5626 6910 380 471
5804 7165 296 256
5804 7166 306 257
5804 7167 315 257
5804 7168 326 259
5804 7169 338 260
5804 7170 348 260
5804 7171 358 260
5804 7172 369 262
5804 7173 379 260
5804 7174 389 262
5804 7175 400 265
5804 7176 410 265
5804 7177 420 267
5804 7178 433 266
5804 7179 445 268
5804 7180 456 270
5843 7252 4 346
5843 7253 4 345
5843 7254 5 340
5843 7255 5 336
5843 7256 7 337
5843 7257 11 340
5843 7258 9 337
5843 7259 10 335
5843 7260 12 335
5843 7261 13 334
5843 7262 14 330
5843 7263 15 333
5843 7264 14 332
5843 7265 19 332
5843 7266 20 331
5843 7267 20 329
5843 7268 22 330
5843 7269 23 327
5843 7270 24 328
5843 7271 25 326
5843 7272 27 327
5843 7273 28 328
5843 7274 30 327
5843 7275 31 326
5843 7276 32 326
5843 7277 34 321
5843 7278 34 321
5843 7279 36 320
5843 7280 36 323
5843 7281 38 323
5843 7282 39 323
5843 7283 42 322
5843 7284 43 322
5843 7285 43 321
5843 7286 45 317
5843 7287 46 321
5843 7288 45 320
5843 7289 47 320
5843 7290 50 322
5843 7291 52 322
5843 7292 57 325
5848 7256 485 266
5848 7257 478 264
5848 7258 467 264
5848 7259 460 265
5848 7260 449 264
5848 7261 436 261
5848 7262 422 259
5848 7263 407 259
5848 7264 396 258
5848 7265 384 258
5848 7266 370 257
5848 7267 358 255
5848 7268 350 255
5848 7269 334 254
5848 7270 336 253
5848 7271 326 256
5878 7349 224 268
5878 7350 227 271
5878 7351 229 272
5878 7352 230 272
5878 7353 232 271
5878 7354 235 270
5878 7355 236 272
5878 7356 239 270
5878 7357 241 271
5878 7358 243 270
5878 7359 245 270
5878 7360 246 271
5878 7361 249 270
5878 7362 252 270
5878 7363 254 271
5878 7364 256 271
5878 7365 259 271
5878 7366 261 270
5878 7367 261 270
5878 7368 265 272
5878 7369 268 267
5878 7370 269 271
5878 7371 272 271
5878 7372 274 272
5878 7373 276 272
5878 7374 278 271
5878 7375 280 271
5878 7376 282 271
5878 7377 284 271
5878 7378 286 270
5878 7379 290 270
5878 7380 291 270
5878 7381 294 271
5878 7382 297 271
5878 7383 297 272
5878 7384 301 270
5878 7385 303 271
5878 7386 306 271
5878 7387 308 270
5878 7388 310 272
5878 7389 312 272
5878 7390 314 273
5878 7391 317 271
5878 7392 319 272
5878 7393 322 273
5878 7394 324 271
5878 7395 325 273
5878 7396 326 273
5878 7397 330 272
5878 7398 331 271
5878 7399 333 273
5878 7400 325 264
5878 7401 335 263
5878 7402 346 263
5878 7403 358 264
5878 7404 367 264
5878 7405 378 262
5878 7406 390 262
5878 7407 403 265
5878 7408 414 265
5878 7409 427 267
5878 7410 439 266
5878 7411 450 268
5878 7412 460 270
5878 7413 467 270
5878 7414 474 270
5878 7415 481 271
5878 7416 485 272
6346 7897 113 446
6346 7898 111 445
6346 7899 107 446
6346 7900 107 443
6346 7901 107 438
6346 7902 109 435
6346 7903 109 436
6346 7904 110 434
6346 7905 110 430
6346 7906 111 429
6346 7907 113 427
6346 7908 113 428
6346 7909 113 425
6346 7910 114 422
6346 7911 117 423
6346 7912 115 420
6346 7913 116 419
6346 7914 116 416
6346 7915 118 413
6346 7916 117 413
6346 7917 117 414
6346 7918 118 407
6346 7919 119 409
6346 7920 119 406
6346 7921 119 406
6346 7922 119 405
6346 7923 121 403
6346 7924 122 402
6346 7925 123 402
6346 7926 124 399
6346 7927 125 397
6346 7928 126 397
6346 7929 126 394
6346 7930 128 391
6346 7931 129 391
6346 7932 130 392
6346 7933 131 391
6346 7934 132 389
6346 7935 133 387
6346 7936 134 386
6346 7937 135 384
6346 7938 136 383
6346 7939 138 379
6346 7940 138 381
6346 7941 139 380
6346 7942 139 379
6346 7943 140 378
6346 7944 142 376
6346 7945 142 376
6346 7946 143 375
6346 7947 144 371
6346 7948 144 372
6346 7949 146 370
6346 7950 148 370
6346 7951 149 367
6346 7952 150 364
6346 7953 152 365
6346 7954 150 368
6346 7955 153 363
6346 7956 154 362
6346 7957 155 360
6346 7958 156 361
6346 7959 157 359
6346 7960 158 358
6346 7961 159 357
6346 7962 160 357
6346 7963 162 354
6346 7964 162 353
6346 7965 163 354
6346 7966 164 354
6346 7967 164 349
6346 7968 166 349
6346 7969 167 347
6346 7970 168 349
6346 7971 169 347
6346 7972 169 346
6346 7973 171 341
6346 7974 172 345
6346 7975 173 345
6346 7976 174 339
6346 7977 176 339
6346 7978 177 341
6346 7979 178 342
6346 7980 179 338
6346 7981 180 337
6346 7982 181 338
6346 7983 182 338
6365 7916 117 398
6365 7917 118 397
6365 7918 117 395
6365 7919 118 393
6365 7920 118 393
6365 7921 119 391
6365 7922 121 390
6365 7923 120 388
6365 7924 122 386
6365 7925 123 386
6365 7926 124 384
6365 7927 125 382
6365 7928 125 381
6365 7929 126 381
6365 7930 128 379
6365 7931 129 377
6365 7932 129 376
6365 7933 131 376
6365 7934 132 373
6365 7935 133 373
6365 7936 134 372
6365 7937 136 372
6365 7938 137 369
6365 7939 136 366
6365 7940 139 367
6365 7941 139 366
6365 7942 140 364
6365 7943 141 363
6365 7944 141 361
6365 7945 142 361
6365 7946 144 362
6365 7947 146 358
6365 7948 144 359
6365 7949 147 357
6365 7950 148 356
6365 7951 149 354
6365 7952 150 353
6365 7953 150 352
6365 7954 152 357
6609 8242 487 267
6609 8243 482 265
6609 8244 478 265
6609 8245 467 265
6609 8246 456 264
6609 8247 442 263
6609 8248 428 262
6609 8249 417 260
6609 8250 405 259
6609 8251 395 259
6609 8252 381 258
6609 8253 371 258
6609 8254 358 256
6609 8255 346 255
6609 8256 336 254
6609 8257 326 253
6609 8258 314 253
6609 8259 304 251
6609 8260 295 250
6609 8261 283 249
6609 8262 272 247
6609 8263 281 254
6609 8264 257 247
6609 8265 248 246
6629 8281 369 475
6629 8282 371 474
6629 8283 374 474
6629 8284 378 474
6629 8285 383 474
6629 8286 388 473
6629 8287 391 472
6629 8288 394 472
6629 8289 398 472
6629 8290 402 472
6629 8291 407 471
6629 8292 410 471
6629 8293 414 471
6629 8294 418 470
6629 8295 421 469
6629 8296 424 469
6629 8297 427 468
6629 8298 432 468
6629 8299 436 468
6629 8300 439 471
6629 8301 442 467
6629 8302 446 467
6629 8303 449 467
6629 8304 453 466
6629 8305 458 466
6629 8306 461 466
6629 8307 464 465
6629 8308 468 465
6629 8309 472 465
6629 8310 475 465
6629 8311 479 464
6629 8312 483 463
6629 8313 486 463
6629 8314 493 467
6629 8315 492 463
6629 8316 497 462
6629 8317 501 461
6629 8318 503 464
6629 8319 506 458
6629 8320 510 458
6629 8321 514 458
6629 8322 518 457
6629 8323 518 459
6629 8324 523 454
6629 8325 526 453
6629 8326 526 448
6722 8417 297 461
6722 8418 302 455
6722 8419 301 455
6722 8420 299 453
6722 8421 295 453
6722 8422 293 451
6722 8423 289 448
6722 8424 286 449
6722 8425 284 446
6722 8426 279 444
6722 8427 275 442
6722 8428 272 442
6722 8429 270 442
6722 8430 267 438
6722 8431 264 437
6722 8432 261 436
6722 8433 258 433
6722 8434 255 434
6722 8435 251 432
6722 8436 250 430
6722 8437 248 429
6722 8438 243 428
6722 8439 240 427
6722 8440 238 425
6751 8439 228 430
6751 8440 227 428
6751 8441 231 424
6751 8442 229 424
6751 8443 229 422
6751 8444 226 420
6751 8445 224 419
6751 8446 221 417
6751 8447 220 417
6751 8448 216 416
6751 8449 212 415
6751 8450 207 414
6751 8451 208 415
6751 8452 202 410
6751 8453 202 409
6751 8454 200 409
6751 8455 196 408
6751 8456 194 406
6751 8457 191 405
6751 8458 190 405
6751 8459 189 403
6751 8460 185 400
6751 8461 182 400
6751 8462 181 399
6751 8463 177 398
6751 8464 175 397
6751 8465 173 397
6751 8466 167 395
6751 8467 167 396
6751 8468 166 393
6751 8469 164 392
6751 8470 162 388
6751 8471 160 390
6751 8472 157 389
6751 8473 156 389
6751 8474 151 387
6751 8475 151 385
6751 8476 149 385
6751 8477 148 383
6751 8478 143 382
6751 8479 143 381
6751 8480 141 382
6751 8481 140 380
6751 8482 137 378
6751 8483 135 378
6751 8484 133 378
6751 8485 129 377
6751 8486 128 376
6751 8487 125 375
6751 8488 125 376
6751 8489 119 372
6751 8490 120 370
6751 8491 117 373
6751 8492 115 373
6751 8493 113 366
6751 8494 112 370
6751 8495 110 369
6751 8496 108 368
6751 8497 104 371
6751 8498 102 367
6751 8499 100 366
6751 8500 100 363
6751 8501 97 360
6751 8502 93 363
6751 8503 92 363
6751 8504 88 364
6751 8505 87 362
6751 8506 86 360
6751 8507 83 358
6751 8508 81 362
6751 8509 78 362
7330 9144 469 279
7330 9145 467 279
7330 9146 465 279
7330 9147 463 278
7330 9148 461 278
7330 9149 458 280
7330 9150 458 279
7330 9151 454 279
7330 9152 452 279
7330 9153 450 279
7330 9154 449 279
7330 9155 447 280
7330 9156 443 279
7330 9157 443 279
7330 9158 441 280
7330 9159 438 279
7330 9160 435 278
7330 9161 433 279
7330 9162 431 278
7330 9163 429 278
7330 9164 426 278
7330 9165 425 279
7330 9166 414 275
7330 9167 416 272
7330 9168 420 276
7330 9169 415 278
7330 9170 414 278
7330 9171 410 278
7330 9172 409 277
7330 9173 408 277
7330 9174 406 277
7330 9175 403 276
7330 9176 401 276
7330 9177 399 276
7330 9178 397 276
7330 9179 395 276
7330 9180 393 275
7330 9181 392 276
7330 9182 389 276
7330 9183 386 275
7330 9184 384 275
7330 9185 382 275
7330 9186 380 274
7330 9187 377 275
7330 9188 375 275
7330 9189 375 274
7330 9190 375 277
7330 9191 370 274
7330 9192 368 274
7330 9193 367 274
7330 9194 364 274
7330 9195 361 273
7330 9196 359 273
7330 9197 359 274
7330 9198 355 277
7330 9199 353 271
7330 9200 351 273
7330 9201 350 274
7330 9202 347 273
7330 9203 345 271
7330 9204 343 273
7330 9205 342 273
7330 9206 339 272
7330 9207 336 273
7330 9208 335 274
7330 9209 332 272
7330 9210 331 270
7330 9211 328 271
7330 9212 327 272
7330 9213 325 272
7330 9214 322 270
7330 9215 320 271
7330 9216 318 271
7330 9217 316 272
7330 9218 313 271
7330 9219 313 271
7330 9220 311 271
7330 9221 309 271
7330 9222 306 271
7330 9223 303 271
7330 9224 302 270
7330 9225 300 270
7330 9226 298 271
7330 9227 296 270
7330 9228 296 271
7330 9229 292 270
7330 9230 290 270
7330 9231 288 270
7330 9232 287 270
7330 9233 285 270
7330 9234 282 268
7330 9235 280 267
7374 9175 170 261
7374 9176 170 262
7374 9177 170 258
7374 9178 168 261
7374 9179 169 262
7374 9180 169 267
7374 9181 167 263
7374 9182 167 267
7374 9183 165 265
7374 9184 164 267
7374 9185 162 271
7374 9186 163 270
7374 9187 160 271
7374 9188 159 272
7374 9189 157 274
7374 9190 156 275
7374 9191 153 277
7374 9192 151 278
7374 9193 150 279
7374 9194 148 281
7374 9195 146 284
7374 9196 145 284
7374 9197 142 285
7374 9198 140 287
7374 9199 138 288
7374 9200 135 291
7374 9201 131 292
7374 9202 129 294
7374 9203 126 295
7374 9204 122 297
7374 9205 120 299
7374 9206 116 300
7374 9207 113 301
7374 9208 109 304
7374 9209 105 306
7374 9210 101 307
7374 9211 97 309
7374 9212 94 311
7374 9213 94 310
7374 9214 85 315
7374 9215 80 317
7374 9216 76 318
7374 9217 71 320
7374 9218 66 321
7374 9219 62 324
7374 9220 57 325
7374 9221 51 329
7374 9222 46 332
7374 9223 41 333
7374 9224 35 336
7374 9225 30 340
7374 9226 24 340
7374 9227 19 339
7374 9228 15 341
7374 9229 12 342
7374 9230 10 343
7374 9231 7 345
7374 9232 4 347
7425 9199 158 275
7425 9200 155 276
7425 9201 156 281
7425 9202 154 280
7425 9203 147 282
7425 9204 144 284
7425 9205 145 287
7425 9206 136 290
7425 9207 133 288
7425 9208 130 290
7425 9209 128 293
7425 9210 125 292
7425 9211 122 298
7425 9212 123 300
7425 9213 115 298
7425 9214 111 304
7425 9215 108 301
7425 9216 105 303
7425 9217 102 307
7425 9218 99 306
7425 9219 96 309
7425 9220 90 313
7425 9221 83 313
7425 9222 80 320
7425 9223 73 317
7425 9224 69 318
7425 9225 68 322
7425 9226 57 321
7425 9227 50 323
7425 9228 46 328
7425 9229 46 330
7425 9230 35 335
7425 9231 31 339
7425 9232 24 338
7425 9233 19 339
7425 9234 13 342
7425 9235 10 343
7425 9236 6 344
7425 9237 4 346
7470 9233 485 268
7470 9234 482 265
7470 9235 473 265
7470 9236 470 266
7470 9237 461 265
7470 9238 450 265
7470 9239 441 264
7470 9240 432 262
7470 9241 419 261
7470 9242 410 259
7470 9243 401 261
7470 9244 390 259
7470 9245 379 258
7470 9246 372 257
7470 9247 361 257
7470 9248 351 256
7470 9249 341 255
7470 9250 331 255
7470 9251 323 254
7470 9252 309 253
7470 9253 299 250
7470 9254 294 251
7470 9255 286 249
7470 9256 278 249
7470 9257 271 249
7470 9258 262 248
7470 9259 254 247
7470 9260 253 248
7470 9261 252 247
7506 9285 552 457
7506 9286 551 454
7506 9287 548 452
7506 9288 546 451
7506 9289 540 450
7506 9290 537 450
7506 9291 535 443
7506 9292 531 443
7506 9293 528 443
7506 9294 525 441
7506 9295 522 438
7506 9296 517 435
7506 9297 515 435
7506 9298 513 431
7506 9299 508 431
7506 9300 505 428
7506 9301 503 426
7506 9302 498 425
7506 9303 493 424
7506 9304 490 425
7506 9305 490 419
7506 9306 487 418
7506 9307 483 417
7506 9308 480 416
7506 9309 477 413
7506 9310 472 411
7506 9311 469 411
7506 9312 470 412
7798 9493 401 416
7798 9494 397 412
7798 9495 395 422
7798 9496 392 419
7798 9497 389 418
7798 9498 385 419
7798 9499 382 422
7798 9500 379 424
7798 9501 377 425
7798 9502 374 429
7798 9503 370 427
7798 9504 368 431
7798 9505 364 437
7798 9506 362 441
7798 9507 357 432
7798 9508 355 439
7798 9509 352 437
7798 9510 348 440
7798 9511 343 438
7798 9512 341 447
7798 9513 337 449
8176 9671 593 347
8176 9672 590 342
8176 9673 589 339
8176 9674 589 341
8176 9675 585 343
8176 9676 583 343
8176 9677 580 339
8176 9678 578 339
8176 9679 578 339
8176 9680 575 339
8176 9681 573 340
8176 9682 572 343
8176 9683 570 345
8176 9684 568 340
8176 9685 565 341
8176 9686 564 344
8176 9687 561 342
8176 9688 559 342
8176 9689 557 342
8176 9690 554 342
8176 9691 552 347
8176 9692 550 340
8176 9693 548 341
8176 9694 546 343
8176 9695 544 340
8176 9696 542 343
8176 9697 540 340
8176 9698 537 341
8176 9699 536 345
8176 9700 534 342
8176 9701 531 346
8176 9702 529 345
8176 9703 527 346
8176 9704 523 346
8176 9705 522 343
8176 9706 520 344
8176 9707 517 344
8176 9708 515 339
8176 9709 512 343
8176 9710 510 340
8176 9711 507 343
8176 9712 504 342
8176 9713 501 339
8176 9714 498 338
8176 9715 495 338
8176 9716 493 342
8176 9717 491 338
8176 9718 490 339
8176 9719 486 336
8176 9720 484 339
8176 9721 481 336
8176 9722 479 336
8176 9723 478 334
8176 9724 474 336
8176 9725 471 333
8176 9726 470 333
8176 9727 468 334
8176 9728 467 334
8176 9729 464 332
8176 9730 463 331
8176 9731 460 331
8176 9732 458 330
8176 9733 456 329
8176 9734 454 331
8176 9735 452 328
8176 9736 451 328
8176 9737 450 326
8176 9738 448 323
8176 9739 445 327
8176 9740 443 325
8176 9741 442 324
8176 9742 442 326
8176 9743 441 324
8176 9744 441 325
8176 9745 440 324
8238 9691 503 347
8238 9692 506 344
8238 9693 509 348
8238 9694 508 347
8238 9695 504 344
8238 9696 504 343
8238 9697 498 344
8238 9698 496 343
8238 9699 494 344
8238 9700 492 342
8238 9701 488 340
8238 9702 486 343
8238 9703 485 340
8238 9704 480 342
8238 9705 479 342
8238 9706 477 337
8238 9707 472 339
8238 9708 469 337
8238 9709 467 334
8238 9710 464 336
8238 9711 464 335
8238 9712 459 334
8238 9713 457 335
8238 9714 456 333
8238 9715 452 331
8238 9716 450 330
8238 9717 450 332
8238 9718 449 330
8238 9719 446 329
8238 9720 446 330
8238 9721 443 328
8238 9722 441 329
8238 9723 440 326
8238 9724 439 326
8238 9725 438 325
8238 9726 438 324
8446 9759 544 357
8446 9760 540 355
8446 9761 537 355
8446 9762 531 350
8446 9763 537 344
8446 9764 534 347
8446 9765 532 346
8446 9766 529 345
8446 9767 527 347
8446 9768 524 346
8446 9769 521 346
8446 9770 519 347
8446 9771 518 347
8446 9772 516 342
8446 9773 515 340
8446 9774 512 341
8446 9775 509 340
8446 9776 505 339
8446 9777 506 338
8446 9778 503 344
8446 9779 499 342
8446 9780 498 338
8446 9781 497 337
8446 9782 493 338
8446 9783 491 338
8446 9784 490 337
8446 9785 487 337
8446 9786 484 337
8446 9787 482 334
8446 9788 481 333
8446 9789 480 334
8446 9790 476 334
8446 9791 475 332
8446 9792 473 334
8446 9793 471 332
8446 9794 470 335
8446 9795 467 335
8446 9796 466 330
8446 9797 464 332
8446 9798 461 330
8446 9799 459 329
8446 9800 459 328
8446 9801 458 329
8446 9802 454 327
8474 9767 381 314
8474 9768 384 322
8474 9769 387 322
8474 9770 389 324
8474 9771 388 324
8474 9772 389 325
8474 9773 391 326
8474 9774 393 324
8474 9775 393 329
8474 9776 395 327
8474 9777 396 327
8474 9778 397 330
8474 9779 397 332
8474 9780 398 331
8474 9781 399 332
8474 9782 399 333
8474 9783 400 333
8474 9784 401 334
8474 9785 405 337
8474 9786 404 336
8474 9787 405 337
8474 9788 405 337
8474 9789 409 335
8474 9790 408 340
8474 9791 409 339
8474 9792 410 339
8474 9793 408 336
8474 9794 412 343
8474 9795 413 342
8474 9796 417 341
8474 9797 416 346
8474 9798 418 347
8474 9799 419 346
8474 9800 419 347
8474 9801 421 347
8474 9802 422 350
8474 9803 422 348
8474 9804 421 354
8474 9805 427 352
8474 9806 427 354
8474 9807 427 352
8474 9808 431 352
8474 9809 430 355
8474 9810 432 356
8474 9811 431 355
8517 9785 524 338
8517 9786 522 337
8517 9787 520 336
8517 9788 516 336
8517 9789 515 338
8517 9790 516 334
8517 9791 514 334
8517 9792 513 333
8517 9793 509 332
8517 9794 507 336
8517 9795 505 331
8517 9796 503 332
8517 9797 500 333
8517 9798 496 332
8517 9799 495 331
8517 9800 493 330
8517 9801 491 329
8517 9802 488 329
8517 9803 484 330
8517 9804 483 327
8517 9805 481 325
8517 9806 477 330
8517 9807 476 326
8517 9808 474 326
8517 9809 473 323
8517 9810 470 324
8517 9811 467 326
8517 9812 466 323
8517 9813 464 322
8517 9814 463 323
8517 9815 461 322
8517 9816 459 321
8517 9817 461 320
8517 9818 457 319
8517 9819 456 324
8517 9820 454 319
8517 9821 450 323
8517 9822 450 318
8517 9823 450 318
8517 9824 448 317
8517 9825 447 315
8517 9826 445 315
8517 9827 446 313
8517 9828 443 315
8517 9829 444 315
8517 9830 444 314
8517 9831 440 313
8517 9832 441 312
8577 9811 436 356
8577 9812 438 353
8577 9813 437 360
8577 9814 437 360
8577 9815 438 359
8577 9816 439 361
8577 9817 441 363
8577 9818 442 362
8577 9819 442 363
8577 9820 446 364
8577 9821 448 367
8577 9822 449 366
8577 9823 449 364
8577 9824 451 367
8577 9825 453 369
8577 9826 452 373
8577 9827 456 369
8577 9828 459 372
8577 9829 460 375
8577 9830 461 374
8577 9831 463 372
8577 9832 465 376
8577 9833 466 376
8577 9834 468 375
8577 9835 470 377
8577 9836 471 380
8577 9837 473 381
8577 9838 475 380
8577 9839 478 380
8577 9840 480 383
8577 9841 481 384
8577 9842 483 384
8577 9843 487 382
8577 9844 488 388
8577 9845 492 389
8577 9846 492 388
8577 9847 496 390
8577 9848 499 384
8577 9849 498 383
8577 9850 498 387
8678 9848 497 398
8678 9849 497 394
8678 9850 501 391
8678 9851 505 394
8678 9852 505 397
8678 9853 508 396
8678 9854 511 395
8678 9855 512 398
8678 9856 513 401
8678 9857 515 399
8678 9858 520 398
8678 9859 521 403
8678 9860 523 405
8678 9861 524 404
8678 9862 528 405
8678 9863 529 408
8678 9864 530 405
8678 9865 533 407
8678 9866 535 405
8678 9867 537 412
8678 9868 538 413
8678 9869 540 413
8678 9870 543 413
8678 9871 544 415
8678 9872 546 417
8678 9873 547 416
8678 9874 552 417
8678 9875 553 422
8678 9876 553 423
8678 9877 556 422
8678 9878 559 424
8678 9879 559 426
8678 9880 559 423
8800 9905 484 339
8800 9906 485 333
8800 9907 481 337
8800 9908 480 338
8800 9909 478 338
8800 9910 476 337
8800 9911 476 337
8800 9912 473 337
8800 9913 472 335
8800 9914 469 338
8800 9915 468 335
8800 9916 465 336
8800 9917 461 334
8800 9918 461 336
8800 9919 463 333
8800 9920 459 332
8800 9921 458 329
8800 9922 455 331
8800 9923 452 332
8800 9924 451 331
8800 9925 450 330
8800 9926 447 327
8800 9927 448 329
8800 9928 446 327
8800 9929 444 328
8800 9930 443 330
8800 9931 441 328
8800 9932 440 330
8800 9933 438 328
8800 9934 437 326
8800 9935 439 325
8800 9936 435 326
8800 9937 435 323
8800 9938 432 324
8800 9939 434 329
8800 9940 429 326
8800 9941 429 325
8800 9942 429 324
8800 9943 424 326
8800 9944 427 325
8800 9945 423 322
8800 9946 421 324
8800 9947 422 323
8800 9948 421 324
8800 9949 420 323
8800 9950 420 323
8800 9951 411 321
8800 9952 408 316
9075 10040 74 317
9075 10041 74 316
9075 10042 76 315
9075 10043 76 316
9075 10044 78 315
9075 10045 81 314
9075 10046 81 313
9075 10047 83 314
9075 10048 84 312
9075 10049 87 311
9075 10050 87 310
9075 10051 89 311
9075 10052 91 310
9075 10053 92 309
9075 10054 93 309
9075 10055 94 308
9075 10056 96 306
9075 10057 98 307
9075 10058 99 306
9075 10059 99 307
9075 10060 102 306
9075 10061 105 306
9075 10062 105 305
9075 10063 107 306
9075 10064 111 303
9075 10065 112 303
9075 10066 113 303
9075 10067 112 304
9075 10068 116 304
9075 10069 118 300
9075 10070 120 302
9075 10071 121 302
9075 10072 124 301
9075 10073 125 300
9075 10074 126 300
9075 10075 127 300
9075 10076 129 299
9075 10077 132 296
9075 10078 132 297
9075 10079 134 297
9075 10080 135 297
9075 10081 139 296
9075 10082 141 295
9075 10083 140 296
9075 10084 143 294
9075 10085 145 294
9075 10086 146 294
9075 10087 147 294
9075 10088 148 293
9075 10089 151 293
9075 10090 152 293
9075 10091 152 293
9075 10092 154 292
9075 10093 155 290
9075 10094 157 290
9075 10095 157 291
9075 10096 161 290
9075 10097 162 290
9075 10098 163 289
9075 10099 163 291
9075 10100 165 289
9075 10101 167 286
9075 10102 168 283
9075 10103 168 287
9075 10104 171 283
9075 10105 171 283
9075 10106 174 282
9075 10107 175 282
9075 10108 177 280
9079 10042 602 342
9079 10043 598 347
9079 10044 596 348
9079 10045 593 349
9079 10046 591 349
9079 10047 589 346
9079 10048 587 348
9079 10049 584 348
9079 10050 582 349
9079 10051 580 347
9079 10052 578 350
9079 10053 576 350
9079 10054 574 347
9079 10055 571 351
9079 10056 569 349
9079 10057 567 352
9079 10058 565 348
9079 10059 563 351
9079 10060 560 354
9079 10061 558 353
9079 10062 557 353
9079 10063 553 354
9079 10064 550 351
9079 10065 548 355
9079 10066 546 353
9079 10067 542 354
9079 10068 540 355
9079 10069 537 355
9079 10070 534 353
9079 10071 531 355
9079 10072 529 355
9079 10073 527 355
9079 10074 523 354
9079 10075 520 354
9079 10076 518 354
9079 10077 513 353
9079 10078 511 353
9079 10079 508 354
9079 10080 506 348
9079 10081 503 348
9079 10082 500 352
9079 10083 498 351
9079 10084 495 349
9079 10085 492 348
9079 10086 489 350
9079 10087 487 349
9079 10088 485 348
9079 10089 481 347
9079 10090 480 347
9079 10091 477 346
9079 10092 474 341
9079 10093 472 344
9079 10094 469 341
9079 10095 466 344
9079 10096 465 341
9079 10097 462 343
9079 10098 459 343
9079 10099 457 340
9079 10100 454 337
9079 10101 452 335
9079 10102 449 335
9079 10103 447 339
9079 10104 445 340
9079 10105 442 339
9079 10106 440 339
9079 10107 437 337
9079 10108 433 338
9079 10109 430 342
9079 10110 429 338
9079 10111 426 333
9079 10112 425 334
9079 10113 422 336
9079 10114 420 336
9079 10115 418 339
9079 10116 413 339
9079 10117 415 341
9079 10118 412 340
9277 10121 195 279
9277 10122 196 278
9277 10123 196 279
9277 10124 198 278
9277 10125 201 276
9277 10126 201 277
9277 10127 202 278
9277 10128 206 277
9277 10129 207 276
9277 10130 209 277
9277 10131 208 277
9277 10132 211 276
9277 10133 213 274
9277 10134 213 275
9277 10135 215 276
9277 10136 217 274
9277 10137 219 273
9277 10138 220 272
9277 10139 222 273
9277 10140 223 272
9277 10141 225 269
9277 10142 227 268
9277 10143 228 271
9277 10144 230 271
9277 10145 233 271
9277 10146 234 271
9277 10147 235 272
9277 10148 238 271
9277 10149 242 271
9277 10150 242 271
9277 10151 242 271
9277 10152 246 270
9277 10153 249 270
9277 10154 249 270
9277 10155 249 270
9277 10156 252 270
9277 10157 255 269
9277 10158 256 269
9277 10159 257 270
9277 10160 259 269
9277 10161 263 268
9277 10162 264 268
9277 10163 264 269
9277 10164 266 268
9277 10165 270 268
9277 10166 271 268
9277 10167 271 269
9277 10168 274 268
9277 10169 277 267
9277 10170 279 268
9277 10171 279 268
9277 10172 281 268
9277 10173 284 267
9277 10174 285 267
9277 10175 285 267
9277 10176 287 267
9277 10177 292 267
9277 10178 292 267
9277 10179 293 267
9277 10180 295 266
9277 10181 298 266
9277 10182 300 266
9277 10183 300 266
9277 10184 302 266
9277 10185 306 265
9277 10186 307 266
9277 10187 307 266
9277 10188 308 265
9277 10189 311 264
9277 10190 313 264
9277 10191 313 264
9277 10192 315 266
9277 10193 319 265
9277 10194 320 264
9277 10195 321 264
9277 10196 321 265
9277 10197 325 263
9277 10198 327 263
9277 10199 328 263
9277 10200 328 264
9277 10201 331 263
9277 10202 333 265
9277 10203 333 263
9277 10204 334 263
9277 10205 337 264
9277 10206 338 263
9277 10207 339 263
9277 10208 339 263
9277 10209 340 263
9277 10210 341 263
9277 10211 345 263
9277 10212 346 261
9277 10213 346 262
9277 10214 346 263
9494 10253 161 249
9494 10254 162 250
9494 10255 160 246
9494 10256 164 251
9494 10257 164 248
9494 10258 167 254
9494 10259 180 249
9494 10260 167 257
9494 10261 172 250
9494 10262 167 258
9494 10263 167 261
9494 10264 167 262
9494 10265 166 262
9494 10266 166 256
9494 10267 164 258
9494 10268 162 262
9494 10269 161 268
9494 10270 160 269
9494 10271 158 268
9494 10272 157 265
9494 10273 155 265
9494 10274 153 268
9494 10275 150 269
9494 10276 147 270
9494 10277 143 272
9494 10278 141 274
9494 10279 138 274
9494 10280 135 275
9494 10281 131 277
9494 10282 128 279
9494 10283 126 280
9494 10284 122 282
9494 10285 119 283
9494 10286 116 285
9494 10287 113 286
9494 10288 110 288
9494 10289 107 288
9494 10290 102 291
9494 10291 98 293
9494 10292 94 295
9494 10293 91 295
9494 10294 86 297
9494 10295 84 299
9494 10296 80 300
9494 10297 75 302
9494 10298 72 304
9494 10299 66 306
9494 10300 61 305
9494 10301 60 307
9494 10302 53 312
9494 10303 48 313
9494 10304 43 314
9494 10305 40 317
9494 10306 34 319
9494 10307 39 311
9516 10276 147 246
9516 10277 160 249
9516 10278 165 249
9516 10279 172 250
9516 10280 158 256
9516 10281 159 255
9516 10282 153 259
9516 10283 152 263
9516 10284 150 266
9516 10285 147 264
9516 10286 146 268
9516 10287 144 271
9516 10288 141 270
9516 10289 138 272
9516 10290 135 275
9516 10291 132 275
9516 10292 128 276
9516 10293 127 280
9516 10294 123 281
9516 10295 120 280
9516 10296 117 282
9516 10297 113 283
9516 10298 110 285
9516 10299 106 287
9516 10300 103 290
9516 10301 98 290
9516 10302 96 292
9516 10303 92 295
9516 10304 87 297
9516 10305 85 296
9516 10306 80 301
9516 10307 76 301
9516 10308 72 302
9516 10309 67 304
9516 10310 63 308
9516 10311 59 308
9670 10405 215 247
9670 10406 216 247
9670 10407 214 250
9670 10408 218 252
9670 10409 226 251
9670 10410 237 252
9670 10411 245 253
9670 10412 253 253
9670 10413 260 254
9670 10414 270 255
9670 10415 277 255
9670 10416 285 255
9670 10417 295 256
9670 10418 304 257
9670 10419 312 258
9670 10420 322 259
9670 10421 332 259
9670 10422 338 260
9693 10422 260 249
9693 10423 262 251
9693 10424 254 252
9693 10425 262 253
9693 10426 270 255
9693 10427 279 254
9693 10428 286 255
9693 10429 297 256
9693 10430 307 257
9693 10431 318 258
9693 10432 327 258
9693 10433 337 259
9693 10434 345 260
9693 10435 356 261
9693 10436 367 262
9693 10437 379 263
9693 10438 388 264
9693 10439 399 265
9693 10440 411 266
9693 10441 422 266
9693 10442 433 267
9693 10443 445 268
9693 10444 456 269
9693 10445 467 270
9693 10446 478 271
9693 10447 487 273
10203 10886 246 250
10203 10887 248 250
10203 10888 262 251
10203 10889 276 252
10203 10890 287 254
10203 10891 299 254
10203 10892 314 256
10203 10893 326 257
10203 10894 338 259
10203 10895 352 258
10203 10896 366 260
10203 10897 379 261
10203 10898 393 263
10203 10899 407 264
10203 10900 415 270
10655 11352 348 395
10655 11353 352 394
10655 11354 352 395
10655 11355 356 395
10655 11356 360 396
10655 11357 361 399
10655 11358 363 398
10655 11359 365 400
10655 11360 367 401
10655 11361 368 403
10655 11362 371 404
10655 11363 374 404
10655 11364 378 406
10655 11365 380 407
10655 11366 384 401
10655 11367 384 407
10655 11368 386 410
10655 11369 389 411
10655 11370 391 411
10655 11371 394 412
10655 11372 398 415
10655 11373 400 413
10655 11374 402 416
10655 11375 404 419
10655 11376 406 419
10655 11377 409 421
10655 11378 411 420
10655 11379 415 421
10655 11380 420 424
10655 11381 420 426
10655 11382 426 423
10655 11383 425 427
10655 11384 428 435
10655 11385 430 428
10655 11386 433 429
10655 11387 436 432
10655 11388 441 431
10655 11389 444 435
10655 11390 446 433
10655 11391 446 434
10719 11391 452 441
10719 11392 450 438
10719 11393 454 437
10719 11394 456 438
10719 11395 458 441
10719 11396 464 443
10719 11397 467 443
10719 11398 469 444
10719 11399 471 446
10719 11400 475 448
10719 11401 478 446
10719 11402 480 448
10719 11403 483 448
10719 11404 488 450
10719 11405 491 451
10719 11406 492 452
10719 11407 496 455
10719 11408 499 458
10719 11409 501 456
10719 11410 507 457
10719 11411 511 458
10719 11412 515 461
10719 11413 514 461
10741 11401 273 351
10741 11402 277 352
10741 11403 277 352
10741 11404 279 355
10741 11405 279 355
10741 11406 279 356
10741 11407 284 357
10741 11408 286 357
10741 11409 288 358
10741 11410 292 358
10741 11411 295 358
10741 11412 296 359
10741 11413 294 362
10741 11414 298 361
10741 11415 301 363
10741 11416 304 363
10741 11417 305 363
10741 11418 307 364
10741 11419 306 365
10741 11420 311 366
10741 11421 313 368
10741 11422 313 366
10741 11423 314 366
10741 11424 318 370
10741 11425 319 371
10741 11426 320 370
10741 11427 321 371
10741 11428 322 371
10741 11429 324 371
10741 11430 327 373
10741 11431 327 374
10741 11432 328 373
10741 11433 329 374
10741 11434 330 377
10741 11435 333 377
10741 11436 336 378
10741 11437 337 379
10741 11438 338 378
10741 11439 341 380
10741 11440 345 381
10741 11441 346 382
10741 11442 346 381
10741 11443 347 383
10741 11444 351 382
10741 11445 354 386
10741 11446 355 387
10741 11447 356 388
10741 11448 357 388
10741 11449 360 390
10741 11450 362 391
10741 11451 362 390
10741 11452 367 391
10741 11453 365 394
10741 11454 368 396
10741 11455 369 397
10741 11456 370 396
10741 11457 371 396
10741 11458 373 398
10741 11459 376 400
10741 11460 377 401
10741 11461 375 405
10741 11462 382 400
10741 11463 383 404
10741 11464 386 405
10741 11465 384 407
10741 11466 383 410
10741 11467 382 417
10912 11499 464 440
10912 11500 462 441
10912 11501 467 440
10912 11502 469 437
10912 11503 470 445
10912 11504 472 446
10912 11505 472 450
10912 11506 473 446
10912 11507 477 446
10912 11508 478 448
10912 11509 479 449
10912 11510 479 450
10912 11511 482 449
10912 11512 488 449
10912 11513 489 448
10912 11514 492 454
10912 11515 492 457
10912 11516 497 454
10912 11517 499 454
10912 11518 503 457
10912 11519 505 458
10912 11520 507 459
10912 11521 508 459
10912 11522 514 459
10912 11523 517 460
10912 11524 520 461
10912 11525 519 463
10912 11526 523 463
10912 11527 525 463
10912 11528 529 464
10912 11529 530 464
10912 11530 533 465
10912 11531 536 465
10912 11532 540 462
10912 11533 542 466
10912 11534 545 467
10912 11535 547 468
11047 11675 634 441
11047 11676 632 448
11047 11677 628 445
11047 11678 625 443
11047 11679 621 442
11047 11680 621 440
11047 11681 615 438
11047 11682 613 436
11047 11683 610 438
11047 11684 610 435
11047 11685 605 433
11047 11686 599 431
11047 11687 597 428
11047 11688 596 428
11047 11689 593 426
11047 11690 586 424
11047 11691 586 425
11047 11692 584 422
11047 11693 578 420
11047 11694 574 419
11047 11695 575 418
11047 11696 573 415
11047 11697 573 409
11229 11993 512 472
11229 11994 510 471
11229 11995 512 470
11229 11996 513 470
11229 11997 520 469
11229 11998 520 468
11229 11999 521 469
11229 12000 526 467
11229 12001 532 467
11229 12002 531 466
11229 12003 537 465
11229 12004 537 463
11229 12005 541 462
11229 12006 542 461
11229 12007 546 459
11229 12008 548 461
11229 12009 549 457
11229 12010 554 459
11229 12011 557 455
11229 12012 560 452
11229 12013 562 452
11229 12014 569 456
11229 12015 561 456
11229 12016 560 450
11229 12017 564 447
11229 12018 566 446
11308 12136 148 275
11308 12137 148 270
11308 12138 146 273
11308 12139 142 275
11308 12140 141 277
11308 12141 135 278
11308 12142 131 280
11308 12143 128 283
11308 12144 125 285
11308 12145 121 286
11308 12146 116 288
11308 12147 111 291
11308 12148 108 292
11308 12149 100 293
11308 12150 96 297
11308 12151 92 298
11308 12152 86 301
11308 12153 84 303
11308 12154 77 305
11308 12155 70 306
11308 12156 67 307
11308 12157 62 311
11308 12158 57 313
11308 12159 50 313
11308 12160 47 317
11308 12161 41 319
11308 12162 35 322
11308 12163 32 322
11308 12164 26 325
11308 12165 20 329
11308 12166 16 329
11308 12167 17 333
11308 12168 11 333
11308 12169 8 336
11308 12170 8 334
11308 12171 11 331
11354 12172 409 338
11354 12173 409 337
11354 12174 409 333
11354 12175 409 331
11354 12176 407 334
11354 12177 405 333
11354 12178 407 332
11354 12179 403 329
11354 12180 402 331
11354 12181 400 332
11354 12182 396 330
11354 12183 396 328
11354 12184 397 329
11354 12185 395 330
11354 12186 393 328
11354 12187 391 328
11354 12188 391 327
11354 12189 389 327
11354 12190 388 329
11354 12191 385 325
11354 12192 384 328
11354 12193 383 327
11354 12194 381 324
11354 12195 379 324
11354 12196 378 324
11354 12197 377 323
11354 12198 375 323
11354 12199 374 322
11354 12200 371 321
11354 12201 370 321
11354 12202 368 321
11354 12203 367 320
11354 12204 364 319
11354 12205 362 320
11354 12206 361 319
11354 12207 359 319
11354 12208 355 317
11354 12209 355 318
11354 12210 354 317
11354 12211 351 317
11354 12212 349 316
11354 12213 347 316
11354 12214 346 314
11354 12215 344 317
11354 12216 341 315
11354 12217 339 313
11354 12218 338 316
11354 12219 342 314
11354 12220 339 314
11354 12221 340 315
11354 12222 340 313
11828 12538 346 382
11828 12539 348 382
11828 12540 348 388
11828 12541 351 384
11828 12542 353 384
11828 12543 353 386
11828 12544 355 385
11828 12545 354 391
11828 12546 357 388
11828 12547 358 387
11828 12548 359 389
11828 12549 361 389
11828 12550 362 390
11828 12551 362 396
11828 12552 364 397
11828 12553 368 392
11828 12554 369 392
11828 12555 369 394
11828 12556 372 394
11828 12557 372 397
11828 12558 374 396
11828 12559 374 397
11828 12560 376 397
11828 12561 377 399
11828 12562 378 404
11828 12563 381 399
11828 12564 381 403
11828 12565 385 401
11828 12566 386 402
11828 12567 387 403
11828 12568 388 404
11828 12569 390 405
11828 12570 391 404
11828 12571 392 405
11828 12572 395 407
11828 12573 396 408
11828 12574 395 412
11828 12575 401 408
11828 12576 402 408
12115 12797 123 276
12115 12798 121 275
12115 12799 118 278
12115 12800 121 281
12115 12801 122 283
12115 12802 124 284
12115 12803 119 285
12115 12804 114 287
12115 12805 117 288
12115 12806 109 288
12115 12807 107 291
12115 12808 108 295
12115 12809 105 296
12115 12810 103 297
12115 12811 99 299
12115 12812 95 300
12115 12813 92 304
12115 12814 89 302
12115 12815 84 305
12115 12816 76 307
12115 12817 72 308
12115 12818 69 310
12115 12819 66 312
12115 12820 63 313
12115 12821 62 318
12115 12822 60 320
12115 12823 57 321
12115 12824 53 323
12115 12825 48 324
12115 12826 44 325
12115 12827 41 327
12115 12828 38 328
12115 12829 29 327
12115 12830 25 327
12115 12831 23 324