106 135 137 409
106 136 138 403
106 137 142 403
106 138 142 402
106 139 147 401
106 140 150 404
106 141 155 404
106 142 159 404
106 143 161 398
106 144 167 404
106 145 174 405
106 146 176 407
106 147 180 405
106 148 184 405
106 149 189 406
106 150 190 405
106 151 192 405
106 152 199 401
106 153 206 407
106 154 208 407
106 155 207 406
106 156 213 408
106 157 217 408
106 158 223 406
106 159 224 407
106 160 229 407
106 161 232 406
106 162 239 408
106 163 241 408
106 164 248 406
106 165 249 408
106 166 256 409
106 167 259 407
106 168 261 402
106 169 263 407
106 170 271 407
106 171 274 409
106 172 278 409
106 173 281 409
106 174 290 409
106 175 291 408
106 176 293 406
106 177 298 408
106 178 306 408
106 179 306 407
106 180 311 408
106 181 311 408
106 182 322 407
106 183 323 406
106 184 323 411
106 185 325 415
436 419 378 273
436 420 370 264
436 421 366 255
436 422 360 254
436 423 353 254
436 424 348 253
436 425 336 252
436 426 327 253
436 427 322 251
436 428 312 251
436 429 300 250
436 430 296 250
436 431 291 249
436 432 283 249
436 433 275 248
436 434 272 248
616 622 253 396
616 623 252 396
616 624 251 397
616 625 245 397
616 626 238 400
616 627 235 404
616 628 234 400
616 629 226 400
616 630 224 401
616 631 222 406
616 632 217 403
616 633 210 403
616 634 206 404
616 635 202 403
616 636 200 404
616 637 197 404
616 638 193 405
616 639 189 401
616 640 188 406
616 641 181 406
616 642 178 408
616 643 174 411
616 644 167 417
616 645 163 417
616 646 166 417
648 660 206 269
648 661 206 268
648 662 208 271
648 663 208 272
648 664 211 273
648 665 211 271
648 666 214 272
648 667 214 272
648 668 217 272
648 669 219 272
648 670 219 272
648 671 221 272
648 672 222 270
648 673 224 271
648 674 226 273
648 675 228 271
648 676 229 268
648 677 233 271
648 678 234 271
648 679 234 271
648 680 237 270
648 681 240 270
648 682 241 270
648 683 242 270
648 684 245 270
648 685 244 271
648 686 246 271
648 687 249 271
648 688 250 271
648 689 253 270
648 690 253 271
648 691 255 271
648 692 256 271
648 693 257 270
648 694 259 271
648 695 261 271
648 696 262 271
648 697 265 272
648 698 267 272
648 699 269 272
648 700 268 272
648 701 272 272
648 702 274 271
648 703 275 272
648 704 276 272
648 705 280 272
648 706 281 273
648 707 282 272
648 708 283 272
648 709 286 271
648 710 287 272
648 711 288 273
648 712 290 272
648 713 292 272
648 714 295 273
648 715 297 273
648 716 297 272
648 717 298 272
648 718 301 273
648 719 302 273
648 720 303 274
648 721 307 273
648 722 309 274
648 723 309 273
648 724 309 271
648 725 311 273
648 726 314 274
648 727 316 273
648 728 318 274
648 729 319 273
648 730 321 274
648 731 323 273
648 732 325 274
648 733 325 273
648 734 328 274
648 735 329 273
648 736 332 275
648 737 332 275
648 738 335 274
648 739 336 274
648 740 338 274
648 741 339 274
648 742 343 275
648 743 343 274
648 744 345 274
648 745 347 276
648 746 349 274
648 747 350 274
648 748 353 275
648 749 354 275
648 750 357 274
648 751 357 276
648 752 359 276
648 753 362 276
648 754 364 276
648 755 365 276
648 756 367 276
648 757 368 275
648 758 370 276
648 759 371 276
648 760 373 275
648 761 376 277
648 762 378 276
648 763 380 276
648 764 383 275
648 765 384 277
648 766 385 276
648 767 387 277
648 768 389 276
648 769 391 277
648 770 393 277
648 771 393 277
648 772 397 278
648 773 397 277
648 774 400 277
648 775 400 277
648 776 403 277
648 777 404 278
648 778 405 278
648 779 408 278
648 780 410 278
648 781 410 281
648 782 413 277
648 783 415 279
648 784 416 278
648 785 419 278
648 786 420 279
648 787 422 278
648 788 424 278
648 789 427 278
648 790 427 279
648 791 429 279
648 792 431 278
648 793 434 279
648 794 434 279
648 795 436 279
648 796 437 279
648 797 439 279
648 798 441 279
648 799 442 280
648 800 443 280
648 801 445 279
648 802 448 278
648 803 449 280
648 804 450 280
648 805 453 280
648 806 455 279
648 807 457 280
648 808 458 279
648 809 458 280
648 810 461 280
648 811 463 278
648 812 464 279
648 813 467 278
648 814 469 279
648 815 468 278
648 816 471 277
648 817 473 277
648 818 479 274
648 819 483 273
648 820 488 275
710 737 171 330
710 738 170 324
710 739 171 321
710 740 174 319
710 741 174 319
710 742 177 323
710 743 179 325
710 744 179 322
710 745 181 322
710 746 182 322
710 747 184 323
710 748 184 324
710 749 187 328
710 750 188 325
710 751 188 328
710 752 191 328
710 753 189 326
710 754 192 325
710 755 194 329
710 756 196 327
710 757 196 329
710 758 197 327
710 759 197 326
710 760 200 329
710 761 202 329
710 762 203 329
710 763 206 331
710 764 207 330
710 765 209 331
710 766 210 333
710 767 211 330
710 768 214 329
710 769 212 331
710 770 215 333
710 771 218 332
710 772 218 332
710 773 217 335
710 774 220 334
710 775 221 333
710 776 223 334
710 777 221 334
710 778 224 336
710 779 225 336
710 780 226 335
710 781 229 343
710 782 228 337
710 783 229 337
710 784 231 339
710 785 232 339
710 786 232 340
710 787 233 343
710 788 234 341
710 789 236 341
710 790 236 346
710 791 238 342
710 792 240 343
710 793 240 342
710 794 240 339
710 795 242 343
710 796 244 344
710 797 245 344
710 798 246 347
710 799 246 345
710 800 248 351
710 801 249 348
710 802 250 347
710 803 252 347
710 804 251 344
710 805 251 344
710 806 253 347
710 807 256 348
710 808 257 351
710 809 258 349
710 810 258 345
710 811 260 348
710 812 261 347
710 813 262 348
710 814 263 348
810 867 287 373
810 868 290 368
810 869 284 370
810 870 292 370
810 871 289 379
810 872 295 370
810 873 288 374
810 874 289 375
810 875 289 375
810 876 290 378
810 877 291 377
810 878 293 377
810 879 295 379
810 880 294 378
810 881 296 379
810 882 299 381
810 883 302 380
810 884 303 382
810 885 305 381
810 886 307 382
810 887 309 382
810 888 310 386
810 889 310 382
810 890 313 383
810 891 314 387
810 892 316 384
810 893 319 391
810 894 322 387
810 895 324 385
810 896 325 385
810 897 328 386
810 898 329 386
810 899 331 386
810 900 331 385
810 901 335 386
810 902 337 387
810 903 340 389
810 904 342 388
810 905 344 388
810 906 346 390
810 907 347 390
810 908 348 388
810 909 350 392
810 910 352 392
810 911 353 394
810 912 355 395
810 913 355 394
810 914 358 396
810 915 360 398
810 916 360 399
810 917 359 399
884 937 394 411
884 938 390 418
884 939 391 421
884 940 388 425
884 941 386 423
884 942 393 422
884 943 392 421
884 944 395 422
884 945 397 422
884 946 401 424
884 947 401 426
884 948 403 427
884 949 404 426
884 950 406 428
884 951 407 433
884 952 410 429
884 953 414 425
884 954 412 430
884 955 413 433
884 956 413 436
884 957 418 435
884 958 418 438
884 959 419 436
884 960 421 438
884 961 423 438
884 962 425 439
884 963 427 441
884 964 429 442
884 965 432 443
884 966 433 443
884 967 434 444
884 968 436 446
884 969 440 451
884 970 442 448
884 971 443 450
884 972 445 452
884 973 449 454
884 974 450 456
884 975 454 455
884 976 455 455
884 977 459 458
884 978 462 460
884 979 465 460
884 980 464 464
966 1125 259 300
966 1126 259 295
966 1127 258 288
966 1128 256 293
966 1129 254 294
966 1130 253 293
966 1131 251 293
966 1132 249 295
966 1133 247 296
966 1134 245 298
966 1135 242 302
966 1136 241 300
966 1137 238 298
966 1138 238 297
966 1139 234 302
966 1140 231 304
966 1141 228 305
966 1142 226 306
966 1143 225 307
966 1144 223 303
966 1145 222 303
966 1146 220 307
966 1147 218 304
966 1148 216 308
966 1149 211 310
966 1150 210 309
966 1151 208 312
966 1152 203 313
966 1153 201 310
966 1154 200 314
966 1155 194 315
966 1156 192 320
966 1157 196 324
970 1157 193 314
970 1158 190 318
970 1159 185 318
970 1160 185 319
970 1161 183 321
970 1162 178 320
970 1163 174 324
970 1164 174 321
970 1165 172 322
970 1166 170 322
970 1167 167 323
970 1168 166 323
970 1169 160 324
970 1170 157 320
970 1171 155 322
970 1172 151 324
970 1173 147 325
970 1174 145 321
970 1175 144 328
970 1176 139 323
970 1177 135 327
970 1178 132 327
970 1179 130 329
970 1180 129 325
970 1181 126 323
970 1182 123 328
970 1183 120 331
970 1184 123 338
970 1185 122 338
1090 1414 156 266
1090 1415 156 265
1090 1416 152 265
1090 1417 152 269
1090 1418 151 270
1090 1419 148 271
1090 1420 145 272
1090 1421 143 275
1090 1422 142 273
1090 1423 140 278
1090 1424 134 274
1090 1425 131 277
1090 1426 128 282
1090 1427 125 282
1090 1428 119 284
1090 1429 112 289
1090 1430 105 290
1090 1431 106 292
1090 1432 102 293
1090 1433 94 294
1090 1434 88 295
1090 1435 84 302
1090 1436 79 304
1090 1437 76 302
1090 1438 72 304
1090 1439 64 305
1090 1440 71 303
1374 1651 395 341
1374 1652 396 347
1374 1653 398 346
1374 1654 401 344
1374 1655 402 346
1374 1656 404 351
1374 1657 407 345
1374 1658 410 347
1374 1659 413 352
1374 1660 413 349
1374 1661 414 350
1374 1662 419 351
1374 1663 419 356
1374 1664 422 356
1374 1665 422 357
1374 1666 425 353
1374 1667 427 359
1374 1668 427 361
1374 1669 430 357
1374 1670 433 356
1374 1671 433 363
1374 1672 437 363
1374 1673 441 361
1374 1674 442 362
1374 1675 445 364
1374 1676 448 363
1374 1677 449 363
1374 1678 451 364
1374 1679 455 370
1374 1680 456 369
1374 1681 459 376
1374 1682 460 370
1374 1683 466 370
1374 1684 465 378
1374 1685 468 380
1374 1686 471 378
1374 1687 474 377
1374 1688 476 374
1374 1689 479 380
1374 1690 481 380
1374 1691 482 385
1374 1692 486 384
1374 1693 486 388
1374 1694 488 395
1374 1695 495 400
1374 1696 496 400
1374 1697 497 400
1374 1698 496 401
1374 1699 502 399
1374 1700 508 396
1374 1701 508 403
1374 1702 517 408
1374 1703 520 407
1374 1704 519 408
1374 1705 518 408
1484 1848 139 267
1484 1849 143 269
1484 1850 142 270
1484 1851 140 271
1484 1852 137 276
1484 1853 139 272
1484 1854 138 271
1484 1855 137 273
1484 1856 141 275
1484 1857 134 273
1484 1858 133 275
1484 1859 130 276
1484 1860 127 274
1484 1861 128 278
1484 1862 127 279
1484 1863 121 280
1484 1864 120 282
1484 1865 117 282
1484 1866 116 283
1484 1867 112 285
1484 1868 109 287
1484 1869 106 288
1484 1870 104 289
1484 1871 99 289
1484 1872 95 294
1484 1873 90 295
1484 1874 87 296
1484 1875 91 295
1484 1876 79 302
1484 1877 75 303
1484 1878 77 301
1484 1879 63 308
1484 1880 60 309
1484 1881 62 308
1484 1882 70 304
1484 1883 67 305
1484 1884 71 303
1484 1885 59 307
1718 2053 343 317
1718 2054 343 320
1718 2055 346 315
1718 2056 346 321
1718 2057 347 321
1718 2058 349 318
1718 2059 351 324
1718 2060 353 322
1718 2061 354 321
1718 2062 356 325
1718 2063 357 329
1718 2064 357 330
1718 2065 359 329
1718 2066 362 331
1718 2067 363 327
1718 2068 362 327
1718 2069 365 331
1718 2070 366 334
1718 2071 367 335
1718 2072 367 331
1718 2073 372 336
1718 2074 371 338
1718 2075 376 341
1718 2076 377 340
1718 2077 374 340
1718 2078 376 340
1718 2079 379 343
1718 2080 380 343
1718 2081 381 346
1718 2082 382 340
1718 2083 385 345
1718 2084 387 347
1718 2085 388 349
1718 2086 393 351
1718 2087 395 349
1718 2088 393 344
1718 2089 395 349
1718 2090 397 348
1718 2091 402 352
1718 2092 404 352
1718 2093 404 356
1718 2094 407 356
1718 2095 409 358
1718 2096 413 360
1718 2097 413 361
1718 2098 417 362
1718 2099 417 364
1718 2100 418 365
1718 2101 420 364
1718 2102 425 365
1718 2103 426 366
1718 2104 430 365
1718 2105 430 366
1718 2106 432 366
1718 2107 431 368
1718 2108 435 373
1718 2109 438 372
1718 2110 442 374
1718 2111 444 373
1718 2112 443 374
1718 2113 444 379
1718 2114 448 380
1718 2115 451 380
1718 2116 452 381
1718 2117 450 386
1799 2168 498 246
1799 2169 487 268
1799 2170 485 267
1799 2171 473 265
1799 2172 460 263
1799 2173 446 262
1799 2174 434 261
1799 2175 410 260
1799 2176 395 258
1799 2177 389 258
1799 2178 363 256
1799 2179 351 255
1799 2180 338 254
1799 2181 342 255
1987 2705 308 386
1987 2706 309 386
1987 2707 312 387
1987 2708 313 390
1987 2709 317 388
1987 2710 317 393
1987 2711 320 399
1987 2712 321 398
1987 2713 322 399
1987 2714 325 398
1987 2715 330 397
1987 2716 333 399
1987 2717 330 396
1987 2718 332 395
1987 2719 335 395
1987 2720 340 398
1987 2721 338 398
1987 2722 340 396
1987 2723 340 397
1987 2724 344 391
1987 2725 347 394
1987 2726 347 390
1987 2727 352 388
1987 2728 355 388
1987 2729 357 390
1987 2730 356 390
1987 2731 358 392
1987 2732 362 388
1987 2733 364 390
1987 2734 365 386
1987 2735 365 391
1987 2736 372 390
1987 2737 373 388
1987 2738 374 386
1987 2739 376 390
1987 2740 378 387
1987 2741 380 387
1987 2742 385 386
1987 2743 383 386
1987 2744 388 383
1987 2745 390 379
2364 2927 279 442
2364 2928 281 436
2364 2929 284 440
2364 2930 285 438
2364 2931 288 439
2364 2932 292 444
2364 2933 294 446
2364 2934 296 445
2364 2935 302 448
2364 2936 305 453
2364 2937 308 455
2364 2938 311 454
2364 2939 314 456
2364 2940 318 461
2364 2941 321 460
2364 2942 326 455
2364 2943 328 457
2364 2944 329 464
2364 2945 334 464
2364 2946 337 465
2364 2947 344 467
2364 2948 349 468
2364 2949 352 469
2364 2950 357 470
2364 2951 361 471
2364 2952 369 472
2369 2930 319 432
2369 2931 314 432
2369 2932 318 437
2369 2933 323 440
2369 2934 325 435
2369 2935 329 443
2369 2936 330 442
2369 2937 333 444
2369 2938 337 448
2369 2939 340 450
2369 2940 345 450
2369 2941 347 452
2369 2942 349 452
2369 2943 352 452
2369 2944 354 456
2369 2945 355 458
2369 2946 360 459
2369 2947 365 460
2369 2948 371 460
2369 2949 372 461
2369 2950 376 462
2369 2951 381 464
2369 2952 386 465
2369 2953 381 466
2369 2954 374 473
2369 2955 380 475
2401 2949 156 274
2401 2950 156 275
2401 2951 152 276
2401 2952 149 277
2401 2953 148 277
2401 2954 144 279
2401 2955 139 281
2401 2956 135 283
2401 2957 129 285
2401 2958 123 288
2401 2959 118 291
2401 2960 117 292
2401 2961 113 293
2401 2962 108 294
2401 2963 99 298
2401 2964 96 301
2401 2965 90 302
2401 2966 80 306
2401 2967 77 309
2401 2968 67 313
2401 2969 65 315
2401 2970 54 317
2401 2971 50 320
2401 2972 43 325
2401 2973 37 325
2401 2974 25 331
2401 2975 21 336
2401 2976 19 339
2401 2977 13 339
2401 2978 11 340
2401 2979 7 343
2401 2980 3 340
2465 3019 273 424
2465 3020 271 431
2465 3021 269 432
2465 3022 261 432
2465 3023 260 432
2465 3024 258 426
2465 3025 257 432
2465 3026 251 432
2465 3027 246 433
2465 3028 242 433
2465 3029 239 435
2465 3030 236 439
2465 3031 233 433
2465 3032 230 438
2465 3033 226 433
2465 3034 221 434
2465 3035 218 433
2465 3036 217 434
2465 3037 211 434
2465 3038 206 434
2465 3039 205 438
2465 3040 201 433
2465 3041 200 433
2465 3042 194 434
2465 3043 191 434
2465 3044 188 433
2465 3045 183 433
2465 3046 181 433
2465 3047 180 440
2465 3048 183 444
2607 3128 233 253
2607 3129 239 251
2607 3130 247 252
2607 3131 265 253
2607 3132 271 255
2607 3133 289 256
2607 3134 301 257
2607 3135 315 258
2607 3136 319 259
2607 3137 329 259
2607 3138 346 260
2607 3139 365 261
2607 3140 377 263
2607 3141 384 264
2607 3142 376 265
2658 3216 371 264
2658 3217 370 265
2658 3218 369 266
2658 3219 372 264
2658 3220 370 274
2658 3221 371 269
2658 3222 371 270
2658 3223 372 270
2658 3224 372 274
2658 3225 374 270
2658 3226 375 275
2658 3227 377 272
2658 3228 377 271
2658 3229 379 272
2658 3230 380 273
2658 3231 383 273
2658 3232 384 273
2658 3233 387 274
2658 3234 388 275
2658 3235 389 275
2658 3236 391 276
2658 3237 392 274
2658 3238 395 276
2658 3239 395 278
2658 3240 396 276
2658 3241 398 277
2658 3242 400 278
2658 3243 403 278
2658 3244 404 278
2658 3245 405 279
2658 3246 408 279
2658 3247 409 277
2658 3248 411 279
2658 3249 412 280
2658 3250 412 281
2658 3251 415 283
2658 3252 416 283
2658 3253 419 282
2658 3254 419 284
2658 3255 421 284
2658 3256 423 284
2658 3257 425 282
2658 3258 427 286
2658 3259 428 286
2658 3260 430 286
2658 3261 431 287
2658 3262 434 285
2658 3263 435 285
2658 3264 436 286
2658 3265 439 286
2658 3266 443 285
2658 3267 443 286
2658 3268 444 285
2658 3269 443 285
2658 3270 444 287
2764 3476 163 253
2764 3477 161 253
2764 3478 163 254
2764 3479 162 256
2764 3480 164 256
2764 3481 164 259
2764 3482 164 261
2764 3483 164 262
2764 3484 163 264
2764 3485 161 265
2764 3486 161 264
2764 3487 159 267
2764 3488 157 270
2764 3489 156 270
2764 3490 155 270
2764 3491 153 272
2764 3492 150 274
2764 3493 147 277
2764 3494 145 279
2764 3495 142 279
2764 3496 140 281
2764 3497 135 284
2764 3498 131 285
2764 3499 126 288
2764 3500 121 290
2764 3501 120 291
2764 3502 114 294
2764 3503 108 296
2764 3504 104 298
2764 3505 98 300
2764 3506 96 303
2764 3507 89 304
2764 3508 84 307
2764 3509 80 308
2764 3510 74 311
2764 3511 70 314
2764 3512 66 316
2764 3513 60 318
2764 3514 52 322
2764 3515 57 319
2791 3534 127 282
2791 3535 130 284
2791 3536 124 284
2791 3537 126 285
2791 3538 115 287
2791 3539 113 288
2791 3540 108 289
2791 3541 109 288
2791 3542 98 293
2791 3543 100 288
2791 3544 99 292
2791 3545 90 299
2791 3546 88 299
2791 3547 94 296
2791 3548 87 297
2791 3549 75 303
2791 3550 82 300
2791 3551 78 303
2791 3552 91 299
2791 3553 87 301
2791 3554 84 303
2791 3555 76 304
2791 3556 69 306
2791 3557 67 306
2791 3558 61 309
2791 3559 59 305
2924 3638 483 267
2924 3639 483 266
2924 3640 478 264
2924 3641 477 264
2924 3642 469 264
2924 3643 455 263
2924 3644 447 262
2924 3645 441 262
2924 3646 435 261
2924 3647 422 260
2924 3648 416 259
2924 3649 410 258
2924 3650 402 259
2924 3651 393 257
2924 3652 385 256
2924 3653 370 256
2924 3654 364 256
2924 3655 359 255
2924 3656 353 254
2924 3657 343 253
2924 3658 347 260
3018 3786 440 285
3018 3787 437 286
3018 3788 436 286
3018 3789 436 284
3018 3790 436 286
3018 3791 434 284
3018 3792 433 283
3018 3793 432 284
3018 3794 429 286
3018 3795 428 282
3018 3796 426 284
3018 3797 426 285
3018 3798 422 281
3018 3799 421 281
3018 3800 421 280
3018 3801 418 283
3018 3802 415 282
3018 3803 412 281
3018 3804 412 280
3018 3805 411 281
3018 3806 409 279
3018 3807 407 279
3018 3808 405 280
3018 3809 403 278
3018 3810 400 279
3018 3811 398 278
3018 3812 395 282
3018 3813 394 278
3018 3814 392 280
3018 3815 390 278
3018 3816 387 278
3018 3817 385 278
3018 3818 382 280
3018 3819 380 277
3018 3820 378 279
3018 3821 377 280
3018 3822 375 278
3018 3823 374 279
3018 3824 372 276
3018 3825 368 276
3018 3826 366 275
3018 3827 364 276
3018 3828 362 278
3018 3829 359 276
3018 3830 357 276
3018 3831 356 277
3018 3832 354 276
3018 3833 351 275
3018 3834 348 275
3018 3835 347 274
3018 3836 345 275
3018 3837 344 278
3018 3838 340 275
3018 3839 339 274
3018 3840 336 275
3018 3841 333 274
3018 3842 332 275
3018 3843 330 276
3018 3844 328 278
3018 3845 326 278
3018 3846 325 274
3018 3847 324 278
3018 3848 322 276
3018 3849 320 276
3018 3850 316 276
3018 3851 316 276
3018 3852 315 273
3018 3853 312 273
3018 3854 310 276
3018 3855 308 273
3018 3856 305 273
3018 3857 301 275
3018 3858 300 272
3018 3859 298 273
3018 3860 296 273
3397 4311 316 257
3397 4312 319 258
3397 4313 329 258
3397 4314 346 260
3397 4315 364 261
3397 4316 378 263
3397 4317 389 264
3397 4318 400 266
3397 4319 412 266
3397 4320 426 267
3397 4321 447 269
3397 4322 461 270
3397 4323 471 271
3397 4324 469 272
3409 4327 283 255
3409 4328 290 256
3409 4329 307 257
3409 4330 316 257
3409 4331 324 258
3409 4332 342 259
3409 4333 356 261
3409 4334 365 260
3409 4335 376 262
3409 4336 395 265
3409 4337 416 266
3409 4338 426 266
3409 4339 435 267
3409 4340 449 269
3409 4341 464 269
3409 4342 473 270
3409 4343 476 270
3409 4344 485 272
3575 4480 373 278
3575 4481 372 278
3575 4482 369 278
3575 4483 367 274
3575 4484 365 279
3575 4485 362 278
3575 4486 361 277
3575 4487 358 278
3575 4488 356 277
3575 4489 357 276
3575 4490 353 277
3575 4491 353 282
3575 4492 350 277
3575 4493 348 275
3575 4494 347 278
3575 4495 345 278
3575 4496 344 277
3575 4497 340 276
3575 4498 340 277
3575 4499 338 276
3575 4500 335 275
3575 4501 334 276
3575 4502 332 276
3575 4503 331 276
3575 4504 331 278
3575 4505 328 276
3575 4506 324 276
3575 4507 324 276
3575 4508 322 276
3575 4509 321 274
3575 4510 319 275
3575 4511 317 275
3575 4512 316 276
3575 4513 315 274
3575 4514 312 275
3575 4515 310 275
3575 4516 308 274
3575 4517 306 274
3575 4518 304 274
3575 4519 303 274
3575 4520 299 275
3575 4521 299 280
3575 4522 295 276
3575 4523 290 273
3575 4524 283 274
3575 4525 277 275
3575 4526 269 273
3575 4527 267 267
3662 4608 117 275
3662 4609 115 275
3662 4610 114 277
3662 4611 109 282
3662 4612 110 276
3662 4613 108 275
3662 4614 107 275
3662 4615 105 275
3662 4616 104 275
3662 4617 103 277
3662 4618 100 275
3662 4619 99 277
3662 4620 97 277
3662 4621 97 278
3662 4622 94 276
3662 4623 93 278
3662 4624 91 276
3662 4625 90 278
3662 4626 87 275
3662 4627 86 275
3662 4628 84 278
3662 4629 85 278
3662 4630 83 278
3662 4631 83 278
3662 4632 82 278
3662 4633 79 277
3662 4634 79 278
3662 4635 78 276
3662 4636 76 277
3662 4637 76 276
3662 4638 76 277
3662 4639 75 278
3662 4640 74 275
3662 4641 74 278
3662 4642 73 276
3662 4643 73 277
3662 4644 54 300
3662 4645 54 300
3819 4858 241 458
3819 4859 235 452
3819 4860 231 449
3819 4861 224 446
3819 4862 214 439
3819 4863 208 433
3819 4864 206 434
3819 4865 197 426
3819 4866 187 422
3819 4867 180 419
3819 4868 174 416
3819 4869 168 413
3819 4870 160 409
3819 4871 157 407
3819 4872 153 406
3819 4873 150 416
3819 4874 151 414
3839 4876 126 392
3839 4877 123 392
3839 4878 117 389
3839 4879 109 385
3839 4880 103 383
3839 4881 100 382
3839 4882 96 382
3839 4883 92 379
3839 4884 87 377
3839 4885 83 375
3839 4886 79 372
3839 4887 76 371
3839 4888 74 371
3839 4889 67 367
3839 4890 66 365
3839 4891 63 365
3839 4892 58 360
3839 4893 57 360
3839 4894 53 356
3839 4895 51 353
3839 4896 52 355
3839 4897 50 350
3839 4898 49 351
3839 4899 51 358
3839 4900 50 355
3887 4965 171 402
3887 4966 168 405
3887 4967 165 406
3887 4968 159 410
3887 4969 157 406
3887 4970 153 406
3887 4971 151 407
3887 4972 144 413
3887 4973 139 409
3887 4974 137 409
3887 4975 134 413
3887 4976 129 411
3887 4977 123 414
3887 4978 119 414
3887 4979 117 414
3887 4980 111 415
3887 4981 109 413
3887 4982 101 413
3887 4983 100 413
3887 4984 96 412
3887 4985 95 416
3887 4986 91 414
3887 4987 83 412
3887 4988 79 416
3887 4989 77 421
3887 4990 76 418
3887 4991 76 416
3887 4992 75 423
3918 5037 366 267
3918 5038 381 260
3918 5039 396 262
3918 5040 405 263
3918 5041 416 263
3918 5042 424 264
3918 5043 440 266
3918 5044 456 269
3918 5045 467 269
3918 5046 473 269
3918 5047 478 270
3918 5048 484 274
3953 5152 249 258
3953 5153 247 251
3953 5154 255 257
3953 5155 264 258
3953 5156 268 251
3953 5157 273 259
3953 5158 286 256
3953 5159 294 257
3953 5160 303 257
3953 5161 309 258
3953 5162 316 259
3953 5163 329 259
3953 5164 335 260
3953 5165 343 260
3953 5166 355 260
3953 5167 361 261
3953 5168 367 263
3953 5169 379 264
3953 5170 389 265
3953 5171 393 265
3953 5172 404 267
3953 5173 414 267
3953 5174 423 267
3953 5175 435 268
3953 5176 427 267
4088 5415 488 272
4088 5416 480 269
4088 5417 473 268
4088 5418 463 269
4088 5419 446 266
4088 5420 437 264
4088 5421 428 264
4088 5422 414 263
4088 5423 400 262
4088 5424 385 260
4088 5425 372 258
4115 5459 89 460
4115 5460 91 460
4115 5461 95 459
4115 5462 100 459
4115 5463 104 458
4115 5464 107 458
4115 5465 113 458
4115 5466 114 458
4115 5467 117 457
4115 5468 123 457
4115 5469 126 457
4115 5470 125 457
4115 5471 132 457
4115 5472 131 457
4115 5473 138 457
4115 5474 137 454
4115 5475 139 457
4115 5476 146 456
4115 5477 145 452
4115 5478 151 456
4115 5479 154 456
4115 5480 158 455
4115 5481 159 451
4115 5482 165 455
4115 5483 166 455
4115 5484 171 454
4115 5485 174 454
4115 5486 174 449
4115 5487 179 453
4115 5488 183 452
4115 5489 185 452
4115 5490 188 452
4115 5491 191 451
4115 5492 196 451
4115 5493 200 449
4115 5494 195 440
4138 5512 262 451
4138 5513 257 443
4138 5514 259 442
4138 5515 262 442
4138 5516 265 442
4138 5517 271 440
4138 5518 273 441
4138 5519 274 439
4138 5520 275 439
4138 5521 277 437
4138 5522 281 436
4138 5523 282 436
4138 5524 284 436
4138 5525 288 435
4138 5526 293 433
4138 5527 295 432
4138 5528 297 431
4138 5529 299 432
4138 5530 302 438
4138 5531 300 431
4138 5532 305 430
4138 5533 307 429
4138 5534 311 429
4138 5535 311 429
4138 5536 316 429
4138 5537 319 426
4138 5538 321 425
4138 5539 323 425
4138 5540 327 425
4138 5541 330 423
4138 5542 330 424
4138 5543 333 424
4138 5544 334 428
4138 5545 336 423
4138 5546 341 422
4138 5547 343 423
4138 5548 336 421
4379 5743 485 265
4379 5744 480 264
4379 5745 476 263
4379 5746 468 263
4379 5747 461 264
4379 5748 450 261
4379 5749 443 260
4379 5750 437 260
4379 5751 424 259
4379 5752 411 259
4379 5753 401 257
4379 5754 387 256
4379 5755 379 255
4379 5756 366 256
4379 5757 360 254
4379 5758 351 253
4379 5759 337 252
4379 5760 321 250
4379 5761 311 250
4379 5762 302 247
4379 5763 290 247
4379 5764 281 247
4379 5765 272 246
4455 5847 114 307
4455 5848 110 307
4455 5849 112 309
4455 5850 112 308
4455 5851 110 308
4455 5852 113 311
4455 5853 110 308
4455 5854 114 310
4455 5855 115 311
4455 5856 117 311
4455 5857 115 311
4455 5858 117 311
4455 5859 117 311
4455 5860 121 314
4455 5861 123 312
4455 5862 127 315
4455 5863 129 316
4455 5864 133 317
4455 5865 136 319
4455 5866 143 321
4455 5867 147 322
4455 5868 150 323
4455 5869 150 322
4455 5870 151 323
4455 5871 152 324
4455 5872 154 324
4455 5873 155 323
4455 5874 155 325
4455 5875 157 325
4455 5876 159 324
4455 5877 160 326
4455 5878 160 328
4455 5879 163 326
4455 5880 161 329
4455 5881 163 329
4455 5882 164 327
4455 5883 164 330
4455 5884 166 330
4455 5885 170 330
4455 5886 170 330
4455 5887 172 331
4455 5888 168 333
4455 5889 173 332
4455 5890 171 333
4464 5853 406 291
4464 5854 409 290
4464 5855 407 293
4464 5856 405 293
4464 5857 403 293
4464 5858 400 293
4464 5859 400 294
4464 5860 398 292
4464 5861 395 296
4464 5862 393 297
4464 5863 390 297
4464 5864 386 298
4464 5865 382 300
4464 5866 376 303
4464 5867 371 306
4464 5868 369 308
4464 5869 367 306
4464 5870 366 308
4464 5871 364 308
4464 5872 362 309
4464 5873 361 308
4464 5874 359 309
4464 5875 357 309
4464 5876 355 310
4464 5877 353 312
4464 5878 352 312
4464 5879 350 311
4464 5880 348 313
4464 5881 347 313
4464 5882 344 313
4464 5883 342 313
4464 5884 341 316
4464 5885 338 315
4464 5886 337 317
4464 5887 335 315
4464 5888 332 317
4464 5889 330 317
4464 5890 328 316
4464 5891 326 317
4464 5892 325 318
4464 5893 322 317
4464 5894 320 319
4464 5895 317 320
4464 5896 315 317
4464 5897 312 319
4464 5898 311 319
4464 5899 309 319
4464 5900 306 320
4464 5901 304 320
4464 5902 302 321
4464 5903 299 322
4464 5904 295 324
4464 5905 295 322
4464 5906 291 323
4464 5907 288 323
4464 5908 287 324
4464 5909 284 324
4464 5910 281 324
4464 5911 278 325
4464 5912 277 325
4464 5913 274 327
4464 5914 271 327
4464 5915 268 326
4464 5916 268 327
4464 5917 264 327
4464 5918 263 327
4464 5919 262 331
4464 5920 256 332
4464 5921 255 330
4464 5922 253 327
4464 5923 249 332
4464 5924 248 331
4464 5925 247 330
4464 5926 243 328
4464 5927 240 331
4464 5928 239 332
4464 5929 235 334
4464 5930 232 333
4564 5947 255 361
4564 5948 250 365
4564 5949 253 365
4564 5950 254 367
4564 5951 253 368
4564 5952 255 368
4564 5953 258 370
4564 5954 259 370
4564 5955 259 370
4564 5956 261 371
4564 5957 265 372
4564 5958 267 373
4564 5959 268 373
4564 5960 269 374
4564 5961 271 374
4564 5962 272 375
4564 5963 274 377
4564 5964 276 376
4564 5965 276 379
4564 5966 279 376
4564 5967 281 378
4564 5968 282 381
4564 5969 283 381
4564 5970 284 382
4564 5971 284 381
4564 5972 287 383
4564 5973 288 383
4564 5974 289 383
4564 5975 291 384
4564 5976 294 384
4564 5977 295 387
4564 5978 295 389
4564 5979 297 389
4564 5980 299 391
4564 5981 301 392
4564 5982 302 391
4564 5983 304 390
4564 5984 306 393
4564 5985 307 392
4564 5986 309 393
4564 5987 310 395
4564 5988 314 397
4564 5989 317 397
4564 5990 317 397
4564 5991 320 398
4564 5992 321 399
4564 5993 323 399
4564 5994 325 402
4564 5995 328 401
4564 5996 329 402
4564 5997 331 405
4564 5998 333 405
4564 5999 335 406
4564 6000 336 407
4564 6001 339 406
4564 6002 340 409
4564 6003 343 409
4564 6004 345 410
4564 6005 346 411
4564 6006 349 413
4564 6007 351 413
4564 6008 352 415
4564 6009 354 413
4564 6010 357 416
4564 6011 359 419
4564 6012 361 418
4564 6013 363 419
4564 6014 367 419
4564 6015 371 422
4564 6016 371 422
4564 6017 374 422
4564 6018 368 426
4564 6019 378 426
4564 6020 380 425
4564 6021 383 427
4564 6022 386 433
4564 6023 387 428
4564 6024 389 429
4564 6025 391 430
4564 6026 394 431
4564 6027 396 434
4564 6028 396 437
4564 6029 400 434
4564 6030 397 434
4617 6030 409 435
4617 6031 405 437
4617 6032 404 439
4617 6033 409 438
4617 6034 411 443
4617 6035 413 442
4617 6036 416 442
4617 6037 418 447
4617 6038 419 446
4617 6039 423 446
4617 6040 422 450
4617 6041 424 448
4617 6042 426 452
4617 6043 428 449
4617 6044 431 454
4617 6045 435 452
4617 6046 436 453
4617 6047 440 451
4617 6048 440 452
4617 6049 443 453
4617 6050 446 456
4617 6051 448 457
4617 6052 451 457
4617 6053 453 457
4617 6054 455 459
4617 6055 458 460
4617 6056 462 459
4617 6057 462 460
4617 6058 466 460
4617 6059 468 462
4617 6060 470 462
4617 6061 475 463
4617 6062 473 463
4766 6147 483 269
4766 6148 479 267
4766 6149 474 267
4766 6150 469 267
4766 6151 464 266
4766 6152 455 265
4766 6153 442 264
4766 6154 431 262
4766 6155 421 262
4766 6156 413 261
4766 6157 399 260
4766 6158 383 259
4766 6159 372 257
4766 6160 362 255
4766 6161 350 256
4766 6162 357 256
4880 6346 423 262
4880 6347 415 262
4880 6348 404 261
4880 6349 394 260
4880 6350 376 258
4880 6351 361 257
4880 6352 352 257
4880 6353 342 255
4880 6354 334 255
4880 6355 318 253
4880 6356 298 254
4880 6357 295 254
4880 6358 294 254
4880 6359 276 250
4880 6360 261 248
4880 6361 256 248
4880 6362 249 247
4880 6363 243 247
4880 6364 236 247
4880 6365 233 247
4910 6416 172 343
4910 6417 170 346
4910 6418 169 343
4910 6419 167 341
4910 6420 168 344
4910 6421 163 344
4910 6422 160 342
4910 6423 158 341
4910 6424 157 343
4910 6425 152 342
4910 6426 151 344
4910 6427 149 341
4910 6428 147 341
4910 6429 145 341
4910 6430 141 341
4910 6431 140 340
4910 6432 136 335
4910 6433 134 336
4910 6434 131 336
4910 6435 130 336
4910 6436 128 337
4910 6437 124 337
4910 6438 124 335
4910 6439 122 338
4910 6440 112 332
4910 6441 113 331
4910 6442 113 335
4910 6443 111 333
4910 6444 110 332
4910 6445 108 331
4910 6446 106 332
4910 6447 103 332
4910 6448 102 330
4910 6449 100 332
4910 6450 100 331
4910 6451 97 330
4910 6452 97 330
4910 6453 93 329
4910 6454 91 325
4910 6455 91 329
4910 6456 87 327
4910 6457 87 327
4910 6458 86 328
4910 6459 84 327
4910 6460 82 330
4910 6461 81 329
4910 6462 77 328
4910 6463 75 330
4910 6464 73 328
4910 6465 70 328
4910 6466 69 329
4910 6467 68 327
4910 6468 66 326
4910 6469 65 325
4910 6470 63 326
4910 6471 61 325
4910 6472 60 327
4910 6473 57 326
4910 6474 57 326
4910 6475 53 324
4910 6476 53 326
4910 6477 51 324
4910 6478 49 322
4910 6479 47 319
4910 6480 45 323
4910 6481 44 323
4910 6482 42 319
4910 6483 38 318
4910 6484 34 316
4910 6485 39 319
4910 6486 35 315
4910 6487 34 317
4910 6488 31 318
4910 6489 30 317
4910 6490 31 319
4910 6491 29 317
4910 6492 26 314
4910 6493 25 313
4910 6494 24 314
4918 6452 468 283
4918 6453 465 282
4918 6454 446 263
4918 6455 463 281
4918 6456 460 284
4918 6457 461 283
4918 6458 459 283
4918 6459 457 288
4918 6460 454 288
4918 6461 452 291
4918 6462 451 286
4918 6463 450 283
4918 6464 446 284
4918 6465 445 288
4918 6466 446 286
4918 6467 442 289
4918 6468 442 288
4918 6469 439 291
4918 6470 439 289
4918 6471 436 290
4918 6472 434 290
4918 6473 434 288
4918 6474 428 290
4918 6475 429 290
4918 6476 427 293
4918 6477 426 292
4918 6478 422 291
4918 6479 421 288
4918 6480 419 289
4918 6481 419 291
4918 6482 417 290
4918 6483 415 290
4918 6484 415 292
4918 6485 412 290
4918 6486 410 290
4918 6487 410 285
5026 6533 534 399
5026 6534 530 397
5026 6535 526 400
5026 6536 528 396
5026 6537 526 398
5026 6538 525 397
5026 6539 523 399
5026 6540 520 400
5026 6541 517 396
5026 6542 515 396
5026 6543 516 402
5026 6544 514 399
5026 6545 511 402
5026 6546 507 407
5026 6547 502 411
5026 6548 499 416
5026 6549 499 416
5026 6550 494 415
5026 6551 496 412
5026 6552 494 412
5026 6553 491 413
5026 6554 490 417
5026 6555 484 425
5026 6556 483 422
5026 6557 486 416
5026 6558 482 421
5026 6559 481 426
5295 7108 77 471
5295 7109 82 471
5295 7110 86 470
5295 7111 90 470
5295 7112 93 470
5295 7113 96 470
5295 7114 98 470
5295 7115 102 469
5295 7116 105 469
5295 7117 107 469
5295 7118 111 468
5295 7119 116 468
5295 7120 119 469
5295 7121 121 468
5295 7122 125 470
5295 7123 127 468
5295 7124 133 467
5295 7125 134 467
5295 7126 136 470
5295 7127 140 467
5295 7128 143 467
5295 7129 150 469
5295 7130 153 467
5295 7131 156 467
5295 7132 158 466
5295 7133 161 466
5295 7134 163 467
5295 7135 167 466
5295 7136 170 465
5295 7137 175 465
5295 7138 175 465
5295 7139 179 465
5295 7140 182 465
5295 7141 186 464
5295 7142 190 464
5295 7143 193 464
5295 7144 196 464
5295 7145 198 464
5295 7146 200 463
5295 7147 204 463
5295 7148 208 463
5295 7149 210 464
5295 7150 212 463
5295 7151 216 462
5295 7152 220 462
5295 7153 224 462
5295 7154 227 462
5295 7155 230 461
5295 7156 235 461
5295 7157 237 461
5295 7158 241 461
5295 7159 242 461
5295 7160 245 460
5295 7161 248 460
5295 7162 252 460
5295 7163 255 460
5295 7164 257 459
5295 7165 260 459
5295 7166 263 459
5295 7167 267 459
5295 7168 271 459
5295 7169 273 457
5295 7170 277 458
5295 7171 281 458
5295 7172 284 458
5295 7173 285 458
5295 7174 288 458
5295 7175 294 457
5295 7176 297 457
5295 7177 300 458
5295 7178 301 457
5295 7179 307 457
5295 7180 311 456
5295 7181 314 455
5295 7182 315 455
5295 7183 321 454
5295 7184 322 455
5295 7185 325 455
5295 7186 326 454
5295 7187 329 454
5295 7188 336 452
5295 7189 337 452
5295 7190 340 452
5295 7191 343 451
5295 7192 345 449
5295 7193 348 450
5295 7194 354 450
5295 7195 358 449
5295 7196 363 448
5295 7197 366 447
5295 7198 371 446
5295 7199 376 446
5295 7200 380 445
5295 7201 383 445
5295 7202 386 443
5295 7203 391 443
5295 7204 397 443
5295 7205 399 443
5295 7206 404 442
5295 7207 408 442
5295 7208 410 441
5295 7209 415 441
5295 7210 412 436
5297 7114 437 262
5297 7115 432 262
5297 7116 414 262
5297 7117 405 261
5297 7118 386 258
5297 7119 365 256
5297 7120 356 255
5297 7121 340 254
5297 7122 326 253
5297 7123 317 253
5297 7124 301 251
5297 7125 285 250
5297 7126 276 249
5297 7127 267 249
5297 7128 267 247
5340 7242 338 263
5340 7243 348 260
5340 7244 367 261
5340 7245 386 263
5340 7246 405 266
5340 7247 423 266
5340 7248 440 267
5340 7249 457 268
5340 7250 468 270
5340 7251 477 271
5462 7510 485 266
5462 7511 482 266
5462 7512 475 267
5462 7513 468 266
5462 7514 461 265
5462 7515 451 267
5462 7516 428 260
5462 7517 418 259
5462 7518 410 259
5462 7519 397 257
5462 7520 388 257
5462 7521 371 255
5462 7522 353 253
5462 7523 348 254
5462 7524 333 253
5462 7525 321 251
5462 7526 314 250
5462 7527 302 249
5462 7528 289 250
5462 7529 278 249
5462 7530 267 247
5566 7642 148 384
5566 7643 147 380
5566 7644 152 377
5566 7645 157 377
5566 7646 158 383
5566 7647 159 375
5566 7648 162 374
5566 7649 166 373
5566 7650 168 372
5566 7651 172 371
5566 7652 175 379
5566 7653 175 370
5566 7654 179 369
5566 7655 184 374
5566 7656 184 366
5566 7657 188 374
5566 7658 189 365
5566 7659 193 363
5566 7660 194 364
5566 7661 197 362
5566 7662 199 369
5566 7663 201 361
5566 7664 204 360
5566 7665 207 358
5566 7666 210 363
5566 7667 211 365
5566 7668 212 357
5566 7669 215 356
5566 7670 220 362
5566 7671 220 355
5566 7672 222 353
5566 7673 227 353
5566 7674 229 354
5566 7675 230 359
5566 7676 231 351
5566 7677 234 350
5566 7678 238 349
5566 7679 239 349
5566 7680 243 346
5566 7681 245 346
5566 7682 247 346
5566 7683 250 344
5566 7684 253 348
5941 7930 183 264
5941 7931 183 265
5941 7932 178 264
5941 7933 175 264
5941 7934 165 268
5941 7935 161 269
5941 7936 159 273
5941 7937 157 272
5941 7938 154 272
5941 7939 151 273
5941 7940 148 275
5941 7941 145 280
5941 7942 143 280
5941 7943 138 279
5941 7944 132 284
5941 7945 132 281
5941 7946 134 282
5941 7947 125 292
5941 7948 117 294
5941 7949 113 295
5941 7950 116 293
5941 7951 106 287
6245 8388 230 256
6245 8389 234 253
6245 8390 233 250
6245 8391 246 251
6245 8392 256 250
6245 8393 266 253
6245 8394 273 254
6245 8395 284 254
6245 8396 294 256
6245 8397 305 256
6245 8398 314 256
6245 8399 322 257
6245 8400 334 258
6245 8401 345 259
6245 8402 361 260
6245 8403 378 261
6245 8404 386 262
6245 8405 396 262
6245 8406 411 272
6245 8407 419 264
6245 8408 428 272
6245 8409 447 273
6245 8410 460 268
6245 8411 466 269
6245 8412 478 268
6245 8413 482 269
6245 8414 501 266
6292 8463 355 307
6292 8464 353 303
6292 8465 353 296
6292 8466 350 301
6292 8467 347 302
6292 8468 342 304
6292 8469 338 305
6292 8470 334 303
6292 8471 332 306
6292 8472 331 307
6292 8473 327 308
6292 8474 326 308
6292 8475 323 306
6292 8476 321 306
6292 8477 319 310
6292 8478 317 307
6292 8479 315 306
6292 8480 311 309
6292 8481 309 313
6292 8482 307 313
6292 8483 304 315
6292 8484 300 310
6292 8485 300 315
6292 8486 298 313
6292 8487 295 316
6292 8488 291 316
6292 8489 288 318
6292 8490 287 318
6292 8491 286 323
6292 8492 282 320
6292 8493 279 321
6292 8494 278 322
6292 8495 276 320
6292 8496 272 322
6292 8497 272 321
6292 8498 270 321
6292 8499 268 324
6292 8500 265 320
6292 8501 262 326
6292 8502 261 322
6292 8503 260 324
6292 8504 256 327
6292 8505 254 327
6292 8506 250 321
6292 8507 250 322
6292 8508 249 322
6292 8509 247 323
6292 8510 244 325
6292 8511 241 328
6292 8512 239 325
6309 8481 500 266
6309 8482 483 268
6309 8483 476 266
6309 8484 464 266
6309 8485 449 265
6309 8486 438 263
6309 8487 421 261
6309 8488 399 259
6309 8489 382 257
6309 8490 368 257
6309 8491 355 257
6309 8492 339 254
6309 8493 323 254
6309 8494 313 254
6309 8495 299 252
6309 8496 286 250
6309 8497 277 249
6309 8498 269 248
6309 8499 257 247
6309 8500 246 246
6432 8583 153 333
6432 8584 155 337
6432 8585 152 331
6432 8586 155 330
6432 8587 156 330
6432 8588 157 331
6432 8589 160 333
6432 8590 159 334
6432 8591 162 334
6432 8592 163 335
6432 8593 163 333
6432 8594 166 337
6432 8595 166 338
6432 8596 168 339
6432 8597 167 336
6432 8598 171 340
6432 8599 173 342
6432 8600 173 343
6432 8601 175 342
6432 8602 177 344
6432 8603 177 344
6432 8604 179 346
6432 8605 182 347
6432 8606 182 345
6432 8607 184 348
6432 8608 185 347
6432 8609 188 350
6432 8610 188 351
6432 8611 190 348
6432 8612 192 353
6432 8613 193 352
6432 8614 196 355
6432 8615 196 353
6432 8616 197 356
6432 8617 202 359
6432 8618 201 355
6432 8619 204 360
6432 8620 206 361
6432 8621 207 361
6432 8622 210 362
6432 8623 212 364
6432 8624 214 364
6432 8625 217 362
6432 8626 218 359
6445 8604 44 314
6445 8605 40 313
6445 8606 37 311
6445 8607 42 313
6445 8608 41 310
6445 8609 45 311
6445 8610 44 309
6445 8611 44 309
6445 8612 47 309
6445 8613 48 307
6445 8614 47 308
6445 8615 49 306
6445 8616 51 305
6445 8617 55 307
6445 8618 55 304
6445 8619 55 305
6445 8620 60 306
6445 8621 57 301
6445 8622 60 305
6445 8623 60 303
6445 8624 65 303
6445 8625 66 301
6445 8626 64 301
6445 8627 67 302
6445 8628 69 301
6445 8629 73 301
6445 8630 71 300
6445 8631 71 298
6445 8632 74 300
6445 8633 77 300
6445 8634 73 295
6445 8635 79 298
6445 8636 79 297
6445 8637 82 298
6445 8638 83 297
6445 8639 84 296
6445 8640 87 291
6445 8641 88 294
6445 8642 85 295
6445 8643 89 295
6445 8644 91 293
6445 8645 92 293
6445 8646 94 293
6445 8647 95 293
6445 8648 96 290
6445 8649 95 291
6445 8650 97 291
6445 8651 98 291
6445 8652 100 289
6445 8653 102 291
6445 8654 106 293
6445 8655 102 285
6445 8656 106 290
6445 8657 106 286
6445 8658 108 288
6445 8659 107 285
6445 8660 112 288
6454 8630 227 380
6454 8631 231 380
6454 8632 233 374
6454 8633 234 375
6454 8634 236 375
6454 8635 239 377
6454 8636 241 379
6454 8637 244 379
6454 8638 249 381
6454 8639 250 378
6454 8640 253 383
6454 8641 256 385
6454 8642 256 385
6454 8643 258 386
6454 8644 263 390
6454 8645 267 390
6454 8646 265 390
6454 8647 269 388
6454 8648 272 394
6454 8649 272 393
6454 8650 273 395
6454 8651 277 397
6454 8652 280 399
6454 8653 282 398
6454 8654 283 402
6454 8655 284 399
6454 8656 283 402
6468 8664 308 424
6468 8665 309 419
6468 8666 310 419
6468 8667 311 421
6468 8668 315 423
6468 8669 318 426
6468 8670 318 426
6468 8671 323 429
6468 8672 327 429
6468 8673 327 432
6468 8674 331 431
6468 8675 332 433
6468 8676 336 435
6468 8677 337 436
6468 8678 344 434
6468 8679 345 439
6468 8680 347 442
6468 8681 350 441
6468 8682 352 444
6468 8683 355 447
6468 8684 359 446
6468 8685 364 449
6468 8686 367 452
6468 8687 368 451
6468 8688 369 453
6468 8689 373 455
6468 8690 376 457
6468 8691 379 459
6468 8692 382 459
6468 8693 387 462
6468 8694 390 464
6468 8695 393 464
6468 8696 393 465
6468 8697 395 465
6468 8698 399 467
6468 8699 403 468
6468 8700 403 475
6478 8678 353 258
6478 8679 353 259
6478 8680 365 259
6478 8681 378 260
6478 8682 393 261
6478 8683 409 261
6478 8684 427 264
6478 8685 442 265
6478 8686 456 266
6478 8687 466 267
6478 8688 469 268
6478 8689 481 267
6478 8690 482 269
6478 8691 491 270
6531 8805 179 261
6531 8806 178 256
6531 8807 180 258
6531 8808 180 256
6531 8809 176 260
6531 8810 176 258
6531 8811 179 258
6531 8812 175 262
6531 8813 174 263
6531 8814 173 266
6531 8815 172 263
6531 8816 168 266
6531 8817 165 268
6531 8818 162 267
6531 8819 164 269
6531 8820 160 269
6531 8821 158 271
6531 8822 157 274
6531 8823 154 273
6531 8824 151 275
6531 8825 148 276
6531 8826 145 277
6531 8827 144 278
6531 8828 143 279
6531 8829 139 281
6531 8830 135 283
6531 8831 135 283
6531 8832 132 284
6531 8833 126 286
6531 8834 126 287
6531 8835 123 289
6531 8836 119 290
6531 8837 114 292
6531 8838 111 294
6531 8839 109 294
6531 8840 105 295
6531 8841 99 297
6531 8842 98 298
6531 8843 94 300
6531 8844 89 302
6531 8845 84 304
6531 8846 82 305
6531 8847 79 308
6531 8848 75 309
6531 8849 72 311
6531 8850 66 312
6531 8851 60 314
6531 8852 58 315
6531 8853 55 317
6531 8854 50 319
6531 8855 45 321
6531 8856 44 322
6531 8857 40 325
6531 8858 34 327
6531 8859 28 329
6531 8860 27 331
6531 8861 23 332
6531 8862 20 334
6531 8863 17 337
6531 8864 11 339
6531 8865 13 340
6531 8866 11 343
6531 8867 9 343
6531 8868 7 342
6531 8869 4 340
6550 8834 152 274
6550 8835 151 278
6550 8836 141 275
6550 8837 137 276
6550 8838 141 281
6550 8839 137 284
6550 8840 129 286
6550 8841 127 296
6550 8842 127 289
6550 8843 121 290
6550 8844 119 293
6550 8845 114 305
6550 8846 109 307
6550 8847 106 307
6550 8848 103 297
6550 8849 99 298
6550 8850 95 298
6550 8851 95 297
6550 8852 87 299
6550 8853 90 302
6550 8854 79 303
6550 8855 82 304
6902 9364 250 248
6902 9365 253 255
6902 9366 260 266
6902 9367 262 267
6902 9368 264 266
6902 9369 268 266
6902 9370 270 266
6902 9371 272 266
6902 9372 275 267
6902 9373 279 267
6902 9374 283 267
6902 9375 284 267
6902 9376 287 268
6902 9377 290 268
6902 9378 291 267
6902 9379 294 268
6902 9380 297 269
6902 9381 300 269
6902 9382 302 269
6902 9383 305 270
6902 9384 309 269
6902 9385 311 269
6902 9386 314 269
6902 9387 316 270
6902 9388 317 270
6902 9389 321 270
6902 9390 324 270
6902 9391 326 271
6902 9392 329 271
6902 9393 333 271
6902 9394 335 272
6902 9395 338 272
6902 9396 341 272
6902 9397 343 272
6902 9398 346 272
6902 9399 349 271
6902 9400 352 272
6902 9401 353 274
6948 9403 344 264
6948 9404 350 264
6948 9405 355 264
6948 9406 377 266
6948 9407 369 273
6948 9408 372 273
6948 9409 375 274
6948 9410 379 274
6948 9411 379 276
6948 9412 383 274
6948 9413 386 275
6948 9414 397 269
6948 9415 390 276
6948 9416 394 275
6948 9417 398 275
6948 9418 400 278
6948 9419 404 276
6948 9420 407 277
6948 9421 408 276
6948 9422 412 279
6948 9423 412 278
6948 9424 416 277
6948 9425 419 277
6948 9426 423 279
6948 9427 424 275
6948 9428 428 277
6948 9429 432 282
6948 9430 433 278
6948 9431 437 277
6948 9432 438 278
6948 9433 441 278
6948 9434 445 277
6948 9435 447 279
6948 9436 450 280
6948 9437 453 282
6948 9438 456 281
6948 9439 460 280
6948 9440 461 281
6948 9441 464 281
6948 9442 464 279
6948 9443 469 278
6948 9444 468 276
7168 9686 326 259
7168 9687 338 261
7168 9688 351 263
7168 9689 362 264
7168 9690 376 265
7168 9691 390 265
7168 9692 399 267
7168 9693 413 269
7168 9694 429 270
7168 9695 438 270
7168 9696 452 264
7168 9697 463 265
7168 9698 453 261
7168 9699 456 266
7335 9880 152 246
7335 9881 154 247
7335 9882 157 252
7335 9883 154 249
7335 9884 151 246
7335 9885 153 248
7335 9886 153 250
7335 9887 156 253
7335 9888 140 249
7335 9889 136 251
7335 9890 143 252
7335 9891 148 265
7335 9892 146 268
7335 9893 144 269
7335 9894 142 273
7335 9895 133 275
7335 9896 136 277
7335 9897 128 278
7335 9898 124 281
7335 9899 115 284
7335 9900 113 288
7335 9901 107 288
7335 9902 102 290
7335 9903 105 292
7335 9904 93 299
7335 9905 84 296
7335 9906 79 302
7335 9907 72 305
7335 9908 65 310
7335 9909 53 311
7335 9910 50 312
7335 9911 45 314
7335 9912 38 317
7335 9913 45 318
7443 10013 185 249
7443 10014 183 246
7443 10015 193 247
7443 10016 204 248
7443 10017 211 248
7443 10018 218 250
7443 10019 225 250
7443 10020 238 251
7443 10021 248 253
7443 10022 262 253
7443 10023 273 255
7443 10024 285 255
7443 10025 300 257
7443 10026 308 256
7443 10027 316 257
7443 10028 330 258
7443 10029 345 259
7443 10030 342 260
7490 10066 438 262
7490 10067 435 261
7490 10068 421 261
7490 10069 403 257
7490 10070 392 257
7490 10071 378 257
7490 10072 364 256
7490 10073 355 254
7490 10074 337 253
7490 10075 323 252
7490 10076 317 252
7490 10077 299 250
7490 10078 277 248
7490 10079 262 247
7490 10080 267 250
7556 10122 155 268
7556 10123 157 258
7556 10124 152 262
7556 10125 152 271
7556 10126 150 265
7556 10127 147 268
7556 10128 143 274
7556 10129 144 270
7556 10130 140 271
7556 10131 137 272
7556 10132 138 273
7556 10133 128 278
7556 10134 130 279
7556 10135 119 279
7556 10136 119 283
7556 10137 113 285
7556 10138 106 286
7556 10139 102 287
7556 10140 106 287
7556 10141 108 288
7556 10142 114 285
7556 10143 114 294
7556 10144 117 290
7556 10145 111 287
7556 10146 114 290
7556 10147 111 287
7556 10148 109 291
7634 10187 398 474
7634 10188 395 473
7634 10189 394 472
7634 10190 391 471
7634 10191 389 470
7634 10192 386 469
7634 10193 381 468
7634 10194 379 467
7634 10195 377 466
7634 10196 373 465
7634 10197 369 464
7634 10198 367 463
7634 10199 367 463
7634 10200 364 460
7634 10201 362 460
7634 10202 358 459
7634 10203 357 457
7634 10204 353 453
7634 10205 350 449
7634 10206 348 450
7634 10207 344 447
7634 10208 344 446
7634 10209 343 446
7634 10210 341 446
7634 10211 340 444
7634 10212 336 440
7634 10213 340 439
7690 10293 3 321
7690 10294 5 321
7690 10295 3 324
7690 10296 3 320
7690 10297 5 318
7690 10298 6 318
7690 10299 6 315
7690 10300 7 316
7690 10301 11 316
7690 10302 12 316
7690 10303 13 317
7690 10304 12 318
7690 10305 14 318
7690 10306 16 317
7690 10307 14 315
7690 10308 22 317
7690 10309 27 319
7690 10310 31 319
7690 10311 29 320
7690 10312 31 321
7690 10313 37 321
7690 10314 36 321
7690 10315 35 319
7690 10316 38 322
7690 10317 42 322
7690 10318 41 323
7690 10319 47 322
7690 10320 43 323
7690 10321 45 323
7690 10322 47 323
7690 10323 50 324
7690 10324 48 322
7690 10325 52 324
7690 10326 54 323
7690 10327 55 326
7690 10328 59 327
7690 10329 58 327
7690 10330 60 325
7690 10331 61 328
7690 10332 63 327
7690 10333 66 329
7690 10334 69 326
7690 10335 68 328
7690 10336 70 328
7690 10337 69 331
7690 10338 73 330
7690 10339 74 330
7690 10340 74 329
7690 10341 78 329
7690 10342 82 329
7690 10343 79 327
7690 10344 81 328
7690 10345 84 328
7690 10346 86 329
7690 10347 88 328
7690 10348 89 329
7690 10349 93 330
7690 10350 91 329
7690 10351 96 331
7690 10352 98 330
7690 10353 99 331
7690 10354 100 332
7690 10355 101 333
7690 10356 104 333
7708 10340 354 260
7708 10341 355 261
7708 10342 374 262
7708 10343 388 263
7708 10344 397 265
7708 10345 414 266
7708 10346 432 266
7708 10347 442 267
7708 10348 452 269
7708 10349 463 270
7708 10350 476 271
7708 10351 479 271
7708 10352 489 275
7722 10362 121 334
7722 10363 120 335
7722 10364 126 336
7722 10365 126 336
7722 10366 127 333
7722 10367 129 335
7722 10368 128 333
7722 10369 130 336
7722 10370 130 332
7722 10371 134 336
7722 10372 138 337
7722 10373 142 337
7722 10374 143 339
7722 10375 143 339
7722 10376 147 339
7722 10377 149 337
7722 10378 150 338
7722 10379 153 339
7722 10380 156 337
7722 10381 158 340
7722 10382 161 340
7722 10383 162 339
7722 10384 164 341
7722 10385 166 340
7722 10386 169 339
7722 10387 171 340
7722 10388 174 341
7722 10389 175 344
7722 10390 177 344
7722 10391 181 342
7722 10392 183 343
7722 10393 184 342
7722 10394 186 342
7722 10395 188 345
7722 10396 191 344
7722 10397 191 344
7722 10398 196 344
7722 10399 198 344
7722 10400 199 345
7722 10401 203 347
7722 10402 205 347
7722 10403 207 347
7722 10404 208 344
7722 10405 211 346
7722 10406 213 349
7722 10407 215 347
7722 10408 220 346
7722 10409 221 347
7722 10410 223 347
7722 10411 227 348
7722 10412 228 347
7722 10413 232 348
7722 10414 235 348
7722 10415 238 351
7722 10416 239 349
7722 10417 242 348
7722 10418 243 349
7722 10419 244 344
7722 10420 248 348
7722 10421 251 350
7722 10422 253 349
7722 10423 255 349
7722 10424 258 349
7722 10425 260 350
7722 10426 263 349
7722 10427 263 349
7815 10454 74 301
7815 10455 72 301
7815 10456 68 301
7815 10457 66 302
7815 10458 63 299
7815 10459 61 304
7815 10460 60 305
7815 10461 57 306
7815 10462 54 303
7815 10463 53 304
7815 10464 50 307
7815 10465 46 303
7815 10466 44 307
7815 10467 44 308
7815 10468 40 309
7815 10469 39 309
7815 10470 37 310
7815 10471 35 311
7815 10472 32 311
7815 10473 31 310
7815 10474 26 308
7815 10475 24 312
7815 10476 23 309
7815 10477 23 313
7815 10478 19 313
7815 10479 14 311
7815 10480 12 311
7815 10481 12 314
7815 10482 7 312
7815 10483 7 315
7815 10484 3 311
7815 10485 7 324
7815 10486 6 323
7816 10455 552 406
7816 10456 555 395
7816 10457 552 393
7816 10458 553 392
7816 10459 550 391
7816 10460 548 389
7816 10461 546 388
7816 10462 547 390
7816 10463 542 387
7816 10464 536 386
7816 10465 535 383
7816 10466 531 382
7816 10467 530 381
7816 10468 527 377
7816 10469 530 375
7816 10470 525 377
7816 10471 522 377
7816 10472 520 375
7816 10473 518 374
7816 10474 517 372
7816 10475 517 375
7816 10476 515 372
7816 10477 511 371
7816 10478 510 369
7816 10479 507 373
7816 10480 505 367
7816 10481 503 366
7816 10482 499 364
7816 10483 497 361
7816 10484 495 364
7816 10485 492 362
7816 10486 491 361
7816 10487 488 366
7816 10488 485 360
7816 10489 485 358
7829 10487 456 383
7829 10488 459 386
7829 10489 462 377
7829 10490 468 370
7829 10491 465 370
7829 10492 477 364
7829 10493 477 358
7829 10494 478 364
7829 10495 470 354
7829 10496 466 353
7829 10497 462 352
7829 10498 459 359
7829 10499 458 352
7829 10500 457 352
7829 10501 455 350
7829 10502 451 348
7829 10503 450 349
7829 10504 447 346
7829 10505 444 346
7829 10506 444 347
7829 10507 443 346
7829 10508 439 344
7829 10509 437 347
7829 10510 435 343
7829 10511 435 340
7829 10512 431 340
7829 10513 431 340
7829 10514 429 339
7829 10515 428 340
7829 10516 422 338
7829 10517 421 334
7829 10518 420 333
8023 10810 283 250
8023 10811 289 248
8023 10812 283 249
8023 10813 292 250
8023 10814 301 250
8023 10815 310 249
8023 10816 323 252
8023 10817 332 253
8023 10818 339 254
8023 10819 348 255
8023 10820 368 252
8023 10821 386 252
8023 10822 405 256
8023 10823 428 256
8023 10824 447 262
8023 10825 463 261
8023 10826 473 261
8023 10827 486 259
8023 10828 497 257
8067 10856 146 247
8067 10857 149 247
8067 10858 150 248
8067 10859 153 249
8067 10860 155 250
8067 10861 158 251
8067 10862 159 253
8067 10863 161 254
8067 10864 161 255
8067 10865 162 258
8067 10866 162 262
8067 10867 162 260
8067 10868 161 262
8067 10869 160 265
8067 10870 159 264
8067 10871 157 266
8067 10872 156 269
8067 10873 153 270
8067 10874 150 272
8067 10875 150 273
8067 10876 146 275
8067 10877 143 277
8067 10878 137 280
8067 10879 132 283
8067 10880 128 285
8067 10881 124 286
8067 10882 123 287
8067 10883 117 289
8067 10884 111 293
8067 10885 102 297
8067 10886 94 299
8067 10887 91 300
8067 10888 87 301
8067 10889 80 305
8067 10890 71 307
8067 10891 65 311
8067 10892 61 313
8067 10893 54 315
8067 10894 46 317
8067 10895 45 318
8067 10896 40 319
8067 10897 35 321
8067 10898 29 324
8067 10899 25 326
8067 10900 22 330
8067 10901 18 331
8067 10902 15 333
8067 10903 12 333
8067 10904 13 339
8067 10905 9 336
8067 10906 6 337
8267 11199 209 377
8267 11200 211 378
8267 11201 211 378
8267 11202 214 380
8267 11203 216 383
8267 11204 214 378
8267 11205 217 383
8267 11206 221 388
8267 11207 219 385
8267 11208 221 387
8267 11209 221 387
8267 11210 222 387
8267 11211 225 389
8267 11212 226 391
8267 11213 227 393
8267 11214 229 393
8267 11215 230 397
8267 11216 233 397
8267 11217 233 396
8267 11218 235 398
8267 11219 237 401
8267 11220 239 400
8267 11221 241 401
8267 11222 240 399
8267 11223 242 402
8267 11224 244 404
8267 11225 245 405
8267 11226 249 406
8267 11227 249 410
8267 11228 250 404
8267 11229 252 411
8267 11230 255 410
8267 11231 255 412
8267 11232 258 415
8267 11233 259 416
8267 11234 259 412
8285 11223 178 246
8285 11224 192 246
8285 11225 206 249
8285 11226 218 249
8285 11227 228 250
8285 11228 238 251
8285 11229 251 252
8285 11230 259 254
8285 11231 268 254
8285 11232 286 255
8285 11233 304 257
8285 11234 314 257
8285 11235 328 259
8285 11236 343 259
8285 11237 352 259
8285 11238 368 261
8285 11239 389 262
8285 11240 405 264
8285 11241 420 266
8285 11242 435 266
8285 11243 443 267
8285 11244 454 268
8285 11245 468 269
8285 11246 477 271
8381 11680 165 253
8381 11681 164 255
8381 11682 165 255
8381 11683 164 265
8381 11684 164 259
8381 11685 163 262
8381 11686 162 263
8381 11687 160 265
8381 11688 161 265
8381 11689 157 267
8381 11690 156 269
8381 11691 155 270
8381 11692 152 273
8381 11693 151 273
8381 11694 150 274
8381 11695 146 276
8381 11696 143 278
8381 11697 139 280
8381 11698 136 283
8381 11699 134 282
8381 11700 128 285
8381 11701 123 288
8381 11702 118 290
8381 11703 114 292
8381 11704 110 294
8381 11705 108 295
8381 11706 102 297
8381 11707 94 301
8381 11708 91 303
8381 11709 85 305
8381 11710 75 309
8381 11711 70 312
8381 11712 66 314
8381 11713 59 317
8381 11714 54 320
8381 11715 49 322
8381 11716 41 326
8381 11717 32 330
8381 11718 28 330
8381 11719 25 333
8381 11720 22 340
8381 11721 16 341
8381 11722 11 341
8381 11723 9 344
8381 11724 6 348
8428 11886 10 434
8428 11887 14 428
8428 11888 17 429
8428 11889 19 426
8428 11890 20 424
8428 11891 24 424
8428 11892 31 423
8428 11893 32 423
8428 11894 35 421
8428 11895 37 415
8428 11896 38 414
8428 11897 47 419
8428 11898 47 411
8428 11899 47 408
8428 11900 48 409
8428 11901 53 412
8428 11902 55 405
8428 11903 59 403
8428 11904 62 402
8436 11916 103 401
8436 11917 106 395
8436 11918 109 395
8436 11919 111 392
8436 11920 113 385
8436 11921 113 376
8436 11922 115 379
8436 11923 116 380
8436 11924 120 373
8436 11925 124 371
8436 11926 125 370
8436 11927 129 369
8436 11928 128 375
8436 11929 132 367
8436 11930 139 370
8436 11931 139 369
8436 11932 142 362
8436 11933 145 360
8436 11934 150 365
8436 11935 150 358
8436 11936 153 358
8436 11937 156 360
8436 11938 158 356
8436 11939 161 354
8436 11940 164 353
8436 11941 166 359
8436 11942 169 351
8436 11943 174 356
8436 11944 173 351
8436 11945 176 352
8436 11946 178 349
8436 11947 181 348
8436 11948 183 345
8436 11949 187 348
8548 12081 484 267
8548 12082 483 264
8548 12083 473 264
8548 12084 466 264
8548 12085 455 263
8548 12086 442 262
8548 12087 433 260
8548 12088 416 258
8548 12089 403 258
8548 12090 395 257
8548 12091 376 255
8548 12092 360 254
8548 12093 354 254
8548 12094 346 254