115 733 467 265
115 734 470 265
115 735 463 264
115 736 456 264
115 737 449 264
115 738 441 262
115 739 431 262
115 740 423 261
115 741 416 261
115 742 406 260
115 743 397 259
115 744 390 257
115 745 381 257
115 746 372 257
115 747 363 256
115 748 353 256
115 749 345 255
115 750 337 255
115 751 327 254
115 752 319 252
115 753 313 252
115 754 304 252
115 755 295 251
115 756 286 249
115 757 279 249
115 758 271 249
115 759 264 248
115 760 256 247
115 761 247 247
115 762 246 247
115 763 216 247
674 4170 474 264
674 4171 467 263
674 4172 456 261
674 4173 443 261
674 4174 427 259
674 4175 413 259
674 4176 403 258
674 4177 391 257
674 4178 376 257
674 4179 362 255
674 4180 349 254
674 4181 337 253
674 4182 323 252
674 4183 313 251
674 4184 299 250
674 4185 286 249
674 4186 279 249
674 4187 267 248
674 4188 255 246
877 5048 227 252
877 5049 239 250
877 5050 245 251
877 5051 250 252
877 5052 258 252
877 5053 267 253
877 5054 274 253
877 5055 281 254
877 5056 291 254
877 5057 300 255
877 5058 307 256
877 5059 315 256
877 5060 324 257
877 5061 332 258
877 5062 336 259
877 5063 346 259
877 5064 354 259
877 5065 364 262
877 5066 371 263
917 5320 474 266
917 5321 462 263
917 5322 451 262
917 5323 438 262
917 5324 421 262
917 5325 414 261
917 5326 410 259
917 5327 396 257
917 5328 379 258
917 5329 372 256
917 5330 372 250
917 5331 380 256
917 5332 369 257
917 5333 365 258
1731 8432 480 263
1731 8433 475 263
1731 8434 464 265
1731 8435 455 264
1731 8436 446 263
1731 8437 437 262
1731 8438 427 262
1731 8439 419 260
1731 8440 409 260
1731 8441 394 258
1731 8442 384 257
1731 8443 376 257
1731 8444 366 257
1731 8445 359 256
1731 8446 352 255
1731 8447 340 254
1731 8448 330 256
2067 10288 243 253
2067 10289 248 254
2067 10290 254 255
2067 10291 262 254
2067 10292 272 254
2067 10293 277 256
2067 10294 284 256
2067 10295 292 256
2067 10296 296 258
2067 10297 307 257
2067 10298 314 260
2067 10299 320 261
2067 10300 328 259
2067 10301 337 260
2067 10302 344 263
2067 10303 355 261
2067 10304 364 262
2067 10305 370 262
2067 10306 377 263
2067 10307 388 264
2067 10308 393 267
2067 10309 401 265
2067 10310 413 266
2067 10311 419 270
2067 10312 426 269
2067 10313 439 267
2067 10314 441 272
2166 10729 185 246
2166 10730 190 246
2166 10731 197 247
2166 10732 204 247
2166 10733 208 249
2166 10734 215 248
2166 10735 223 253
2166 10736 228 251
2166 10737 236 252
2166 10738 246 251
2166 10739 254 252
2166 10740 260 254
2166 10741 269 253
2166 10742 275 253
2166 10743 283 254
2166 10744 293 255
2166 10745 301 255
2166 10746 307 258
2166 10747 318 257
2166 10748 327 257
2166 10749 334 260
2166 10750 342 259
2166 10751 350 259
2166 10752 360 261
2166 10753 370 264
2166 10754 378 262
2166 10755 390 263
2166 10756 400 264
2166 10757 406 267
2166 10758 415 265
2166 10759 428 266
2166 10760 434 268
2166 10761 444 268
2166 10762 454 269
2166 10763 464 269
2166 10764 474 271
2166 10765 483 271
2166 10766 489 276
2251 10820 406 258
2251 10821 396 259
2251 10822 403 265
2251 10823 409 265
2251 10824 418 265
2251 10825 426 266
2251 10826 437 267
2251 10827 444 268
2251 10828 450 269
2251 10829 457 269
2251 10830 467 270
2251 10831 474 272
2251 10832 481 273
2251 10833 488 276
2545 12068 242 246
2545 12069 248 248
2545 12070 244 250
2545 12071 248 251
2545 12072 256 253
2545 12073 264 253
2545 12074 273 253
2545 12075 281 254
2545 12076 290 255
2545 12077 297 255
2545 12078 304 255
2545 12079 313 256
2545 12080 320 257
2545 12081 330 257
2545 12082 339 258
2545 12083 350 258
2545 12084 358 260
2815 13003 400 259
2815 13004 405 259
2815 13005 410 255
2815 13006 414 257
2815 13007 420 259
2815 13008 426 256
2815 13009 416 251
2815 13010 424 256
2815 13011 433 263
2815 13012 446 264
2815 13013 453 271
2815 13014 464 271
2815 13015 480 269
2815 13016 487 268
2921 13161 361 264
2921 13162 354 259
2921 13163 369 261
2921 13164 382 262
2921 13165 392 262
2921 13166 404 264
2921 13167 418 265
2921 13168 428 265
2921 13169 441 267
2921 13170 452 269
2921 13171 458 268
2921 13172 466 270
2921 13173 472 269
2921 13174 478 271
2921 13175 485 271
3084 13680 236 253
3084 13681 240 251
3084 13682 243 246
3084 13683 244 246
3084 13684 247 252
3084 13685 249 253
3084 13686 260 253
3084 13687 270 253
3084 13688 280 254
3084 13689 289 255
3084 13690 296 255
3084 13691 308 257
3084 13692 316 257
3084 13693 323 258
3084 13694 335 259
3084 13695 341 259
3084 13696 350 260
3084 13697 360 262
3084 13698 369 262
3084 13699 375 265
3322 15101 252 252
3322 15102 259 253
3322 15103 258 250
3322 15104 266 251
3322 15105 270 249
3322 15106 276 249
3322 15107 269 251
3322 15108 275 251
3322 15109 282 252
3322 15110 292 253
3322 15111 300 253
3322 15112 307 254
3322 15113 315 253
3322 15114 324 256
3322 15115 334 256
3322 15116 342 257
3322 15117 349 258
3322 15118 357 259
3322 15119 366 263
3603 16085 528 401
3603 16086 527 402
3603 16087 523 399
3603 16088 517 393
3603 16089 513 392
3603 16090 511 392
3603 16091 507 387
3603 16092 504 383
3603 16093 501 385
3603 16094 497 378
3603 16095 493 378
3603 16096 492 377
3603 16097 490 380
3603 16098 488 373
3603 16099 484 374
3603 16100 481 367