392 182 4 421
392 183 5 422
392 184 6 422
392 185 8 416
392 186 9 419
392 187 13 419
392 188 15 424
392 189 15 422
392 190 16 428
392 191 18 431
392 192 19 424
392 193 25 430
392 194 22 421
392 195 24 426
392 196 26 431
392 197 26 421
392 198 32 426
392 199 34 423
392 200 32 430
392 201 43 432
392 202 40 426
392 203 37 427
392 204 39 427
392 205 41 427
392 206 44 428
392 207 46 429
392 208 38 428
392 209 49 430
392 210 58 435
392 211 59 433
392 212 66 424
392 213 64 438
392 214 69 436
392 215 77 436
392 216 76 439
392 217 66 437
441 202 408 351
441 203 406 349
441 204 405 352
441 205 404 351
441 206 403 347
441 207 400 355
441 208 399 351
441 209 399 352
441 210 396 347
441 211 395 350
441 212 393 350
441 213 392 346
441 214 387 355
441 215 380 354
441 216 375 355
441 217 373 354
441 218 370 353
441 219 366 356
441 220 365 353
441 221 362 353
441 222 358 353
441 223 356 353
441 224 353 352
441 225 350 352
441 226 346 352
441 227 343 351
441 228 341 351
441 229 336 354
441 230 335 351
441 231 333 350
441 232 329 350
441 233 326 350
441 234 324 350
441 235 321 350
441 236 318 349
441 237 313 354
441 238 312 351
441 239 312 348
441 240 309 348
441 241 304 349
441 242 303 347
441 243 300 347
441 244 297 347
441 245 293 347
441 246 292 345
441 247 288 345
441 248 285 345
441 249 282 345
441 250 277 347
441 251 275 343
544 227 76 415
544 228 81 416
544 229 85 417
544 230 81 422
544 231 78 426
544 232 85 427
544 233 90 425
544 234 94 426
544 235 98 427
544 236 106 432
544 237 108 428
544 238 112 429
544 239 118 433
544 240 121 435
544 241 125 432
544 242 130 438
544 243 135 437
544 244 141 438
544 245 144 435
802 358 520 426
802 359 518 427
802 360 518 427
802 361 514 428
802 362 521 435
802 363 522 445
802 364 513 439
802 365 507 440
802 366 504 442
802 367 500 443
802 368 496 444
802 369 493 445
802 370 488 446
802 371 485 447
802 372 480 448
802 373 471 449
802 374 472 450
802 375 468 451
802 376 465 452
802 377 461 453
802 378 460 455
802 379 454 455
802 380 446 455
802 381 446 455
802 382 444 457
802 383 436 456
802 384 438 457
802 385 436 459
802 386 432 458
802 387 429 459
802 388 429 457
802 389 422 458
802 390 417 458
802 391 414 458
802 392 410 459
802 393 408 459
802 394 404 459
802 395 399 459
802 396 396 459
802 397 394 460
802 398 391 460
802 399 388 461
802 400 384 462
802 401 381 462
802 402 379 462
802 403 375 463
802 404 372 465
802 405 368 463
802 406 366 467
802 407 363 465
802 408 359 465
802 409 355 465
802 410 352 465
802 411 349 468
802 412 345 466
802 413 341 466
802 414 332 467
802 415 330 468
802 416 330 467
802 417 327 467
802 418 317 467
802 419 314 469
802 420 311 467
802 421 307 467
802 422 304 467
802 423 300 467
802 424 295 470
802 425 290 467
802 426 284 470
802 427 279 468
802 428 274 470
802 429 269 470
802 430 263 468
802 431 256 467
802 432 252 470
802 433 246 467
802 434 242 468
802 435 236 468
802 436 231 468
802 437 227 469
802 438 225 471
802 439 218 469
802 440 213 469
802 441 209 469
802 442 205 469
802 443 199 470
802 444 198 471
802 445 192 471
802 446 187 471
802 447 179 471
802 448 174 471
802 449 164 471
802 450 158 471
802 451 150 472
802 452 148 473
991 587 367 261
991 588 376 261
991 589 376 261
991 590 389 263
991 591 401 264
991 592 412 265
991 593 422 265
991 594 436 266
991 595 449 267
991 596 462 269
991 597 468 269
991 598 475 270
991 599 483 270
991 600 489 274
1011 606 539 366
1011 607 538 367
1011 608 535 369
1011 609 530 369
1011 610 528 371
1011 611 524 372
1011 612 523 373
1011 613 521 374
1011 614 516 375
1011 615 514 377
1011 616 511 377
1011 617 512 376
1011 618 508 380
1011 619 507 380
1011 620 505 379
1011 621 503 381
1011 622 504 378
1011 623 501 382
1011 624 500 384
1011 625 497 385
1011 626 496 384
1011 627 492 386
1011 628 490 387
1011 629 490 387
1011 630 489 389
1011 631 487 390
1011 632 484 389
1011 633 485 391
1011 634 481 392
1011 635 479 391
1011 636 476 392
1011 637 478 393
1011 638 477 387
1011 639 477 390
1074 681 258 301
1074 682 259 305
1074 683 262 301
1074 684 263 305
1074 685 266 307
1074 686 269 304
1074 687 269 303
1074 688 272 305
1074 689 275 302
1074 690 275 301
1074 691 277 302
1074 692 281 300
1074 693 282 299
1074 694 283 303
1074 695 284 302
1074 696 287 298
1074 697 288 303
1074 698 291 300
1074 699 291 296
1074 700 293 295
1074 701 295 295
1074 702 297 295
1074 703 298 297
1074 704 300 295
1074 705 302 295
1074 706 305 295
1074 707 306 291
1074 708 307 291
1074 709 309 290
1074 710 311 290
1074 711 312 288
1074 712 314 289
1074 713 315 288
1074 714 319 287
1074 715 320 284
1074 716 319 285
1074 717 322 286
1074 718 322 286
1074 719 324 286
1074 720 325 286
1074 721 327 285
1074 722 328 284
1074 723 329 282
1074 724 331 282
1074 725 331 281
1074 726 331 283
1074 727 334 282
1074 728 335 281
1074 729 334 281
1074 730 338 281
1074 731 336 280
1074 732 337 280
1074 733 339 281
1074 734 338 277
1074 735 338 279
1074 736 339 279
1102 710 271 430
1102 711 268 434
1102 712 269 434
1102 713 264 433
1102 714 255 433
1102 715 255 437
1102 716 253 436
1102 717 248 433
1102 718 244 438
1102 719 241 435
1102 720 237 435
1102 721 236 439
1102 722 230 439
1102 723 225 442
1102 724 225 442
1102 725 218 443
1102 726 217 440
1102 727 214 442
1102 728 214 443
1102 729 210 444
1102 730 203 443
1102 731 200 445
1102 732 197 444
1102 733 196 445
1102 734 191 447
1102 735 188 447
1102 736 186 445
1102 737 181 447
1102 738 176 449
1102 739 172 447
1102 740 172 448
1102 741 172 453
1116 729 509 406
1116 730 506 406
1116 731 507 400
1116 732 508 398
1116 733 503 398
1116 734 497 399
1116 735 493 400
1116 736 492 398
1116 737 486 399
1116 738 485 399
1116 739 480 400
1116 740 476 400
1116 741 472 401
1116 742 468 401
1116 743 462 402
1116 744 461 400
1116 745 458 401
1116 746 454 401
1116 747 452 402
1116 748 448 398
1116 749 445 402
1116 750 440 401
1116 751 436 405
1116 752 435 400
1116 753 430 402
1116 754 426 404
1116 755 423 406
1116 756 417 405
1116 757 415 405
1116 758 411 409
1116 759 408 406
1116 760 406 406
1116 761 400 407
1116 762 398 409
1116 763 394 407
1116 764 390 407
1116 765 385 411
1116 766 383 408
1116 767 377 410
1116 768 375 408
1116 769 371 409
1116 770 367 409
1116 771 363 409
1116 772 359 410
1116 773 356 410
1116 774 352 412
1116 775 348 410
1116 776 344 414
1116 777 341 411
1116 778 336 415
1116 779 332 412
1116 780 329 415
1116 781 328 413
1116 782 319 416
1116 783 316 415
1116 784 314 416
1116 785 312 416
1116 786 302 418
1116 787 301 418
1116 788 300 417
1116 789 293 416
1116 790 289 417
1116 791 289 418
1186 797 232 413
1186 798 230 419
1186 799 226 420
1186 800 220 424
1186 801 213 422
1186 802 210 424
1186 803 203 421
1186 804 198 422
1186 805 196 422
1186 806 190 425
1186 807 184 423
1186 808 182 423
1186 809 176 423
1186 810 171 424
1186 811 168 424
1186 812 164 423
1186 813 161 424
1186 814 155 424
1186 815 148 424
1186 816 145 424
1186 817 144 426
1186 818 140 424
1186 819 137 425
1186 820 134 425
1186 821 128 428
1186 822 124 427
1186 823 122 425
1186 824 118 427
1186 825 120 434
1378 1100 205 369
1378 1101 208 367
1378 1102 206 370
1378 1103 208 372
1378 1104 211 372
1378 1105 209 370
1378 1106 210 372
1378 1107 210 372
1378 1108 213 372
1378 1109 215 375
1378 1110 216 375
1378 1111 220 376
1378 1112 228 374
1378 1113 231 375
1378 1114 237 373
1378 1115 244 373
1378 1116 248 375
1378 1117 251 371
1378 1118 254 374
1378 1119 257 372
1378 1120 261 372
1378 1121 264 366
1378 1122 269 371
1378 1123 272 367
1378 1124 275 368
1378 1125 277 366
1378 1126 279 365
1378 1127 281 362
1378 1128 283 363
1378 1129 287 363
1378 1130 289 364
1378 1131 292 362
1378 1132 294 359
1378 1133 294 361
1378 1134 296 360
1378 1135 296 356
1378 1136 298 354
1378 1137 297 356
1378 1138 299 357
1378 1139 299 363
1397 1114 480 265
1397 1115 470 265
1397 1116 457 265
1397 1117 442 262
1397 1118 423 260
1397 1119 405 258
1397 1120 391 258
1397 1121 371 256
1397 1122 356 255
1397 1123 339 254
1397 1124 327 252
1397 1125 310 251
1397 1126 297 250
1397 1127 286 249
1397 1128 274 248
1397 1129 262 248
1397 1130 255 247
1397 1131 247 246
1442 1153 150 278
1442 1154 147 273
1442 1155 142 276
1442 1156 136 278
1442 1157 135 280
1442 1158 130 281
1442 1159 126 284
1442 1160 120 285
1442 1161 116 287
1442 1162 109 289
1442 1163 106 293
1442 1164 99 295
1442 1165 93 297
1442 1166 88 300
1442 1167 81 301
1442 1168 77 303
1442 1169 71 304
1442 1170 62 310
1442 1171 64 310
1442 1172 58 311
1442 1173 51 314
1442 1174 47 316
1442 1175 45 318
1442 1176 39 320
1442 1177 37 322
1442 1178 32 322
1442 1179 28 325
1442 1180 26 326
1442 1181 27 328
1442 1182 25 331
1442 1183 20 330
1442 1184 18 331
1442 1185 16 333
1442 1186 17 332
1442 1187 14 334
1442 1188 8 328
1442 1189 6 331
1640 1460 276 294
1640 1461 276 291
1640 1462 274 290
1640 1463 271 290
1640 1464 268 292
1640 1465 267 293
1640 1466 263 292
1640 1467 261 292
1640 1468 259 293
1640 1469 256 294
1640 1470 253 294
1640 1471 252 294
1640 1472 247 294
1640 1473 246 295
1640 1474 246 295
1640 1475 242 296
1640 1476 239 299
1640 1477 238 297
1640 1478 234 297
1640 1479 231 298
1640 1480 230 299
1640 1481 225 299
1640 1482 223 300
1640 1483 221 300
1640 1484 218 301
1640 1485 214 302
1640 1486 213 301
1640 1487 209 302
1640 1488 206 302
1640 1489 204 303
1640 1490 201 303
1640 1491 197 303
1640 1492 197 303
1640 1493 195 304
1640 1494 190 305
1640 1495 185 306
1640 1496 182 307
1640 1497 175 308
1640 1498 169 309
1640 1499 164 310
1640 1500 161 310
1640 1501 154 311
1640 1502 150 311
1640 1503 146 311
1640 1504 142 314
1640 1505 136 314
1640 1506 133 313
1640 1507 127 313
1640 1508 125 314
1640 1509 120 313
1640 1510 118 312
1640 1511 114 314
1640 1512 111 312
1640 1513 108 312
1640 1514 105 312
1640 1515 103 312
1640 1516 101 311
1642 1522 78 324
1642 1523 78 325
1642 1524 77 322
1642 1525 74 323
1642 1526 72 324
1642 1527 69 326
1642 1528 64 325
1642 1529 63 326
1642 1530 58 326
1642 1531 57 326
1642 1532 54 326
1642 1533 51 327
1642 1534 47 328
1642 1535 42 329
1642 1536 42 328
1642 1537 40 329
1642 1538 36 330
1642 1539 33 330
1642 1540 26 331
1642 1541 23 333
1642 1542 24 333
1642 1543 23 333
1642 1544 19 333
1642 1545 16 335
1642 1546 13 334
1642 1547 11 335
1642 1548 5 335
1642 1549 6 337
1642 1550 5 338
1642 1551 3 344
1655 1628 481 265
1655 1629 474 264
1655 1630 467 262
1655 1631 449 261
1655 1632 434 261
1655 1633 426 259
1655 1634 413 258
1655 1635 399 257
1655 1636 386 257
1655 1637 372 255
1655 1638 361 254
1655 1639 350 253
1655 1640 354 254
1669 1681 362 476
1669 1682 360 474
1669 1683 349 473
1669 1684 340 469
1669 1685 341 460
1669 1686 334 459
1669 1687 327 459
1669 1688 321 456
1669 1689 315 454
1669 1690 308 454
1669 1691 304 452
1669 1692 302 446
1669 1693 309 447
1716 1740 111 474
1716 1741 114 471
1716 1742 119 473
1716 1743 118 471
1716 1744 121 464
1716 1745 124 464
1716 1746 125 464
1716 1747 132 464
1716 1748 133 463
1716 1749 139 465
1716 1750 143 465
1716 1751 146 466
1716 1752 151 466
1716 1753 153 466
1716 1754 157 466
1716 1755 161 466
1716 1756 163 466
1716 1757 169 467
1716 1758 170 467
1716 1759 177 468
1716 1760 179 468
1716 1761 185 467
1716 1762 185 468
1716 1763 190 468
1716 1764 193 467
1716 1765 198 468
1716 1766 203 467
1716 1767 209 469
1716 1768 213 469
1716 1769 214 468
1716 1770 219 469
1716 1771 222 469
1716 1772 226 468
1716 1773 230 468
1716 1774 235 469
1716 1775 239 469
1716 1776 242 469
1716 1777 247 469
1716 1778 251 469
1716 1779 255 469
1716 1780 259 469
1716 1781 263 469
1716 1782 267 469
1716 1783 272 470
1716 1784 275 469
1716 1785 279 469
1716 1786 283 469
1716 1787 289 469
1716 1788 291 469
1716 1789 294 469
1716 1790 298 470
1716 1791 304 470
1716 1792 309 470
1716 1793 314 470
1716 1794 316 470
1716 1795 322 470
1716 1796 328 471
1716 1797 330 470
1716 1798 333 471
1716 1799 337 471
1716 1800 342 471
1716 1801 346 471
1716 1802 350 471
1716 1803 356 471
1716 1804 361 471
1716 1805 362 471
1719 1742 280 414
1719 1743 279 421
1719 1744 284 419
1719 1745 286 420
1719 1746 289 418
1719 1747 292 417
1719 1748 297 417
1719 1749 302 415
1719 1750 304 413
1719 1751 308 413
1719 1752 310 413
1719 1753 317 411
1719 1754 320 410
1719 1755 323 409
1719 1756 325 409
1719 1757 332 405
1719 1758 337 406
1719 1759 339 404
1719 1760 340 404
1719 1761 346 401
1719 1762 350 400
1719 1763 352 399
1719 1764 354 399
1719 1765 360 398
1719 1766 362 395
1719 1767 367 394
1719 1768 370 396
1719 1769 371 400
1747 1771 369 260
1747 1772 371 260
1747 1773 379 259
1747 1774 389 261
1747 1775 397 262
1747 1776 406 262
1747 1777 414 264
1747 1778 424 265
1747 1779 434 266
1747 1780 442 266
1747 1781 449 267
1747 1782 458 267
1747 1783 465 267
1747 1784 471 267
1747 1785 474 268
1747 1786 477 269
1747 1787 482 270
1747 1788 490 274
1747 1789 490 276
1762 1785 253 423
1762 1786 254 422
1762 1787 255 421
1762 1788 257 419
1762 1789 259 418
1762 1790 259 418
1762 1791 261 415
1762 1792 262 420
1762 1793 263 413
1762 1794 265 407
1762 1795 266 412
1762 1796 266 411
1762 1797 269 408
1762 1798 270 414
1762 1799 271 409
1762 1800 273 407
1762 1801 274 409
1762 1802 277 403
1762 1803 277 404
1762 1804 277 406
1762 1805 281 403
1762 1806 281 401
1762 1807 282 397
1762 1808 286 398
1762 1809 288 394
1762 1810 290 394
1762 1811 291 389
1762 1812 293 390
1762 1813 296 388
1762 1814 298 387
1762 1815 300 384
1762 1816 302 387
1762 1817 304 385
1762 1818 306 384
1762 1819 306 382
1762 1820 309 383
1762 1821 311 379
1762 1822 312 379
1762 1823 315 376
1762 1824 317 376
1762 1825 319 376
1762 1826 321 374
1762 1827 324 373
1762 1828 324 371
1762 1829 326 372
1762 1830 328 371
1762 1831 329 370
1762 1832 332 370
1762 1833 334 370
1762 1834 334 368
1762 1835 338 363
1762 1836 340 366
1762 1837 341 367
1762 1838 342 365
1762 1839 345 366
1762 1840 345 366
1762 1841 343 369
1811 1816 198 247
1811 1817 213 248
1811 1818 223 249
1811 1819 242 250
1811 1820 260 251
1811 1821 281 252
1811 1822 306 254
1811 1823 325 256
1811 1824 344 259
1811 1825 364 261
1811 1826 387 263
1811 1827 407 264
1811 1828 422 265
1811 1829 441 267
1811 1830 459 268
1811 1831 469 270
1811 1832 478 270
2126 2064 486 267
2126 2065 482 265
2126 2066 476 265
2126 2067 470 265
2126 2068 461 265
2126 2069 450 264
2126 2070 438 262
2126 2071 428 261
2126 2072 414 260
2126 2073 403 259
2126 2074 391 257
2126 2075 380 257
2126 2076 370 257
2126 2077 358 255
2126 2078 345 255
2126 2079 333 254
2126 2080 324 252
2126 2081 313 252
2126 2082 303 252
2126 2083 292 251
2126 2084 282 249
2126 2085 274 249
2126 2086 264 248
2126 2087 254 247
2126 2088 249 246
2140 2093 119 281
2140 2094 123 276
2140 2095 121 273
2140 2096 117 274
2140 2097 120 276
2140 2098 109 277
2140 2099 116 278
2140 2100 117 277
2140 2101 116 277
2140 2102 114 277
2140 2103 111 278
2140 2104 104 283
2140 2105 100 284
2140 2106 97 286
2140 2107 92 285
2140 2108 96 283
2140 2109 90 289
2140 2110 87 290
2140 2111 84 291
2140 2112 80 294
2140 2113 77 292
2140 2114 74 295
2140 2115 71 292
2140 2116 67 300
2140 2117 64 302
2140 2118 59 304
2140 2119 56 305
2140 2120 53 307
2140 2121 48 310
2140 2122 44 313
2140 2123 39 314
2140 2124 36 317
2140 2125 31 319
2140 2126 27 323
2140 2127 25 325
2140 2128 22 327
2140 2129 21 330
2140 2130 18 331
2140 2131 17 327
2140 2132 13 331
2140 2133 12 333
2140 2134 9 334
2140 2135 7 338
2140 2136 4 344
2166 2174 281 255
2166 2175 287 253
2166 2176 300 255
2166 2177 314 255
2166 2178 318 255
2166 2179 332 258
2166 2180 348 260
2166 2181 366 260
2166 2182 383 263
2166 2183 401 264
2166 2184 417 266
2166 2185 433 266
2166 2186 451 268
2166 2187 464 270
2166 2188 471 270
2166 2189 484 272
2167 2190 250 248
2167 2191 251 248
2167 2192 262 250
2167 2193 277 250
2167 2194 292 251
2167 2195 307 252
2167 2196 320 253
2167 2197 344 256
2167 2198 369 258
2167 2199 392 261
2167 2200 417 262
2167 2201 445 264
2167 2202 465 267
2167 2203 475 266
2270 2335 340 255
2270 2336 353 259
2270 2337 367 260
2270 2338 394 262
2270 2339 413 264
2270 2340 432 265
2270 2341 449 267
2270 2342 460 267
2270 2343 466 268
2270 2344 477 268
2270 2345 484 269
2303 2400 59 409
2303 2401 59 409
2303 2402 61 415
2303 2403 61 419
2303 2404 55 419
2303 2405 57 424
2303 2406 53 420
2303 2407 51 416
2303 2408 52 426
2303 2409 49 431
2303 2410 47 434
2303 2411 44 436
2303 2412 41 438
2303 2413 38 443
2303 2414 36 444
2303 2415 35 446
2303 2416 33 449
2303 2417 30 452
2303 2418 28 454
2303 2419 24 457
2303 2420 23 459
2303 2421 18 459
2303 2422 19 462
2303 2423 15 464
2303 2424 11 463
2303 2425 7 461
2308 2410 479 265
2308 2411 463 264
2308 2412 440 261
2308 2413 414 259
2308 2414 389 257
2308 2415 363 255
2308 2416 338 251
2308 2417 311 251
2308 2418 287 249
2308 2419 267 246
2359 2539 485 265
2359 2540 480 263
2359 2541 471 262
2359 2542 459 262
2359 2543 448 260
2359 2544 437 260
2359 2545 425 257
2359 2546 413 256
2359 2547 402 256
2359 2548 391 255
2359 2549 379 254
2359 2550 367 254
2359 2551 355 252
2359 2552 345 252
2359 2553 335 251
2359 2554 330 250
2362 2550 483 269
2362 2551 483 266
2362 2552 478 264
2362 2553 472 264
2362 2554 465 263
2362 2555 452 262
2362 2556 442 262
2362 2557 434 260
2362 2558 420 258
2362 2559 409 258
2362 2560 398 257
2362 2561 386 256
2362 2562 379 256
2362 2563 367 255
2362 2564 357 255
2362 2565 349 254
2438 2724 462 257
2438 2725 442 260
2438 2726 442 259
2438 2727 432 260
2438 2728 417 259
2438 2729 402 254
2438 2730 387 252
2438 2731 372 250
2438 2732 353 249
2438 2733 352 246
2439 2725 509 400
2439 2726 502 400
2439 2727 501 401
2439 2728 499 399
2439 2729 494 401
2439 2730 491 402
2439 2731 489 403
2439 2732 485 403
2439 2733 484 405
2439 2734 480 404
2439 2735 473 406
2439 2736 467 408
2439 2737 463 408
2439 2738 459 410
2439 2739 457 410
2439 2740 453 410
2439 2741 450 411
2439 2742 446 414
2439 2743 444 414
2439 2744 441 416
2439 2745 437 416
2439 2746 434 419
2439 2747 430 419
2439 2748 427 418
2439 2749 424 421
2439 2750 422 423
2439 2751 420 423
2439 2752 417 423
2439 2753 414 426
2439 2754 413 428
2439 2755 409 429
2439 2756 405 430
2439 2757 405 435
2439 2758 403 431
2439 2759 397 433
2439 2760 389 435
2439 2761 381 439
2439 2762 379 440
2439 2763 375 440
2439 2764 369 444
2439 2765 367 444
2439 2766 363 445
2439 2767 356 445
2439 2768 353 447
2439 2769 349 447
2439 2770 342 449
2439 2771 338 450
2439 2772 332 451
2439 2773 327 451
2439 2774 323 452
2439 2775 321 454
2439 2776 316 456
2439 2777 311 455
2439 2778 310 455
2439 2779 308 455
2439 2780 303 456
2439 2781 295 456
2439 2782 294 457
2439 2783 290 458
2439 2784 287 459
2439 2785 282 458
2439 2786 278 460
2439 2787 273 460
2439 2788 272 461
2439 2789 267 460
2439 2790 258 461
2439 2791 253 461
2509 2791 64 330
2509 2792 71 327
2509 2793 75 317
2509 2794 78 315
2509 2795 84 312
2509 2796 89 309
2509 2797 95 306
2509 2798 101 302
2509 2799 105 300
2509 2800 116 298
2509 2801 121 296
2509 2802 117 302
2584 2884 377 394
2584 2885 378 388
2584 2886 375 388
2584 2887 373 386
2584 2888 367 386
2584 2889 366 387
2584 2890 365 387
2584 2891 361 386
2584 2892 356 386
2584 2893 354 387
2584 2894 353 387
2584 2895 350 386
2584 2896 343 386
2584 2897 341 387
2584 2898 341 388
2584 2899 337 387
2584 2900 333 385
2584 2901 328 387
2584 2902 327 387
2584 2903 323 388
2584 2904 319 388
2584 2905 317 389
2584 2906 316 387
2584 2907 311 387
2584 2908 306 386
2584 2909 303 387
2584 2910 304 387
2584 2911 301 388
2584 2912 294 386
2584 2913 292 387
2584 2914 291 387
2584 2915 288 387
2584 2916 284 386
2584 2917 282 386
2584 2918 280 386
2584 2919 278 387
2584 2920 273 387
2584 2921 270 384
2584 2922 267 387
2584 2923 266 386
2584 2924 261 384
2584 2925 259 385
2584 2926 257 384
2584 2927 254 385
2584 2928 249 386
2584 2929 247 384
2584 2930 246 383
2584 2931 244 382
2584 2932 240 381
2584 2933 238 383
2584 2934 235 381
2584 2935 233 381
2584 2936 228 387
2723 3187 201 283
2723 3188 204 283
2723 3189 205 283
2723 3190 209 281
2723 3191 211 282
2723 3192 216 285
2723 3193 217 283
2723 3194 219 286
2723 3195 221 284
2723 3196 223 286
2723 3197 224 285
2723 3198 227 284
2723 3199 229 288
2723 3200 231 288
2723 3201 234 287
2723 3202 235 289
2723 3203 238 290
2723 3204 239 289
2723 3205 241 291
2723 3206 243 291
2723 3207 244 289
2723 3208 246 292
2723 3209 247 292
2723 3210 249 293
2723 3211 251 291
2723 3212 252 292
2723 3213 253 292
2723 3214 254 293
2723 3215 256 295
2723 3216 258 293
2723 3217 259 293
2723 3218 260 295
2723 3219 262 293
2723 3220 263 293
2723 3221 267 296
2723 3222 267 297
2723 3223 269 295
2723 3224 271 295
2723 3225 273 298
2723 3226 274 297
2723 3227 276 299
2723 3228 278 298
2723 3229 279 300
2723 3230 282 300
2723 3231 283 301
2723 3232 285 300
2723 3233 285 299
2723 3234 288 301
2723 3235 290 303
2723 3236 292 300
2723 3237 292 303
2723 3238 295 302
2723 3239 297 303
2723 3240 299 301
2723 3241 301 304
2723 3242 303 302
2723 3243 304 304
2723 3244 306 305
2723 3245 308 305
2723 3246 309 306
2723 3247 312 306
2723 3248 314 303
2723 3249 316 304
2723 3250 318 304
2723 3251 319 305
2723 3252 323 305
2723 3253 324 305
2723 3254 326 306
2723 3255 327 309
2723 3256 331 306
2723 3257 332 308
2723 3258 334 311
2723 3259 337 310
2723 3260 339 309
2723 3261 340 313
2723 3262 341 314
2723 3263 345 312
2723 3264 347 313
2723 3265 349 314
2723 3266 350 314
2723 3267 353 313
2723 3268 356 314
2723 3269 358 317
2723 3270 359 313
2723 3271 362 318
2723 3272 364 317
2723 3273 367 315
2723 3274 369 318
2723 3275 375 319
2723 3276 378 318
2723 3277 382 319
2723 3278 385 321
2723 3279 387 322
2723 3280 390 323
2723 3281 391 324
2723 3282 395 325
2723 3283 398 322
2723 3284 402 325
2723 3285 405 326
2723 3286 409 328
2723 3287 415 328
2723 3288 418 329
2723 3289 420 330
2723 3290 425 329
2723 3291 428 332
2723 3292 432 331
2723 3293 434 332
2723 3294 438 332
2723 3295 441 333
2723 3296 444 334
2723 3297 447 336
2723 3298 451 335
2723 3299 453 334
2723 3300 456 334
2723 3301 458 336
2723 3302 462 334
2723 3303 464 335
2723 3304 466 338
2723 3305 470 339
2723 3306 475 338
2723 3307 479 341
2723 3308 483 340
2723 3309 484 343
2723 3310 487 341
2723 3311 493 344
2826 3417 34 450
2826 3418 37 448
2826 3419 38 448
2826 3420 38 450
2826 3421 39 448
2826 3422 39 446
2826 3423 39 447
2826 3424 39 445
2826 3425 40 442
2826 3426 40 443
2826 3427 41 441
2826 3428 45 441
2826 3429 46 440
2826 3430 47 440
2826 3431 47 438
2826 3432 48 438
2826 3433 48 437
2826 3434 48 437
2826 3435 48 435
2826 3436 48 433
2826 3437 48 429
2826 3438 48 432
2826 3439 49 433
2826 3440 48 429
2826 3441 50 431
2826 3442 51 430
2826 3443 52 428
2826 3444 53 428
2826 3445 54 426
2826 3446 54 426
2826 3447 54 424
2826 3448 54 422
2826 3449 54 423
2826 3450 54 423
2826 3451 54 421
2826 3452 55 418
2826 3453 54 420
2826 3454 55 419
2826 3455 55 417
2826 3456 58 415
2826 3457 60 416
2826 3458 59 414
2826 3459 61 415
2826 3460 63 413
2826 3461 63 413
2826 3462 62 412
2826 3463 63 411
2826 3464 61 409
2826 3465 62 410
2826 3466 62 409
2826 3467 63 409
2826 3468 64 407
2826 3469 65 408
2826 3470 66 405
2826 3471 65 405
2826 3472 66 404
2826 3473 67 405
2826 3474 67 404
2826 3475 66 401
2826 3476 67 399
2826 3477 66 399
2826 3478 68 397
2826 3479 69 399
2826 3480 70 395
2826 3481 71 396
2826 3482 71 394
2826 3483 69 393
2826 3484 67 393
2826 3485 67 393
2826 3486 66 393
2826 3487 65 392
2826 3488 66 392
2826 3489 65 390
2826 3490 67 391
2826 3491 67 388
2826 3492 68 389
2826 3493 67 386
2826 3494 68 386
2826 3495 67 386
2826 3496 67 385
2826 3497 66 386
2826 3498 66 381
2826 3499 65 381
2826 3500 66 382
2826 3501 69 381
2826 3502 73 381
2826 3503 71 379
2826 3504 70 380
2826 3505 70 378
2826 3506 69 376
2826 3507 67 376
2826 3508 68 376
2826 3509 70 376
2826 3510 70 375
2826 3511 70 375
2826 3512 71 373
2826 3513 72 372
2844 3432 487 266
2844 3433 481 265
2844 3434 470 265
2844 3435 459 263
2844 3436 439 261
2844 3437 421 260
2844 3438 412 258
2844 3439 398 259
2844 3440 382 257
2844 3441 364 255
2844 3442 365 254
2903 3510 484 263
2903 3511 477 263
2903 3512 470 262
2903 3513 455 261
2903 3514 443 259
2903 3515 432 259
2903 3516 417 257
2903 3517 402 256
2903 3518 391 254
2903 3519 372 253
2903 3520 357 252
2903 3521 351 251
2903 3522 340 250
2903 3523 325 249
2903 3524 314 248
2903 3525 297 246
3295 3926 489 279
3295 3927 489 278
3295 3928 487 267
3295 3929 480 263
3295 3930 472 261
3295 3931 463 261
3295 3932 453 259
3295 3933 445 260
3295 3934 436 259
3295 3935 426 258
3295 3936 419 258
3295 3937 413 257
3295 3938 407 257
3295 3939 403 256
3295 3940 394 256
3295 3941 396 255
3454 4074 317 325
3454 4075 324 327
3454 4076 329 329
3454 4077 339 331
3454 4078 340 330
3454 4079 347 331
3454 4080 355 333
3454 4081 364 335
3454 4082 373 337
3454 4083 380 338
3454 4084 387 340
3454 4085 397 341
3454 4086 406 343
3454 4087 407 344
3454 4088 409 353
3462 4090 452 352
3462 4091 452 351
3462 4092 468 354
3462 4093 493 356
3462 4094 518 360
3462 4095 533 362
3462 4096 545 364
3462 4097 557 365
3462 4098 574 366
3462 4099 566 366
3761 4685 481 267
3761 4686 476 265
3761 4687 465 265
3761 4688 450 263
3761 4689 436 262
3761 4690 411 259
3761 4691 388 257
3761 4692 370 256
3761 4693 349 254
3761 4694 342 253
3825 4768 342 258
3825 4769 351 260
3825 4770 342 259
3825 4771 352 260
3825 4772 361 260
3825 4773 370 262
3825 4774 380 262
3825 4775 390 263
3825 4776 401 265
3825 4777 410 265
3825 4778 419 265
3825 4779 430 266
3825 4780 441 267
3825 4781 452 268
3825 4782 461 268
3825 4783 467 270
3825 4784 473 270
3825 4785 477 271
3825 4786 484 273
3825 4787 489 273
4662 5788 33 309
4662 5789 37 305
4662 5790 40 302
4662 5791 40 299
4662 5792 46 299
4662 5793 55 304
4662 5794 53 305
4662 5795 52 304
4662 5796 62 302
4662 5797 61 308
4662 5798 58 311
4662 5799 54 314
4662 5800 51 316
4662 5801 46 317
4662 5802 42 317
4662 5803 41 319
4662 5804 38 321
4662 5805 33 322
4662 5806 30 324
4662 5807 25 325
4662 5808 22 328
4662 5809 20 328
4662 5810 15 329
4662 5811 12 331
4662 5812 10 333
4662 5813 8 334
4662 5814 7 336
4662 5815 5 338
4662 5816 4 340
4672 5792 373 257
4672 5793 401 262
4672 5794 424 263
4672 5795 440 263
4672 5796 456 266
4672 5797 467 266
4672 5798 469 267
4672 5799 479 269
4672 5800 481 276
5025 5990 290 317
5025 5991 293 312
5025 5992 295 307
5025 5993 296 311
5025 5994 298 313
5025 5995 299 312
5025 5996 302 310
5025 5997 305 314
5025 5998 305 312
5025 5999 306 315
5025 6000 308 312
5025 6001 312 314
5025 6002 313 313
5025 6003 313 314
5025 6004 316 315
5025 6005 321 317
5025 6006 323 312
5025 6007 327 315
5025 6008 329 317
5025 6009 334 313
5025 6010 334 318
5025 6011 338 317
5025 6012 341 318
5025 6013 343 319
5025 6014 349 320
5025 6015 349 325
5025 6016 353 320
5025 6017 356 319
5025 6018 359 321
5025 6019 363 321
5025 6020 365 321
5025 6021 370 322
5025 6022 375 322
5025 6023 378 323
5025 6024 384 323
5025 6025 386 324
5025 6026 390 320
5025 6027 392 324
5025 6028 398 325
5025 6029 402 325
5025 6030 402 325
5025 6031 406 325
5025 6032 409 325
5025 6033 412 326
5025 6034 415 326
5025 6035 418 327
5025 6036 420 326
5025 6037 422 324
5025 6038 425 324
5025 6039 428 327
5025 6040 430 328
5025 6041 432 325
5077 6013 141 439
5077 6014 136 435
5077 6015 138 437
5077 6016 139 436
5077 6017 137 438
5077 6018 141 439
5077 6019 141 435
5077 6020 147 441
5077 6021 151 443
5077 6022 149 445
5077 6023 155 447
5077 6024 157 449
5077 6025 161 450
5077 6026 165 451
5077 6027 168 451
5077 6028 171 452
5077 6029 174 453
5077 6030 176 454
5077 6031 177 454
5077 6032 182 457
5077 6033 186 457
5077 6034 187 459
5077 6035 188 459
5077 6036 190 460
5077 6037 192 461
5077 6038 194 462
5077 6039 194 462
5077 6040 198 462
5077 6041 200 463
5077 6042 202 464
5077 6043 202 466
5077 6044 205 464
5077 6045 206 466
5077 6046 205 465
5077 6047 207 466
5077 6048 210 467
5077 6049 210 467
5077 6050 214 468
5077 6051 219 469
5077 6052 223 471
5077 6053 225 471
5077 6054 229 472
5077 6055 234 472
5077 6056 235 473
5077 6057 238 474
5077 6058 240 475
5077 6059 242 475
5077 6060 245 475
5376 6197 485 267
5376 6198 478 264
5376 6199 469 263
5376 6200 457 263
5376 6201 439 259
5376 6202 423 260
5376 6203 406 258
5376 6204 392 257
5376 6205 378 255
5376 6206 360 254
5376 6207 342 252
5376 6208 325 252
5376 6209 304 249
5376 6210 289 249
5376 6211 284 248
5376 6212 268 247
5376 6213 258 246
5664 6376 283 320
5664 6377 284 326
5664 6378 287 325
5664 6379 287 327
5664 6380 287 327
5664 6381 290 327
5664 6382 291 328
5664 6383 293 328
5664 6384 295 328
5664 6385 297 332
5664 6386 298 330
5664 6387 301 328
5664 6388 300 328
5664 6389 300 328
5664 6390 305 324
5664 6391 306 329
5664 6392 308 328
5664 6393 307 331
5664 6394 310 329
5664 6395 312 330
5664 6396 316 328
5664 6397 314 329
5664 6398 316 333
5664 6399 317 333
5664 6400 318 331
5664 6401 322 333
5664 6402 320 334
5664 6403 324 335
5664 6404 325 331
5664 6405 328 330
5664 6406 330 337
5664 6407 333 338
5664 6408 335 336
5664 6409 338 337
5664 6410 340 339
5664 6411 344 339
5664 6412 346 332
5664 6413 346 332
5664 6414 349 338
5664 6415 353 339
5664 6416 354 339
5664 6417 357 337
5664 6418 359 340
5664 6419 360 339
5664 6420 364 341
5664 6421 366 341
5664 6422 368 343
5664 6423 372 340
5664 6424 371 339
5664 6425 373 337
5664 6426 373 344
5664 6427 375 344
5664 6428 376 346
5664 6429 378 346
5664 6430 381 347
5664 6431 382 344
5664 6432 385 343
5664 6433 385 347
5664 6434 387 348
5664 6435 388 342
5664 6436 390 341
5664 6437 392 344
5664 6438 393 347
5664 6439 396 346
5664 6440 397 348
5664 6441 399 346
5664 6442 400 347
5664 6443 403 350
5664 6444 403 345
5664 6445 405 345
5664 6446 407 347
5664 6447 409 347
5664 6448 410 348
5664 6449 410 343
5672 6380 539 422
5672 6381 541 426
5672 6382 539 430
5672 6383 539 429
5672 6384 538 434
5672 6385 532 432
5672 6386 529 431
5672 6387 525 432
5672 6388 527 428
5672 6389 521 433
5672 6390 519 436
5672 6391 519 435
5672 6392 514 437
5672 6393 512 438
5672 6394 509 441
5672 6395 505 440
5672 6396 502 444
5672 6397 500 444
5672 6398 498 442
5672 6399 494 447
5672 6400 491 445
5672 6401 488 447
5672 6402 487 448
5672 6403 483 447
5672 6404 479 449
5672 6405 476 449
5672 6406 468 451
5672 6407 465 454
5672 6408 461 455
5672 6409 454 454
5672 6410 450 458
5672 6411 445 459
5672 6412 439 459
5672 6413 438 460
5672 6414 432 460
5672 6415 426 460
5672 6416 422 461
5672 6417 417 463
5672 6418 413 463
5672 6419 408 463
5672 6420 403 465
5672 6421 398 463
5672 6422 394 463
5672 6423 387 466
5672 6424 387 470
5672 6425 385 466
5672 6426 382 466
5672 6427 377 467
5672 6428 371 467
5672 6429 368 467
5672 6430 363 467
5672 6431 359 468
5672 6432 356 469
5672 6433 352 469
5672 6434 349 469
5672 6435 344 470
5672 6436 339 470
5672 6437 333 470
5672 6438 329 471
5672 6439 327 471
5672 6440 324 473
5672 6441 320 473
5672 6442 315 473
5672 6443 312 474
5672 6444 307 474
5672 6445 302 474
5672 6446 298 475
5672 6447 295 476
5890 6480 436 348
5890 6481 436 354
5890 6482 441 349
5890 6483 443 351
5890 6484 445 348
5890 6485 448 352
5890 6486 452 348
5890 6487 456 350
5890 6488 459 350
5890 6489 462 349
5890 6490 465 349
5890 6491 467 348
5890 6492 470 349
5890 6493 473 349
5890 6494 475 348
5890 6495 477 349
5890 6496 481 349
5890 6497 483 350
5890 6498 485 349
5890 6499 487 348
5890 6500 491 349
5890 6501 492 349
5890 6502 494 351
5890 6503 495 354
5890 6504 498 355
5890 6505 500 353
5890 6506 501 352
5890 6507 502 352
5890 6508 504 351
5890 6509 505 353
5890 6510 505 354
5890 6511 506 354
5890 6512 507 354
5890 6513 502 355
5890 6514 505 356
5890 6515 506 357
5890 6516 506 359
5890 6517 511 352
5890 6518 514 354
5890 6519 513 354
5890 6520 516 354
5890 6521 520 354
5890 6522 522 354
5890 6523 525 353
5890 6524 527 356
5890 6525 531 355
5890 6526 533 356
5890 6527 539 355
5890 6528 541 354
5890 6529 544 359
5890 6530 543 364
5890 6531 545 374
5890 6532 551 377
6049 6679 372 262
6049 6680 394 264
6049 6681 411 265
6049 6682 420 266
6049 6683 435 267
6049 6684 449 268
6049 6685 460 269
6049 6686 471 270
6049 6687 482 272
6049 6688 482 266
6049 6689 478 264
6049 6690 474 264
6049 6691 473 263
6049 6692 467 262
6049 6693 461 263
6049 6694 454 262
6049 6695 445 262
6049 6696 436 261
6049 6697 430 261
6049 6698 421 260
6049 6699 413 261
6049 6700 404 259
6049 6701 396 258
6049 6702 389 257
6049 6703 382 256
6049 6704 373 256
6049 6705 383 255
6071 6765 305 261
6071 6766 312 250
6071 6767 330 251
6071 6768 353 254
6071 6769 370 255
6071 6770 381 257
6071 6771 397 257
6071 6772 418 259
6071 6773 446 261
6071 6774 466 263
6096 6790 534 456
6096 6791 530 461
6096 6792 525 464
6096 6793 526 465
6096 6794 518 466
6096 6795 519 459
6096 6796 515 460
6096 6797 512 454
6096 6798 506 459
6096 6799 502 458
6096 6800 499 461
6096 6801 493 461
6096 6802 489 460
6096 6803 485 463
6096 6804 481 463
6096 6805 476 463
6096 6806 471 463
6096 6807 467 464
6096 6808 466 465
6096 6809 457 465
6096 6810 455 465
6096 6811 449 466
6096 6812 444 466
6096 6813 439 469
6096 6814 435 467
6096 6815 431 467
6096 6816 427 468
6096 6817 422 468
6096 6818 417 468
6096 6819 412 469
6096 6820 407 469
6096 6821 403 469
6096 6822 398 470
6096 6823 392 471
6096 6824 388 471
6096 6825 383 471
6096 6826 380 471
6401 7074 218 249
6401 7075 212 250
6401 7076 207 251
6401 7077 207 252
6401 7078 205 253
6401 7079 199 253
6401 7080 195 254
6401 7081 194 255
6401 7082 191 256
6401 7083 187 257
6401 7084 182 259
6401 7085 181 260
6401 7086 176 262
6401 7087 174 264
6401 7088 169 265
6401 7089 166 266
6401 7090 163 269
6401 7091 160 270
6401 7092 155 271
6401 7093 151 273
6401 7094 147 274
6684 7281 389 258
6684 7282 383 256
6684 7283 367 255
6684 7284 350 254
6684 7285 330 251
6684 7286 314 250
6684 7287 299 249
6684 7288 284 248
6684 7289 269 247
6684 7290 250 247
6684 7291 265 250
6684 7292 292 250
6684 7293 305 252
6684 7294 312 253
6684 7295 320 253
6684 7296 348 257
6684 7297 362 258
6684 7298 361 265
6685 7282 482 264
6685 7283 472 265
6685 7284 460 264
6685 7285 439 261
6685 7286 422 261
6685 7287 404 259
6685 7288 386 257
6685 7289 372 255
6685 7290 356 253
6685 7291 341 252
7098 7861 50 368
7098 7862 49 363
7098 7863 51 366
7098 7864 53 367
7098 7865 54 368
7098 7866 55 369
7098 7867 56 371
7098 7868 57 372
7098 7869 59 372
7098 7870 61 377
7098 7871 62 375
7098 7872 63 377
7098 7873 64 379
7098 7874 67 384
7098 7875 68 381
7098 7876 68 383
7098 7877 72 386
7098 7878 70 384
7098 7879 71 385
7098 7880 71 385
7098 7881 72 386
7098 7882 74 388
7098 7883 75 389
7098 7884 76 396
7098 7885 78 393
7098 7886 76 389
7098 7887 78 392
7098 7888 79 392
7098 7889 79 390
7098 7890 80 394
7098 7891 82 395
7098 7892 82 396
7098 7893 85 397
7098 7894 82 396
7098 7895 87 397
7098 7896 89 399
7098 7897 89 401
7098 7898 92 402
7098 7899 90 401
7098 7900 94 404
7098 7901 96 408
7098 7902 96 406
7098 7903 97 407
7098 7904 99 410
7098 7905 98 408
7098 7906 99 406
7098 7907 101 406
7148 7917 125 431
7148 7918 121 427
7148 7919 123 427
7148 7920 123 428
7148 7921 126 430
7148 7922 128 432
7148 7923 129 433
7148 7924 131 434
7148 7925 133 435
7148 7926 133 437
7148 7927 135 440
7148 7928 137 440
7148 7929 138 442
7148 7930 141 441
7148 7931 142 445
7148 7932 144 448
7148 7933 146 450
7148 7934 148 449
7148 7935 149 449
7148 7936 151 451
7148 7937 154 452
7148 7938 156 456
7148 7939 157 458
7148 7940 160 458
7148 7941 162 459
7148 7942 164 461
7148 7943 166 462
7148 7944 169 463
7148 7945 169 460
7281 8092 486 264
7281 8093 482 260
7281 8094 476 260
7281 8095 466 258
7281 8096 455 258
7281 8097 447 257
7281 8098 434 257
7281 8099 430 256
7281 8100 417 255
7281 8101 409 253
7281 8102 395 253
7281 8103 386 252
7281 8104 378 252
7281 8105 369 251
7281 8106 361 250
7281 8107 349 247
7281 8108 341 246
7281 8109 346 248
7281 8110 351 247
7281 8111 341 247
7281 8112 330 246
7644 8582 500 266
7644 8583 485 264
7644 8584 478 264
7644 8585 470 262
7644 8586 457 262
7644 8587 442 260
7644 8588 426 259
7644 8589 412 258
7644 8590 399 257
7644 8591 383 256
7644 8592 368 255
7644 8593 355 254
7644 8594 343 252
7644 8595 327 250
7644 8596 314 249
7644 8597 301 249
7644 8598 289 247
7644 8599 275 247
7786 8781 478 265
7786 8782 462 263
7786 8783 439 262
7786 8784 414 261
7786 8785 386 257
7786 8786 358 255
7786 8787 352 253
7917 8948 408 322
7917 8949 412 321
7917 8950 410 320
7917 8951 411 320
7917 8952 412 320
7917 8953 413 322
7917 8954 413 324
7917 8955 415 322
7917 8956 416 324
7917 8957 421 326
7917 8958 419 326
7917 8959 422 328
7917 8960 424 328
7917 8961 424 331
7917 8962 425 331
7917 8963 427 330
7917 8964 430 332
7917 8965 431 337
7917 8966 433 333
7917 8967 432 333
7917 8968 433 336
7917 8969 436 340
7917 8970 437 337
7917 8971 439 339
7917 8972 440 339
7917 8973 441 339
7917 8974 443 339
7917 8975 444 340
7917 8976 445 340
7917 8977 449 341
7917 8978 447 341
7917 8979 448 346
7917 8980 449 342
7917 8981 452 341
7917 8982 453 343
7917 8983 454 344
7917 8984 456 345
7917 8985 455 345
7917 8986 459 347
7917 8987 462 346
7917 8988 462 347
7917 8989 463 348
7917 8990 465 348
7917 8991 467 348
7917 8992 469 350
7917 8993 470 351
7917 8994 472 354
7917 8995 475 351
7917 8996 475 352
7917 8997 478 351
7917 8998 479 353
7917 8999 480 353
7917 9000 483 357
7917 9001 483 358
7917 9002 486 355
7917 9003 488 356
7917 9004 490 358
7917 9005 491 357
7917 9006 494 357
7917 9007 495 359
7917 9008 497 359
7917 9009 500 360
7917 9010 502 361
7917 9011 503 362
7917 9012 503 362
7917 9013 506 363
7917 9014 510 359
7917 9015 510 365
7917 9016 509 370
7924 8956 297 280
7924 8957 295 281
7924 8958 294 280
7924 8959 291 280
7924 8960 289 283
7924 8961 285 283
7924 8962 282 280
7924 8963 280 281
7924 8964 277 285
7924 8965 274 283
7924 8966 272 281
7924 8967 269 283
7924 8968 266 283
7924 8969 261 285
7924 8970 260 285
7924 8971 258 285
7924 8972 255 284
7924 8973 253 286
7924 8974 251 285
7924 8975 250 290
7924 8976 246 286
7924 8977 244 290
7924 8978 242 288
7924 8979 240 288
7924 8980 240 286
7924 8981 238 290
7924 8982 236 291
7924 8983 233 289
7924 8984 231 288
7924 8985 229 289
7924 8986 227 290
7924 8987 226 289
7924 8988 222 290
7924 8989 220 292
7924 8990 218 285
7924 8991 216 290
7924 8992 213 293
7924 8993 211 293
7924 8994 208 293
7924 8995 207 296
7924 8996 205 297
7924 8997 201 296
7924 8998 198 295
7924 8999 196 295
7924 9000 194 298
7924 9001 194 298
7924 9002 190 295
7924 9003 188 296
7967 9016 150 298
7967 9017 149 299
7967 9018 146 299
7967 9019 145 297
7967 9020 142 297
7967 9021 140 298
7967 9022 137 298
7967 9023 134 300
7967 9024 134 302
7967 9025 129 303
7967 9026 126 300
7967 9027 124 301
7967 9028 122 301
7967 9029 119 300
7967 9030 117 301
7967 9031 114 302
7967 9032 111 301
7967 9033 109 304
7967 9034 107 300
7967 9035 104 302
7967 9036 101 300
7967 9037 99 300
7967 9038 96 302
7967 9039 94 303
7967 9040 91 307
7967 9041 89 303
7967 9042 86 303
7967 9043 84 303
7967 9044 81 303
7967 9045 79 305
7967 9046 76 305
7967 9047 75 307
7967 9048 72 303
7967 9049 69 303
7967 9050 67 305
7967 9051 64 305
7967 9052 61 307
7967 9053 59 308
7967 9054 57 308
7967 9055 54 307
7967 9056 52 306
7967 9057 49 306
7967 9058 47 307
7967 9059 44 308
7967 9060 42 310
7967 9061 39 310
7967 9062 36 308
7967 9063 34 308
7967 9064 31 308
7967 9065 29 308
7967 9066 27 311
8046 9091 356 438
8046 9092 358 437
8046 9093 354 435
8046 9094 347 434
8046 9095 345 433
8046 9096 341 433
8046 9097 341 430
8046 9098 332 428
8046 9099 322 422
8046 9100 322 421
8046 9101 320 422
8046 9102 312 421
8046 9103 311 422
8046 9104 308 419
8046 9105 301 416
8046 9106 298 414
8046 9107 299 412
8046 9108 294 415
8046 9109 289 412
8046 9110 285 409
8046 9111 286 412
8046 9112 280 411
8046 9113 282 407
8092 9154 421 299
8092 9155 421 298
8092 9156 422 301
8092 9157 423 304
8092 9158 425 308
8092 9159 424 310
8092 9160 425 310
8092 9161 426 312
8092 9162 428 313
8092 9163 435 312
8092 9164 433 311
8092 9165 433 316
8092 9166 437 316
8092 9167 438 319
8092 9168 438 317
8092 9169 441 320
8092 9170 442 323
8092 9171 445 322
8092 9172 448 325
8092 9173 451 324
8092 9174 453 326
8092 9175 455 329
8092 9176 458 329
8092 9177 459 333
8092 9178 463 331
8092 9179 463 330
8092 9180 466 333
8092 9181 469 334
8092 9182 469 334
8092 9183 470 331
8097 9157 413 310
8097 9158 415 310
8097 9159 413 312
8097 9160 413 313
8097 9161 414 313
8097 9162 416 316
8097 9163 418 317
8097 9164 418 317
8097 9165 420 316
8097 9166 421 318
8097 9167 424 319
8097 9168 426 321
8097 9169 427 322
8097 9170 430 321
8097 9171 433 323
8097 9172 436 324
8097 9173 437 324
8097 9174 440 327
8097 9175 443 327
8097 9176 445 330
8097 9177 447 332
8097 9178 449 332
8097 9179 452 334
8097 9180 452 333
8097 9181 454 334
8097 9182 456 338
8097 9183 459 336
8097 9184 460 338
8097 9185 461 340
8097 9186 464 338
8097 9187 464 339
8097 9188 466 340
8125 9188 488 338
8125 9189 487 340
8125 9190 488 341
8125 9191 492 340
8125 9192 493 341
8125 9193 499 342
8125 9194 500 343
8125 9195 500 343
8125 9196 504 343
8125 9197 505 344
8125 9198 510 344
8125 9199 510 344
8125 9200 510 344
8125 9201 513 347
8125 9202 516 347
8125 9203 519 345
8125 9204 521 347
8125 9205 523 350
8125 9206 523 349
8125 9207 523 349
8125 9208 525 351
8125 9209 528 353
8125 9210 530 352
8125 9211 535 354
8125 9212 537 355
8125 9213 538 356
8125 9214 539 355
8125 9215 545 355
8125 9216 542 355
8125 9217 547 354
8125 9218 550 354
8125 9219 551 358
8125 9220 555 359
8125 9221 557 356
8125 9222 560 358
8125 9223 561 357
8125 9224 562 360
8125 9225 565 358
8126 9188 482 265
8126 9189 476 264
8126 9190 469 264
8126 9191 453 263
8126 9192 436 262
8126 9193 423 261
8126 9194 414 260
8126 9195 400 259
8126 9196 384 257
8126 9197 375 257
8126 9198 367 256
8126 9199 356 253
8126 9200 348 254
8126 9201 336 255
8126 9202 325 251
8126 9203 318 249
8126 9204 313 250
8126 9205 304 249
8126 9206 299 249
8126 9207 293 249
8126 9208 287 249
8126 9209 279 248
8126 9210 271 248
8126 9211 264 248
8280 9286 434 256
8280 9287 430 256
8280 9288 436 257
8280 9289 447 257
8280 9290 439 256
8280 9291 427 255
8280 9292 416 255
8280 9293 406 254
8280 9294 392 253
8280 9295 386 252
8280 9296 377 251
8280 9297 371 250
8280 9298 357 249
8280 9299 347 247
8280 9300 320 247
8280 9301 320 255
8280 9302 322 247
8280 9303 311 246
8280 9304 312 256
8327 9306 493 258
8327 9307 492 258
8327 9308 491 259
8327 9309 489 263
8327 9310 486 263
8327 9311 486 264
8327 9312 482 263
8327 9313 482 264
8327 9314 479 265
8327 9315 478 266
8327 9316 474 267
8327 9317 471 265
8327 9318 468 268
8327 9319 464 268
8327 9320 460 270
8327 9321 457 271
8327 9322 455 270
8327 9323 452 269
8327 9324 449 272
8327 9325 447 269
8327 9326 446 271
8327 9327 443 273
8327 9328 439 274
8327 9329 435 274
8327 9330 432 276
8327 9331 428 277
8327 9332 426 277
8327 9333 423 275
8327 9334 422 278
8327 9335 421 279
8327 9336 420 280
8327 9337 417 281
8327 9338 416 282
8432 9388 149 247
8432 9389 152 248
8432 9390 155 250
8432 9391 156 251
8432 9392 158 253
8432 9393 159 250
8432 9394 160 254
8432 9395 161 258
8432 9396 160 259
8432 9397 160 261
8432 9398 159 262
8432 9399 157 265
8432 9400 156 267
8432 9401 154 269
8432 9402 151 271
8432 9403 148 273
8432 9404 147 275
8432 9405 143 278
8432 9406 138 281
8432 9407 134 284
8432 9408 130 286
8432 9409 125 289
8432 9410 119 292
8432 9411 112 295
8432 9412 107 299
8432 9413 102 302
8432 9414 91 307
8432 9415 91 306
8432 9416 89 307
8449 9415 76 315
8449 9416 72 315
8449 9417 73 316
8449 9418 65 320
8449 9419 56 324
8449 9420 47 328
8449 9421 40 331
8449 9422 32 334
8449 9423 26 338
8449 9424 17 342
8451 9421 569 442
8451 9422 570 435
8451 9423 575 436
8451 9424 581 439
8451 9425 589 441
8451 9426 590 443
8451 9427 593 445
8451 9428 597 446
8451 9429 601 447
8451 9430 603 450
8451 9431 606 451
8451 9432 609 451
8451 9433 615 455
8451 9434 616 459
8451 9435 621 458
8451 9436 622 461
8451 9437 628 462
8451 9438 632 456
8521 9473 147 284
8521 9474 146 285
8521 9475 145 283
8521 9476 142 285
8521 9477 137 287
8521 9478 134 290
8521 9479 131 292
8521 9480 127 294
8521 9481 124 299
8521 9482 115 301
8521 9483 111 302
8521 9484 105 305
8521 9485 100 308
8521 9486 95 310
8521 9487 90 312
8521 9488 89 313
8521 9489 92 311
8521 9490 99 305
8521 9491 96 307
8645 9550 341 256
8645 9551 333 258
8645 9552 346 259
8645 9553 361 260
8645 9554 374 262
8645 9555 386 263
8645 9556 397 263
8645 9557 412 265
8645 9558 426 266
8645 9559 441 268
8645 9560 452 268
8645 9561 462 269
8645 9562 470 270
8645 9563 478 270
8645 9564 484 272
8706 9588 374 260
8706 9589 393 262
8706 9590 419 264
8706 9591 443 266
8706 9592 462 267
8706 9593 479 267
8706 9594 489 276
9031 9850 175 249
9031 9851 171 248
9031 9852 174 252
9031 9853 174 254
9031 9854 173 256
9031 9855 170 257
9031 9856 169 256
9031 9857 166 259
9031 9858 162 264
9031 9859 159 266
9031 9860 155 269
9031 9861 153 270
9031 9862 142 276
9031 9863 126 285
9031 9864 110 293
9031 9865 93 301
9098 9910 154 254
9098 9911 136 257
9098 9912 129 259
9098 9913 126 261
9098 9914 123 260
9098 9915 119 263
9098 9916 116 264
9098 9917 113 266
9098 9918 110 266
9098 9919 107 266
9098 9920 105 266
9098 9921 102 268
9098 9922 101 269
9098 9923 96 270
9098 9924 93 271
9098 9925 92 272
9098 9926 89 273
9098 9927 87 274
9098 9928 86 274
9098 9929 80 273
9098 9930 81 275
9098 9931 78 277
9098 9932 81 271
9098 9933 75 278
9098 9934 72 271
9098 9935 73 278
9098 9936 76 273
9098 9937 82 273
9098 9938 81 274
9098 9939 81 277
9098 9940 80 280
9104 9916 261 251
9104 9917 275 253
9104 9918 291 252
9104 9919 304 253
9104 9920 320 254
9104 9921 336 257
9104 9922 351 259
9104 9923 367 260
9104 9924 389 262
9104 9925 408 263
9104 9926 429 265
9104 9927 449 266
9104 9928 464 267
9104 9929 476 269
9595 10618 258 249
9595 10619 270 250
9595 10620 279 250
9595 10621 292 251
9595 10622 300 251
9595 10623 320 252
9595 10624 336 255
9595 10625 360 257
9595 10626 383 260
9595 10627 400 261
9595 10628 405 262
9721 10853 541 470
9721 10854 544 462
9721 10855 538 457
9721 10856 534 457
9721 10857 528 453
9721 10858 523 451
9721 10859 515 447
9721 10860 509 445
9721 10861 509 445
9721 10862 505 438
9721 10863 506 437
9721 10864 500 438
9721 10865 497 437
9721 10866 492 434
9721 10867 489 433
9721 10868 489 426
9721 10869 486 426
9721 10870 484 429
9721 10871 484 420