452 485 239 251
452 486 241 250
452 487 247 250
452 488 251 251
452 489 260 250
452 490 268 247
452 491 274 254
452 492 280 253
452 493 287 249
452 494 301 257
452 495 309 258
452 496 316 257
452 497 324 257
452 498 335 259
452 499 346 259
452 500 343 258
452 501 347 261
452 502 358 268
923 1393 488 269
923 1394 484 263
923 1395 478 261
923 1396 473 262
923 1397 467 260
923 1398 458 259
923 1399 447 260
923 1400 436 257
923 1401 431 257
923 1402 423 257
923 1403 416 254
923 1404 408 256
923 1405 415 248
933 1405 397 256
933 1406 391 254
933 1407 386 254
933 1408 377 252
933 1409 371 253
933 1410 367 252
933 1411 357 251
933 1412 352 253
933 1413 345 252
933 1414 339 249
933 1415 334 251
933 1416 325 251
933 1417 317 248
933 1418 313 249
933 1419 308 247
933 1420 304 249
933 1421 297 247
933 1422 293 246
933 1423 288 246
933 1424 274 258
933 1425 277 246
933 1426 272 247
933 1427 269 246
933 1428 264 246
933 1429 258 247
933 1430 252 250
933 1431 250 254
991 1529 119 292
991 1530 115 292
991 1531 119 290
991 1532 120 288
991 1533 118 291
991 1534 118 290
991 1535 118 288
991 1536 117 291
991 1537 116 293
991 1538 116 294
991 1539 116 294
991 1540 117 291
991 1541 114 295
991 1542 113 296
991 1543 112 292
991 1544 111 298
991 1545 111 296
991 1546 109 297
991 1547 109 297
991 1548 109 297
991 1549 109 301
991 1550 107 296
991 1551 105 302
991 1552 107 297
991 1553 104 297
991 1554 104 299
991 1555 99 302
991 1556 102 300
991 1557 100 300
991 1558 98 300
991 1559 96 301
991 1560 94 303
991 1561 88 307
991 1562 90 305
991 1563 87 306
991 1564 83 310
991 1565 82 310
991 1566 77 310
991 1567 71 309
991 1568 73 311
991 1569 70 313
991 1570 64 318
991 1571 61 316
991 1572 58 317
991 1573 54 319
991 1574 49 321
991 1575 43 320
991 1576 37 323
991 1577 36 327
991 1578 31 327
991 1579 25 327
991 1580 20 330
991 1581 14 331
991 1582 16 331
991 1583 14 329
991 1584 12 334
991 1585 13 335
1004 1555 116 294
1004 1556 116 289
1004 1557 117 287
1004 1558 116 287
1004 1559 114 288
1004 1560 113 289
1004 1561 113 290
1004 1562 110 291
1004 1563 108 294
1004 1564 107 298
1004 1565 104 294
1004 1566 101 300
1004 1567 101 296
1004 1568 98 300
1004 1569 95 300
1004 1570 90 302
1004 1571 89 303
1004 1572 85 302
1004 1573 83 303
1004 1574 78 304
1004 1575 72 308
1004 1576 71 310
1004 1577 67 315
1004 1578 62 318
1004 1579 57 318
1004 1580 52 320
1004 1581 48 319
1004 1582 44 322
1004 1583 40 324
1004 1584 35 324
1004 1585 31 323
1004 1586 24 327
1004 1587 19 332
1004 1588 15 329
1004 1589 12 328
1004 1590 9 332
1004 1591 8 333
1004 1592 6 335
1004 1593 3 339
1144 1757 108 299
1144 1758 107 295
1144 1759 103 298
1144 1760 99 300
1144 1761 95 299
1144 1762 89 304
1144 1763 86 304
1144 1764 80 307
1144 1765 75 310
1144 1766 68 313
1144 1767 63 312
1144 1768 60 315
1144 1769 56 316
1144 1770 48 319
1144 1771 53 319
1144 1772 42 319
1178 1813 454 261
1178 1814 447 265
1178 1815 436 264
1178 1816 428 268
1178 1817 423 263
1178 1818 411 261
1178 1819 403 260
1178 1820 396 261
1178 1821 385 258
1178 1822 375 257
1178 1823 368 255
1178 1824 362 255
1178 1825 354 254
1178 1826 346 260
1178 1827 333 258
1178 1828 326 258
1178 1829 320 257
1178 1830 314 253
1178 1831 304 250
1178 1832 294 251
1178 1833 290 256
1178 1834 285 256
1178 1835 277 253
1198 1910 490 269
1198 1911 488 268
1198 1912 485 266
1198 1913 479 264
1198 1914 473 264
1198 1915 468 267
1198 1916 462 265
1198 1917 454 266
1198 1918 440 264
1198 1919 431 262
1198 1920 424 262
1198 1921 415 261
1198 1922 409 260
1198 1923 400 261
1198 1924 390 258
1198 1925 380 259
1198 1926 370 257
1198 1927 362 256
1198 1928 356 256
1198 1929 345 254
1198 1930 333 253
1198 1931 339 252
1208 1961 387 256
1208 1962 391 258
1208 1963 380 258
1208 1964 372 257
1208 1965 364 256
1208 1966 354 255
1208 1967 346 255
1208 1968 339 253
1208 1969 330 253
1208 1970 322 251
1208 1971 315 250
1208 1972 305 250
1208 1973 296 250
1208 1974 289 248
1208 1975 284 248
1208 1976 277 249
1208 1977 269 248
1208 1978 261 246
1208 1979 257 248
1208 1980 249 246
1208 1981 247 246
1208 1982 249 251
1292 2163 3 306
1292 2164 3 306
1292 2165 5 304
1292 2166 5 305
1292 2167 8 305
1292 2168 12 308
1292 2169 13 304
1292 2170 14 304
1292 2171 16 304
1292 2172 19 304
1292 2173 21 302
1292 2174 23 307
1292 2175 25 303
1292 2176 26 301
1292 2177 28 301
1292 2178 29 302
1292 2179 31 304
1292 2180 34 301
1292 2181 36 301
1292 2182 37 301
1292 2183 40 300
1292 2184 42 300
1292 2185 43 301
1292 2186 45 300
1292 2187 47 299
1292 2188 50 303
1292 2189 52 299
1292 2190 53 301
1292 2191 56 298
1292 2192 58 297
1292 2193 60 300
1292 2194 61 297
1292 2195 63 299
1292 2196 66 300
1292 2197 67 299
1292 2198 68 294
1292 2199 72 294
1292 2200 73 295
1292 2201 74 294
1292 2202 76 298
1292 2203 77 297
1292 2204 78 295
1292 2205 80 293
1292 2206 80 296
1292 2207 84 295
1292 2208 87 294
1292 2209 89 291
1292 2210 91 291
1292 2211 90 291
1292 2212 92 292
1292 2213 94 290
1292 2214 95 289
1292 2215 97 292
1292 2216 98 292
1292 2217 101 291
1292 2218 101 288
1292 2219 103 290
1292 2220 105 291
1292 2221 106 287
1292 2222 107 287
1292 2223 108 287
1292 2224 110 285
1292 2225 113 288
1501 2578 566 252
1501 2579 572 270
1501 2580 586 273
1501 2581 598 273
1501 2582 615 276
1501 2583 626 277
1501 2584 634 275
1581 2725 3 340
1581 2726 3 338
1581 2727 6 339
1581 2728 10 337
1581 2729 12 334
1581 2730 16 332
1581 2731 17 330
1581 2732 21 327
1581 2733 26 326
1581 2734 29 328
1581 2735 31 326
1581 2736 33 324
1581 2737 36 322
1581 2738 40 321
1581 2739 42 320
1581 2740 45 318
1581 2741 48 316
1581 2742 51 316
1581 2743 54 313
1581 2744 56 313
1581 2745 59 312
1581 2746 61 307
1581 2747 65 307
1581 2748 67 306
1581 2749 68 303
1581 2750 72 303
1581 2751 75 301
1581 2752 77 298
1581 2753 79 298
1581 2754 82 296
1581 2755 84 298
1581 2756 86 294
1581 2757 88 297
1581 2758 90 289
1581 2759 93 294
1581 2760 94 295
1581 2761 96 292
1581 2762 99 291
1581 2763 100 291
1594 2745 352 261
1594 2746 344 261
1594 2747 352 256
1594 2748 343 255
1594 2749 334 254
1594 2750 322 253
1594 2751 310 252
1594 2752 299 251
1594 2753 290 250
1594 2754 275 250
1594 2755 270 249
1594 2756 262 249
1594 2757 253 248
1594 2758 243 247
1634 2913 271 329
1634 2914 266 335
1634 2915 255 339
1634 2916 245 343
1634 2917 236 343
1634 2918 228 348
1634 2919 221 353
1634 2920 215 348
1634 2921 210 351
1634 2922 206 357
1634 2923 202 355
1634 2924 199 356
1634 2925 196 358
1634 2926 193 359
1634 2927 190 360
1634 2928 187 363
1634 2929 184 366
1634 2930 185 360
1634 2931 180 363
1634 2932 178 365
1634 2933 176 366
1634 2934 172 367
1634 2935 169 371
1634 2936 167 366
1634 2937 165 370
1634 2938 162 371
1634 2939 158 372
1634 2940 156 370
1634 2941 153 371
1634 2942 151 371
1634 2943 149 376
1634 2944 145 377
1634 2945 142 375
1634 2946 145 375
1749 3084 174 263
1749 3085 175 257
1749 3086 172 261
1749 3087 170 262
1749 3088 168 266
1749 3089 166 268
1749 3090 162 271
1749 3091 159 272
1749 3092 157 275
1749 3093 153 273
1749 3094 150 278
1749 3095 145 281
1749 3096 139 280
1749 3097 136 284
1749 3098 131 285
1749 3099 125 287
1749 3100 121 289
1749 3101 116 291
1749 3102 108 296
1749 3103 103 298
1749 3104 98 299
1749 3105 92 301
1749 3106 87 308
1749 3107 80 309
1749 3108 73 309
1749 3109 66 311
1749 3110 63 313
1749 3111 57 317
1749 3112 49 318
1749 3113 42 323
1749 3114 37 323
1749 3115 32 325
1749 3116 28 328
1749 3117 23 330
1749 3118 19 330
1749 3119 17 332
1749 3120 14 333
1749 3121 12 333
1749 3122 7 337
1749 3123 4 338
1759 3100 343 258
1759 3101 346 260
1759 3102 362 260
1759 3103 375 261
1759 3104 385 262
1759 3105 395 263
1759 3106 406 264
1759 3107 419 265
1759 3108 433 266
1759 3109 443 268
1759 3110 452 268
1759 3111 462 268
1759 3112 471 271
1759 3113 476 272
1759 3114 487 273
1759 3115 488 275
1895 3283 336 433
1895 3284 339 428
1895 3285 340 427
1895 3286 346 426
1895 3287 349 431
1895 3288 354 426
1895 3289 355 426
1895 3290 357 426
1895 3291 360 426
1895 3292 364 425
1895 3293 366 424
1895 3294 368 423
1895 3295 370 422
1895 3296 373 422
1895 3297 375 424
1895 3298 376 428
1895 3299 381 421
1895 3300 382 422
1895 3301 383 427
1895 3302 388 420
1895 3303 395 418
1895 3304 395 418
1895 3305 397 419
1895 3306 399 418
1895 3307 403 419
1895 3308 406 417
1895 3309 408 417
1895 3310 411 416
1895 3311 414 419
1895 3312 417 417
1895 3313 419 418
1895 3314 421 418
1895 3315 424 417
1895 3316 428 416
1895 3317 429 417
1967 3319 150 265
1967 3320 155 265
1967 3321 147 268
1967 3322 144 271
1967 3323 139 272
1967 3324 137 274
1967 3325 133 274
1967 3326 129 277
1967 3327 125 278
1967 3328 124 284
1967 3329 122 281
1967 3330 115 283
1967 3331 110 285
1967 3332 107 288
1967 3333 106 287
1967 3334 91 291
1967 3335 92 293
1967 3336 85 300
1967 3337 79 299
1967 3338 76 305
1967 3339 72 302
1967 3340 69 308
1967 3341 61 310
1967 3342 57 309
1967 3343 52 313
1967 3344 55 310
1967 3345 59 305
1967 3346 61 300
1967 3347 56 304
1967 3348 49 305
1967 3349 44 308
1967 3350 39 311
1967 3351 33 313
1967 3352 27 316
2084 3606 453 270
2084 3607 457 263
2084 3608 459 261
2084 3609 450 262
2084 3610 440 260
2084 3611 432 260
2084 3612 422 262
2084 3613 412 262
2084 3614 404 261
2084 3615 395 259
2084 3616 387 257
2084 3617 381 256
2084 3618 372 258
2084 3619 363 256
2084 3620 354 254
2084 3621 351 259
2460 4200 135 289
2460 4201 138 293
2460 4202 139 294
2460 4203 137 294
2460 4204 132 291
2460 4205 129 293
2460 4206 130 296
2460 4207 126 292
2460 4208 122 292
2460 4209 122 297
2460 4210 120 295
2460 4211 117 293
2460 4212 118 299
2460 4213 114 292
2460 4214 114 298
2460 4215 111 295
2460 4216 112 298
2460 4217 108 295
2460 4218 106 295
2460 4219 103 296
2460 4220 104 298
2460 4221 99 295
2460 4222 99 301
2460 4223 96 297
2460 4224 97 297
2460 4225 94 298
2460 4226 90 297
2460 4227 86 294
2460 4228 87 297
2460 4229 85 299
2460 4230 82 299
2460 4231 80 300
2460 4232 79 300
2460 4233 77 300
2460 4234 76 299
2460 4235 73 300
2460 4236 74 299
2460 4237 70 301
2460 4238 71 302
2460 4239 67 302
2460 4240 63 301
2460 4241 65 304
2460 4242 64 301
2460 4243 59 302
2460 4244 58 302
2460 4245 55 302
2460 4246 57 303
2460 4247 53 303
2460 4248 54 303
2460 4249 48 304
2460 4250 50 305
2460 4251 48 305
2460 4252 44 304
2460 4253 43 304
2460 4254 41 305
2460 4255 40 305
2460 4256 36 304
2460 4257 35 304
2460 4258 33 305
2460 4259 33 306
2460 4260 28 305
2460 4261 26 305
2460 4262 28 306
2460 4263 21 305
2460 4264 18 307
2460 4265 17 306
2460 4266 13 308
2460 4267 10 307
2460 4268 7 308
2460 4269 6 307
2605 4286 468 268
2605 4287 491 251
2605 4288 490 258
2605 4289 481 260
2605 4290 473 261
2605 4291 471 248
2605 4292 462 246
2605 4293 463 252
2605 4294 456 246
2605 4295 449 247
2605 4296 439 256
2605 4297 435 254
2605 4298 433 262
2605 4299 426 262
2605 4300 414 254
2605 4301 416 251
2605 4302 410 253
2605 4303 397 253
2605 4304 395 252
2605 4305 391 255
2605 4306 387 251
2605 4307 373 248
2605 4308 378 252
2605 4309 369 251
2605 4310 358 249
2605 4311 354 250
2605 4312 349 249
2605 4313 342 249
2794 4570 119 291
2794 4571 119 291
2794 4572 113 293
2794 4573 107 293
2794 4574 104 297
2794 4575 98 300
2794 4576 92 301
2794 4577 87 303
2794 4578 82 308
2794 4579 77 310
2794 4580 71 315
2794 4581 66 313
2794 4582 63 317
2794 4583 55 320
2794 4584 50 322
2794 4585 46 325
2794 4586 39 327
2794 4587 34 331
2794 4588 29 332
2794 4589 23 334
2794 4590 15 337
2794 4591 13 339
2794 4592 5 341
2822 4666 166 246
2822 4667 168 247
2822 4668 171 248
2822 4669 175 253
2822 4670 173 249
2822 4671 174 252
2822 4672 174 253
2822 4673 175 256
2822 4674 176 256
2822 4675 174 257
2822 4676 173 260
2822 4677 172 258
2822 4678 171 263
2822 4679 169 264
2822 4680 167 267
2822 4681 165 268
2822 4682 162 269
2822 4683 159 272
2822 4684 156 274
2822 4685 153 274
2822 4686 147 278
2822 4687 143 280
2822 4688 140 282
2822 4689 135 285
2822 4690 130 286
2822 4691 125 288
2822 4692 120 290
2822 4693 114 294
2822 4694 107 297
2822 4695 101 300
2822 4696 94 304
2822 4697 87 306
2822 4698 78 308
2822 4699 71 312
2822 4700 64 314
2822 4701 55 318
2822 4702 48 321
2822 4703 41 325
2822 4704 32 328
2822 4705 25 330
2822 4706 20 333
2822 4707 16 334
2822 4708 13 336
2822 4709 8 337
2822 4710 3 341
2841 4907 184 253
2841 4908 175 246
2841 4909 181 246
2841 4910 189 246
2841 4911 195 248
2841 4912 201 248
2841 4913 209 249
2841 4914 216 251
2841 4915 223 249
2841 4916 230 251
2841 4917 237 251
2841 4918 243 250
2841 4919 249 253
2841 4920 255 253
2841 4921 264 253
2841 4922 275 252
2841 4923 269 252
2841 4924 278 251
2841 4925 268 250
2841 4926 286 256
2841 4927 291 257
2841 4928 296 257
2841 4929 302 257
2841 4930 304 257
2841 4931 308 258
2841 4932 312 258
2841 4933 317 258
2841 4934 319 258
2841 4935 323 260
2841 4936 322 261
2841 4937 329 259
2841 4938 332 261
2841 4939 337 261
2841 4940 341 261
2841 4941 348 262
2841 4942 346 261
2841 4943 351 262
2841 4944 354 262
2841 4945 358 263
2841 4946 359 262
2841 4947 363 262
2841 4948 366 263
2841 4949 372 260
2841 4950 370 263
2841 4951 381 265
2841 4952 387 265
2841 4953 385 265
2841 4954 381 265
2841 4955 369 263
2841 4956 368 263
2841 4957 369 264
2841 4958 371 264
2841 4959 373 264
2841 4960 376 263
2841 4961 375 262
2841 4962 379 264
2841 4963 382 266
2917 5047 237 246
2917 5048 243 249
2917 5049 245 250
2917 5050 244 248
2917 5051 245 250
2917 5052 249 249
2917 5053 252 250
2917 5054 254 251
2917 5055 258 251
2917 5056 261 249
2917 5057 265 252
2917 5058 267 252
2917 5059 273 253
2917 5060 278 252
2917 5061 282 252
2917 5062 286 253
2917 5063 291 253
2917 5064 296 254
2917 5065 300 253
2917 5066 306 253
2917 5067 312 254
2917 5068 317 256
2917 5069 322 255
2917 5070 329 254
2917 5071 334 256
2917 5072 339 257
2917 5073 346 257
2917 5074 353 257
2917 5075 358 256
2917 5076 364 257
2917 5077 370 257
2917 5078 377 257
2917 5079 383 258
2917 5080 391 256
2917 5081 399 260
2917 5082 405 257
2917 5083 412 259
2917 5084 419 261
2917 5085 425 260
2917 5086 431 264
2917 5087 441 264
2917 5088 448 265
2917 5089 455 266
2917 5090 463 268
2917 5091 471 267
2917 5092 475 268
2917 5093 480 269
2917 5094 482 270
2917 5095 488 271
2957 5201 433 258
2957 5202 428 258
2957 5203 420 257
2957 5204 406 258
2957 5205 393 255
2957 5206 382 255
2957 5207 372 253
2957 5208 359 251
2957 5209 348 249
2957 5210 336 248
2957 5211 323 248
2957 5212 312 248
2957 5213 303 248
2957 5214 299 246
3008 5308 440 261
3008 5309 429 262
3008 5310 420 260
3008 5311 413 261
3008 5312 402 260
3008 5313 390 258
3008 5314 378 257
3008 5315 368 256
3008 5316 357 255
3008 5317 347 255
3008 5318 335 254
3008 5319 327 252
3008 5320 322 251
3008 5321 314 251
3008 5322 303 250
3008 5323 292 250
3008 5324 283 248
3008 5325 273 249
3008 5326 275 253
3031 5345 398 406
3031 5346 398 412
3031 5347 397 420
3031 5348 402 420
3031 5349 404 421
3031 5350 410 421
3031 5351 413 420
3031 5352 414 421
3031 5353 418 416
3031 5354 423 415
3031 5355 425 417
3031 5356 427 422
3031 5357 432 417
3031 5358 437 414
3031 5359 440 419
3031 5360 441 417
3031 5361 445 417
3031 5362 450 415
3031 5363 454 413
3031 5364 456 420
3031 5365 460 415
3031 5366 464 417
3031 5367 467 414
3031 5368 470 413
3031 5369 475 413
3031 5370 482 413
3031 5371 486 413
3031 5372 483 413
3031 5373 489 412
3031 5374 494 410
3031 5375 497 407
3031 5376 498 409
3031 5377 501 409
3031 5378 505 407
3031 5379 508 402
3031 5380 512 406
3031 5381 513 406
3031 5382 518 400
3031 5383 519 400
3031 5384 522 403
3031 5385 524 404
3031 5386 528 401
3031 5387 531 398
3031 5388 536 399
3031 5389 538 401
3031 5390 542 396
3031 5391 541 395
3031 5392 543 401
3031 5393 546 399
3031 5394 550 398
3031 5395 555 398
3031 5396 562 395
3031 5397 562 395
3031 5398 563 396
3031 5399 565 400
3494 6013 224 340
3494 6014 224 341
3494 6015 226 341
3494 6016 230 338
3494 6017 231 345
3494 6018 233 340
3494 6019 235 341
3494 6020 235 340
3494 6021 238 339
3494 6022 240 343
3494 6023 242 340
3494 6024 245 341
3494 6025 246 342
3494 6026 247 342
3494 6027 251 341
3494 6028 255 341
3494 6029 255 341
3494 6030 256 343
3494 6031 258 342
3494 6032 260 342
3494 6033 265 341
3494 6034 270 345
3494 6035 267 341
3494 6036 267 343
3494 6037 270 342
3494 6038 274 342
3494 6039 277 343
3494 6040 277 346
3494 6041 278 343
3494 6042 282 341
3494 6043 287 342
3494 6044 287 344
3494 6045 288 347
3494 6046 290 344
3494 6047 295 342
3494 6048 297 347
3494 6049 299 345
3494 6050 301 345
3494 6051 306 344
3494 6052 310 344
3494 6053 313 349
3494 6054 317 345
3494 6055 320 345
3494 6056 321 347
3494 6057 326 345
3494 6058 327 343
3494 6059 330 335
3881 6892 483 269
3881 6893 479 263
3881 6894 475 265
3881 6895 487 262
3881 6896 486 269
3881 6897 479 270
3881 6898 468 273
3881 6899 460 272
3881 6900 451 266
3881 6901 442 264
3881 6902 432 263
3881 6903 422 262
3881 6904 414 260
3881 6905 407 261
3881 6906 399 260
3881 6907 386 260
3881 6908 378 256
3881 6909 371 256
3881 6910 362 256
3881 6911 349 256
3881 6912 345 252
3881 6913 335 254
3881 6914 326 251
3881 6915 319 252
3881 6916 309 251
3881 6917 300 251
3985 7329 217 248
3985 7330 224 258
3985 7331 232 257
3985 7332 239 255
3985 7333 243 254
3985 7334 249 255
3985 7335 256 255
3985 7336 264 250
3985 7337 267 247
3985 7338 280 258
3985 7339 282 254
3985 7340 288 247
3985 7341 294 255
3985 7342 304 250
3985 7343 311 251
3985 7344 320 250
3985 7345 325 249
3985 7346 330 255
3985 7347 338 253
3985 7348 347 254
3985 7349 353 254
3985 7350 362 255
3985 7351 371 256
3985 7352 376 256
3985 7353 390 262
3985 7354 410 263
3985 7355 423 260
4034 7370 311 254
4034 7371 315 260
4034 7372 328 263
4034 7373 336 264
4034 7374 342 265
4034 7375 349 265
4034 7376 362 265
4034 7377 368 267
4034 7378 375 267
4034 7379 380 268
4034 7380 393 272
4034 7381 402 271
4034 7382 408 271
4034 7383 421 262
4034 7384 430 263
4034 7385 437 263
4034 7386 446 264
4034 7387 454 265
4034 7388 460 265
4136 7497 157 273
4136 7498 158 269
4136 7499 156 270
4136 7500 152 273
4136 7501 147 277
4136 7502 150 276
4136 7503 141 277
4136 7504 142 278
4136 7505 138 280
4136 7506 134 278
4136 7507 131 281
4136 7508 128 284
4136 7509 124 284
4136 7510 123 286
4136 7511 118 288
4136 7512 112 290
4136 7513 110 293
4136 7514 104 294
4136 7515 100 295
4136 7516 96 297
4136 7517 91 299
4136 7518 87 300
4136 7519 83 302
4136 7520 76 305
4136 7521 72 307
4136 7522 79 304
4166 7561 487 267
4166 7562 484 264
4166 7563 480 264
4166 7564 476 264
4166 7565 469 263
4166 7566 467 263
4166 7567 458 265
4166 7568 448 265
4166 7569 441 262
4166 7570 434 260
4166 7571 425 262
4166 7572 416 261
4166 7573 407 261
4166 7574 399 259
4166 7575 392 259
4166 7576 383 258
4166 7577 372 258
4166 7578 366 255
4166 7579 360 256
4166 7580 351 254
4166 7581 343 253
4166 7582 335 254
4166 7583 326 252
4166 7584 324 257
4436 7968 321 263
4436 7969 325 261
4436 7970 332 262
4436 7971 338 263
4436 7972 343 263
4436 7973 350 264
4436 7974 360 264
4436 7975 365 266
4436 7976 373 266
4436 7977 380 266
4436 7978 384 267
4436 7979 393 268
4436 7980 399 268
4436 7981 405 268
4436 7982 415 270
4436 7983 422 270
4436 7984 429 271
4436 7985 437 271
4436 7986 444 272
4436 7987 450 272
4436 7988 457 274
4436 7989 462 274
4436 7990 468 276
4438 7971 126 282
4438 7972 132 280
4438 7973 130 283
4438 7974 126 283
4438 7975 123 284
4438 7976 120 285
4438 7977 115 286
4438 7978 110 288
4438 7979 110 291
4438 7980 107 291
4438 7981 103 292
4438 7982 99 293
4438 7983 95 295
4438 7984 92 298
4438 7985 86 299
4438 7986 83 300
4438 7987 79 301
4438 7988 75 303
4438 7989 73 305
4438 7990 70 306
4438 7991 64 309
4438 7992 60 310
4438 7993 57 312
4438 7994 52 315
4438 7995 42 317
4438 7996 44 317
4438 7997 40 319
4438 7998 38 321
4438 7999 34 322
4438 8000 30 324
4438 8001 25 326
4438 8002 23 327
4438 8003 21 329
4438 8004 21 329
4438 8005 17 331
4438 8006 15 332
4438 8007 16 325
4657 8290 352 267
4657 8291 346 266
4657 8292 343 254
4657 8293 353 252
4657 8294 361 253
4657 8295 369 256
4657 8296 376 256
4657 8297 399 271
4657 8298 397 262
4657 8299 402 255
4657 8300 414 263
4657 8301 419 256
4657 8302 433 265
4657 8303 439 258
4657 8304 442 259
4657 8305 452 266
4657 8306 461 261
4657 8307 466 259
4657 8308 470 266
4657 8309 482 262
4657 8310 490 260
4657 8311 494 255
4657 8312 503 253
4700 8615 235 256
4700 8616 234 250
4700 8617 239 246
4700 8618 243 247
4700 8619 253 249
4700 8620 258 249
4700 8621 264 248
4700 8622 270 249
4700 8623 278 251
4700 8624 282 249
4700 8625 291 252
4700 8626 302 253
4700 8627 309 254
4700 8628 317 255
4700 8629 324 256
4700 8630 322 254
4700 8631 314 259
4700 8632 317 257
4700 8633 326 260
4700 8634 333 262
4700 8635 341 261
4700 8636 348 264
4700 8637 355 264
4701 8617 339 259
4701 8618 337 258
4701 8619 348 259
4701 8620 356 259
4701 8621 363 260
4701 8622 371 261
4701 8623 377 262
4701 8624 383 262
4701 8625 394 265
4701 8626 402 264
4701 8627 409 264
4701 8628 418 265
4701 8629 424 265
4701 8630 433 267
4701 8631 443 268
4701 8632 450 268
4701 8633 457 269
4701 8634 468 269
4701 8635 474 271
4701 8636 476 271
4701 8637 479 272
4701 8638 485 272
4701 8639 488 272
4747 8680 227 247
4747 8681 239 249
4747 8682 240 250
4747 8683 242 248
4747 8684 249 248
4747 8685 256 249
4747 8686 259 249
4747 8687 265 248
4747 8688 271 250
4747 8689 275 250
4747 8690 285 251
4747 8691 292 252
4747 8692 296 251
4747 8693 304 255
4747 8694 311 255
4747 8695 317 254
4747 8696 326 253
4747 8697 332 255
4747 8698 336 257
4747 8699 344 256
4747 8700 352 257
4747 8701 355 257
4747 8702 362 258
4747 8703 369 258
4747 8704 373 259
4747 8705 381 259
4747 8706 387 260
4747 8707 391 260
4747 8708 399 261
4747 8709 404 262
4747 8710 410 262
4747 8711 417 262
4747 8712 423 263
4747 8713 425 263
4747 8714 433 263
4747 8715 442 265
4747 8716 445 265
4747 8717 451 265
4747 8718 455 265
4747 8719 460 266
4747 8720 472 266
4747 8721 476 266
4747 8722 480 262
4747 8723 472 261
4747 8724 477 259
4747 8725 490 259
4747 8726 481 255
4747 8727 476 257
4747 8728 473 265
4747 8729 485 264
4766 8701 328 259
4766 8702 334 260
4766 8703 337 258
4766 8704 342 260
4766 8705 350 261
4766 8706 357 259
4766 8707 362 263
4766 8708 369 263
4766 8709 373 261
4766 8710 379 265
4766 8711 386 265
4766 8712 390 263
4766 8713 395 266
4766 8714 403 268
4766 8715 409 267
4766 8716 417 266
4766 8717 419 268
4766 8718 423 268
4766 8719 429 268
4766 8720 436 271
4766 8721 441 270
4766 8722 445 272
4766 8723 451 273
4913 9100 485 267
4913 9101 476 272
4913 9102 466 273
4913 9103 454 270
4913 9104 446 268
4913 9105 439 262
4913 9106 429 261
4913 9107 417 260
4913 9108 411 259
4913 9109 405 260
4913 9110 394 258
4913 9111 384 258
4913 9112 377 253
4913 9113 371 253
4913 9114 363 255
4913 9115 352 251
4913 9116 346 252
4913 9117 338 250
4913 9118 330 249
4913 9119 322 249
4913 9120 315 248
4913 9121 309 246
4913 9122 302 247
4913 9123 296 250
5036 9409 485 269
5036 9410 474 271
5036 9411 467 272
5036 9412 458 272
5036 9413 450 267
5036 9414 442 263
5036 9415 434 263
5036 9416 425 263
5036 9417 418 262
5036 9418 409 261
5036 9419 400 259
5036 9420 394 259
5036 9421 384 256
5036 9422 376 255
5036 9423 368 254
5036 9424 359 253
5036 9425 349 252
5036 9426 344 251
5036 9427 335 251
5036 9428 328 255
5036 9429 322 250
5036 9430 314 249
5036 9431 306 248
5036 9432 300 247
5036 9433 292 250
5036 9434 284 252
5036 9435 279 254
5036 9436 270 252
5036 9437 263 246
5069 9475 367 261
5069 9476 376 262
5069 9477 383 263
5069 9478 394 263
5069 9479 401 264
5069 9480 408 265
5069 9481 421 266
5069 9482 430 266
5069 9483 437 267
5069 9484 447 268
5069 9485 458 269
5069 9486 465 270
5069 9487 470 271
5069 9488 467 277
5280 9867 432 254
5280 9868 439 264
5280 9869 427 263
5280 9870 418 267
5280 9871 405 261
5280 9872 394 264
5280 9873 384 263
5280 9874 371 258
5280 9875 357 256
5280 9876 349 255
5280 9877 337 257
5280 9878 327 258
5280 9879 319 253
5398 10215 359 259
5398 10216 356 258
5398 10217 364 258
5398 10218 375 260
5398 10219 388 260
5398 10220 397 261
5398 10221 403 261
5398 10222 411 262
5398 10223 417 266
5398 10224 428 265
5398 10225 431 262
5398 10226 429 261
5398 10227 430 272
5398 10228 440 273
5398 10229 444 273
5398 10230 454 274
5398 10231 460 275
5398 10232 471 277
5830 10851 484 268
5830 10852 473 269
5830 10853 464 271
5830 10854 453 269
5830 10855 444 267
5830 10856 435 264
5830 10857 424 264
5830 10858 414 261
5830 10859 407 260
5830 10860 400 259
5830 10861 390 258
5830 10862 381 258
5830 10863 371 258
5830 10864 363 256
5830 10865 353 255
5830 10866 347 253
5830 10867 339 253
6065 11300 395 256
6065 11301 396 258
6065 11302 388 258
6065 11303 378 258
6065 11304 370 257
6065 11305 365 256
6065 11306 356 256
6065 11307 347 255
6065 11308 339 253
6065 11309 334 254
6065 11310 326 251
6065 11311 319 252
6065 11312 308 251
6065 11313 300 247
6065 11314 282 249
6065 11315 265 247
6065 11316 263 252
6065 11317 270 253
6065 11318 263 252
6065 11319 255 252
6065 11320 247 251
6160 11507 410 266
6160 11508 414 262
6160 11509 402 259
6160 11510 394 259
6160 11511 382 258
6160 11512 374 257
6160 11513 366 256
6160 11514 352 255
6160 11515 342 254
6160 11516 331 253
6160 11517 318 252
6160 11518 310 250
6160 11519 303 250
6160 11520 290 249
6160 11521 280 247
6160 11522 274 249
6160 11523 262 248
6160 11524 269 253
6160 11525 251 247
6160 11526 253 252
6160 11527 247 252
6160 11528 241 246
6245 11662 112 287
6245 11663 114 284
6245 11664 111 288
6245 11665 109 288
6245 11666 108 286
6245 11667 108 286
6245 11668 106 287
6245 11669 95 292
6245 11670 93 294
6245 11671 92 294
6245 11672 88 296
6245 11673 85 297
6245 11674 84 298
6245 11675 83 298
6245 11676 80 299
6245 11677 75 301
6245 11678 76 301
6245 11679 74 303
6245 11680 72 305
6245 11681 66 305
6245 11682 69 304
6245 11683 64 307
6245 11684 60 308
6245 11685 60 309
6245 11686 57 309
6245 11687 56 312
6245 11688 53 312
6245 11689 50 313
6245 11690 51 310
6261 11680 91 285
6261 11681 91 291
6261 11682 89 295
6261 11683 86 298
6261 11684 85 298
6261 11685 82 300
6261 11686 80 300
6261 11687 77 300
6261 11688 77 301
6261 11689 74 304
6261 11690 73 296
6261 11691 70 305
6261 11692 69 299
6261 11693 65 302
6261 11694 64 300
6261 11695 62 304
6261 11696 60 309
6261 11697 59 311
6261 11698 58 304
6261 11699 55 312
6261 11700 53 313
6261 11701 50 307
6261 11702 47 315
6261 11703 46 308
6261 11704 43 317
6261 11705 41 317
6261 11706 37 318
6261 11707 36 312
6261 11708 34 320
6261 11709 30 323
6261 11710 28 315
6261 11711 25 319
6261 11712 23 325
6261 11713 21 319
6261 11714 19 327
6407 11928 488 267
6407 11929 483 268
6407 11930 478 265
6407 11931 471 266
6407 11932 464 267
6407 11933 451 266
6407 11934 440 265
6407 11935 433 264
6407 11936 419 262
6407 11937 409 262
6407 11938 399 260
6407 11939 387 259
6407 11940 377 258
6407 11941 367 258
6407 11942 359 255
6407 11943 350 256
6407 11944 335 255
6407 11945 326 252
6407 11946 317 253
6407 11947 306 252
6407 11948 297 250
6407 11949 291 253
6580 12375 268 252
6580 12376 272 253
6580 12377 282 255
6580 12378 294 256
6580 12379 305 255
6580 12380 314 256
6580 12381 326 258
6580 12382 338 258
6580 12383 350 260
6580 12384 361 262
6580 12385 372 262
6580 12386 385 263
6580 12387 398 265
6580 12388 408 266
6790 12708 453 268
6790 12709 455 267
6790 12710 444 264
6790 12711 438 261
6790 12712 434 263
6790 12713 425 263
6790 12714 419 259
6790 12715 413 259
6790 12716 402 260
6790 12717 396 257
6790 12718 390 258
6790 12719 384 257
6790 12720 381 255
6790 12721 374 256
6790 12722 367 256
6790 12723 361 255
6790 12724 354 254
6790 12725 348 253
6790 12726 344 253
6790 12727 336 255
6853 12821 28 331
6853 12822 31 331
6853 12823 30 330
6853 12824 33 327
6853 12825 36 327
6853 12826 37 329
6853 12827 40 325
6853 12828 40 324
6853 12829 43 324
6853 12830 42 323
6853 12831 45 324
6853 12832 48 324
6853 12833 49 325
6853 12834 53 323
6853 12835 52 320
6853 12836 55 321
6853 12837 56 320
6853 12838 58 320
6853 12839 59 318
6853 12840 61 317
6853 12841 61 316
6853 12842 64 317
6853 12843 66 314
6853 12844 67 315
6853 12845 68 313
6853 12846 71 314
6853 12847 71 316
6853 12848 74 318
6853 12849 74 311
6853 12850 78 313
6853 12851 77 309
6853 12852 78 309
6853 12853 82 309
6853 12854 82 308
6853 12855 85 310
6853 12856 86 309
6853 12857 88 307
6853 12858 87 308
6853 12859 89 304
6853 12860 91 305
6853 12861 93 305
6853 12862 94 308
6853 12863 95 305
6853 12864 96 305
6853 12865 98 305
6853 12866 100 304
6853 12867 100 303
6853 12868 102 302
6853 12869 102 301
6853 12870 104 301
6853 12871 105 300
6853 12872 107 300
6853 12873 107 303
6853 12874 109 299
6853 12875 110 298
6853 12876 110 302
6853 12877 112 296
6853 12878 113 297
6853 12879 116 300
6853 12880 116 297
6853 12881 117 298
6853 12882 120 293
6853 12883 121 293
6853 12884 123 294
6853 12885 124 293
6853 12886 124 292
6853 12887 126 297
6853 12888 130 297
7048 13085 165 246
7048 13086 172 247
7048 13087 179 247
7048 13088 183 247
7048 13089 188 248
7048 13090 197 248
7048 13091 205 246
7048 13092 212 249
7048 13093 214 251
7048 13094 220 252
7048 13095 231 251
7048 13096 241 253
7048 13097 248 254
7048 13098 254 254
7048 13099 261 255
7048 13100 268 256
7048 13101 274 256
7048 13102 284 255
7048 13103 289 258
7048 13104 296 256
7048 13105 309 258
7048 13106 315 260
7048 13107 328 263
7048 13108 330 258
7048 13109 337 260
7048 13110 348 263
7358 13812 112 302
7358 13813 106 300
7358 13814 100 303
7358 13815 94 307
7358 13816 88 308
7358 13817 81 310
7358 13818 75 312
7358 13819 69 317
7358 13820 63 320
7358 13821 54 323
7358 13822 50 327
7481 14041 169 384
7481 14042 168 387
7481 14043 168 386
7481 14044 168 390
7481 14045 162 388
7481 14046 159 389
7481 14047 158 394
7481 14048 160 390
7481 14049 161 390
7481 14050 160 395
7481 14051 156 392
7481 14052 153 395
7481 14053 151 395
7481 14054 150 396
7481 14055 149 397
7481 14056 148 403
7481 14057 141 405
7481 14058 135 416
7481 14059 130 417
7481 14060 125 424
7481 14061 121 426
7541 14160 321 251
7541 14161 322 250
7541 14162 323 251
7541 14163 316 258
7541 14164 321 259
7541 14165 329 259
7541 14166 341 258
7541 14167 345 256
7541 14168 354 259
7541 14169 367 260
7541 14170 370 263
7541 14171 379 261
7541 14172 386 263
7541 14173 396 265
7541 14174 405 266
7541 14175 417 265
7541 14176 422 265
7541 14177 431 267
7541 14178 441 269
7541 14179 454 270
7541 14180 455 272
7541 14181 461 275
7725 14447 380 263
7725 14448 389 257
7725 14449 377 256
7725 14450 366 256
7725 14451 359 254
7725 14452 347 258
7725 14453 333 252
7725 14454 321 250
7725 14455 312 252
7725 14456 306 250
7725 14457 293 248
7725 14458 295 248
7725 14459 272 248
7725 14460 264 246
7725 14461 256 246
7912 14711 137 263
7912 14712 134 266
7912 14713 156 250
7912 14714 160 246
7912 14715 167 246
7912 14716 170 247
7912 14717 175 249
7912 14718 183 249
7912 14719 189 248
7912 14720 194 250
7912 14721 201 250
7912 14722 207 248
7912 14723 214 252
7912 14724 221 254
8026 14986 369 260
8026 14987 366 259
8026 14988 370 261
8026 14989 375 260
8026 14990 382 263
8026 14991 382 261
8026 14992 391 262
8026 14993 398 262
8026 14994 401 262
8026 14995 408 263
8026 14996 415 265
8026 14997 421 264
8026 14998 427 267
8026 14999 434 264
8026 15000 439 268
8026 15001 446 268
8026 15002 453 266
8026 15003 461 270
8026 15004 467 269
8026 15005 471 269
8026 15006 474 270
8026 15007 477 270
8026 15008 485 272
8026 15009 486 268
8163 15315 636 288
8163 15316 632 279
8163 15317 629 271
8163 15318 620 277
8163 15319 611 267
8163 15320 605 266
8163 15321 599 266
8163 15322 590 274
8163 15323 581 272
8163 15324 573 271
8163 15325 566 270
8178 15329 483 272
8178 15330 473 270
8178 15331 456 262
8178 15332 440 259
8178 15333 429 259
8178 15334 416 258
8178 15335 404 257
8178 15336 393 258
8178 15337 383 255
8178 15338 371 256
8178 15339 359 254
8178 15340 350 253
8178 15341 340 248
8178 15342 328 256
8178 15343 323 250
8213 15376 483 263
8213 15377 473 262
8213 15378 464 261
8213 15379 474 269
8213 15380 477 272
8213 15381 467 271
8213 15382 452 265
8213 15383 445 265
8213 15384 436 263
8213 15385 427 263
8213 15386 413 261
8213 15387 407 260
8213 15388 400 259
8213 15389 387 259
8213 15390 364 256
8253 15514 369 262
8253 15515 371 259
8253 15516 378 259
8253 15517 376 258
8253 15518 374 263
8253 15519 381 265
8253 15520 389 266
8253 15521 400 267
8253 15522 411 268
8253 15523 421 269
8253 15524 431 268
8253 15525 435 271
8253 15526 445 272
8253 15527 456 273
8253 15528 440 276
8271 15572 490 266
8271 15573 482 265
8271 15574 480 264
8271 15575 474 264
8271 15576 465 267
8271 15577 455 264
8271 15578 446 264
8271 15579 436 263
8271 15580 424 262
8271 15581 413 261
8271 15582 402 261
8271 15583 391 259
8271 15584 380 259
8271 15585 370 258
8271 15586 358 256
8271 15587 348 255
8271 15588 356 261
8271 15589 346 260
8283 15616 466 261
8283 15617 456 259
8283 15618 446 264
8283 15619 438 263
8283 15620 431 262
8283 15621 419 261
8283 15622 407 260
8283 15623 402 262
8283 15624 394 258
8283 15625 382 257
8283 15626 370 256
8283 15627 361 255
8283 15628 352 255
8283 15629 341 253
8283 15630 336 255
8283 15631 329 256
8283 15632 318 256
8283 15633 312 251
8283 15634 303 250
8283 15635 294 251
8283 15636 290 254
8283 15637 282 253
8283 15638 276 253
8283 15639 269 248
8283 15640 258 246
8283 15641 253 250
8283 15642 248 247
8283 15643 239 250
8283 15644 229 247
8286 15657 176 246
8286 15658 169 248
8286 15659 176 248
8286 15660 183 248
8286 15661 191 249
8286 15662 199 249
8286 15663 206 247
8286 15664 211 251
8286 15665 216 253
8286 15666 222 254
8286 15667 231 254
8286 15668 240 255
8286 15669 245 255
8286 15670 255 255
8286 15671 263 257
8286 15672 275 257
8286 15673 281 258
8286 15674 288 259
8286 15675 299 259
8286 15676 310 261
8286 15677 316 261
8286 15678 324 262
8365 15789 464 426
8365 15790 465 427
8365 15791 462 428
8365 15792 461 429
8365 15793 458 438
8365 15794 450 431
8365 15795 444 427
8365 15796 445 418
8365 15797 447 417
8365 15798 444 414
8365 15799 443 412
8365 15800 437 417
8365 15801 433 414
8365 15802 427 409
8365 15803 423 403
8365 15804 420 401
8365 15805 416 404
8365 15806 416 399
8365 15807 414 398
8435 15986 453 264
8435 15987 448 261
8435 15988 451 266
8435 15989 450 264
8435 15990 444 265
8435 15991 433 262
8435 15992 419 261
8435 15993 413 259
8435 15994 402 259
8435 15995 388 258
8435 15996 377 250
8435 15997 366 249
8435 15998 356 248
8435 15999 351 248
8479 16081 375 257
8479 16082 381 265
8479 16083 387 266
8479 16084 392 266
8479 16085 399 267
8479 16086 408 267
8479 16087 420 268
8479 16088 427 270
8479 16089 432 270
8479 16090 442 269
8479 16091 448 269
8479 16092 456 270
8479 16093 465 272
8479 16094 467 276
8479 16095 476 276
8548 16142 198 260
8548 16143 195 261
8548 16144 192 258
8548 16145 189 259
8548 16146 185 259
8548 16147 180 262
8548 16148 177 265
8548 16149 173 264
8548 16150 172 269
8548 16151 168 268
8548 16152 161 269
8548 16153 159 271
8548 16154 157 271
8548 16155 151 274
8548 16156 150 275
8548 16157 147 278
8548 16158 143 277
8548 16159 141 282
8548 16160 138 281
8548 16161 137 281
8548 16162 132 282
8548 16163 127 283
8548 16164 125 288
8548 16165 122 284
8548 16166 122 287
8548 16167 121 287
8548 16168 119 288
8548 16169 119 286
8604 16324 300 262
8604 16325 306 251
8604 16326 310 252
8604 16327 320 251
8604 16328 317 255
8604 16329 326 258
8604 16330 336 259
8604 16331 346 258
8604 16332 355 262
8604 16333 364 260
8604 16334 376 261
8604 16335 388 264
8604 16336 399 265
8604 16337 409 265
8604 16338 416 266
8604 16339 425 268
8604 16340 436 268
8604 16341 445 268