142 534 243 249
142 535 242 249
142 536 247 249
142 537 255 249
142 538 262 250
142 539 270 250
142 540 279 250
142 541 287 253
142 542 294 253
142 543 301 253
142 544 310 254
142 545 319 255
142 546 326 256
142 547 333 257
142 548 343 257
142 549 351 258
142 550 360 257
142 551 369 259
142 552 376 259
142 553 385 260
142 554 394 261
142 555 390 261
156 581 229 249
156 582 241 250
156 583 253 251
156 584 264 252
156 585 276 253
156 586 290 254
156 587 303 256
156 588 315 257
156 589 328 258
156 590 342 258
156 591 358 260
156 592 373 261
156 593 387 262
156 594 401 264
156 595 417 266
156 596 434 266
156 597 448 268
156 598 462 269
156 599 471 269
156 600 483 272
321 1061 488 268
321 1062 481 264
321 1063 475 264
321 1064 467 264
321 1065 448 262
321 1066 431 261
321 1067 421 259
321 1068 406 259
321 1069 389 257
321 1070 373 256
321 1071 360 255
321 1072 348 254
321 1073 331 253
321 1074 316 252
321 1075 320 254
541 1372 3 362
541 1373 4 360
541 1374 4 358
541 1375 6 359
541 1376 6 358
541 1377 8 355
541 1378 8 355
541 1379 9 354
541 1380 10 353
541 1381 10 352
541 1382 11 350
541 1383 12 350
541 1384 12 349
541 1385 13 349
541 1386 14 347
541 1387 15 347
541 1388 16 347
541 1389 16 345
541 1390 17 345
541 1391 18 342
541 1392 20 342
541 1393 19 341
541 1394 24 343
541 1395 24 341
541 1396 22 342
541 1397 27 339
541 1398 25 340
541 1399 30 338
541 1400 28 337
541 1401 32 338
541 1402 34 339
541 1403 33 336
541 1404 33 330
541 1405 34 336
541 1406 33 334
541 1407 39 333
541 1408 47 336
541 1409 37 333
541 1410 40 333
541 1411 43 331
541 1412 45 331
541 1413 42 331
541 1414 46 331
541 1415 44 329
541 1416 49 330
541 1417 51 329
541 1418 49 328
541 1419 55 327
541 1420 57 326
541 1421 61 325
541 1422 63 325
541 1423 61 324
541 1424 68 323
541 1425 70 322
541 1426 73 321
541 1427 66 319
541 1428 59 311
541 1429 58 311
541 1430 60 307
709 1607 472 427
709 1608 475 424
709 1609 471 429
709 1610 470 430
709 1611 468 431
709 1612 468 430
709 1613 466 435
709 1614 467 436
709 1615 465 438
709 1616 463 439
709 1617 459 441
709 1618 459 440
709 1619 458 440
709 1620 454 445
709 1621 453 446
709 1622 451 447
709 1623 448 451
709 1624 445 452
709 1625 443 451
709 1626 440 456
709 1627 438 458
709 1628 438 456
709 1629 433 461
709 1630 434 460
709 1631 431 456
721 1793 378 256
721 1794 376 257
721 1795 360 255
721 1796 345 255
721 1797 330 254
721 1798 316 252
721 1799 304 250
721 1800 290 249
721 1801 275 248
721 1802 265 248
721 1803 253 247
721 1804 245 246
1172 2773 286 453
1172 2774 283 447
1172 2775 282 453
1172 2776 274 447
1172 2777 273 441
1172 2778 270 446
1172 2779 267 453
1172 2780 262 449
1172 2781 259 447
1172 2782 254 452
1172 2783 253 447
1172 2784 251 451
1172 2785 245 451
1172 2786 243 452
1172 2787 240 448
1172 2788 237 452
1172 2789 233 452
1172 2790 228 454
1172 2791 224 449
1172 2792 222 443
1172 2793 221 447
1172 2794 215 441
1172 2795 213 444
1172 2796 210 445
1172 2797 209 449
1172 2798 200 448
1172 2799 194 446
1172 2800 196 450
1172 2801 193 450
1172 2802 189 454
1172 2803 185 450
1172 2804 182 450
1172 2805 187 455
1172 2806 185 458
1177 2776 293 455
1177 2777 292 451
1177 2778 291 447
1177 2779 289 448
1177 2780 286 449
1177 2781 283 452
1177 2782 284 451
1177 2783 281 447
1177 2784 278 454
1177 2785 275 454
1177 2786 271 453
1177 2787 269 455
1177 2788 264 456
1177 2789 263 455
1177 2790 259 459
1177 2791 258 459
1177 2792 253 460
1177 2793 250 460
1177 2794 246 461
1177 2795 243 461
1177 2796 237 454
1177 2797 236 461
1177 2798 232 462
1177 2799 226 458
1177 2800 224 463
1177 2801 221 463
1177 2802 218 463
1177 2803 212 463
1177 2804 209 464
1177 2805 205 462
1177 2806 204 465
1177 2807 198 462
1177 2808 197 465
1177 2809 192 465
1177 2810 191 466
1177 2811 186 466
1177 2812 181 466
1177 2813 177 466
1177 2814 172 465
1177 2815 170 467
1177 2816 164 468
1177 2817 161 468
1177 2818 158 468
1241 3003 491 265
1241 3004 484 261
1241 3005 476 260
1241 3006 469 261
1241 3007 465 261
1241 3008 451 261
1241 3009 439 258
1241 3010 424 257
1241 3011 409 256
1241 3012 395 254
1241 3013 383 253
1241 3014 371 253
1241 3015 357 252
1241 3016 343 251
1241 3017 327 249
1241 3018 329 249
1241 3019 306 247
1301 3212 225 257
1301 3213 220 257
1301 3214 218 257
1301 3215 210 256
1301 3216 213 255
1301 3217 221 260
1301 3218 220 255
1301 3219 214 256
1301 3220 211 256
1301 3221 204 258
1301 3222 198 259
1301 3223 191 260
1301 3224 187 261
1301 3225 181 261
1301 3226 178 264
1301 3227 172 266
1301 3228 167 267
1301 3229 168 269
1301 3230 160 270
1301 3231 156 274
1301 3232 151 276
1301 3233 147 277
1301 3234 143 279
1301 3235 138 282
1301 3236 132 284
1301 3237 129 286
1301 3238 126 288
1301 3239 120 291
1301 3240 113 294
1301 3241 109 295
1306 3237 106 298
1306 3238 103 298
1306 3239 96 300
1306 3240 88 303
1306 3241 82 306
1306 3242 77 307
1306 3243 70 313
1306 3244 63 315
1306 3245 56 318
1306 3246 50 319
1306 3247 42 322
1306 3248 34 324
1306 3249 25 327
1306 3250 19 329
1306 3251 14 332
1306 3252 10 328
1306 3253 5 329
1306 3254 3 333
1598 5569 279 253
1598 5570 289 254
1598 5571 301 255
1598 5572 314 256
1598 5573 328 258
1598 5574 339 258
1598 5575 351 259
1598 5576 365 259
1598 5577 377 262
1598 5578 389 263
1598 5579 403 265
1598 5580 419 265
1598 5581 433 267
1598 5582 446 267
1598 5583 450 273
1794 6815 221 446
1794 6816 223 444
1794 6817 233 444
1794 6818 235 440
1794 6819 236 438
1794 6820 243 442
1794 6821 251 443
1794 6822 251 443
1794 6823 254 439
1794 6824 258 439
1794 6825 264 440
1794 6826 264 435
1794 6827 270 435
1794 6828 276 435
1794 6829 279 434
1794 6830 283 434
1794 6831 287 435
1794 6832 291 432
1794 6833 294 434
1794 6834 299 432
1794 6835 300 429
1794 6836 306 427
1794 6837 310 427
1794 6838 311 430
1794 6839 316 427
1794 6840 320 420
1813 6866 415 401
1813 6867 419 405
1813 6868 420 402
1813 6869 424 404
1813 6870 427 400
1813 6871 428 398
1813 6872 431 399
1813 6873 435 396
1813 6874 438 397
1813 6875 442 396
1813 6876 443 394
1813 6877 448 393
1813 6878 450 392
1813 6879 454 394
1813 6880 456 393
1813 6881 460 392
1813 6882 462 391
1813 6883 464 393
1813 6884 468 391
1813 6885 468 391
1813 6886 473 387
1813 6887 475 387
1813 6888 479 387
1813 6889 482 382
1813 6890 483 388
1813 6891 486 383
1813 6892 489 382
1813 6893 490 377
1895 7352 5 385
1895 7353 6 386
1895 7354 6 382
1895 7355 6 380
1895 7356 6 373
1895 7357 5 372
1895 7358 6 367
1895 7359 8 364
1895 7360 9 363
1895 7361 10 359
1895 7362 12 359
1895 7363 14 355
1895 7364 16 351
1895 7365 19 346
1895 7366 20 343
1895 7367 25 343
1895 7368 29 340
1895 7369 33 337
1895 7370 36 336
1895 7371 39 334
1895 7372 41 330
1907 7372 43 331
1907 7373 48 328
1907 7374 49 328
1907 7375 53 327
1907 7376 57 322
1907 7377 60 322
1907 7378 63 320
1907 7379 66 318
1907 7380 70 317
1907 7381 78 316
1907 7382 77 314
1907 7383 83 312
1907 7384 87 310
1907 7385 89 309
1907 7386 91 308
1907 7387 92 305
1907 7388 93 303
1907 7389 96 302
1907 7390 98 301
1907 7391 100 299
1907 7392 106 298
1907 7393 112 296
1907 7394 115 294
1907 7395 120 291
1907 7396 121 298
1922 7394 96 302
1922 7395 100 299
1922 7396 108 295
1922 7397 113 291
1922 7398 121 289
1922 7399 124 286
1922 7400 131 285
1922 7401 133 282
1922 7402 139 280
1922 7403 144 277
1922 7404 148 277
1922 7405 150 276
1922 7406 155 273
1922 7407 159 272
1922 7408 163 271
1922 7409 165 270
1922 7410 163 268
1924 7396 130 285
1924 7397 136 283
1924 7398 139 281
1924 7399 142 279
1924 7400 151 277
1924 7401 150 275
1924 7402 157 273
1924 7403 165 271
1924 7404 167 270
1924 7405 170 268
1924 7406 174 268
1924 7407 177 265
1924 7408 180 265
1924 7409 183 262
1924 7410 184 262
1924 7411 190 259
1924 7412 186 261
1924 7413 190 260
1924 7414 187 259
1924 7415 192 257
2008 7805 325 257
2008 7806 338 259
2008 7807 354 259
2008 7808 370 260
2008 7809 385 261
2008 7810 399 263
2008 7811 415 265
2008 7812 432 266
2008 7813 454 267
2008 7814 469 268
2008 7815 474 269
2188 8787 485 266
2188 8788 478 264
2188 8789 471 264
2188 8790 461 264
2188 8791 446 262
2188 8792 430 260
2188 8793 418 259
2188 8794 404 258
2188 8795 393 257
2188 8796 384 256
2188 8797 370 256
2188 8798 357 255
2188 8799 346 254
2188 8800 335 252
2188 8801 321 252
2188 8802 321 251
2237 9050 258 252
2237 9051 268 254
2237 9052 282 256
2237 9053 296 256
2237 9054 313 257
2237 9055 329 259
2237 9056 342 260
2237 9057 358 261
2237 9058 375 263
2237 9059 390 265
2237 9060 404 266
2237 9061 422 268
2982 10859 452 361
2982 10860 449 364
2982 10861 450 360
2982 10862 451 361
2982 10863 454 359
2982 10864 456 363
2982 10865 456 366
2982 10866 457 364
2982 10867 457 366
2982 10868 460 364
2982 10869 462 369
2982 10870 462 368
2982 10871 463 371
2982 10872 465 370
2982 10873 466 374
2982 10874 467 375
2982 10875 470 375
2982 10876 470 377
2982 10877 473 377
2982 10878 474 378
2982 10879 476 381
2982 10880 478 382
2982 10881 479 382
2982 10882 479 383
2982 10883 483 384
2982 10884 484 387
2982 10885 485 387
2982 10886 486 388
2982 10887 489 390
2982 10888 490 392
2982 10889 493 392
2982 10890 494 394
2982 10891 498 394
2982 10892 498 397
2982 10893 503 399
2982 10894 502 399
2982 10895 505 400
2982 10896 510 404
2982 10897 511 403
2982 10898 512 404
2982 10899 516 405
2982 10900 518 403
2982 10901 518 410
2982 10902 520 409
2982 10903 524 411
2982 10904 528 413
2982 10905 530 415
2982 10906 528 415
2982 10907 532 416
2982 10908 532 421
3070 10960 380 257
3070 10961 382 270
3070 10962 392 275
3070 10963 389 273
3070 10964 388 273
3070 10965 386 272
3070 10966 384 272
3070 10967 383 272
3070 10968 382 272
3070 10969 380 271
3070 10970 377 272
3070 10971 376 273
3070 10972 376 273
3070 10973 373 272
3070 10974 371 272
3070 10975 371 272
3070 10976 368 271
3070 10977 368 272
3070 10978 366 270
3070 10979 364 270
3070 10980 363 271
3070 10981 362 270
3070 10982 360 271
3070 10983 358 270
3070 10984 356 270
3070 10985 355 271
3070 10986 353 271
3070 10987 352 273
3070 10988 350 269
3070 10989 350 270
3070 10990 348 270
3070 10991 346 269
3070 10992 344 271
3070 10993 344 269
3070 10994 342 269
3070 10995 340 269
3070 10996 338 269
3070 10997 338 268
3070 10998 336 268
3070 10999 335 268
3070 11000 334 268
3070 11001 331 267
3070 11002 330 269
3070 11003 329 268
3070 11004 327 268
3070 11005 326 268
3070 11006 324 270
3070 11007 323 267
3070 11008 320 267
3070 11009 320 267
3070 11010 318 267
3070 11011 316 267
3070 11012 315 267
3070 11013 313 267
3070 11014 312 267
3070 11015 311 267
3070 11016 310 267
3070 11017 308 267
3070 11018 306 267
3070 11019 304 267
3070 11020 303 266
3070 11021 301 266
3070 11022 300 266
3070 11023 298 269
3070 11024 296 266
3070 11025 296 266
3070 11026 294 268
3070 11027 293 266
3070 11028 290 265
3070 11029 289 265
3070 11030 289 265
3070 11031 291 265
3238 11837 137 281
3238 11838 137 281
3238 11839 135 283
3238 11840 132 285
3238 11841 127 287
3238 11842 122 290
3238 11843 116 293
3238 11844 112 295
3238 11845 105 298
3238 11846 99 302
3238 11847 91 304
3238 11848 84 307
3238 11849 77 311
3238 11850 70 313
3238 11851 61 317
3238 11852 53 321
3238 11853 46 324
3238 11854 38 329
3238 11855 29 340
3238 11856 24 342
3238 11857 20 343
3238 11858 17 344
3238 11859 14 344
3238 11860 8 345
3238 11861 3 355
3255 11869 47 350
3255 11870 42 346
3255 11871 43 344
3255 11872 41 340
3255 11873 45 341
3255 11874 46 344
3255 11875 49 345
3255 11876 48 342
3255 11877 47 343
3255 11878 51 341
3255 11879 52 341
3255 11880 54 340
3255 11881 57 340
3255 11882 56 335
3255 11883 58 340
3255 11884 60 340
3255 11885 63 339
3255 11886 62 336
3255 11887 64 336
3255 11888 66 336
3255 11889 69 335
3255 11890 72 335
3255 11891 70 333
3255 11892 74 334
3255 11893 75 334
3255 11894 78 334
3255 11895 80 333
3255 11896 81 332
3255 11897 83 331
3255 11898 84 331
3255 11899 88 331
3255 11900 88 331
3255 11901 90 331
3255 11902 94 331
3255 11903 93 328
3255 11904 94 329
3255 11905 96 329
3255 11906 98 329
3255 11907 103 329
3255 11908 102 328
3255 11909 105 328
3255 11910 106 328
3255 11911 108 327
3255 11912 109 327
3255 11913 110 327
3255 11914 111 326
3255 11915 113 325
3255 11916 115 325
3255 11917 117 326
3255 11918 121 325
3255 11919 120 320
3255 11920 121 324
3255 11921 126 325
3255 11922 125 325
3255 11923 127 324
3255 11924 128 323
3255 11925 130 324
3255 11926 131 324
3255 11927 132 325
3255 11928 131 322
3255 11929 135 321
3255 11930 137 321
3255 11931 137 320
3255 11932 137 319
3255 11933 135 322
3255 11934 137 327
3255 11935 137 326
3255 11936 143 327
3281 11944 516 454
3281 11945 514 453
3281 11946 510 452
3281 11947 506 453
3281 11948 502 447
3281 11949 501 442
3281 11950 495 444
3281 11951 491 444
3281 11952 487 441
3281 11953 485 441
3281 11954 481 438
3281 11955 477 434
3281 11956 473 434
3281 11957 471 432
3281 11958 468 427
3281 11959 464 428
3281 11960 460 428
3281 11961 456 424
3281 11962 453 422
3281 11963 451 418
3281 11964 447 422
3281 11965 443 417
3281 11966 440 418
3281 11967 436 417
3281 11968 432 411
3281 11969 429 413
3281 11970 426 411
3281 11971 422 410
3281 11972 420 410
3281 11973 414 407
3281 11974 410 403
3281 11975 408 404
3281 11976 406 402
3281 11977 401 402
3281 11978 399 401
3281 11979 395 399
3281 11980 392 398
3281 11981 390 397
3281 11982 385 392
3281 11983 381 394
3281 11984 377 392
3281 11985 378 392
3281 11986 372 390
3281 11987 369 382
3281 11988 368 382
3281 11989 364 383
3281 11990 361 382
3281 11991 358 381
3281 11992 356 382
3281 11993 353 379
3281 11994 350 379
3281 11995 348 377
3281 11996 344 376
3281 11997 342 373
3281 11998 341 374
3281 11999 338 367
3281 12000 335 369
3281 12001 333 369
3281 12002 330 366
3281 12003 328 367
3281 12004 325 362
3281 12005 323 364
3281 12006 321 359
3281 12007 318 362
3281 12008 316 357
3281 12009 313 357
3281 12010 314 359
3313 12010 311 353
3313 12011 311 353
3313 12012 307 355
3313 12013 304 353
3313 12014 302 349
3313 12015 300 349
3313 12016 299 347
3313 12017 297 349
3313 12018 295 345
3313 12019 293 348
3313 12020 290 344
3313 12021 288 342
3313 12022 287 345
3313 12023 284 339
3313 12024 283 342
3313 12025 282 338
3313 12026 280 341
3313 12027 277 341
3313 12028 275 337
3313 12029 274 335
3313 12030 271 333
3313 12031 270 332
3313 12032 267 334
3313 12033 267 332
3313 12034 266 333
3313 12035 265 329
3313 12036 263 332
3313 12037 263 326
3313 12038 262 328
3313 12039 262 328
3313 12040 261 325
3313 12041 260 323
3313 12042 259 326
3404 12398 245 248
3404 12399 251 249
3404 12400 247 249
3404 12401 256 250
3404 12402 266 251
3404 12403 278 251
3404 12404 288 253
3404 12405 299 252
3404 12406 310 254
3404 12407 322 256
3404 12408 332 257
3404 12409 342 259
3404 12410 356 259
3404 12411 369 259
3404 12412 379 260
3404 12413 390 262
3404 12414 406 265
3404 12415 421 267
3404 12416 432 267
3404 12417 443 268
3404 12418 456 269
3404 12419 467 269
3404 12420 473 270
3404 12421 477 270
3404 12422 485 271
3404 12423 492 275
3479 12594 268 251
3479 12595 279 250
3479 12596 288 252
3479 12597 297 254
3479 12598 308 256
3479 12599 319 257
3479 12600 330 258
3479 12601 340 260
3479 12602 349 259
3479 12603 362 260
3479 12604 372 260
3479 12605 382 262
3479 12606 393 263
3479 12607 404 265
3479 12608 414 266
3479 12609 424 267
3479 12610 435 269
3479 12611 447 269
3479 12612 459 270
3479 12613 468 269
3479 12614 472 270
3479 12615 477 271
3479 12616 482 272
3479 12617 489 273
3494 12645 204 246
3494 12646 219 248
3494 12647 235 249
3494 12648 248 250
3494 12649 263 251
3494 12650 280 252
3494 12651 300 254
3494 12652 314 256
3494 12653 331 257
3494 12654 351 260
3494 12655 370 260
3494 12656 387 261
3494 12657 404 263
3494 12658 424 266
3494 12659 445 267
3494 12660 462 269
3494 12661 471 268