53 86 282 254
53 87 294 256
53 88 308 257
53 89 321 258
53 90 330 258
53 91 344 260
53 92 358 260
53 93 373 261
53 94 382 262
53 95 396 264
53 96 412 265
53 97 427 266
53 98 438 267
53 99 453 268
53 100 468 270
53 101 466 274
242 398 167 262
242 399 166 264
242 400 166 263
242 401 164 266
242 402 164 267
242 403 164 269
242 404 163 270
242 405 161 271
242 406 160 273
242 407 156 279
242 408 157 274
242 409 156 266
242 410 154 268
242 411 153 271
242 412 151 272
242 413 149 273
242 414 147 274
242 415 145 276
242 416 143 276
242 417 140 278
242 418 142 280
242 419 134 286
242 420 133 283
242 421 130 285
242 422 127 286
242 423 124 287
242 424 122 288
242 425 118 291
242 426 115 292
242 427 111 293
242 428 107 296
242 429 105 298
242 430 101 299
242 431 97 300
242 432 91 302
242 433 87 304
242 434 85 305
242 435 80 307
242 436 76 309
242 437 71 311
242 438 68 313
242 439 63 315
242 440 59 317
242 441 55 319
242 442 52 320
242 443 46 321
242 444 40 324
242 445 36 326
242 446 31 328
242 447 27 331
242 448 22 332
242 449 17 334
242 450 15 336
242 451 15 334
242 452 12 344
242 453 6 341
242 454 4 341
242 455 5 343
262 420 154 282
262 421 156 284
262 422 153 285
262 423 151 287
262 424 146 289
262 425 146 291
262 426 144 291
262 427 138 293
262 428 138 294
262 429 136 285
262 430 130 279
262 431 131 284
262 432 122 290
262 433 124 285
262 434 118 292
262 435 113 277
262 436 110 284
262 437 107 290
262 438 105 294
262 439 100 289
262 440 97 294
262 441 92 294
262 442 89 298
262 443 86 303
262 444 81 300
262 445 83 303
262 446 74 307
262 447 74 303
262 448 69 311
262 449 59 310
262 450 57 314
262 451 52 315
262 452 47 324
262 453 42 315
262 454 36 311
262 455 31 317
262 456 28 328
262 457 23 325
262 458 18 334
262 459 18 328
262 460 10 323
262 461 7 332
262 462 4 335
320 509 487 269
320 510 484 266
320 511 475 266
320 512 464 265
320 513 450 263
320 514 441 262
320 515 428 261
320 516 412 261
320 517 399 259
320 518 385 258
320 519 378 257
320 520 365 256
320 521 352 254
320 522 351 259
364 542 128 282
364 543 131 280
364 544 128 282
364 545 124 284
364 546 124 284
364 547 122 286
364 548 118 288
364 549 115 290
364 550 113 291
364 551 108 293
364 552 104 294
364 553 101 296
364 554 100 297
364 555 94 300
364 556 89 301
364 557 87 303
364 558 82 305
364 559 82 306
364 560 77 308
364 561 75 309
388 562 66 312
388 563 62 313
388 564 58 315
388 565 53 317
388 566 47 320
388 567 43 321
388 568 44 322
388 569 38 324
388 570 29 327
388 571 22 330
388 572 19 330
388 573 20 332
388 574 13 332
388 575 14 335
388 576 7 336
388 577 11 338
388 578 9 337
427 636 474 263
427 637 462 263
427 638 449 262
427 639 443 260
427 640 420 260
427 641 405 258
427 642 399 254
427 643 385 259
427 644 375 255
427 645 364 254
427 646 360 253
427 647 352 253
427 648 341 254
427 649 335 252
427 650 322 251
427 651 311 250
427 652 301 249
427 653 293 248
427 654 283 247
427 655 272 248
427 656 262 247
427 657 256 246
609 1017 196 314
609 1018 200 315
609 1019 201 312
609 1020 203 311
609 1021 205 316
609 1022 207 313
609 1023 208 314
609 1024 209 317
609 1025 213 317
609 1026 213 316
609 1027 215 317
609 1028 218 320
609 1029 220 318
609 1030 222 320
609 1031 224 318
609 1032 225 321
609 1033 227 321
609 1034 230 321
609 1035 231 321
609 1036 233 324
609 1037 235 323
609 1038 237 325
609 1039 239 326
609 1040 240 327
609 1041 242 326
609 1042 245 329
609 1043 245 329
609 1044 247 332
609 1045 250 330
609 1046 251 332
609 1047 253 332
609 1048 255 334
609 1049 257 332
609 1050 259 333
609 1051 261 334
609 1052 262 336
609 1053 265 337
609 1054 268 337
609 1055 270 340
609 1056 273 340
609 1057 274 343
609 1058 276 340
609 1059 279 341
609 1060 280 342
609 1061 282 342
609 1062 284 344
609 1063 286 346
609 1064 287 345
609 1065 289 346
609 1066 296 348
609 1067 300 349
609 1068 299 351
609 1069 304 350
609 1070 305 352
609 1071 307 354
609 1072 310 354
609 1073 312 355
609 1074 314 356
609 1075 317 358
609 1076 321 357
609 1077 323 358
609 1078 325 360
609 1079 327 365
609 1080 331 363
609 1081 333 364
609 1082 335 364
609 1083 339 365
609 1084 342 363
609 1085 344 367
609 1086 346 370
609 1087 350 369
609 1088 351 371
609 1089 353 372
609 1090 356 373
609 1091 361 375
609 1092 362 377
609 1093 365 377
609 1094 368 379
609 1095 371 380
609 1096 374 379
609 1097 376 382
609 1098 380 382
609 1099 383 382
609 1100 386 384
609 1101 388 388
609 1102 392 387
609 1103 394 390
609 1104 396 389
609 1105 400 392
609 1106 403 391
609 1107 408 394
609 1108 410 395
609 1109 413 397
609 1110 416 397
609 1111 418 399
609 1112 421 399
609 1113 426 401
609 1114 430 401
609 1115 433 404
609 1116 436 406
609 1117 440 406
609 1118 443 407
609 1119 446 408
609 1120 448 409
609 1121 455 410
609 1122 458 413
609 1123 461 413
609 1124 466 417
609 1125 467 416
609 1126 471 421
609 1127 475 422
609 1128 477 421
609 1129 482 421
609 1130 486 423
609 1131 489 426
609 1132 494 428
609 1133 497 427
609 1134 501 429
609 1135 502 433
609 1136 508 432
609 1137 513 433
609 1138 517 436
609 1139 521 439
609 1140 524 438
609 1141 528 441
609 1142 530 441
609 1143 536 444
609 1144 542 443
609 1145 545 446
609 1146 548 449
609 1147 552 455
609 1148 555 450
609 1149 559 454
609 1150 562 459
609 1151 566 456
609 1152 571 458
609 1153 576 461
609 1154 580 464
609 1155 583 463
609 1156 586 465
609 1157 589 466
609 1158 594 467
609 1159 599 467
609 1160 604 468
609 1161 608 470
609 1162 610 470
609 1163 616 470
609 1164 620 471
609 1165 624 476
731 1157 276 474
731 1158 288 468
731 1159 296 467
731 1160 306 467
731 1161 316 464
731 1162 322 461
731 1163 332 457
731 1164 341 450
731 1165 349 446
731 1166 354 443
731 1167 363 438
731 1168 369 433
731 1169 373 436
1296 1539 88 306
1296 1540 87 310
1296 1541 87 315
1296 1542 84 314
1296 1543 82 316
1296 1544 78 317
1296 1545 77 318
1296 1546 74 320
1296 1547 69 322
1296 1548 67 323
1296 1549 66 322
1296 1550 63 324
1296 1551 60 325
1296 1552 57 328
1296 1553 53 329
1296 1554 52 328
1296 1555 49 331
1296 1556 48 329
1296 1557 44 333
1296 1558 41 335
1296 1559 38 334
1296 1560 36 336
1296 1561 32 337
1296 1562 30 337
1296 1563 26 338
1296 1564 24 341
1296 1565 21 342
1296 1566 18 342
1296 1567 14 344
1296 1568 11 346
1296 1569 9 347
1296 1570 6 347
1296 1571 5 349
1296 1572 3 351
1296 1573 3 349
1373 1567 398 392
1373 1568 397 397
1373 1569 399 399
1373 1570 402 397
1373 1571 407 394
1373 1572 411 393
1373 1573 415 393
1373 1574 419 393
1373 1575 425 391
1373 1576 428 389
1373 1577 433 388
1373 1578 440 388
1373 1579 444 385
1373 1580 448 385
1373 1581 455 385
1373 1582 459 383
1373 1583 466 382
1373 1584 471 382
1373 1585 476 380
1373 1586 483 381
1373 1587 489 378
1373 1588 492 378
1373 1589 499 377
1373 1590 503 376
1373 1591 507 374
1373 1592 513 373
1373 1593 518 372
1373 1594 523 371
1373 1595 530 371
1373 1596 536 367
1373 1597 538 369
1373 1598 542 366
1373 1599 545 365
1373 1600 551 364
1373 1601 556 364
1373 1602 560 363
1373 1603 564 361
1373 1604 568 360
1373 1605 572 360
1373 1606 577 357
1373 1607 580 356
1373 1608 585 354
1373 1609 588 354
1373 1610 591 353
1373 1611 593 352
1373 1612 598 351
1373 1613 602 350
1373 1614 605 348
1373 1615 608 351
1373 1616 610 346
1373 1617 615 346
1373 1618 619 346
1373 1619 620 344
1373 1620 624 344
1373 1621 627 343
1373 1622 632 342
1906 2283 479 278
1906 2284 478 278
1906 2285 476 278
1906 2286 473 278
1906 2287 472 278
1906 2288 470 278
1906 2289 467 278
1906 2290 464 279
1906 2291 463 279
1906 2292 462 279
1906 2293 456 281
1906 2294 457 280
1906 2295 456 280
1906 2296 453 279
1906 2297 450 280
1906 2298 448 280
1906 2299 448 280
1906 2300 445 278
1906 2301 441 279
1906 2302 440 280
1906 2303 439 279
1906 2304 437 278
1906 2305 435 279
1906 2306 432 280
1906 2307 431 279
1906 2308 428 277
1906 2309 425 278
1906 2310 424 278
1906 2311 424 278
1906 2312 420 277
1906 2313 418 278
1906 2314 416 278
1906 2315 415 278
1906 2316 412 276
1906 2317 410 278
1906 2318 408 277
1906 2319 407 277
1906 2320 405 277
1906 2321 402 277
1906 2322 399 277
1906 2323 398 276
1906 2324 395 275
1906 2325 394 276
1906 2326 391 276
1906 2327 391 275
1906 2328 388 275
1906 2329 385 275
1906 2330 383 275
1906 2331 381 275
1906 2332 380 275
1906 2333 377 275
1906 2334 375 275
1906 2335 374 275
1906 2336 372 274
1906 2337 368 275
1906 2338 367 274
1906 2339 366 274
1906 2340 364 274
1906 2341 361 274
1906 2342 359 274
1906 2343 359 274
1906 2344 355 274
1906 2345 352 274
1906 2346 351 273
1906 2347 351 273
1906 2348 347 273
1906 2349 345 273
1906 2350 343 273
1906 2351 340 272
1906 2352 339 272
1906 2353 337 273
1906 2354 335 272
1906 2355 333 272
1906 2356 331 271
1906 2357 330 271
1906 2358 328 271
1906 2359 327 271
1906 2360 325 270
1906 2361 323 270
1906 2362 321 270
1906 2363 321 270
1906 2364 318 270
1906 2365 315 269
1906 2366 314 270
1906 2367 312 270
1906 2368 310 269
1906 2369 307 269
1906 2370 306 269
1906 2371 305 269
1906 2372 303 269
1906 2373 300 269
1906 2374 298 268
1906 2375 298 268
1906 2376 295 268
1906 2377 293 268
1906 2378 290 268
1906 2379 291 268
1906 2380 287 267
1906 2381 284 267
1906 2382 283 267
1906 2383 283 267
1906 2384 279 267
1906 2385 277 267
1906 2386 275 266
1906 2387 275 265
1906 2388 271 265
1906 2389 270 265
1906 2390 269 266
1906 2391 268 265
1906 2392 265 265
1906 2393 260 265
1906 2394 262 265
1906 2395 261 264
2156 2776 490 268
2156 2777 481 265
2156 2778 475 264
2156 2779 460 264
2156 2780 454 263
2156 2781 441 262
2156 2782 426 261
2156 2783 409 258
2156 2784 397 258
2156 2785 381 257
2156 2786 365 255
2156 2787 349 254
2156 2788 337 254
2156 2789 322 252
2156 2790 307 250
2156 2791 292 250
2156 2792 282 248
2156 2793 268 248
2156 2794 254 246
2156 2795 259 251
2202 2840 318 256
2202 2841 331 257
2202 2842 346 258
2202 2843 360 259
2202 2844 369 260
2202 2845 384 260
2202 2846 398 262
2202 2847 410 264
2202 2848 423 264
2202 2849 438 266
2202 2850 455 267
2202 2851 465 269
2202 2852 475 268
2202 2853 485 268
2218 2869 201 246
2218 2870 208 247
2218 2871 214 247
2218 2872 217 246
2218 2873 235 252
2218 2874 238 248
2218 2875 246 249
2218 2876 252 250
2218 2877 261 250
2218 2878 268 251
2218 2879 275 251
2218 2880 283 253
2218 2881 291 253
2218 2882 296 254
2218 2883 303 255
2218 2884 311 255
2218 2885 322 256
2218 2886 330 257
2218 2887 339 258
2218 2888 345 257
2218 2889 354 257
2218 2890 362 259
2218 2891 372 259
2218 2892 380 259
2218 2893 388 262
2218 2894 395 261
2218 2895 405 262
2218 2896 413 263
2218 2897 421 265
2218 2898 421 271
2329 2937 335 449
2329 2938 331 455
2329 2939 327 456
2329 2940 326 454
2329 2941 323 452
2329 2942 321 448
2329 2943 316 449
2329 2944 313 450
2329 2945 310 449
2329 2946 308 447
2329 2947 306 444
2329 2948 305 439
2329 2949 299 442
2329 2950 298 440
2329 2951 295 438
2329 2952 293 435
2329 2953 291 431
2329 2954 287 433
2329 2955 283 436
2329 2956 281 431
2329 2957 281 428
2329 2958 278 431
2329 2959 276 428
2329 2960 273 426
2329 2961 271 425
2329 2962 268 423
2329 2963 266 421
2329 2964 264 421
2329 2965 262 419
2329 2966 261 416
2329 2967 262 417
2379 2955 225 372
2379 2956 224 366
2379 2957 226 367
2379 2958 228 367
2379 2959 229 372
2379 2960 230 373
2379 2961 233 370
2379 2962 235 371
2379 2963 237 372
2379 2964 239 373
2379 2965 241 373
2379 2966 243 376
2379 2967 244 374
2379 2968 247 376
2379 2969 249 377
2379 2970 252 379
2379 2971 253 379
2379 2972 255 379
2379 2973 257 381
2379 2974 259 381
2379 2975 261 383
2379 2976 264 382
2379 2977 265 383
2379 2978 267 383
2379 2979 270 385
2379 2980 274 387
2379 2981 277 388
2379 2982 277 387
2379 2983 280 388
2379 2984 281 389
2379 2985 286 390
2379 2986 285 388
2379 2987 286 389
2379 2988 290 391
2379 2989 291 389
2379 2990 293 394
2379 2991 295 394
2379 2992 297 394
2379 2993 299 394
2379 2994 302 397
2379 2995 302 396
2379 2996 304 397
2379 2997 305 399
2379 2998 308 399
2379 2999 310 403
2379 3000 312 401
2379 3001 313 402
2379 3002 317 406
2379 3003 317 403
2379 3004 318 400
2456 3003 319 413
2456 3004 320 412
2456 3005 320 406
2456 3006 323 407
2456 3007 325 409
2456 3008 327 409
2456 3009 329 411
2456 3010 331 412
2456 3011 334 412
2456 3012 336 415
2456 3013 340 416
2456 3014 340 416
2456 3015 341 417
2456 3016 346 419
2456 3017 349 422
2456 3018 351 421
2456 3019 352 422
2456 3020 356 422
2456 3021 359 425
2456 3022 364 428
2456 3023 363 425
2456 3024 365 427
2456 3025 369 429
2456 3026 370 429
2456 3027 372 434
2456 3028 373 432
2456 3029 377 431
2456 3030 378 434
2456 3031 381 434
2456 3032 381 435
2456 3033 383 437
2456 3034 386 438
2456 3035 390 438
2456 3036 392 440
2456 3037 393 441
2456 3038 397 442
2456 3039 399 445
2456 3040 401 444
2456 3041 403 445
2456 3042 405 446
2456 3043 408 448
2456 3044 412 448
2456 3045 414 449
2456 3046 418 453
2456 3047 421 452
2456 3048 422 457
2456 3049 423 457
2456 3050 425 457
2456 3051 426 458
2456 3052 434 460
2456 3053 436 463
2456 3054 437 464
2456 3055 442 464
2456 3056 444 469
2456 3057 446 465
2456 3058 448 466
2456 3059 449 467
2456 3060 454 467
2456 3061 457 467
2456 3062 460 469
2456 3063 462 469
2456 3064 465 470
2456 3065 469 470
2456 3066 472 471
2456 3067 475 471
2456 3068 480 472
2456 3069 483 472
2456 3070 485 473
2456 3071 489 474
2456 3072 493 475
2456 3073 496 475
2456 3074 499 476
2456 3075 504 476
2695 3237 257 361
2695 3238 260 361
2695 3239 262 361
2695 3240 265 361
2695 3241 270 361
2695 3242 272 361
2695 3243 276 362
2695 3244 279 361
2695 3245 282 361
2695 3246 283 363
2695 3247 287 364
2695 3248 290 363
2695 3249 293 362
2695 3250 295 365
2695 3251 299 364
2695 3252 304 363
2695 3253 307 362
2695 3254 307 365
2695 3255 310 365
2695 3256 314 365
2695 3257 318 363
2695 3258 322 365
2695 3259 323 365
2695 3260 327 365
2695 3261 329 364
2695 3262 334 365
2695 3263 336 365
2695 3264 339 367
2695 3265 341 365
2695 3266 345 365
2695 3267 348 366
2695 3268 352 366
2695 3269 354 364
2695 3270 359 366
2695 3271 361 366
2695 3272 365 366
2695 3273 368 365
2695 3274 370 365
2695 3275 373 367
2695 3276 375 367
2695 3277 381 364
2695 3278 384 364
2695 3279 385 365
2695 3280 388 365
2695 3281 391 366
2695 3282 394 365
2695 3283 398 367
2695 3284 401 366
2695 3285 404 364
2695 3286 407 363
2695 3287 409 365
2695 3288 412 366
2695 3289 415 365
2695 3290 418 364
2695 3291 422 365
2695 3292 424 365
2695 3293 427 366
2695 3294 430 363
2695 3295 432 364
2695 3296 435 365
2695 3297 439 365
2695 3298 445 364
2695 3299 447 365
2695 3300 450 364
2695 3301 453 362
2695 3302 456 363
2695 3303 460 363
2695 3304 461 363
2695 3305 465 363
2695 3306 469 362
2695 3307 470 364
2695 3308 473 364
2695 3309 475 362
2695 3310 479 361
2695 3311 481 362
2695 3312 484 363
2695 3313 486 363
2695 3314 489 358
2695 3315 490 361
2695 3316 493 363
2695 3317 496 363
2695 3318 498 361
2695 3319 500 363
2695 3320 504 362
2695 3321 506 362
2695 3322 509 361
2695 3323 511 361
2695 3324 514 361
2695 3325 517 363
2695 3326 519 362
2695 3327 523 360
2695 3328 525 365
2695 3329 528 361
2695 3330 530 361
2695 3331 533 361
2695 3332 535 360
2695 3333 540 361
2695 3334 540 360
2695 3335 543 359
2712 3277 226 247
2712 3278 230 253
2712 3279 235 248
2712 3280 245 249
2712 3281 249 250
2712 3282 260 250
2712 3283 270 251
2712 3284 281 252
2712 3285 291 254
2712 3286 296 254
2712 3287 305 255
2712 3288 317 256
2712 3289 324 256
2712 3290 337 258
2712 3291 345 257
2712 3292 355 258
2712 3293 365 259
2712 3294 375 259
2712 3295 386 261
2712 3296 394 261
2712 3297 407 262
2712 3298 397 265
2767 3401 428 258
2767 3402 427 258
2767 3403 437 264
2767 3404 423 261
2767 3405 413 260
2767 3406 399 259
2767 3407 384 258
2767 3408 378 258
2767 3409 362 256
2767 3410 347 255
2767 3411 339 255
2767 3412 326 253
2767 3413 312 251
2767 3414 315 249
2767 3415 312 247
2767 3416 302 249
2767 3417 311 250
2848 3494 161 387
2848 3495 161 387
2848 3496 161 383
2848 3497 160 378
2848 3498 162 375
2848 3499 164 374
2848 3500 168 382
2848 3501 167 378
2848 3502 168 379
2848 3503 171 377
2848 3504 177 378
2848 3505 174 375
2848 3506 176 370
2848 3507 176 367
2848 3508 177 366
2848 3509 178 364
2848 3510 180 363
2848 3511 180 370
2848 3512 181 367
2848 3513 183 368
2848 3514 184 367
2848 3515 186 368
2848 3516 185 359
2848 3517 186 361
2848 3518 188 356
2848 3519 188 355
2848 3520 190 355
2848 3521 191 354
2848 3522 193 359
2848 3523 195 354
2848 3524 195 351
2848 3525 197 350
2848 3526 198 348
2848 3527 199 351
2848 3528 201 355
3104 3703 235 318
3104 3704 235 321
3104 3705 239 323
3104 3706 241 324
3104 3707 243 321
3104 3708 245 318
3104 3709 247 319
3104 3710 251 319
3104 3711 253 319
3104 3712 253 323
3104 3713 253 325
3104 3714 258 323
3104 3715 262 324
3104 3716 261 320
3104 3717 266 324
3104 3718 267 321
3104 3719 271 320
3104 3720 273 318
3104 3721 273 325
3104 3722 276 322
3104 3723 278 323
3104 3724 282 329
3104 3725 281 324
3104 3726 285 325
3104 3727 287 325
3104 3728 290 323
3104 3729 292 325
3104 3730 292 327
3104 3731 293 328
3104 3732 296 327
3104 3733 301 329
3104 3734 300 327
3104 3735 303 328
3104 3736 306 332
3104 3737 307 329
3104 3738 309 331
3104 3739 309 335
3104 3740 311 335
3104 3741 315 336
3104 3742 317 333
3104 3743 318 336
3104 3744 321 334
3104 3745 323 336
3104 3746 327 335
3104 3747 328 335
3104 3748 331 337
3104 3749 335 342
3350 3947 631 278
3350 3948 626 272
3350 3949 620 271
3350 3950 612 271
3350 3951 603 270
3350 3952 593 270
3350 3953 582 268
3350 3954 576 263
3350 3955 567 261
3350 3956 563 254
3352 3949 70 388
3352 3950 68 389
3352 3951 67 385
3352 3952 69 387
3352 3953 70 387
3352 3954 74 386
3352 3955 73 384
3352 3956 75 388
3352 3957 77 390
3352 3958 79 388
3352 3959 80 392
3352 3960 83 392
3352 3961 84 394
3352 3962 86 395
3352 3963 88 395
3352 3964 91 395
3352 3965 91 396
3352 3966 92 397
3352 3967 95 399
3352 3968 96 399
3352 3969 99 398
3352 3970 101 400
3352 3971 103 401
3352 3972 104 402
3352 3973 106 402
3352 3974 109 402
3352 3975 109 404
3352 3976 110 406
3352 3977 111 402
3352 3978 114 406
3352 3979 116 408
3352 3980 117 409
3352 3981 119 410
3352 3982 121 411
3352 3983 123 412
3352 3984 124 411
3352 3985 125 415
3352 3986 127 416
3352 3987 128 414
3352 3988 130 415
3352 3989 133 416
3352 3990 134 417
3352 3991 137 417
3352 3992 138 421
3352 3993 140 419
3352 3994 141 420
3352 3995 144 421
3352 3996 147 422
3352 3997 149 422
3352 3998 153 422
3352 3999 154 423
3421 3995 161 415
3421 3996 163 416
3421 3997 164 415
3421 3998 167 417
3421 3999 167 416
3421 4000 163 421
3421 4001 165 422
3421 4002 168 421
3421 4003 169 422
3421 4004 173 424
3421 4005 177 425
3421 4006 174 431
3421 4007 177 425
3421 4008 180 427
3421 4009 185 429
3421 4010 183 434
3421 4011 186 429
3421 4012 189 431
3421 4013 191 432
3421 4014 193 433
3421 4015 197 434
3421 4016 199 434
3421 4017 197 440
3421 4018 201 441
3421 4019 205 438
3421 4020 209 440
3421 4021 211 440
3421 4022 214 443
3421 4023 221 443
3421 4024 222 443
3421 4025 222 443
3421 4026 226 444
3421 4027 230 447
3421 4028 233 448
3421 4029 235 448
3421 4030 236 447
3421 4031 240 450
3421 4032 235 456
3421 4033 238 455
3421 4034 242 459
3421 4035 245 463
3421 4036 248 463
3421 4037 250 461
3421 4038 252 457
3421 4039 255 461
3421 4040 257 465
3421 4041 260 465
3421 4042 265 465
3421 4043 269 466
3421 4044 267 467
3421 4045 271 467
3421 4046 274 467
3421 4047 277 467
3421 4048 279 468
3421 4049 281 467
3421 4050 285 469
3421 4051 289 470
3421 4052 292 470
3421 4053 295 471
3421 4054 298 471
3421 4055 303 472
3421 4056 307 472
3421 4057 309 471
3421 4058 313 473
3421 4059 317 474
3421 4060 319 474
3421 4061 322 474
3427 3996 475 264
3427 3997 465 264
3427 3998 456 263
3427 3999 444 262
3427 4000 432 261
3427 4001 419 260
3427 4002 411 259
3427 4003 399 257
3427 4004 387 257
3427 4005 367 256
3427 4006 364 255
3427 4007 355 254
3427 4008 343 254
3427 4009 325 252
3427 4010 331 253
3427 4011 323 255
3541 4123 84 313
3541 4124 79 317
3541 4125 73 321
3541 4126 67 324
3541 4127 64 323
3541 4128 57 329
3541 4129 54 328
3541 4130 46 321
3541 4131 40 335
3541 4132 37 335
3541 4133 33 336
3541 4134 27 338
3541 4135 19 344
3541 4136 18 341
3593 4210 302 372
3593 4211 306 374
3593 4212 308 373
3593 4213 310 377
3593 4214 311 377
3593 4215 313 376
3593 4216 315 378
3593 4217 317 376
3593 4218 318 381
3593 4219 322 381
3593 4220 324 380
3593 4221 327 383
3593 4222 327 384
3593 4223 331 382
3593 4224 332 384
3593 4225 334 386
3593 4226 336 385
3593 4227 338 385
3593 4228 341 386
3593 4229 344 386
3593 4230 345 388
3593 4231 350 390
3593 4232 352 392
3593 4233 353 391
3593 4234 358 392
3593 4235 359 393
3593 4236 361 394
3593 4237 365 395
3593 4238 366 396
3593 4239 370 397
3593 4240 371 398
3593 4241 373 400
3593 4242 377 402
3593 4243 375 404
3615 4266 441 429
3615 4267 441 430
3615 4268 445 432
3615 4269 448 432
3615 4270 453 432
3615 4271 455 433
3615 4272 460 435
3615 4273 459 436
3615 4274 462 440
3615 4275 466 440
3615 4276 470 442
3615 4277 474 443
3615 4278 478 443
3615 4279 480 444
3615 4280 483 446
3615 4281 488 446
3615 4282 493 448
3615 4283 495 450
3615 4284 498 453
3615 4285 494 456
3615 4286 499 457
3615 4287 502 458
3615 4288 505 460
3615 4289 510 462
3615 4290 514 462
3615 4291 518 465
3615 4292 521 465
3769 4455 166 267
3769 4456 171 266
3769 4457 167 263
3769 4458 165 267
3769 4459 165 267
3769 4460 160 268
3769 4461 159 270
3769 4462 159 271
3769 4463 157 274
3769 4464 155 276
3769 4465 153 274
3769 4466 151 277
3769 4467 149 277
3769 4468 146 279
3769 4469 143 279
3769 4470 142 281
3769 4471 139 283
3769 4472 135 286
3769 4473 137 286
3769 4474 131 288
3769 4475 128 289
3769 4476 125 291
3769 4477 123 292
3769 4478 122 294
3769 4479 118 296
3769 4480 116 300
3769 4481 112 301
3769 4482 108 303
3769 4483 106 303
3769 4484 101 304
3769 4485 99 306
3769 4486 96 307
3769 4487 93 309
3769 4488 87 311
3769 4489 83 313
3769 4490 82 313
3769 4491 76 316
3769 4492 71 318
3769 4493 68 317
3769 4494 63 319
3769 4495 60 323
3769 4496 55 322
3769 4497 50 324
3769 4498 44 324
3769 4499 38 326
3769 4500 34 326
3769 4501 29 328
3769 4502 24 328
3769 4503 19 329
3769 4504 14 329
3769 4505 14 323
3769 4506 11 324
3769 4507 11 327
3809 4475 154 285
3809 4476 151 289
3809 4477 149 292
3809 4478 147 288
3809 4479 144 293
3809 4480 142 292
3809 4481 140 295
3809 4482 137 288
3809 4483 134 291
3809 4484 131 297
3809 4485 129 295
3809 4486 127 299
3809 4487 123 306
3809 4488 120 299
3809 4489 118 308
3809 4490 115 303
3809 4491 112 301
3809 4492 109 308
3809 4493 105 307
3809 4494 101 308
3809 4495 100 318
3809 4496 93 320
3809 4497 91 320
3809 4498 89 320
3809 4499 84 323
3809 4500 80 326
3809 4501 71 329
4011 4903 3 331
4011 4904 3 331
4011 4905 5 333
4011 4906 7 329
4011 4907 10 328
4011 4908 12 330
4011 4909 13 327
4011 4910 15 326
4011 4911 17 324
4011 4912 19 324
4011 4913 20 324
4011 4914 23 324
4011 4915 25 323
4011 4916 28 321
4011 4917 29 322
4011 4918 30 320
4011 4919 32 320
4011 4920 35 319
4011 4921 36 318
4011 4922 39 316
4011 4923 40 317
4011 4924 42 316
4011 4925 43 316
4011 4926 45 314
4011 4927 46 314
4011 4928 48 313
4011 4929 51 312
4011 4930 53 312
4011 4931 53 312
4011 4932 56 311
4011 4933 57 309
4011 4934 59 309
4011 4935 61 309
4011 4936 64 307
4011 4937 65 305
4011 4938 66 306
4011 4939 67 305
4011 4940 70 305
4011 4941 71 304
4011 4942 73 303
4011 4943 75 302
4011 4944 77 300
4011 4945 79 301
4011 4946 80 301
4011 4947 82 301
4011 4948 83 299
4011 4949 84 299
4011 4950 86 299
4011 4951 88 297
4011 4952 90 297
4011 4953 91 297
4011 4954 92 297
4011 4955 94 295
4011 4956 95 293
4011 4957 96 294
4011 4958 98 293
4011 4959 100 293
4011 4960 101 291
4011 4961 103 292
4011 4962 105 291
4011 4963 106 289
4011 4964 107 289
4011 4965 108 290
4011 4966 110 286
4011 4967 111 287
4011 4968 113 287
4011 4969 115 288
4011 4970 116 286
4011 4971 117 285
4011 4972 119 285
4011 4973 120 284
4011 4974 122 284
4011 4975 124 281
4011 4976 125 283
4011 4977 127 280
4011 4978 128 281
4011 4979 130 282
4011 4980 132 280
4011 4981 137 290
4011 4982 135 279
4011 4983 136 279
4011 4984 138 279
4011 4985 139 279
4011 4986 140 279
4011 4987 142 277
4011 4988 143 276
4011 4989 145 277
4011 4990 146 274
4020 4920 265 368
4020 4921 265 370
4020 4922 267 373
4020 4923 269 370
4020 4924 272 372
4020 4925 274 372
4020 4926 275 371
4020 4927 278 373
4020 4928 280 377
4020 4929 283 372
4020 4930 284 376
4020 4931 286 380
4020 4932 288 377
4020 4933 288 379
4020 4934 291 377
4020 4935 292 380
4020 4936 295 383
4020 4937 297 381
4020 4938 299 379
4020 4939 301 383
4020 4940 303 387
4020 4941 306 387
4020 4942 308 387
4020 4943 310 388
4020 4944 311 389
4020 4945 316 390
4020 4946 316 390
4020 4947 320 387
4020 4948 320 391
4020 4949 321 392
4020 4950 323 393
4020 4951 328 394
4020 4952 328 394
4020 4953 329 396
4020 4954 334 396
4020 4955 338 395
4020 4956 339 395
4020 4957 341 399
4020 4958 342 403
4020 4959 343 400
4091 5006 472 454
4091 5007 475 455
4091 5008 478 453
4091 5009 481 461
4091 5010 483 462
4091 5011 486 463
4091 5012 489 462
4091 5013 493 464
4091 5014 495 464
4091 5015 498 465
4091 5016 504 465
4091 5017 507 463
4091 5018 510 467
4091 5019 513 467
4091 5020 516 468
4091 5021 520 468
4091 5022 524 469
4091 5023 526 470
4091 5024 529 470
4091 5025 535 470
4091 5026 538 471
4091 5027 540 472
4091 5028 544 472
4091 5029 547 473
4091 5030 551 473
4091 5031 554 474
4091 5032 558 474
4091 5033 563 475
4091 5034 567 475
4169 5105 329 394
4169 5106 328 400
4169 5107 332 400
4169 5108 333 401
4169 5109 335 399
4169 5110 337 402
4169 5111 340 403
4169 5112 341 403
4169 5113 343 402
4169 5114 345 402
4169 5115 347 406
4169 5116 349 407
4169 5117 350 409
4169 5118 351 408
4169 5119 355 406
4169 5120 357 408
4169 5121 358 413
4169 5122 360 413
4169 5123 361 412
4169 5124 364 412
4169 5125 366 416
4169 5126 367 418
4169 5127 368 418
4169 5128 370 417
4169 5129 375 418
4169 5130 376 421
4169 5131 378 422
4169 5132 379 422
4169 5133 383 421
4169 5134 385 422
4169 5135 388 423
4169 5136 388 425
4169 5137 391 424
4169 5138 392 424
4169 5139 395 423
4169 5140 398 427
4169 5141 399 429
4169 5142 400 427
4169 5143 403 427
4169 5144 406 426
4169 5145 408 433
4169 5146 410 431
4169 5147 411 431
4169 5148 414 430
4169 5149 418 430
4169 5150 421 434
4169 5151 422 435
4169 5152 423 436
4169 5153 425 434
4169 5154 429 433
4169 5155 431 438
4169 5156 433 439
4169 5157 434 438
4169 5158 439 437
4169 5159 442 438
4169 5160 445 439
4169 5161 445 440
4169 5162 446 441
4169 5163 450 441
4169 5164 452 444
4169 5165 454 444
4169 5166 455 445
4169 5167 457 444
4169 5168 462 440
4169 5169 466 445
4169 5170 465 444
4169 5171 468 449
4169 5172 470 447
4169 5173 473 447
4169 5174 477 448
4169 5175 480 448
4169 5176 477 451
4169 5177 482 451
4169 5178 486 451
4169 5179 490 451
4169 5180 493 454
4169 5181 494 455
4169 5182 495 454
4169 5183 500 454
4169 5184 503 456
4169 5185 504 457
4169 5186 505 459
4169 5187 510 456
4169 5188 512 459
4169 5189 516 461
4169 5190 518 459
4169 5191 520 459
4169 5192 517 462
4169 5193 521 468
4169 5194 523 463
4171 5110 358 259
4171 5111 374 261
4171 5112 388 262
4171 5113 398 264
4171 5114 415 265
4171 5115 431 266
4171 5116 441 268
4171 5117 459 269
4171 5118 474 272
4171 5119 483 269
4171 5120 488 268
4171 5121 478 276
4171 5122 475 276
4171 5123 473 280
4171 5124 472 277
4171 5125 470 273
4171 5126 467 277
4171 5127 465 277
4171 5128 464 279
4171 5129 461 277
4171 5130 458 277
4171 5131 456 278
4171 5132 456 277
4171 5133 454 277
4171 5134 450 278
4171 5135 449 276
4171 5136 447 278
4171 5137 444 277
4171 5138 443 280
4171 5139 441 276
4171 5140 440 279
4171 5141 437 277
4171 5142 434 277
4171 5143 433 275
4171 5144 430 276
4171 5145 428 276
4171 5146 425 276
4171 5147 424 275
4171 5148 422 275
4171 5149 419 276
4171 5150 418 274
4171 5151 417 276
4171 5152 413 274
4171 5153 411 275
4171 5154 409 273
4171 5155 408 273
4171 5156 406 274
4171 5157 403 276
4171 5158 402 272
4171 5159 399 274
4171 5160 394 274
4171 5161 394 271
4171 5162 394 272
4171 5163 391 274
4171 5164 388 274
4171 5165 387 272
4171 5166 385 273
4171 5167 383 272
4171 5168 381 272
4171 5169 376 272
4171 5170 376 272
4171 5171 376 271
4171 5172 373 271
4171 5173 371 271
4171 5174 369 272
4171 5175 364 272
4171 5176 364 270
4171 5177 362 269
4171 5178 361 271
4171 5179 358 272
4171 5180 353 271
4171 5181 354 270
4171 5182 353 271
4171 5183 350 270
4171 5184 350 269
4171 5185 346 270
4171 5186 345 270
4171 5187 343 270
4171 5188 341 269
4171 5189 338 269
4171 5190 336 269
4171 5191 335 269
4171 5192 333 270
4171 5193 330 269
4171 5194 328 270
4171 5195 327 268
4171 5196 328 267
4171 5197 325 267
4186 5194 489 264
4186 5195 482 265
4186 5196 478 265
4186 5197 471 264
4186 5198 462 264
4186 5199 453 263
4186 5200 440 261
4186 5201 429 260
4186 5202 416 260
4186 5203 405 259
4186 5204 396 259
4186 5205 384 257
4186 5206 372 256
4186 5207 360 253
4186 5208 353 254
4186 5209 348 254
4221 5294 304 257
4221 5295 318 258
4221 5296 334 260
4221 5297 346 260
4221 5298 363 262
4221 5299 379 262
4221 5300 390 264
4221 5301 408 265
4221 5302 425 266
4221 5303 429 272
4238 5377 484 269
4238 5378 478 266
4238 5379 463 265
4238 5380 443 264
4238 5381 429 263
4238 5382 410 261
4238 5383 389 259
4238 5384 370 258
4238 5385 358 256
4366 5563 179 263
4366 5564 172 265
4366 5565 168 267
4366 5566 169 261
4366 5567 169 266
4366 5568 164 268
4366 5569 157 270
4366 5570 156 274
4366 5571 156 273
4366 5572 151 276
4366 5573 147 279
4366 5574 138 281
4366 5575 136 283
4366 5576 133 286
4366 5577 127 288
4366 5578 117 290
4366 5579 118 292
4366 5580 117 303
4378 5574 163 281
4378 5575 158 279
4378 5576 153 282
4378 5577 147 286
4378 5578 144 281
4378 5579 139 292
4378 5580 134 293
4378 5581 130 298
4378 5582 124 300
4378 5583 118 300
4378 5584 115 302
4378 5585 110 309
4378 5586 107 311
4378 5587 101 314
4378 5588 96 316
4378 5589 92 317
4378 5590 88 317
4380 5580 106 296
4380 5581 102 299
4380 5582 100 301
4380 5583 96 304
4380 5584 91 308
4380 5585 80 312
4380 5586 79 314
4380 5587 73 316
4380 5588 63 318
4380 5589 58 323
4380 5590 54 324
4380 5591 49 326
4380 5592 43 329
4380 5593 39 330
4380 5594 35 332
4380 5595 30 335
4380 5596 26 338
4380 5597 21 339
4380 5598 18 342
4380 5599 16 339
4380 5600 21 342
4380 5601 20 343
4380 5602 18 338
4380 5603 22 333
4425 5622 555 369
4425 5623 556 366
4425 5624 554 369
4425 5625 553 367
4425 5626 552 367
4425 5627 550 371
4425 5628 548 372
4425 5629 545 369
4425 5630 545 369
4425 5631 543 370
4425 5632 542 371
4425 5633 541 375
4425 5634 540 372
4425 5635 538 373
4425 5636 536 374
4425 5637 534 374
4425 5638 533 375
4425 5639 532 375
4425 5640 532 376
4425 5641 529 377
4425 5642 531 378
4425 5643 527 377
4425 5644 528 379
4425 5645 526 380
4425 5646 526 380
4425 5647 524 381
4425 5648 524 381
4425 5649 522 382
4425 5650 523 383
4425 5651 520 383
4425 5652 520 385
4425 5653 519 386
4425 5654 516 387
4425 5655 517 389
4425 5656 514 387
4425 5657 513 387
4425 5658 512 389
4425 5659 510 390
4425 5660 509 393
4425 5661 507 392
4425 5662 506 391
4425 5663 504 391
4425 5664 501 394
4425 5665 499 394
4425 5666 498 400
4425 5667 497 396
4425 5668 494 400
4425 5669 492 399
4425 5670 490 397
4425 5671 489 401
4425 5672 486 402
4425 5673 483 404
4425 5674 482 399
4425 5675 479 399
4467 5675 499 409
4467 5676 497 405
4467 5677 498 402
4467 5678 496 403
4467 5679 493 404
4467 5680 491 399
4467 5681 490 403
4467 5682 487 407
4467 5683 485 410
4467 5684 482 408
4467 5685 478 411
4467 5686 476 412
4467 5687 475 411
4467 5688 476 422
4467 5689 471 424
4467 5690 469 415
4467 5691 467 413
4467 5692 466 414
4467 5693 461 416
4467 5694 461 411
4467 5695 457 417
4467 5696 456 417
4467 5697 452 420
4467 5698 452 415
4467 5699 448 419
4467 5700 446 420
4467 5701 443 422
4467 5702 439 424
4467 5703 436 426
4467 5704 436 423
4467 5705 435 425
4467 5706 432 420
4467 5707 427 429
4467 5708 426 430
4467 5709 425 428
4467 5710 420 431
4467 5711 419 425
4467 5712 417 425
4522 5712 35 472
4522 5713 35 472
4522 5714 39 468
4522 5715 42 467
4522 5716 44 470
4522 5717 48 466
4522 5718 49 469
4522 5719 54 469
4522 5720 56 466
4522 5721 59 466
4522 5722 62 468
4522 5723 64 468
4522 5724 68 467
4522 5725 71 466
4522 5726 74 463
4522 5727 77 467
4522 5728 81 464
4522 5729 85 461
4522 5730 88 460
4522 5731 92 462
4522 5732 92 461
4522 5733 98 461
4522 5734 102 461
4522 5735 104 459
4522 5736 107 461
4522 5737 108 456
4522 5738 113 458
4522 5739 116 458
4522 5740 116 459
4522 5741 122 455
4522 5742 122 458
4522 5743 126 456
4522 5744 125 456
4522 5745 131 456
4522 5746 134 449
4522 5747 132 450
4523 5712 386 443
4523 5713 383 446
4523 5714 376 446
4523 5715 373 441
4523 5716 373 439
4523 5717 370 440
4523 5718 368 442
4523 5719 365 437
4523 5720 363 442
4523 5721 359 444
4523 5722 356 447
4523 5723 354 441
4523 5724 352 448
4523 5725 349 449
4523 5726 345 452
4523 5727 345 448
4523 5728 339 453
4523 5729 338 452
4523 5730 333 455
4523 5731 330 450
4523 5732 328 459
4523 5733 324 460
4523 5734 322 461
4523 5735 320 459
4523 5736 317 456
4523 5737 312 458
4523 5738 311 462
4523 5739 305 460
4523 5740 302 459
4523 5741 300 461
4523 5742 298 462
4523 5743 295 466
4523 5744 294 467
4523 5745 290 467
4523 5746 286 468
4523 5747 283 469
4523 5748 279 469
4523 5749 276 469
4523 5750 274 471
4523 5751 270 471
4523 5752 268 472
4523 5753 265 472
4523 5754 261 473
4523 5755 258 474
4523 5756 253 474
4523 5757 252 475
4523 5758 248 476
4748 5885 591 383
4748 5886 591 382
4748 5887 588 381
4748 5888 583 381
4748 5889 580 383
4748 5890 582 380
4748 5891 580 379
4748 5892 577 378
4748 5893 572 379
4748 5894 571 377
4748 5895 569 376
4748 5896 567 375
4748 5897 562 376
4748 5898 560 376
4748 5899 559 374
4748 5900 556 374
4748 5901 551 374
4748 5902 550 373
4748 5903 549 373
4748 5904 547 371
4748 5905 544 371
4748 5906 541 370
4748 5907 539 371
4748 5908 537 369
4748 5909 534 371
4748 5910 530 370
4748 5911 528 369
4748 5912 526 368
4748 5913 524 367
4748 5914 520 366
4748 5915 519 367
4748 5916 517 367
4748 5917 514 365
4748 5918 510 365
4748 5919 509 364
4748 5920 507 363
4748 5921 505 361
4748 5922 502 362
4748 5923 499 362
4748 5924 498 360
4748 5925 496 359
4748 5926 493 359
4748 5927 491 359
4748 5928 490 358
4748 5929 489 358
4748 5930 487 355
4748 5931 483 354
4748 5932 482 356
4748 5933 481 354
4748 5934 478 353
4748 5935 475 354
4748 5936 474 353
4748 5937 473 348
4748 5938 469 347
4748 5939 467 350
4748 5940 465 349
4748 5941 465 348
4748 5942 462 348
4748 5943 458 343
4748 5944 456 344
4748 5945 456 346
4785 5917 159 275
4785 5918 154 276
4785 5919 151 279
4785 5920 145 280
4785 5921 139 282
4785 5922 135 285
4785 5923 130 287
4785 5924 124 289
4785 5925 118 293
4785 5926 112 295
4785 5927 106 299
4785 5928 99 302
4785 5929 94 304
4785 5930 87 308
4785 5931 79 311
4785 5932 74 309
4787 5919 126 283
4787 5920 121 285
4787 5921 115 289
4787 5922 111 290
4787 5923 105 294
4787 5924 99 295
4787 5925 94 298
4787 5926 87 301
4787 5927 81 304
4787 5928 73 309
4787 5929 66 312
4787 5930 66 311
4788 5920 487 269
4788 5921 477 265
4788 5922 469 264
4788 5923 454 263
4788 5924 439 262
4788 5925 429 262
4788 5926 414 260
4788 5927 399 259
4788 5928 385 258
4788 5929 376 258
4788 5930 363 256
4788 5931 347 254
4788 5932 339 254
4788 5933 326 253
4788 5934 313 252
4788 5935 300 250
4788 5936 292 249
4788 5937 279 248
4788 5938 259 247
4788 5939 255 246
4788 5940 247 246
4810 5945 457 335
4810 5946 454 340
4810 5947 451 341
4810 5948 449 344
4810 5949 448 339
4810 5950 445 338
4810 5951 442 343
4810 5952 440 339
4810 5953 439 338
4810 5954 437 334
4810 5955 434 338
4810 5956 433 336
4810 5957 432 335
4810 5958 429 334
4810 5959 427 334
4810 5960 425 334
4810 5961 424 333
4810 5962 422 332
4810 5963 421 333
4810 5964 419 329
4810 5965 417 328
4810 5966 415 329
4810 5967 414 333
4810 5968 410 329
4810 5969 409 327
4810 5970 407 324
4810 5971 406 322
4810 5972 405 324
4810 5973 402 324
4810 5974 401 325
4810 5975 398 321
4810 5976 396 322
4810 5977 393 321
4810 5978 394 321
4810 5979 392 318
4810 5980 391 317
4810 5981 389 319
4810 5982 388 318
4810 5983 387 316
4810 5984 385 317
4810 5985 382 316
4810 5986 381 314
4810 5987 381 316
4810 5988 380 312
4810 5989 378 313
4810 5990 377 314
4810 5991 376 311
4810 5992 374 310
4810 5993 372 313
4810 5994 370 313
4810 5995 370 310
4810 5996 369 309
4810 5997 367 309
4810 5998 365 308
4810 5999 365 308
4810 6000 363 308
4810 6001 361 308
4810 6002 359 307
4810 6003 358 306
4810 6004 357 308
4810 6005 355 304
4810 6006 354 306
4810 6007 351 304
4810 6008 351 305
4810 6009 349 302
4810 6010 347 305
4810 6011 345 305
4810 6012 344 305
4810 6013 343 304
4810 6014 340 301
5030 6261 230 420
5030 6262 230 415
5030 6263 226 416
5030 6264 234 417
5030 6265 236 415
5030 6266 239 416
5030 6267 242 415
5030 6268 242 406
5030 6269 248 414
5030 6270 248 421
5030 6271 252 415
5030 6272 254 416
5030 6273 256 417
5030 6274 259 412
5030 6275 262 415
5030 6276 265 423
5030 6277 266 416
5030 6278 268 415
5030 6279 272 415
5030 6280 275 414
5030 6281 278 414
5030 6282 280 414
5030 6283 282 414
5030 6284 283 414
5030 6285 290 413
5030 6286 291 414
5030 6287 292 413
5030 6288 294 412
5030 6289 297 406
5030 6290 302 413
5030 6291 302 414
5030 6292 304 413
5030 6293 305 412
5030 6294 310 412
5030 6295 311 412
5030 6296 313 413
5030 6297 315 413
5030 6298 316 417
5030 6299 324 413
5030 6300 320 411
5030 6301 327 411
5030 6302 328 408
5030 6303 329 410
5116 6414 462 412
5116 6415 457 419
5116 6416 455 417
5116 6417 455 417
5116 6418 450 415
5116 6419 445 413
5116 6420 444 411
5116 6421 442 409
5116 6422 437 411
5116 6423 434 410
5116 6424 432 409
5116 6425 431 405
5116 6426 425 405
5116 6427 422 404
5116 6428 422 402
5116 6429 418 403
5116 6430 417 396
5116 6431 411 400
5116 6432 409 399
5116 6433 406 398
5116 6434 401 398
5116 6435 400 397
5116 6436 396 393
5116 6437 396 388
5116 6438 390 393
5116 6439 388 391
5116 6440 385 388
5116 6441 382 390
5116 6442 378 388
5116 6443 377 388
5116 6444 378 385
5119 6420 485 268
5119 6421 482 265
5119 6422 477 265
5119 6423 470 265
5119 6424 458 263
5119 6425 450 263
5119 6426 439 267
5119 6427 427 267
5119 6428 421 261
5119 6429 411 262
5119 6430 397 258
5119 6431 388 258
5119 6432 377 256
5119 6433 370 255
5119 6434 361 254
5119 6435 352 254
5119 6436 340 253
5119 6437 341 254
5145 6444 372 387
5145 6445 370 386
5145 6446 369 383
5145 6447 366 382
5145 6448 365 382
5145 6449 360 382
5145 6450 358 382
5145 6451 356 379
5145 6452 351 378
5145 6453 351 378
5145 6454 348 376
5145 6455 344 375
5145 6456 341 374
5145 6457 338 373
5145 6458 338 371
5145 6459 334 373
5145 6460 332 371
5145 6461 330 369
5145 6462 329 366
5145 6463 324 367
5145 6464 323 367
5145 6465 322 367
5145 6466 319 365
5145 6467 316 365
5145 6468 313 363
5145 6469 312 362
5145 6470 310 361
5145 6471 308 361
5145 6472 305 361
5145 6473 304 359
5145 6474 303 354
5145 6475 300 357
5145 6476 298 355
5145 6477 296 354
5145 6478 295 354
5145 6479 292 354
5145 6480 290 352
5145 6481 288 350
5145 6482 285 351
5145 6483 283 350
5145 6484 281 349
5145 6485 281 346
5145 6486 277 347
5145 6487 274 346
5145 6488 273 343
5145 6489 271 345
5145 6490 268 344
5145 6491 267 342
5145 6492 265 340
5145 6493 263 341
5145 6494 261 344
5235 6538 503 446
5235 6539 504 442
5235 6540 502 446
5235 6541 498 445
5235 6542 496 447
5235 6543 495 449
5235 6544 492 450
5235 6545 491 451
5235 6546 487 457
5235 6547 488 455
5235 6548 485 456
5235 6549 482 458
5235 6550 480 460
5235 6551 479 460
5235 6552 476 461
5235 6553 475 464
5235 6554 474 468
5235 6555 472 467
5235 6556 470 467
5235 6557 469 467
5235 6558 468 468
5235 6559 465 469
5235 6560 461 470
5235 6561 461 471
5235 6562 460 472
5235 6563 457 472
5235 6564 456 473
5235 6565 451 475
5235 6566 446 475
5747 7110 490 266
5747 7111 489 260
5747 7112 483 259
5747 7113 476 258
5747 7114 473 258
5747 7115 464 256
5747 7116 439 259
5747 7117 435 259
5747 7118 431 259
5747 7119 430 260
5747 7120 402 254
5747 7121 390 253
5747 7122 385 252
5747 7123 370 250
5747 7124 375 260
5929 7378 252 250
5929 7379 259 251
5929 7380 269 251
5929 7381 279 252
5929 7382 286 253
5929 7383 295 253
5929 7384 313 255
5929 7385 324 255
5929 7386 335 257
5929 7387 354 258
5929 7388 365 259
5929 7389 377 260
5929 7390 388 260
5929 7391 398 262
5929 7392 417 263
5929 7393 429 264
5929 7394 440 266
5929 7395 448 266
5929 7396 459 267
5929 7397 451 262
6054 7594 141 281
6054 7595 137 279
6054 7596 136 281
6054 7597 128 284
6054 7598 126 287
6054 7599 116 291
6054 7600 110 293
6054 7601 105 296
6054 7602 98 298
6054 7603 91 302
6054 7604 85 304
6054 7605 78 307
6054 7606 70 311
6054 7607 61 314
6054 7608 53 319
6054 7609 56 327
6054 7610 49 330
6056 7599 137 288
6056 7600 129 287
6056 7601 127 291
6056 7602 120 295
6056 7603 111 297
6056 7604 108 298
6056 7605 98 298
6056 7606 91 305
6056 7607 83 308
6056 7608 73 309
6056 7609 72 314
6078 7764 448 262
6078 7765 437 261
6078 7766 426 260
6078 7767 420 260
6078 7768 408 259
6078 7769 398 258
6078 7770 391 258
6078 7771 380 257
6078 7772 370 255
6078 7773 359 254
6078 7774 354 254
6078 7775 336 253
6078 7776 341 253
6078 7777 340 248
6083 7797 52 356
6083 7798 52 332
6083 7799 57 320
6083 7800 67 319
6083 7801 86 324
6083 7802 101 330
6083 7803 114 343
6083 7804 111 353
6083 7805 106 356
6083 7806 100 356
6083 7807 95 352
6083 7808 86 343
6083 7809 80 334
6083 7810 78 333
6083 7811 77 316
6083 7812 75 303
6313 7961 323 326
6313 7962 324 328
6313 7963 323 324
6313 7964 322 323
6313 7965 322 326
6313 7966 320 325
6313 7967 319 328
6313 7968 318 328
6313 7969 319 328
6313 7970 317 329
6313 7971 317 330
6313 7972 315 331
6313 7973 314 332
6313 7974 314 334
6313 7975 312 335
6313 7976 311 335
6313 7977 311 336
6313 7978 311 338
6313 7979 309 339
6313 7980 309 339
6313 7981 308 341
6313 7982 307 341
6313 7983 305 342
6313 7984 304 343
6313 7985 303 344
6313 7986 303 344
6313 7987 302 345
6313 7988 300 350
6313 7989 299 349
6313 7990 298 350
6313 7991 297 350
6313 7992 297 352
6313 7993 295 353
6313 7994 295 353
6313 7995 293 357
6313 7996 292 357
6313 7997 291 358
6313 7998 290 358
6313 7999 289 360
6313 8000 288 361
6313 8001 286 362
6313 8002 286 365
6313 8003 284 367
6313 8004 282 366
6313 8005 283 367
6313 8006 279 368
6313 8007 279 370
6353 7984 394 432
6353 7985 396 431
6353 7986 399 432
6353 7987 402 430
6353 7988 406 428
6353 7989 408 430
6353 7990 411 431
6353 7991 413 430
6353 7992 415 430
6353 7993 417 426
6353 7994 422 423
6353 7995 423 427
6353 7996 426 422
6353 7997 429 421
6353 7998 431 424
6353 7999 434 426
6353 8000 436 424
6353 8001 438 424
6353 8002 441 419
6353 8003 443 423
6353 8004 447 424
6353 8005 448 420
6353 8006 451 420
6353 8007 452 420
6353 8008 455 421
6353 8009 457 421
6353 8010 459 415
6353 8011 462 415
6353 8012 464 417
6353 8013 466 422
6353 8014 468 413
6353 8015 472 412
6353 8016 474 417
6353 8017 477 416
6353 8018 479 415
6353 8019 481 411
6353 8020 483 409
6353 8021 486 410
6353 8022 488 411
6353 8023 490 408
6353 8024 491 407
6353 8025 493 410
6353 8026 496 410
6353 8027 498 406
6353 8028 500 404
6353 8029 503 406
6353 8030 504 404
6353 8031 506 403
6353 8032 509 403
6353 8033 511 402
6353 8034 509 404
6384 8006 289 374
6384 8007 286 375
6384 8008 282 377
6384 8009 276 371
6384 8010 280 375
6384 8011 277 377
6384 8012 274 378
6384 8013 270 376
6384 8014 267 376
6384 8015 266 378
6384 8016 265 380
6384 8017 262 382
6384 8018 261 384
6384 8019 258 383
6384 8020 257 384
6384 8021 255 385
6384 8022 253 388
6384 8023 251 390
6384 8024 250 390
6384 8025 248 392
6384 8026 245 393
6384 8027 243 393
6384 8028 243 394
6384 8029 240 397
6384 8030 238 398
6384 8031 236 402
6384 8032 234 402
6384 8033 232 403
6384 8034 229 403
6384 8035 227 405
6384 8036 225 407
6384 8037 223 408
6384 8038 221 409
6384 8039 219 411
6384 8040 216 420
6384 8041 214 414
6384 8042 213 415
6384 8043 210 417
6384 8044 209 419
6384 8045 207 421
6384 8046 205 424
6384 8047 203 424
6384 8048 201 425
6384 8049 198 426
6384 8050 197 427
6384 8051 195 430
6384 8052 193 432
6384 8053 191 432
6384 8054 192 434
6404 8015 203 355
6404 8016 202 355
6404 8017 199 359
6404 8018 199 358
6404 8019 195 358
6404 8020 194 356
6404 8021 193 356
6404 8022 193 363
6404 8023 189 359
6404 8024 188 363
6404 8025 187 365
6404 8026 185 365
6404 8027 182 363
6404 8028 181 363
6404 8029 180 362
6404 8030 179 365
6404 8031 177 369
6404 8032 174 369
6404 8033 173 367
6404 8034 170 371
6404 8035 169 372
6404 8036 168 370
6404 8037 166 369
6404 8038 165 373
6404 8039 164 375
6404 8040 161 372
6404 8041 160 374
6404 8042 159 376
6404 8043 157 380
6404 8044 155 380
6404 8045 154 377
6404 8046 153 381
6404 8047 152 381
6404 8048 151 382
6404 8049 148 380
6404 8050 146 382
6404 8051 144 387
6404 8052 143 385
6404 8053 141 384
6404 8054 139 383
6404 8055 144 388
6404 8056 142 390
6404 8057 141 389
6404 8058 141 394
6404 8059 141 399
6404 8060 140 397
6474 8062 243 315
6474 8063 243 320
6474 8064 240 320
6474 8065 240 317
6474 8066 238 320
6474 8067 238 320
6474 8068 236 323
6474 8069 236 322
6474 8070 235 322
6474 8071 233 324
6474 8072 232 325
6474 8073 231 327
6474 8074 230 328
6474 8075 228 333
6474 8076 228 331
6474 8077 227 329
6474 8078 225 333
6474 8079 224 332
6474 8080 222 335
6474 8081 223 329
6474 8082 221 339
6474 8083 220 337
6474 8084 219 336
6474 8085 218 337
6474 8086 217 342
6474 8087 216 339
6474 8088 214 341
6474 8089 213 346
6474 8090 212 345
6474 8091 211 344
6474 8092 210 346
6474 8093 209 347
6474 8094 208 347
6474 8095 207 349
6474 8096 206 355
6474 8097 205 351
6474 8098 206 358
6474 8099 206 355
6474 8100 206 353
6510 8102 202 363
6510 8103 200 365
6510 8104 199 362
6510 8105 198 361
6510 8106 197 362
6510 8107 194 366
6510 8108 194 366
6510 8109 190 366
6510 8110 191 369
6510 8111 190 375
6510 8112 188 370
6510 8113 187 374
6510 8114 186 374
6510 8115 184 375
6510 8116 183 378
6510 8117 182 382
6510 8118 181 381
6510 8119 180 380
6510 8120 178 382
6510 8121 177 388
6510 8122 175 386
6510 8123 173 388
6510 8124 172 388
6510 8125 171 396
6510 8126 170 392
6510 8127 168 393
6510 8128 166 400
6510 8129 165 397
6510 8130 163 398
6510 8131 162 401
6510 8132 160 408
6510 8133 160 408
6510 8134 157 404
6510 8135 157 405
6510 8136 154 414
6510 8137 151 411
6510 8138 153 408
6552 8138 150 417
6552 8139 150 417
6552 8140 149 421
6552 8141 147 419
6552 8142 145 423
6552 8143 144 426
6552 8144 141 430
6552 8145 140 426
6552 8146 137 427
6552 8147 136 437
6552 8148 133 438
6552 8149 130 433
6552 8150 129 436
6552 8151 127 445
6552 8152 124 440
6552 8153 121 442
6552 8154 120 444
6552 8155 118 453
6552 8156 115 447
6552 8157 113 450
6552 8158 111 460
6552 8159 109 455
6552 8160 106 456
6552 8161 105 459
6552 8162 103 465
6552 8163 101 465
6552 8164 99 467
6552 8165 97 468
6552 8166 94 470
6552 8167 93 471
6552 8168 90 472
6552 8169 92 475
6831 8414 237 253
6831 8415 240 252
6831 8416 245 252
6831 8417 252 253
6831 8418 262 254
6831 8419 274 255
6831 8420 284 256
6831 8421 292 256
6831 8422 304 257
6831 8423 315 258
6831 8424 327 260
6831 8425 334 261
6831 8426 347 260
6831 8427 360 261
6831 8428 372 263
6831 8429 381 264
6831 8430 395 266
6850 8430 81 417
6850 8431 83 412
6850 8432 84 417
6850 8433 90 416
6850 8434 95 413
6850 8435 98 412
6850 8436 101 411
6850 8437 108 418
6850 8438 113 412
6850 8439 114 414
6850 8440 118 414
6850 8441 126 412
6850 8442 130 417
6850 8443 132 411
6850 8444 135 412
6850 8445 144 411
6850 8446 147 411
6850 8447 148 411
6850 8448 151 409
6850 8449 160 412
6850 8450 164 413
6850 8451 165 411
6850 8452 171 416
6850 8453 178 411
6850 8454 182 411
6850 8455 187 416
6850 8456 194 412
6850 8457 196 411
6850 8458 199 410
6850 8459 202 410
6850 8460 211 411
6850 8461 214 411
6850 8462 219 410
6850 8463 226 411
6850 8464 230 411
6850 8465 233 409
6850 8466 240 415
6850 8467 246 411
6850 8468 248 410
6850 8469 252 409
6850 8470 261 410
6850 8471 260 412
6850 8472 266 408
6850 8473 271 407
6850 8474 277 407
6850 8475 279 409
6850 8476 284 407
6850 8477 289 408
6850 8478 295 406
6850 8479 296 407
6850 8480 303 404
6850 8481 308 406
6850 8482 311 406
6850 8483 315 403
6850 8484 320 404
6850 8485 326 404
6850 8486 328 404
6850 8487 332 403
6850 8488 336 407
6850 8489 343 406
6850 8490 345 402
6850 8491 349 401
6850 8492 356 400
6850 8493 360 400
6850 8494 362 399
6850 8495 367 404
6850 8496 372 399
6850 8497 376 400
6850 8498 379 399
6850 8499 385 397
6850 8500 391 397
6850 8501 393 397
6850 8502 395 396
6850 8503 401 394
6850 8504 406 395
6850 8505 408 395
6850 8506 412 396
6850 8507 416 394
6850 8508 421 394
6850 8509 423 395
6850 8510 427 392
6850 8511 426 392
6871 8445 342 475
6871 8446 348 475
6871 8447 352 475
6871 8448 354 474
6871 8449 360 474
6871 8450 365 474
6871 8451 369 473
6871 8452 375 472
6871 8453 381 472
6871 8454 385 471
6871 8455 389 470
6871 8456 394 472
6871 8457 397 469
6871 8458 403 468
6871 8459 406 468
6871 8460 412 468
6871 8461 417 467
6871 8462 421 466
6871 8463 425 466
6871 8464 430 465
6871 8465 435 463
6871 8466 440 463
6871 8467 441 463
6871 8468 445 462
6871 8469 450 458
6871 8470 455 459
6871 8471 458 457
6871 8472 461 455
6871 8473 465 458
6871 8474 462 461
6922 8474 469 455
6922 8475 470 453
6922 8476 473 452
6922 8477 477 451
6922 8478 482 451
6922 8479 485 450
6922 8480 488 446
6922 8481 492 448
6922 8482 494 448
6922 8483 497 444
6922 8484 500 443
6922 8485 504 445
6922 8486 508 444
6922 8487 511 441
6922 8488 515 441
6922 8489 518 441
6922 8490 519 441
6922 8491 523 437
6922 8492 527 436
6922 8493 531 438
6922 8494 534 436
6922 8495 537 434
6922 8496 541 434
6922 8497 543 436
6922 8498 546 435
6922 8499 544 436
6954 8506 92 304
6954 8507 93 300
6954 8508 85 304
6954 8509 85 306
6954 8510 83 307
6954 8511 78 308
6954 8512 74 310
6954 8513 72 312
6954 8514 63 314
6954 8515 61 317
6954 8516 57 319
6954 8517 50 320
6954 8518 44 323
6954 8519 38 327
6954 8520 38 322
6954 8521 36 325
7170 8830 248 253
7170 8831 249 253
7170 8832 258 254
7170 8833 266 254
7170 8834 276 255
7170 8835 282 255
7170 8836 291 256
7170 8837 300 257
7170 8838 308 257
7170 8839 332 257
7170 8840 332 257
7170 8841 330 257
7170 8842 329 257
7170 8843 353 261
7170 8844 359 260
7170 8845 369 262
7170 8846 379 263
7170 8847 404 266
7170 8848 404 263
7170 8849 402 264
7170 8850 402 263
7204 8877 64 434
7204 8878 66 428
7204 8879 68 424
7204 8880 71 428
7204 8881 76 428
7204 8882 80 429
7204 8883 83 429
7204 8884 87 429
7204 8885 91 430
7204 8886 96 431
7204 8887 98 431
7204 8888 102 430
7204 8889 105 431
7204 8890 111 432
7204 8891 114 432
7204 8892 118 432
7204 8893 122 433
7204 8894 128 434
7204 8895 131 434
7204 8896 134 433
7204 8897 139 434
7204 8898 144 435
7204 8899 148 434
7204 8900 152 434
7204 8901 157 437
7204 8902 159 435
7204 8903 167 435
7204 8904 170 437
7204 8905 172 436
7204 8906 176 435
7204 8907 182 434
7204 8908 184 436
7204 8909 188 437
7204 8910 192 436
7204 8911 197 435
7204 8912 201 438
7204 8913 205 437
7204 8914 208 437
7204 8915 214 437
7204 8916 219 437
7204 8917 223 436
7204 8918 227 434
7204 8919 235 439
7204 8920 236 437
7204 8921 239 432
7204 8922 245 436
7204 8923 249 436
7204 8924 252 436
7204 8925 256 436
7204 8926 261 435
7204 8927 265 436
7204 8928 268 435
7204 8929 272 436
7204 8930 277 435
7204 8931 281 437
7204 8932 284 436
7204 8933 288 435
7204 8934 291 435
7204 8935 296 437
7204 8936 299 435
7204 8937 303 436
7204 8938 307 435
7204 8939 311 436
7204 8940 316 436
7204 8941 321 435
7204 8942 323 435
7204 8943 328 438
7204 8944 332 437
7204 8945 335 438
7204 8946 339 435
7204 8947 344 438
7204 8948 348 436
7204 8949 353 435
7204 8950 357 437
7204 8951 362 435
7204 8952 366 436
7204 8953 371 435
7204 8954 374 436
7204 8955 378 435
7204 8956 383 435
7204 8957 387 436
7204 8958 390 436
7204 8959 393 434
7204 8960 398 434
7204 8961 402 434
7204 8962 407 435
7204 8963 411 434
7204 8964 415 433
7204 8965 418 436
7204 8966 424 433
7204 8967 427 434
7204 8968 431 433
7204 8969 435 434
7204 8970 439 434
7204 8971 442 433
7204 8972 447 432
7204 8973 450 433
7204 8974 454 433
7204 8975 458 431
7204 8976 461 432
7204 8977 465 433
7204 8978 468 433
7204 8979 473 432
7204 8980 477 431
7204 8981 480 431
7204 8982 484 433
7204 8983 488 431
7204 8984 492 430
7204 8985 496 431
7204 8986 499 431
7204 8987 503 430
7204 8988 507 429
7204 8989 510 429
7204 8990 514 429
7204 8991 518 428
7204 8992 522 428
7204 8993 524 429
7204 8994 528 429
7204 8995 533 427
7204 8996 536 427
7204 8997 539 423
7204 8998 544 427
7204 8999 548 425
7204 9000 551 426
7204 9001 553 427
7204 9002 558 426
7204 9003 560 432
7209 8882 488 268
7209 8883 484 267
7209 8884 481 264
7209 8885 475 264
7209 8886 467 265
7209 8887 458 264
7209 8888 452 263
7209 8889 446 263
7209 8890 434 261
7209 8891 425 261
7209 8892 419 260
7209 8893 410 259
7209 8894 400 259
7209 8895 390 258
7209 8896 385 256
7209 8897 375 257
7209 8898 354 259
7209 8899 358 259
7209 8900 360 259
7209 8901 341 254
7209 8902 332 253
7209 8903 319 252
7209 8904 314 251
7209 8905 307 250
7209 8906 299 249
7209 8907 290 248
7209 8908 284 248
7209 8909 276 248
7209 8910 266 247
7209 8911 258 247
7209 8912 252 246
7209 8913 244 246
7209 8914 229 246
7308 9112 152 247
7308 9113 158 248
7308 9114 158 248
7308 9115 160 250
7308 9116 161 251
7308 9117 164 252
7308 9118 165 253
7308 9119 166 258
7308 9120 165 260
7308 9121 166 262
7308 9122 164 261
7308 9123 162 262
7308 9124 161 263
7308 9125 160 266
7308 9126 158 267
7308 9127 155 270
7308 9128 154 271
7308 9129 150 273
7308 9130 146 276
7308 9131 143 278
7308 9132 139 281
7308 9133 135 283
7308 9134 129 287
7308 9135 126 289
7308 9136 120 291
7308 9137 113 294
7308 9138 106 298
7308 9139 101 300
7308 9140 95 303
7308 9141 89 307
7308 9142 80 310
7308 9143 74 312
7308 9144 66 316
7308 9145 58 319
7308 9146 52 323
7308 9147 43 327
7308 9148 33 330
7308 9149 24 335
7308 9150 21 338
7308 9151 16 341
7308 9152 11 342
7308 9153 6 345
7691 9615 428 264
7691 9616 433 255
7691 9617 427 254
7691 9618 414 254
7691 9619 402 253
7691 9620 392 252
7691 9621 377 251
7691 9622 374 251
7691 9623 366 249
7691 9624 352 249
7691 9625 345 248
7691 9626 338 247
7691 9627 324 247
7691 9628 314 246
8136 10400 146 302
8136 10401 147 299
8136 10402 148 299
8136 10403 149 295
8136 10404 152 294
8136 10405 153 297
8136 10406 156 297
8136 10407 158 302
8136 10408 160 304
8136 10409 162 301
8136 10410 162 299
8136 10411 165 300
8136 10412 167 303
8136 10413 169 303
8136 10414 170 302
8136 10415 173 304
8136 10416 174 304
8136 10417 175 303
8136 10418 177 304
8136 10419 180 305
8136 10420 181 304
8136 10421 183 304
8136 10422 185 305
8136 10423 189 306
8136 10424 188 304
8136 10425 190 306
8136 10426 192 308
8136 10427 193 307
8136 10428 196 307
8136 10429 198 307
8136 10430 200 309
8136 10431 201 309
8136 10432 204 307
8136 10433 205 309
8136 10434 208 311
8136 10435 209 310
8136 10436 211 310
8136 10437 213 310
8136 10438 216 311
8136 10439 217 312
8136 10440 222 311
8136 10441 222 314
8136 10442 224 313
8136 10443 225 312
8136 10444 229 313
8136 10445 230 314
8136 10446 231 314
8136 10447 235 314
8136 10448 237 315
8136 10449 239 315
8136 10450 241 315
8136 10451 244 316
8136 10452 245 317
8136 10453 246 317
8136 10454 250 316
8136 10455 253 318
8136 10456 254 318
8136 10457 258 319
8136 10458 259 320
8136 10459 264 320
8136 10460 266 320
8136 10461 268 321
8136 10462 270 319
8136 10463 273 319
8136 10464 274 320
8136 10465 277 322
8136 10466 282 324
8136 10467 282 322
8136 10468 285 322
8136 10469 288 324
8136 10470 291 323
8136 10471 293 320
8136 10472 295 324
8136 10473 298 320
8425 10694 486 266
8425 10695 481 263
8425 10696 475 262
8425 10697 469 261
8425 10698 453 260
8425 10699 441 260
8425 10700 434 258
8425 10701 423 258
8425 10702 412 258
8425 10703 405 257
8425 10704 396 256
8425 10705 388 255
8425 10706 378 254
8425 10707 373 254
8425 10708 366 253
8425 10709 358 252
8425 10710 352 251
8425 10711 348 251
8425 10712 342 250
8494 10738 166 266
8494 10739 168 265
8494 10740 163 266
8494 10741 164 268
8494 10742 161 269
8494 10743 163 270
8494 10744 158 269
8494 10745 153 273
8494 10746 151 274
8494 10747 148 272
8494 10748 144 278
8494 10749 143 279
8494 10750 139 281
8494 10751 135 282
8494 10752 133 284
8494 10753 128 286
8494 10754 124 286
8494 10755 120 289
8494 10756 114 291
8494 10757 110 293
8494 10758 105 296
8494 10759 99 298
8494 10760 91 301
8494 10761 87 304
8494 10762 85 305
8494 10763 78 308
8494 10764 82 303
8494 10765 90 299
8604 10797 148 265
8604 10798 147 265
8604 10799 141 269
8604 10800 140 269
8604 10801 136 270
8604 10802 133 272
8604 10803 129 274
8604 10804 127 275
8604 10805 123 277
8604 10806 119 278
8604 10807 116 280
8604 10808 116 277
8604 10809 112 283
8604 10810 109 286
8604 10811 106 287
8604 10812 104 288
8604 10813 101 289
8604 10814 98 294
8604 10815 94 293
8604 10816 92 295
8604 10817 89 296
8604 10818 84 297
8604 10819 82 300
8604 10820 78 301
8604 10821 75 303
8604 10822 70 304
8604 10823 65 306
8604 10824 59 310
8604 10825 59 308
8604 10826 54 310
8604 10827 51 311
8604 10828 49 313
8604 10829 44 315
8604 10830 39 317
8604 10831 38 313
8604 10832 35 320
8604 10833 29 325
8604 10834 27 327
8604 10835 29 325
8604 10836 28 327
8604 10837 29 329
8604 10838 26 330
8604 10839 28 332
8604 10840 28 326
8604 10841 28 324
8604 10842 28 317
8621 10822 335 476
8621 10823 341 476
8621 10824 346 475
8621 10825 352 475
8621 10826 358 474
8621 10827 364 474
8621 10828 368 474
8621 10829 374 473
8621 10830 384 472
8621 10831 386 472
8621 10832 392 471
8621 10833 396 470
8621 10834 401 471
8621 10835 406 470
8621 10836 410 469
8621 10837 415 469
8621 10838 422 469
8621 10839 427 468
8621 10840 431 467
8621 10841 436 467
8621 10842 441 466
8621 10843 445 466
8621 10844 448 466
8621 10845 454 465
8621 10846 459 464
8621 10847 463 464
8621 10848 467 463
8621 10849 472 459
8621 10850 475 458
8621 10851 480 461
8621 10852 482 458
8621 10853 488 456
8621 10854 491 456
8621 10855 497 456
8621 10856 498 453
8621 10857 504 452
8621 10858 507 450
8621 10859 513 449
8621 10860 516 447
8621 10861 519 447
8621 10862 524 446
8621 10863 527 443
8621 10864 530 443
8621 10865 535 442
8621 10866 540 441
8621 10867 544 440
8621 10868 546 438
8621 10869 550 438
8621 10870 554 436
8621 10871 556 435
8621 10872 560 435
8621 10873 564 433
8621 10874 567 434
8621 10875 570 431
8621 10876 574 426
8621 10877 576 431
8621 10878 579 430
8621 10879 582 427
8621 10880 586 425
8621 10881 589 425
8621 10882 592 425
8621 10883 594 422
8621 10884 597 420
8621 10885 598 425
8628 10834 176 451
8628 10835 174 448
8628 10836 172 451
8628 10837 168 452
8628 10838 165 449
8628 10839 162 446
8628 10840 160 449
8628 10841 156 449
8628 10842 154 452
8628 10843 152 459
8628 10844 150 457
8628 10845 147 459
8628 10846 142 456
8628 10847 139 457
8628 10848 136 457
8628 10849 135 461
8628 10850 132 466
8628 10851 129 471
8628 10852 127 469
8628 10853 125 468
8628 10854 120 465
8628 10855 115 465
8628 10856 111 457
8628 10857 110 467
8628 10858 105 468
8628 10859 101 468
8628 10860 98 466
8628 10861 95 467
8628 10862 91 468
8628 10863 87 468
8628 10864 84 468
8628 10865 80 470
8628 10866 78 472
8628 10867 74 473
8628 10868 70 474
8628 10869 67 474
8628 10870 63 475
8628 10871 60 475
8628 10872 56 476
8872 11266 140 286
8872 11267 136 284
8872 11268 134 286
8872 11269 133 290
8872 11270 130 289
8872 11271 127 289
8872 11272 125 292
8872 11273 123 292
8872 11274 120 293
8872 11275 117 296
8872 11276 115 297
8872 11277 112 297
8872 11278 109 300
8872 11279 106 300
8872 11280 104 302
8872 11281 101 302
8872 11282 98 304
8872 11283 94 305
8872 11284 92 306
8872 11285 90 308
8872 11286 86 310
8872 11287 82 312
8872 11288 80 311
8872 11289 77 313
8872 11290 74 315
8872 11291 74 314
8888 11291 70 319
8888 11292 69 317
8888 11293 65 319
8888 11294 62 321
8888 11295 62 323
8888 11296 57 323
8888 11297 54 326
8888 11298 50 324
8888 11299 45 330
8888 11300 44 328
8888 11301 40 329
8888 11302 37 332
8888 11303 34 331
8888 11304 30 334
8888 11305 26 334
8888 11306 24 336
8888 11307 20 337
8888 11308 17 338
8888 11309 12 343
8888 11310 10 340
9154 11746 636 381
9154 11747 628 379
9154 11748 619 376
9154 11749 612 374
9154 11750 604 371
9154 11751 594 368
9154 11752 586 365
9154 11753 580 363
9154 11754 571 360
9154 11755 562 357
9154 11756 554 355
9154 11757 547 354
9154 11758 539 349
9154 11759 532 347
9154 11760 521 344
9154 11761 517 348
9197 11833 407 325
9197 11834 408 324
9197 11835 409 325
9197 11836 411 325
9197 11837 413 326
9197 11838 415 325
9197 11839 415 329
9197 11840 418 326
9197 11841 420 331
9197 11842 422 330
9197 11843 422 331
9197 11844 424 332
9197 11845 426 332
9197 11846 426 333
9197 11847 428 335
9197 11848 430 336
9197 11849 433 333
9197 11850 433 337
9197 11851 435 336
9197 11852 437 336
9197 11853 438 337
9197 11854 440 340
9197 11855 443 340
9197 11856 445 338
9197 11857 447 342
9197 11858 449 343
9197 11859 450 343
9197 11860 452 344
9197 11861 452 343
9197 11862 454 345
9197 11863 457 347
9197 11864 460 347
9197 11865 460 347
9197 11866 462 349
9197 11867 463 349
9197 11868 465 349
9197 11869 467 351
9197 11870 470 351
9197 11871 471 355
9197 11872 472 353
9197 11873 476 355
9197 11874 477 357
9245 11908 552 388
9245 11909 554 388
9245 11910 556 389
9245 11911 559 385
9245 11912 562 389
9245 11913 563 391
9245 11914 566 392
9245 11915 569 394
9245 11916 572 394
9245 11917 574 394
9245 11918 575 395
9245 11919 579 396
9245 11920 583 397
9245 11921 583 397
9245 11922 585 398
9245 11923 589 400
9245 11924 593 400
9245 11925 596 402
9245 11926 597 404
9245 11927 601 405
9245 11928 604 404
9245 11929 604 405
9245 11930 608 407
9245 11931 610 407
9245 11932 614 409
9245 11933 615 409
9245 11934 619 411
9245 11935 622 410
9245 11936 622 411
9245 11937 624 412
9245 11938 629 414
9245 11939 632 414
9245 11940 635 415
9245 11941 634 416
9258 11917 357 260
9258 11918 361 260
9258 11919 377 261
9258 11920 389 263
9258 11921 403 264
9258 11922 413 265
9258 11923 426 267
9258 11924 438 267
9258 11925 446 269
9258 11926 459 269
9258 11927 468 271
9258 11928 474 270
9258 11929 477 270
9258 11930 481 272
9258 11931 487 267
9436 12123 241 246
9436 12124 247 246
9436 12125 255 248
9436 12126 266 248
9436 12127 279 249
9436 12128 290 252
9436 12129 295 251
9436 12130 303 252
9436 12131 314 252
9436 12132 323 254
9436 12133 319 254
9436 12134 310 255
9436 12135 320 261
9436 12136 327 255
9436 12137 337 262
9436 12138 348 261
9604 12288 67 310
9604 12289 66 317
9604 12290 63 319
9604 12291 61 319
9604 12292 51 323
9604 12293 48 324
9604 12294 52 324
9604 12295 48 324
9604 12296 45 327
9604 12297 41 329
9604 12298 37 330
9604 12299 34 332
9604 12300 29 333
9604 12301 27 334
9604 12302 25 337
9604 12303 23 337
9604 12304 15 338
9604 12305 19 340
9604 12306 18 341
9604 12307 16 338
9604 12308 14 339
9604 12309 14 347
9604 12310 10 341
9604 12311 9 343
9604 12312 6 346
9604 12313 4 347
9604 12314 3 357
9668 12451 4 359
9668 12452 7 355
9668 12453 10 354
9668 12454 14 351
9668 12455 18 348
9668 12456 21 341
9668 12457 26 343
9668 12458 32 338
9668 12459 37 335
9668 12460 46 330
9668 12461 54 325
9668 12462 63 322
9668 12463 69 318
9668 12464 77 314
9668 12465 84 311
9668 12466 88 308
9668 12467 96 304
9668 12468 102 301
9668 12469 108 297
9668 12470 112 295
9668 12471 118 292
9668 12472 124 289
9668 12473 128 286
9668 12474 134 285
9668 12475 139 282
9668 12476 144 280
9668 12477 147 278
9668 12478 151 277
9668 12479 157 274
9668 12480 161 272
9668 12481 158 271
9668 12482 168 270
9668 12483 172 269
9668 12484 176 267
9668 12485 179 262
9668 12486 181 261
9668 12487 185 260
9668 12488 192 261
9668 12489 186 259
9668 12490 187 259
9668 12491 187 259
9668 12492 190 259
9668 12493 189 259
9668 12494 199 258
9668 12495 201 258
9668 12496 192 258
9668 12497 193 258
9668 12498 200 257
9695 12518 329 250
9695 12519 336 256
9695 12520 351 257
9695 12521 364 258
9695 12522 378 260
9695 12523 386 259
9695 12524 399 261
9695 12525 413 263
9695 12526 423 264
9695 12527 436 265
9695 12528 452 267
9695 12529 465 267
9695 12530 472 267
9695 12531 479 268
9695 12532 487 264
10040 12923 106 299
10040 12924 104 300
10040 12925 101 303
10040 12926 98 303
10040 12927 96 305
10040 12928 92 307
10040 12929 89 308
10040 12930 85 313
10040 12931 82 311
10040 12932 78 313
10040 12933 74 318
10040 12934 70 315
10040 12935 68 320
10040 12936 64 319
10040 12937 59 321
10040 12938 55 323
10040 12939 53 325
10040 12940 49 325
10040 12941 44 327
10040 12942 41 330
10040 12943 37 331
10040 12944 33 332
10040 12945 29 334
10040 12946 25 334
10040 12947 21 339
10040 12948 17 339
10040 12949 12 342
10040 12950 9 343
10040 12951 6 344
10040 12952 3 346
10109 12970 635 376
10109 12971 634 375
10109 12972 632 376
10109 12973 630 375
10109 12974 626 375
10109 12975 622 373
10109 12976 621 372
10109 12977 619 372
10109 12978 615 373
10109 12979 613 374
10109 12980 610 371
10109 12981 609 371
10109 12982 607 367
10109 12983 604 368
10109 12984 602 369
10109 12985 599 367
10109 12986 596 368
10109 12987 594 368
10109 12988 592 367
10109 12989 589 368
10109 12990 586 367
10109 12991 584 367
10109 12992 580 363
10109 12993 579 366
10109 12994 576 362
10109 12995 573 365
10109 12996 573 364
10109 12997 568 363
10109 12998 567 361
10109 12999 564 361
10109 13000 563 359
10109 13001 560 360
10109 13002 557 360
10109 13003 557 359
10109 13004 554 358
10109 13005 550 357
10109 13006 549 357
10109 13007 547 355
10109 13008 544 356
10109 13009 542 355
10109 13010 538 356
10109 13011 536 356
10109 13012 534 353
10109 13013 531 353
10109 13014 529 351
10109 13015 528 345
10109 13016 524 352
10109 13017 522 352
10109 13018 520 351
10109 13019 518 352
10109 13020 515 353
10109 13021 512 352
10109 13022 510 351
10109 13023 508 350
10109 13024 503 350
10109 13025 503 345
10109 13026 501 346
10109 13027 498 348
10109 13028 496 344
10109 13029 494 340
10109 13030 491 343
10109 13031 488 345
10109 13032 486 348
10280 13066 156 281
10280 13067 154 282
10280 13068 152 284
10280 13069 149 285
10280 13070 146 284
10280 13071 145 286
10280 13072 139 288
10280 13073 137 292
10280 13074 135 290
10280 13075 130 292
10280 13076 124 294
10280 13077 124 294
10280 13078 122 297
10280 13079 116 300
10280 13080 113 300
10280 13081 109 305
10280 13082 106 304
10280 13083 102 305
10280 13084 99 308
10280 13085 95 307
10280 13086 92 305
10280 13087 83 305
10598 13328 402 262
10598 13329 399 255
10598 13330 390 253
10598 13331 384 253
10598 13332 374 254
10598 13333 366 253
10598 13334 358 249
10598 13335 352 251
10598 13336 344 248
10598 13337 335 249
10598 13338 325 249
10598 13339 323 248
10598 13340 314 248
10598 13341 305 248
10598 13342 302 248
10598 13343 291 247
10598 13344 281 253