74 63 580 417
74 64 582 419
74 65 584 423
74 66 587 424
74 67 589 431
74 68 594 433
74 69 593 430
74 70 599 433
74 71 601 437
74 72 601 436
74 73 602 440
74 74 609 438
74 75 612 436
74 76 611 439
74 77 616 440
74 78 619 444
74 79 618 446
74 80 621 441
74 81 625 446
74 82 630 449
74 83 632 447
74 84 634 453
785 516 140 269
785 517 144 271
785 518 142 270
785 519 138 275
785 520 135 277
785 521 134 275
785 522 130 276
785 523 127 278
785 524 123 284
785 525 115 287
785 526 117 285
785 527 114 286
785 528 111 283
785 529 107 288
785 530 103 290
785 531 97 292
785 532 95 293
785 533 92 295
785 534 84 294
785 535 83 296
785 536 80 298
785 537 75 300
785 538 70 302
785 539 66 304
785 540 61 307
785 541 57 307
785 542 53 313
785 543 48 315
785 544 43 318
785 545 37 320
785 546 32 318
785 547 29 324
785 548 26 323
785 549 23 330
785 550 13 330
785 551 19 330
785 552 20 329
964 733 475 371
964 734 476 374
964 735 479 378
964 736 482 379
964 737 484 380
964 738 484 380
964 739 486 379
964 740 487 380
964 741 489 382
964 742 492 382
964 743 491 377
964 744 492 381
964 745 497 381
964 746 497 383
964 747 498 383
964 748 500 384
964 749 501 384
964 750 503 382
964 751 503 383
964 752 505 384
964 753 506 384
964 754 508 381
964 755 511 384
964 756 510 387
964 757 514 388
964 758 516 388
964 759 515 388
964 760 516 389
964 761 517 389
964 762 523 392
964 763 520 388
964 764 522 390
964 765 523 394
964 766 525 395
964 767 527 396
964 768 530 396
964 769 528 397
964 770 529 398
964 771 531 394
964 772 531 398
964 773 533 399
1261 961 635 472
1261 962 634 470
1261 963 632 471
1261 964 630 469
1261 965 627 471
1261 966 626 469
1261 967 624 468
1261 968 621 468
1261 969 620 467
1261 970 617 468
1261 971 615 467
1261 972 614 461
1261 973 610 464
1261 974 609 464
1261 975 606 463
1261 976 605 463
1261 977 602 463
1261 978 597 463
1261 979 596 461
1261 980 595 462
1261 981 592 461
1261 982 587 462
1261 983 586 461
1261 984 586 457
1261 985 584 457
1261 986 581 459
1261 987 578 457
1261 988 577 455
1261 989 578 452
1261 990 575 455
1261 991 573 450
1261 992 571 448
1261 993 569 447
1261 994 569 445
1261 995 568 442
1261 996 566 442
1476 1177 84 296
1476 1178 85 297
1476 1179 81 298
1476 1180 77 299
1476 1181 75 300
1476 1182 74 300
1476 1183 73 301
1476 1184 68 302
1476 1185 66 304
1476 1186 64 304
1476 1187 61 306
1476 1188 59 307
1476 1189 57 308
1476 1190 54 310
1476 1191 50 311
1476 1192 48 312
1476 1193 45 313
1476 1194 45 314
1476 1195 41 315
1476 1196 38 317
1476 1197 34 318
1476 1198 33 320
1476 1199 28 321
1476 1200 27 322
1476 1201 25 323
1476 1202 27 327
1532 1236 172 411
1532 1237 169 409
1532 1238 171 408
1532 1239 174 406
1532 1240 178 406
1532 1241 179 409
1532 1242 181 407
1532 1243 185 405
1532 1244 186 404
1532 1245 188 407
1532 1246 191 404
1532 1247 192 402
1532 1248 193 403
1532 1249 197 402
1532 1250 198 405
1532 1251 201 403
1532 1252 204 401
1532 1253 206 401
1532 1254 208 401
1532 1255 210 400
1532 1256 212 400
1532 1257 214 400
1532 1258 216 400
1532 1259 218 401
1532 1260 223 401
1532 1261 223 400
1532 1262 225 400
1532 1263 228 400
1532 1264 230 399
1532 1265 232 400
1532 1266 233 399
1532 1267 236 400
1532 1268 240 399
1532 1269 240 398
1532 1270 244 398
1532 1271 244 396
1532 1272 246 398
1532 1273 249 405
1532 1274 252 400
1532 1275 254 398
1532 1276 256 398
1532 1277 257 400
1532 1278 263 395
1532 1279 264 399
1532 1280 266 395
1532 1281 262 398
1532 1282 264 400
1742 1457 3 371
1742 1458 5 373
1742 1459 6 371
1742 1460 6 370
1742 1461 7 369
1742 1462 11 368
1742 1463 14 368
1742 1464 16 368
1742 1465 19 367
1742 1466 21 367
1742 1467 24 367
1742 1468 26 366
1742 1469 29 367
1742 1470 32 366
1742 1471 34 367
1742 1472 37 366
1742 1473 39 364
1742 1474 41 365
1742 1475 43 366
1742 1476 46 364
1742 1477 49 362
1742 1478 52 363
1742 1479 55 364
1742 1480 57 363
1742 1481 59 362
1742 1482 63 361
1742 1483 65 360
1742 1484 68 361
1742 1485 72 359
1742 1486 76 361
1742 1487 78 360
1742 1488 80 360
1742 1489 83 361
1742 1490 87 361
1742 1491 90 361
1742 1492 94 361
1742 1493 94 361
1742 1494 98 362
1742 1495 100 363
1742 1496 102 362
1742 1497 105 361
1742 1498 108 361
1742 1499 109 360
1742 1500 111 361
2039 1743 248 252
2039 1744 251 247
2039 1745 277 256
2039 1746 291 254
2039 1747 307 256
2039 1748 318 257
2039 1749 339 258
2039 1750 343 264
2039 1751 345 266
2126 1815 269 340
2126 1816 267 337
2126 1817 272 335
2126 1818 274 340
2126 1819 277 339
2126 1820 279 338
2126 1821 282 339
2126 1822 286 338
2126 1823 287 340
2126 1824 290 338
2126 1825 294 340
2126 1826 297 341
2126 1827 300 340
2126 1828 303 340
2126 1829 306 342
2126 1830 308 342
2126 1831 309 341
2126 1832 314 343
2126 1833 318 344
2126 1834 320 343
2126 1835 322 342
2126 1836 327 343
2126 1837 330 345
2126 1838 330 344
2126 1839 333 345
2126 1840 338 345
2126 1841 340 346
2126 1842 343 346
2126 1843 347 345
2126 1844 349 346
2126 1845 351 347
2126 1846 354 347
2126 1847 360 347
2126 1848 361 348
2126 1849 362 347
2126 1850 366 348
2126 1851 371 350
2126 1852 371 349
2126 1853 373 353
2126 1854 378 351
2126 1855 382 351
2126 1856 382 353
2126 1857 385 355
2126 1858 389 350
2126 1859 392 351
2126 1860 394 349
2126 1861 395 344
2573 2273 336 426
2573 2274 334 426
2573 2275 330 427
2573 2276 327 430
2573 2277 324 430
2573 2278 323 431
2573 2279 320 431
2573 2280 318 432
2573 2281 314 438
2573 2282 312 434
2573 2283 311 438
2573 2284 308 440
2573 2285 305 442
2573 2286 303 441
2573 2287 301 451
2573 2288 299 447
2573 2289 297 452
2573 2290 294 454
2573 2291 293 449
2573 2292 291 455
2573 2293 286 455
2573 2294 286 455
2573 2295 283 460
2573 2296 282 463
2573 2297 281 457
2573 2298 277 459
2573 2299 274 465
2573 2300 271 472
2852 2539 377 392
2852 2540 376 397
2852 2541 372 400
2852 2542 371 395
2852 2543 370 393
2852 2544 367 397
2852 2545 363 400
2852 2546 363 397
2852 2547 361 394
2852 2548 359 395
2852 2549 352 397
2852 2550 351 396
2852 2551 351 396
2852 2552 350 395
2852 2553 345 395
2852 2554 344 389
2852 2555 342 395
2852 2556 341 394
2852 2557 339 393
2852 2558 338 389
2852 2559 335 393
2852 2560 332 393
2852 2561 331 392
2852 2562 330 390
2852 2563 328 386
2852 2564 327 390
2852 2565 326 386
2852 2566 322 389
2852 2567 321 387
2852 2568 319 389
2852 2569 317 389
2852 2570 317 383
2852 2571 313 388
2852 2572 312 388
2852 2573 312 388
2852 2574 309 382
2852 2575 308 381
2852 2576 305 386
2852 2577 304 385
2852 2578 302 386
2852 2579 302 381
2852 2580 300 385
2852 2581 297 386
2852 2582 296 385
2852 2583 294 385
2852 2584 293 384
2852 2585 292 379
2852 2586 290 378
2852 2587 290 377
2888 2568 3 374
2888 2569 4 373
2888 2570 5 372
2888 2571 6 371
2888 2572 9 370
2888 2573 12 370
2888 2574 15 369
2888 2575 18 368
2888 2576 21 367
2888 2577 22 368
2888 2578 25 366
2888 2579 28 368
2888 2580 31 369
2888 2581 33 368
2888 2582 35 365
2888 2583 37 367
2888 2584 39 365
2888 2585 41 362
2888 2586 43 362
2888 2587 46 364
2888 2588 50 363
2888 2589 52 364
2888 2590 54 363
2888 2591 56 362
2888 2592 58 363
2888 2593 60 361
2888 2594 64 360
2888 2595 66 360
2888 2596 69 360
2888 2597 71 359
2888 2598 74 361
2888 2599 76 360
2888 2600 79 361
2888 2601 81 360
2888 2602 84 360
2888 2603 87 361
2888 2604 90 361
2888 2605 92 361
2888 2606 92 361
2888 2607 95 362
2888 2608 96 363
2888 2609 99 363
2888 2610 101 363
2888 2611 102 362
2888 2612 106 363
2903 2586 357 353
2903 2587 356 357
2903 2588 353 357
2903 2589 350 356
2903 2590 347 358
2903 2591 344 355
2903 2592 343 355
2903 2593 340 353
2903 2594 338 354
2903 2595 336 354
2903 2596 333 352
2903 2597 331 354
2903 2598 328 351
2903 2599 326 351
2903 2600 323 349
2903 2601 322 350
2903 2602 319 349
2903 2603 316 348
2903 2604 314 347
2903 2605 312 349
2903 2606 311 347
2903 2607 308 346
2903 2608 306 345
2903 2609 304 345
2903 2610 302 343
2903 2611 300 343
2903 2612 297 343
2903 2613 295 343
2903 2614 294 342
2903 2615 291 338
2903 2616 291 341
2903 2617 289 341
2903 2618 286 342
2903 2619 286 342
2903 2620 284 337
2903 2621 283 338
2903 2622 281 336
2903 2623 279 333
2903 2624 276 336
2903 2625 276 340
2903 2626 274 340
2903 2627 274 336
2903 2628 272 333
2903 2629 271 339
2955 2649 110 362
2955 2650 108 362
2955 2651 105 362
2955 2652 103 362
2955 2653 101 362
2955 2654 97 362
2955 2655 94 362
2955 2656 93 362
2955 2657 90 362
2955 2658 88 362
2955 2659 84 361
2955 2660 81 361
2955 2661 77 361
2955 2662 72 360
2955 2663 69 360
2955 2664 66 360
2955 2665 64 360
2955 2666 63 360
2955 2667 61 361
2955 2668 56 362
2955 2669 52 364
2955 2670 50 364
2955 2671 48 364
2955 2672 45 363
2955 2673 42 366
2955 2674 40 369
2955 2675 37 368
2955 2676 33 368
2955 2677 31 370
2955 2678 28 370
2955 2679 25 367
2955 2680 22 368
2955 2681 20 369
2955 2682 17 368
2955 2683 13 370
2955 2684 12 369
2955 2685 9 370
2955 2686 7 371
2955 2687 4 371
2955 2688 4 372
2955 2689 3 374
3220 2887 151 474
3220 2888 146 474
3220 2889 140 474
3220 2890 136 474
3220 2891 134 472
3220 2892 131 471
3220 2893 128 472
3220 2894 125 472
3220 2895 118 472
3220 2896 113 471
3220 2897 109 471
3220 2898 108 470
3220 2899 104 470
3220 2900 104 468
3220 2901 102 467
3220 2902 99 465
3220 2903 97 464
3220 2904 95 462
3220 2905 91 459
3220 2906 90 457
3220 2907 88 457
3220 2908 87 456
3220 2909 86 454
3220 2910 84 453
3220 2911 83 451
3447 3101 363 420
3447 3102 366 420
3447 3103 367 421
3447 3104 371 422
3447 3105 376 422
3447 3106 382 422
3447 3107 387 421
3447 3108 391 421
3447 3109 397 421
3447 3110 402 420
3447 3111 407 421
3447 3112 413 422
3447 3113 416 421
3447 3114 422 421
3447 3115 428 421
3447 3116 431 420
3447 3117 435 421
3447 3118 441 423
3447 3119 446 423
3447 3120 451 423
3447 3121 455 429
3447 3122 461 433
3447 3123 466 427
3447 3124 472 429
3447 3125 474 426
3447 3126 477 432
3447 3127 484 436
3447 3128 488 434
3447 3129 495 437
3447 3130 498 428
3447 3131 504 434
3447 3132 508 436
3447 3133 516 436
3447 3134 518 434
3447 3135 523 434
3447 3136 528 440
3447 3137 533 432
3447 3138 538 436
3447 3139 541 433
3447 3140 546 438
3447 3141 552 434
3447 3142 557 435
3447 3143 560 436
3447 3144 566 440
3447 3145 570 439
3447 3146 576 441
3447 3147 581 443
3447 3148 581 443
3447 3149 588 444
3447 3150 589 443
4068 3862 139 387
4068 3863 141 385
4068 3864 145 386
4068 3865 146 387
4068 3866 147 387
4068 3867 148 385
4068 3868 150 383
4068 3869 152 383
4068 3870 154 385
4068 3871 158 380
4068 3872 159 381
4068 3873 161 377
4068 3874 163 379
4068 3875 164 376
4068 3876 164 375
4068 3877 167 375
4068 3878 168 374
4068 3879 171 372
4068 3880 174 370
4068 3881 175 372
4068 3882 176 369
4068 3883 177 368
4068 3884 177 367
4068 3885 179 368
4068 3886 181 368
4068 3887 183 368
4068 3888 184 365
4068 3889 185 365
4068 3890 185 365
4068 3891 186 363
4068 3892 186 362
4068 3893 188 361
4068 3894 189 361
4068 3895 189 360
4068 3896 189 355
4068 3897 192 352
5057 4621 441 371
5057 4622 443 372
5057 4623 449 372
5057 4624 455 374
5057 4625 457 374
5057 4626 460 375
5057 4627 465 375
5057 4628 470 376
5057 4629 474 376
5057 4630 477 377
5057 4631 481 377
5057 4632 485 379
5057 4633 489 380
5057 4634 493 380
5057 4635 497 381
5057 4636 501 382
5057 4637 504 384
5057 4638 509 385
5057 4639 511 386
5057 4640 509 391
5057 4641 513 396
5057 4642 511 397
5247 4699 57 309
5247 4700 55 311
5247 4701 51 313
5247 4702 48 315
5247 4703 45 316
5247 4704 42 318
5247 4705 39 319
5247 4706 35 322
5247 4707 29 325
5247 4708 26 326
5247 4709 23 328
5247 4710 17 330
5247 4711 13 330
5247 4712 11 334
5247 4713 7 336
5247 4714 5 339
5247 4715 3 344
5543 5139 329 258
5543 5140 336 259
5543 5141 348 259
5543 5142 358 260
5543 5143 374 261
5543 5144 386 262
5543 5145 401 262
5543 5146 420 266
5543 5147 425 266
5543 5148 437 266
5543 5149 452 268
5543 5150 463 268
5543 5151 472 269
5543 5152 478 268
5543 5153 482 271
5611 5217 517 397
5611 5218 512 402
5611 5219 507 401
5611 5220 504 400
5611 5221 499 399
5611 5222 495 398
5611 5223 491 396
5611 5224 488 396
5611 5225 483 395
5611 5226 481 394
5611 5227 476 394
5611 5228 469 392
5611 5229 467 391
5611 5230 464 391
5611 5231 458 390
5611 5232 454 389
5611 5233 450 388
5611 5234 447 388
5611 5235 442 388
5611 5236 439 387
5611 5237 432 385
5611 5238 430 385
5611 5239 424 384
5611 5240 420 384
5611 5241 420 384
5960 5606 268 449
5960 5607 264 446
5960 5608 262 444
5960 5609 260 443
5960 5610 258 441
5960 5611 256 440
5960 5612 255 436
5960 5613 253 437
5960 5614 250 433
5960 5615 247 429
5960 5616 245 431
5960 5617 243 432
5960 5618 243 429
5960 5619 241 421
5960 5620 240 422
5960 5621 237 418
5960 5622 236 420
5960 5623 235 416
5960 5624 233 417
5960 5625 233 412
5960 5626 232 414
5960 5627 230 411
5960 5628 228 408
5960 5629 227 409
5960 5630 225 403
5960 5631 227 399
5960 5632 224 396
5960 5633 223 398
5960 5634 222 399
5960 5635 221 394
5960 5636 219 395
5960 5637 219 392
5960 5638 217 393
5960 5639 216 394
5960 5640 216 387
5960 5641 213 390
5960 5642 212 385
5960 5643 211 385
5960 5644 210 386
5960 5645 209 380
5960 5646 208 376
5960 5647 207 377
5960 5648 206 380
5960 5649 205 375
5960 5650 203 373
5960 5651 202 372
5960 5652 201 370
5960 5653 200 368
5960 5654 198 367
5960 5655 196 367
5960 5656 195 366
5960 5657 194 366
5960 5658 193 366
5960 5659 193 364
5960 5660 192 362
5960 5661 191 361
5960 5662 190 359
5960 5663 189 360
5960 5664 189 358
6182 5797 550 398
6182 5798 553 399
6182 5799 556 400
6182 5800 559 402
6182 5801 559 405
6182 5802 560 410
6182 5803 559 414
6182 5804 565 411
6182 5805 567 414
6182 5806 574 413
6182 5807 578 414
6182 5808 579 418
6182 5809 577 427
6182 5810 582 426
6182 5811 587 427
6182 5812 590 424
6182 5813 595 428
6182 5814 599 426
6182 5815 602 424
6746 6223 312 346
6746 6224 308 347
6746 6225 299 348
6746 6226 298 346
6746 6227 296 350
6746 6228 291 348
6746 6229 286 355
6746 6230 284 356
6746 6231 280 355
6746 6232 277 359
6746 6233 274 359
6746 6234 270 360
6746 6235 269 362
6746 6236 266 362
6746 6237 262 361
6746 6238 258 361
6746 6239 256 363
6746 6240 254 364
6746 6241 251 364
6746 6242 249 365
6746 6243 246 368
6746 6244 243 365
6746 6245 241 370
6746 6246 239 366
6746 6247 238 365
6746 6248 235 366
6746 6249 233 367
6746 6250 232 367
6746 6251 230 366
7010 6380 35 374
7010 6381 33 374
7010 6382 34 376
7010 6383 33 374
7010 6384 34 373
7010 6385 36 374
7010 6386 38 376
7010 6387 40 376
7010 6388 43 376
7010 6389 44 378
7010 6390 47 378
7010 6391 47 381
7010 6392 50 382
7010 6393 52 382
7010 6394 57 381
7010 6395 59 384
7010 6396 61 383
7010 6397 60 385
7010 6398 63 386
7010 6399 63 387
7010 6400 63 387
7010 6401 66 389
7010 6402 69 390
7010 6403 70 391
7010 6404 70 392
7010 6405 70 394
7010 6406 70 395
7010 6407 70 396
7010 6408 73 398
7010 6409 74 397
7010 6410 76 399
7010 6411 77 401
7010 6412 79 400
7010 6413 81 405
7010 6414 83 405
7010 6415 87 408
7010 6416 91 405
7010 6417 95 406
7010 6418 96 407
7010 6419 101 410
7010 6420 103 409
7010 6421 107 408
7048 6429 143 401
7048 6430 149 404
7048 6431 152 402
7048 6432 155 400
7048 6433 159 399
7048 6434 161 396
7048 6435 164 395
7048 6436 167 393
7048 6437 169 393
7048 6438 172 394
7048 6439 175 388
7048 6440 177 388
7048 6441 178 387
7048 6442 180 386
7048 6443 181 386
7048 6444 183 380
7048 6445 182 379
7048 6446 184 376
7048 6447 185 375
7048 6448 185 375
7048 6449 186 372
7048 6450 187 370
7048 6451 188 369
7048 6452 189 366
7048 6453 190 366
7048 6454 189 365
7048 6455 191 364
7048 6456 191 360
7048 6457 192 360
7048 6458 193 358
7048 6459 193 358
7048 6460 193 357
7048 6461 194 355
7048 6462 194 351
7048 6463 195 349
7048 6464 195 352
7048 6465 197 352
7048 6466 197 349
7048 6467 197 348
7048 6468 198 346
7048 6469 200 345
7048 6470 199 343
7048 6471 201 344
7048 6472 202 344
7048 6473 203 342
7128 6501 206 340
7128 6502 207 342
7128 6503 207 343
7128 6504 209 344
7128 6505 212 344
7128 6506 214 345
7128 6507 215 347
7128 6508 218 347
7128 6509 219 348
7128 6510 220 349
7128 6511 223 354
7128 6512 224 351
7128 6513 227 351
7128 6514 229 353
7128 6515 231 355
7128 6516 234 355
7128 6517 234 355
7128 6518 239 358
7128 6519 242 356
7128 6520 244 358
7128 6521 245 364
7128 6522 249 361
7128 6523 251 363
7128 6524 254 363
7128 6525 257 365
7128 6526 262 365
7128 6527 264 365
7128 6528 267 367
7128 6529 274 370
7128 6530 275 364
7220 6598 481 382
7220 6599 480 385
7220 6600 478 389
7220 6601 477 385
7220 6602 477 382
7220 6603 476 381
7220 6604 475 378
7220 6605 472 382
7220 6606 471 378
7220 6607 468 375
7220 6608 467 377
7220 6609 464 374
7220 6610 463 373
7220 6611 461 373
7220 6612 458 369
7220 6613 455 368
7220 6614 451 370
7220 6615 449 367
7220 6616 447 364
7220 6617 444 364
7220 6618 441 363
7220 6619 439 361
7220 6620 435 362
7220 6621 433 359
7220 6622 430 361
7220 6623 428 357
7220 6624 425 356
7220 6625 423 357
7220 6626 422 356
7220 6627 419 356
7220 6628 416 353
7220 6629 413 355
7220 6630 410 354
7220 6631 407 353
7220 6632 404 351
7220 6633 403 350
7220 6634 401 350
7220 6635 399 349
7220 6636 397 348
7220 6637 395 347
7220 6638 395 347
7220 6639 393 346
7220 6640 395 344
7220 6641 393 343
7363 6717 563 387
7363 6718 566 391
7363 6719 570 387
7363 6720 572 387
7363 6721 575 386
7363 6722 579 387
7363 6723 583 383
7363 6724 585 382
7363 6725 586 386
7363 6726 592 379
7363 6727 593 379
7363 6728 595 379
7363 6729 597 376
7363 6730 599 376
7363 6731 601 377
7363 6732 604 376
7363 6733 607 375
7363 6734 608 374
7363 6735 609 373
7363 6736 612 372
7363 6737 614 371
7363 6738 616 372
7363 6739 619 371
7363 6740 621 371
7363 6741 622 369
7363 6742 624 369
7363 6743 625 367
7363 6744 629 367
7363 6745 631 366
7363 6746 632 365
7363 6747 633 365
7363 6748 633 365
7363 6749 635 366
7854 7237 636 361
7854 7238 635 361
7854 7239 633 361
7854 7240 631 360
7854 7241 629 360
7854 7242 626 361
7854 7243 623 362
7854 7244 622 362
7854 7245 618 361
7854 7246 616 362
7854 7247 612 362
7854 7248 610 361
7854 7249 609 363
7854 7250 605 363
7854 7251 603 363
7854 7252 601 363
7854 7253 599 364
7854 7254 594 365
7854 7255 592 366
7854 7256 590 368
7854 7257 589 367
7854 7258 586 367
7854 7259 584 371
7854 7260 581 373
7854 7261 580 371
7854 7262 578 371
7854 7263 576 373
7854 7264 574 373
7854 7265 573 375
7854 7266 571 375
7854 7267 569 376
7854 7268 567 378
7854 7269 566 378
7854 7270 564 379
7854 7271 563 382
7854 7272 562 380
7854 7273 561 384
7854 7274 559 385
7854 7275 558 387
7854 7276 556 390
7854 7277 554 394
7854 7278 553 390
7854 7279 552 393
7854 7280 552 390
7854 7281 550 392
7854 7282 549 392
7854 7283 546 393
7854 7284 545 395
7854 7285 543 399
7854 7286 542 403
7854 7287 540 397
7854 7288 538 400
7854 7289 537 403
7854 7290 534 402
7854 7291 532 400
7854 7292 530 402
7854 7293 528 407
7854 7294 526 401
7854 7295 523 401
7854 7296 521 403
7854 7297 517 401
7854 7298 515 400
7854 7299 512 400
7854 7300 510 404
7854 7301 507 400
7854 7302 505 399
7854 7303 502 401
7854 7304 499 401
7854 7305 497 400
8034 7404 341 419
8034 7405 339 420
8034 7406 338 421
8034 7407 329 426
8034 7408 327 427
8034 7409 324 430
8034 7410 322 432
8034 7411 319 435
8034 7412 317 434
8034 7413 312 438
8034 7414 309 437
8034 7415 307 437
8034 7416 306 438
8034 7417 305 439
8034 7418 303 440
8034 7419 300 445
8034 7420 297 446
8034 7421 296 445
8034 7422 295 442
8034 7423 286 442
8034 7424 287 447
8034 7425 284 451
8034 7426 281 449
8034 7427 278 444
8034 7428 277 439
8034 7429 274 438
8034 7430 271 433
8694 8003 370 257
8694 8004 365 256
8694 8005 355 255
8694 8006 346 254
8694 8007 337 254
8694 8008 327 253
8694 8009 320 251
8694 8010 313 251
8694 8011 305 250
8694 8012 304 250
8694 8013 289 248
8694 8014 287 246
8694 8015 295 268
8694 8016 296 266
8694 8017 297 268
8694 8018 297 267
8694 8019 298 267
8694 8020 299 269
8694 8021 300 269
8694 8022 301 269
8694 8023 301 268
8694 8024 303 269
8694 8025 302 269
8694 8026 304 267
9049 8272 313 371
9049 8273 312 373
9049 8274 313 373
9049 8275 314 375
9049 8276 314 375
9049 8277 316 377
9049 8278 315 377
9049 8279 318 377
9049 8280 320 379
9049 8281 322 376
9049 8282 323 380
9049 8283 325 378
9049 8284 327 378
9049 8285 329 381
9049 8286 331 380
9049 8287 333 381
9049 8288 335 381
9049 8289 336 383
9049 8290 338 382
9049 8291 340 384
9049 8292 342 382
9049 8293 344 382
9049 8294 346 383
9049 8295 348 382
9049 8296 350 386
9049 8297 351 383
9049 8298 354 383
9049 8299 355 385
9049 8300 358 386
9049 8301 359 385
9049 8302 361 386
9049 8303 363 384
9049 8304 364 385
9049 8305 365 386
9049 8306 367 388
9049 8307 369 388
9049 8308 371 388
9049 8309 372 387
9049 8310 373 389
9049 8311 375 392
9049 8312 376 393
9049 8313 379 392
9049 8314 382 392
9049 8315 384 391
9049 8316 386 395
9049 8317 389 392
9049 8318 390 394
9049 8319 393 395
9049 8320 396 394
9049 8321 398 393
9049 8322 401 393
9049 8323 403 394
9049 8324 405 398
9049 8325 408 399
9049 8326 410 400
9049 8327 413 398
9049 8328 415 397
9049 8329 417 398
9049 8330 420 398
9049 8331 422 399
9049 8332 425 399
9049 8333 428 401
9049 8334 429 401
9049 8335 431 404
9049 8336 433 402
9049 8337 436 411
9049 8338 438 402
9049 8339 440 402
9049 8340 441 406
9049 8341 445 404
9049 8342 448 404
9049 8343 450 405
9049 8344 448 412
9082 8291 93 300
9082 8292 90 302
9082 8293 84 306
9082 8294 77 308
9082 8295 70 309
9082 8296 63 314
9082 8297 57 317
9082 8298 49 320
9082 8299 41 324
9082 8300 34 327
9082 8301 27 330
9082 8302 23 333
9082 8303 19 336
9082 8304 15 337
9082 8305 11 338
9082 8306 8 340
9082 8307 5 342
9147 8343 434 456
9147 8344 434 460
9147 8345 434 462
9147 8346 434 463
9147 8347 431 463
9147 8348 432 461
9147 8349 431 464
9147 8350 428 466
9147 8351 426 468
9147 8352 426 469
9147 8353 424 469
9147 8354 424 467
9147 8355 421 470
9147 8356 418 470
9147 8357 416 471
9147 8358 412 471
9147 8359 414 473
9147 8360 409 472
9147 8361 408 474
9147 8362 404 473
9147 8363 400 473
9147 8364 396 474
9147 8365 391 474
9147 8366 389 474
9147 8367 385 474
9147 8368 383 474
9147 8369 380 475
9147 8370 377 475
9147 8371 373 475
9147 8372 370 474
9147 8373 366 473
9147 8374 362 473
9147 8375 359 474
9147 8376 355 474
9147 8377 352 475
9147 8378 349 475
9147 8379 346 475
9147 8380 342 474
9147 8381 340 474
9147 8382 336 474
9147 8383 336 475
9159 8350 501 415
9159 8351 499 415
9159 8352 504 416
9159 8353 507 415
9159 8354 510 411
9159 8355 509 414
9159 8356 512 414
9159 8357 516 411
9159 8358 517 412
9159 8359 519 412
9159 8360 521 415
9159 8361 521 418
9159 8362 523 414
9159 8363 526 414
9159 8364 528 415
9159 8365 531 415
9159 8366 532 416
9159 8367 533 415
9159 8368 536 416
9159 8369 539 414
9159 8370 539 414
9159 8371 541 415
9159 8372 542 414
9159 8373 544 416
9159 8374 546 417
9159 8375 549 418
9159 8376 553 417
9159 8377 553 417
9159 8378 554 419
9159 8379 556 418
9159 8380 558 423
9159 8381 560 422
9159 8382 564 420
9159 8383 566 423
9159 8384 569 424
9159 8385 571 425
9159 8386 573 424
9159 8387 574 423
9159 8388 577 428
9159 8389 580 426
9159 8390 583 429
9159 8391 585 427
9159 8392 588 424
9159 8393 591 426
9159 8394 592 425
9159 8395 585 426
9159 8396 578 421
9159 8397 583 416
9159 8398 584 415
9159 8399 586 418
9159 8400 587 417
9159 8401 589 418
9159 8402 590 418
9159 8403 594 416
9159 8404 594 421
9159 8405 596 421
9159 8406 592 423
9314 8528 408 293
9314 8529 409 294
9314 8530 407 294
9314 8531 405 293
9314 8532 405 291
9314 8533 404 291
9314 8534 403 294
9314 8535 401 296
9314 8536 400 294
9314 8537 398 297
9314 8538 396 297
9314 8539 398 295
9314 8540 396 297
9314 8541 395 297
9314 8542 393 294
9314 8543 393 299
9314 8544 392 299
9314 8545 391 299
9314 8546 391 300
9314 8547 388 302
9314 8548 388 298
9314 8549 387 296
9314 8550 386 300
9314 8551 385 299
9314 8552 383 302
9314 8553 381 302
9314 8554 380 302
9314 8555 378 300
9314 8556 378 302
9314 8557 377 302
9314 8558 376 303
9314 8559 374 302
9314 8560 373 303
9314 8561 372 303
9314 8562 371 303
9314 8563 369 303
9314 8564 368 303
9314 8565 366 304
9314 8566 365 301
9314 8567 365 303
9314 8568 363 303
9314 8569 362 304
9314 8570 360 304
9314 8571 359 306
9314 8572 358 306
9314 8573 355 307
9314 8574 356 306
9314 8575 356 306
9314 8576 355 311
9314 8577 354 309
9314 8578 352 310
9314 8579 350 309
9314 8580 349 309
9314 8581 348 309
9314 8582 347 310
9314 8583 346 314
9314 8584 345 312
9314 8585 345 313
9314 8586 341 318
9314 8587 343 313
9314 8588 341 315
9314 8589 341 317
9370 8618 158 246
9370 8619 160 247
9370 8620 169 250
9370 8621 163 248
9370 8622 169 253
9370 8623 173 253
9370 8624 168 251
9370 8625 171 252
9370 8626 172 254
9370 8627 173 255
9370 8628 173 256
9370 8629 174 256
9370 8630 172 257
9370 8631 171 256
9370 8632 171 257
9370 8633 170 257
9370 8634 169 259
9370 8635 168 260
9370 8636 166 261
9370 8637 164 262
9370 8638 163 263
9370 8639 161 265
9370 8640 159 267
9370 8641 157 268
9370 8642 154 268
9370 8643 151 271
9370 8644 149 273
9370 8645 145 275
9370 8646 143 276
9370 8647 138 278
9370 8648 136 280
9370 8649 130 282
9370 8650 127 286
9370 8651 123 288
9370 8652 117 289
9370 8653 115 292
9370 8654 110 291
9370 8655 105 295
9370 8656 100 297
9370 8657 96 299
9370 8658 91 301
9370 8659 87 303
9370 8660 80 305
9370 8661 74 308
9370 8662 69 311
9370 8663 63 314
9370 8664 57 316
9370 8665 51 320
9370 8666 45 322
9370 8667 39 325
9370 8668 33 327
9370 8669 26 330
9370 8670 23 334
9370 8671 18 338
9370 8672 15 338
9370 8673 12 338
9370 8674 9 340
9370 8675 5 342
10114 9197 401 380
10114 9198 404 375
10114 9199 409 360
10114 9200 409 375
10114 9201 413 375
10114 9202 415 382
10114 9203 422 374
10114 9204 425 374
10114 9205 429 382
10114 9206 434 371
10114 9207 439 374
10114 9208 443 375
10114 9209 446 376
10114 9210 450 376
10114 9211 454 383
10114 9212 458 376
10114 9213 460 377
10114 9214 460 383
10114 9215 467 377
10114 9216 470 379
10114 9217 473 379
10114 9218 476 379
10114 9219 479 380
10114 9220 482 380
10114 9221 486 383
10114 9222 490 385
10114 9223 492 382
10114 9224 494 387
10114 9225 499 384
10114 9226 501 389
10114 9227 504 385
10114 9228 501 394
10114 9229 511 388
10114 9230 515 391
10114 9231 520 389
10114 9232 522 392
10114 9233 526 390
10114 9234 531 394
10114 9235 534 392
10114 9236 538 396
10114 9237 542 406
10114 9238 546 397
10114 9239 550 400
10114 9240 555 400
10114 9241 559 402
10114 9242 565 411
10114 9243 568 411
10114 9244 575 413
10114 9245 580 414
10114 9246 584 415
10114 9247 588 409
10114 9248 590 413
10114 9249 597 412
10114 9250 602 412
10114 9251 608 412
10114 9252 613 415
10114 9253 617 414
10114 9254 614 415
10446 9342 412 420
10446 9343 432 412
10446 9344 436 414
10446 9345 446 404
10446 9346 446 396
10446 9347 434 391
10446 9348 440 389
10446 9349 443 384
10446 9350 455 385
10446 9351 452 387
10535 9379 397 250
10535 9380 406 257
10535 9381 418 259
10535 9382 432 260
10535 9383 442 259
10535 9384 453 261
10535 9385 465 262
10535 9386 472 274
10638 9479 487 265
10638 9480 485 266
10638 9481 481 261
10638 9482 472 260
10638 9483 468 259
10638 9484 456 258
10638 9485 449 257
10638 9486 441 257
10638 9487 430 256
10638 9488 423 256
10638 9489 416 255
10638 9490 406 255
10638 9491 401 253
10638 9492 390 253
10638 9493 382 253
10638 9494 375 252
10638 9495 366 251
10638 9496 360 250
10638 9497 348 251
10638 9498 342 251
10638 9499 336 248
10638 9500 327 248
10638 9501 321 247
10638 9502 318 246
10638 9503 307 247
11027 9703 292 426
11027 9704 294 435
11027 9705 295 434
11027 9706 299 431
11027 9707 302 428
11027 9708 304 433
11027 9709 306 431
11027 9710 316 426
11027 9711 313 429
11027 9712 318 426
11027 9713 320 427
11027 9714 332 424
11027 9715 333 422
11027 9716 343 422
11027 9717 350 419
11027 9718 361 414
11027 9719 353 418
11027 9720 343 415
11027 9721 346 415
11027 9722 352 414
11027 9723 354 415
11027 9724 358 415
11027 9725 362 416
11027 9726 363 414
11027 9727 362 415
11027 9728 363 413
11027 9729 364 412
11027 9730 365 414
11135 9830 300 432
11135 9831 300 430
11135 9832 304 429
11135 9833 308 429
11135 9834 309 426
11135 9835 312 423
11135 9836 316 422
11135 9837 321 416
11135 9838 324 419
11135 9839 326 418
11135 9840 328 419
11135 9841 333 420
11135 9842 329 423
11135 9843 341 417
11135 9844 343 415
11135 9845 350 415
11135 9846 355 413
11135 9847 359 410
11135 9848 357 414
11135 9849 361 414
11135 9850 369 411
11135 9851 372 412
11135 9852 379 412
11135 9853 378 415
11135 9854 368 411
11135 9855 367 414
11135 9856 371 415
11135 9857 369 416
11135 9858 371 415
11135 9859 372 415
11135 9860 372 415
11135 9861 378 412
11274 9990 483 269
11274 9991 482 266
11274 9992 475 265
11274 9993 470 264
11274 9994 460 264
11274 9995 452 263
11274 9996 442 262
11274 9997 431 261
11274 9998 419 260
11274 9999 409 259
11274 10000 398 258
11274 10001 389 257
11274 10002 379 257
11274 10003 365 256
11274 10004 356 255
11274 10005 358 263
11274 10006 359 263
11732 10477 486 267
11732 10478 482 268
11732 10479 480 265
11732 10480 475 264
11732 10481 473 264
11732 10482 469 264
11732 10483 465 264
11732 10484 460 264
11732 10485 453 263
11732 10486 446 262
11732 10487 440 262
11732 10488 434 261
11732 10489 427 260
11732 10490 420 259
11732 10491 415 259
11732 10492 408 260
11732 10493 402 259
11732 10494 395 258
11732 10495 388 257
11732 10496 381 256
11732 10497 374 256
11732 10498 365 256
11732 10499 360 255
11732 10500 354 255
11732 10501 348 254
11732 10502 342 253
11732 10503 335 253
11732 10504 326 251
11732 10505 322 252
11732 10506 317 252
11732 10507 309 251
11732 10508 304 251
11732 10509 302 251
11732 10510 291 250
11732 10511 283 249
12146 11078 43 428
12146 11079 54 433
12146 11080 46 430
12146 11081 46 431
12146 11082 48 435
12146 11083 48 439
12146 11084 49 448
12146 11085 45 439
12146 11086 46 443
12146 11087 46 451
12146 11088 44 452
12146 11089 42 453
12146 11090 40 449
12146 11091 39 455
12146 11092 38 456
12146 11093 36 457
12146 11094 35 458
12146 11095 32 459
12146 11096 28 459
12146 11097 27 460
12146 11098 24 461
12146 11099 22 462
12146 11100 19 463
12146 11101 18 463
12146 11102 16 464
12146 11103 14 465
12146 11104 13 467
12146 11105 11 469
12146 11106 9 470
12146 11107 7 472
12146 11108 5 473
12146 11109 4 474
12515 11399 411 432
12515 11400 408 424
12515 11401 402 425
12515 11402 398 418
12515 11403 395 415
12515 11404 392 414
12515 11405 389 413
12515 11406 387 411
12515 11407 382 414
12515 11408 378 411
12515 11409 374 411
12515 11410 370 412
12515 11411 367 413
12515 11412 362 409
12515 11413 359 409
12515 11414 356 412
12515 11415 351 413
12515 11416 347 410
12515 11417 343 411
12515 11418 338 411
12515 11419 335 408
12515 11420 331 408
12515 11421 327 409
12515 11422 325 410
12772 11516 488 391
12772 11517 489 388
12772 11518 483 395
12772 11519 482 398
12772 11520 487 395
12772 11521 482 395
12772 11522 492 391
12772 11523 496 390
12772 11524 493 389
12772 11525 503 388
12772 11526 499 388
12772 11527 509 386
12772 11528 513 385
12772 11529 516 385
12772 11530 522 384
12772 11531 523 382
12772 11532 526 383
12772 11533 529 383
12772 11534 533 383
12772 11535 538 383
12772 11536 540 383
12772 11537 545 382
12772 11538 548 382
12772 11539 550 383
12772 11540 553 380
12772 11541 558 383
12772 11542 560 383
12772 11543 565 384
12772 11544 569 382
12772 11545 573 383
12772 11546 576 383
12772 11547 580 383
12772 11548 585 384
12772 11549 588 386
12772 11550 585 383
12807 11527 542 375
12807 11528 546 375
12807 11529 551 376
12807 11530 555 375
12807 11531 561 375
12807 11532 563 376
12807 11533 567 376
12807 11534 571 382
12807 11535 576 375
12807 11536 580 376
12807 11537 583 378
12807 11538 587 378
12807 11539 591 379
12807 11540 597 373
12807 11541 599 378
12807 11542 601 388
12807 11543 604 389
12807 11544 609 391
12807 11545 611 391
12807 11546 614 392
12807 11547 618 394
12807 11548 623 396
12807 11549 621 401
12807 11550 626 395
12807 11551 632 394
12807 11552 633 397
12858 11549 502 442
12858 11550 500 442
12858 11551 497 441
12858 11552 492 431
12858 11553 489 431
12858 11554 486 430
12858 11555 487 428
12858 11556 487 426
12858 11557 483 427
12858 11558 480 429
12858 11559 477 429
12858 11560 479 427
12858 11561 476 426
12858 11562 475 425
12858 11563 471 427
12858 11564 468 431
12858 11565 467 425
12858 11566 469 423
12858 11567 467 428
12858 11568 464 424
12858 11569 461 424
12858 11570 458 423
12858 11571 458 422
12858 11572 458 420
12858 11573 457 416
12858 11574 455 416
12858 11575 453 421
12858 11576 450 419
12858 11577 451 416
12858 11578 450 415
12858 11579 447 416
12858 11580 445 417
12858 11581 442 417
12858 11582 440 415
12858 11583 440 415
12858 11584 439 413
12858 11585 439 411
12858 11586 436 415
12858 11587 432 414
12858 11588 433 414
12858 11589 431 414
13198 11804 330 428
13198 11805 326 429
13198 11806 317 427
13198 11807 318 427
13198 11808 317 422
13198 11809 316 423
13198 11810 315 417
13198 11811 311 417
13198 11812 308 415
13198 11813 306 417
13198 11814 304 411
13198 11815 301 410
13198 11816 295 397
13198 11817 294 395
13198 11818 288 390
13198 11819 295 392
13198 11820 294 389
13198 11821 295 388
13198 11822 296 388
13198 11823 297 392
13198 11824 298 391
13285 11854 429 366
13285 11855 427 366
13285 11856 426 365
13285 11857 434 367
13285 11858 437 366
13285 11859 448 371
13285 11860 445 371
13285 11861 446 372
13285 11862 451 374
13285 11863 460 375
13285 11864 464 374
13285 11865 467 379
13285 11866 470 381
13285 11867 477 381
13285 11868 479 381
13285 11869 453 381
13285 11870 458 383
13285 11871 465 387
13285 11872 458 396
13405 11926 124 294
13405 11927 128 292
13405 11928 131 289
13405 11929 135 287
13405 11930 138 285
13405 11931 141 284
13405 11932 144 282
13405 11933 147 281
13405 11934 151 279
13405 11935 154 277
13405 11936 155 275
13405 11937 161 274
13405 11938 164 273
13405 11939 167 272
13405 11940 171 272
13405 11941 173 269
13405 11942 177 268
13405 11943 179 266
13405 11944 183 266
13405 11945 186 266
13405 11946 184 264
13405 11947 190 265
13405 11948 194 263
13650 12068 489 265
13650 12069 482 264
13650 12070 475 263
13650 12071 466 262
13650 12072 453 260
13650 12073 436 260
13650 12074 420 259
13650 12075 406 258
13650 12076 388 256
13650 12077 394 250
13725 12108 243 364
13725 12109 242 364
13725 12110 244 369
13725 12111 245 366
13725 12112 246 360
13725 12113 247 366
13725 12114 251 366
13725 12115 253 372
13725 12116 255 375
13725 12117 258 372
13725 12118 261 375
13725 12119 267 385
13725 12120 268 380
13725 12121 273 381
13725 12122 279 385
13725 12123 285 388
13725 12124 291 391
13725 12125 294 394
13725 12126 303 394
13725 12127 312 397
13725 12128 317 400
13725 12129 327 404
13725 12130 337 401
13725 12131 345 405
13725 12132 350 404
13725 12133 357 409
13725 12134 368 408
13725 12135 377 410
13725 12136 385 411
13725 12137 381 412
13758 12119 249 345
13758 12120 251 347
13758 12121 252 349
13758 12122 255 351
13758 12123 259 355
13758 12124 262 357
13758 12125 265 359
13758 12126 265 369
13758 12127 273 371
13758 12128 274 375
13758 12129 277 384
13758 12130 284 383
13758 12131 293 385
13758 12132 298 385
13758 12133 303 391
13796 12129 291 368
13796 12130 289 375
13796 12131 295 376
13796 12132 304 376
13796 12133 314 379
13796 12134 314 389
13796 12135 318 392
13796 12136 325 396
13796 12137 331 395
13796 12138 339 399
13796 12139 349 395
13796 12140 357 399
14073 12259 485 267
14073 12260 481 266
14073 12261 475 266
14073 12262 468 265
14073 12263 460 264
14073 12264 448 263
14073 12265 438 263
14073 12266 427 262
14073 12267 415 262
14073 12268 404 260
14073 12269 391 258
14073 12270 380 257
14073 12271 371 256
14073 12272 359 256
14073 12273 347 255
14073 12274 335 254
14073 12275 326 253
14073 12276 316 252
14073 12277 305 252
14073 12278 300 249
14073 12279 285 248
14073 12280 291 247