280 317 395 258
280 318 388 259
280 319 380 257
280 320 371 256
280 321 376 256
280 322 369 255
280 323 353 254
280 324 338 252
280 325 324 252
280 326 313 251
280 327 298 248
280 328 281 248
280 329 269 247
280 330 257 246
289 349 244 458
289 350 243 454
289 351 249 456
289 352 250 456
289 353 259 455
289 354 262 457
289 355 265 456
289 356 272 455
289 357 278 454
289 358 282 455
289 359 285 456
289 360 293 455
289 361 297 455
289 362 299 456
289 363 306 456
289 364 311 454
289 365 315 453
289 366 316 455
289 367 324 454
289 368 329 453
289 369 331 454
289 370 339 451
289 371 343 454
289 372 349 452
289 373 349 452
289 374 357 451
289 375 362 450
289 376 364 451
289 377 371 446
289 378 374 448
289 379 378 448
289 380 382 451
289 381 381 456
289 382 386 455
289 383 386 459
289 384 391 458
335 430 487 268
335 431 477 264
335 432 470 265
335 433 453 263
335 434 438 262
335 435 423 261
335 436 405 259
335 437 387 257
335 438 373 256
335 439 360 255
335 440 358 255
380 454 56 324
380 455 56 322
380 456 62 319
380 457 66 317
380 458 67 316
380 459 70 314
380 460 74 312
380 461 79 309
380 462 84 308
380 463 87 308
380 464 91 303
380 465 96 300
380 466 102 300
380 467 103 300
380 468 108 293
380 469 108 295
386 457 487 420
386 458 485 419
386 459 482 417
386 460 479 418
386 461 478 415
386 462 477 411
386 463 476 415
386 464 473 408
386 465 471 409
386 466 470 409
386 467 468 405
386 468 466 403
386 469 466 403
386 470 469 398
386 471 462 398
386 472 461 401
386 473 460 396
386 474 458 390
386 475 457 392
386 476 455 391
386 477 452 385
386 478 452 384
386 479 450 387
386 480 448 385
386 481 446 387
386 482 447 376
386 483 447 373
440 485 460 423
440 486 461 427
440 487 464 420
440 488 468 425
440 489 472 419
440 490 475 420
440 491 478 417
440 492 480 417
440 493 482 419
440 494 484 419
440 495 487 415
440 496 488 413
440 497 491 419
440 498 492 418
440 499 494 419
440 500 497 411
440 501 501 413
440 502 504 409
440 503 505 409
440 504 507 410
440 505 510 406
440 506 512 409
440 507 515 405
440 508 517 410
440 509 519 408
440 510 521 404
440 511 525 406
440 512 526 405
440 513 528 403
440 514 530 403
440 515 533 399
440 516 536 403
440 517 539 400
440 518 542 399
440 519 543 401
440 520 547 396
440 521 549 397
440 522 551 395
440 523 555 392
440 524 556 397
440 525 554 401
507 538 521 341
507 539 520 342
507 540 519 342
507 541 518 343
507 542 518 342
507 543 516 341
507 544 515 342
507 545 513 346
507 546 512 341
507 547 512 343
507 548 508 341
507 549 507 340
507 550 505 341
507 551 504 342
507 552 502 340
507 553 500 339
507 554 499 339
507 555 497 340
507 556 495 341
507 557 494 340
507 558 494 344
507 559 490 338
507 560 489 342
507 561 491 340
507 562 488 338
507 563 486 337
507 564 484 339
507 565 484 341
507 566 483 338
507 567 481 339
507 568 479 338
507 569 477 338
507 570 476 337
507 571 474 338
507 572 473 338
507 573 471 336
507 574 469 337
507 575 468 335
507 576 467 336
507 577 465 336
507 578 463 337
507 579 463 335
507 580 461 337
507 581 459 336
507 582 458 337
507 583 457 335
507 584 456 333
507 585 454 332
507 586 453 334
507 587 449 333
507 588 451 330
507 589 447 334
507 590 445 332
507 591 444 338
507 592 442 337
507 593 441 336
507 594 440 332
507 595 439 331
507 596 440 327
876 891 438 322
876 892 439 323
876 893 437 321
876 894 438 323
876 895 440 324
876 896 441 325
876 897 444 326
876 898 444 323
876 899 445 326
876 900 445 324
876 901 447 328
876 902 448 328
876 903 450 331
876 904 450 330
876 905 452 332
876 906 453 331
876 907 455 330
876 908 458 334
876 909 458 332
876 910 461 333
876 911 460 335
876 912 465 334
876 913 466 334
876 914 467 337
876 915 472 338
876 916 473 333
876 917 476 333
876 918 478 335
876 919 481 338
876 920 483 337
876 921 485 337
876 922 486 338
876 923 488 335
876 924 491 340
876 925 492 341
876 926 495 341
876 927 497 343
876 928 499 342
876 929 501 343
876 930 501 342
876 931 504 342
876 932 508 338
938 1043 489 267
938 1044 484 267
938 1045 482 264
938 1046 475 263
938 1047 469 263
938 1048 457 262
938 1049 447 261
938 1050 437 260
938 1051 426 260
938 1052 416 258
938 1053 406 258
938 1054 395 257
938 1055 383 256
938 1056 374 254
938 1057 363 253
938 1058 355 253
938 1059 344 253
938 1060 335 252
938 1061 325 251
938 1062 315 250
938 1063 305 250
938 1064 295 249
938 1065 286 247
984 1094 166 267
984 1095 164 268
984 1096 165 266
984 1097 165 268
984 1098 162 266
984 1099 160 266
984 1100 157 267
984 1101 153 270
984 1102 153 270
984 1103 147 274
984 1104 142 276
984 1105 140 278
984 1106 140 277
984 1107 148 275
984 1108 143 277
984 1109 135 279
984 1110 131 282
984 1111 125 284
984 1112 123 286
984 1113 114 289
984 1114 112 291
984 1115 105 294
984 1116 98 297
984 1117 90 300
995 1107 129 282
995 1108 125 284
995 1109 119 287
995 1110 114 289
995 1111 109 291
995 1112 103 294
995 1113 96 297
995 1114 90 300
995 1115 84 303
995 1116 77 306
995 1117 70 309
995 1118 68 309
995 1119 75 307
995 1120 67 310
995 1121 59 313
995 1122 52 317
995 1123 43 321
995 1124 35 323
995 1125 27 326
995 1126 19 330
1175 1535 4 364
1175 1536 4 366
1175 1537 5 365
1175 1538 7 367
1175 1539 8 362
1175 1540 12 366
1175 1541 13 362
1175 1542 16 363
1175 1543 18 365
1175 1544 20 363
1175 1545 23 362
1175 1546 25 364
1175 1547 27 364
1175 1548 29 364
1175 1549 32 364
1175 1550 33 365
1175 1551 37 364
1175 1552 40 362
1175 1553 41 364
1175 1554 44 364
1175 1555 44 363
1175 1556 48 363
1175 1557 50 363
1175 1558 53 363
1175 1559 55 362
1175 1560 57 360
1175 1561 59 361
1175 1562 61 357
1175 1563 63 358
1175 1564 65 360
1175 1565 67 360
1175 1566 71 360
1175 1567 72 359
1175 1568 74 359
1175 1569 78 356
1175 1570 80 359
1175 1571 81 357
1175 1572 82 358
1175 1573 87 358
1175 1574 89 356
1175 1575 89 357
1175 1576 91 357
1175 1577 95 356
1175 1578 97 356
1175 1579 99 356
1175 1580 101 356
1175 1581 105 356
1175 1582 106 356
1175 1583 109 355
1175 1584 111 355
1175 1585 114 353
1175 1586 116 355
1175 1587 119 351
1175 1588 121 355
1175 1589 123 353
1175 1590 126 354
1175 1591 128 350
1175 1592 132 353
1175 1593 133 353
1175 1594 135 353
1175 1595 138 354
1175 1596 140 351
1175 1597 143 353
1175 1598 146 349
1175 1599 148 352
1175 1600 150 352
1175 1601 153 352
1175 1602 155 348
1175 1603 157 348
1175 1604 160 350
1175 1605 162 350
1175 1606 164 346
1175 1607 167 347
1175 1608 170 349
1175 1609 172 350
1175 1610 175 353
1175 1611 177 349
1175 1612 180 345
1175 1613 181 346
1175 1614 184 348
1175 1615 187 349
1175 1616 188 344
1175 1617 192 347
1175 1618 194 348
1175 1619 195 348
1175 1620 201 345
1175 1621 203 347
1175 1622 204 348
1175 1623 206 344
1175 1624 210 344
1175 1625 211 346
1175 1626 214 344
1175 1627 217 342
1175 1628 220 344
1175 1629 220 348
1175 1630 224 343
1175 1631 226 343
1175 1632 229 347
1175 1633 232 343
1175 1634 235 344
1175 1635 236 348
1175 1636 241 346
1175 1637 245 343
1175 1638 247 347
1175 1639 250 345
1175 1640 253 347
1179 1536 149 272
1179 1537 149 267
1179 1538 146 269
1179 1539 143 271
1179 1540 140 272
1179 1541 136 276
1179 1542 135 276
1179 1543 129 279
1179 1544 128 279
1179 1545 124 282
1179 1546 120 285
1179 1547 113 287
1179 1548 112 288
1179 1549 104 290
1179 1550 100 292
1179 1551 97 294
1179 1552 88 298
1179 1553 86 299
1179 1554 77 302
1179 1555 75 301
1179 1556 69 306
1179 1557 59 308
1179 1558 51 310
1179 1559 45 314
1179 1560 38 317
1179 1561 41 320
1179 1562 44 325
1179 1563 43 322
1406 2061 311 253
1406 2062 322 253
1406 2063 332 255
1406 2064 345 255
1406 2065 359 257
1406 2066 371 258
1406 2067 383 258
1406 2068 395 261
1406 2069 409 260
1406 2070 417 269
1468 2261 238 248
1468 2262 250 249
1468 2263 264 249
1468 2264 279 251
1468 2265 291 252
1468 2266 303 254
1468 2267 318 255
1468 2268 335 257
1468 2269 349 257
1468 2270 362 260
1468 2271 379 261
1468 2272 397 263
1468 2273 416 265
1468 2274 431 265
1468 2275 448 267
1468 2276 466 269
1468 2277 475 270
1468 2278 485 271
1490 2290 433 274
1490 2291 432 272
1490 2292 413 257
1490 2293 400 257
1490 2294 388 256
1490 2295 375 255
1490 2296 364 254
1490 2297 351 254
1490 2298 337 252
1490 2299 327 251
1492 2293 487 274
1492 2294 483 273
1492 2295 485 265
1492 2296 481 263
1492 2297 474 264
1492 2298 465 264
1492 2299 452 263
1492 2300 439 261
1492 2301 426 259
1492 2302 412 259
1492 2303 399 257
1492 2304 386 257
1492 2305 373 256
1492 2306 367 252
1523 2317 322 253
1523 2318 324 250
1523 2319 324 251
1523 2320 324 251
1523 2321 314 250
1523 2322 306 249
1523 2323 298 248
1523 2324 287 247
1523 2325 279 250
1523 2326 257 248
1523 2327 250 248
1523 2328 260 249
1523 2329 263 249
1523 2330 280 253
1523 2331 290 254
1523 2332 303 255
1523 2333 314 256
1523 2334 326 258
1523 2335 341 258
1523 2336 353 259
1523 2337 366 260
1523 2338 380 263
1523 2339 394 265
1523 2340 408 266
1523 2341 432 266
1523 2342 445 267
1523 2343 449 265
1523 2344 453 266
1523 2345 473 271
1523 2346 481 272
1523 2347 489 279
1562 2355 125 286
1562 2356 125 285
1562 2357 126 286
1562 2358 127 284
1562 2359 126 282
1562 2360 127 285
1562 2361 126 282
1562 2362 122 282
1562 2363 118 282
1562 2364 118 283
1562 2365 116 284
1562 2366 114 285
1562 2367 117 284
1562 2368 113 286
1562 2369 111 287
1562 2370 108 287
1562 2371 107 288
1562 2372 105 289
1562 2373 104 290
1562 2374 102 291
1562 2375 97 292
1562 2376 94 293
1562 2377 91 294
1562 2378 88 297
1562 2379 86 297
1562 2380 84 299
1562 2381 83 299
1562 2382 81 301
1562 2383 79 302
1562 2384 77 303
1562 2385 73 305
1562 2386 71 307
1562 2387 69 306
1562 2388 67 309
1562 2389 65 310
1562 2390 63 312
1562 2391 61 313
1562 2392 58 315
1562 2393 56 315
1562 2394 54 317
1562 2395 50 320
1562 2396 48 320
1562 2397 45 322
1562 2398 42 323
1562 2399 40 324
1562 2400 36 326
1562 2401 33 328
1562 2402 30 330
1562 2403 27 330
1562 2404 25 331
1562 2405 23 332
1562 2406 19 333
1562 2407 17 334
1562 2408 13 335
1562 2409 11 336
1562 2410 10 337
1562 2411 8 337
1562 2412 7 339
1562 2413 6 340
1562 2414 4 341
1562 2415 3 343
1582 2369 329 248
1582 2370 325 249
1582 2371 324 248
1582 2372 323 249
1582 2373 322 249
1582 2374 321 249
1582 2375 319 250
1582 2376 316 250
1582 2377 314 251
1582 2378 311 251
1582 2379 313 251
1582 2380 307 251
1582 2381 307 251
1582 2382 307 251
1582 2383 305 252
1582 2384 301 252
1582 2385 299 252
1582 2386 299 252
1582 2387 299 253
1582 2388 297 253
1582 2389 295 253
1582 2390 293 255
1582 2391 291 256
1582 2392 290 254
1582 2393 288 255
1582 2394 286 255
1582 2395 283 255
1582 2396 282 254
1582 2397 278 254
1582 2398 276 255
1582 2399 274 255
1582 2400 272 254
1582 2401 270 254
1582 2402 267 256
1582 2403 266 255
1582 2404 265 255
1582 2405 261 255
1582 2406 259 256
1582 2407 258 254
1582 2408 255 256
1582 2409 253 258
1582 2410 251 256
1582 2411 248 255
1582 2412 248 257
1582 2413 246 256
1582 2414 243 256
1582 2415 243 258
1582 2416 240 256
1582 2417 237 255
1582 2418 235 258
1582 2419 233 258
1582 2420 230 258
1582 2421 229 260
1582 2422 227 260
1582 2423 226 258
1582 2424 223 260
1582 2425 221 260
1582 2426 220 260
1582 2427 217 259
1582 2428 215 258
1582 2429 214 260
1582 2430 211 260
1582 2431 210 262
1582 2432 208 262
1584 2372 91 291
1584 2373 90 290
1584 2374 91 292
1584 2375 86 294
1584 2376 84 296
1584 2377 82 298
1584 2378 79 298
1584 2379 77 299
1584 2380 75 300
1584 2381 73 302
1584 2382 71 303
1584 2383 69 304
1584 2384 64 307
1584 2385 65 309
1584 2386 61 309
1584 2387 59 309
1584 2388 57 311
1584 2389 55 313
1584 2390 51 315
1584 2391 49 316
1584 2392 49 318
1584 2393 44 319
1584 2394 41 321
1584 2395 36 322
1584 2396 35 325
1616 2418 635 465
1616 2419 632 462
1616 2420 629 457
1616 2421 624 454
1616 2422 621 450
1616 2423 617 448
1616 2424 614 445
1616 2425 609 441
1616 2426 607 443
1616 2427 603 444
1616 2428 602 437
1616 2429 599 437
1616 2430 596 434
1616 2431 592 432
1616 2432 590 428
1616 2433 588 429
1616 2434 585 429
1616 2435 581 430
1616 2436 578 421
1616 2437 574 423
1616 2438 572 419
1616 2439 568 418
1616 2440 567 416
1616 2441 563 417
1616 2442 562 416
1616 2443 559 412
1616 2444 557 411
1616 2445 554 411
1616 2446 551 408
1616 2447 549 405
1616 2448 546 405
1616 2449 543 406
1616 2450 539 397
1616 2451 534 398
1616 2452 529 395
1616 2453 523 392
1638 2447 167 264
1638 2448 165 266
1638 2449 167 269
1638 2450 172 266
1638 2451 173 265
1638 2452 170 267
1638 2453 169 267
1638 2454 166 270
1638 2455 163 271
1638 2456 163 272
1638 2457 160 272
1638 2458 157 271
1638 2459 155 273
1638 2460 154 271
1638 2461 150 273
1638 2462 147 271
1638 2463 146 274
1638 2464 143 274
1638 2465 140 274
1638 2466 138 274
1638 2467 135 274
1638 2468 132 274
1638 2469 131 275
1638 2470 128 274
1638 2471 126 273
1638 2472 123 274
1638 2473 121 276
1638 2474 117 274
1638 2475 115 276
1638 2476 114 274
1638 2477 112 274
1638 2478 110 276
1638 2479 108 278
1638 2480 104 274
1638 2481 101 275
1638 2482 99 276
1638 2483 97 275
1638 2484 95 276
1638 2485 92 276
1638 2486 90 276
1638 2487 88 276
1638 2488 84 277
1638 2489 83 277
1638 2490 81 278
1638 2491 78 277
1638 2492 76 280
1638 2493 73 278
1638 2494 71 280
1638 2495 68 277
1638 2496 66 278
1817 2626 569 419
1817 2627 571 419
1817 2628 566 423
1817 2629 565 417
1817 2630 560 413
1817 2631 559 413
1817 2632 556 412
1817 2633 555 411
1817 2634 551 409
1817 2635 549 409
1817 2636 548 407
1817 2637 546 407
1817 2638 544 404
1817 2639 542 404
1817 2640 538 406
1817 2641 539 400
1817 2642 536 399
1817 2643 533 398
1817 2644 532 397
1817 2645 531 394
1817 2646 530 395
1817 2647 529 394
1817 2648 526 391
1817 2649 524 390
1965 2790 294 474
1965 2791 299 474
1965 2792 304 475
1965 2793 307 474
1965 2794 311 472
1965 2795 316 472
1965 2796 320 471
1965 2797 325 470
1965 2798 330 470
1965 2799 333 469
1965 2800 337 468
1965 2801 342 467
1965 2802 344 466
1965 2803 349 465
1965 2804 352 464
1965 2805 356 464
1965 2806 362 462
1965 2807 367 462
1965 2808 368 462
1965 2809 374 461
1965 2810 377 458
1965 2811 380 459
1965 2812 384 455
1965 2813 386 457
1965 2814 393 452
1965 2815 397 450
1965 2816 398 452
1965 2817 405 445
1965 2818 408 445
1965 2819 410 446
1965 2820 412 445
1965 2821 419 440
1965 2822 423 438
1965 2823 426 441
1965 2824 429 437
1965 2825 431 435
1965 2826 435 438
2162 3132 484 475
2162 3133 481 474
2162 3134 479 473
2162 3135 476 472
2162 3136 472 472
2162 3137 470 471
2162 3138 468 471
2162 3139 464 469
2162 3140 462 468
2162 3141 460 467
2162 3142 455 467
2162 3143 453 466
2162 3144 450 466
2162 3145 447 465
2162 3146 444 464
2162 3147 443 459
2162 3148 440 461
2162 3149 437 462
2162 3150 433 460
2162 3151 431 455
2162 3152 428 452
2162 3153 425 450
2162 3154 422 449
2162 3155 420 452
2162 3156 416 452
2162 3157 415 449
2162 3158 412 449
2162 3159 409 447
2162 3160 407 441
2162 3161 405 442
2162 3162 404 443
2162 3163 399 446
2210 3242 199 246
2210 3243 209 246
2210 3244 218 247
2210 3245 228 248
2210 3246 236 249
2210 3247 246 250
2210 3248 255 249
2210 3249 266 251
2210 3250 275 252
2210 3251 284 252
2210 3252 295 254
2210 3253 305 255
2210 3254 317 256
2210 3255 326 257
2210 3256 336 257
2210 3257 346 259
2210 3258 358 259
2210 3259 367 259
2210 3260 377 260
2210 3261 389 261
2210 3262 401 262
2210 3263 413 263
2210 3264 424 264
2210 3265 436 266
2210 3266 447 266
2210 3267 460 267
2210 3268 469 269
2210 3269 474 270
2210 3270 479 270
2369 3513 196 255
2369 3514 195 257
2369 3515 191 258
2369 3516 185 259
2369 3517 182 259
2369 3518 178 260
2369 3519 174 261
2369 3520 169 261
2369 3521 167 264
2369 3522 163 266
2369 3523 159 267
2369 3524 155 268
2369 3525 150 270
2369 3526 147 272
2369 3527 143 274
2369 3528 136 275
2369 3529 132 276
2369 3530 129 279
2369 3531 126 280
2395 3540 634 416
2395 3541 632 415
2395 3542 631 412
2395 3543 629 411
2395 3544 624 412
2395 3545 621 413
2395 3546 618 411
2395 3547 616 411
2395 3548 611 409
2395 3549 608 409
2395 3550 607 405
2395 3551 603 406
2395 3552 599 405
2395 3553 595 405
2395 3554 592 402
2395 3555 590 402
2395 3556 587 400
2395 3557 584 400
2395 3558 581 400
2395 3559 577 399
2395 3560 574 395
2395 3561 571 396
2395 3562 567 396
2395 3563 566 390
2395 3564 562 393
2395 3565 558 390
2395 3566 555 391
2395 3567 553 389
2395 3568 550 388
2395 3569 547 389
2395 3570 545 387
2395 3571 540 385
2395 3572 536 385
2395 3573 534 383
2395 3574 531 381
2395 3575 528 382
2395 3576 526 377
2395 3577 523 378
2395 3578 520 379
2395 3579 517 373
2395 3580 515 374
2395 3581 512 375
2395 3582 509 376
2395 3583 507 372
2395 3584 503 370
2395 3585 500 369
2395 3586 497 367
2395 3587 495 366
2395 3588 492 367
2395 3589 490 364
2395 3590 487 363
2395 3591 485 363
2395 3592 481 358
2395 3593 478 359
2395 3594 476 360
2395 3595 474 355
2395 3596 471 356
2395 3597 468 356
2395 3598 465 353
2395 3599 462 352
2395 3600 460 353
2395 3601 458 348
2395 3602 455 349
2395 3603 452 350
2395 3604 450 346
2395 3605 447 347
2395 3606 445 346
2395 3607 444 345
2395 3608 442 343
2395 3609 439 343
2395 3610 437 344
2395 3611 434 340
2395 3612 432 340
2395 3613 430 340
2395 3614 428 337
2395 3615 426 339
2395 3616 424 337
2395 3617 422 333
2395 3618 420 335
2395 3619 418 334
2395 3620 416 334
2395 3621 415 330
2395 3622 412 331
2395 3623 410 329
2395 3624 409 329
2395 3625 406 328
2395 3626 404 328
2395 3627 402 326
2395 3628 400 326
2395 3629 398 325
2395 3630 396 323
2395 3631 394 322
2395 3632 392 323
2395 3633 390 323
2395 3634 389 321
2395 3635 387 319
2395 3636 386 318
2395 3637 384 318
2395 3638 382 317
2395 3639 379 317
2395 3640 378 314
2395 3641 377 315
2395 3642 374 314
2395 3643 373 312
2395 3644 371 313
2395 3645 369 313
2395 3646 367 310
2395 3647 364 311
2395 3648 363 310
2395 3649 363 310
2395 3650 359 307
2395 3651 357 307
2395 3652 355 309
2395 3653 354 304
2395 3654 352 306
2395 3655 350 306
2395 3656 348 303
2395 3657 346 304
2395 3658 344 303
2395 3659 342 302
2395 3660 342 300
2395 3661 339 303
2395 3662 338 301
2395 3663 336 299
2395 3664 334 300
2395 3665 332 300
2395 3666 331 297
2395 3667 330 299
2395 3668 327 298
2395 3669 325 296
2395 3670 323 294
2395 3671 322 295
2395 3672 321 295
2395 3673 319 293
2395 3674 317 292
2395 3675 316 294
2395 3676 315 292
2395 3677 314 291
2395 3678 312 291
2395 3679 311 291
2395 3680 309 289
2395 3681 308 289
2395 3682 307 289
2395 3683 306 288
2395 3684 305 288
2395 3685 304 291
2665 3963 317 346
2665 3964 319 347
2665 3965 320 347
2665 3966 321 348
2665 3967 323 349
2665 3968 325 350
2665 3969 327 350
2665 3970 327 354
2665 3971 328 356
2665 3972 332 350
2665 3973 333 351
2665 3974 336 355
2665 3975 336 355
2665 3976 339 356
2665 3977 339 357
2665 3978 341 359
2665 3979 343 361
2665 3980 347 359
2665 3981 346 363
2665 3982 347 363
2665 3983 349 360
2665 3984 352 362
2665 3985 354 362
2665 3986 354 365
2665 3987 357 366
2665 3988 360 363
2665 3989 362 364
2665 3990 361 369
2665 3991 366 368
2665 3992 367 365
2665 3993 368 367
2665 3994 370 371
2665 3995 373 366
2665 3996 375 367
2665 3997 376 370
2665 3998 376 374
2665 3999 380 372
2665 4000 381 371
2665 4001 382 374
2665 4002 383 377
2665 4003 387 373
2665 4004 389 374
2665 4005 390 375
2665 4006 391 380
2665 4007 395 379
2665 4008 395 380
2665 4009 398 380
2665 4010 398 383
2665 4011 401 382
2665 4012 404 380
2665 4013 405 382
2665 4014 407 383
2665 4015 409 385
2665 4016 410 386
2665 4017 411 385
2665 4018 412 390
2665 4019 414 392
2665 4020 418 397
2678 4020 419 387
2678 4021 420 389
2678 4022 423 390
2678 4023 422 395
2678 4024 427 393
2678 4025 427 397
2678 4026 428 398
2678 4027 435 394
2678 4028 433 398
2678 4029 437 396
2678 4030 439 398
2678 4031 440 400
2678 4032 444 399
2678 4033 446 401
2678 4034 446 405
2678 4035 450 403
2678 4036 453 404
2678 4037 455 402
2678 4038 458 405
2678 4039 460 405
2678 4040 461 407
2678 4041 464 406
2678 4042 463 411
2678 4043 467 413
2678 4044 472 411
2678 4045 473 409
2678 4046 476 411
2678 4047 475 416
2678 4048 480 415
2678 4049 484 413
2678 4050 483 419
2719 4061 366 358
2719 4062 369 355
2719 4063 370 358
2719 4064 369 358
2719 4065 369 357
2719 4066 369 360
2719 4067 369 360
2719 4068 371 361
2719 4069 371 362
2719 4070 372 363
2719 4071 372 363
2719 4072 373 365
2719 4073 374 370
2719 4074 375 367
2719 4075 377 371
2719 4076 378 370
2719 4077 380 372
2719 4078 382 371
2719 4079 383 371
2719 4080 384 376
2719 4081 385 375
2719 4082 387 376
2719 4083 390 379
2719 4084 389 377
2719 4085 391 379
2719 4086 392 380
2719 4087 396 380
2719 4088 398 381
2719 4089 399 383
2719 4090 403 385
2719 4091 404 384
2719 4092 403 386
2719 4093 406 386
2719 4094 407 389
2719 4095 407 390
2719 4096 410 390
2719 4097 410 390
2719 4098 412 396
2719 4099 412 392
2719 4100 413 394
2719 4101 414 396
2719 4102 414 396
2719 4103 416 396
2719 4104 422 397
2719 4105 419 399
2719 4106 421 403
2719 4107 426 401
2719 4108 425 402
2719 4109 426 406
2719 4110 424 404
2719 4111 428 405
2719 4112 432 407
2719 4113 434 408
2719 4114 432 409
2719 4115 435 413
2719 4116 434 412
2719 4117 438 415
2719 4118 439 417
2719 4119 444 417
2719 4120 444 418
2719 4121 444 421
2719 4122 451 417
2719 4123 451 423
2719 4124 452 424
2719 4125 451 423
2719 4126 454 424
2719 4127 454 421
2726 4068 532 435
2726 4069 532 433
2726 4070 534 436
2726 4071 537 434
2726 4072 540 437
2726 4073 541 437
2726 4074 545 439
2726 4075 548 440
2726 4076 548 443
2726 4077 552 445
2726 4078 554 443
2726 4079 557 447
2726 4080 556 450
2726 4081 563 446
2726 4082 565 448
2726 4083 568 448
2726 4084 569 449
2726 4085 573 451
2726 4086 575 454
2726 4087 577 455
2726 4088 582 454
2726 4089 582 455
2726 4090 587 455
2726 4091 588 458
2726 4092 591 457
2726 4093 593 458
2726 4094 596 460
2726 4095 600 460
2726 4096 602 464
2726 4097 604 466
2726 4098 607 464
2726 4099 610 464
2726 4100 613 464
2726 4101 616 465
2726 4102 618 467
2726 4103 621 468
2726 4104 622 470
2726 4105 625 470
2726 4106 629 470
2726 4107 631 471
2726 4108 633 472
2726 4109 635 473
2726 4110 635 474
2994 4544 195 256
2994 4545 192 256
2994 4546 189 257
2994 4547 185 258
2994 4548 182 260
2994 4549 180 260
2994 4550 177 260
2994 4551 174 262
2994 4552 171 263
2994 4553 167 266
2994 4554 164 267
2994 4555 162 268
2994 4556 158 270
2994 4557 154 271
2994 4558 151 273
2994 4559 147 274
2994 4560 142 276
2994 4561 140 277
2994 4562 137 279
2994 4563 129 280
2994 4564 126 282
2994 4565 123 285
2994 4566 119 286
2994 4567 115 287
2994 4568 111 290
2994 4569 109 292
2994 4570 103 293
2994 4571 99 295
2994 4572 96 295
2994 4573 93 297
3018 4575 56 313
3018 4576 57 309
3018 4577 53 311
3018 4578 48 313
3018 4579 43 314
3018 4580 38 318
3018 4581 36 322
3018 4582 34 322
3018 4583 28 325
3018 4584 27 329
3018 4585 23 332
3018 4586 23 334
3018 4587 22 335
3018 4588 21 340
3018 4589 19 342
3018 4590 18 343
3018 4591 18 344
3018 4592 18 349
3018 4593 18 351
3018 4594 18 353
3018 4595 19 354
3018 4596 20 356
3018 4597 22 358
3018 4598 23 360
3018 4599 24 361
3018 4600 26 365
3018 4601 28 364
3018 4602 31 366
3018 4603 32 369
3018 4604 35 372
3018 4605 37 375
3018 4606 39 376
3018 4607 41 376
3018 4608 42 381
3018 4609 45 382
3018 4610 47 385
3018 4611 48 382
3018 4612 49 388
3018 4613 51 392
3018 4614 53 394
3018 4615 54 395
3018 4616 54 398
3018 4617 55 401
3018 4618 55 401
3054 4638 59 418
3054 4639 59 419
3054 4640 59 425
3054 4641 60 422
3054 4642 61 424
3054 4643 61 426
3054 4644 61 428
3054 4645 61 430
3054 4646 63 431
3054 4647 62 436
3054 4648 63 435
3054 4649 64 435
3054 4650 65 436
3054 4651 64 438
3054 4652 66 439
3054 4653 66 443
3054 4654 66 448
3054 4655 65 451
3054 4656 67 453
3054 4657 69 451
3054 4658 70 452
3054 4659 69 460
3054 4660 70 461
3054 4661 72 464
3054 4662 71 468
3054 4663 75 464
3054 4664 75 471
3054 4665 78 473
3054 4666 79 475
3054 4667 81 475
3054 4668 87 461
3090 4746 246 249
3090 4747 254 249
3090 4748 266 251
3090 4749 277 251
3090 4750 290 252
3090 4751 302 253
3090 4752 314 253
3090 4753 330 256
3090 4754 343 256
3090 4755 355 256
3090 4756 370 260
3090 4757 387 260
3090 4758 400 260
3090 4759 414 262
3090 4760 429 264
3090 4761 444 265
3090 4762 458 266
3090 4763 466 267
3090 4764 473 268
3090 4765 481 268
3234 5038 395 262
3234 5039 383 257
3234 5040 367 256
3234 5041 353 255
3234 5042 337 254
3234 5043 323 252
3234 5044 309 251
3234 5045 295 251
3234 5046 281 249
3234 5047 268 248
3234 5048 257 247
3234 5049 251 247
3385 5312 250 248
3385 5313 254 249
3385 5314 266 249
3385 5315 281 252
3385 5316 292 253
3385 5317 305 252
3385 5318 320 256
3385 5319 333 256
3385 5320 347 258
3385 5321 362 265
3385 5322 379 262
3444 5405 448 248
3444 5406 447 251
3444 5407 449 252
3444 5408 447 253
3444 5409 445 258
3444 5410 443 252
3444 5411 440 257
3444 5412 437 255
3444 5413 437 256
3444 5414 435 257
3444 5415 435 258
3444 5416 434 257
3444 5417 430 257
3444 5418 430 260
3444 5419 427 260
3444 5420 426 259
3444 5421 425 260
3444 5422 422 260
3444 5423 420 260
3444 5424 419 261
3444 5425 416 260
3444 5426 415 261
3444 5427 413 260
3444 5428 410 262
3444 5429 407 262
3444 5430 407 260
3444 5431 403 261
3444 5432 402 261
3444 5433 399 261
3444 5434 396 261
3444 5435 394 262
3444 5436 393 262
3444 5437 390 262
3444 5438 389 261
3444 5439 387 262
3444 5440 384 260
3444 5441 382 261
3444 5442 380 263
3444 5443 377 261
3444 5444 374 263
3444 5445 374 261
3444 5446 372 263
3444 5447 370 260
3444 5448 368 263
3444 5449 365 263
3444 5450 364 262
3444 5451 361 263
3444 5452 359 262
3444 5453 356 261
3444 5454 354 260
3444 5455 354 259
3444 5456 351 263
3444 5457 348 263
3444 5458 347 262
3444 5459 345 263
3444 5460 344 263
3444 5461 341 262
3444 5462 340 263
3444 5463 339 265
3444 5464 336 264
3444 5465 333 265
3444 5466 333 265
3444 5467 331 266
3444 5468 330 265
3444 5469 327 267
3444 5470 324 267
3444 5471 323 267
3444 5472 320 265
3444 5473 319 268
3444 5474 318 269
3444 5475 316 269
3444 5476 315 269
3444 5477 314 267
3444 5478 311 270
3444 5479 309 271
3444 5480 307 271
3444 5481 304 268
3444 5482 303 265
3444 5483 302 270
3478 5439 629 398
3478 5440 629 399
3478 5441 628 398
3478 5442 626 394
3478 5443 623 394
3478 5444 620 393
3478 5445 615 395
3478 5446 613 394
3478 5447 609 396
3478 5448 609 395
3478 5449 605 392
3478 5450 602 391
3478 5451 599 391
3478 5452 596 392
3478 5453 593 391
3478 5454 590 390
3478 5455 586 391
3478 5456 583 390
3478 5457 580 388
3478 5458 577 385
3478 5459 574 385
3478 5460 572 385
3478 5461 569 388
3478 5462 565 387
3478 5463 563 381
3478 5464 560 380
3478 5465 558 376
3478 5466 554 381
3478 5467 553 379
3478 5468 550 379
3478 5469 548 372
3478 5470 545 375
3478 5471 543 376
3478 5472 541 370
3478 5473 538 369
3478 5474 541 366
3478 5475 538 364
3478 5476 535 360
3518 5481 297 257
3518 5482 296 255
3518 5483 304 255
3518 5484 300 260
3518 5485 297 273
3518 5486 296 274
3518 5487 295 270
3518 5488 292 272
3518 5489 292 271
3518 5490 290 272
3518 5491 287 275
3518 5492 284 274
3518 5493 283 274
3518 5494 284 272
3518 5495 281 277
3518 5496 279 275
3518 5497 277 277
3518 5498 275 275
3518 5499 272 277
3518 5500 271 276
3518 5501 269 278
3518 5502 267 281
3518 5503 265 283
3518 5504 263 279
3518 5505 260 282
3518 5506 258 284
3518 5507 255 284
3518 5508 254 284
3518 5509 253 286
3518 5510 248 282
3518 5511 248 286
3518 5512 245 286
3518 5513 242 288
3518 5514 241 285
3518 5515 239 288
3518 5516 236 288
3518 5517 234 287
3518 5518 231 288
3518 5519 229 290
3518 5520 227 290
3518 5521 224 288
3518 5522 221 293
3518 5523 219 291
3518 5524 215 292
3518 5525 215 297
3518 5526 212 295
3518 5527 209 295
3518 5528 208 293
3518 5529 205 296
3518 5530 203 298
3551 5506 379 251
3551 5507 387 257
3551 5508 373 257
3551 5509 359 255
3551 5510 342 254
3551 5511 327 251
3551 5512 311 251
3551 5513 299 250
3551 5514 286 249
3551 5515 272 248
3551 5516 260 248
3551 5517 248 246
3568 5528 202 282
3568 5529 204 287
3568 5530 202 289
3568 5531 200 293
3568 5532 198 295
3568 5533 195 297
3568 5534 191 293
3568 5535 191 297
3568 5536 188 298
3568 5537 185 298
3568 5538 182 297
3568 5539 180 297
3568 5540 178 301
3568 5541 175 300
3568 5542 172 300
3568 5543 169 302
3568 5544 167 302
3568 5545 165 302
3568 5546 161 303
3568 5547 158 303
3568 5548 155 303
3568 5549 152 304
3568 5550 149 305
3568 5551 146 303
3568 5552 144 305
3568 5553 141 306
3568 5554 136 306
3568 5555 135 306
3568 5556 133 307
3568 5557 129 307
3568 5558 127 308
3568 5559 124 309
3568 5560 120 309
3568 5561 118 311
3568 5562 116 311
3568 5563 113 311
3568 5564 110 311
3568 5565 108 313
3568 5566 104 311
3568 5567 101 311
3568 5568 98 311
3568 5569 96 312
3568 5570 92 312
3568 5571 90 313
3568 5572 88 313
3568 5573 85 314
3568 5574 81 317
3568 5575 79 317
3568 5576 77 318
3568 5577 74 319
3568 5578 73 320
3568 5579 70 322
3568 5580 65 321
3568 5581 62 321
3568 5582 61 323
3568 5583 58 324
3568 5584 56 324
3568 5585 54 325
3568 5586 51 327
3568 5587 46 326
3568 5588 46 327
3568 5589 43 329
3568 5590 40 329
3568 5591 37 330
3568 5592 35 331
3568 5593 35 336
3672 5670 305 262
3672 5671 309 260
3672 5672 312 258
3672 5673 314 260
3672 5674 315 258
3672 5675 317 262
3672 5676 320 262
3672 5677 322 263
3672 5678 326 263
3672 5679 327 261
3672 5680 329 262
3672 5681 330 264
3672 5682 333 264
3672 5683 335 264
3672 5684 337 264
3672 5685 337 265
3672 5686 341 265
3672 5687 344 266
3672 5688 346 265
3672 5689 348 262
3672 5690 353 265
3672 5691 354 267
3672 5692 357 265
3672 5693 358 263
3672 5694 361 265
3672 5695 363 265
3672 5696 364 268
3672 5697 368 268
3672 5698 370 268
3672 5699 373 268
3672 5700 376 266
3672 5701 378 267
3672 5702 379 269
3672 5703 383 266
3672 5704 386 269
3672 5705 386 269
3672 5706 389 270
3672 5707 394 269
3672 5708 396 269
3672 5709 398 268
3672 5710 401 267
3672 5711 403 269
3672 5712 405 271
3672 5713 406 271
3672 5714 409 276
3708 5719 66 306
3708 5720 67 305
3708 5721 71 309
3708 5722 66 312
3708 5723 60 313
3708 5724 56 316
3708 5725 50 320
3708 5726 43 322
3708 5727 37 324
3708 5728 32 329
3708 5729 26 331
3708 5730 19 333
3708 5731 14 337
3864 6183 197 255
3864 6184 194 260
3864 6185 190 260
3864 6186 184 261
3864 6187 181 262
3864 6188 174 263
3864 6189 168 265
3864 6190 164 272
3864 6191 163 274
3864 6192 154 277
3864 6193 151 279
3864 6194 143 281
3864 6195 138 284
3925 6372 202 246
3925 6373 211 247
3925 6374 234 246
3925 6375 234 246
3925 6376 239 247
3925 6377 243 246
3925 6378 262 249
3925 6379 272 250
3925 6380 283 251
3925 6381 300 253
3925 6382 309 254
3925 6383 313 255
3925 6384 325 254
3925 6385 336 257
3925 6386 348 259
3925 6387 362 259
3925 6388 374 259
3925 6389 384 261
3925 6390 395 261
3976 6566 144 247
3976 6567 146 248
3976 6568 148 247
3976 6569 150 247
3976 6570 152 248
3976 6571 153 249
3976 6572 166 259
3976 6573 167 262
3976 6574 166 263
3976 6575 166 264
3976 6576 164 265
3976 6577 162 267
3976 6578 160 269
3976 6579 159 269
3976 6580 155 270
3976 6581 154 272
3976 6582 151 274
3976 6583 146 277
3976 6584 142 278
3976 6585 140 280
3976 6586 137 281
3976 6587 132 284
3976 6588 126 286
3976 6589 122 288
3976 6590 120 287
3976 6591 125 283
3976 6592 128 282
3976 6593 125 284
3999 6641 260 336
3999 6642 259 337
3999 6643 262 333
3999 6644 263 335
3999 6645 266 341
3999 6646 268 338
3999 6647 270 338
3999 6648 271 340
3999 6649 273 345
3999 6650 277 347
3999 6651 280 348
3999 6652 283 350
3999 6653 283 348
3999 6654 287 350
3999 6655 288 351
3999 6656 290 351
3999 6657 292 352
3999 6658 296 354
3999 6659 298 356
3999 6660 301 356
3999 6661 304 358
3999 6662 306 357
3999 6663 308 358
3999 6664 311 361
3999 6665 315 362
3999 6666 317 361
3999 6667 319 363
3999 6668 324 365
3999 6669 325 365
3999 6670 328 365
3999 6671 333 368
3999 6672 335 369
3999 6673 339 370
3999 6674 343 372
3999 6675 345 373
3999 6676 346 373
3999 6677 350 375
3999 6678 354 377
3999 6679 357 377
3999 6680 360 378
3999 6681 364 380
3999 6682 368 380
3999 6683 371 379
3999 6684 374 384
3999 6685 378 385
3999 6686 381 391
3999 6687 382 388
3999 6688 386 389
3999 6689 389 388
3999 6690 392 391
3999 6691 395 389
3999 6692 399 394
3999 6693 401 395
3999 6694 404 396
3999 6695 409 397
3999 6696 411 397
3999 6697 413 398
3999 6698 417 401
3999 6699 421 403
3999 6700 424 402
3999 6701 427 405
3999 6702 431 407
3999 6703 430 408
4000 6646 4 349
4000 6647 6 346
4000 6648 11 342
4000 6649 14 338
4000 6650 18 334
4000 6651 24 331
4000 6652 29 328
4000 6653 36 325
4000 6654 43 323
4000 6655 50 320
4000 6656 55 317
4000 6657 62 314
4000 6658 68 312
4000 6659 66 319
4012 6664 106 296
4012 6665 114 294
4012 6666 119 292
4012 6667 125 288
4012 6668 131 286
4012 6669 136 285
4012 6670 140 282
4012 6671 143 280
4012 6672 149 278
4012 6673 155 276
4012 6674 157 275
4012 6675 161 271
4012 6676 164 268
4041 6706 436 262
4041 6707 421 261
4041 6708 405 259
4041 6709 392 258
4041 6710 375 257
4041 6711 361 257
4041 6712 345 255
4041 6713 327 253
4041 6714 314 252
4041 6715 301 251
4041 6716 289 250
4041 6717 276 250
4041 6718 264 248
4041 6719 255 247
4041 6720 241 247
4041 6721 231 246
4201 7012 4 388
4201 7013 4 377
4201 7014 5 374
4201 7015 6 376
4201 7016 10 376
4201 7017 14 370
4201 7018 18 373
4201 7019 22 373
4201 7020 25 369
4201 7021 29 372
4201 7022 32 371
4201 7023 34 367
4201 7024 40 368
4201 7025 42 368
4201 7026 47 370
4201 7027 49 369
4201 7028 51 367
4201 7029 56 366
4201 7030 60 365
4201 7031 63 364
4201 7032 66 366
4201 7033 69 365
4201 7034 74 366
4201 7035 77 364
4201 7036 81 363
4201 7037 85 362
4201 7038 87 364
4201 7039 89 363
4201 7040 95 360
4201 7041 97 363
4201 7042 99 361
4201 7043 102 361
4201 7044 105 358
4201 7045 109 357
4201 7046 113 355
4201 7047 114 357
4201 7048 118 357
4201 7049 121 357
4201 7050 125 357
4201 7051 125 356
4201 7052 130 355
4201 7053 133 353
4201 7054 136 351
4201 7055 138 354
4201 7056 140 352
4201 7057 144 352
4201 7058 145 347
4201 7059 149 350
4201 7060 153 348
4201 7061 154 346
4201 7062 158 347
4201 7063 161 348
4201 7064 162 347
4201 7065 166 342
4201 7066 170 344
4201 7067 173 344
4201 7068 176 344
4201 7069 180 342
4201 7070 182 343
4201 7071 183 340
4201 7072 186 337
4201 7073 189 340
4201 7074 190 338
4201 7075 194 337
4201 7076 197 337
4201 7077 200 337
4201 7078 202 338
4201 7079 204 333
4201 7080 207 333
4201 7081 209 334
4201 7082 213 331
4201 7083 215 332
4201 7084 218 331
4201 7085 221 328
4201 7086 223 329
4201 7087 226 329
4201 7088 228 330
4201 7089 233 329
4201 7090 235 327
4201 7091 237 327
4201 7092 240 327
4201 7093 243 325
4201 7094 246 326
4201 7095 250 320
4201 7096 252 322
4201 7097 254 324
4201 7098 257 324
4201 7099 259 320
4201 7100 261 322
4201 7101 264 321
4201 7102 268 319
4201 7103 270 319
4201 7104 273 321
4201 7105 275 320
4201 7106 277 316
4201 7107 281 320
4201 7108 282 317
4201 7109 286 317
4201 7110 289 315
4201 7111 291 318
4201 7112 293 315
4201 7113 295 313
4201 7114 298 315
4201 7115 301 314
4201 7116 304 310
4201 7117 306 313
4201 7118 308 312
4201 7119 309 312
4201 7120 312 310
4201 7121 314 309
4201 7122 317 310
4201 7123 320 307
4201 7124 322 309
4201 7125 324 306
4201 7126 326 306
4201 7127 329 306
4201 7128 330 306
4201 7129 333 304
4201 7130 337 305
4201 7131 338 305
4201 7132 340 300
4201 7133 341 301
4201 7134 344 303
4201 7135 346 301
4201 7136 348 303
4201 7137 352 300
4201 7138 353 301
4201 7139 354 301
4201 7140 356 300
4201 7141 357 299
4201 7142 361 299
4201 7143 363 298
4201 7144 365 297
4201 7145 367 300
4201 7146 368 297
4201 7147 370 295
4201 7148 373 295
4201 7149 375 296
4201 7150 375 297
4201 7151 379 293
4201 7152 381 293
4201 7153 382 293
4201 7154 385 292
4201 7155 386 294
4201 7156 388 293
4201 7157 390 293
4201 7158 394 291
4201 7159 395 293
4201 7160 396 292
4201 7161 399 290
4201 7162 402 291
4201 7163 403 291
4201 7164 404 292
4201 7165 408 288
4201 7166 410 288
4201 7167 411 290
4201 7168 413 288
4201 7169 416 287
4201 7170 418 287
4201 7171 419 287
4201 7172 421 287
4201 7173 424 286
4201 7174 426 287
4201 7175 427 287
4201 7176 428 285
4201 7177 430 286
4201 7178 433 287
4201 7179 434 285
4201 7180 437 284
4201 7181 437 285
4201 7182 440 282
4201 7183 442 283
4201 7184 443 282
4201 7185 445 282
4201 7186 446 282
4201 7187 450 281
4201 7188 450 284
4201 7189 452 283
4201 7190 453 279
4201 7191 456 281
4201 7192 457 280
4201 7193 460 280
4201 7194 462 280
4201 7195 464 279
4201 7196 465 280
4201 7197 467 278
4201 7198 468 278
4471 7405 167 247
4471 7406 165 250
4471 7407 166 250
4471 7408 163 254
4471 7409 161 256
4471 7410 161 254
4471 7411 157 260
4471 7412 154 262
4471 7413 149 265
4471 7414 146 268
4471 7415 144 270
4471 7416 141 267
4471 7417 140 270
4471 7418 136 272
4471 7419 129 276
4471 7420 124 279
4471 7421 119 280
4471 7422 123 274
4471 7423 115 282
4471 7424 113 284
4471 7425 105 287
4471 7426 99 291
4471 7427 93 294
4471 7428 99 288
4471 7429 87 297
4471 7430 78 300
4471 7431 71 302
4471 7432 65 304
4471 7433 73 299
4471 7434 78 300
4471 7435 76 305
4471 7436 80 295
4605 7466 316 270
4605 7467 319 268
4605 7468 320 269
4605 7469 321 271
4605 7470 325 269
4605 7471 326 271
4605 7472 326 271
4605 7473 326 274
4605 7474 329 272
4605 7475 330 269
4605 7476 331 272
4605 7477 332 273
4605 7478 334 274
4605 7479 336 273
4605 7480 337 273
4605 7481 338 277
4605 7482 340 276
4605 7483 342 275
4605 7484 345 275
4605 7485 347 276
4605 7486 349 277
4605 7487 351 277
4605 7488 354 277
4605 7489 355 279
4605 7490 358 275
4605 7491 360 278
4605 7492 361 278
4605 7493 362 280
4605 7494 366 280
4605 7495 369 279
4605 7496 370 280
4605 7497 371 279
4605 7498 373 281
4605 7499 376 279
4605 7500 377 280
4605 7501 378 282
4605 7502 381 282
4605 7503 384 280
4605 7504 385 281
4605 7505 387 283
4605 7506 389 284
4605 7507 392 284
4605 7508 394 283
4605 7509 396 283
4605 7510 397 285
4605 7511 401 282
4605 7512 403 283
4605 7513 403 285
4605 7514 406 286
4605 7515 409 286
4605 7516 411 285
4605 7517 413 286
4605 7518 412 287
4605 7519 417 288
4605 7520 420 284
4605 7521 420 289
4605 7522 422 289
4605 7523 424 287
4605 7524 426 289
4605 7525 426 289
4605 7526 428 291
4605 7527 429 292
4605 7528 432 293
4605 7529 434 294
4777 7634 162 261
4777 7635 165 261
4777 7636 161 263
4777 7637 160 264
4777 7638 152 265
4777 7639 149 267
4777 7640 145 268
4777 7641 145 269
4777 7642 142 271
4777 7643 134 273
4777 7644 131 273
4777 7645 127 276
4777 7646 123 278
4777 7647 119 280
4777 7648 115 281
4777 7649 111 283
4777 7650 112 285
4777 7651 104 287
4777 7652 100 289
4777 7653 95 292
5172 8036 285 335
5172 8037 287 335
5172 8038 290 336
5172 8039 291 337
5172 8040 292 349
5172 8041 296 339
5172 8042 298 340
5172 8043 300 340
5172 8044 302 343
5172 8045 305 346
5172 8046 307 343
5172 8047 309 344
5172 8048 311 346
5172 8049 313 346
5172 8050 316 346
5172 8051 316 349
5172 8052 319 352
5172 8053 323 349
5172 8054 326 350
5172 8055 328 352
5172 8056 329 355
5172 8057 331 359
5172 8058 334 357
5172 8059 333 366
5172 8060 334 370
5201 8060 340 355
5201 8061 343 357
5201 8062 344 358
5201 8063 346 359
5201 8064 348 359
5201 8065 351 360
5201 8066 354 362
5201 8067 356 362
5201 8068 359 363
5201 8069 361 365
5201 8070 363 366
5201 8071 365 366
5201 8072 367 367
5201 8073 369 369
5201 8074 371 370
5201 8075 373 370
5201 8076 377 373
5201 8077 379 374
5201 8078 381 374
5201 8079 383 376
5201 8080 387 378
5201 8081 387 378
5201 8082 391 379
5201 8083 393 381
5201 8084 395 382
5201 8085 397 383
5201 8086 400 384
5201 8087 402 386
5201 8088 406 387
5201 8089 407 388
5201 8090 410 390
5201 8091 412 392
5201 8092 413 393
5201 8093 417 395
5201 8094 420 397
5201 8095 423 396
5201 8096 426 398
5242 8099 434 402
5242 8100 436 403
5242 8101 440 405
5242 8102 444 406
5242 8103 447 408
5242 8104 450 411
5242 8105 453 412
5242 8106 456 413
5242 8107 459 415
5242 8108 463 415
5242 8109 466 417
5242 8110 469 419
5242 8111 472 420
5242 8112 475 422
5242 8113 478 423
5242 8114 482 425
5242 8115 485 426
5242 8116 488 427
5242 8117 493 429
5242 8118 496 432
5242 8119 499 433
5242 8120 502 434
5242 8121 507 435
5242 8122 510 438
5242 8123 514 438
5242 8124 517 441
5242 8125 521 442
5242 8126 524 443
5242 8127 528 445
5242 8128 531 447
5242 8129 536 447
5242 8130 538 449
5242 8131 541 450
5242 8132 545 453
5242 8133 548 453
5242 8134 552 454
5242 8135 556 456
5242 8136 560 457
5242 8137 562 457
5242 8138 566 459
5242 8139 570 460
5242 8140 574 463
5242 8141 577 462
5242 8142 580 463
5242 8143 584 464
5242 8144 588 466
5242 8145 591 467
5242 8146 594 468
5242 8147 598 470
5242 8148 602 471
5242 8149 605 471
5242 8150 609 473
5242 8151 612 474
5242 8152 616 475
5242 8153 619 475
5242 8154 622 475
5276 8154 4 382
5276 8155 6 382
5276 8156 8 382
5276 8157 10 385
5276 8158 11 379
5276 8159 14 381
5276 8160 16 383
5276 8161 20 381
5276 8162 23 379
5276 8163 25 380
5276 8164 27 382
5276 8165 28 379
5276 8166 32 378
5276 8167 33 379
5276 8168 35 381
5276 8169 37 378
5276 8170 41 378
5276 8171 43 381
5276 8172 46 379
5276 8173 48 377
5276 8174 52 381
5276 8175 54 377
5276 8176 57 378
5276 8177 61 378
5276 8178 64 377
5276 8179 66 377
5276 8180 69 377
5276 8181 72 377
5276 8182 74 376
5276 8183 77 377
5276 8184 79 378
5276 8185 82 377
5276 8186 85 377
5276 8187 88 377
5276 8188 91 381
5276 8189 94 376
5276 8190 96 375
5276 8191 99 378
5276 8192 101 379
5276 8193 103 377
5276 8194 107 377
5276 8195 109 377
5276 8196 112 377
5276 8197 116 378
5276 8198 118 376
5276 8199 119 378
5276 8200 123 377
5276 8201 127 381
5276 8202 129 377
5276 8203 132 380
5276 8204 134 379
5276 8205 137 379
5276 8206 140 378
5276 8207 143 380
5276 8208 146 382
5276 8209 148 378
5276 8210 151 380
5276 8211 154 378
5276 8212 157 378
5276 8213 160 381
5276 8214 163 380
5276 8215 166 380
5276 8216 169 378
5276 8217 171 378
5276 8218 174 378
5276 8219 177 379
5276 8220 180 378
5276 8221 182 378
5276 8222 185 381
5276 8223 188 382
5276 8224 191 380
5276 8225 194 379
5276 8226 196 380
5276 8227 200 380
5276 8228 202 380
5276 8229 205 379
5276 8230 208 381
5276 8231 212 381
5276 8232 216 385
5276 8233 216 381
5276 8234 220 382
5276 8235 222 382
5276 8236 227 382
5276 8237 229 382
5276 8238 233 384
5276 8239 236 386
5276 8240 239 386
5276 8241 241 384
5276 8242 246 386
5276 8243 250 383
5276 8244 250 387
5276 8245 255 384
5276 8246 255 383
5276 8247 258 387
5276 8248 262 386
5276 8249 265 380
5276 8250 267 387
5276 8251 270 386
5276 8252 274 386
5276 8253 276 381
5276 8254 277 382
5276 8255 281 383
5276 8256 285 381
5276 8257 287 384
5276 8258 289 380
5276 8259 292 384
5276 8260 295 385
5276 8261 299 380
5276 8262 302 385
5276 8263 305 382
5276 8264 307 381
5276 8265 310 384
5276 8266 313 381
5276 8267 316 384
5276 8268 318 383
5276 8269 321 386
5276 8270 323 381
5276 8271 327 384
5276 8272 330 385
5276 8273 332 386
5276 8274 335 385
5276 8275 337 387
5276 8276 341 388
5276 8277 345 387
5276 8278 347 384
5276 8279 350 385
5276 8280 352 387
5276 8281 354 389
5276 8282 358 385
5276 8283 360 387
5276 8284 363 390
5276 8285 365 391
5276 8286 369 389
5276 8287 372 388
5276 8288 374 389
5276 8289 376 393
5276 8290 379 393
5276 8291 383 394
5276 8292 386 391
5276 8293 388 396
5276 8294 393 392
5276 8295 395 391
5276 8296 398 395
5276 8297 400 396
5276 8298 402 397
5276 8299 406 395
5276 8300 408 397
5276 8301 410 399
5276 8302 416 396
5276 8303 416 398
5276 8304 419 398
5276 8305 422 401
5276 8306 426 398
5276 8307 430 394
5276 8308 433 397
5276 8309 437 397
5276 8310 440 399
5276 8311 442 399
5276 8312 443 400
5276 8313 445 403
5276 8314 451 406
5276 8315 451 401
5276 8316 451 405
5519 8395 234 251
5519 8396 231 248
5519 8397 246 250
5519 8398 259 249
5519 8399 271 250
5519 8400 287 253
5519 8401 302 254
5519 8402 319 256
5519 8403 335 257
5519 8404 349 258
5519 8405 360 260
5519 8406 377 260
5821 8907 456 263
5821 8908 448 262
5821 8909 440 262
5821 8910 432 261
5821 8911 424 259
5821 8912 417 258
5821 8913 410 258
5821 8914 402 258
5821 8915 393 258
5821 8916 384 257
5821 8917 377 256
5821 8918 369 256
5821 8919 361 255
5821 8920 353 254
5821 8921 345 254
5821 8922 338 254
5821 8923 330 253
5821 8924 323 251
5821 8925 316 251
5821 8926 311 250
5821 8927 303 250
5821 8928 296 249
5821 8929 290 249
5821 8930 282 248
5821 8931 275 248
5821 8932 268 248
5821 8933 260 247
5913 9000 304 255
5913 9001 302 254
5913 9002 313 257
5913 9003 324 258
5913 9004 335 258
5913 9005 346 259
5913 9006 356 260
5913 9007 366 262
5913 9008 377 263
5913 9009 386 264
5913 9010 397 265
5913 9011 409 264
5913 9012 420 266
5913 9013 431 267
5913 9014 441 268
5913 9015 451 268
5913 9016 461 269
5913 9017 466 270
5913 9018 472 270
5913 9019 477 272
5913 9020 481 277
5995 9153 158 247
5995 9154 164 248
5995 9155 172 246
5995 9156 149 246
5995 9157 156 246
5995 9158 164 248
5995 9159 171 248
5995 9160 179 248
5995 9161 186 249
5995 9162 194 251
5995 9163 201 251
5995 9164 209 251
5995 9165 217 252
5995 9166 224 254
5995 9167 236 254
5995 9168 244 255
5995 9169 252 256
5995 9170 261 257
5995 9171 271 258
5995 9172 278 258
6148 9332 23 340
6148 9333 24 341
6148 9334 26 343
6148 9335 27 345
6148 9336 28 343
6148 9337 28 344
6148 9338 29 348
6148 9339 30 348
6148 9340 31 347
6148 9341 33 351
6148 9342 35 354
6148 9343 35 354
6148 9344 39 354
6148 9345 38 353
6148 9346 39 355
6148 9347 41 354
6148 9348 43 360
6148 9349 47 359
6148 9350 49 360
6148 9351 49 361
6148 9352 50 363
6148 9353 53 366
6148 9354 51 356
6148 9355 56 365
6148 9356 56 365
6148 9357 58 367
6148 9358 58 369
6148 9359 60 368
6148 9360 61 369
6148 9361 66 370
6148 9362 67 371
6148 9363 69 375
6148 9364 69 374
6148 9365 72 378
6148 9366 71 378
6148 9367 75 380
6148 9368 77 380
6148 9369 80 381
6148 9370 82 382
6148 9371 85 385
6148 9372 85 387
6148 9373 87 387
6148 9374 90 389
6148 9375 91 387
6148 9376 92 389
6148 9377 94 390
6148 9378 98 394
6148 9379 97 394
6148 9380 101 393
6148 9381 102 396
6148 9382 104 396
6148 9383 106 400
6148 9384 109 400
6148 9385 112 401
6148 9386 112 400
6177 9386 116 415
6177 9387 114 408
6177 9388 117 404
6177 9389 119 409
6177 9390 120 409
6177 9391 124 410
6177 9392 127 414
6177 9393 126 414
6177 9394 129 417
6177 9395 130 416
6177 9396 133 419
6177 9397 137 421
6177 9398 140 425
6177 9399 140 426
6177 9400 144 424
6177 9401 145 430
6177 9402 148 428
6177 9403 150 433
6177 9404 154 436
6177 9405 157 438
6177 9406 159 437
6177 9407 162 441
6177 9408 165 443
6177 9409 169 445
6177 9410 171 445
6177 9411 174 447
6177 9412 177 451
6177 9413 179 451
6177 9414 183 454
6177 9415 186 457
6177 9416 188 457
6177 9417 193 457
6177 9418 195 461
6177 9419 200 463
6177 9420 203 463
6177 9421 207 464
6177 9422 210 465
6177 9423 216 465
6177 9424 219 466
6177 9425 223 467
6177 9426 225 468
6177 9427 229 469
6177 9428 234 470
6177 9429 241 471
6177 9430 242 468
6183 9394 296 415
6183 9395 294 412
6183 9396 297 413
6183 9397 299 419
6183 9398 301 415
6183 9399 303 416
6183 9400 304 417
6183 9401 307 419
6183 9402 309 419
6183 9403 312 421
6183 9404 313 424
6183 9405 316 423
6183 9406 317 424
6183 9407 319 427
6183 9408 322 429
6183 9409 325 429
6183 9410 328 430
6183 9411 329 432
6183 9412 331 433
6183 9413 334 435
6183 9414 338 434
6183 9415 339 437
6183 9416 343 438
6183 9417 349 433
6183 9418 347 439
6183 9419 349 443
6183 9420 353 445
6183 9421 356 446
6183 9422 358 451
6183 9423 361 447
6183 9424 364 448
6183 9425 366 449
6183 9426 370 450
6183 9427 375 449
6183 9428 375 453
6183 9429 379 461
6183 9430 381 467
6183 9431 385 463
6183 9432 387 459
6183 9433 388 459
6183 9434 396 460
6183 9435 396 464
6183 9436 400 462
6183 9437 405 465
6183 9438 405 463
6183 9439 414 464
6183 9440 415 468
6183 9441 417 464
6183 9442 420 465
6183 9443 423 466
6183 9444 427 467
6183 9445 430 467
6183 9446 432 471
6183 9447 435 468
6183 9448 437 472
6389 9657 485 267
6389 9658 482 267
6389 9659 481 266
6389 9660 480 265
6389 9661 476 264
6389 9662 475 265
6389 9663 471 264
6389 9664 468 264
6389 9665 464 264
6389 9666 460 263
6389 9667 454 263
6389 9668 451 263
6389 9669 451 262
6389 9670 442 262
6389 9671 438 261
6389 9672 435 260
6389 9673 431 261
6389 9674 426 260
6389 9675 428 260
6389 9676 421 261
6389 9677 423 260
6389 9678 420 259
6389 9679 413 260
6389 9680 410 259
6389 9681 406 258
6389 9682 403 257
6389 9683 400 257
6389 9684 396 256
6389 9685 393 256
6389 9686 389 255
6389 9687 387 255
6389 9688 381 255
6389 9689 380 254
6389 9690 377 254
6389 9691 373 254
6389 9692 373 254
6389 9693 366 252
6389 9694 363 253
6389 9695 360 253
6389 9696 358 251
6389 9697 355 253
6389 9698 354 252
6389 9699 349 252
6389 9700 344 252
6389 9701 344 252
6389 9702 338 251
6389 9703 338 253
6389 9704 336 251
6389 9705 334 252
6389 9706 330 251
6389 9707 326 252
6389 9708 328 251
6389 9709 329 251
6389 9710 328 251
6389 9711 329 252
6389 9712 331 252
6389 9713 327 251
6389 9714 320 250
6533 9768 473 413
6533 9769 469 413
6533 9770 467 414
6533 9771 460 413
6533 9772 457 413
6533 9773 455 414
6533 9774 451 416
6533 9775 447 419
6533 9776 441 426
6533 9777 436 432
6533 9778 432 439
6533 9779 424 444
6533 9780 427 437
6533 9781 424 439
6533 9782 418 434
6533 9783 412 434
6682 9885 210 334
6682 9886 213 336
6682 9887 212 340
6682 9888 214 343
6682 9889 214 345
6682 9890 217 347
6682 9891 219 347
6682 9892 221 347
6682 9893 221 351
6682 9894 222 353
6682 9895 223 352
6682 9896 226 353
6682 9897 226 354
6682 9898 228 355
6682 9899 231 356
6682 9900 232 360
6682 9901 233 355
6682 9902 234 359
6682 9903 235 359
6682 9904 236 360
6682 9905 238 362
6682 9906 240 365
6682 9907 242 367
6682 9908 243 365
6682 9909 245 367
6682 9910 247 367
6682 9911 248 368
6682 9912 251 374
6682 9913 253 374
6682 9914 255 373
6682 9915 257 374
6682 9916 259 378
6682 9917 261 379
6682 9918 264 380
6682 9919 267 379
6682 9920 269 380
6682 9921 271 384
6682 9922 274 382
6682 9923 276 386
6682 9924 279 389
6682 9925 282 387
6682 9926 284 389
6682 9927 287 390
6682 9928 289 391
6682 9929 293 394
6682 9930 295 389
6682 9931 297 395
6682 9932 301 396
6682 9933 304 396
6682 9934 306 398
6682 9935 310 401
6682 9936 312 399
6682 9937 312 404
6682 9938 316 405
6682 9939 318 403
6761 9940 323 420
6761 9941 323 415
6761 9942 326 411
6761 9943 328 413
6761 9944 330 415
6761 9945 333 416
6761 9946 337 417
6761 9947 339 419
6761 9948 341 422
6761 9949 343 424
6761 9950 347 424
6761 9951 351 426
6761 9952 353 428
6761 9953 356 431
6761 9954 359 433
6761 9955 361 434
6761 9956 365 437
6761 9957 367 435
6761 9958 369 438
6761 9959 373 442
6761 9960 375 444
6761 9961 378 444
6761 9962 380 447
6761 9963 385 447
6761 9964 387 450
6761 9965 390 450
6761 9966 393 451
6761 9967 395 456
6761 9968 398 454
6761 9969 401 456
6761 9970 404 461
6761 9971 408 461
6761 9972 410 462
6761 9973 414 462
6761 9974 417 465
6761 9975 421 466
6761 9976 425 467
6761 9977 427 468
6761 9978 431 470
6843 10016 125 286
6843 10017 124 283
6843 10018 119 284
6843 10019 116 287
6843 10020 110 289
6843 10021 105 291
6843 10022 100 295
6843 10023 94 296
6843 10024 89 299
6843 10025 85 300
6843 10026 81 301
6843 10027 75 305
6843 10028 68 306
6843 10029 60 312
6843 10030 55 315
6843 10031 48 315
6979 10259 238 248
6979 10260 241 249
6979 10261 255 250
6979 10262 265 251
6979 10263 277 250
6979 10264 290 253
6979 10265 305 255
6979 10266 317 256
6979 10267 329 257
6979 10268 341 257
6979 10269 354 258
6979 10270 369 259
6979 10271 384 261
6979 10272 397 263
6979 10273 411 265
6979 10274 425 265
6979 10275 441 266
6979 10276 457 267
6979 10277 467 269
6979 10278 475 269
6979 10279 482 271
6979 10280 490 274
6999 10290 255 254
6999 10291 253 250
6999 10292 260 252
6999 10293 270 253
6999 10294 283 254
6999 10295 294 255
6999 10296 305 256
6999 10297 315 257
6999 10298 327 257
6999 10299 337 258
6999 10300 349 260
6999 10301 363 260
6999 10302 376 262
6999 10303 388 264
6999 10304 400 265
6999 10305 412 266
6999 10306 426 267
6999 10307 437 268
6999 10308 449 269
6999 10309 461 270
6999 10310 473 271
6999 10311 479 272
6999 10312 489 278
7143 10690 147 246
7143 10691 150 248
7143 10692 152 250
7143 10693 154 250
7143 10694 156 253
7143 10695 157 255
7143 10696 157 257
7143 10697 157 259
7143 10698 156 261
7143 10699 154 263
7143 10700 152 264
7143 10701 149 267
7143 10702 147 270
7143 10703 143 273
7143 10704 138 275
7143 10705 132 279
7143 10706 126 282
7143 10707 120 286
7143 10708 115 288
7143 10709 107 292
7143 10710 99 296
7143 10711 92 300
7143 10712 86 303
7143 10713 76 307
7143 10714 67 313
7143 10715 58 317
7143 10716 49 321
7143 10717 37 326
7143 10718 27 332
7143 10719 23 337
7143 10720 18 338
7143 10721 13 341
7143 10722 6 348
7209 10883 153 267
7209 10884 155 267
7209 10885 152 268
7209 10886 149 271
7209 10887 145 274
7209 10888 141 276
7209 10889 137 279
7209 10890 132 281
7209 10891 127 284
7209 10892 122 286
7209 10893 116 289
7209 10894 110 292
7209 10895 104 295
7209 10896 97 299
7209 10897 91 302
7209 10898 97 306
7248 10999 198 363
7248 11000 198 363
7248 11001 198 360
7248 11002 195 362
7248 11003 192 362
7248 11004 190 366
7248 11005 189 366
7248 11006 184 369
7248 11007 183 369
7248 11008 176 373
7248 11009 177 374
7248 11010 174 378
7248 11011 171 379
7248 11012 167 380
7248 11013 164 382
7248 11014 163 382
7248 11015 159 387
7248 11016 155 388
7248 11017 151 391
7248 11018 147 387
7249 11003 128 248
7249 11004 127 246
7249 11005 125 248
7249 11006 123 249
7249 11007 122 250
7249 11008 121 252
7249 11009 118 252
7249 11010 116 253
7249 11011 116 256
7249 11012 114 256
7249 11013 112 258
7249 11014 110 255
7249 11015 108 259
7249 11016 106 259
7249 11017 102 260
7249 11018 101 261
7249 11019 98 261
7249 11020 95 261
7249 11021 92 263
7249 11022 89 263
7249 11023 84 263
7249 11024 83 264
7249 11025 80 263
7249 11026 75 266
7249 11027 73 268
7249 11028 70 267
7249 11029 70 268
7249 11030 67 275
7272 11018 146 395
7272 11019 146 396
7272 11020 142 396
7272 11021 138 400
7272 11022 136 402
7272 11023 132 405
7272 11024 129 407
7272 11025 124 410
7272 11026 121 413
7272 11027 116 415
7272 11028 111 418
7272 11029 107 422
7272 11030 105 422
7272 11031 99 426
7272 11032 94 429
7272 11033 91 431
7272 11034 87 436
7272 11035 82 439
7272 11036 77 444
7272 11037 74 446
7272 11038 70 451
7272 11039 65 454
7272 11040 60 454
7272 11041 57 457
7272 11042 53 461
7272 11043 48 467
7272 11044 51 475
7275 11026 635 424
7275 11027 633 421
7275 11028 631 423
7275 11029 626 426
7275 11030 621 429
7275 11031 619 427
7275 11032 614 429
7275 11033 610 430
7275 11034 607 434
7275 11035 602 436
7275 11036 598 438
7275 11037 593 438
7275 11038 589 442
7275 11039 584 439
7275 11040 581 444
7275 11041 576 443
7275 11042 571 448
7275 11043 565 449
7275 11044 561 451
7275 11045 555 450
7275 11046 551 454
7275 11047 546 452
7275 11048 541 456
7275 11049 536 458
7275 11050 531 458
7275 11051 528 461
7275 11052 523 459
7275 11053 517 463
7275 11054 512 463
7275 11055 507 465
7275 11056 502 465
7275 11057 496 466
7275 11058 490 466
7275 11059 483 467
7275 11060 478 469
7275 11061 471 469
7275 11062 464 471
7275 11063 459 471
7275 11064 451 472
7275 11065 446 473
7275 11066 440 474
7275 11067 435 475
7275 11068 427 476
7343 11132 627 371
7343 11133 623 369
7343 11134 620 371
7343 11135 618 373
7343 11136 617 373
7343 11137 616 374
7343 11138 614 375
7343 11139 615 378
7343 11140 613 379
7343 11141 611 380
7343 11142 608 382
7343 11143 607 383
7343 11144 605 385
7343 11145 601 387
7343 11146 600 388
7343 11147 598 390
7343 11148 595 392
7343 11149 592 394
7343 11150 589 394
7343 11151 587 397
7343 11152 584 398
7343 11153 582 400
7343 11154 580 401
7343 11155 577 402
7343 11156 576 405
7343 11157 570 403
7343 11158 570 407
7343 11159 568 409
7343 11160 565 410
7343 11161 562 412
7343 11162 561 414
7343 11163 562 420
7558 11378 154 276
7558 11379 149 273
7558 11380 149 275
7558 11381 142 279
7558 11382 137 282
7558 11383 132 284
7558 11384 126 287
7558 11385 124 291
7558 11386 115 294
7558 11387 109 297
7558 11388 107 300
7558 11389 99 304
7558 11390 83 312
7558 11391 63 322
7558 11392 51 327
7558 11393 41 331
7558 11394 31 336
7558 11395 26 329
7558 11396 21 343
7558 11397 16 343
7558 11398 10 347
7558 11399 3 354
7631 11468 151 248
7631 11469 155 249
7631 11470 157 250
7631 11471 160 257
7631 11472 159 261
7631 11473 154 265
7631 11474 148 270
7631 11475 140 275
7631 11476 131 280
7631 11477 122 284
7631 11478 113 288
7631 11479 102 293
7631 11480 93 298
7631 11481 81 304
7631 11482 70 310
7631 11483 58 315
7631 11484 48 319
7631 11485 36 326
7631 11486 25 331
7631 11487 22 335
7631 11488 14 335
7631 11489 10 340
7702 11553 160 250
7702 11554 161 253
7702 11555 161 261
7702 11556 158 263
7702 11557 154 266
7702 11558 151 269
7702 11559 145 272
7702 11560 140 274
7702 11561 132 279
7702 11562 124 282
7702 11563 116 286
7702 11564 111 289