346 309 41 280
346 310 43 280
346 311 45 280
346 312 47 280
346 313 48 282
346 314 50 281
346 315 52 281
346 316 55 281
346 317 55 282
346 318 57 280
346 319 60 280
346 320 62 280
346 321 64 280
346 322 65 279
346 323 67 279
346 324 69 279
346 325 71 280
346 326 73 279
346 327 76 279
346 328 77 279
346 329 80 280
346 330 82 278
346 331 84 277
346 332 86 279
346 333 87 278
346 334 90 278
346 335 92 276
346 336 94 277
346 337 97 274
346 338 98 275
346 339 103 277
346 340 102 275
346 341 104 273
346 342 106 273
346 343 108 274
346 344 110 271
346 345 112 272
346 346 116 274
346 347 115 270
346 348 118 271
346 349 121 270
346 350 122 272
346 351 124 271
346 352 124 272
346 353 128 268
346 354 130 270
346 355 132 269
346 356 133 269
346 357 136 266
346 358 138 269
346 359 139 266
346 360 142 268
346 361 143 266
346 362 146 268
346 363 147 265
346 364 150 264
346 365 152 264
346 366 154 264
346 367 156 263
346 368 156 262
346 369 159 263
346 370 161 266
346 371 163 262
346 372 165 261
346 373 166 263
346 374 168 266
346 375 171 261
346 376 172 260
346 377 174 264
346 378 175 263
346 379 180 259
346 380 179 260
346 381 181 259
346 382 183 259
346 383 184 258
346 384 187 258
346 385 187 261
346 386 189 260
346 387 192 258
346 388 194 260
346 389 195 259
346 390 196 256
346 391 197 255
346 392 199 259
346 393 197 264
389 377 347 256
389 378 349 263
389 379 354 263
389 380 361 262
389 381 368 264
389 382 377 261
389 383 382 266
389 384 392 264
389 385 401 264
389 386 403 267
389 387 412 266
389 388 419 268
389 389 426 269
389 390 434 269
389 391 444 269
389 392 447 271
389 393 455 272
389 394 462 274
575 498 483 268
575 499 477 267
575 500 474 265
575 501 464 266
575 502 450 265
575 503 436 264
575 504 424 263
575 505 414 262
575 506 400 261
575 507 386 260
575 508 375 258
575 509 365 257
575 510 350 257
575 511 339 257
575 512 328 255
575 513 315 254
575 514 302 258
575 515 291 251
575 516 281 249
575 517 269 257
575 518 275 266
575 519 274 267
575 520 273 267
575 521 269 267
575 522 267 267
575 523 267 267
575 524 264 268
575 525 260 268
575 526 260 268
575 527 259 268
575 528 255 268
575 529 252 270
575 530 252 269
575 531 250 269
575 532 245 270
575 533 244 269
575 534 244 270
575 535 239 270
575 536 238 271
575 537 236 271
575 538 233 270
575 539 231 270
575 540 230 272
575 541 226 271
575 542 223 270
575 543 222 271
575 544 221 272
575 545 218 272
575 546 217 271
801 703 408 467
801 704 413 469
801 705 416 473
801 706 418 471
801 707 426 469
801 708 428 471
801 709 431 470
801 710 436 470
801 711 440 470
801 712 442 468
801 713 449 464
801 714 448 465
801 715 455 465
801 716 459 461
801 717 464 459
801 718 468 463
801 719 469 458
801 720 472 454
801 721 477 457
801 722 480 453
801 723 481 455
801 724 488 451
801 725 490 450
801 726 496 452
867 809 399 460
867 810 399 462
867 811 394 465
867 812 391 464
867 813 389 463
867 814 386 462
867 815 383 462
867 816 379 458
867 817 375 456
867 818 374 456
867 819 371 454
867 820 368 453
867 821 365 451
867 822 362 450
867 823 358 446
867 824 355 445
867 825 354 446
867 826 350 443
867 827 347 441
867 828 344 443
867 829 341 440
867 830 336 438
867 831 333 437
867 832 333 436
867 833 328 434
867 834 326 431
867 835 323 433
867 836 320 429
867 837 315 428
867 838 314 428
867 839 312 426
867 840 308 425
867 841 305 423
867 842 303 424
867 843 299 421
867 844 295 419
867 845 296 419
867 846 293 417
867 847 288 415
867 848 287 411
867 849 285 415
867 850 283 412
867 851 280 410
867 852 279 410
867 853 278 417
876 827 488 265
876 828 480 263
876 829 474 261
876 830 467 259
876 831 463 261
876 832 450 260
876 833 439 259
876 834 426 258
876 835 416 258
876 836 403 256
876 837 402 247
898 864 423 262
898 865 425 262
898 866 412 259
898 867 402 258
898 868 391 257
898 869 379 257
898 870 367 257
898 871 357 256
898 872 347 254
898 873 334 254
898 874 324 253
898 875 314 252
898 876 305 251
898 877 293 251
898 878 283 249
898 879 272 248
898 880 265 248
898 881 257 247
898 882 250 247
898 883 241 246
1028 985 636 381
1028 986 635 383
1028 987 634 376
1028 988 631 376
1028 989 629 376
1028 990 627 376
1028 991 624 379
1028 992 623 377
1028 993 620 373
1028 994 619 373
1028 995 616 374
1028 996 612 370
1028 997 611 370
1028 998 608 370
1028 999 607 370
1028 1000 604 369
1028 1001 604 369
1028 1002 601 370
1028 1003 599 371
1028 1004 597 371
1028 1005 595 368
1028 1006 592 369
1028 1007 589 367
1028 1008 588 370
1028 1009 586 370
1028 1010 584 370
1028 1011 580 367
1028 1012 580 367
1028 1013 579 369
1028 1014 575 371
1028 1015 572 371
1028 1016 571 367
1028 1017 569 367
1028 1018 564 368
1028 1019 565 368
1028 1020 561 367
1028 1021 562 368
1028 1022 559 370
1028 1023 557 368
1028 1024 554 368
1028 1025 551 368
1028 1026 549 367
1028 1027 548 368
1028 1028 546 368
1028 1029 542 369
1028 1030 540 370
1028 1031 539 367
1028 1032 536 368
1028 1033 534 373
1028 1034 530 373
1028 1035 528 371
1028 1036 526 368
1028 1037 524 369
1028 1038 521 373
1028 1039 518 371
1028 1040 517 371
1028 1041 515 373
1028 1042 512 372
1028 1043 510 372
1028 1044 508 372
1028 1045 505 373
1028 1046 504 374
1028 1047 502 374
1028 1048 502 373
1028 1049 498 377
1028 1050 497 375
1028 1051 495 375
1028 1052 496 376
1028 1053 491 376
1028 1054 490 375
1071 1036 54 409
1071 1037 56 410
1071 1038 58 411
1071 1039 64 410
1071 1040 67 408
1071 1041 72 410
1071 1042 73 410
1071 1043 78 409
1071 1044 82 405
1071 1045 85 408
1071 1046 89 408
1071 1047 93 404
1071 1048 97 408
1071 1049 99 409
1071 1050 106 407
1071 1051 109 403
1071 1052 114 406
1071 1053 116 405
1071 1054 124 404
1071 1055 125 406
1071 1056 129 405
1071 1057 133 401
1071 1058 137 401
1071 1059 140 401
1071 1060 143 403
1071 1061 149 400
1071 1062 153 400
1071 1063 156 403
1071 1064 161 398
1071 1065 165 398
1071 1066 167 402
1071 1067 172 398
1071 1068 176 397
1071 1069 180 401
1071 1070 182 401
1071 1071 188 398
1071 1072 192 398
1071 1073 196 396
1071 1074 198 396
1071 1075 203 395
1071 1076 208 395
1071 1077 210 398
1071 1078 215 396
1071 1079 218 397
1071 1080 223 393
1071 1081 224 396
1071 1082 230 395
1071 1083 234 393
1071 1084 234 396
1147 1084 236 397
1147 1085 240 396
1147 1086 246 395
1147 1087 250 391
1147 1088 253 395
1147 1089 258 394
1147 1090 261 392
1147 1091 263 395
1147 1092 269 390
1147 1093 272 390
1147 1094 276 392
1147 1095 279 393
1147 1096 283 390
1147 1097 286 391
1147 1098 291 394
1147 1099 295 389
1147 1100 299 392
1147 1101 302 392
1147 1102 306 392
1147 1103 310 392
1147 1104 314 390
1147 1105 316 392
1147 1106 320 391
1147 1107 325 386
1147 1108 328 386
1147 1109 331 389
1147 1110 336 383
1147 1111 340 388
1147 1112 342 386
1147 1113 345 388
1147 1114 350 383
1147 1115 353 385
1147 1116 356 383
1147 1117 359 386
1147 1118 365 382
1147 1119 368 384
1147 1120 370 387
1147 1121 374 385
1147 1122 380 385
1147 1123 383 382
1147 1124 386 382
1147 1125 390 382
1147 1126 394 380
1147 1127 397 384
1147 1128 399 384
1147 1129 405 383
1147 1130 408 380
1147 1131 411 383
1147 1132 416 379
1147 1133 418 382
1147 1134 422 381
1147 1135 426 377
1147 1136 430 377
1147 1137 433 377
1147 1138 437 376
1147 1139 440 377
1147 1140 444 377
1147 1141 446 381
1147 1142 448 384
1147 1143 460 389
1147 1144 462 389
1260 1159 414 349
1260 1160 412 349
1260 1161 412 349
1260 1162 409 349
1260 1163 408 348
1260 1164 406 349
1260 1165 404 346
1260 1166 402 346
1260 1167 399 346
1260 1168 400 344
1260 1169 396 344
1260 1170 393 345
1260 1171 392 343
1260 1172 390 342
1260 1173 388 341
1260 1174 385 343
1260 1175 384 341
1260 1176 382 340
1260 1177 378 339
1260 1178 377 339
1260 1179 375 340
1260 1180 373 339
1260 1181 371 339
1260 1182 370 337
1260 1183 369 336
1260 1184 366 336
1260 1185 363 335
1260 1186 361 328
1260 1187 359 333
1260 1188 359 333
1260 1189 356 334
1260 1190 355 333
1260 1191 354 332
1260 1192 352 330
1260 1193 349 331
1260 1194 349 332
1260 1195 347 330
1260 1196 345 324
1416 1361 274 252
1416 1362 283 251
1416 1363 292 251
1416 1364 299 252
1416 1365 308 253
1416 1366 318 255
1416 1367 323 257
1416 1368 334 261
1416 1369 338 262
1416 1370 349 261
1416 1371 356 259
1416 1372 363 262
1416 1373 372 263
1416 1374 381 262
1416 1375 389 266
1416 1376 396 264
1416 1377 406 262
1416 1378 414 262
1416 1379 420 261
1416 1380 429 263
1583 1505 242 249
1583 1506 243 251
1583 1507 254 252
1583 1508 264 251
1583 1509 275 251
1583 1510 286 254
1583 1511 299 255
1583 1512 310 255
1583 1513 322 257
1583 1514 334 257
1583 1515 346 258
1583 1516 358 260
1583 1517 371 260
1583 1518 387 262
1583 1519 399 264
1583 1520 411 265
1583 1521 427 266
1583 1522 442 267
1583 1523 455 268
1583 1524 465 269
1583 1525 474 269
1583 1526 482 271
1583 1527 489 276
1651 1580 210 446
1651 1581 209 449
1651 1582 207 450
1651 1583 203 450
1651 1584 197 453
1651 1585 194 451
1651 1586 189 452
1651 1587 184 453
1651 1588 181 454
1651 1589 176 455
1651 1590 172 457
1651 1591 168 456
1651 1592 163 459
1651 1593 158 459
1651 1594 154 458
1651 1595 149 460
1651 1596 147 462
1651 1597 145 462
1651 1598 137 464
1651 1599 131 466
1651 1600 127 464
1651 1601 125 469
1651 1602 118 467
1651 1603 113 468
1651 1604 114 469
1651 1605 105 470
1651 1606 101 471
1651 1607 96 471
1651 1608 91 472
1651 1609 88 473
1671 1591 163 265
1671 1592 163 263
1671 1593 161 262
1671 1594 159 264
1671 1595 157 265
1671 1596 156 265
1671 1597 155 267
1671 1598 152 268
1671 1599 150 269
1671 1600 149 271
1671 1601 145 271
1671 1602 142 273
1671 1603 140 274
1671 1604 137 276
1671 1605 134 277
1671 1606 131 278
1671 1607 128 279
1671 1608 126 281
1671 1609 123 282
1671 1610 119 284
1671 1611 117 286
1671 1612 114 287
1671 1613 111 287
1671 1614 107 289
1671 1615 105 291
1671 1616 101 294
1671 1617 97 295
1671 1618 93 296
1671 1619 89 297
1671 1620 84 300
1671 1621 81 302
1671 1622 77 304
1671 1623 72 305
1671 1624 67 308
1671 1625 64 310
1671 1626 59 312
1671 1627 54 314
1671 1628 49 316
1671 1629 44 318
1671 1630 39 321
1671 1631 33 323
1671 1632 28 326
1671 1633 26 328
1671 1634 22 331
1671 1635 20 331
1671 1636 17 332
1671 1637 15 332
1671 1638 12 333
1671 1639 8 337
1671 1640 6 338
1671 1641 3 345
1870 1723 54 292
1870 1724 55 292
1870 1725 57 286
1870 1726 61 285
1870 1727 63 284
1870 1728 64 285
1870 1729 66 284
1870 1730 67 283
1870 1731 70 283
1870 1732 72 285
1870 1733 73 286
1870 1734 76 284
1870 1735 77 284
1870 1736 80 284
1870 1737 81 285
1870 1738 84 285
1870 1739 86 282
1870 1740 88 284
1870 1741 90 284
1870 1742 92 280
1870 1743 94 283
1870 1744 97 283
1870 1745 98 281
1870 1746 100 280
1870 1747 101 279
1870 1748 104 280
1870 1749 106 279
1870 1750 107 277
1870 1751 109 276
1870 1752 113 278
1870 1753 114 278
1870 1754 116 276
1870 1755 118 278
1870 1756 121 278
1870 1757 122 275
1870 1758 125 276
1870 1759 128 276
1870 1760 129 277
1870 1761 130 276
1870 1762 129 267
1870 1763 135 273
1870 1764 135 273
1870 1765 131 265
1870 1766 132 258
1870 1767 131 258
1870 1768 133 259
1870 1769 133 261
1940 1787 164 260
1940 1788 162 261
1940 1789 166 261
1940 1790 166 260
1940 1791 167 261
1940 1792 169 261
1940 1793 171 261
1940 1794 172 259
1940 1795 174 262
1940 1796 178 261
1940 1797 175 262
1940 1798 179 262
1940 1799 178 260
1940 1800 180 262
1940 1801 180 262
1940 1802 183 260
1940 1803 185 260
1940 1804 186 261
1940 1805 188 260
1940 1806 187 261
1940 1807 191 262
1940 1808 193 260
1940 1809 193 263
1940 1810 196 262
1940 1811 197 261
1940 1812 197 262
1940 1813 198 263
1940 1814 200 262
1940 1815 203 266
1940 1816 206 263
1940 1817 208 263
1940 1818 209 262
1940 1819 211 263
1940 1820 212 263
1940 1821 213 263
1940 1822 213 263
1940 1823 217 264
1940 1824 219 264
1940 1825 219 264
1940 1826 221 264
1940 1827 222 264
1940 1828 223 264
1940 1829 226 264
1940 1830 226 264
1940 1831 229 264
1940 1832 231 263
1940 1833 232 264
1940 1834 234 264
1940 1835 237 265
1940 1836 238 264
1940 1837 239 263
1940 1838 241 264
1940 1839 244 265
1940 1840 245 265
1940 1841 246 264
1940 1842 247 265
1940 1843 250 265
1940 1844 253 264
1940 1845 254 264
1940 1846 255 265
1940 1847 255 265
1940 1848 259 263
1940 1849 261 265
1940 1850 262 266
1940 1851 263 267
1940 1852 266 264
1940 1853 267 266
1940 1854 269 266
1940 1855 270 267
1940 1856 272 266
1940 1857 274 264
1940 1858 275 265
1940 1859 277 265
1940 1860 280 266
1940 1861 278 266
1940 1862 281 267
1940 1863 284 267
1940 1864 286 265
1940 1865 289 268
1940 1866 288 268
1940 1867 290 268
1940 1868 294 267
1940 1869 298 265
1940 1870 300 265
1940 1871 298 268
1940 1872 302 267
1940 1873 301 269
1940 1874 304 270
1940 1875 307 273
1945 1800 208 265
1945 1801 211 266
1945 1802 210 266
1945 1803 212 266
1945 1804 214 267
1945 1805 218 268
1945 1806 219 265
1945 1807 221 268
1945 1808 224 267
1945 1809 226 268
1945 1810 226 264
1945 1811 229 268
1945 1812 231 264
1945 1813 231 263
1945 1814 233 263
1945 1815 236 266
1945 1816 238 265
1945 1817 241 269
1945 1818 242 264
1945 1819 243 265
1945 1820 245 263
1945 1821 247 264
1945 1822 249 262
1945 1823 250 264
1945 1824 253 264
1945 1825 255 264
1945 1826 257 263
1945 1827 258 264
1945 1828 259 262
1945 1829 261 263
1945 1830 263 261
1945 1831 266 263
1945 1832 267 262
1945 1833 269 263
1945 1834 271 262
1945 1835 274 263
1945 1836 275 261
1945 1837 277 262
1945 1838 278 262
1945 1839 281 264
1945 1840 283 262
1945 1841 286 262
1945 1842 287 260
1945 1843 289 261
1945 1844 291 260
1945 1845 294 261
1945 1846 294 261
1945 1847 297 261
1945 1848 298 261
1945 1849 301 261
1945 1850 302 259
1945 1851 304 260
1945 1852 307 259
1945 1853 308 262
1945 1854 309 260
1945 1855 312 261
1945 1856 313 261
1945 1857 315 257
1945 1858 316 257
1945 1859 318 257
1945 1860 319 259
1945 1861 322 259
1945 1862 323 258
1945 1863 323 259
1945 1864 326 259
1945 1865 328 263
1945 1866 329 259
1945 1867 331 260
1945 1868 332 261
1945 1869 335 258
1945 1870 338 259
1945 1871 338 260
1945 1872 339 257
1945 1873 343 257
1945 1874 343 255
1945 1875 345 258
1945 1876 346 257
1945 1877 347 258
1945 1878 349 255
1945 1879 351 256
1945 1880 354 255
1972 1891 334 267
1972 1892 337 270
1972 1893 339 266
1972 1894 338 269
1972 1895 341 272
1972 1896 343 272
1972 1897 346 271
1972 1898 347 270
1972 1899 348 272
1972 1900 349 272
1972 1901 353 269
1972 1902 354 269
1972 1903 355 270
1972 1904 356 272
1972 1905 359 271
1972 1906 362 271
1972 1907 363 271
1972 1908 364 273
1972 1909 367 273
1972 1910 369 271
1972 1911 369 272
1972 1912 371 273
1972 1913 373 274
1972 1914 375 272
1972 1915 376 272
1972 1916 378 273
1972 1917 379 273
1972 1918 381 272
1972 1919 385 272
1972 1920 385 273
1972 1921 386 274
1972 1922 389 273
1972 1923 391 273
1972 1924 393 275
1972 1925 394 274
1972 1926 396 274
1972 1927 400 271
1972 1928 399 274
1972 1929 403 274
1972 1930 403 276
1972 1931 405 276
1972 1932 408 273
1972 1933 409 275
1972 1934 410 276
1972 1935 412 276
1972 1936 414 275
1972 1937 415 276
1972 1938 418 277
1972 1939 420 277
1972 1940 421 277
1972 1941 423 277
1972 1942 425 278
1972 1943 428 277
1972 1944 428 273
1972 1945 431 277
1972 1946 433 277
1972 1947 435 278
1972 1948 436 277
1972 1949 439 277
1972 1950 440 278
1972 1951 444 278
1972 1952 444 275
1972 1953 445 278
1972 1954 449 278
1972 1955 450 278
1972 1956 451 275
1972 1957 453 278
1972 1958 455 279
1972 1959 458 279
1972 1960 459 278
1972 1961 460 277
1972 1962 463 278
1972 1963 465 278
1972 1964 466 279
1972 1965 468 278
1972 1966 470 278
1972 1967 472 277
1972 1968 473 277
1972 1969 476 277
1972 1970 477 278
1972 1971 478 277
1972 1972 481 277
1972 1973 482 277
2126 2207 224 358
2126 2208 222 356
2126 2209 222 351
2126 2210 220 359
2126 2211 219 357
2126 2212 219 359
2126 2213 216 359
2126 2214 216 360
2126 2215 217 365
2126 2216 214 362
2126 2217 212 364
2126 2218 211 364
2126 2219 212 368
2126 2220 210 367
2126 2221 210 368
2126 2222 210 372
2126 2223 209 373
2126 2224 206 375
2126 2225 205 373
2126 2226 205 373
2126 2227 204 376
2126 2228 204 378
2126 2229 204 374
2126 2230 202 377
2126 2231 202 381
2126 2232 200 382
2126 2233 199 383
2126 2234 199 387
2126 2235 199 386
2126 2236 198 384
2126 2237 197 392
2126 2238 196 392
2126 2239 194 392
2126 2240 194 393
2126 2241 193 392
2126 2242 191 392
2126 2243 190 396
2126 2244 188 396
2126 2245 188 398
2126 2246 187 398
2126 2247 185 401
2126 2248 184 404
2126 2249 183 404
2126 2250 180 404
2126 2251 180 407
2126 2252 178 410
2126 2253 178 409
2126 2254 176 411
2126 2255 173 415
2126 2256 173 415
2126 2257 173 413
2126 2258 175 408
2252 2379 167 271
2252 2380 165 272
2252 2381 165 273
2252 2382 166 271
2252 2383 165 271
2252 2384 162 272
2252 2385 158 273
2252 2386 157 275
2252 2387 155 275
2252 2388 153 277
2252 2389 149 278
2252 2390 146 280
2252 2391 142 281
2252 2392 139 282
2252 2393 135 284
2252 2394 130 284
2252 2395 127 286
2252 2396 123 287
2252 2397 119 289
2252 2398 115 290
2252 2399 111 291
2252 2400 107 293
2252 2401 103 295
2252 2402 98 297
2252 2403 93 298
2252 2404 89 300
2252 2405 85 301
2252 2406 80 302
2252 2407 75 305
2252 2408 71 306
2252 2409 66 308
2252 2410 58 317
2252 2411 56 309
2252 2412 51 321
2252 2413 46 322
2252 2414 42 320
2252 2415 36 318
2252 2416 36 320
2252 2417 27 321
2252 2418 24 324
2252 2419 21 325
2252 2420 26 321
2260 2395 248 250
2260 2396 252 251
2260 2397 263 251
2260 2398 274 252
2260 2399 285 252
2260 2400 294 255
2260 2401 307 255
2260 2402 319 256
2260 2403 331 257
2260 2404 342 259
2260 2405 351 259
2260 2406 363 259
2260 2407 376 260
2260 2408 386 262
2260 2409 396 263
2260 2410 408 264
2260 2411 422 266
2260 2412 432 266
2260 2413 443 267
2260 2414 452 267
2260 2415 464 268
2260 2416 470 268
2260 2417 476 269
2260 2418 478 270
2260 2419 486 271
2511 2658 513 444
2511 2659 512 437
2511 2660 509 439
2511 2661 507 441
2511 2662 504 441
2511 2663 503 442
2511 2664 498 445
2511 2665 497 447
2511 2666 494 446
2511 2667 488 448
2511 2668 487 447
2511 2669 483 451
2511 2670 479 452
2511 2671 475 454
2511 2672 472 455
2511 2673 471 454
2511 2674 467 456
2511 2675 460 458
2511 2676 456 460
2511 2677 456 459
2511 2678 452 460
2511 2679 445 461
2511 2680 443 462
2511 2681 441 463
2511 2682 435 463
2684 3023 248 250
2684 3024 256 251
2684 3025 266 253
2684 3026 280 254
2684 3027 293 255
2684 3028 308 256
2684 3029 325 258
2684 3030 339 258
2684 3031 353 260
2684 3032 370 261
2684 3033 387 263
2684 3034 401 264
2684 3035 415 265
2684 3036 432 266
2684 3037 446 268
2684 3038 459 269
2684 3039 468 269
2684 3040 477 270
2684 3041 485 271
2694 3063 186 460
2694 3064 186 453
2694 3065 188 453
2694 3066 190 452
2694 3067 194 451
2694 3068 197 450
2694 3069 200 451
2694 3070 203 450
2694 3071 207 449
2694 3072 210 448
2694 3073 213 447
2694 3074 216 450
2694 3075 218 444
2694 3076 222 444
2694 3077 225 446
2694 3078 226 445
2694 3079 230 444
2694 3080 234 443
2694 3081 237 446
2694 3082 239 442
2694 3083 241 442
2694 3084 244 441
2694 3085 248 444
2694 3086 250 441
2694 3087 252 442
2694 3088 256 439
2694 3089 260 438
2694 3090 263 438
2694 3091 265 437
2694 3092 268 437
2694 3093 271 435
2694 3094 274 436
2694 3095 276 437
2694 3096 280 434
2694 3097 283 433
2694 3098 287 433
2694 3099 290 432
2694 3100 291 432
2694 3101 296 430
2694 3102 298 430
2694 3103 301 430
2694 3104 303 430
2694 3105 303 428
2694 3106 309 429
2694 3107 311 429
2694 3108 315 428
2694 3109 317 428
2694 3110 320 427
2694 3111 322 426
2694 3112 325 425
2694 3113 327 421
2694 3114 330 423
2694 3115 332 423
2694 3116 334 426
2694 3117 336 422
2694 3118 339 421
2694 3119 339 421
2751 3119 345 424
2751 3120 343 421
2751 3121 346 418
2751 3122 349 418
2751 3123 351 418
2751 3124 350 420
2751 3125 356 416
2751 3126 358 418
2751 3127 361 413
2751 3128 360 411
2751 3129 366 412
2751 3130 369 413
2751 3131 371 410
2751 3132 373 412
2751 3133 376 411
2751 3134 377 413
2751 3135 379 412
2751 3136 383 408
2751 3137 385 410
2751 3138 385 406
2751 3139 390 407
2751 3140 393 406
2751 3141 395 407
2751 3142 397 409
2751 3143 400 405
2751 3144 403 405
2751 3145 405 404
2751 3146 407 404
2751 3147 409 404
2751 3148 411 406
2751 3149 414 402
2751 3150 416 402
2751 3151 418 402
2751 3152 421 404
2751 3153 424 400
2751 3154 426 401
2751 3155 427 403
2751 3156 430 401
2751 3157 432 399
2751 3158 436 404
2751 3159 436 399
2751 3160 438 401
2751 3161 441 398
2751 3162 443 400
2751 3163 447 401
2751 3164 446 397
2751 3165 448 398
2751 3166 452 400
2751 3167 453 395
2751 3168 455 395
2751 3169 456 397
2751 3170 459 396
2751 3171 462 394
2751 3172 464 393
2751 3173 465 395
2751 3174 467 394
2751 3175 469 393
2751 3176 471 393
2751 3177 473 391
2751 3178 475 392
2751 3179 477 392
2751 3180 479 392
2751 3181 481 389
2751 3182 483 389
2751 3183 484 391
2751 3184 484 387
2751 3185 489 387
2751 3186 491 387
2751 3187 492 391
2751 3188 494 389
2751 3189 496 386
2751 3190 502 377
2751 3191 501 387
2751 3192 502 385
2751 3193 504 387
2751 3194 509 390
3116 3438 13 352
3116 3439 18 349
3116 3440 26 348
3116 3441 25 345
3116 3442 29 341
3116 3443 34 339
3116 3444 38 339
3116 3445 43 337
3116 3446 47 333
3116 3447 51 333
3116 3448 56 330
3116 3449 60 328
3116 3450 64 326
3116 3451 68 323
3116 3452 73 323
3116 3453 77 320
3116 3454 80 318
3116 3455 85 316
3116 3456 89 314
3116 3457 92 313
3116 3458 96 312
3116 3459 99 310
3116 3460 103 308
3116 3461 109 308
3116 3462 112 306
3116 3463 113 304
3116 3464 119 303
3478 3736 486 267
3478 3737 479 268
3478 3738 476 265
3478 3739 467 264
3478 3740 456 264
3478 3741 444 263
3478 3742 433 262
3478 3743 429 261
3478 3744 418 260
3478 3745 407 259
3478 3746 395 259
3478 3747 382 258
3478 3748 372 257
3478 3749 364 256
3478 3750 351 255
3478 3751 345 254
3478 3752 335 254
3478 3753 329 253
3478 3754 318 252
3478 3755 330 251
3659 3983 215 323
3659 3984 217 321
3659 3985 219 320
3659 3986 220 322
3659 3987 221 324
3659 3988 221 324
3659 3989 224 322
3659 3990 224 323
3659 3991 226 325
3659 3992 228 325
3659 3993 229 326
3659 3994 231 329
3659 3995 232 327
3659 3996 234 328
3659 3997 235 330
3659 3998 236 332
3659 3999 239 330
3659 4000 240 332
3659 4001 241 331
3659 4002 242 331
3659 4003 242 333
3659 4004 246 335
3659 4005 248 336
3659 4006 249 333
3659 4007 250 336
3659 4008 254 336
3659 4009 253 336
3659 4010 254 340
3659 4011 258 338
3659 4012 259 340
3659 4013 261 338
3659 4014 262 336
3659 4015 265 340
3659 4016 266 341
3659 4017 268 343
3659 4018 270 344
3659 4019 270 345
3659 4020 273 343
3659 4021 274 346
3659 4022 277 345
3659 4023 278 348
3659 4024 277 346
3659 4025 280 349
3659 4026 283 348
3659 4027 283 349
3659 4028 285 350
3659 4029 287 352
3659 4030 289 354
3659 4031 289 352
3659 4032 292 352
3659 4033 294 356
3659 4034 295 355
3659 4035 298 354
3659 4036 297 358
3659 4037 300 358
3659 4038 300 359
3659 4039 303 359
3659 4040 305 360
3659 4041 306 362
3659 4042 307 360
3659 4043 309 365
3659 4044 309 362
3674 4043 205 329
3674 4044 202 329
3674 4045 200 330
3674 4046 198 327
3674 4047 193 324
3674 4048 191 325
3674 4049 191 329
3674 4050 188 332
3674 4051 188 336
3674 4052 183 334
3674 4053 181 336
3674 4054 180 337
3674 4055 176 337
3674 4056 174 335
3674 4057 172 338
3674 4058 172 338
3674 4059 169 339
3674 4060 167 342
3674 4061 163 340
3674 4062 160 341
3674 4063 158 343
3674 4064 156 345
3674 4065 155 344
3674 4066 154 345
3674 4067 152 348
3674 4068 148 350
3674 4069 146 354
3681 4066 354 389
3681 4067 356 384
3681 4068 359 386
3681 4069 362 387
3681 4070 364 386
3681 4071 365 388
3681 4072 367 389
3681 4073 369 389
3681 4074 370 390
3681 4075 373 393
3681 4076 377 397
3681 4077 378 395
3681 4078 380 395
3681 4079 383 396
3681 4080 385 398
3681 4081 386 397
3681 4082 391 396
3681 4083 393 401
3681 4084 394 402
3681 4085 399 400
3681 4086 401 403
3681 4087 402 405
3681 4088 404 404
3681 4089 407 404
3681 4090 413 407
3681 4091 413 409
3681 4092 417 405
3681 4093 421 410
3681 4094 422 411
3681 4095 419 415
3685 4069 144 347
3685 4070 143 348
3685 4071 141 348
3685 4072 136 350
3685 4073 133 351
3685 4074 134 355
3685 4075 132 354
3685 4076 129 355
3685 4077 127 356
3685 4078 125 354
3685 4079 123 356
3685 4080 121 359
3685 4081 120 363
3685 4082 116 361
3685 4083 113 362
3685 4084 111 361
3685 4085 110 364
3685 4086 106 363
3685 4087 103 364
3685 4088 101 369
3685 4089 99 369
3685 4090 96 370
3685 4091 94 371
3685 4092 91 369
3685 4093 89 374
3685 4094 85 370
3685 4095 80 375
3685 4096 78 377
3685 4097 76 376
3685 4098 72 377
3685 4099 70 378
3685 4100 67 378
3685 4101 65 379
3685 4102 60 378
3685 4103 58 383
3685 4104 56 384
3685 4105 52 387
3685 4106 52 382
3705 4091 333 258
3705 4092 343 259
3705 4093 354 261
3705 4094 367 262
3705 4095 380 263
3705 4096 391 265
3705 4097 400 266
3705 4098 413 266
3705 4099 423 266
3705 4100 434 267
3705 4101 445 268
3705 4102 456 270
3705 4103 465 271
3705 4104 473 271
3705 4105 479 272
3705 4106 481 273
3705 4107 488 270
3711 4101 441 408
3711 4102 447 414
3711 4103 447 417
3711 4104 451 421
3711 4105 452 422
3711 4106 458 419
3711 4107 461 424
3711 4108 465 425
3711 4109 463 425
3711 4110 470 423
3711 4111 471 428
3711 4112 475 429
3711 4113 478 427
3711 4114 481 431
3711 4115 484 433
3711 4116 488 433
3711 4117 488 436
3711 4118 492 442
3711 4119 493 439
3711 4120 495 441
3711 4121 498 439
4018 4314 303 254
4018 4315 302 253
4018 4316 309 255
4018 4317 317 255
4018 4318 323 256
4018 4319 329 256
4018 4320 336 258
4018 4321 343 258
4018 4322 351 258
4018 4323 357 259
4018 4324 363 259
4018 4325 371 259
4018 4326 377 260
4018 4327 384 261
4018 4328 391 262
4018 4329 397 262
4018 4330 405 263
4018 4331 411 263
4018 4332 417 264
4018 4333 425 265
4018 4334 433 266
4018 4335 439 266
4018 4336 446 266
4018 4337 453 267
4018 4338 459 267
4018 4339 466 267
4018 4340 470 268
4018 4341 474 269
4018 4342 477 269
4018 4343 481 270
4018 4344 485 270
4018 4345 488 272
4223 4492 483 267
4223 4493 479 264
4223 4494 475 264
4223 4495 469 264
4223 4496 459 264
4223 4497 447 261
4223 4498 439 261
4223 4499 430 260
4223 4500 420 260
4223 4501 412 259
4223 4502 404 266
4223 4503 392 275
4223 4504 393 276
4223 4505 395 277
4223 4506 396 276
4223 4507 396 276
4223 4508 398 277
4223 4509 400 277
4223 4510 402 276
4223 4511 403 277
4223 4512 403 277
4223 4513 404 277
4223 4514 407 277
4223 4515 408 276
4223 4516 410 277
4223 4517 410 277
4223 4518 411 276
4223 4519 413 277
4223 4520 414 277
4223 4521 415 276
4223 4522 418 278
4223 4523 419 277
4223 4524 419 277
4223 4525 420 277
4223 4526 421 277
4223 4527 423 277
4223 4528 425 277
4223 4529 427 277
4223 4530 427 277
4223 4531 428 276
4223 4532 430 278
4223 4533 428 281
4240 4503 390 260
4240 4504 385 260
4240 4505 379 259
4240 4506 371 259
4240 4507 363 258
4240 4508 356 257
4240 4509 352 256
4240 4510 340 253
4240 4511 333 254
4240 4512 326 253
4240 4513 318 250
4240 4514 311 251
4240 4515 304 250
4240 4516 298 249
4240 4517 289 249
4240 4518 283 248
4240 4519 277 248
4240 4520 271 247
4240 4521 262 247
4240 4522 256 246
4240 4523 251 246
4240 4524 246 246
4425 4677 401 459
4425 4678 399 457
4425 4679 398 460
4425 4680 398 457
4425 4681 398 453
4425 4682 398 452
4425 4683 397 448
4425 4684 396 446
4425 4685 394 445
4425 4686 393 448
4425 4687 392 446
4425 4688 391 443
4425 4689 391 438
4425 4690 390 435
4425 4691 389 432
4425 4692 387 432
4425 4693 387 435
4425 4694 385 430
4425 4695 384 430
4425 4696 384 424
4425 4697 384 422
4425 4698 384 420
4425 4699 384 419
4425 4700 382 415
4425 4701 382 416
4425 4702 382 416
4425 4703 381 416
4425 4704 380 410
4425 4705 380 408
4425 4706 381 404
4425 4707 380 404
4425 4708 380 403
4425 4709 379 400
4425 4710 379 401
4425 4711 379 398
4425 4712 377 395
4425 4713 376 396
4425 4714 377 394
4425 4715 378 392
4425 4716 377 390
4425 4717 378 389
4425 4718 377 388
4425 4719 377 386
4425 4720 376 387
4425 4721 376 382
4425 4722 376 382
4425 4723 377 381
4425 4724 377 384
4425 4725 378 376
4522 4776 615 351
4522 4777 614 352
4522 4778 614 351
4522 4779 611 351
4522 4780 609 353
4522 4781 607 353
4522 4782 606 352
4522 4783 603 353
4522 4784 603 351
4522 4785 600 353
4522 4786 598 353
4522 4787 595 353
4522 4788 593 351
4522 4789 591 356
4522 4790 591 355
4522 4791 589 355
4522 4792 586 352
4522 4793 585 352
4522 4794 581 356
4522 4795 580 357
4522 4796 578 355
4522 4797 577 356
4522 4798 576 355
4522 4799 573 357
4522 4800 572 358
4522 4801 570 356
4522 4802 569 355
4522 4803 570 360
4522 4804 566 358
4522 4805 563 358
4522 4806 564 359
4522 4807 560 360
4522 4808 559 359
4522 4809 556 360
4522 4810 554 360
4522 4811 551 360
4522 4812 549 362
4522 4813 548 361
4522 4814 547 360
4522 4815 543 361
4522 4816 542 361
4522 4817 539 361
4522 4818 537 361
4522 4819 535 360
4522 4820 534 360
4522 4821 532 362
4522 4822 531 363
4522 4823 527 362
4522 4824 525 361
4522 4825 522 363
4522 4826 520 363
4522 4827 518 364
4522 4828 515 363
4522 4829 515 364
4522 4830 514 364
4522 4831 509 364
4522 4832 509 363
4522 4833 507 365
4522 4834 504 365
4522 4835 503 365
4522 4836 500 365
4522 4837 498 363
4522 4838 497 366
4522 4839 494 365
4522 4840 491 366
4522 4841 490 365
4522 4842 488 365
4522 4843 485 366
4522 4844 482 368
4522 4845 481 369
4522 4846 477 367
4522 4847 476 370
4522 4848 475 370
4522 4849 472 369
4522 4850 470 371
4522 4851 467 372
4522 4852 465 371
4522 4853 462 370
4522 4854 460 369
4522 4855 457 372
4522 4856 455 372
4522 4857 453 372
4522 4858 451 371
4522 4859 448 374
4522 4860 446 373
4522 4861 444 372
4522 4862 441 373
4522 4863 436 372
4522 4864 433 370
4522 4865 434 374
4522 4866 430 374
4522 4867 429 375
4522 4868 427 376
4522 4869 425 376
4522 4870 422 376
4522 4871 421 376
4522 4872 417 376
4522 4873 416 374
4522 4874 413 377
4522 4875 410 379
4522 4876 409 379
4522 4877 405 379
4522 4878 401 379
4522 4879 400 379
4522 4880 398 379
4522 4881 396 380
4522 4882 390 381
4522 4883 390 380
4522 4884 387 381
4522 4885 383 382
4522 4886 380 381
4522 4887 378 377
4522 4888 376 382
4522 4889 374 382
4522 4890 370 381
4522 4891 367 382
4522 4892 366 382
4522 4893 363 385
4522 4894 360 384
4522 4895 358 383
4522 4896 355 383
4522 4897 351 382
4522 4898 349 382
4522 4899 346 384
4522 4900 344 383
4522 4901 341 383
4522 4902 337 384
4522 4903 336 386
4522 4904 332 385
4522 4905 329 385
4522 4906 326 385
4522 4907 322 388
4522 4908 321 387
4522 4909 317 385
4522 4910 315 386
4522 4911 313 388
4522 4912 309 387
4522 4913 307 386
4522 4914 303 387
4522 4915 301 387
4522 4916 297 386
4522 4917 295 389
4522 4918 291 389
4522 4919 290 389
4522 4920 286 389
4522 4921 283 389
4522 4922 284 388
4553 4800 267 473
4553 4801 271 473
4553 4802 278 472
4553 4803 283 471
4553 4804 289 471
4553 4805 295 471
4553 4806 303 471
4553 4807 310 470
4553 4808 314 470
4553 4809 323 469
4553 4810 327 467
4553 4811 335 467
4553 4812 340 467
4553 4813 344 467
4553 4814 352 466
4553 4815 358 466
4553 4816 362 464
4553 4817 366 463
4553 4818 373 463
4553 4819 380 463
4553 4820 383 462
4553 4821 389 461
4553 4822 396 461
4553 4823 400 460
4553 4824 405 459
4553 4825 413 455
4553 4826 415 456
4553 4827 419 455
4553 4828 426 452
4553 4829 431 451
4553 4830 435 451
4553 4831 441 448
4553 4832 448 446
4553 4833 450 444
4553 4834 453 445
4553 4835 461 443
4553 4836 465 441
4553 4837 467 442
4553 4838 475 438
4553 4839 479 436
4553 4840 482 437
4553 4841 490 432
4553 4842 493 433
4553 4843 499 430
4553 4844 504 427
4553 4845 506 427
4553 4846 509 428
4553 4847 511 427
4553 4848 517 426
4553 4849 520 424
4553 4850 524 425
4553 4851 531 419
4553 4852 533 416
4553 4853 535 419
4553 4854 538 419
4553 4855 542 417
4553 4856 548 412
4553 4857 551 412
4553 4858 554 411
4553 4859 558 409
4553 4860 557 409
4553 4861 560 409
4553 4862 568 406
4553 4863 571 404
4553 4864 573 404
4553 4865 577 403
4553 4866 579 400
4553 4867 580 403
4553 4868 585 398
4553 4869 589 399
4553 4870 592 396
4553 4871 595 396
4553 4872 597 395
4553 4873 600 393
4553 4874 603 392
4553 4875 607 390
4553 4876 609 390
4553 4877 612 389
4553 4878 614 386
4553 4879 617 388
4553 4880 619 386
4553 4881 619 387
4553 4882 625 381
4553 4883 626 383
4553 4884 626 387
4638 4964 232 249
4638 4965 232 250
4638 4966 242 250
4638 4967 252 250
4638 4968 260 251
4638 4969 272 251
4638 4970 280 252
4638 4971 291 253
4638 4972 304 253
4638 4973 315 256
4638 4974 327 257
4638 4975 337 258
4638 4976 351 258
4638 4977 361 259
4638 4978 373 260
4638 4979 386 261
4638 4980 403 269
4638 4981 409 269
4638 4982 420 270
4638 4983 436 271
4638 4984 447 271
4638 4985 440 275
4692 5063 580 448
4692 5064 579 444
4692 5065 579 441
4692 5066 577 445
4692 5067 574 446
4692 5068 574 449
4692 5069 563 455
4692 5070 565 451
4692 5071 563 450
4692 5072 560 452
4692 5073 556 455
4692 5074 552 449
4692 5075 551 449
4692 5076 548 457
4692 5077 541 459
4692 5078 539 460
4692 5079 538 461
4692 5080 531 461
4692 5081 526 464
4692 5082 523 465
4692 5083 520 465
4692 5084 525 446
4692 5085 515 469
4692 5086 513 470
4692 5087 515 469
4721 5106 309 272
4721 5107 312 272
4721 5108 314 272
4721 5109 317 271
4721 5110 318 272
4721 5111 321 272
4721 5112 324 271
4721 5113 325 272
4721 5114 327 273
4721 5115 332 270
4721 5116 333 270
4721 5117 335 273
4721 5118 337 273
4721 5119 341 273
4721 5120 343 272
4721 5121 344 273
4721 5122 347 273
4721 5123 350 272
4721 5124 353 272
4721 5125 354 271
4721 5126 356 274
4721 5127 359 273
4721 5128 362 271
4721 5129 362 274
4721 5130 367 274
4721 5131 369 273
4721 5132 370 270
4721 5133 373 272
4721 5134 374 273
4721 5135 377 270
4721 5136 379 269
4721 5137 380 272
4721 5138 382 273
4721 5139 385 274
4721 5140 387 273
4721 5141 390 272
4721 5142 392 270
4721 5143 394 273
4721 5144 396 273
4721 5145 398 272
4721 5146 401 272
4721 5147 403 274
4721 5148 406 274
4721 5149 407 273
4721 5150 410 274
4721 5151 412 274
4721 5152 414 274
4721 5153 416 275
4721 5154 419 274
4721 5155 420 275
4721 5156 423 274
4721 5157 426 276
4721 5158 428 275
4721 5159 428 276
4721 5160 433 272
4721 5161 435 273
4721 5162 436 274
4721 5163 439 274
4721 5164 441 276
4721 5165 442 280
4721 5166 445 278
4721 5167 448 277
4721 5168 448 281
4721 5169 452 281
4721 5170 453 284
4721 5171 457 277
4721 5172 458 278
4721 5173 460 283
4721 5174 464 275
4721 5175 466 279
4721 5176 468 278
4721 5177 470 276
4721 5178 473 278
4721 5179 475 278
5094 5899 100 376
5094 5900 102 374
5094 5901 106 372
5094 5902 108 370
5094 5903 110 373
5094 5904 113 369
5094 5905 116 367
5094 5906 118 365
5094 5907 121 363
5094 5908 123 363
5094 5909 125 361
5094 5910 127 359
5094 5911 130 360
5094 5912 132 358
5094 5913 133 356
5094 5914 136 354
5094 5915 138 356
5094 5916 140 351
5094 5917 141 350
5094 5918 145 352
5094 5919 146 348
5094 5920 149 345
5094 5921 151 344
5094 5922 154 350
5094 5923 155 352
5094 5924 157 357
5094 5925 159 351
5094 5926 161 353
5114 5939 206 357
5114 5940 203 357
5114 5941 204 359
5114 5942 204 358
5114 5943 200 361
5114 5944 197 361
5114 5945 195 363
5114 5946 193 360
5114 5947 190 361
5114 5948 188 364
5114 5949 188 361
5114 5950 184 364
5114 5951 180 365
5114 5952 180 368
5114 5953 178 365
5114 5954 173 364
5114 5955 172 368
5114 5956 172 367
5114 5957 170 369
5114 5958 166 371
5114 5959 163 371
5114 5960 162 372
5114 5961 158 372
5114 5962 155 373
5114 5963 155 375
5114 5964 155 373
5114 5965 150 375
5114 5966 147 374
5114 5967 146 377
5114 5968 144 378
5114 5969 139 375
5114 5970 138 381
5114 5971 138 380
5114 5972 135 379
5114 5973 131 379
5114 5974 130 386
5114 5975 128 379
5114 5976 123 385
5114 5977 121 387
5114 5978 122 387
5114 5979 118 387
5114 5980 114 390
5114 5981 112 392
5114 5982 111 390
5114 5983 106 391
5114 5984 103 391
5114 5985 103 394
5114 5986 101 393
5114 5987 97 388
5114 5988 92 395
5114 5989 92 392
5114 5990 88 394
5114 5991 83 394
5114 5992 82 396
5114 5993 83 392
5114 5994 81 395
5114 5995 74 397
5114 5996 71 399
5114 5997 72 398
5114 5998 67 398
5114 5999 66 400
5205 6084 484 268
5205 6085 484 266
5205 6086 479 265
5205 6087 475 264
5205 6088 469 265
5205 6089 459 264
5205 6090 451 263
5205 6091 445 262
5205 6092 435 262
5205 6093 428 261
5205 6094 420 261
5205 6095 415 260
5205 6096 406 259
5205 6097 394 259
5205 6098 386 257
5205 6099 379 256
5205 6100 370 256
5205 6101 362 255
5205 6102 356 255
5205 6103 347 253
5205 6104 338 254
5205 6105 331 250
5205 6106 324 253
5205 6107 315 252
5205 6108 307 252
5205 6109 301 249
5205 6110 293 249
5205 6111 285 249
5205 6112 278 248
5205 6113 273 248
5205 6114 263 247
5205 6115 257 247
5205 6116 252 247
5240 6118 388 260
5240 6119 382 259
5240 6120 373 258
5240 6121 378 258
5240 6122 369 257
5240 6123 361 256
5240 6124 350 255
5240 6125 341 254
5240 6126 332 254
5240 6127 323 252
5240 6128 313 251
5240 6129 304 250
5240 6130 296 249
5240 6131 287 249
5240 6132 278 248
5240 6133 270 248
5240 6134 260 248
5240 6135 255 247
5240 6136 251 247
5240 6137 244 246
5240 6138 242 246
5445 6463 471 390
5445 6464 468 390
5445 6465 467 396
5445 6466 460 402
5445 6467 456 403
5445 6468 454 404
5445 6469 455 400
5445 6470 450 403
5445 6471 447 404
5445 6472 445 405
5445 6473 446 403
5445 6474 445 406
5445 6475 438 407
5445 6476 437 406
5445 6477 434 406
5445 6478 427 407
5445 6479 426 407
5445 6480 427 407
5445 6481 424 407
5445 6482 418 408
5445 6483 419 409
5445 6484 417 408
5445 6485 413 409
5445 6486 407 409
5445 6487 405 410
5445 6488 406 405
5445 6489 403 409
5445 6490 400 406
5445 6491 396 412
5445 6492 399 409
5445 6493 396 400
5445 6494 390 395
5445 6495 388 398
5806 7166 151 279
5806 7167 148 280
5806 7168 148 277
5806 7169 143 278
5806 7170 136 280
5806 7171 136 282
5806 7172 132 284
5806 7173 129 286
5806 7174 120 290
5806 7175 122 289
5806 7176 118 292
5806 7177 114 293
5806 7178 110 295
5806 7179 105 297
5806 7180 100 298
5806 7181 96 301
5806 7182 92 303
5806 7183 87 305
5806 7184 82 306
5806 7185 71 309
5806 7186 75 308
5806 7187 70 312
5806 7188 65 314
5806 7189 60 315
5806 7190 57 315
5806 7191 52 320
5806 7192 49 320
5806 7193 47 314
5846 7242 3 407
5846 7243 3 407
5846 7244 4 406
5846 7245 8 411
5846 7246 9 412
5846 7247 10 413
5846 7248 13 411
5846 7249 18 412
5846 7250 22 413
5846 7251 24 414
5846 7252 27 413
5846 7253 32 413
5846 7254 34 413
5846 7255 36 412
5846 7256 40 412
5846 7257 45 413
5846 7258 49 414
5846 7259 51 414
5846 7260 55 414
5846 7261 59 414
5846 7262 63 414
5846 7263 66 413
5846 7264 72 414
5846 7265 74 413
5846 7266 78 415
5846 7267 80 413
5846 7268 86 413
5846 7269 90 414
5846 7270 94 414
5846 7271 97 412
5846 7272 102 412
5846 7273 106 412
5846 7274 108 411
5846 7275 112 410
5846 7276 118 411
5846 7277 120 411
5846 7278 124 414
5846 7279 129 409
5846 7280 133 411
5846 7281 135 412
5846 7282 137 408
5846 7283 144 407
5846 7284 148 408
5846 7285 151 407
5846 7286 155 406
5846 7287 161 406
5846 7288 165 407
5846 7289 166 407
5846 7290 171 405
5846 7291 176 405
5846 7292 179 404
5846 7293 182 405
5846 7294 187 404
5846 7295 191 404
5846 7296 194 403
5846 7297 198 402
5846 7298 204 402
5846 7299 207 402
5846 7300 209 403
5846 7301 214 401
5846 7302 219 400
5846 7303 222 401
5846 7304 224 401
5846 7305 231 399
5846 7306 235 399
5846 7307 237 399
5846 7308 240 399
5846 7309 246 398
5846 7310 250 400
5846 7311 251 399
5846 7312 258 398
5846 7313 263 398
5846 7314 265 400
5846 7315 268 399
5846 7316 273 399
5846 7317 278 397
5846 7318 281 397
5846 7319 284 396
5846 7320 289 395
5846 7321 293 396
5846 7322 296 395
5846 7323 301 397
5846 7324 308 396
5846 7325 310 394
5846 7326 310 396
5846 7327 316 395
5846 7328 321 393
5846 7329 323 394
5846 7330 329 392
5846 7331 333 394
5846 7332 337 393
5846 7333 339 393
5846 7334 340 390
5846 7335 348 391
5846 7336 351 390
5846 7337 353 389
5846 7338 360 390
5846 7339 363 390
5846 7340 366 390
5846 7341 368 388
5846 7342 373 388
5846 7343 377 388
5846 7344 378 388
5846 7345 384 387
5846 7346 388 387
5846 7347 391 386
5846 7348 393 386
5846 7349 398 386
5846 7350 404 387
5846 7351 404 385
5846 7352 409 385
5846 7353 414 384
5846 7354 417 385
5846 7355 419 384
5846 7356 423 384
5846 7357 427 383
5846 7358 429 382
5846 7359 432 383
5846 7360 437 382
5846 7361 440 381
5846 7362 443 381
5846 7363 445 379
5846 7364 450 378
5846 7365 453 379
5846 7366 456 377
5846 7367 459 379
5846 7368 464 377
5846 7369 466 379
5846 7370 468 377
5846 7371 471 377
5846 7372 476 375
5846 7373 479 375
5846 7374 481 374
5846 7375 485 373
5846 7376 488 371
5846 7377 489 373
5846 7378 491 373
5846 7379 497 371
5846 7380 500 370
5846 7381 501 372
5846 7382 505 368
5846 7383 509 370
5846 7384 512 370
5846 7385 513 369
5846 7386 515 370
5846 7387 519 369
5846 7388 522 369
5846 7389 524 368
5846 7390 527 366
5846 7391 531 367
5846 7392 533 366
5846 7393 534 367
5846 7394 537 365
5846 7395 542 365
5846 7396 543 364
5846 7397 545 363
5846 7398 548 363
5846 7399 551 361
5846 7400 553 361
5846 7401 554 363
5846 7402 557 361
5846 7403 561 360
5846 7404 562 361
5846 7405 566 361
5846 7406 569 358
5846 7407 571 360
5846 7408 572 359
5846 7409 574 359
5846 7410 579 358
5846 7411 579 358
5846 7412 582 358
5846 7413 585 357
5846 7414 588 355
5846 7415 589 356
5846 7416 591 357
5846 7417 594 355
5846 7418 598 355
5846 7419 599 357
5846 7420 600 355
5846 7421 604 351
5846 7422 607 353
5846 7423 607 354
5846 7424 608 355
5846 7425 613 354
5846 7426 615 352
5846 7427 616 353
5846 7428 619 352
5846 7429 622 349
5846 7430 624 351
5846 7431 625 352
5846 7432 627 350
5846 7433 632 348
5846 7434 630 349
5846 7435 632 349
5846 7436 634 347
5846 7437 636 347
5846 7438 635 348
5846 7439 636 356
5962 7411 236 248
5962 7412 239 249
5962 7413 239 249
5962 7414 247 250
5962 7415 256 251
5962 7416 262 251
5962 7417 269 251
5962 7418 277 252
5962 7419 283 252
5962 7420 290 253
5962 7421 298 254
5962 7422 301 253
5962 7423 313 255
5962 7424 320 255
5962 7425 327 256
5962 7426 334 256
5962 7427 340 258
5962 7428 348 258
5962 7429 356 258
5962 7430 364 259
5962 7431 371 260
5962 7432 379 260
5962 7433 387 260
5962 7434 394 262
5962 7435 402 262
5962 7436 410 263
5962 7437 419 263
5962 7438 426 264
5962 7439 435 265
5962 7440 444 265
5962 7441 451 266
5962 7442 460 267
5962 7443 465 266
5962 7444 472 267
5962 7445 478 267
5962 7446 478 267
5962 7447 484 268
5962 7448 492 261
5978 7469 468 278
5978 7470 466 278
5978 7471 464 279
5978 7472 461 280
5978 7473 460 279
5978 7474 458 278
5978 7475 453 284
5978 7476 454 279
5978 7477 453 279
5978 7478 450 282
5978 7479 448 278
5978 7480 446 278
5978 7481 445 278
5978 7482 444 275
5978 7483 440 278
5978 7484 440 278
5978 7485 436 278
5978 7486 434 278
5978 7487 432 278
5978 7488 431 278
5978 7489 429 278
5978 7490 427 278
5978 7491 426 278
5978 7492 424 277
5978 7493 420 278
5978 7494 419 278
5978 7495 418 278
5978 7496 416 276
5978 7497 413 277
5978 7498 411 277
5978 7499 410 278
5978 7500 407 279
5978 7501 405 277
5978 7502 404 277
5978 7503 402 276
5978 7504 398 276
5978 7505 397 279
5978 7506 396 276
5978 7507 394 280
5978 7508 392 276
5978 7509 389 276
5978 7510 387 276
5978 7511 386 276
5978 7512 384 275
5978 7513 383 276
5978 7514 380 276
5978 7515 377 276
5978 7516 376 275
5978 7517 375 275
5978 7518 371 275
5978 7519 370 274
5978 7520 369 275
5978 7521 367 274
5978 7522 363 274
5978 7523 362 275
5978 7524 362 274
5978 7525 359 274
5978 7526 355 278
5978 7527 355 275
5978 7528 354 276
5978 7529 350 274
5978 7530 348 275
5978 7531 348 274
5978 7532 346 274
5978 7533 343 273
5978 7534 341 274
5978 7535 339 275
5978 7536 337 274
5978 7537 335 273
5978 7538 333 273
5978 7539 331 273
5978 7540 328 274
5978 7541 326 273
5978 7542 326 274
5978 7543 324 273
5978 7544 320 273
5978 7545 319 273
5978 7546 318 273
5978 7547 315 273
5978 7548 313 273
5978 7549 312 272
5978 7550 310 273
5978 7551 307 272
5978 7552 306 273
5978 7553 305 272
5978 7554 302 272
5978 7555 299 273
5978 7556 298 272
5978 7557 298 272
5978 7558 294 272
5978 7559 293 272
5978 7560 291 271
5978 7561 289 272
5978 7562 286 272
5978 7563 285 271
5978 7564 285 272
5978 7565 282 271
5978 7566 279 271
5978 7567 278 270
5978 7568 277 271
5978 7569 274 271
5978 7570 272 271
5978 7571 271 271
5978 7572 269 270
5978 7573 267 270
5978 7574 266 270
5978 7575 264 269
5978 7576 262 270
5978 7577 260 270
5978 7578 259 270
5978 7579 259 269
5978 7580 255 269
5978 7581 253 269
5978 7582 253 269
5978 7583 251 270
5978 7584 248 269
5978 7585 247 268
5978 7586 247 269
5978 7587 244 268
5978 7588 242 268
5978 7589 241 269
5978 7590 239 268
5978 7591 236 268
5978 7592 235 268
5978 7593 234 269
5978 7594 231 267
5978 7595 230 268
5997 7586 287 252
5997 7587 281 250
5997 7588 283 250
5997 7589 287 251
5997 7590 275 250
5997 7591 264 249
5997 7592 254 248
5997 7593 251 248
5997 7594 240 247
5997 7595 231 250
5997 7596 225 248
5997 7597 227 268
5997 7598 224 267
5997 7599 223 267
5997 7600 223 267
5997 7601 222 267
5997 7602 219 266
5997 7603 218 267
5997 7604 217 266
5997 7605 215 264
6008 7614 206 384
6008 7615 208 385
6008 7616 209 387
6008 7617 211 383
6008 7618 212 381
6008 7619 212 385
6008 7620 214 385
6008 7621 216 378
6008 7622 216 377
6008 7623 218 375
6008 7624 219 375
6008 7625 220 373
6008 7626 222 371
6008 7627 223 370
6008 7628 223 371
6008 7629 225 369
6008 7630 226 367
6008 7631 228 369
6008 7632 229 365
6008 7633 230 364
6008 7634 230 368
6008 7635 231 367
6008 7636 234 362
6008 7637 235 360
6008 7638 236 359
6008 7639 236 358
6008 7640 237 360
6008 7641 239 358
6008 7642 239 354
6008 7643 241 353
6008 7644 241 356
6008 7645 243 349
6008 7646 243 351
6008 7647 243 353
6008 7648 246 348
6008 7649 248 345
6008 7650 248 344
6230 7919 411 312
6230 7920 407 314
6230 7921 403 314
6230 7922 407 317
6230 7923 406 320
6230 7924 407 317
6230 7925 411 319
6230 7926 410 318
6230 7927 410 319
6230 7928 415 321
6230 7929 417 322
6230 7930 416 321
6230 7931 420 322
6230 7932 421 323
6230 7933 422 324
6230 7934 424 323
6230 7935 426 324
6230 7936 424 326
6230 7937 430 326
6230 7938 432 327
6230 7939 434 328
6230 7940 435 329
6230 7941 435 330
6230 7942 439 331
6230 7943 437 331
6230 7944 441 331
6230 7945 444 330
6230 7946 441 333
6230 7947 443 334
6230 7948 448 335
6230 7949 453 335
6230 7950 452 338
6230 7951 453 337
6230 7952 457 338
6230 7953 457 339
6230 7954 459 339
6230 7955 461 340
6230 7956 466 341
6230 7957 462 342
6241 7957 471 337
6241 7958 468 342
6241 7959 471 341
6241 7960 469 344
6241 7961 475 346
6241 7962 475 345
6241 7963 479 347
6241 7964 480 348
6241 7965 482 347
6241 7966 484 349
6241 7967 486 349
6241 7968 487 350
6241 7969 488 351
6241 7970 492 353
6241 7971 495 354
6241 7972 496 354
6241 7973 499 355
6241 7974 500 356
6241 7975 503 356
6241 7976 503 357
6241 7977 503 360
6241 7978 508 360
6241 7979 510 360
6241 7980 511 361
6241 7981 512 364
6241 7982 516 363
6241 7983 513 365
6241 7984 520 365
6241 7985 518 368
6241 7986 524 366
6241 7987 526 366
6241 7988 529 369
6241 7989 526 371
6241 7990 531 369
6241 7991 535 372
6241 7992 533 374
6241 7993 534 376
6241 7994 537 375
6241 7995 543 375
6241 7996 546 376
6241 7997 546 377
6241 7998 544 380
6241 7999 549 382
6241 8000 550 382
6241 8001 556 381
6241 8002 556 380
6241 8003 561 384
6241 8004 563 384
6241 8005 565 385
6241 8006 568 388
6241 8007 571 387
6241 8008 570 388
6241 8009 575 390
6241 8010 578 391
6241 8011 580 391
6241 8012 583 392
6241 8013 583 395
6241 8014 585 396
6241 8015 591 394
6241 8016 595 396
6241 8017 593 399
6241 8018 598 399
6241 8019 601 400
6241 8020 601 402
6241 8021 602 402
6241 8022 607 404
6241 8023 610 404
6241 8024 611 406
6241 8025 616 405
6241 8026 618 408
6241 8027 620 409
6241 8028 623 407
6241 8029 624 411
6241 8030 628 412
6241 8031 628 414
6241 8032 630 413
6241 8033 633 416
6241 8034 635 419
6241 8035 634 423
6241 8036 636 425
6388 8158 176 354
6388 8159 176 349
6388 8160 178 344
6388 8161 183 346
6388 8162 189 345
6388 8163 185 343
6388 8164 190 343
6388 8165 192 342
6388 8166 186 340
6388 8167 188 343
6388 8168 190 344
6388 8169 191 342
6388 8170 194 343
6388 8171 196 346
6388 8172 200 346
6388 8173 203 345
6388 8174 204 346
6388 8175 205 348
6388 8176 208 346
6388 8177 210 347
6388 8178 213 351
6388 8179 215 351
6388 8180 218 352
6388 8181 221 351
6388 8182 223 352
6388 8183 225 353
6388 8184 227 353
6388 8185 230 356
6388 8186 231 355
6388 8187 236 357
6388 8188 239 355
6388 8189 240 357
6388 8190 242 357
6388 8191 245 359
6388 8192 248 359
6388 8193 249 362
6388 8194 253 361
6388 8195 257 360
6388 8196 259 359
6388 8197 261 363
6388 8198 264 363
6388 8199 266 364
6388 8200 268 365
6388 8201 271 368
6388 8202 276 368
6388 8203 278 367
6388 8204 280 368
6388 8205 282 369
6388 8206 285 368
6388 8207 289 372
6388 8208 291 370
6396 8166 199 344
6396 8167 202 342
6396 8168 206 342
6396 8169 208 341
6396 8170 211 339
6396 8171 215 338
6396 8172 219 338
6396 8173 221 338
6396 8174 224 335
6396 8175 227 336
6396 8176 228 334
6396 8177 233 334
6396 8178 236 333
6396 8179 239 333
6396 8180 241 331
6396 8181 246 331
6396 8182 247 330
6396 8183 251 329
6396 8184 255 327
6396 8185 258 328
6396 8186 260 328
6396 8187 263 324
6396 8188 266 325
6396 8189 268 326
6396 8190 272 324
6396 8191 275 323
6396 8192 278 322
6396 8193 279 322
6396 8194 282 320
6396 8195 284 319
6396 8196 285 320
6396 8197 289 318
6396 8198 292 317
6396 8199 295 318
6396 8200 296 315
6396 8201 300 314
6396 8202 301 315
6396 8203 303 316
6442 8208 293 373
6442 8209 294 373
6442 8210 298 371
6442 8211 300 373
6442 8212 302 376
6442 8213 305 373
6442 8214 307 375
6442 8215 310 376
6442 8216 314 379
6442 8217 320 377
6442 8218 320 379
6442 8219 323 379
6442 8220 326 380
6442 8221 328 379
6442 8222 331 381
6442 8223 334 382
6442 8224 337 382
6442 8225 341 383
6442 8226 344 385
6442 8227 347 386
6442 8228 349 386
6442 8229 352 387
6442 8230 354 388
6442 8231 358 388
6442 8232 360 392
6442 8233 365 390
6442 8234 368 392
6442 8235 371 393
6442 8236 373 393
6442 8237 376 394
6442 8238 379 397
6442 8239 382 399
6442 8240 386 400
6442 8241 390 399
6442 8242 393 400
6442 8243 393 403
6442 8244 397 404
6442 8245 399 405
6442 8246 402 406
6442 8247 406 408
6442 8248 411 409
6442 8249 415 409
6442 8250 415 412
6442 8251 419 411
6442 8252 421 412
6442 8253 424 416
6442 8254 427 417
6442 8255 431 419
6442 8256 435 421
6442 8257 436 421
6442 8258 441 422
6442 8259 443 423
6442 8260 445 425
6442 8261 450 426
6442 8262 453 428
6442 8263 456 430
6442 8264 459 431
6442 8265 462 432
6442 8266 466 434
6442 8267 467 435
6442 8268 471 437
6442 8269 478 436
6442 8270 481 440
6442 8271 484 442
6442 8272 487 444
6442 8273 491 446
6442 8274 494 448
6442 8275 497 450
6442 8276 501 450
6442 8277 504 453
6442 8278 509 454
6442 8279 512 455
6442 8280 517 453
6442 8281 518 457
6442 8282 522 460
6442 8283 526 462
6442 8284 532 460
6442 8285 532 463
6442 8286 536 464
6442 8287 539 464
6442 8288 543 465
6442 8289 546 466
6442 8290 551 467
6442 8291 555 467
6443 8209 211 369
6443 8210 211 363
6443 8211 212 368
6443 8212 214 371
6443 8213 217 371
6443 8214 218 368
6443 8215 220 367
6443 8216 223 369
6443 8217 226 368
6443 8218 226 373
6443 8219 227 370
6443 8220 229 376
6443 8221 230 373
6443 8222 234 375
6443 8223 236 374
6443 8224 241 380
6443 8225 241 377
6443 8226 242 378
6443 8227 246 378
6443 8228 249 380
6443 8229 251 382
6443 8230 253 381
6443 8231 255 382
6443 8232 258 384
6443 8233 261 385
6443 8234 263 385
6443 8235 266 386
6443 8236 269 387
6443 8237 271 395
6443 8238 273 389
6443 8239 277 389
6443 8240 281 391
6443 8241 282 392
6443 8242 283 392
6443 8243 286 394
6443 8244 289 396
6443 8245 292 398
6443 8246 295 397
6443 8247 297 398
6443 8248 302 402
6443 8249 303 403
6443 8250 305 403
6443 8251 309 406
6443 8252 311 407
6443 8253 314 408
6443 8254 318 408
6443 8255 320 411
6443 8256 322 411
6443 8257 324 412
6443 8258 327 415
6443 8259 331 417
6443 8260 333 418
6443 8261 337 418
6443 8262 340 419
6443 8263 343 421
6443 8264 345 424
6443 8265 349 424
6443 8266 353 428
6443 8267 355 429
6443 8268 357 430
6443 8269 362 431
6443 8270 366 434
6443 8271 366 434
6443 8272 369 434
6443 8273 374 437
6443 8274 376 439
6443 8275 380 439
6443 8276 383 440
6443 8277 388 443
6443 8278 390 445
6443 8279 392 443
6443 8280 399 446
6443 8281 401 450
6443 8282 404 451
6443 8283 407 451
6443 8284 412 453
6443 8285 416 456
6443 8286 418 455
6443 8287 422 457
6443 8288 427 460
6443 8289 430 461
6443 8290 433 462
6443 8291 438 462
6443 8292 442 463
6443 8293 444 464
6443 8294 447 465
6443 8295 454 465
6443 8296 457 466
6443 8297 461 467
6443 8298 467 468
6443 8299 471 468
6443 8300 474 470
6443 8301 479 470
6443 8302 483 471
6443 8303 486 472
6443 8304 491 473
6443 8305 494 474
6443 8306 499 474
6443 8307 503 475
6443 8308 507 476
6814 8981 428 275
6814 8982 425 274
6814 8983 422 276
6814 8984 420 276
6814 8985 418 276
6814 8986 416 275
6814 8987 413 274
6814 8988 411 276
6814 8989 409 275
6814 8990 406 272
6814 8991 404 272
6814 8992 403 273
6814 8993 400 272
6814 8994 396 273
6814 8995 395 272
6814 8996 393 273
6814 8997 391 272
6814 8998 388 274
6814 8999 387 272
6814 9000 384 272
6814 9001 381 272
6814 9002 379 272
6814 9003 377 271
6814 9004 374 271
6814 9005 372 273
6814 9006 371 271
6814 9007 368 272
6814 9008 366 270
6814 9009 363 273
6814 9010 361 273
6814 9011 359 272
6814 9012 357 268
6814 9013 355 271
6814 9014 352 271
6814 9015 349 271
6814 9016 347 271
6814 9017 345 271
6814 9018 342 271
6814 9019 339 270
6814 9020 340 270
6814 9021 336 271
6814 9022 333 272
6814 9023 331 270
6814 9024 329 270
6814 9025 327 271
6814 9026 323 269
6814 9027 321 269
6814 9028 319 269
6814 9029 317 270
6814 9030 315 269
6814 9031 313 271
6814 9032 310 270
6814 9033 307 270
6814 9034 305 269
6814 9035 302 269
6814 9036 300 270
6814 9037 298 270
6814 9038 297 268
6814 9039 294 268
6814 9040 292 268
6814 9041 289 271
6814 9042 287 269
6814 9043 285 269
6814 9044 284 269
6814 9045 282 266
6814 9046 279 266
6814 9047 277 266
6814 9048 275 266
6814 9049 273 265
6814 9050 271 267
6814 9051 269 266
6814 9052 267 265
6814 9053 265 264
6814 9054 263 264
6814 9055 261 265
6814 9056 259 266
6814 9057 259 263
6814 9058 255 264
6814 9059 253 264
6814 9060 250 265
6814 9061 250 265
6814 9062 248 264
6814 9063 245 262
6814 9064 243 262
6814 9065 241 265
6814 9066 239 265
6814 9067 236 265
6864 9079 91 298
6864 9080 85 300
6864 9081 85 306
6864 9082 84 303
6864 9083 76 307
6864 9084 68 312
6864 9085 63 315
6864 9086 59 314
6864 9087 51 318
6864 9088 44 323
6864 9089 38 326
6864 9090 32 327
6864 9091 25 331
6864 9092 22 334
6864 9093 19 333
6864 9094 16 334
6864 9095 12 335
6864 9096 9 340
6864 9097 5 344
7096 9429 303 253
7096 9430 312 254
7096 9431 324 255
7096 9432 333 256
7096 9433 343 257
7096 9434 354 259
7096 9435 366 259
7096 9436 378 259
7096 9437 388 261
7096 9438 398 262
7096 9439 410 263
7096 9440 420 264
7096 9441 430 265
7096 9442 442 266
7096 9443 454 267
7096 9444 465 266
7096 9445 469 268
7096 9446 478 267
7096 9447 481 269
7096 9448 489 267
7140 9547 426 355
7140 9548 425 355
7140 9549 422 360
7140 9550 421 354
7140 9551 419 355
7140 9552 417 354
7140 9553 414 354
7140 9554 412 353
7140 9555 410 353
7140 9556 408 354
7140 9557 405 353
7140 9558 401 351
7140 9559 402 352
7140 9560 399 353
7140 9561 394 356
7140 9562 394 351
7140 9563 391 351
7140 9564 391 350
7140 9565 387 350
7140 9566 384 349
7140 9567 383 350
7140 9568 382 349
7140 9569 379 350
7140 9570 377 349
7140 9571 376 348
7140 9572 373 348
7140 9573 370 347
7140 9574 368 348
7140 9575 365 347
7140 9576 364 347
7140 9577 362 348
7140 9578 360 347
7140 9579 357 347
7140 9580 355 346
7140 9581 353 346
7140 9582 351 348
7140 9583 349 346
7140 9584 346 345
7140 9585 344 345
7140 9586 342 345
7140 9587 341 344
7140 9588 339 339
7146 9569 390 259
7146 9570 385 259
7146 9571 369 258
7146 9572 354 256
7146 9573 343 256
7146 9574 329 255
7146 9575 314 253
7146 9576 302 251
7146 9577 291 251
7146 9578 275 250
7146 9579 264 249
7146 9580 254 248
7173 9640 226 343
7173 9641 225 337
7173 9642 224 337
7173 9643 221 339
7173 9644 219 337
7173 9645 217 337
7173 9646 216 338
7173 9647 214 339
7173 9648 210 338
7173 9649 209 338
7173 9650 208 337
7173 9651 205 337
7173 9652 201 337
7173 9653 200 337
7173 9654 198 336
7173 9655 196 337
7173 9656 194 337
7173 9657 192 336
7173 9658 190 335
7173 9659 189 336
7173 9660 187 335
7173 9661 185 335
7173 9662 182 336
7173 9663 180 337
7173 9664 180 337
7173 9665 178 337
7173 9666 175 335
7173 9667 177 335
7173 9668 173 335
7173 9669 171 335
7173 9670 169 336
7173 9671 168 335
7173 9672 166 335
7173 9673 164 334
7173 9674 163 335
7173 9675 160 334
7173 9676 158 333
7173 9677 157 333
7173 9678 156 332
7173 9679 154 332
7173 9680 153 331
7173 9681 151 331
7173 9682 150 331
7173 9683 147 331
7173 9684 146 330
7173 9685 145 329
7173 9686 143 330
7173 9687 140 330
7173 9688 140 328
7173 9689 138 328
7173 9690 137 328
7173 9691 135 329
7173 9692 133 328
7173 9693 132 327
7173 9694 131 327
7173 9695 130 325
7173 9696 129 329
7186 9656 578 397
7186 9657 579 397
7186 9658 577 398
7186 9659 575 397
7186 9660 574 401
7186 9661 571 401
7186 9662 569 403
7186 9663 568 400
7186 9664 563 403
7186 9665 562 403
7186 9666 560 401
7186 9667 557 406
7186 9668 555 406
7186 9669 553 409
7186 9670 550 405
7186 9671 549 406
7186 9672 543 411
7186 9673 543 411
7186 9674 541 411
7186 9675 539 412
7186 9676 535 415
7186 9677 534 413
7186 9678 531 414
7186 9679 527 416
7186 9680 525 414
7186 9681 522 417
7186 9682 520 416
7186 9683 516 418
7186 9684 514 419
7186 9685 513 420
7186 9686 509 422
7186 9687 507 421
7186 9688 503 423
7186 9689 501 424
7186 9690 497 422
7186 9691 493 425
7186 9692 490 428
7186 9693 488 427
7186 9694 485 429
7186 9695 478 429
7186 9696 478 430
7186 9697 476 431
7186 9698 473 430
7186 9699 469 434
7186 9700 466 435
7186 9701 464 436
7186 9702 460 435
7186 9703 456 437
7186 9704 452 438
7186 9705 452 441
7186 9706 449 438
7186 9707 444 441
7186 9708 441 443
7186 9709 439 445
7186 9710 435 444
7186 9711 430 445
7186 9712 428 446
7186 9713 426 447
7186 9714 424 446
7186 9715 418 449
7186 9716 415 450
7186 9717 413 451
7186 9718 408 453
7186 9719 405 453
7186 9720 401 454
7186 9721 397 455
7186 9722 397 456
7186 9723 393 458
7186 9724 391 457
7186 9725 387 461
7186 9726 382 460
7186 9727 378 462
7186 9728 374 463
7186 9729 372 462
7186 9730 371 463
7186 9731 367 464
7186 9732 362 465
7186 9733 360 465
7186 9734 357 466
7186 9735 352 467
7186 9736 350 466
7186 9737 347 468
7186 9738 343 469
7186 9739 339 468
7186 9740 335 470
7186 9741 331 470
7186 9742 327 471
7186 9743 326 471
7186 9744 322 471
7186 9745 319 473
7186 9746 313 474
7186 9747 311 474
7186 9748 307 475
7186 9749 305 475
7324 9919 95 475
7324 9920 100 475
7324 9921 103 475
7324 9922 108 475
7324 9923 113 474
7324 9924 117 474
7324 9925 121 474
7324 9926 126 474
7324 9927 131 473
7324 9928 135 473
7324 9929 139 473
7324 9930 144 473
7324 9931 151 472
7324 9932 154 472
7324 9933 159 472
7324 9934 163 471
7324 9935 168 471
7324 9936 171 470
7324 9937 175 470
7324 9938 180 471
7324 9939 186 470
7324 9940 190 470
7324 9941 194 469
7324 9942 199 469
7324 9943 203 469
7324 9944 208 468
7324 9945 211 466
7324 9946 216 467
7324 9947 222 468
7324 9948 226 467
7324 9949 230 466
7324 9950 236 466
7324 9951 238 465
7324 9952 242 465
7324 9953 247 464
7324 9954 252 464
7324 9955 256 463
7324 9956 262 464
7324 9957 268 463
7324 9958 272 463
7324 9959 277 463
7324 9960 280 470
7324 9961 286 469
7347 9960 280 452
7347 9961 285 456
7347 9962 291 461
7347 9963 295 461
7347 9964 297 460
7347 9965 305 459
7347 9966 307 458
7347 9967 311 457
7347 9968 314 457
7347 9969 319 454
7347 9970 322 453
7347 9971 328 452
7347 9972 328 452
7347 9973 334 449
7347 9974 339 446
7347 9975 341 446
7347 9976 342 447
7347 9977 345 445
7347 9978 353 441
7347 9979 355 441
7347 9980 357 441
7347 9981 359 439
7347 9982 362 438
7347 9983 366 436
7347 9984 370 435
7347 9985 371 436
7347 9986 377 432
7347 9987 381 431
7347 9988 378 428
7468 10151 234 249
7468 10152 234 249
7468 10153 244 250
7468 10154 253 251
7468 10155 264 251
7468 10156 276 253
7468 10157 286 252
7468 10158 296 254
7468 10159 308 254
7468 10160 320 256
7468 10161 330 257
7468 10162 341 257
7468 10163 355 258
7468 10164 347 263
7576 10446 89 321
7576 10447 89 321
7576 10448 91 321
7576 10449 91 321
7576 10450 92 320
7576 10451 93 320
7576 10452 95 319
7576 10453 97 319
7576 10454 100 319
7576 10455 101 319
7576 10456 103 319
7576 10457 102 320
7576 10458 102 320
7576 10459 106 320
7576 10460 107 320
7576 10461 108 321
7576 10462 109 320
7576 10463 111 322
7576 10464 113 322
7576 10465 114 323
7576 10466 114 322
7576 10467 117 322
7576 10468 117 322
7576 10469 119 323
7576 10470 121 324
7576 10471 123 324
7576 10472 123 323
7576 10473 125 324
7576 10474 124 323
7576 10475 126 325
7576 10476 127 323
7576 10477 129 326
7576 10478 130 325
7576 10479 132 325
7576 10480 131 324
7576 10481 135 328
7576 10482 136 325
7576 10483 136 325
7576 10484 138 328
7576 10485 139 328
7576 10486 142 328
7576 10487 141 326
7576 10488 145 329
7576 10489 145 329
7576 10490 145 329
7576 10491 147 330
7576 10492 150 329
7576 10493 152 329
7576 10494 153 331
7576 10495 154 327
7576 10496 155 325
7576 10497 156 325
7576 10498 157 328
7576 10499 158 330
7576 10500 161 329
7576 10501 161 330
7576 10502 163 327
7576 10503 165 329
7576 10504 166 329
7576 10505 167 327
7576 10506 170 330
7576 10507 169 330
7576 10508 174 329
7576 10509 174 329
7576 10510 176 329
7576 10511 178 328
7576 10512 179 329
7576 10513 179 329
7576 10514 180 329
7576 10515 181 327
7576 10516 185 328
7576 10517 183 328
7576 10518 186 331
7576 10519 189 329
7576 10520 190 329
7576 10521 193 330
7576 10522 194 329
7576 10523 194 331
7576 10524 196 329
7576 10525 197 325
7576 10526 199 326
7576 10527 199 329
7576 10528 201 331
7576 10529 204 335
8122 11403 151 249
8122 11404 148 246
8122 11405 150 246
8122 11406 152 247
8122 11407 154 249
8122 11408 155 250
8122 11409 155 251
8122 11410 156 250
8122 11411 161 252
8122 11412 160 255
8122 11413 163 258
8122 11414 161 255
8122 11415 160 258
8122 11416 161 257
8122 11417 160 257
8122 11418 159 258
8122 11419 159 261
8122 11420 158 258
8122 11421 156 263
8122 11422 156 264
8122 11423 155 264
8122 11424 152 266
8122 11425 152 267
8122 11426 152 266
8122 11427 147 269
8122 11428 144 271
8122 11429 142 272
8122 11430 140 273
8122 11431 137 273
8122 11432 133 275
8122 11433 132 276
8122 11434 129 277
8122 11435 126 278
8122 11436 123 280
8122 11437 120 281
8122 11438 117 282
8122 11439 114 281
8122 11440 115 281
8144 11427 156 258
8144 11428 155 259
8144 11429 154 260
8144 11430 152 264
8144 11431 151 265
8144 11432 150 265
8144 11433 148 265
8144 11434 146 267
8144 11435 143 268
8144 11436 142 270
8144 11437 139 271
8144 11438 137 272
8144 11439 135 274
8144 11440 132 276
8144 11441 129 276
8144 11442 126 278
8144 11443 124 280
8144 11444 121 280
8144 11445 118 280
8144 11446 115 284
8144 11447 113 284
8144 11448 110 284
8144 11449 107 286
8144 11450 104 287
8144 11451 102 288
8144 11452 98 289
8144 11453 96 291
8144 11454 93 292
8144 11455 90 291
8144 11456 86 295
8144 11457 84 294
8144 11458 80 296
8144 11459 80 295
8144 11460 76 299
8144 11461 74 300
8144 11462 70 301
8144 11463 69 300
8144 11464 66 303
8144 11465 63 304
8144 11466 61 305
8144 11467 58 305
8144 11468 54 308
8144 11469 53 308
8144 11470 52 307
8144 11471 48 310
8144 11472 46 311
8144 11473 45 311
8144 11474 42 311
8144 11475 40 314
8144 11476 38 316
8144 11477 35 317
8144 11478 32 313
8144 11479 31 316
8144 11480 28 317
8144 11481 25 321
8144 11482 24 319
8144 11483 21 318
8144 11484 19 324
8144 11485 16 325
8144 11486 14 322
8144 11487 12 327
8144 11488 10 324
8144 11489 9 324
8144 11490 8 326
8203 11478 432 412
8203 11479 432 409
8203 11480 434 411
8203 11481 437 412
8203 11482 441 412
8203 11483 446 414
8203 11484 449 415
8203 11485 451 417
8203 11486 454 417
8203 11487 457 418
8203 11488 460 420
8203 11489 463 420
8203 11490 468 421
8203 11491 474 423
8203 11492 476 426
8203 11493 478 425
8203 11494 481 426
8203 11495 484 427
8203 11496 488 430
8203 11497 493 429
8203 11498 497 430
8203 11499 500 432
8203 11500 504 433
8203 11501 507 433
8203 11502 510 435
8203 11503 513 438
8203 11504 518 440
8203 11505 523 438
8203 11506 525 440
8203 11507 529 441
8203 11508 533 441
8203 11509 535 442
8203 11510 539 444
8203 11511 543 445
8203 11512 549 446
8203 11513 552 447
8203 11514 555 448
8203 11515 560 449
8203 11516 562 451
8203 11517 564 453
8203 11518 570 455
8203 11519 576 454
8203 11520 579 456
8203 11521 583 458
8203 11522 588 457
8203 11523 589 459
8252 11541 107 411
8252 11542 109 408
8252 11543 111 410
8252 11544 118 413
8252 11545 121 407
8252 11546 122 408
8252 11547 124 407
8252 11548 128 404
8252 11549 133 405
8252 11550 135 405
8252 11551 137 406
8252 11552 142 403
8252 11553 147 403
8252 11554 151 404
8252 11555 151 403
8252 11556 155 402
8252 11557 161 401
8252 11558 163 400
8252 11559 164 402
8252 11560 170 396
8252 11561 176 399
8252 11562 178 400
8252 11563 178 399
8252 11564 182 404
8252 11565 188 397
8252 11566 190 397
8252 11567 190 399
8252 11568 194 396
8252 11569 202 396
8252 11570 204 396
8252 11571 203 397
8252 11572 207 396
8252 11573 212 395
8252 11574 216 394
8252 11575 216 395
8252 11576 220 393
8252 11577 224 392
8252 11578 228 391
8252 11579 230 393
8252 11580 233 391
8252 11581 240 392
8252 11582 241 390
8252 11583 243 390
8252 11584 247 391
8252 11585 252 388
8252 11586 257 388
8252 11587 257 389
8252 11588 262 386
8252 11589 265 387
8252 11590 269 387
8252 11591 269 389
8252 11592 274 386
8252 11593 280 386
8252 11594 282 385
8252 11595 284 386
8252 11596 285 386
8252 11597 292 384
8252 11598 295 384
8252 11599 296 384
8252 11600 300 384
8252 11601 307 384
8252 11602 308 385
8252 11603 310 384
8252 11604 313 381
8252 11605 319 382
8252 11606 321 382
8252 11607 322 382
8252 11608 327 382
8252 11609 334 381
8252 11610 335 382
8252 11611 336 381
8252 11612 336 387
8315 11645 485 268
8315 11646 480 265
8315 11647 473 264
8315 11648 464 264
8315 11649 454 263
8315 11650 444 262
8315 11651 431 261
8315 11652 419 260
8315 11653 407 259
8315 11654 397 257
8315 11655 389 257
8315 11656 381 257
8315 11657 371 256
8315 11658 361 255
8315 11659 353 252
8315 11660 346 254
8315 11661 340 253
8315 11662 332 253
8315 11663 324 252
8315 11664 317 252
8315 11665 309 250
8315 11666 312 251
8337 11685 195 259
8337 11686 190 259
8337 11687 194 258
8337 11688 188 261
8337 11689 181 263
8337 11690 185 263
8337 11691 181 264
8337 11692 177 266
8337 11693 175 267
8337 11694 171 268
8337 11695 169 269
8337 11696 164 270
8337 11697 161 272
8337 11698 158 272
8337 11699 153 275
8337 11700 151 275
8337 11701 147 277
8337 11702 143 280
8337 11703 140 281
8337 11704 136 283
8337 11705 131 285
8337 11706 127 287
8337 11707 123 289
8337 11708 119 290
8337 11709 115 292
8337 11710 111 294
8337 11711 107 296
8337 11712 101 298
8337 11713 98 301
8337 11714 93 302
8337 11715 88 305
8337 11716 83 307
8337 11717 78 309
8337 11718 74 311
8337 11719 69 314
8337 11720 63 316
8337 11721 58 319
8337 11722 52 321
8337 11723 46 324
8337 11724 40 327
8337 11725 34 329
8337 11726 28 332
8337 11727 24 336
8337 11728 21 339
8337 11729 18 341
8337 11730 16 342
8337 11731 13 341
8337 11732 9 343
8337 11733 5 347
8337 11734 4 350
8370 11761 359 263
8370 11762 356 265
8370 11763 355 269
8370 11764 354 273
8370 11765 351 270
8370 11766 348 273
8370 11767 348 269
8370 11768 346 272
8370 11769 344 272
8370 11770 343 268
8370 11771 341 268
8370 11772 340 270
8370 11773 338 269
8370 11774 335 268
8370 11775 334 268
8370 11776 333 267
8370 11777 331 267
8370 11778 329 264
8370 11779 327 267
8370 11780 326 267
8370 11781 323 266
8370 11782 321 266
8370 11783 319 268
8370 11784 318 267
8370 11785 315 266
8370 11786 315 266
8370 11787 312 268
8370 11788 312 266
8370 11789 308 268
8370 11790 306 265
8370 11791 306 266
8370 11792 304 267
8370 11793 302 268
8370 11794 298 267
8370 11795 298 266
8370 11796 297 265
8370 11797 295 266
8370 11798 292 264
8370 11799 290 264
8370 11800 288 267
8370 11801 287 264
8370 11802 284 267
8370 11803 283 264
8370 11804 283 264
8370 11805 278 263
8370 11806 278 266
8370 11807 277 264
8370 11808 275 266
8370 11809 274 265
8370 11810 271 267
8370 11811 270 266
8370 11812 269 265
8370 11813 268 263
8370 11814 267 265
8370 11815 266 262
8370 11816 264 264
8370 11817 262 263
8370 11818 259 261
8370 11819 258 264
8370 11820 258 261
8370 11821 255 260
8370 11822 254 262
8370 11823 251 257
8370 11824 251 263
8370 11825 250 265
8402 11852 246 247
8402 11853 256 249
8402 11854 265 250
8402 11855 274 251
8402 11856 284 251
8402 11857 291 251
8402 11858 301 252
8402 11859 312 254
8402 11860 323 255
8402 11861 335 258
8402 11862 344 259
8402 11863 355 259
8402 11864 367 261
8402 11865 378 259
8402 11866 387 259
8402 11867 402 261
8402 11868 411 262
8402 11869 423 263
8402 11870 435 264
8402 11871 448 265
8402 11872 461 266
8402 11873 467 266
8402 11874 473 267
8402 11875 482 268
8402 11876 489 268
8661 12238 289 255
8661 12239 297 255
8661 12240 308 257
8661 12241 317 257
8661 12242 327 258
8661 12243 339 259
8661 12244 350 259
8661 12245 360 260
8661 12246 370 262
8661 12247 396 262
8661 12248 404 261
8661 12249 402 261
8661 12250 401 260
8661 12251 395 248
8782 12385 217 247
8782 12386 234 249
8782 12387 247 249
8782 12388 261 251
8782 12389 280 252
8782 12390 299 253
8782 12391 315 254
8782 12392 330 256
8782 12393 349 257
8782 12394 371 259
8782 12395 393 261
8782 12396 411 262
8782 12397 428 263
8782 12398 446 266
8782 12399 461 265
8782 12400 474 267
8816 12456 448 265
8816 12457 443 263
8816 12458 418 261
8816 12459 400 259
8816 12460 379 258
8816 12461 354 256
8816 12462 331 254
8816 12463 327 252
8827 12501 183 246
8827 12502 193 246
8827 12503 204 247
8827 12504 218 248
8827 12505 231 249
8827 12506 243 250
8827 12507 259 250
8827 12508 276 252
8827 12509 294 255
8827 12510 308 261
8827 12511 325 264
8827 12512 334 275
8833 12512 344 261
8833 12513 362 260
8833 12514 377 260
8833 12515 399 262
8833 12516 415 264
8833 12517 432 266
8833 12518 452 267
8833 12519 465 268
8833 12520 476 270
8833 12521 483 271
9085 12893 117 316
9085 12894 118 318
9085 12895 119 317
9085 12896 121 322
9085 12897 120 323
9085 12898 122 322
9085 12899 123 322
9085 12900 127 324
9085 12901 126 325
9085 12902 129 325
9085 12903 131 321
9085 12904 129 320
9085 12905 132 325
9085 12906 132 326
9085 12907 134 327
9085 12908 137 330
9085 12909 136 329
9085 12910 138 330
9085 12911 140 329
9085 12912 142 328
9085 12913 143 332
9085 12914 145 332
9085 12915 146 331
9085 12916 148 330
9085 12917 149 333
9085 12918 151 337
9085 12919 151 334
9085 12920 153 337
9085 12921 156 338
9085 12922 157 338
9085 12923 158 338
9085 12924 160 341
9085 12925 161 341
9085 12926 163 342
9085 12927 165 343
9085 12928 167 340
9085 12929 167 342
9085 12930 168 343
9085 12931 171 346
9085 12932 173 343
9085 12933 172 338
9129 12946 197 352
9129 12947 199 355
9129 12948 200 357
9129 12949 203 360
9129 12950 204 359
9129 12951 207 361
9129 12952 209 365
9129 12953 211 364
9129 12954 212 363
9129 12955 213 364
9129 12956 215 364
9129 12957 218 367
9129 12958 220 367
9129 12959 221 367
9129 12960 223 368
9129 12961 226 369
9129 12962 227 371
9129 12963 230 372
9129 12964 231 372
9129 12965 234 374
9129 12966 236 375
9129 12967 238 373
9129 12968 240 377
9129 12969 243 377
9129 12970 246 378
9129 12971 248 379
9129 12972 251 380
9129 12973 253 382
9129 12974 254 385
9129 12975 257 385
9129 12976 259 387
9129 12977 261 386
9129 12978 262 386
9129 12979 265 387
9129 12980 268 389
9129 12981 269 393
9129 12982 270 393
9129 12983 274 391
9129 12984 279 394
9129 12985 280 396
9129 12986 283 396
9129 12987 283 399
9129 12988 287 399
9129 12989 287 401
9129 12990 291 402
9129 12991 295 401
9129 12992 294 395
9129 12993 299 397
9137 12965 3 454
9137 12966 5 450
9137 12967 7 450
9137 12968 10 448
9137 12969 13 446
9137 12970 16 447
9137 12971 19 446
9137 12972 22 443
9137 12973 26 442
9137 12974 28 442
9137 12975 31 441
9137 12976 34 439
9137 12977 38 438
9137 12978 40 438
9137 12979 43 435
9137 12980 46 434
9137 12981 48 433
9137 12982 52 433
9137 12983 54 432
9137 12984 57 431
9137 12985 59 430
9137 12986 62 428
9137 12987 65 426
9137 12988 71 427
9137 12989 72 424
9137 12990 75 424
9137 12991 77 421
9137 12992 82 421
9137 12993 82 421
9137 12994 84 418
9137 12995 87 417
9137 12996 92 416
9137 12997 94 415
9137 12998 95 416
9137 12999 100 413
9137 13000 101 414
9137 13001 104 411
9137 13002 105 411
9137 13003 111 409
9137 13004 114 408
9137 13005 116 407
9137 13006 117 406
9137 13007 120 405
9137 13008 124 405
9137 13009 123 405
9141 12986 331 365
9141 12987 330 361
9141 12988 328 359
9141 12989 326 361
9141 12990 326 363
9141 12991 323 363
9141 12992 320 364
9141 12993 321 361
9141 12994 316 366
9141 12995 313 368
9141 12996 313 364
9141 12997 311 366
9141 12998 309 367
9141 12999 307 368
9141 13000 305 372
9141 13001 304 370
9141 13002 302 373
9141 13003 301 375
9141 13004 296 375
9141 13005 295 374
9141 13006 293 378
9141 13007 292 375
9141 13008 289 376
9141 13009 286 376
9141 13010 285 377
9141 13011 283 379
9141 13012 281 378
9141 13013 279 378
9141 13014 278 378
9141 13015 276 382
9141 13016 274 382
9141 13017 271 382
9141 13018 270 385
9141 13019 268 384
9141 13020 265 387
9141 13021 263 387
9141 13022 262 384
9141 13023 261 388
9141 13024 257 388
9141 13025 256 389
9141 13026 253 390
9141 13027 251 389
9141 13028 248 391
9141 13029 245 392
9141 13030 244 392
9141 13031 243 395
9141 13032 240 394
9141 13033 239 396
9141 13034 235 394
9141 13035 232 395
9141 13036 230 396
9141 13037 229 399
9141 13038 227 398
9141 13039 225 399
9141 13040 224 399
9141 13041 223 397
9141 13042 221 401
9141 13043 219 401
9141 13044 218 401
9141 13045 217 399
9141 13046 216 401
9141 13047 217 398
9141 13048 218 396
9144 12998 320 414
9144 12999 316 412
9144 13000 320 418
9144 13001 318 416
9144 13002 323 417
9144 13003 325 418
9144 13004 327 424
9144 13005 327 429
9144 13006 329 425
9144 13007 333 425
9144 13008 336 431
9144 13009 337 430
9144 13010 340 430
9144 13011 345 431
9144 13012 348 434
9144 13013 350 438
9144 13014 353 435
9144 13015 355 439
9144 13016 360 442
9144 13017 362 443
9144 13018 364 442
9144 13019 368 445
9144 13020 373 448
9144 13021 374 449
9144 13022 375 449
9144 13023 381 451
9144 13024 386 454
9144 13025 386 457
9144 13026 390 456
9144 13027 396 458
9144 13028 401 461
9144 13029 404 463
9144 13030 407 463
9144 13031 413 463
9144 13032 417 464
9144 13033 419 467
9144 13034 427 467
9144 13035 431 467
9144 13036 433 468
9144 13037 439 469
9144 13038 443 469
9144 13039 448 470
9144 13040 452 471
9144 13041 457 472
9144 13042 461 472
9144 13043 466 473
9144 13044 472 475
9144 13045 477 475
9144 13046 481 475
9203 13107 134 424
9203 13108 132 429
9203 13109 130 428
9203 13110 127 428
9203 13111 128 434
9203 13112 121 432
9203 13113 122 436
9203 13114 119 438
9203 13115 117 437
9203 13116 111 438
9203 13117 107 438
9203 13118 106 438
9203 13119 106 441
9203 13120 99 439
9203 13121 97 443
9203 13122 92 444
9203 13123 94 446
9203 13124 90 447
9203 13125 85 448
9203 13126 82 444
9203 13127 83 448
9203 13128 76 447
9203 13129 72 451
9203 13130 70 449
9203 13131 72 454
9203 13132 65 450
9203 13133 62 452
9203 13134 59 453
9203 13135 61 455
9203 13136 54 456
9203 13137 51 461
9203 13138 47 463
9203 13139 47 463
9203 13140 44 463
9203 13141 40 462
9203 13142 36 463
9203 13143 33 463
9203 13144 32 465
9203 13145 30 466
9203 13146 27 466
9203 13147 25 466
9203 13148 23 467
9203 13149 18 467
9203 13150 15 468
9203 13151 11 469
9203 13152 9 470
9203 13153 7 470
9203 13154 3 471
9203 13155 4 471
9210 13128 170 281
9210 13129 170 279
9210 13130 169 283
9210 13131 165 284
9210 13132 165 284
9210 13133 165 283
9210 13134 161 282
9210 13135 160 282
9210 13136 160 281
9210 13137 157 281
9210 13138 154 281
9210 13139 153 281
9210 13140 149 281
9210 13141 148 280
9210 13142 146 282
9210 13143 144 284
9210 13144 145 286
9210 13145 139 285
9210 13146 139 286
9210 13147 138 281
9210 13148 134 282
9210 13149 132 283
9210 13150 132 282
9210 13151 129 283
9210 13152 127 286
9210 13153 127 284
9210 13154 124 285
9210 13155 124 286
9210 13156 120 284
9210 13157 117 284
9210 13158 117 286
9210 13159 115 286
9210 13160 113 286
9210 13161 112 285
9210 13162 107 283
9210 13163 106 286
9210 13164 105 285
9210 13165 104 289
9210 13166 102 286
9210 13167 100 286
9210 13168 99 285
9210 13169 95 285
9210 13170 93 286
9210 13171 92 286
9210 13172 91 286
9210 13173 89 291
9210 13174 88 288
9210 13175 84 288
9210 13176 82 288
9210 13177 82 288
9210 13178 79 289
9210 13179 79 292
9210 13180 77 294
9210 13181 74 290
9210 13182 73 290
9210 13183 70 290
9210 13184 68 290
9210 13185 67 292
9210 13186 68 292
9210 13187 66 293
9210 13188 64 293
9210 13189 60 293
9210 13190 60 293
9210 13191 59 291
9210 13192 58 292
9210 13193 55 293
9210 13194 55 293
9210 13195 53 293
9210 13196 47 294
9210 13197 48 294
9210 13198 46 293
9210 13199 44 294
9210 13200 40 294
9210 13201 39 294
9210 13202 39 294
9210 13203 37 295
9210 13204 33 295
9210 13205 34 295
9210 13206 32 293
9210 13207 26 291
9210 13208 27 294
9210 13209 24 288
9210 13210 24 293
9210 13211 20 298
9210 13212 19 296
9210 13213 19 296
9210 13214 15 293
9210 13215 13 296
9210 13216 13 300
9210 13217 10 299
9210 13218 7 295
9213 13134 360 308
9213 13135 357 307
9213 13136 359 308
9213 13137 361 306
9213 13138 364 304
9213 13139 364 304
9213 13140 365 303
9213 13141 366 302
9213 13142 369 302
9213 13143 370 302
9213 13144 370 302
9213 13145 372 302
9213 13146 373 300
9213 13147 374 300
9213 13148 377 299
9213 13149 378 298
9213 13150 379 300
9213 13151 380 299
9213 13152 378 297
9213 13153 382 297
9213 13154 384 298
9213 13155 386 296
9213 13156 387 296
9213 13157 388 295
9213 13158 389 295
9213 13159 390 296
9213 13160 393 293
9213 13161 394 293
9213 13162 394 294
9213 13163 395 294
9213 13164 397 293
9213 13165 397 292
9213 13166 401 290
9213 13167 401 292
9213 13168 402 292
9213 13169 404 290
9213 13170 404 292
9213 13171 406 290
9213 13172 409 290
9213 13173 410 290
9213 13174 410 290
9213 13175 413 288
9213 13176 414 289
9213 13177 414 288
9213 13178 416 289
9213 13179 419 288
9213 13180 419 287
9213 13181 421 288
9213 13182 424 285
9213 13183 425 287
9213 13184 426 286
9213 13185 427 285
9213 13186 428 285
9213 13187 430 285
9213 13188 431 286
9213 13189 433 284
9213 13190 435 282
9213 13191 435 284
9213 13192 436 284
9213 13193 438 282
9213 13194 439 281
9213 13195 441 282
9213 13196 443 281
9213 13197 443 281
9213 13198 444 280
9213 13199 446 280
9213 13200 448 281
9213 13201 449 280
9213 13202 451 281
9213 13203 451 282
9213 13204 453 281
9213 13205 455 280
9213 13206 457 280
9213 13207 458 280
9213 13208 458 280
9213 13209 460 280
9213 13210 463 279
9213 13211 464 279
9213 13212 465 279
9213 13213 467 279
9213 13214 468 279
9213 13215 471 279
9213 13216 469 283
9213 13217 474 278
9213 13218 475 278
9213 13219 476 278
9213 13220 479 277
9269 13232 162 262
9269 13233 161 265
9269 13234 160 265
9269 13235 158 267
9269 13236 157 267
9269 13237 155 269
9269 13238 154 270
9269 13239 152 271
9269 13240 149 273
9269 13241 148 275
9269 13242 143 277
9269 13243 145 277
9269 13244 139 278
9269 13245 137 281
9269 13246 139 281
9269 13247 132 282
9269 13248 127 285
9269 13249 126 286
9269 13250 122 287
9269 13251 117 290
9269 13252 120 291
9269 13253 112 291
9269 13254 109 293
9308 13254 102 294
9308 13255 103 295
9308 13256 103 298
9308 13257 98 298
9308 13258 92 300
9308 13259 91 300
9308 13260 87 302
9308 13261 83 304
9308 13262 74 299
9308 13263 78 307
9308 13264 67 306
9308 13265 67 309
9308 13266 64 313
9308 13267 60 313
9308 13268 57 314
9308 13269 52 315
9308 13270 49 317
9308 13271 43 319
9308 13272 42 323
9308 13273 38 324
9308 13274 35 325
9308 13275 31 325
9308 13276 28 327
9308 13277 24 330
9308 13278 20 331
9308 13279 17 332
9308 13280 13 333
9308 13281 12 337
9308 13282 10 338
9308 13283 8 339
9308 13284 7 341
9308 13285 5 344
9308 13286 3 352
9361 13319 634 475
9361 13320 631 473
9361 13321 628 472
9361 13322 624 471
9361 13323 620 471
9361 13324 617 470
9361 13325 613 469
9361 13326 609 469
9361 13327 607 468
9361 13328 602 468
9361 13329 596 467
9361 13330 590 466
9361 13331 586 465
9361 13332 584 465
9361 13333 584 463
9361 13334 580 463
9361 13335 572 462
9361 13336 569 462
9361 13337 566 461
9361 13338 561 458
9361 13339 558 456
9361 13340 557 457
9361 13341 552 457
9361 13342 549 455
9361 13343 543 450
9361 13344 545 452
9400 13355 504 427
9400 13356 501 432
9400 13357 498 435
9400 13358 494 432
9400 13359 490 437
9400 13360 488 429
9400 13361 485 429
9400 13362 483 427
9400 13363 478 430
9400 13364 476 423
9400 13365 473 424
9400 13366 471 424
9400 13367 467 420
9400 13368 465 419
9400 13369 462 418
9400 13370 459 418
9400 13371 458 422
9400 13372 455 415
9400 13373 452 414
9400 13374 450 412
9400 13375 447 412
9400 13376 443 415
9400 13377 442 407
9400 13378 438 406
9400 13379 437 404
9400 13380 436 404
9400 13381 429 401
9400 13382 431 399
9456 13393 400 380
9456 13394 394 386
9456 13395 392 386
9456 13396 391 390
9456 13397 390 383
9456 13398 386 378
9456 13399 383 381
9456 13400 381 379
9456 13401 379 379
9456 13402 376 383
9456 13403 374 382
9456 13404 371 377
9456 13405 369 373
9456 13406 368 375
9456 13407 365 371
9456 13408 362 372
9456 13409 359 372
9456 13410 356 376
9456 13411 355 369
9456 13412 352 368
9456 13413 350 368
9456 13414 349 367
9456 13415 346 363
9456 13416 343 363
9456 13417 342 364
9456 13418 338 363
9456 13419 337 361
9456 13420 334 359
9456 13421 332 359
9456 13422 331 360
9456 13423 328 358
9456 13424 327 356
9456 13425 324 354
9456 13426 323 354
9456 13427 320 354
9456 13428 318 353
9456 13429 315 352
9456 13430 314 352
9456 13431 313 350
9456 13432 311 349
9456 13433 308 348
9456 13434 305 346
9456 13435 305 348
9456 13436 303 346
9456 13437 300 344
9456 13438 299 343
9456 13439 296 344
9456 13440 296 342
9456 13441 294 340
9456 13442 292 339
9456 13443 291 340
9456 13444 289 340
9456 13445 287 338
9456 13446 285 335
9456 13447 285 337
9456 13448 283 336
9456 13449 281 334
9456 13450 281 333
9456 13451 277 331
9456 13452 278 333
9456 13453 277 332
9456 13454 274 328
9456 13455 274 329
9456 13456 272 328
9456 13457 270 328
9456 13458 269 323
9456 13459 268 326
9456 13460 269 323
9456 13461 266 325
9456 13462 265 323
9456 13463 261 323
9456 13464 263 322
9456 13465 261 322
9456 13466 257 320
9456 13467 257 320
9456 13468 255 319
9456 13469 255 318
9456 13470 254 324
9456 13471 252 322
9456 13472 249 320
9456 13473 249 316
9456 13474 247 320
9456 13475 246 314
9456 13476 243 314
9456 13477 243 316
9456 13478 242 317
9456 13479 241 316
9456 13480 240 316
9456 13481 239 312
9456 13482 238 313
9456 13483 237 308
9456 13484 237 312
9456 13485 235 311
9456 13486 236 311