552 223 5 411
552 224 7 411
552 225 8 411
552 226 12 411
552 227 17 411
552 228 18 411
552 229 19 411
552 230 21 412
552 231 25 411
552 232 27 410
552 233 30 411
552 234 34 406
552 235 39 409
552 236 41 408
552 237 41 410
552 238 44 409
552 239 51 408
552 240 52 408
552 241 54 408
552 242 57 408
552 243 63 409
552 244 65 411
552 245 65 406
552 246 72 409
552 247 76 409
552 248 76 405
552 249 83 404
552 250 86 405
552 251 87 404
552 252 89 406
552 253 90 407
552 254 93 402
552 255 97 405
552 256 98 406
552 257 100 406
552 258 105 403
552 259 104 404
552 260 107 398
552 261 110 401
552 262 115 400
552 263 116 398
552 264 117 394
552 265 118 392
644 254 224 255
644 255 225 250
644 256 236 251
644 257 242 251
644 258 243 260
644 259 239 269
644 260 239 267
644 261 239 268
644 262 240 268
644 263 241 268
644 264 242 270
644 265 244 269
644 266 250 273
644 267 248 269
644 268 251 268
644 269 252 269
644 270 250 270
644 271 257 276
644 272 257 271
644 273 258 271
644 274 260 271
644 275 261 271
644 276 263 271
644 277 264 273
644 278 265 270
644 279 265 271
644 280 268 272
644 281 270 272
644 282 271 271
644 283 272 271
644 284 274 272
644 285 276 272
644 286 277 272
644 287 278 278
644 288 279 273
644 289 282 273
644 290 283 273
644 291 285 272
644 292 291 265
644 293 295 267
644 294 290 273
644 295 291 279
644 296 292 273
644 297 295 274
644 298 297 272
644 299 299 273
644 300 299 272
644 301 300 272
644 302 303 273
644 303 306 273
644 304 307 272
644 305 308 273
644 306 310 273
644 307 311 273
644 308 312 272
644 309 314 274
644 310 316 273
793 292 102 419
793 293 101 420
793 294 100 421
793 295 99 418
793 296 96 421
793 297 96 420
793 298 94 421
793 299 94 423
793 300 92 423
793 301 91 422
793 302 88 423
793 303 86 423
793 304 86 425
793 305 84 426
793 306 82 424
793 307 80 426
793 308 79 427
793 309 78 428
793 310 77 429
793 311 75 430
793 312 75 435
793 313 73 431
793 314 70 432
793 315 69 434
793 316 67 438
793 317 64 437
793 318 66 439
793 319 64 439
793 320 64 446
793 321 60 442
793 322 60 441
793 323 58 445
793 324 57 447
793 325 55 445
793 326 56 447
793 327 54 447
793 328 57 447
793 329 52 451
793 330 51 450
793 331 49 452
793 332 47 458
793 333 47 455
793 334 45 456
1953 729 452 382
1953 730 450 381
1953 731 453 382
1953 732 453 387
1953 733 457 383
1953 734 459 385
1953 735 460 387
1953 736 461 386
1953 737 463 390
1953 738 468 385
1953 739 469 384
1953 740 470 384
1953 741 472 389
1953 742 475 390
1953 743 478 391
1953 744 479 390
1953 745 482 391
1953 746 485 390
1953 747 487 395
1953 748 489 392
1953 749 491 396
1953 750 496 398
1953 751 498 396
1953 752 500 396
1953 753 500 399
1953 754 503 397
1953 755 506 398
1953 756 508 397
1953 757 509 399
1953 758 510 402
1953 759 515 402
1953 760 517 404
1953 761 521 402
1953 762 522 401
1953 763 520 406
1953 764 525 406
1953 765 529 406
1953 766 529 408
1953 767 530 410
1953 768 536 410
1953 769 537 411
1953 770 540 408
1953 771 542 407
1953 772 543 409
1953 773 548 409
3755 1472 363 266
3755 1473 368 265
3755 1474 370 263
3755 1475 366 269
3755 1476 372 269
3755 1477 376 264
3755 1478 378 269
3755 1479 385 258
3755 1480 389 257
3755 1481 384 260
3755 1482 362 256
3755 1483 349 254
3755 1484 336 254
3755 1485 323 251
3755 1486 311 252
3755 1487 302 251
3755 1488 290 250
4218 1673 272 380
4218 1674 272 381
4218 1675 273 381
4218 1676 277 381
4218 1677 279 382
4218 1678 280 380
4218 1679 281 378
4218 1680 281 384
4218 1681 285 379
4218 1682 284 385
4218 1683 287 385
4218 1684 288 386
4218 1685 290 386
4218 1686 289 386
4218 1687 292 388
4218 1688 294 386
4218 1689 295 387
4218 1690 298 386
4218 1691 299 389
4218 1692 303 389
4218 1693 303 392
4218 1694 307 390
4218 1695 307 387
4218 1696 309 388
4218 1697 311 392
4218 1698 312 393
4218 1699 314 392
4218 1700 316 389
4218 1701 317 394
4218 1702 319 397
4218 1703 320 395
4218 1704 323 393
4218 1705 323 396
4218 1706 325 399
4218 1707 329 400
4218 1708 329 399
4218 1709 330 396
4218 1710 330 401
4218 1711 333 401
4218 1712 336 403
4218 1713 336 400
4218 1714 340 401
4218 1715 343 403
4218 1716 344 401
4218 1717 346 401
4218 1718 347 403
4218 1719 349 403
4218 1720 350 404
4218 1721 353 404
4218 1722 355 403
4218 1723 360 404
4218 1724 357 403
4218 1725 362 405
4218 1726 364 405
4218 1727 365 405
4218 1728 367 404
4218 1729 370 406
4218 1730 371 410
4218 1731 375 408
4218 1732 376 407
4218 1733 380 402
4218 1734 382 409
4218 1735 383 410
4218 1736 385 411
4218 1737 385 410
4218 1738 387 412
4218 1739 388 412
6420 2560 136 286
6420 2561 136 282
6420 2562 140 279
6420 2563 135 280
6420 2564 128 282
6420 2565 120 288
6420 2566 113 292
6420 2567 109 295
6420 2568 108 294
6420 2569 100 299
6420 2570 93 303
6420 2571 85 307
6420 2572 74 316
6420 2573 75 312
7258 2864 101 409
7258 2865 99 412
7258 2866 97 411
7258 2867 97 410
7258 2868 91 411
7258 2869 89 412
7258 2870 87 411
7258 2871 86 413
7258 2872 84 412
7258 2873 77 413
7258 2874 75 415
7258 2875 73 415
7258 2876 65 411
7258 2877 64 418
7258 2878 62 416
7258 2879 60 417
7258 2880 57 417
7258 2881 51 416
7258 2882 51 417
7258 2883 49 417
7258 2884 44 420
7258 2885 43 421
7258 2886 39 419
7258 2887 38 419
7258 2888 34 420
7258 2889 30 422
7258 2890 27 420
7258 2891 25 422
7258 2892 23 422
7258 2893 18 419
7258 2894 15 423
7258 2895 12 425
7258 2896 11 426
7258 2897 9 425
7332 2898 395 323
7332 2899 391 322
7332 2900 391 323
7332 2901 393 324
7332 2902 394 325
7332 2903 395 322
7332 2904 398 325
7332 2905 400 325
7332 2906 404 321
7332 2907 406 326
7332 2908 409 325
7332 2909 410 325
7332 2910 411 324
7332 2911 413 324
7332 2912 414 329
7332 2913 415 326
7332 2914 417 327
7332 2915 419 328
7332 2916 421 327
7332 2917 424 331
7332 2918 425 328
7332 2919 427 332
7332 2920 428 332
7332 2921 431 329
7332 2922 431 333
7332 2923 433 333
7332 2924 437 333
7332 2925 439 331
7332 2926 439 337
7332 2927 442 333
7332 2928 444 335
7332 2929 445 336
7332 2930 447 338
7332 2931 451 334
7332 2932 451 337
7332 2933 454 339
7332 2934 456 339
7332 2935 459 336
7332 2936 460 337
7332 2937 462 339
7332 2938 464 342
7332 2939 464 342
7360 2910 72 312
7360 2911 75 308
7360 2912 72 310
7360 2913 68 312
7360 2914 67 312
7360 2915 64 314
7360 2916 61 315
7360 2917 59 316
7360 2918 51 320
7360 2919 52 319
7360 2920 49 321
7360 2921 41 324
7360 2922 40 325
7360 2923 41 325
7360 2924 37 327
7360 2925 30 328
7360 2926 32 329
7360 2927 28 329
7360 2928 28 331
7360 2929 25 333
7360 2930 23 335
7360 2931 16 338
7360 2932 19 337
7360 2933 19 338
7360 2934 16 338
7360 2935 20 335
7360 2936 22 341
7422 2939 467 334
7422 2940 469 335
7422 2941 470 335
7422 2942 470 334
7422 2943 474 336
7422 2944 476 342
7422 2945 476 337
7422 2946 478 342
7422 2947 481 342
7422 2948 483 346
7422 2949 484 342
7422 2950 485 343
7422 2951 486 348
7422 2952 488 345
7422 2953 490 348
7422 2954 494 348
7422 2955 493 346
7422 2956 496 347
7422 2957 498 348
7422 2958 499 352
7422 2959 499 350
7422 2960 500 355
7422 2961 501 350
7422 2962 502 354
7422 2963 504 352
7422 2964 505 358
7422 2965 508 361
7422 2966 510 354
7422 2967 511 355
7422 2968 511 360
7422 2969 513 362
7422 2970 514 355
7422 2971 515 363
7422 2972 515 363
7422 2973 518 364
7422 2974 520 368
7422 2975 522 362
7422 2976 524 364
7422 2977 525 365
7422 2978 525 365
7531 2997 550 390
7531 2998 552 391
7531 2999 552 388
7531 3000 553 387
7531 3001 553 389
7531 3002 556 393
7531 3003 558 397
7531 3004 562 394
7531 3005 562 393
7531 3006 564 394
7531 3007 566 394
7531 3008 568 396
7531 3009 568 399
7531 3010 569 401
7531 3011 571 405
7531 3012 574 404
7531 3013 575 405
7531 3014 580 403
7531 3015 583 404
7531 3016 585 408
7531 3017 586 411
7531 3018 587 410
7531 3019 590 410
7531 3020 591 411
7531 3021 595 413
7531 3022 598 413
7531 3023 600 410
7531 3024 603 414
7531 3025 605 417
7531 3026 608 415
7658 3057 103 295
7658 3058 99 301
7658 3059 96 302
7658 3060 93 304
7658 3061 96 303
7658 3062 90 305
7658 3063 88 307
7658 3064 83 310
7658 3065 78 313
7658 3066 71 317
7658 3067 68 319
7658 3068 60 323
7658 3069 56 327
7658 3070 51 328
7658 3071 48 330
7658 3072 40 335
7658 3073 37 333
7658 3074 34 339
7658 3075 28 342
7658 3076 24 342
7658 3077 19 341
7669 3067 91 301
7669 3068 92 307
7669 3069 88 309
7669 3070 86 309
7669 3071 76 315
7669 3072 68 315
7669 3073 71 318
7669 3074 66 318
7669 3075 62 325
7669 3076 58 322
7669 3077 46 324
7669 3078 48 330
7669 3079 36 330
7669 3080 30 338
7669 3081 22 340
7669 3082 25 340
7669 3083 16 343
7669 3084 16 344
7669 3085 9 345
7669 3086 7 345
7669 3087 4 348
8389 3494 403 460
8389 3495 398 461
8389 3496 402 461
8389 3497 399 462
8389 3498 398 463
8389 3499 395 463
8389 3500 390 463
8389 3501 386 465
8389 3502 383 464
8389 3503 376 466
8389 3504 375 465
8389 3505 371 465
8389 3506 368 466
8389 3507 364 467
8389 3508 360 467
8389 3509 356 468
8389 3510 350 469
8389 3511 345 470
8389 3512 343 471
8389 3513 337 471
8389 3514 334 471
8389 3515 331 471
8389 3516 324 472
8389 3517 318 473
8389 3518 315 473
8389 3519 306 474
8389 3520 303 475
8389 3521 296 475
8389 3522 291 476
9606 4108 417 411
9606 4109 412 410
9606 4110 405 412
9606 4111 406 412
9606 4112 402 408
9606 4113 397 409
9606 4114 393 409
9606 4115 391 398
9606 4116 387 406
9606 4117 385 402
9606 4118 381 406
9606 4119 378 406
9606 4120 376 401
9606 4121 368 403
9606 4122 364 407
9606 4123 361 405
9606 4124 359 399
9606 4125 351 401
9606 4126 348 406
9606 4127 349 401
9606 4128 342 403
9606 4129 340 402
9606 4130 338 399
9606 4131 332 395
9606 4132 328 398
9606 4133 321 408
9606 4134 324 397
9606 4135 321 397
9606 4136 317 396
9606 4137 314 395
9606 4138 312 394
9606 4139 311 395
9606 4140 308 390
9606 4141 299 392
9606 4142 300 391
9606 4143 297 389
9606 4144 295 389
9606 4145 291 389
9606 4146 287 388
9606 4147 285 384
9606 4148 284 384
9606 4149 278 384
9606 4150 277 385
9606 4151 273 383
9606 4152 271 373
9606 4153 269 371
9606 4154 269 368
9606 4155 267 365
9606 4156 269 369
9606 4157 268 370
9606 4158 267 373
9606 4159 265 370
9606 4160 266 374
10054 4294 237 420
10054 4295 243 415
10054 4296 244 416
10054 4297 244 415
10054 4298 244 410
10054 4299 247 410
10054 4300 248 410
10054 4301 253 411
10054 4302 254 404
10054 4303 254 410
10054 4304 257 412
10054 4305 260 409
10054 4306 263 408
10054 4307 265 408
10054 4308 266 410
10054 4309 270 406
10054 4310 272 407
10054 4311 273 405
10054 4312 275 406
10054 4313 276 407
10054 4314 278 407
10054 4315 281 408
10054 4316 283 409
10054 4317 285 408
10054 4318 287 410
10054 4319 290 411
10054 4320 293 411
10054 4321 294 410
10054 4322 295 410
10054 4323 297 411
10054 4324 301 410
10054 4325 303 411
10054 4326 303 411
10054 4327 306 412
10054 4328 309 413
10054 4329 311 414
10054 4330 313 413
10054 4331 315 415
10054 4332 317 414
10054 4333 318 415
10054 4334 320 415
10054 4335 323 415
10054 4336 325 415
10054 4337 325 415
10054 4338 329 422
10054 4339 331 418
10054 4340 333 420
10054 4341 335 423
10054 4342 336 416
10054 4343 337 417
10054 4344 338 423
10054 4345 341 419
10054 4346 342 423
10054 4347 347 422
10054 4348 346 425
10054 4349 349 422
10054 4350 352 421
10054 4351 355 418
10054 4352 357 423
10054 4353 359 423
10054 4354 361 418
10054 4355 360 422
10054 4356 362 422
10054 4357 365 423
10054 4358 368 423
10054 4359 369 420
10054 4360 371 416
10541 4478 590 437
10541 4479 585 440
10541 4480 589 438
10541 4481 587 436
10541 4482 577 434
10541 4483 575 437
10541 4484 576 440
10541 4485 575 437
10541 4486 567 435
10541 4487 564 432
10541 4488 561 426
10541 4489 557 433
10541 4490 551 430
10541 4491 547 433
10541 4492 548 431
10541 4493 547 432
10541 4494 541 428
10541 4495 537 432
10541 4496 535 428
10541 4497 534 427
10541 4498 529 428
10541 4499 525 430
10541 4500 521 428
10541 4501 523 422
10541 4502 523 415
10541 4503 522 413
10541 4504 517 417
10541 4505 515 413
10541 4506 513 411
10541 4507 514 414
10541 4508 507 414
10936 4626 240 250
10936 4627 244 250
10936 4628 242 249
10936 4629 254 250
10936 4630 264 251
10936 4631 269 251
10936 4632 278 252
10936 4633 286 253
10936 4634 303 254
10936 4635 312 254
10936 4636 321 256
10936 4637 330 256
10936 4638 341 256
10936 4639 346 256
10936 4640 354 258
10936 4641 365 259
10936 4642 376 258
10936 4643 386 260
10936 4644 399 261
10936 4645 414 263
10936 4646 424 264
10936 4647 423 262
12169 5209 228 246
12169 5210 235 249
12169 5211 238 253
12169 5212 240 254
12169 5213 245 252
12169 5214 244 250
12169 5215 250 252
12169 5216 254 252
12169 5217 259 253
12169 5218 264 253
12169 5219 272 254
12169 5220 277 253
12169 5221 282 254
12169 5222 290 255
12169 5223 298 256
12169 5224 302 256
12169 5225 306 257
12169 5226 313 257
12169 5227 317 257
12169 5228 326 258
12169 5229 333 259
12169 5230 338 260
12169 5231 359 259
12169 5232 366 261
12169 5233 371 253
12228 5228 5 454
12228 5229 3 452
12228 5230 4 448
12228 5231 7 448
12228 5232 10 448
12228 5233 11 450
12228 5234 13 446
12228 5235 14 445
12228 5236 22 444
12228 5237 20 444
12228 5238 22 443
12228 5239 23 441
12228 5240 28 440
12228 5241 32 439
12228 5242 31 439
12228 5243 31 440
12228 5244 36 437
12228 5245 38 433
12228 5246 43 435
12228 5247 44 434
12228 5248 45 430
12228 5249 48 431
12228 5250 50 430
12228 5251 54 433
12228 5252 54 431
12228 5253 57 429
12228 5254 63 427
12228 5255 64 428
12228 5256 65 428
12228 5257 66 426
12228 5258 69 425
12228 5259 74 426
12228 5260 76 426
12228 5261 75 425
12599 5336 91 301
12599 5337 90 301
12599 5338 87 306
12599 5339 84 306
12599 5340 82 306
12599 5341 78 307
12599 5342 76 306
12599 5343 76 307
12599 5344 71 309
12599 5345 70 309
12599 5346 64 310
12599 5347 58 310
12599 5348 54 312
12599 5349 50 310
12599 5350 49 314
12599 5351 43 315
12599 5352 45 307
12599 5353 44 315
12599 5354 37 316
12599 5355 34 318
12599 5356 29 319
12599 5357 31 318
12599 5358 25 320
12599 5359 23 320
12599 5360 20 323
12599 5361 19 315
12599 5362 19 322
12599 5363 19 324
12599 5364 14 326
12599 5365 9 322
12599 5366 12 327
12599 5367 8 328
12602 5337 143 294
12602 5338 140 293
12602 5339 137 293
12602 5340 134 293
12602 5341 130 293
12602 5342 127 293
12602 5343 124 293
12602 5344 121 293
12602 5345 117 292
12602 5346 112 292
12602 5347 106 293
12602 5348 105 293
12602 5349 103 294
12602 5350 96 296
12602 5351 94 304
12602 5352 94 304
12602 5353 88 307
12602 5354 85 308
12602 5355 83 307
12602 5356 81 306
12602 5357 77 309
12602 5358 73 307
12602 5359 69 306
12602 5360 67 311
12602 5361 65 309
12602 5362 63 310
12602 5363 60 315
12602 5364 55 312
12602 5365 51 312
12602 5366 50 312
12602 5367 48 311
12704 5376 400 269
12704 5377 409 267
12704 5378 416 267
12704 5379 409 264
12704 5380 408 268
12704 5381 420 267
12704 5382 437 273
12704 5383 437 266
12704 5384 423 259
12704 5385 419 259
12704 5386 410 260
12704 5387 402 257
12704 5388 396 257
12704 5389 389 256
12704 5390 378 257
12704 5391 366 255
12704 5392 357 255
12704 5393 349 255
12704 5394 344 254
12704 5395 350 254
12856 5451 328 428
12856 5452 331 426
12856 5453 335 430
12856 5454 336 435
12856 5455 336 435
12856 5456 338 435
12856 5457 340 435
12856 5458 342 438
12856 5459 344 442
12856 5460 344 441
12856 5461 347 439
12856 5462 351 443
12856 5463 352 439
12856 5464 352 446
12856 5465 353 445
12856 5466 355 445
12856 5467 357 449
12856 5468 359 453
12856 5469 359 453
12856 5470 362 452
12856 5471 366 456
12856 5472 366 451
12856 5473 367 458
12856 5474 368 460
12856 5475 369 457
12856 5476 371 458
12856 5477 373 460
12856 5478 375 459
12856 5479 375 462
12856 5480 378 466
12856 5481 380 465
12856 5482 381 465
12856 5483 381 462
12856 5484 382 465
12856 5485 384 469
12856 5486 385 468
12856 5487 386 468
12856 5488 389 472
12856 5489 391 471
12856 5490 396 474
12856 5491 394 473
12856 5492 391 474
12889 5468 442 415
12889 5469 444 410
12889 5470 440 410
12889 5471 436 409
12889 5472 434 405
12889 5473 433 403
12889 5474 426 407
12889 5475 426 403
12889 5476 421 406
12889 5477 417 404
12889 5478 419 403
12889 5479 412 404
12889 5480 412 404
12889 5481 407 405
12889 5482 403 403
12889 5483 404 399
12889 5484 398 401
12889 5485 394 402
12889 5486 389 400
12889 5487 388 399
12889 5488 386 398
12889 5489 383 398
12889 5490 381 396
12889 5491 376 398
12889 5492 373 397
12889 5493 372 394
12889 5494 370 396
12889 5495 367 397
12889 5496 361 395
12889 5497 359 395
12889 5498 357 394
12889 5499 354 394
12889 5500 348 394
12889 5501 348 393
12889 5502 343 391
12889 5503 341 392
12889 5504 335 393
12889 5505 334 390
12889 5506 331 391
12889 5507 327 392
12889 5508 324 388
12889 5509 321 390
12889 5510 320 388
12889 5511 317 385
12889 5512 313 384
12889 5513 312 385
12889 5514 307 388
12889 5515 305 383
12889 5516 303 382
12889 5517 300 384
12889 5518 296 384
12889 5519 293 382
12889 5520 291 378
12889 5521 288 376
12889 5522 291 377
13734 5802 272 362
13734 5803 273 366
13734 5804 272 367
13734 5805 273 369
13734 5806 274 373
13734 5807 274 369
13734 5808 274 373
13734 5809 275 372
13734 5810 275 374
13734 5811 276 375
13734 5812 276 377
13734 5813 276 381
13734 5814 274 380
13734 5815 277 381
13734 5816 278 383
13734 5817 281 381
13734 5818 281 382
13734 5819 282 385
13734 5820 282 386
13734 5821 286 380
13734 5822 286 387
13734 5823 286 387
13734 5824 289 388
13734 5825 291 383
13734 5826 293 389
13734 5827 296 385
13734 5828 296 388
13734 5829 298 390
13734 5830 300 391
13734 5831 301 391
13734 5832 307 387
13734 5833 308 393
13734 5834 310 393
13734 5835 312 394
13734 5836 312 392
13734 5837 315 391
13734 5838 318 390
13734 5839 320 392
13734 5840 322 393
13734 5841 323 391
13734 5842 327 392
13734 5843 329 391
13734 5844 330 388
13734 5845 331 386
13734 5846 335 391
13734 5847 338 385
13734 5848 337 389
13734 5849 338 388
13734 5850 342 390
13734 5851 344 389
13734 5852 346 390
13734 5853 348 390
13734 5854 351 388
13734 5855 352 388
13734 5856 355 387
13734 5857 357 386
13734 5858 359 386
13734 5859 359 386
13734 5860 360 385
13734 5861 361 384
13734 5862 360 387
13734 5863 362 385
13734 5864 362 384
13734 5865 362 383
14326 6139 476 346
14326 6140 479 342
14326 6141 482 341
14326 6142 484 342
14326 6143 487 346
14326 6144 488 346
14326 6145 489 347
14326 6146 493 350
14326 6147 496 345
14326 6148 499 347
14326 6149 502 347
14326 6150 505 350
14326 6151 508 351
14326 6152 511 352
14326 6153 511 352
14326 6154 514 354
14326 6155 518 353
14326 6156 520 353
14326 6157 521 356
14326 6158 525 357
14326 6159 527 354
14326 6160 531 358
14326 6161 533 359
14326 6162 533 358
14326 6163 535 359
14326 6164 539 361
14326 6165 541 362
14326 6166 546 359
14326 6167 548 361
14326 6168 551 362
14326 6169 552 363
14326 6170 554 362
14326 6171 560 360
14326 6172 562 364
14326 6173 565 365
14326 6174 568 362
14326 6175 569 364
14326 6176 573 364
14326 6177 576 365
14326 6178 578 366
14326 6179 582 363
14326 6180 584 363
14326 6181 584 365
14326 6182 587 367
14326 6183 589 368
14326 6184 595 367
14326 6185 596 362
14326 6186 598 365
14326 6187 599 369
14326 6188 602 370
14326 6189 607 369
14326 6190 609 367
14326 6191 612 368
14326 6192 609 371
14326 6193 611 368
14326 6194 614 372
14326 6195 616 372
14326 6196 618 372
14326 6197 624 373
14326 6198 628 372
14326 6199 633 371
14326 6200 629 373
14326 6201 631 374
14326 6202 631 375
14326 6203 634 377
15055 6506 420 441
15055 6507 425 442
15055 6508 423 444
15055 6509 421 446
15055 6510 424 445
15055 6511 418 444
15055 6512 418 451
15055 6513 419 450
15055 6514 414 452
15055 6515 412 453
15055 6516 411 453
15055 6517 409 458
15055 6518 407 459
15055 6519 405 459
15055 6520 403 462
15055 6521 399 462
15055 6522 398 464
15055 6523 395 466
15055 6524 392 466
15055 6525 386 468
15055 6526 389 468
15055 6527 384 469
15055 6528 382 471
15055 6529 380 471
15055 6530 382 474
15055 6531 377 473
15055 6532 375 473
15055 6533 377 475
15055 6534 372 476
15131 6557 165 283
15131 6558 163 284
15131 6559 161 285
15131 6560 158 286
15131 6561 156 286
15131 6562 154 287
15131 6563 152 287
15131 6564 151 286
15131 6565 151 290
15131 6566 146 288
15131 6567 145 290
15131 6568 143 290
15131 6569 140 289
15131 6570 136 291
15131 6571 134 293
15131 6572 133 293
15131 6573 130 291
15131 6574 127 292
15131 6575 124 294
15131 6576 120 293
15131 6577 119 294
15131 6578 117 293
15131 6579 113 293
15131 6580 111 294
15131 6581 111 293
15131 6582 105 297
15131 6583 103 296
15131 6584 101 296
15131 6585 99 298
15131 6586 96 303
15131 6587 93 301
15131 6588 89 302
15131 6589 89 307
15584 6885 247 348
15584 6886 248 346
15584 6887 249 349
15584 6888 249 353
15584 6889 250 348
15584 6890 254 352
15584 6891 256 353
15584 6892 259 354
15584 6893 261 361
15584 6894 261 358
15584 6895 262 358
15584 6896 263 365
15584 6897 264 366
15584 6898 267 362
15584 6899 266 364
15584 6900 268 363
15584 6901 269 365
15584 6902 270 364
15584 6903 271 367
15584 6904 272 372
15584 6905 272 372
15584 6906 275 373
15584 6907 275 379
15584 6908 277 378
15584 6909 278 374
15584 6910 282 371
15584 6911 285 373
15584 6912 285 376
15584 6913 288 378
15584 6914 288 382
15584 6915 291 384
15584 6916 294 386
15994 7196 159 381
15994 7197 151 390
15994 7198 149 389
15994 7199 144 391
15994 7200 142 397
15994 7201 137 399
15994 7202 136 398
15994 7203 131 400
15994 7204 128 400
15994 7205 124 401
15994 7206 121 411
15994 7207 117 406
15994 7208 117 404
15994 7209 113 404
15994 7210 108 403
15994 7211 108 402
16250 7321 536 413
16250 7322 536 413
16250 7323 532 408
16250 7324 531 413
16250 7325 528 412
16250 7326 527 412
16250 7327 524 412
16250 7328 520 412
16250 7329 519 407
16250 7330 519 412
16250 7331 515 416
16250 7332 513 410
16250 7333 511 410
16250 7334 507 411
16250 7335 508 410
16250 7336 504 410
16250 7337 497 419
16250 7338 499 409
16250 7339 497 409
16250 7340 497 409
16250 7341 494 409
16250 7342 490 408
16250 7343 489 409
16250 7344 486 408
16250 7345 483 407
16250 7346 483 405
16250 7347 478 408
16250 7348 477 407
16250 7349 477 407
16250 7350 473 408
16250 7351 471 408
16250 7352 468 402
16250 7353 466 407
16250 7354 464 407
16250 7355 460 407
16250 7356 458 407
16250 7357 457 405
16250 7358 455 406
16250 7359 450 407
16250 7360 448 407
16250 7361 450 406
16250 7362 449 400
16720 7471 4 446
16720 7472 5 443
16720 7473 7 441
16720 7474 9 441
16720 7475 13 445
16720 7476 14 440
16720 7477 18 443
16720 7478 20 434
16720 7479 22 432
16720 7480 26 438
16720 7481 27 431
16720 7482 30 436
16720 7483 32 428
16720 7484 34 428
16720 7485 38 426
16720 7486 40 425
16720 7487 42 424
16720 7488 46 423
16720 7489 47 422
16720 7490 50 424
16720 7491 53 419
16720 7492 57 418
16720 7493 60 424
16720 7494 62 422
16720 7495 66 422
16720 7496 69 423
16720 7497 71 428
16720 7498 76 426
16720 7499 80 426
16720 7500 81 426
17039 7582 326 421
17039 7583 327 421
17039 7584 331 428
17039 7585 336 434
17039 7586 338 434
17039 7587 341 434
17039 7588 343 435
17039 7589 346 436
17039 7590 350 426
17039 7591 354 428
17039 7592 360 438
17039 7593 365 439
17039 7594 371 441
17039 7595 375 441
17039 7596 383 442
17039 7597 386 444
17039 7598 391 443
17039 7599 389 446
17285 7638 153 388
17285 7639 149 392
17285 7640 143 393
17285 7641 139 398
17285 7642 138 399
17285 7643 135 399
17285 7644 132 399
17285 7645 128 401
17285 7646 123 402
17285 7647 121 402
17285 7648 119 404
17285 7649 113 404
17285 7650 110 404
17285 7651 106 405
17285 7652 103 407
17285 7653 99 406
17285 7654 95 407
17285 7655 91 408
17285 7656 88 409
17285 7657 84 408
17285 7658 81 410
17285 7659 77 411
17285 7660 74 411
17285 7661 72 411
17285 7662 70 415
17285 7663 65 414
17285 7664 63 415
17285 7665 59 414
17285 7666 58 417
17285 7667 50 418
17285 7668 46 418
17285 7669 44 421
17285 7670 39 421
17285 7671 36 422
17285 7672 33 423
17285 7673 32 424
17285 7674 30 425
17285 7675 25 426
17285 7676 22 427
17285 7677 20 429
17285 7678 19 431
17285 7679 12 432
17285 7680 9 433
17285 7681 7 435
17285 7682 5 437
17285 7683 4 439
17285 7684 3 440
17486 7692 414 391
17486 7693 412 395
17486 7694 413 389
17486 7695 412 397
17486 7696 413 399
17486 7697 415 398
17486 7698 417 397
17486 7699 418 400
17486 7700 419 400
17486 7701 422 400
17486 7702 423 400
17486 7703 426 400
17486 7704 429 399
17486 7705 430 403
17486 7706 431 400
17486 7707 433 402
17486 7708 435 405
17486 7709 438 403
17486 7710 440 406
17486 7711 441 405
17486 7712 443 410
17486 7713 446 405
17486 7714 448 405
17486 7715 450 398
17486 7716 453 400
17486 7717 454 407
17486 7718 458 408
17486 7719 460 409
17486 7720 455 415
17486 7721 460 407
17486 7722 461 415
17486 7723 466 409
17486 7724 469 410
17486 7725 471 409
17486 7726 476 408
17486 7727 477 407
17501 7697 192 476
17501 7698 196 475
17501 7699 197 471
17501 7700 201 468
17501 7701 200 466
17501 7702 203 470
17501 7703 206 464
17501 7704 208 465
17501 7705 210 465
17501 7706 215 461
17501 7707 218 459
17501 7708 220 458
17501 7709 224 457
17501 7710 226 455
17501 7711 229 455
17501 7712 230 457
17501 7713 232 453
17501 7714 233 452
17501 7715 236 445
17501 7716 237 443
17501 7717 240 448
17501 7718 244 454
17547 7716 152 390
17547 7717 149 390
17547 7718 147 391
17547 7719 147 392
17547 7720 146 392
17547 7721 142 400
17547 7722 140 402
17547 7723 139 400
17547 7724 135 400
17547 7725 132 404
17547 7726 130 398
17547 7727 129 404
17547 7728 128 402
17547 7729 127 405
17547 7730 122 406
17547 7731 121 406
17547 7732 118 405
17547 7733 116 405
17547 7734 114 404
17547 7735 111 407
17547 7736 113 408
17547 7737 109 408
17547 7738 105 410
17547 7739 104 411
17547 7740 100 414
17547 7741 99 413
17547 7742 96 412
17547 7743 93 413
17547 7744 91 416
17547 7745 90 412
17547 7746 88 417
17547 7747 88 417
17547 7748 85 416
17547 7749 81 418
17547 7750 81 414
17547 7751 77 420
17547 7752 73 419
17547 7753 78 417
17547 7754 85 412
17547 7755 81 412
17547 7756 77 413
17547 7757 69 416
17547 7758 65 422
17547 7759 68 421
17547 7760 63 422
17547 7761 61 420
17547 7762 58 422
17547 7763 57 428
17547 7764 53 425
17547 7765 52 425
17547 7766 48 424
17547 7767 52 425
17547 7768 46 426
17547 7769 43 427
17547 7770 41 422
17547 7771 40 428
17547 7772 39 428
17547 7773 33 430
17547 7774 29 431
17547 7775 27 436
17547 7776 27 432
17547 7777 27 430
17547 7778 23 432
17547 7779 19 436
17547 7780 18 435
17547 7781 15 434
17547 7782 10 437
17547 7783 8 443
17547 7784 8 439
17547 7785 7 438
17547 7786 6 438
17547 7787 4 436
17547 7788 3 442
17547 7789 3 435
17646 7747 237 254
17646 7748 241 251
17646 7749 256 254
17646 7750 264 254
17646 7751 276 255
17646 7752 293 257
17646 7753 304 257
17646 7754 316 258
17646 7755 329 260
17646 7756 342 261
17646 7757 358 262
17646 7758 367 262
17646 7759 380 264
17646 7760 394 265
17646 7761 404 265
17646 7762 419 266
17646 7763 420 268
17646 7764 393 272
17646 7765 394 273
17646 7766 397 274
17646 7767 395 273
17646 7768 396 276
18097 7935 60 313
18097 7936 64 308
18097 7937 59 311
18097 7938 55 313
18097 7939 51 314
18097 7940 49 315
18097 7941 42 320
18097 7942 35 323
18097 7943 31 325
18097 7944 26 329
18097 7945 22 333
18097 7946 20 334
18097 7947 15 336
18097 7948 16 336
18097 7949 8 339
18097 7950 8 341
18728 8215 3 315
18728 8216 3 310
18728 8217 6 311
18728 8218 8 310
18728 8219 13 310
18728 8220 14 311
18728 8221 15 311
18728 8222 20 309
18728 8223 22 311
18728 8224 25 312
18728 8225 26 312
18728 8226 31 309
18728 8227 33 313
18728 8228 35 314
18728 8229 38 312
18728 8230 42 311
18728 8231 42 312
18728 8232 48 311
18728 8233 51 309
18728 8234 52 312
18728 8235 53 309
18728 8236 57 309
18728 8237 61 309
18728 8238 61 309
18728 8239 65 306
18728 8240 69 305
18728 8241 69 306
18728 8242 71 305
18728 8243 75 304
18728 8244 77 304
18728 8245 79 304
18728 8246 81 299
18728 8247 85 302
18728 8248 85 302
18728 8249 87 302
18728 8250 92 300
18728 8251 94 300
18728 8252 96 300
18728 8253 98 299
18728 8254 101 298
18728 8255 103 298
18728 8256 105 294
18728 8257 108 294
18728 8258 108 294
18728 8259 110 293
18728 8260 114 293
18728 8261 117 292
18728 8262 121 292
18728 8263 122 293
18728 8264 124 293
18728 8265 126 292
18728 8266 130 294
18728 8267 132 294
18728 8268 134 291
18728 8269 136 290
18728 8270 138 291
18728 8271 141 290
18728 8272 142 290
18728 8273 144 290
18728 8274 151 294
18728 8275 149 289
18728 8276 150 289
18728 8277 155 288
18728 8278 156 287
18728 8279 158 287
18728 8280 160 287
18728 8281 161 285
18728 8282 164 282
18728 8283 166 282
18728 8284 169 281
18728 8285 171 281
18728 8286 172 281
18728 8287 176 279
18728 8288 177 281
18728 8289 178 281
18728 8290 181 280
18728 8291 185 280
18728 8292 187 280
18728 8293 189 279
18728 8294 192 284
18728 8295 192 278
18728 8296 195 278
18728 8297 194 278
18819 8248 271 291
18819 8249 270 290
18819 8250 274 290
18819 8251 276 290
18819 8252 276 289
18819 8253 280 288
18819 8254 282 288
18819 8255 283 288
18819 8256 286 286
18819 8257 288 290
18819 8258 289 288
18819 8259 290 286
18819 8260 293 286
18819 8261 297 285
18819 8262 300 285
18819 8263 299 283
18819 8264 300 280
18819 8265 304 283
18819 8266 305 281
18819 8267 304 280
18819 8268 309 281
18819 8269 310 282
18819 8270 312 281
18819 8271 314 280
18819 8272 315 283
18819 8273 317 280
18819 8274 320 279
18819 8275 321 279
18819 8276 322 278
18819 8277 326 277
18819 8278 327 277
18819 8279 330 278
18819 8280 331 277
18819 8281 330 276
18819 8282 334 277
18819 8283 335 275
18819 8284 337 275
18819 8285 340 271
18819 8286 341 273
18819 8287 342 274
18819 8288 340 276
18819 8289 343 273
18819 8290 346 272
18819 8291 348 272
18819 8292 350 271
18819 8293 353 271
18819 8294 353 274
18819 8295 354 269
18819 8296 357 271
18819 8297 357 267
18819 8298 356 269
18819 8299 360 269
18819 8300 362 267
18819 8301 363 267
18819 8302 364 268
18819 8303 366 267
20066 8675 44 398
20066 8676 43 395
20066 8677 46 393
20066 8678 50 393
20066 8679 53 393
20066 8680 56 392
20066 8681 58 393
20066 8682 63 393
20066 8683 64 392
20066 8684 68 393
20066 8685 73 397
20066 8686 76 394
20066 8687 78 397
20066 8688 81 398
20066 8689 84 394
20066 8690 86 395
20066 8691 91 396
20066 8692 95 398
20066 8693 97 398
20066 8694 102 401
20066 8695 105 401
20066 8696 108 399
20066 8697 112 401
20066 8698 115 399
20066 8699 119 401
20066 8700 121 402
20066 8701 127 402
20066 8702 132 401
20066 8703 134 401
20066 8704 135 400
20066 8705 140 404
20066 8706 143 401
20066 8707 148 404
20066 8708 153 403
20066 8709 155 403
20066 8710 159 403
20066 8711 164 403
20066 8712 169 403
20066 8713 172 403
20066 8714 176 404
20066 8715 180 405
20066 8716 183 406
20066 8717 187 403
20066 8718 191 404
20066 8719 193 406
20066 8720 197 405
20066 8721 199 407
20066 8722 203 407
20066 8723 209 410
20066 8724 214 407
20066 8725 217 406
20066 8726 221 410
20066 8727 226 407
20066 8728 230 408
20066 8729 233 410
20066 8730 236 411
20066 8731 241 412
20066 8732 244 409
20066 8733 249 408
20066 8734 250 410
20066 8735 254 412
20066 8736 258 411
20066 8737 262 411
20066 8738 266 409
20066 8739 271 408
20066 8740 277 409
20066 8741 280 411
20066 8742 284 410
20066 8743 290 411
20066 8744 291 411
20066 8745 295 411
20066 8746 301 412
20066 8747 305 412
20066 8748 307 412
20066 8749 311 413
20066 8750 316 414
20066 8751 319 413
20066 8752 326 413
20066 8753 331 414
20066 8754 336 417
20066 8755 338 416
20066 8756 343 419
20066 8757 345 415
20066 8758 349 416
20066 8759 347 412
20345 8759 358 414
20345 8760 359 414
20345 8761 362 412
20345 8762 367 416
20345 8763 371 414
20345 8764 374 414
20345 8765 376 415
20345 8766 379 414
20345 8767 382 415
20345 8768 387 414
20345 8769 391 415
20345 8770 396 416
20345 8771 399 413
20345 8772 402 413
20345 8773 407 414
20345 8774 414 414
20345 8775 420 414
20345 8776 421 414
20345 8777 424 416
20345 8778 429 415
20345 8779 432 417
20345 8780 437 415
20345 8781 441 417
20345 8782 444 417
20345 8783 448 421
20345 8784 452 418
20345 8785 458 423
20345 8786 461 420
20345 8787 464 420
20345 8788 467 420
20345 8789 471 420
20345 8790 474 424
20345 8791 480 420
20345 8792 485 420
20345 8793 487 420
20345 8794 490 420
20345 8795 493 422
20345 8796 499 421
20345 8797 503 423
20345 8798 507 422
20345 8799 511 422
20345 8800 514 423
20345 8801 519 422
20345 8802 522 422
20345 8803 524 424
20345 8804 528 423
20345 8805 533 423
20345 8806 537 424
20345 8807 540 424
20345 8808 542 424
20345 8809 547 424
20345 8810 551 423
20345 8811 555 425
20345 8812 558 424
20345 8813 560 424
20345 8814 564 425
20345 8815 569 425
20345 8816 574 424
20345 8817 577 423
20345 8818 579 425
20345 8819 583 425
20345 8820 587 425
20345 8821 589 425
20345 8822 591 427
20345 8823 595 426
20345 8824 599 427
20345 8825 603 426
20345 8826 607 426
20345 8827 608 425
20345 8828 614 432
20345 8829 612 426
20445 8789 266 415
20445 8790 264 416
20445 8791 259 423
20445 8792 257 419
20445 8793 255 421
20445 8794 252 422
20445 8795 250 421
20445 8796 250 422
20445 8797 246 418
20445 8798 244 420
20445 8799 238 421
20445 8800 237 419
20445 8801 237 419
20445 8802 233 419
20445 8803 231 419
20445 8804 226 419
20445 8805 224 419
20445 8806 223 418
20445 8807 220 417
20445 8808 218 418
20445 8809 213 418
20445 8810 211 417
20445 8811 210 417
20445 8812 207 416
20445 8813 204 410
20445 8814 201 415
20445 8815 200 415
20445 8816 199 415
20445 8817 196 415
20445 8818 193 415
20445 8819 190 415
20445 8820 190 414
20445 8821 190 414
20445 8822 187 413
20445 8823 184 412
20445 8824 179 413
20445 8825 179 412
20445 8826 179 413
20445 8827 177 412
20445 8828 175 413
20445 8829 171 407
20445 8830 168 412
20445 8831 168 410
20445 8832 167 412
20445 8833 163 407
20445 8834 161 413
20445 8835 157 412
20445 8836 159 409
20445 8837 158 412
20445 8838 154 406
20445 8839 153 406
20445 8840 153 407
20445 8841 151 407
20445 8842 150 407
20727 8920 403 269
20727 8921 405 269
20727 8922 406 271
20727 8923 408 276
20727 8924 403 265
20727 8925 393 258
20727 8926 385 263
20727 8927 366 255
20727 8928 355 255
20727 8929 339 255
20727 8930 341 250
20727 8931 333 253
20901 8969 251 403
20901 8970 250 412
20901 8971 251 407
20901 8972 252 414
20901 8973 254 414
20901 8974 257 415
20901 8975 258 414
20901 8976 261 414
20901 8977 267 410
20901 8978 270 409
20901 8979 274 408
20901 8980 278 408
20901 8981 283 409
20901 8982 287 409
20901 8983 291 410
20901 8984 297 409
20901 8985 302 408
20901 8986 305 408
20901 8987 310 411
20901 8988 310 409
20901 8989 317 413
20901 8990 321 413
20901 8991 329 417
20901 8992 333 423
20901 8993 334 416
20901 8994 340 421
20901 8995 344 429
20901 8996 341 423
20901 8997 335 427
21318 9098 431 261
21318 9099 425 260
21318 9100 414 260
21318 9101 399 258
21318 9102 384 257
21318 9103 376 255
21318 9104 366 257
21318 9105 356 254
21318 9106 349 254
21318 9107 339 254
21318 9108 326 253
21318 9109 314 251
21318 9110 307 251
21318 9111 295 251
21318 9112 282 248
21318 9113 275 248
21318 9114 276 249
21479 9163 4 338
21479 9164 4 337
21479 9165 6 337
21479 9166 7 331
21479 9167 7 334
21479 9168 7 333
21479 9169 8 328
21479 9170 9 327
21479 9171 5 327
21479 9172 10 329
21479 9173 13 327
21479 9174 10 322
21479 9175 12 325
21479 9176 14 324
21479 9177 13 321
21479 9178 16 324
21479 9179 18 323
21479 9180 21 323
21479 9181 19 319
21479 9182 22 320
21479 9183 23 316
21479 9184 25 319
21479 9185 26 316
21479 9186 25 315
21479 9187 29 319
21479 9188 31 317
21479 9189 33 317
21479 9190 33 317
21479 9191 31 312
21479 9192 33 312
21479 9193 35 310
21479 9194 35 309
21479 9195 39 308
21479 9196 39 310
21479 9197 40 308
21479 9198 41 308
21479 9199 42 307
21479 9200 44 308
21479 9201 47 309
21479 9202 46 302
21479 9203 47 303
21479 9204 51 299
21479 9205 51 306
21479 9206 54 302
21479 9207 51 299
21479 9208 53 300
21479 9209 57 301
21479 9210 57 301
21479 9211 57 301
21479 9212 58 301
21479 9213 61 303
21479 9214 63 302
21479 9215 64 299
21479 9216 62 297
21479 9217 62 293
21479 9218 63 297
21479 9219 65 295
21479 9220 69 298
21479 9221 67 300
21479 9222 71 297
21562 9192 208 387
21562 9193 205 388
21562 9194 202 392
21562 9195 201 388
21562 9196 198 389
21562 9197 196 387
21562 9198 194 388
21562 9199 191 390
21562 9200 187 389
21562 9201 184 388
21562 9202 182 388
21562 9203 180 396
21562 9204 179 395
21562 9205 177 396
21562 9206 172 392
21562 9207 169 388
21562 9208 169 397
21562 9209 168 399
21562 9210 163 400
21562 9211 159 400
21562 9212 157 404
21562 9213 155 406
21562 9214 152 403
21562 9215 149 404
21562 9216 147 404
21562 9217 147 412
21562 9218 141 405
21562 9219 137 403
21562 9220 133 408
21562 9221 132 408
22300 9436 152 296
22300 9437 155 296
22300 9438 156 297
22300 9439 156 297
22300 9440 157 296
22300 9441 162 300
22300 9442 160 297
22300 9443 161 300
22300 9444 163 299
22300 9445 164 300
22300 9446 167 298
22300 9447 166 300
22300 9448 168 302
22300 9449 170 303
22300 9450 170 303
22300 9451 172 302
22300 9452 174 302
22300 9453 175 306
22300 9454 175 302
22300 9455 176 302
22300 9456 177 304
22300 9457 178 306
22300 9458 180 307
22300 9459 182 307
22300 9460 183 306
22300 9461 185 305
22300 9462 185 306
22300 9463 187 309
22300 9464 188 310
22300 9465 190 311
22300 9466 189 307
22300 9467 191 307
22300 9468 192 308
22300 9469 194 308
22300 9470 196 312
22300 9471 197 311
22300 9472 198 313
22300 9473 199 310
22300 9474 199 312
22300 9475 202 314
22300 9476 204 313
22300 9477 203 310
22300 9478 205 313
22300 9479 207 316
22300 9480 206 316
22300 9481 208 314
22300 9482 209 315
22300 9483 212 316
22300 9484 214 316
22300 9485 214 316
22300 9486 217 318
22300 9487 218 319
22300 9488 221 318
22300 9489 219 321
22300 9490 220 319
22300 9491 223 320
22300 9492 225 319
22300 9493 227 321
22300 9494 228 321
22300 9495 229 321
22300 9496 229 322
22300 9497 230 322
22300 9498 232 323
22300 9499 234 323
22300 9500 236 324
22300 9501 236 326
22300 9502 238 326
22300 9503 240 326
22300 9504 240 326
22300 9505 241 326
22300 9506 242 335
22300 9507 246 336
22300 9508 246 332
22300 9509 247 326
22300 9510 248 337
22300 9511 248 335
22300 9512 249 336
22300 9513 250 339
22300 9514 252 340
22300 9515 253 338
22300 9516 255 339
22300 9517 254 341
22300 9518 256 342
22300 9519 257 343
22300 9520 259 342
22300 9521 258 344
22300 9522 258 346
22300 9523 260 343
22300 9524 262 347
22338 9449 232 295
22338 9450 233 297
22338 9451 234 304
22338 9452 236 301
22338 9453 237 303
22338 9454 239 301
22338 9455 240 303
22338 9456 242 300
22338 9457 243 302
22338 9458 245 305
22338 9459 248 305
22338 9460 249 303
22338 9461 251 301
22338 9462 251 307
22338 9463 253 303
22338 9464 255 307
22338 9465 258 307
22338 9466 258 310
22338 9467 259 308
22338 9468 261 308
22338 9469 263 308
22338 9470 267 308
22338 9471 269 311
22338 9472 268 311
22338 9473 271 311
22338 9474 271 312
22338 9475 274 310
22338 9476 276 312
22338 9477 278 314
22338 9478 281 313
22338 9479 281 314
22338 9480 283 313
22338 9481 285 314
22338 9482 288 314
22338 9483 291 315
22338 9484 293 315
22338 9485 296 316
22338 9486 296 317
22338 9487 298 315
22338 9488 299 316
22338 9489 302 317
22338 9490 306 318
22338 9491 307 317
22338 9492 310 318
22338 9493 311 320
22338 9494 313 319
22338 9495 312 319
22338 9496 315 322
22338 9497 317 320
22338 9498 320 321
22338 9499 321 321
22338 9500 323 321
22338 9501 326 323
22338 9502 327 324
22338 9503 329 322
22338 9504 330 324
22338 9505 333 325
22338 9506 336 324
22338 9507 338 325
22338 9508 340 325
22338 9509 341 326
22338 9510 344 327
22338 9511 344 327
22338 9512 350 333
22338 9513 347 333
22338 9514 354 330
22338 9515 356 331
22338 9516 356 330
22338 9517 357 330
22338 9518 360 330
22338 9519 365 331
22338 9520 367 332
22338 9521 369 331
22338 9522 369 331
22338 9523 373 333
22338 9524 375 333
22338 9525 378 333
22338 9526 379 333
22338 9527 380 333
22691 9525 107 389
22691 9526 106 383
22691 9527 106 380
22691 9528 103 380
22691 9529 104 384
22691 9530 101 386
22691 9531 99 383
22691 9532 97 378
22691 9533 95 378
22691 9534 93 382
22691 9535 90 376
22691 9536 88 380
22691 9537 88 381
22691 9538 84 379
22691 9539 81 379
22691 9540 81 376
22691 9541 78 375
22691 9542 77 375
22691 9543 73 375
22691 9544 72 376
22691 9545 69 373
22691 9546 67 375
22691 9547 67 379
22691 9548 63 373
22691 9549 64 373
22691 9550 60 372
22691 9551 59 374
22691 9552 57 369
22691 9553 54 368
22691 9554 53 367
22691 9555 50 367
22691 9556 51 366
22691 9557 50 365
22691 9558 46 365
22691 9559 42 362
22780 9547 269 369
22780 9548 273 369
22780 9549 270 369
22780 9550 271 371
22780 9551 276 371
22780 9552 271 373
22780 9553 273 372
22780 9554 273 374
22780 9555 274 374
22780 9556 274 373
22780 9557 276 379
22780 9558 278 377
22780 9559 279 376
22780 9560 279 375
22780 9561 280 382
22780 9562 281 381
22780 9563 283 385
22780 9564 284 381
22780 9565 287 385
22780 9566 287 382
22780 9567 287 386
22780 9568 290 385
22780 9569 292 389
22780 9570 294 387
22780 9571 295 388
22780 9572 295 391
22780 9573 298 393
22780 9574 302 393
22780 9575 304 391
22780 9576 307 396
22780 9577 310 397
22780 9578 311 396
22780 9579 314 394
22780 9580 315 399
22780 9581 319 400
22780 9582 320 399
22780 9583 322 400
22780 9584 327 402
22780 9585 331 403
22780 9586 332 402
22780 9587 335 397
22780 9588 337 398
23445 9730 510 387
23445 9731 507 382
23445 9732 506 381
23445 9733 504 383
23445 9734 502 385
23445 9735 500 385
23445 9736 499 385
23445 9737 497 388
23445 9738 495 388
23445 9739 493 388
23445 9740 491 388
23445 9741 490 386
23445 9742 487 390
23445 9743 484 388
23445 9744 483 391
23445 9745 482 392
23445 9746 480 393
23445 9747 478 394
23445 9748 475 396
23445 9749 473 397
23445 9750 472 394
23445 9751 469 397
23445 9752 467 401
23445 9753 466 400
23445 9754 464 401
23445 9755 461 402
23445 9756 460 402
23445 9757 457 402
23445 9758 454 403
23445 9759 450 400
23445 9760 448 402
23445 9761 446 404
23445 9762 442 404
23445 9763 440 404
23445 9764 438 405
23445 9765 436 405
23445 9766 431 406
23445 9767 428 403
23445 9768 424 407
23445 9769 424 407
23445 9770 420 407
23445 9771 416 407
23445 9772 412 409
23445 9773 409 409
23445 9774 407 411
23445 9775 403 408
23445 9776 398 411
23445 9777 396 408
23445 9778 392 408
23445 9779 390 402
23445 9780 387 408
23445 9781 383 408
23445 9782 380 408
23445 9783 375 410
23445 9784 371 409
23445 9785 368 409
23445 9786 366 409
23445 9787 362 410
23445 9788 358 408
23445 9789 355 408
23445 9790 353 409
23445 9791 349 410
23445 9792 345 408
23445 9793 342 408
23445 9794 337 407
23445 9795 333 407
23445 9796 332 408
23445 9797 329 407
23445 9798 324 406
23445 9799 320 406
23445 9800 318 406
23445 9801 316 406
23445 9802 315 403
23577 9802 310 401
23577 9803 312 402
23577 9804 304 405
23577 9805 303 404
23577 9806 302 404
23577 9807 298 404
23577 9808 293 404
23577 9809 293 403
23577 9810 288 400
23577 9811 284 400
23577 9812 280 401
23577 9813 279 401
23577 9814 275 400
23577 9815 270 401
23577 9816 269 401
23577 9817 267 403
23577 9818 265 402
23577 9819 259 401
23577 9820 254 402
23577 9821 254 401
23577 9822 252 401
23577 9823 245 401
23577 9824 243 402
23577 9825 241 402
23577 9826 238 399
23577 9827 232 401
23577 9828 229 401
23577 9829 229 399
23577 9830 226 400
23577 9831 223 393
23577 9832 218 399
23577 9833 215 400
23577 9834 213 400
23577 9835 209 400
23577 9836 206 399
23577 9837 203 400
23577 9838 201 401
23577 9839 197 401
23577 9840 193 400
23577 9841 190 400
23577 9842 186 400
23577 9843 182 395
23577 9844 180 401
23577 9845 177 402
23577 9846 175 401
23577 9847 171 401
23577 9848 169 398
23577 9849 166 402
23577 9850 164 402
23577 9851 160 401
23577 9852 156 402
23577 9853 155 403
23577 9854 150 404
23577 9855 146 405
23577 9856 143 405
23577 9857 141 406
23577 9858 136 406
23577 9859 134 407
23577 9860 131 407
23577 9861 127 407
23577 9862 125 407
23577 9863 122 408
23577 9864 119 407
23577 9865 117 408
23577 9866 112 408
23577 9867 112 408
23577 9868 106 407
23577 9869 104 409
23577 9870 99 411
23577 9871 97 410
23577 9872 95 414
23577 9873 93 414
23577 9874 87 411
23577 9875 86 415
23577 9876 83 415
23577 9877 80 415
23577 9878 75 411
23577 9879 72 414
23577 9880 70 418
23577 9881 65 419
23577 9882 62 416
23577 9883 61 419
23577 9884 59 420
23577 9885 54 421
23577 9886 51 422
23577 9887 46 415
23577 9888 45 422
23577 9889 43 422
23577 9890 40 423
23577 9891 35 423
23577 9892 32 423
23577 9893 28 424
23577 9894 24 425
23577 9895 20 424
23577 9896 18 424
23577 9897 18 426
23577 9898 13 421
23577 9899 10 427
23577 9900 7 427
23577 9901 6 428
23577 9902 5 431
24186 10019 587 466
24186 10020 588 465
24186 10021 581 466
24186 10022 581 463
24186 10023 575 466
24186 10024 574 461
24186 10025 570 465
24186 10026 569 464
24186 10027 568 458
24186 10028 563 462
24186 10029 561 462
24186 10030 558 462
24186 10031 556 459
24186 10032 550 459
24186 10033 550 459
24186 10034 546 457
24186 10035 546 451
24186 10036 542 455
24186 10037 539 455
24186 10038 536 455
24186 10039 531 453
24186 10040 528 452
24186 10041 527 452
24186 10042 524 450
24186 10043 524 445
24186 10044 519 450
24186 10045 516 450
24186 10046 509 449
24186 10047 511 449
24186 10048 508 447
24186 10049 504 446
24186 10050 502 444
24186 10051 499 444
24186 10052 496 443
24186 10053 495 445
24186 10054 493 440
24186 10055 490 441
24186 10056 486 437
24186 10057 484 438
24186 10058 482 438
24186 10059 478 435
24186 10060 475 439
24186 10061 473 433
24186 10062 471 432
24186 10063 470 432
24186 10064 466 430
24186 10065 465 427
24186 10066 463 429
24186 10067 460 425
24186 10068 458 428
24186 10069 457 430
24186 10070 455 423
24186 10071 455 424
24186 10072 457 419
24186 10073 453 422
24186 10074 454 418
25019 10374 314 254
25019 10375 311 257
25019 10376 323 258
25019 10377 334 259
25019 10378 343 259
25019 10379 352 261
25019 10380 365 262
25019 10381 375 262
25019 10382 385 265
25019 10383 397 267
25019 10384 412 267
25019 10385 420 265
25019 10386 429 266
25019 10387 439 267
25049 10390 585 450
25049 10391 585 444
25049 10392 582 441
25049 10393 580 443
25049 10394 576 444
25049 10395 573 442
25049 10396 570 443
25049 10397 569 446
25049 10398 565 442
25049 10399 560 443
25049 10400 557 442
25049 10401 557 443
25049 10402 554 443
25049 10403 548 443
25049 10404 544 442
25049 10405 543 441
25049 10406 541 442
25049 10407 535 442
25049 10408 530 442
25049 10409 529 443
25049 10410 526 442
25049 10411 522 442
25049 10412 517 441
25049 10413 515 442
25049 10414 512 441
25049 10415 510 441
25049 10416 503 440
25049 10417 502 441
25049 10418 498 442
25049 10419 495 440
25049 10420 492 440
25049 10421 489 440
25049 10422 486 445
25049 10423 481 440
25049 10424 476 440
25049 10425 472 440
25049 10426 471 445
25049 10427 466 442
25049 10428 461 444
25049 10429 459 446
25049 10430 459 443
25049 10431 455 444
25049 10432 452 443
25049 10433 447 444
25049 10434 443 446
25049 10435 439 445
25049 10436 435 449
25049 10437 432 449
25049 10438 431 448
25049 10439 428 448
25049 10440 423 451
25049 10441 420 456
25049 10442 420 452
25049 10443 417 455
25049 10444 414 460
25049 10445 410 459
25049 10446 408 463
25049 10447 404 461
25049 10448 404 464
25049 10449 401 462
25049 10450 399 463
25049 10451 397 464
25049 10452 394 465
25049 10453 391 467
25049 10454 389 467
25049 10455 387 471
25049 10456 384 470
25049 10457 383 469
25049 10458 379 470
25049 10459 375 473
25049 10460 374 472
25049 10461 374 473
25049 10462 372 475
25049 10463 369 475
25049 10464 366 475
25673 10651 500 364
25673 10652 500 368
25673 10653 500 370
25673 10654 502 372
25673 10655 501 372
25673 10656 500 375
25673 10657 502 377
25673 10658 507 375
25673 10659 508 384
25673 10660 509 380
25673 10661 508 381
25673 10662 512 377
25673 10663 515 386
25673 10664 515 384
25673 10665 518 380
25673 10666 514 386
25673 10667 518 389
25673 10668 521 384
25673 10669 524 393
25673 10670 525 386
25673 10671 523 393
25673 10672 529 386
25673 10673 532 389
25673 10674 533 394
25673 10675 533 397
25673 10676 535 398
25673 10677 541 394
25673 10678 542 392
25673 10679 543 395
25673 10680 543 398
25673 10681 546 394
26141 10834 253 250
26141 10835 257 251
26141 10836 268 251
26141 10837 275 251
26141 10838 285 253
26141 10839 294 254
26141 10840 305 254
26141 10841 312 255
26141 10842 315 254
26141 10843 325 256
26141 10844 338 256
26141 10845 345 256
26141 10846 349 258
26141 10847 364 256
26141 10848 375 259
26141 10849 378 256
26141 10850 387 258
26141 10851 398 260
26141 10852 410 262
26141 10853 410 270
26655 11054 482 456
26655 11055 479 460
26655 11056 477 460
26655 11057 474 460
26655 11058 465 462
26655 11059 463 457
26655 11060 462 457
26655 11061 460 452
26655 11062 457 450
26655 11063 456 450
26655 11064 452 451
26655 11065 449 450
26655 11066 442 452
26655 11067 444 447
26655 11068 438 452
26655 11069 437 451
26655 11070 433 449
26655 11071 430 451
26655 11072 425 450
26655 11073 422 449
26655 11074 415 450
26655 11075 415 445
26655 11076 412 446
26655 11077 413 442
26655 11078 408 445
26655 11079 405 447
26655 11080 404 445
26655 11081 401 444
26655 11082 397 444
26655 11083 393 443
26655 11084 392 441
26655 11085 391 435
26655 11086 385 440
26655 11087 381 440
26655 11088 379 441
26655 11089 378 439
26655 11090 372 439
26655 11091 372 434
26655 11092 368 438
26655 11093 367 436
27027 11180 440 266
27027 11181 435 265
27027 11182 446 266
27027 11183 451 267
27027 11184 450 276
27027 11185 456 265
27027 11186 440 261
27027 11187 432 260
27027 11188 421 260
27027 11189 407 259
27027 11190 391 257
27027 11191 375 255
27027 11192 384 262
27142 11226 480 393
27142 11227 475 399
27142 11228 472 406
27142 11229 470 406
27142 11230 467 403
27142 11231 463 408
27142 11232 460 409
27142 11233 458 408
27142 11234 453 410
27142 11235 448 410
27142 11236 447 411
27142 11237 441 412
27142 11238 437 413
27142 11239 435 407
27142 11240 435 413
27142 11241 431 413
27142 11242 426 414
27142 11243 422 415
27142 11244 415 412
27142 11245 415 406
27142 11246 412 412
27142 11247 412 414
27142 11248 403 414
27142 11249 395 416
27142 11250 394 416
27142 11251 394 417
27142 11252 396 423
27465 11318 121 415
27465 11319 121 412
27465 11320 117 413
27465 11321 112 413
27465 11322 109 414
27465 11323 104 415
27465 11324 100 416
27465 11325 97 418
27465 11326 95 418
27465 11327 91 420
27465 11328 85 422
27465 11329 82 425
27465 11330 79 420
27465 11331 75 424
27465 11332 72 424
27465 11333 67 424
27465 11334 63 418
27465 11335 59 425
27465 11336 54 422
27465 11337 54 426
27465 11338 49 426
27465 11339 47 433
27465 11340 41 431
27465 11341 39 434
27857 11501 493 413
27857 11502 492 409
27857 11503 489 410
27857 11504 485 416
27857 11505 484 413
27857 11506 483 414
27857 11507 478 415
27857 11508 477 415
27857 11509 476 418
27857 11510 471 419
27857 11511 468 422
27857 11512 465 419
27857 11513 463 421
27857 11514 460 424
27857 11515 458 423
27857 11516 455 423
27857 11517 452 425
27857 11518 449 428
27857 11519 446 431
27857 11520 443 429
27857 11521 440 428
27857 11522 437 430
27857 11523 435 431
27857 11524 432 431
27857 11525 430 432
27857 11526 427 437
27857 11527 424 436
27857 11528 422 435
27857 11529 419 437
27857 11530 416 442
27857 11531 413 440
27857 11532 409 441
27857 11533 410 443
27857 11534 405 446
27857 11535 401 446
27857 11536 398 447
27857 11537 395 449
27857 11538 395 451
27857 11539 391 452
27857 11540 388 454
27857 11541 385 455
27857 11542 382 462
27857 11543 381 457
27857 11544 378 461
27857 11545 376 464
27857 11546 372 467
27857 11547 369 468
27857 11548 366 468
27857 11549 364 470
27857 11550 361 471
27857 11551 359 471
27857 11552 357 473
27857 11553 354 474
27857 11554 350 475
28043 11576 206 246
28043 11577 211 246
28043 11578 220 248
28043 11579 229 248
28043 11580 237 249
28043 11581 250 255
28043 11582 256 256
28043 11583 270 257
28043 11584 281 252
28043 11585 287 257
28043 11586 301 254
28043 11587 307 255
28043 11588 315 255
28043 11589 324 256
28043 11590 335 257
28043 11591 345 258
28043 11592 357 259
28043 11593 366 260
28043 11594 376 260
28043 11595 387 261
28043 11596 399 263
28043 11597 408 264
28043 11598 417 265
28043 11599 429 265
28043 11600 434 265
28142 11620 130 405
28142 11621 135 404
28142 11622 137 404
28142 11623 139 403
28142 11624 141 403
28142 11625 145 401
28142 11626 150 403
28142 11627 151 405
28142 11628 152 405
28142 11629 160 404
28142 11630 165 403
28142 11631 168 404
28142 11632 167 403
28142 11633 172 402
28142 11634 176 400
28142 11635 182 402
28142 11636 182 403
28142 11637 183 403
28142 11638 190 402
28142 11639 195 401
28142 11640 198 401
28142 11641 198 402
28142 11642 203 398
28142 11643 207 400
28142 11644 211 400
28142 11645 211 401
28142 11646 216 398
28142 11647 220 395
28142 11648 225 398
28142 11649 228 399
28142 11650 228 399
28142 11651 232 400
28142 11652 238 398
28142 11653 240 397
28142 11654 243 396
28142 11655 247 392
28142 11656 251 397
28142 11657 257 396
28142 11658 257 396
28142 11659 261 397
28142 11660 264 391
28142 11661 270 395
28142 11662 271 395
28142 11663 275 395
28142 11664 276 390
28377 11722 501 407
28377 11723 499 409
28377 11724 496 407
28377 11725 496 412
28377 11726 493 417
28377 11727 491 412
28377 11728 488 413
28377 11729 488 410
28377 11730 487 408
28377 11731 483 412
28377 11732 484 410
28377 11733 481 412
28377 11734 480 411
28377 11735 478 406
28377 11736 475 411
28377 11737 475 410
28377 11738 469 410
28377 11739 472 409
28377 11740 468 409
28377 11741 467 410
28377 11742 465 409
28377 11743 460 410
28377 11744 459 411
28377 11745 461 410
28377 11746 459 407
28377 11747 456 413
28377 11748 456 406
28377 11749 454 406
28377 11750 449 409
28377 11751 452 404
28377 11752 449 408
28377 11753 448 406
28377 11754 443 408
28377 11755 443 407
28377 11756 444 405
28377 11757 442 409
28377 11758 440 408
28377 11759 439 410
28377 11760 437 411
28377 11761 436 407
28377 11762 434 410
28377 11763 431 405
28377 11764 429 407
28377 11765 430 406
28377 11766 430 405
28377 11767 427 406
28377 11768 424 408
28377 11769 423 406
28377 11770 422 407
28377 11771 422 401
28377 11772 420 403
28377 11773 420 403
28377 11774 417 405
28377 11775 417 406
28377 11776 416 405
28377 11777 416 408
28377 11778 412 406
28377 11779 414 403
28377 11780 412 402
28377 11781 411 404
28377 11782 409 406
28377 11783 407 404
28411 11746 635 436
28411 11747 634 433
28411 11748 635 432
28411 11749 635 425
28411 11750 635 422
28411 11751 634 421
28411 11752 632 423
28411 11753 630 425
28411 11754 629 422
28411 11755 627 422
28411 11756 626 422
28411 11757 624 420
28411 11758 623 421
28411 11759 621 422
28411 11760 620 419
28411 11761 619 418
28411 11762 618 417
28411 11763 616 416
28411 11764 613 419
28411 11765 613 418
28411 11766 610 420
28411 11767 609 416
28411 11768 606 420
28411 11769 606 417
28411 11770 604 418
28411 11771 603 418
28411 11772 601 414
28411 11773 600 415
28411 11774 596 418
28411 11775 596 421
28411 11776 594 423
28411 11777 594 419
28411 11778 593 414
28411 11779 592 416
28411 11780 589 418
28411 11781 587 420
28411 11782 587 419
28411 11783 584 419
28411 11784 581 422
28411 11785 581 419
28411 11786 579 419
28411 11787 580 418
28411 11788 578 413
28411 11789 575 418
28411 11790 570 418
28411 11791 573 415
28411 11792 571 414
28411 11793 570 413
28411 11794 569 416
28411 11795 563 421
28411 11796 563 416
28411 11797 563 415
28411 11798 564 416
28411 11799 561 412
28411 11800 561 408
28411 11801 561 405
28411 11802 556 411
28411 11803 556 412
28411 11804 556 408
28411 11805 554 407
28411 11806 552 412
28411 11807 549 409
28411 11808 548 409
28411 11809 548 409
28411 11810 547 405
28411 11811 542 411
28411 11812 541 408
28411 11813 540 407
28411 11814 539 406
28411 11815 538 407
28411 11816 538 406
28411 11817 536 406
28411 11818 532 406
28411 11819 532 405
28411 11820 531 408
28411 11821 531 408
28411 11822 528 403
28411 11823 526 404
28411 11824 524 403
28411 11825 523 402
28411 11826 522 403
28411 11827 522 403
28411 11828 520 402
28411 11829 518 402
28411 11830 515 402
28411 11831 514 404
28411 11832 515 404
28411 11833 513 402
28411 11834 512 402
28411 11835 510 397
28411 11836 505 401
28411 11837 506 402
28411 11838 505 401
28411 11839 504 401
28411 11840 503 398
28411 11841 500 401
28411 11842 497 400
28411 11843 497 401
28411 11844 496 403
28411 11845 494 401
28411 11846 492 403
28411 11847 488 401
28411 11848 489 401
28411 11849 488 400
28411 11850 487 400
28411 11851 486 397
28411 11852 484 401
28411 11853 483 400
28411 11854 480 401
28411 11855 480 400
28411 11856 478 404
28411 11857 477 409
28411 11858 475 404
28411 11859 473 402
28411 11860 470 401
28411 11861 471 401
28411 11862 470 396
28411 11863 469 402
28411 11864 466 401
28411 11865 463 404
28411 11866 464 404
28411 11867 464 401
28411 11868 462 402
28411 11869 460 400
28411 11870 459 403
28411 11871 456 403
28411 11872 455 403
28411 11873 455 401
28411 11874 458 400
28691 11896 135 456
28691 11897 136 451
28691 11898 139 444
28691 11899 143 441
28691 11900 144 438
28691 11901 150 437
28691 11902 152 433
28691 11903 156 435
28691 11904 159 434
28691 11905 162 432
28691 11906 166 430
28691 11907 168 427
28691 11908 170 427
28691 11909 175 424
28691 11910 177 423
28691 11911 180 421
28691 11912 183 420
28691 11913 186 419
28691 11914 189 414
28691 11915 191 415
28691 11916 195 418
28691 11917 197 412
28691 11918 200 408
28691 11919 202 414
28691 11920 205 407
28691 11921 210 408
28691 11922 210 402
28691 11923 213 403
28691 11924 216 400
28691 11925 217 397
28691 11926 219 399
28691 11927 222 396
28691 11928 225 395
28691 11929 227 394
28691 11930 229 392
28691 11931 232 391
28691 11932 235 389
28691 11933 237 385
28891 12017 223 303
28891 12018 221 301
28891 12019 220 298
28891 12020 219 299
28891 12021 218 297
28891 12022 216 294
28891 12023 215 292
28891 12024 214 296
28891 12025 213 293
28891 12026 211 293
28891 12027 210 292
28891 12028 210 293
28891 12029 207 291
28891 12030 206 288
28891 12031 203 290
28891 12032 203 287
28891 12033 203 293
28891 12034 201 288
28891 12035 198 288
28891 12036 197 287
28891 12037 196 284
28891 12038 194 284
28891 12039 193 283
28891 12040 191 283
28891 12041 190 284
28891 12042 189 284
28891 12043 187 283
28891 12044 186 281
28891 12045 185 283
28891 12046 183 282
28891 12047 182 282
28891 12048 181 281
28891 12049 180 279
28891 12050 178 281
28891 12051 177 280
28891 12052 176 280
28891 12053 174 280
28891 12054 173 279
28891 12055 172 278
28891 12056 171 278
28891 12057 169 277
28891 12058 168 274
28891 12059 169 274
28891 12060 167 279
28891 12061 165 276
28891 12062 165 273
28891 12063 163 276
28891 12064 163 274
28891 12065 161 272
28893 12020 47 427
28893 12021 49 428
28893 12022 53 431
28893 12023 57 431
28893 12024 59 426
28893 12025 61 428
28893 12026 66 423
28893 12027 67 424
28893 12028 69 422
28893 12029 71 424
28893 12030 74 429
28893 12031 79 425
28893 12032 79 419
28893 12033 82 417
28893 12034 85 417
28893 12035 87 416
28893 12036 90 415
28893 12037 92 414
28893 12038 95 413
28893 12039 98 414
28893 12040 100 412
28893 12041 104 410
28893 12042 103 408
28893 12043 107 410
28893 12044 109 411
28893 12045 112 407
28893 12046 115 407
28893 12047 117 408
28893 12048 119 405
28893 12049 121 403
28893 12050 124 404
28893 12051 126 403
28893 12052 129 402
28893 12053 131 406
28893 12054 133 401
28893 12055 135 400
28893 12056 138 399
28893 12057 139 397
28893 12058 142 397
28893 12059 143 397
28893 12060 146 395
28893 12061 149 394
28893 12062 151 390
28893 12063 152 394
28893 12064 155 395
28893 12065 158 391
28893 12066 159 387
29282 12203 338 452
29282 12204 339 451
29282 12205 339 445
29282 12206 341 443
29282 12207 343 447
29282 12208 342 445
29282 12209 343 445
29282 12210 346 447
29282 12211 347 448
29282 12212 348 446
29282 12213 349 449
29282 12214 352 447
29282 12215 353 453
29282 12216 355 453
29282 12217 356 452
29282 12218 356 454
29282 12219 357 456
29282 12220 358 455
29282 12221 359 460
29282 12222 361 460
29282 12223 364 463
29282 12224 365 458
29282 12225 366 463
29282 12226 366 466
29282 12227 367 465
29282 12228 367 467
29282 12229 369 467
29282 12230 371 467
29282 12231 373 468
29282 12232 375 469
29282 12233 376 471
29282 12234 378 470
29282 12235 379 473
29282 12236 380 472
29282 12237 378 473
29282 12238 380 474
29282 12239 381 475
29282 12240 386 475
30170 12698 388 384
30170 12699 386 391
30170 12700 384 396
30170 12701 383 396
30170 12702 390 395
30170 12703 394 404
30170 12704 398 401
30170 12705 401 400
30170 12706 402 400
30170 12707 401 399
30170 12708 402 396
30170 12709 406 401
30170 12710 409 398
30170 12711 414 403
30170 12712 410 402
30170 12713 411 403
30170 12714 415 403
30170 12715 418 404
30170 12716 423 399
30170 12717 423 404
30170 12718 425 405
30170 12719 428 406
30170 12720 432 406
30170 12721 429 404
30170 12722 433 405
30170 12723 436 406
30170 12724 438 402
30170 12725 441 402
30170 12726 443 402
30170 12727 447 404
30170 12728 449 408
30170 12729 451 404
30170 12730 458 408
30170 12731 454 410
30219 12721 481 427
30219 12722 484 423
30219 12723 481 421
30219 12724 480 420
30219 12725 475 420
30219 12726 475 420
30219 12727 473 421
30219 12728 469 418
30219 12729 469 418
30219 12730 464 418
30219 12731 461 414
30219 12732 461 411
30219 12733 458 414
30219 12734 457 411
30219 12735 458 414
30219 12736 451 416
30219 12737 448 416
30219 12738 446 416
30219 12739 442 415
30219 12740 441 415
30219 12741 439 415
30219 12742 436 415
30219 12743 432 413
30219 12744 430 414
30219 12745 428 415
30219 12746 425 410
30219 12747 424 413
30219 12748 420 412
30219 12749 419 411
30219 12750 416 407
30219 12751 414 410
30219 12752 409 409
30219 12753 409 409
30219 12754 408 408
30219 12755 406 407
30219 12756 402 408
30219 12757 398 408
30219 12758 398 408
30219 12759 396 408
30219 12760 393 405
30219 12761 392 405
30219 12762 389 406
30219 12763 388 403
30219 12764 385 399
30219 12765 381 403
30219 12766 379 403
30219 12767 378 401
30219 12768 377 402
30219 12769 374 401
30219 12770 372 401
30219 12771 369 400
30219 12772 368 402
30219 12773 367 401
30219 12774 364 400
30219 12775 359 399
30219 12776 355 400
30219 12777 355 400
30219 12778 353 400
30219 12779 351 399
30219 12780 347 399
30219 12781 346 400
30219 12782 344 398
30219 12783 340 398
30219 12784 337 399
30219 12785 334 398
30219 12786 331 399
30219 12787 327 398
30219 12788 323 398
30219 12789 322 398
30219 12790 320 397
30219 12791 319 393
30219 12792 317 391
30329 12792 115 409
30329 12793 117 412
30329 12794 118 405
30329 12795 121 406
30329 12796 123 406
30329 12797 128 408
30329 12798 130 405
30329 12799 132 405
30329 12800 132 405
30329 12801 134 406
30329 12802 140 405
30329 12803 144 405
30329 12804 146 405
30329 12805 145 406
30329 12806 149 405
30329 12807 154 406
30329 12808 158 406
30329 12809 157 401
30329 12810 161 406
30329 12811 165 406
30329 12812 169 407
30329 12813 172 406
30329 12814 171 406
30329 12815 175 407
30329 12816 179 407
30329 12817 182 407
30329 12818 183 409
30329 12819 184 408
30329 12820 189 409
30329 12821 195 408
30329 12822 195 408
30329 12823 195 408
30329 12824 199 408
30329 12825 206 409
30329 12826 209 409
30329 12827 213 405
30329 12828 216 402
30329 12829 215 406
30329 12830 215 406
30329 12831 221 409
30329 12832 223 408
30329 12833 225 409
30329 12834 232 409
30329 12835 235 410
30329 12836 235 409
30329 12837 236 410
30329 12838 241 410
30329 12839 248 409
30329 12840 248 406
30329 12841 252 405
30329 12842 256 399
30329 12843 257 399
30329 12844 259 407
30329 12845 257 399
30329 12846 252 394
30329 12847 248 392
30329 12848 246 397
30329 12849 243 394
30329 12850 243 392
30329 12851 240 396
30329 12852 237 394
30329 12853 238 396
30382 12833 197 407
30382 12834 199 404
30382 12835 194 405
30382 12836 191 406
30382 12837 192 407
30382 12838 186 406
30382 12839 182 408
30382 12840 180 407
30382 12841 180 408
30382 12842 175 409
30382 12843 172 410
30382 12844 169 411
30382 12845 166 412
30382 12846 161 410
30382 12847 160 412
30382 12848 157 414
30382 12849 155 414
30382 12850 150 412
30382 12851 148 415
30382 12852 145 417
30382 12853 144 417
30382 12854 138 418
30382 12855 136 418
30382 12856 133 419
30382 12857 133 420
30382 12858 129 421
30382 12859 123 427
30382 12860 121 424
30382 12861 120 424
30382 12862 118 424
30382 12863 112 425
30382 12864 110 427
30382 12865 110 428
30382 12866 103 427
30382 12867 100 430
30382 12868 98 431
30382 12869 97 431
30382 12870 92 429
30382 12871 89 432
30382 12872 86 432
30382 12873 84 434
30382 12874 81 434
30382 12875 76 437
30382 12876 73 439
30382 12877 71 438
30382 12878 69 437
30382 12879 66 439
30382 12880 63 441
30382 12881 59 442
30382 12882 57 442
30382 12883 54 442
30382 12884 50 446
30382 12885 50 448
30399 12846 264 402
30399 12847 266 405
30399 12848 274 406
30399 12849 279 407
30399 12850 277 405
30399 12851 276 405
30399 12852 278 405
30399 12853 280 407
30399 12854 285 409
30399 12855 285 407
30399 12856 288 406
30399 12857 287 406
30399 12858 294 407
30399 12859 296 411
30399 12860 301 408
30399 12861 305 409
30399 12862 304 408
30399 12863 310 410
30399 12864 309 410
30399 12865 310 409
30399 12866 315 410
30399 12867 317 409
30399 12868 318 410
30399 12869 320 410
30399 12870 323 410
30399 12871 326 411
30399 12872 331 415
30399 12873 332 411
30399 12874 332 414
30399 12875 335 415
30399 12876 339 414
30399 12877 344 416
30399 12878 346 417
30399 12879 344 415
30399 12880 346 415
30399 12881 350 416
30399 12882 357 417
30399 12883 358 417
30399 12884 358 417
30399 12885 361 425
30399 12886 364 417
30399 12887 370 417
30399 12888 372 416
30399 12889 373 416
30399 12890 373 418
30399 12891 378 416
30399 12892 382 413
30399 12893 382 417
30399 12894 387 419
30399 12895 387 417
30399 12896 389 415
30399 12897 394 417
30399 12898 394 417
30399 12899 395 417
30399 12900 401 415
30399 12901 401 415
30399 12902 405 417
30399 12903 405 419
30399 12904 407 417
30399 12905 411 415
30399 12906 413 415
30399 12907 417 418
30399 12908 418 419
30399 12909 418 418
30399 12910 421 418
30399 12911 425 422
30399 12912 431 422
30399 12913 431 422
30399 12914 430 420
30399 12915 432 420
30399 12916 438 424
30399 12917 441 424
30399 12918 443 423
30399 12919 447 420
30399 12920 447 425
30399 12921 450 426
30399 12922 454 425
30399 12923 458 427
30769 13019 202 246
30769 13020 203 246
30769 13021 231 250
30769 13022 246 251
30769 13023 251 251
30769 13024 260 252
30769 13025 277 253
30769 13026 292 255
30769 13027 303 257
30769 13028 311 257
30769 13029 324 258
30769 13030 336 259
30769 13031 344 258
30769 13032 354 261
30769 13033 365 261
30769 13034 376 262
30769 13035 389 263
30769 13036 401 265
30769 13037 412 265
30769 13038 423 266
30769 13039 436 267
30769 13040 449 268
30769 13041 464 269
30769 13042 475 270
30769 13043 477 270
30769 13044 480 271
30769 13045 489 272
31095 13232 347 259
31095 13233 356 259
31095 13234 349 257
31095 13235 356 258
31095 13236 364 258
31095 13237 374 258
31095 13238 381 261
31095 13239 390 260
31095 13240 399 261
31095 13241 410 263
31095 13242 420 263
31095 13243 428 264
31095 13244 436 264
31095 13245 446 265
31095 13246 454 265
31095 13247 462 266
31095 13248 470 267
31095 13249 475 267
31095 13250 481 269
31095 13251 483 268
31095 13252 489 267