4 193 277 253
4 194 287 253
4 195 300 254
4 196 315 257
4 197 329 258
4 198 341 258
4 199 357 259
4 200 372 262
4 201 384 262
4 202 390 263
4 203 382 263
4 204 394 266
221 727 61 314
221 728 55 317
221 729 54 318
221 730 46 320
221 731 42 322
221 732 40 323
221 733 34 325
221 734 32 326
221 735 27 328
221 736 23 330
221 737 18 332
221 738 12 334
221 739 10 336
221 740 7 338
221 741 5 342
275 883 482 267
275 884 477 264
275 885 471 264
275 886 458 264
275 887 446 263
275 888 433 261
275 889 416 261
275 890 402 259
275 891 388 258
275 892 377 257
275 893 360 256
275 894 346 255
275 895 333 254
275 896 322 253
275 897 309 252
275 898 295 251
275 899 280 250
275 900 269 248
275 901 259 248
275 902 251 248
275 903 238 246
275 904 237 246
452 1493 393 407
452 1494 399 405
452 1495 397 407
452 1496 394 404
452 1497 392 409
452 1498 389 409
452 1499 387 408
452 1500 381 411
452 1501 381 411
452 1502 381 413
452 1503 377 413
452 1504 373 414
452 1505 371 415
452 1506 369 412
452 1507 365 413
452 1508 363 414
452 1509 360 415
452 1510 359 415
452 1511 355 415
452 1512 352 416
452 1513 349 417
452 1514 347 416
452 1515 345 417
452 1516 341 418
452 1517 338 418
452 1518 336 418
452 1519 335 419
452 1520 332 419
452 1521 328 420
452 1522 325 420
452 1523 321 421
452 1524 318 419
452 1525 315 421
452 1526 311 421
452 1527 311 417
452 1528 308 418
452 1529 306 419
452 1530 302 416
452 1531 299 423
452 1532 296 421
452 1533 293 422
452 1534 286 423
452 1535 287 423
452 1536 286 423
452 1537 281 423
452 1538 279 424
452 1539 275 424
452 1540 273 419
452 1541 270 424
466 1541 260 427
466 1542 261 425
466 1543 262 423
466 1544 261 423
466 1545 257 425
466 1546 254 425
466 1547 251 425
466 1548 249 425
466 1549 245 425
466 1550 243 425
466 1551 237 426
466 1552 236 426
466 1553 236 427
466 1554 232 424
466 1555 228 427
466 1556 223 429
466 1557 223 426
466 1558 219 426
466 1559 216 426
466 1560 212 425
466 1561 211 427
466 1562 207 425
466 1563 204 426
466 1564 202 425
466 1565 197 427
466 1566 199 427
466 1567 195 426
466 1568 192 424
466 1569 189 425
466 1570 188 427
466 1571 183 423
466 1572 179 427
466 1573 176 424
466 1574 175 427
466 1575 174 425
466 1576 170 425
466 1577 166 425
466 1578 163 424
466 1579 162 427
466 1580 158 425
466 1581 155 425
466 1582 152 425
466 1583 152 425
466 1584 147 420
466 1585 144 423
466 1586 141 424
466 1587 139 419
466 1588 136 420
466 1589 133 424
466 1590 131 421
466 1591 128 424
466 1592 127 423
466 1593 122 420
466 1594 119 417
466 1595 117 421
466 1596 115 420
466 1597 111 420
466 1598 107 421
624 2775 229 250
624 2776 238 249
624 2777 242 251
624 2778 251 249
624 2779 261 252
624 2780 273 252
624 2781 285 254
624 2782 295 254
624 2783 303 254
624 2784 315 257
624 2785 330 257
624 2786 340 257
624 2787 351 258
624 2788 363 260
624 2789 374 261
624 2790 385 262
624 2791 397 263
624 2792 414 264
624 2793 429 265
624 2794 442 266
624 2795 455 266
624 2796 470 268
624 2797 475 269
624 2798 484 270
634 2950 239 250
634 2951 242 251
634 2952 250 252
634 2953 258 253
634 2954 269 254
634 2955 280 254
634 2956 291 256
634 2957 303 256
634 2958 313 258
634 2959 323 257
634 2960 333 260
634 2961 343 259
634 2962 365 261
634 2963 381 261
634 2964 392 262
634 2965 392 266
804 4696 634 423
804 4697 634 419
804 4698 632 418
804 4699 630 417
804 4700 627 417
804 4701 623 417
804 4702 622 415
804 4703 618 416
804 4704 615 414
804 4705 612 411
804 4706 611 411
804 4707 609 409
804 4708 607 407
804 4709 603 410
804 4710 600 409
804 4711 596 408
804 4712 595 403
804 4713 593 402
804 4714 591 402
804 4715 588 401
804 4716 585 400
804 4717 582 405
804 4718 579 400
804 4719 576 398
804 4720 575 398
804 4721 572 399
804 4722 570 395
804 4723 568 394
804 4724 565 397
804 4725 561 395
804 4726 559 395
804 4727 557 393
804 4728 553 393
804 4729 552 389
804 4730 550 392
804 4731 545 394
804 4732 543 391
804 4733 541 392
804 4734 539 386
804 4735 536 385
804 4736 535 383
804 4737 531 385
804 4738 530 382
804 4739 526 385
804 4740 524 383
804 4741 522 383
804 4742 520 379
804 4743 516 380
804 4744 515 378
804 4745 514 377
804 4746 512 377
1963 8166 126 423
1963 8167 124 424
1963 8168 122 427
1963 8169 121 430
1963 8170 118 430
1963 8171 115 432
1963 8172 113 434
1963 8173 110 436
1963 8174 108 438
1963 8175 106 440
1963 8176 103 441
1963 8177 101 443
1963 8178 99 445
1963 8179 95 447
1963 8180 93 448
1963 8181 90 448
1963 8182 88 452
1963 8183 86 454
1963 8184 83 456
1963 8185 81 456
1963 8186 80 458
1963 8187 81 452
1963 8188 78 453
1963 8189 75 456
1963 8190 72 458
1963 8191 69 457
2056 8651 442 262
2056 8652 445 262
2056 8653 438 262
2056 8654 431 261
2056 8655 427 260
2056 8656 415 261
2056 8657 408 259
2056 8658 402 259
2056 8659 394 258
2056 8660 387 257
2056 8661 382 257
2056 8662 375 256
2056 8663 365 256
2056 8664 361 256
2056 8665 350 255
2056 8666 345 254
2056 8667 338 254
2056 8668 334 253
2056 8669 326 252
2056 8670 320 252
2056 8671 315 251
2056 8672 312 246
2067 8696 188 258
2067 8697 186 258
2067 8698 183 258
2067 8699 186 259
2067 8700 182 260
2067 8701 180 260
2067 8702 172 264
2067 8703 177 262
2067 8704 174 263
2067 8705 165 266
2067 8706 170 266
2067 8707 161 268
2067 8708 164 267
2067 8709 161 269
2067 8710 155 272
2067 8711 156 271
2067 8712 153 272
2067 8713 150 273
2067 8714 148 275
2067 8715 144 276
2067 8716 141 278
2067 8717 137 279
2067 8718 134 281
2067 8719 130 282
2067 8720 126 283
2067 8721 123 286
2067 8722 119 288
2067 8723 116 289
2067 8724 111 290
2067 8725 117 287
2067 8726 117 288
2067 8727 127 288
2249 10316 234 249
2249 10317 237 248
2249 10318 249 249
2249 10319 259 250
2249 10320 272 251
2249 10321 283 251
2249 10322 297 251
2249 10323 310 252
2249 10324 325 255
2249 10325 337 258
2249 10326 349 259
2249 10327 358 265
2283 10832 349 258
2283 10833 359 260
2283 10834 374 262
2283 10835 382 263
2283 10836 397 264
2283 10837 413 265
2283 10838 428 265
2283 10839 444 267
2283 10840 454 267
2283 10841 467 268
2283 10842 473 268
2283 10843 479 267
2283 10844 487 271
2317 11480 457 263
2317 11481 446 263
2317 11482 432 262
2317 11483 420 261
2317 11484 405 259
2317 11485 391 258
2317 11486 368 256
2317 11487 358 256
2317 11488 341 254
2317 11489 329 253
2317 11490 304 251
2317 11491 308 251