117 70 337 271
117 71 336 274
117 72 312 271
117 73 288 268
117 74 279 267
117 75 275 268
117 76 270 266
117 77 265 265
117 78 243 264
117 79 239 262
117 80 232 263
117 81 227 263
117 82 202 263
117 83 185 260
117 84 166 259
392 183 561 356
392 184 561 352
392 185 556 359
392 186 549 368
392 187 541 375
392 188 527 378
392 189 510 381
392 190 498 388
801 523 232 267
801 524 230 264
801 525 236 267
801 526 245 268
801 527 252 270
801 528 256 272
801 529 259 273
801 530 263 275
801 531 272 280
801 532 280 284
801 533 285 287
801 534 288 288
801 535 290 290
801 536 293 291
801 537 298 294
801 538 306 298
801 539 312 301
801 540 316 304
801 541 317 306
801 542 325 310
801 543 333 313