1917 234 337 250
1917 235 338 249
1917 236 313 249
1917 237 322 251
1917 238 335 253
1917 239 330 268
1917 240 342 272
1917 241 350 273
1917 242 355 274
1917 243 362 273
1917 244 384 271
1917 245 386 274
1917 246 405 268
1917 247 405 268
1917 248 403 277
1917 249 407 266
1917 250 407 265
2235 269 388 436
2235 270 389 439
2235 271 377 427
2235 272 371 426
2235 273 351 425
2235 274 323 421
2235 275 330 414
6670 843 547 391
6670 844 559 384
6670 845 568 378
6670 846 577 372
6670 847 590 360
6670 848 598 357
6670 849 607 351
6670 850 616 344
6670 851 621 336
6670 852 630 327
6670 853 635 318