17 5 581 397
17 6 568 406
17 7 558 412
17 8 549 419
17 9 531 428
17 10 516 434
17 11 502 443
230 65 75 337
230 66 73 340
230 67 72 349
230 68 71 354
230 69 69 360
230 70 68 364
230 71 65 365
230 72 62 376
230 73 48 396
230 74 43 408
527 199 548 369
527 200 541 375
527 201 531 381
527 202 521 385
527 203 513 389
527 204 504 391
527 205 496 395
527 206 475 404
527 207 453 415
822 348 160 248
822 349 173 248
822 350 183 248
822 351 195 250
822 352 217 253
822 353 246 254
822 354 275 257
822 355 296 259
822 356 320 261
822 357 341 263
938 411 278 265
938 412 284 270
938 413 287 271
938 414 299 283
938 415 304 286
938 416 307 290
938 417 309 291
938 418 312 293
938 419 313 291
938 420 316 297
938 421 330 311
938 422 329 320
1087 455 276 252
1087 456 290 253
1087 457 315 254
1087 458 335 256
1087 459 351 258
1087 460 364 260
1087 461 385 260
1087 462 406 263
1087 463 414 264
1207 495 83 443
1207 496 81 431
1207 497 76 402
1207 498 75 402
1207 499 64 396
1207 500 55 405
1207 501 48 412
1207 502 39 419
1311 524 491 389
1311 525 485 394
1311 526 487 404
1311 527 494 413
1311 528 472 430
1311 529 488 430
1311 530 501 442
1311 531 511 445
2111 788 277 341
2111 789 276 343
2111 790 281 351
2111 791 302 371
2111 792 313 382
2111 793 325 394
2111 794 347 408
2111 795 357 417
2111 796 368 424
2111 797 373 430
2111 798 382 435
2111 799 391 443
2111 800 407 455
2189 809 99 256
2189 810 100 260
2189 811 100 262
2189 812 98 260
2189 813 105 262
2189 814 103 270
2189 815 104 271
2189 816 108 287
2189 817 106 291
2189 818 107 297
2189 819 109 301
2189 820 113 306
2189 821 114 310
2189 822 118 314
2189 823 124 320
2189 824 131 325
2189 825 135 327
2309 850 101 255
2309 851 106 257
2309 852 103 264
2309 853 107 267
2309 854 111 276
2309 855 117 281
2309 856 120 284
2309 857 128 289
2309 858 137 296
2309 859 149 297
2345 859 173 306
2345 860 179 311
2345 861 194 318
2345 862 199 321
2345 863 206 332
2345 864 214 338
2345 865 217 341
2345 866 229 352
2345 867 233 363
2345 868 236 359
2540 917 353 315
2540 918 352 311
2540 919 366 305
2540 920 363 295
2540 921 353 287
2540 922 335 277
2540 923 311 267
2540 924 290 260
2569 928 190 405
2569 929 189 409
2569 930 201 406
2569 931 206 406
2569 932 212 405
2569 933 224 403
2569 934 240 399
2569 935 262 394
2569 936 284 388
2569 937 293 384
2569 938 303 381
2569 939 311 376
2569 940 323 371
2569 941 327 370
2569 942 333 367
2569 943 339 365
2569 944 346 364
2569 945 359 357
2569 946 365 354
2569 947 371 352
2569 948 375 349
2569 949 380 347
2569 950 387 344
2569 951 393 343
3243 1112 274 253
3243 1113 275 251
3243 1114 272 255
3243 1115 286 257
3243 1116 288 260
3243 1117 302 268
3243 1118 313 273
3243 1119 320 279
3243 1120 330 285
3243 1121 341 293
3481 1196 280 292
3481 1197 282 286
3481 1198 292 285
3481 1199 300 294
3481 1200 308 299
3481 1201 314 306
3481 1202 317 306
3481 1203 320 312
3481 1204 324 314
3481 1205 328 317
3481 1206 334 322
3481 1207 341 329
3481 1208 345 332
3483 1197 39 349
3483 1198 40 349
3483 1199 41 341
3483 1200 49 324
3483 1201 58 307
3483 1202 60 311
3483 1203 65 304
3483 1204 69 299
3483 1205 73 297
3483 1206 77 293