1525 756 98 249
1525 757 117 255
1525 758 134 265
1525 759 136 267
1525 760 152 281
1525 761 160 285
1525 762 164 286
1525 763 169 287
1525 764 172 287
1525 765 189 290
1602 793 597 348
1602 794 592 354
1602 795 584 358
1602 796 576 363
1602 797 569 368
1602 798 562 371
1602 799 555 376
1602 800 548 381
1602 801 543 391
2078 1000 282 285
2078 1001 284 288
2078 1002 276 284
2078 1003 271 282
2078 1004 286 260
2078 1005 294 281
2078 1006 300 289
2078 1007 306 289
2078 1008 305 294
2078 1009 305 299
2078 1010 305 307