2250 240 230 329
2250 241 226 328
2250 242 224 333
2250 243 212 332
2250 244 203 329
2250 245 193 329
2250 246 182 337
2250 247 174 336
2250 248 181 327
2250 249 188 323
2250 250 196 312
2250 251 198 312
2250 252 198 309
2250 253 198 313
2250 254 199 314
3105 326 468 266
3105 327 467 274
3105 328 442 286
3105 329 434 289
3105 330 423 294
3105 331 419 298
3105 332 414 300
3105 333 414 306
3213 336 86 296
3213 337 90 299
3213 338 95 294
3213 339 102 290
3213 340 107 287
3213 341 110 285
3213 342 114 284
3213 343 116 283
3213 344 120 280
3213 345 126 278
3213 346 130 273
3213 347 133 271
3213 348 136 268
3213 349 138 268
3213 350 140 271
3213 351 140 271
3612 372 296 278
3612 373 290 279
3612 374 290 283
3612 375 280 277
3612 376 272 275
3612 377 255 279
3612 378 241 283
3612 379 240 288
3612 380 217 291
3612 381 216 292
3612 382 206 290
3612 383 199 289
4764 473 362 291
4764 474 362 284
4764 475 382 284
4764 476 398 286
4764 477 413 285
4764 478 434 284
4764 479 450 285
4764 480 429 294
4764 481 421 293
4764 482 416 301
4764 483 411 303
4764 484 412 316
4764 485 415 323
4764 486 416 332
4764 487 410 342
4764 488 407 348
4764 489 405 361
5494 553 18 331
5494 554 18 331
5494 555 39 351
5494 556 42 348
5494 557 38 352
5494 558 38 366
5494 559 57 371
6431 656 351 292
6431 657 362 294
6431 658 380 297
6431 659 395 300
6431 660 413 316
6431 661 412 324
6431 662 411 339