1164 95 210 337
1164 96 211 357
1164 97 212 355
1164 98 195 361
1164 99 197 347
1164 100 185 346
1164 101 185 346
1164 102 167 344
1164 103 167 344
1164 104 145 331
1164 105 146 351
1164 106 148 349
1164 107 150 347
1671 135 580 294
1671 136 598 299
1671 137 623 295
1671 138 629 295
1671 139 636 294
1671 140 619 278
1671 141 612 282
1671 142 599 267
1671 143 601 267
3368 309 604 369
3368 310 581 371
3368 311 572 369
3368 312 562 372
3368 313 552 372
3368 314 540 372
3368 315 511 371
3368 316 502 357
3368 317 501 355
3368 318 494 356
3368 319 493 361
6199 652 188 379
6199 653 189 386
6199 654 179 393
6199 655 175 393
6199 656 174 407
6199 657 170 413
6199 658 165 418
6199 659 152 422
7153 765 184 398
7153 766 180 399
7153 767 171 401
7153 768 164 408
7153 769 156 413
7153 770 148 418
7153 771 141 418
7153 772 137 424
7153 773 133 428
7153 774 119 425
7153 775 119 427
9453 1008 76 302
9453 1009 76 298
9453 1010 76 312
9453 1011 75 309
9453 1012 79 310
9453 1013 79 309
9453 1014 62 329
9453 1015 47 338
9453 1016 31 344