131 40 142 282
131 41 152 289
131 42 159 291
131 43 169 290
131 44 174 292
131 45 179 292
131 46 184 293
131 47 194 309
131 48 196 308
131 49 200 309
131 50 202 307
438 174 89 339
438 175 73 340
438 176 78 342
438 177 69 327
438 178 46 340
438 179 49 337
438 180 41 335
438 181 31 343
438 182 20 349
438 183 9 351
848 345 263 255
848 346 255 254
848 347 255 255
848 348 264 267
848 349 263 279
848 350 257 290
848 351 253 294
848 352 248 299
848 353 244 305
848 354 241 303
848 355 239 312
848 356 233 320
1256 484 441 416
1256 485 450 424
1256 486 461 429
1256 487 475 437
1256 488 491 445
1256 489 502 450
1256 490 512 457
1366 538 570 264
1366 539 571 264
1366 540 574 266
1366 541 592 279
1366 542 612 283
1366 543 630 289
1366 544 634 290
1366 545 634 304
1366 546 632 311
2952 1089 82 412
2952 1090 79 404
2952 1091 89 400
2952 1092 95 395
2952 1093 99 389
2952 1094 104 387
2952 1095 117 375
2952 1096 125 365
2952 1097 135 358
2952 1098 142 356
2986 1102 632 262
2986 1103 633 288
2986 1104 624 286
2986 1105 616 282
2986 1106 606 279
2986 1107 598 278
2986 1108 591 276
2986 1109 584 276
2986 1110 580 275
2986 1111 574 267
2986 1112 568 267
2987 1103 270 382
2987 1104 268 387
2987 1105 278 391
2987 1106 288 399
2987 1107 295 405
2987 1108 301 409
2987 1109 306 411
2987 1110 311 417
2987 1111 317 423
2987 1112 321 426