763 259 134 260
763 260 133 260
763 261 146 260
763 262 130 272
763 263 112 281
763 264 101 278
763 265 122 267
763 266 121 268
763 267 121 265
763 268 110 250
763 269 107 246
1148 349 611 260
1148 350 607 260
1148 351 605 263
1148 352 603 264
1148 353 603 265
1148 354 603 260
1148 355 604 264
1148 356 604 266
1148 357 604 275
1148 358 608 280
1148 359 612 283
1148 360 623 280
1148 361 627 281
1148 362 630 290
1148 363 632 289
1148 364 631 293
1148 365 628 296
1148 366 624 300
1148 367 622 304
1148 368 623 308
1148 369 624 316
1148 370 625 318
1148 371 626 313
1332 413 246 378
1332 414 252 381
1332 415 260 389
1332 416 266 394
1332 417 273 400
1332 418 280 405
1332 419 285 409
1332 420 290 413
1332 421 298 417
1332 422 302 421
1422 458 179 255
1422 459 150 255
1422 460 141 277
1422 461 134 293
1422 462 145 294
1422 463 160 300
1422 464 184 314
1422 465 198 323
1487 506 90 282
1487 507 105 281
1487 508 117 280
1487 509 109 285
1487 510 108 263
1487 511 135 259
1487 512 142 255
1487 513 155 251
1487 514 162 249