43 11 255 353
43 12 259 359
43 13 281 343
43 14 259 332
43 15 247 327
43 16 240 323
43 17 227 316
43 18 221 316
43 19 217 312
63 21 180 293
63 22 178 291
63 23 177 291
63 24 172 296
63 25 168 292
63 26 155 286
63 27 136 278
63 28 131 277
63 29 127 272
63 30 123 269
63 31 120 267
63 32 117 264
204 92 285 249
204 93 285 261
204 94 303 269
204 95 314 269
204 96 325 269
204 97 330 270
204 98 338 271
204 99 350 272
204 100 360 273
204 101 367 273
204 102 374 273
522 239 536 410
522 240 533 409
522 241 520 413
522 242 506 421
522 243 496 430
522 244 485 439
522 245 472 445
522 246 463 451
522 247 453 457
633 290 284 314
633 291 271 314
633 292 271 310
633 293 257 315
633 294 252 314
633 295 246 313
633 296 232 309
633 297 233 309
633 298 213 305
633 299 208 306
633 300 180 299
664 310 28 345
664 311 32 344
664 312 36 343
664 313 44 337
664 314 50 334
664 315 63 327
664 316 78 320
664 317 88 315
664 318 100 311
664 319 110 307
664 320 117 308
664 321 123 306
664 322 129 303
664 323 132 306
664 324 138 306
664 325 142 306
693 328 215 309
693 329 223 307
693 330 231 306
693 331 237 305
693 332 260 302
693 333 276 300
693 334 283 299
693 335 290 299
693 336 302 297
693 337 319 296
693 338 337 294
693 339 350 293
693 340 368 290
902 459 87 306
902 460 83 316
902 461 85 321
902 462 87 329
902 463 89 332
902 464 93 335
902 465 95 338
902 466 100 338
902 467 107 358
902 468 108 373
902 469 107 384
902 470 99 405
1284 573 290 300
1284 574 310 304
1284 575 336 314
1284 576 341 317
1284 577 347 317
1284 578 350 320
1284 579 353 324
1284 580 355 325
1445 657 437 426
1445 658 445 433
1445 659 452 438
1445 660 460 441
1445 661 467 450
1445 662 470 460
1445 663 472 470
1865 830 293 322
1865 831 273 317
1865 832 257 310
1865 833 240 305
1865 834 215 298
1865 835 202 295
1865 836 197 293
1865 837 192 292
1865 838 183 293
1865 839 182 289
1865 840 183 290
1880 835 129 305
1880 836 125 304
1880 837 120 309
1880 838 117 313
1880 839 113 314
1880 840 93 321
1880 841 77 323
1880 842 64 328
1880 843 57 333
2258 969 346 296
2258 970 347 293
2258 971 355 284
2258 972 358 278
2258 973 360 274
2258 974 366 267
2258 975 375 262
2258 976 379 261
2258 977 401 253
2258 978 414 249