27 4 85 273
27 5 82 283
27 6 79 292
27 7 78 301
27 8 75 306
27 9 69 310
27 10 69 317
27 11 62 317
27 12 65 329
27 13 73 334
27 14 82 338
27 15 95 345
27 16 105 349
33 5 162 307
33 6 162 308
33 7 181 315
33 8 195 317
33 9 212 321
33 10 234 325
33 11 248 329
33 12 275 336
33 13 283 347
33 14 289 335
128 24 548 414
128 25 549 396
128 26 536 394
128 27 526 397
128 28 512 400
128 29 487 404
128 30 459 400
267 57 274 289
267 58 271 288
267 59 259 281
267 60 252 280
267 61 244 272
267 62 230 267
267 63 248 250
320 67 290 374
320 68 296 380
320 69 302 385
320 70 317 396
320 71 333 405
320 72 358 417
320 73 368 419
358 76 191 299
358 77 190 301
358 78 203 303
358 79 218 314
358 80 239 320
358 81 264 326
358 82 284 342
358 83 287 368
400 88 277 335
400 89 281 338
400 90 287 335
400 91 287 350
400 92 281 364
400 93 267 379
400 94 254 385
400 95 228 388
400 96 214 394
446 99 345 297
446 100 370 304
446 101 385 310
446 102 397 313
446 103 406 316
446 104 413 317
446 105 418 321
621 160 268 294
621 161 272 303
621 162 276 314
621 163 280 325
621 164 280 333
621 165 279 342
621 166 280 357
621 167 293 369
621 168 308 354
729 184 385 428
729 185 363 410
729 186 355 408
729 187 335 404
729 188 318 406
729 189 332 403
729 190 322 404
729 191 322 404
731 184 78 318
731 185 56 331
731 186 48 333
731 187 31 344
731 188 17 355
731 189 12 374
731 190 24 384
731 191 42 397
803 197 369 401
803 198 394 403
803 199 419 405
803 200 446 408
803 201 465 410
803 202 476 413
803 203 485 413
803 204 494 414
850 208 595 386
850 209 592 392
850 210 582 398
850 211 572 405
850 212 560 416
850 213 538 409
850 214 553 413
882 215 425 407
882 216 451 411
882 217 473 418
882 218 494 419
882 219 506 421
882 220 514 422
882 221 524 422
882 222 539 426
882 223 557 432
943 233 299 274
943 234 298 272
943 235 307 276
943 236 309 278
943 237 315 284
943 238 319 289
943 239 320 293
943 240 327 291
943 241 343 298
943 242 350 312
943 243 359 317
1088 257 601 332
1088 258 601 332
1088 259 596 334
1088 260 585 350
1088 261 578 369
1088 262 573 387
1088 263 569 409
1401 330 483 387
1401 331 480 401
1401 332 467 396
1401 333 459 395
1401 334 447 393
1401 335 456 417
1401 336 431 410
1401 337 416 412
1534 353 87 281
1534 354 84 282
1534 355 84 282
1534 356 87 285
1534 357 89 288
1534 358 89 296
1534 359 86 299
1534 360 82 307
1534 361 79 314
1534 362 77 328
1534 363 60 325
1534 364 68 338
1563 357 123 409
1563 358 108 420
1563 359 97 426
1563 360 80 436
1563 361 61 451
1563 362 42 465
1563 363 19 474
1579 360 531 415
1579 361 526 432
1579 362 552 435
1579 363 575 441
1579 364 602 446
1579 365 616 443
1579 366 635 446
1673 374 400 412
1673 375 399 412
1673 376 389 423
1673 377 393 403
1673 378 367 401
1673 379 349 400
1673 380 333 399
1673 381 316 403
1689 377 290 351
1689 378 283 356
1689 379 280 357
1689 380 276 361
1689 381 271 373
1689 382 280 386
1689 383 304 394
1689 384 314 398
1793 402 72 282
1793 403 72 282
1793 404 71 295
1793 405 58 304
1793 406 42 315
1793 407 35 320
1793 408 16 332
1793 409 4 347
2029 449 312 394
2029 450 327 397
2029 451 351 401
2029 452 363 404
2029 453 381 409
2029 454 396 408
2029 455 406 411
2029 456 416 411
2029 457 442 414
2029 458 461 422
2029 459 470 436
2261 515 186 460
2261 516 182 467
2261 517 180 461
2261 518 175 461
2261 519 169 458
2261 520 161 455
2261 521 137 448
2261 522 121 446
2261 523 105 443
2426 547 568 452
2426 548 569 452
2426 549 565 449
2426 550 572 434
2426 551 585 433
2426 552 586 412
2426 553 560 412
2426 554 543 411
2426 555 530 411
2426 556 503 405
2426 557 493 384
2656 584 353 397
2656 585 329 382
2656 586 319 383
2656 587 312 385
2656 588 303 381
2656 589 294 383
2656 590 286 370
2664 586 444 337
2664 587 444 334
2664 588 440 333
2664 589 437 332
2664 590 411 322
2664 591 396 314
2664 592 385 311
2664 593 358 306
2664 594 339 309
2667 590 524 380
2667 591 550 384
2667 592 565 380
2667 593 585 377
2667 594 568 392
2667 595 542 402
2667 596 533 409
2667 597 532 420
2667 598 530 428
2696 596 320 384
2696 597 330 392
2696 598 342 395
2696 599 334 404
2696 600 318 397
2696 601 298 387
2696 602 278 380
2696 603 266 363
2696 604 272 355
2829 625 595 398
2829 626 595 395
2829 627 595 413
2829 628 582 418
2829 629 565 429
2829 630 561 415
2829 631 549 417
2829 632 545 429
2829 633 538 435
2829 634 526 416
2944 646 277 322
2944 647 285 325
2944 648 288 335
2944 649 285 349
2944 650 282 366
2944 651 264 384
2944 652 239 386
3166 698 98 273
3166 699 96 281
3166 700 93 286
3166 701 81 304
3166 702 70 321
3166 703 77 332
3166 704 87 338
3166 705 96 346
3166 706 118 351
3273 724 321 342
3273 725 312 335
3273 726 291 355
3273 727 291 363
3273 728 281 365
3273 729 280 377
3273 730 288 386
3273 731 300 383
3322 738 278 396
3322 739 297 397
3322 740 311 401
3322 741 318 405
3322 742 332 411
3322 743 341 412
3322 744 353 412
3322 745 366 414
3322 746 378 410
3322 747 406 408
3975 883 583 407
3975 884 573 400
3975 885 566 393
3975 886 561 385
3975 887 552 375
3975 888 545 369
3975 889 534 362
3975 890 528 358
3975 891 518 355
3975 892 510 353
4028 898 459 390
4028 899 482 399
4028 900 495 402
4028 901 516 405
4028 902 530 407
4028 903 542 411
4028 904 556 413
4028 905 545 402
4049 907 240 387
4049 908 248 386
4049 909 256 385
4049 910 265 380
4049 911 275 371
4049 912 281 364
4049 913 288 356
4049 914 294 348
4049 915 302 331
4049 916 306 326
4049 917 297 330
4049 918 298 341
4049 919 296 353
4049 920 294 345
4049 921 305 343
4049 922 311 343
4049 923 315 345
4049 924 320 345
4072 913 347 430
4072 914 341 441
4072 915 364 433
4072 916 384 428
4072 917 409 413
4072 918 426 410
4072 919 441 405
4072 920 452 399
4072 921 459 395
4072 922 465 393
4072 923 470 390
4072 924 481 390
4072 925 494 386
4072 926 508 376
4072 927 522 370
4072 928 530 367
4082 915 566 381
4082 916 551 368
4082 917 531 353
4082 918 510 343
4082 919 487 337
4082 920 467 332
4082 921 457 332
4095 918 84 476
4095 919 95 463
4095 920 102 439
4095 921 108 437
4095 922 111 424
4095 923 117 427
4095 924 122 416
4095 925 140 405
4147 936 96 290
4147 937 96 290
4147 938 87 276
4147 939 88 277
4147 940 88 286
4147 941 82 294
4147 942 59 310
4147 943 36 312
4198 953 344 405
4198 954 350 406
4198 955 351 392
4198 956 338 390
4198 957 345 392
4198 958 331 391
4198 959 311 390
4198 960 302 389
4198 961 298 380
4198 962 314 376
4198 963 305 371
4198 964 304 378
4305 974 598 441
4305 975 615 450
4305 976 601 452
4305 977 579 455
4305 978 570 436
4305 979 559 432
4305 980 537 431