18 7 628 359
18 8 608 351
18 9 597 345
18 10 590 342
18 11 581 337
18 12 574 332
18 13 572 336
18 14 564 335
18 15 565 321
110 28 425 254
110 29 425 256
110 30 402 259
110 31 384 262
110 32 368 264
110 33 350 268
110 34 334 272
124 34 399 336
124 35 397 335
124 36 415 337
124 37 432 344
124 38 444 347
124 39 454 352
124 40 473 362
124 41 490 368
124 42 510 376
124 43 528 383
127 36 165 343
127 37 177 348
127 38 181 354
127 39 183 367
127 40 191 377
127 41 202 384
127 42 215 394
127 43 223 400
127 44 232 426
127 45 237 435
127 46 256 451
735 249 564 251
735 250 576 254
735 251 579 254
735 252 588 261
735 253 606 277
735 254 606 280
735 255 621 284
795 269 298 336
795 270 298 328
795 271 288 339
795 272 279 347
795 273 270 359
795 274 261 370
795 275 256 377
795 276 252 384
795 277 244 402
795 278 227 426
795 279 220 440
896 305 298 246
896 306 296 249
896 307 298 254
896 308 299 256
896 309 299 263
896 310 298 272
896 311 296 276
896 312 293 279
896 313 290 282
896 314 287 286
896 315 281 293
896 316 278 297
896 317 273 304
896 318 272 309
896 319 272 313
896 320 269 323
896 321 273 334
896 322 271 350
896 323 271 359
1007 330 265 310
1007 331 266 318
1007 332 272 311
1007 333 275 306
1007 334 283 306
1007 335 293 290
1007 336 301 283
1007 337 307 280
1007 338 314 276
1348 448 368 388
1348 449 356 381
1348 450 351 371
1348 451 347 367
1348 452 344 367
1348 453 330 352
1348 454 313 340
1426 508 171 324
1426 509 169 328
1426 510 180 338
1426 511 203 352
1426 512 223 366
1426 513 241 379
1426 514 258 393
1426 515 274 403
1713 617 273 280
1713 618 271 285
1713 619 273 289
1713 620 275 278
1713 621 283 253
1713 622 301 254
1713 623 318 255
1810 654 349 260
1810 655 365 261
1810 656 377 254
1810 657 379 259
1810 658 383 260
1810 659 385 261
1810 660 412 266
1810 661 410 265
1810 662 397 276
1810 663 407 288
2869 996 311 316
2869 997 313 315
2869 998 286 307
2869 999 278 307
2869 1000 276 307
2869 1001 271 307
2869 1002 262 306
2869 1003 257 305
2869 1004 229 302
2869 1005 218 300