565 175 145 339
565 176 149 343
565 177 156 334
565 178 162 333
565 179 167 328
565 180 173 326
565 181 176 323
565 182 192 325
565 183 215 314
565 184 235 311
565 185 249 302
565 186 254 299
565 187 266 292
565 188 288 287
565 189 306 283
565 190 328 281
565 191 336 280
565 192 343 278
565 193 361 274
1027 335 184 289
1027 336 204 304
1027 337 213 309
1027 338 228 313
1027 339 244 318
1027 340 266 326
1027 341 265 321
1426 452 171 323
1426 453 177 325
1426 454 177 324
1426 455 180 329
1426 456 180 332
1426 457 183 336
1426 458 183 345
1426 459 168 370
1426 460 164 380
1426 461 156 395
1426 462 149 413
1494 494 188 313
1494 495 190 310
1494 496 214 321
1494 497 233 332
1494 498 247 341
1494 499 248 339
1494 500 261 351
2420 682 292 248
2420 683 292 252
2420 684 296 262
2420 685 301 267
2420 686 314 278
2420 687 317 282
2420 688 323 287
2420 689 332 295
2420 690 337 300
2420 691 342 303
3611 951 624 276
3611 952 604 271
3611 953 601 272
3611 954 582 266
3611 955 578 270
3611 956 588 297
3611 957 587 300