2401 236 630 254
2401 237 611 275
2401 238 610 276
2401 239 586 280
2401 240 582 281
2401 241 582 288
2401 242 584 281
2401 243 584 281
5898 619 276 295
5898 620 263 291
5898 621 256 283
5898 622 240 273
5898 623 257 250
5898 624 265 253
5898 625 265 253
6270 660 238 329
6270 661 245 328
6270 662 248 322
6270 663 252 318
6270 664 256 315
6270 665 258 311
6270 666 263 303
6270 667 269 299
6270 668 290 295
6270 669 306 297
8145 914 297 285
8145 915 296 286
8145 916 289 292
8145 917 286 293
8145 918 280 295
8145 919 278 296
8145 920 275 298
8145 921 284 291
8145 922 268 298
8145 923 259 303
8145 924 253 307
8145 925 241 317
8366 932 226 248
8366 933 234 257
8366 934 215 260
8366 935 210 262
8366 936 232 268
8366 937 244 274
8366 938 255 280
8366 939 260 288
8366 940 263 295
8366 941 265 297
8366 942 263 305
8366 943 260 305
8366 944 257 316
8366 945 251 325
8366 946 256 339