3 3 185 325
3 4 198 319
3 5 209 313
3 6 214 311
3 7 220 310
3 8 227 307
3 9 235 302
3 10 240 304
3 11 245 301
3 12 250 300
94 35 195 251
94 36 183 253
94 37 171 260
94 38 166 268
94 39 160 271
94 40 153 276
94 41 144 279
94 42 135 282
94 43 125 285
203 86 332 252
203 87 313 256
203 88 298 256
203 89 281 257
203 90 259 257
203 91 240 258
203 92 230 258
203 93 232 265
203 94 243 267
203 95 250 266
203 96 263 266
203 97 283 269
203 98 298 268
203 99 299 283
203 100 280 300
2055 656 128 247
2055 657 103 255
2055 658 105 257
2055 659 101 268
2055 660 101 274
2055 661 106 280
2055 662 107 280
2055 663 106 288
2055 664 106 287
2055 665 103 292
2055 666 103 296
2055 667 100 300
2055 668 97 307
2055 669 96 310